52
30
45
43
29
55
37
33
49
28
45
39
34
51
39
46
54
44
52
52
47
57
53
52
57
55
51
52
44
46
47
43
46
41
46
51
44
46
53
58
62
47
52
62
65
58
44
49
61
57
44
46
56
64
53
49
55
65
69
60
62
72
77
69
65
70
76
68
64
59
60
61
57
59
59
62
63
66
68
68
66
67
73
72
65
66
75
72
64
57
64
69
80
66
74
85
84
87
84
83
90
83
70
68
63
67
60
46
48
48
42
47
45
48
56
60
61
66
65
75
76
76
74
70
74
74
67
64
61
59
55
53
54
57
58
60
62
68
73
71
69
69
73
75
66
60
60
60
57
53
46
53
56
52
51
52
60
66
58
61
69
72
73
70
70
73
72
69
66
63
62
60
57
55
55
53
53
54
58
58
56
60
61
63
64
56
60
60
57
57
57
55
53
52
58
57
51
58
62
60
63
63
66
69
67
68
68
72
68
67
65
65
61
57
55
56
55
58
58
58
62
63
63
66
63
68
65
66
66
68
69
63
64
63
67
65
61
61
63
64
70
71
70
73
73
73
75
76
74
74
71
69
69
70
71
65
64
70
69
72
71
69
70
72
70
75
74
75
75
74
78
75
75
74
73
73
72
70
73
73
72
73
73
73
76
78
78
80
79
77
79
80
78
77
74
74
75
74
74
71
70
69
72
73
75
75
74
77
77
73
77
77
77
76
74
72
71
72
68
69
68
68
69
69
68
72
70
71
73
72
75
74
71
70
73
69
71
67
70
69
67
67
64
65
66
73
66
66
69
71
69
68
69
68
66
63
64
62
63
65
62
60
61
60
62
60
59
59
57
59
58
60
61
63
63
65
65
61
57
56
58
56
55
57
60
58
58
58
56
58
59
57
56
53
56
54
52
53
53
48
44
46
45
48
50
50
50
52
50
51
52
47
48
49
50
49
44
43
47
47
42
42
42
46
45
41
41
41
41
36
36
34
36
37
36
34
35
34
31
33
33
33
32
28
30
32
32
30
29
29
30
28
24
23
28
29
25
28
25
26
26
24
24
23
24
24
23
21
23
21
20
23
22
23
21
22
19
19
17
19
18
17
20
19
19
16
16
15
15
16
16
15
13
15
12
10
11
10
12
9
10
9
9
13
7
5
6
8
7
7
11
10
12
13
10
10
11
11
8
12
12
10
7
8
7
10
10
7
7
9
8
7
8
8
7
6
5
6
9
5
7
8
9
10
6
6
7
7
11
10
9
12
10
11
10
10
9
8
9
5
4
11
10
7
8
6
7
9
5
7
8
7
9
8
10
8
7
7
5
4
6
4
7
4
4
4
2
2
6
6
5
4
2
8
6
7
9
5
8
10
8
8
8
6
3
6
3
4
7
2
1
3
7
6
5
10
6
7
8
8
9
8
9
6
7
7
7
3
0
4
3
0
-2
-3
-2
2
2
2
3
0
1
-2
-2
0
-1
-2
-3
1
1
1
3
0
0
2
6
4
3
3
0
2
3
0
2
0
4
4
-1
2
1
-1
-2
-1
-2
-2
-2
-4
-6
-3
-4
-5
-3
-2
-7
0
-3
-5
1
-3
0
0
2
5
4
2
3
4
4
-1
0
3
0
0
-2
0
1
5
4
2
0
3
2
-1
3
2
4
3
2
3
5
4
-1
0
3
2
2
4
9
8
7
10
8
4
5
7
6
8
6
5
6
6
5
6
4
3
2
10
14
11
14
15
13
19
21
14
16
17
12
10
4
3
0
1
0
3
6
3
4
7
8
6
13
8
9
12
9
13
10
11
10
13
11
11
14
13
16
13
13
18
16
14
9
9
9
10
5
4
6
4
3
7
5
10
11
8
13
10
11
8
9
12
8
7
8
9
4
4
7
5
7
8
10
10
10
10
6
7
7
5
10
3
2
4
5
4
7
8
9
12
12
18
17
17
18
19
18
14
17
15
12
13
8
8
7
4
8
8
9
9
6
8
9
9
10
6
5
10
11
11
11
12
11
12
13
12
14
15
13
11
10
10
10
10
6
5
7
5
6
5
7
6
7
7
9
8
8
6
7
6
4
5
5
3
7
7
5
5
5
7
7
10
8
7
7
7
4
3
5
6
5
2
5
2
0
0
2
3
1
3
1
0
0
-1
-2
-1
-1
1
0
3
3
3
7
5
6
7
7
9
5
1
6
3
2
0
1
4
3
2
4
0
2
4
0
0
1
0
1
2
2
8
10
4
6
7
8
5
6
8
7
7
3
6
5
5
5
7
11
8
3
3
4
7
5
2
-3
-3
2
2
5
4
3
6
9
5
4
4
1
3
5
5
4
5
6
6
7
10
8
9
6
6
8
4
4
6
4
4
5
4
5
2
5
6
5
6
3
3
-1
2
3
4
3
-1
1
4
6
5
3
7
5
5
4
8
7
4
5
5
7
5
5
3
2
1
2
0
1
0
0
3
4
1
-3
0
-2
-3
-1
-2
1
0
0
-4
-4
-2
-6
-4
-4
-4
-5
-8
-8
-7
-7
-8
-7
-9
-9
-8
-12
-6
-5
-6
-9
-9
-11
-13
-8
-13
-12
-13
-10
-11
-13
-10
-13
-11
-10
-11
-15
-12
-15
-17
-14
-11
-13
-14
-15
-13
-16
-15
-16
-16
-13
-16
-18
-17
-18
-20
-20
-22
-20
-21
-14
-17
-19
-18
-20
-20
-23
-18
-20
-21
-21
-21
-17
-18
-17
-14
-16
-16
-15
-15
-14
-16
-14
-14
-15
-16
-14
-12
-13
-13
-14
-14
-18
-16
-17
-16
-20
-19
-16
-17
-16
-16
-16
-16
-15
-15
-15
-15
-19
-16
-15
-15
-16
-16
-14
-14
-15
-14
-12
-13
-14
-15
-13
-11
-16
-17
-16
-16
-17
-17
-17
-18
-18
-15
-13
-16
-19
-19
-16
-15
-17
-18
-15
-16
-17
-19
-17
-16
-17
-15
-16
-18
-14
-15
-15
-13
-12
-14
-14
-14
-12
-14
-11
-14
-14
-14
-16
-12
-15
-10
-13
-12
-9
-12
-10
-10
-10
-10
-15
-11
-10
-11
-7
-7
-12
-11
-10
-11
-9
-10
-9
-9
-9
-9
-10
-9
-12
-12
-13
-9
-9
-10
-10
-10
-8
-11
-11
-12
-10
-8
-6
-4
-4
-7
-5
-4
-5
-7
-7
-7
-7
-5
-8
-4
-7
-8
-3
-6
-6
-8
-7
-6
-6
-9
-11
-7
-10
-10
-8
-9
-10
-8
-7
-8
-5
-9
-10
-8
-7
-9
-8
-6
-5
-5
-7
-5
-6
-4
-6
-8
-4
-4
-7
-7
-5
-6
-5
-4
-7
-7
-10
-8
-11
-10
-11
-10
-10
-9
-6
-7
-6
-10
-14
-13
-9
-10
-9
-6
-8
-8
-5
-4
-7
-6
-5
-5
-7
-9
-5
-6
-8
-6
-2
-3
-6
-4
-6
-4
-5
-6
-6
-7
-9
-8
-6
-7
-7
-8
-6
-6
-6
-6
-9
-4
-6
-6
-8
-7
-4
-5
-8
-5
-7
-6
-9
-11
-8
-6
-6
-8
-8
-7
-10
-8
-8
-8
-8
-8
-8
-6
-5
-6
-5
-7
-7
-8
-7
-9
-4
-5
-4
-4
-6
-7
-7
-6
-10
-8
-11
-11
-9
-11
-10
-10
-10
-11
-13
-11
-13
-13
-10
-10
-11
-11
-10
-17
-17
-10
-15
-14
-10
-7
-9
-8
-4
-9
-7
-8
-10
-4
-7
-8
-12
-11
-9
-7
-8
-8
-6
-7
-9
-8
-11
-11
-12
-11
-8
-9
-9
-10
-9
-8
-8
-10
-10
-12
-12
-11
-9
-9
-11
-10
-6
-9
-10
-5
-8
-6
-6
-9
-11
-9
-7
-9
-11
-12
-13
-13
-12
-14
-12
-11
-14
-11
-10
-12
-13
-14
-10
-13
-14
-13
-11
-14
-14
-12
-13
-13
-15
-13
-13
-11
-12
-11
-10
-10
-11
-10
-7
-10
-12
-14
-10
-12
-14
-14
-14
-12
-15
-15
-11
-11
-13
-12
-14
-14
-12
-12
-14
-11
-12
-13
-11
-18
-14
-11
-15
-17
-16
-18
-20
-19
-16
-16
-19
-20
-20
-18
-18
-17
-19
-17
-19
-19
-18
-18
-19
-19
-19
-19
-18
-19
-15
-14
-15
-15
-10
-11
-14
-13
-16
-15
-18
-16
-19
-12
-15
-17
-17
-15
-14
-18
-21
-20
-18
-19
-18
-20
-18
-18
-19
-19
-15
-14
-14
-19
-19
-17
-19
-17
-17
-15
-14
-12
-12
-14
-17
-13
-14
-14
-12
-16
-15
-12
-14
-11
-11
-15
-14
-17
-17
-16
-17
-16
-14
-14
-17
-18
-18
-17
-19
-19
-18
-16
-18
-14
-17
-18
-17
-19
-17
-19
-17
-18
-18
-15
-15
-16
-16
-15
-16
-16
-14
-14
-16
-17
-16
-15
-14
-19
-19
-19
-19
-20
-21
-21
-22
-24
-25
-24
-26
-23
-20
-22
-24
-24
-22
-22
-21
-23
-25
-24
-25
-25
-25
-25
-24
-24
-25
-24
-25
-28
-28
-25
-22
-24
-27
-26
-25
-25
-25
-27
-25
-26
-25
-27
-27
-27
-28
-29
-32
-30
-25
-24
-26
-21
-25
-24
-25
-29
-28
-27
-27
-31
-32
-29
-29
-31
-31
-29
-30
-31
-27
-28
-29
-34
-32
-28
-32
-30
-30
-31
-27
-30
-30
-27
-29
-28
-28
-27
-25
-30
-29
-30
-30
-26
-27
-28
-31
-29
-32
-31
-33
-33
-33
-34
-30
-33
-30
-28
-29
-30
-35
-33
-32
-34
-35
-34
-35
-29
-33
-34
-32
-32
-35
-34
-32
-34
-33
-38
-33
-29
-32
-34
-35
-33
-32
-34
-34
-36
-32
-36
-35
-30
-34
-35
-33
-31
-29
-31
-32
-30
-30
-30
-33
-29
-31
-31
-32
-29
-25
-29
-26
-27
-26
-26
-27
-25
-25
-23
-24
-26
-27
-25
-23
-30
-29
-26
-24
-22
-23
-20
-21
-22
-21
-22
-27
-24
-24
-21
-24
-24
-20
-24
-21
-20
-20
-22
-21
-21
-24
-21
-21
-23
-23
-22
-20
-20
-20
-20
-22
-23
-19
-21
-20
-21
-21
-17
-18
-17
-15
-14
-17
-17
-17
-15
-12
-16
-12
-12
-12
-12
-16
-17
-12
-7
-14
-15
-12
-14
-13
-14
-17
-17
-15
-17
-17
-17
-16
-16
-16
-15
-18
-15
-16
-18
-16
-14
-17
-16
-16
-15
-12
-9
-9
-12
-9
-12
-9
-12
-9
-11
-13
-8
-8
-7
-7
-7
-8
-8
-8
-10
-11
-9
-10
-8
-8
-9
-8
-12
-10
-7
-12
-8
-6
-7
-6
-6
-9
-9
-8
-6
-9
-9
-6
-6
-7
-8
-7
-9
-5
-11
-9
-6
-8
-9
-8
-9
-10
-11
-15
-12
-14
-13
-13
-13
-12
-15
-13
-14
-15
-16
-14
-11
-14
-12
-12
-16
-14
-15
-16
-18
-19
-19
-22
-22
-18
-15
-19
-18
-20
-18
-19
-19
-16
-18
-17
-21
-20
-18
-20
-21
-18
-16
-16
-20
-19
-18
-20
-20
-17
-17
-22
-21
-19
-22
-20
-21
-23
-22
-23
-21
-22
-24
-26
-25
-26
-21
-22
-22
-24
-21
-18
-21
-24
-25
-22
-24
-26
-21
-21
-19
-21
-20
-18
-17
-17
-18
-16
-18
-16
-20
-19
-20
-19
-20
-20
-21
-22
-19
-21
-23
-23
-24
-24
-25
-20
-21
-24
-22
-20
-22
-20
-20
-23
-24
-24
-22
-22
-22
-24
-23
-22
-24
-22
-24
-24
-25
-24
-25
-25
-23
-24
-25
-21
-25
-24
-24
-28
-26
-26
-24
-23
-24
-24
-24
-27
-26
-23
-23
-26
-25
-23
-23
-22
-24
-26
-23
-24
-23
-20
-23
-22
-21
-19
-20
-20
-20
-20
-21
-19
-19
-21
-23
-20
-19
-23
-18
-21
-19
-19
-17
-15
-14
-17
-17
-14
-16
-13
-15
-15
-16
-17
-15
-14
-10
-13
-14
-12
-12
-13
-16
-16
-15
-16
-14
-13
-11
-10
-15
-13
-13
-15
-15
-15
-14
-12
-12
-11
-12
-13
-9
-10
-9
-8
-8
-6
-11
-12
-10
-7
-10
-9
-12
-7
-6
-10
-7
-8
-10
-10
-11
-14
-10
-11
-11
-11
-9
-8
-10
-11
-8
-10
-9
-6
-12
-13
-13
-10
-9
-7
-9
-8
-3
-6
-7
-8
-6
-8
-7
-6
-6
-5
-6
-2
-2
-3
-1
-4
-3
-4
-5
-5
-5
-4
-7
-9
-9
-3
-3
-9
-9
-6
-8
-6
-5
-5
-5
-3
-1
-3
-6
-5
-2
-5
-5
-4
-2
-1
-3
-2
-3
-3
-3
-3
1
-2
-3
-5
-5
-5
-3
-4
-4
-5
-4
-5
-7
-8
-6
-4
-4
-5
-3
-4
-4
-3
-4
-6
-11
-10
-7
-7
-9
-10
-6
-5
-7
-6
-9
-10
-10
-10
-11
-9
-10
-11
-8
-10
-10
-8
-8
-8
-9
-8
-9
-8
-8
-9
-7
-8
-8
-8
-9
-6
-5
-5
-11
-8
-7
-8
-8
-10
-10
-10
-9
-8
-8
-7
-10
-11
-9
-9
-10
-15
-9
-7
-10
-8
-4
-6
-7
-4
-5
0
-5
-3
-4
-1
-2
-1
0
-3
0
0
-1
-1
-2
-1
2
1
-2
0
0
-4
3
0
-2
-3
0
0
-1
-2
0
-1
-2
-3
1
2
-1
1
4
3
-1
0
-1
0
1
-2
1
7
7
6
2
2
1
1
1
-1
5
-1
1
2
4
3
1
2
1
5
4
4
1
0
3
1
-1
4
5
3
5
5
5
6
6
7
7
6
8
13
10
8
8
7
9
8
8
10
9
8
9
9
9
7
8
6
8
7
6
10
6
8
5
8
10
8
10
11
6
8
10
9
9
6
9
7
8
7
6
8
8
9
9
6
8
9
11
11
7
11
13
13
14
16
17
17
17
17
13
15
17
15
12
13
13
17
16
12
14
15
14
14
11
7
10
8
8
9
8
10
11
13
10
10
10
12
9
7
10
12
13
14
15
14
15
18
17
17
13
32
79
123
142
122
145
187
225
195
151
151
176
172
144
135
149
153
140
134
161
188
164
135
116
128
128
88
39
8
7
-6
-33
-37
-19
4
10
29
71
109
144
179
234
290
332
345
351
334
311
282
235
154
70
0
-51
-100
-153
-177
-182
-167
-147
-105
-45
9
40
62
81
100
96
67
28
-3
-49
-90
-149
-172
-198
-179
-161
-117
-92
-81
-64
-34
-6
4
-1
-27
-65
-109
-124
-155
-168
-214
-193
-200
-188
-198
-93
7
55
16
28
117
161
124
39
49
54
8
-74
-93
-59
-58
-120
-140
-102
-23
-51
-97
-123
-78
-55
-98
-145
-121
-94
-77
-105
-55
17
70
86
84
165
205
239
183
171
170
165
143
84
55
36
39
30
17
34
64
95
90
97
124
169
166
135
122
142
153
125
87
74
92
71
37
-1
7
-8
-63
-124
-143
-146
-186
-229
-258
-238
-238
-244
-246
-235
-242
-241
-217
-179
-157
-172
-176
-120
0
69
36
-22
-6
61
58
-9
-73
-95
-154
-234
-276
-264
-285
-355
-409
-384
-316
-289
-303
-311
-276
-220
-186
-177
-181
-159
-164
-180
-179
-149
-125
-151
-179
-169
-110
-71
-57
-66
-49
-11
44
74
97
115
155
213
252
299
356
415
440
457
490
522
534
494
441
412
389
354
288
242
209
198
183
183
206
237
257
269
309
351
374
365
344
330
310
275
222
162
111
58
6
-37
-70
-97
-125
-148
-156
-171
-192
-212
-218
-234
-267
-299
-314
-347
-419
-484
-543
-586
-634
-682
-704
-731
-722
-711
-679
-634
-588
-512
-478
-449
-419
-378
-333
-327
-305
-294
-261
-222
-195
-159
-149
-102
-2
112
215
249
308
385
459
470
410
372
308
217
83
-34
-101
-187
-287
-372
-370
-301
-254
-217
-165
-48
83
171
231
298
380
421
427
440
471
503
473
445
434
452
457
418
409
417
461
461
466
465
472
480
462
454
418
392
367
331
296
265
262
250
228
219
227
262
265
265
267
285
303
290
267
251
228
198
128
75
19
-38
-110
-214
-271
-372
-456
-603
-705
-783
-843
-882
-961
-971
-983
-927
-889
-842
-782
-721
-645
-607
-559
-515
-488
-493
-511
-504
-498
-487
-473
-441
-359
-200
20
231
355
479
653
841
925
860
772
655
527
288
52
-169
-368
-573
-768
-833
-812
-731
-684
-610
-453
-225
-17
116
225
339
443
493
509
529
549
524
472
445
466
482
443
385
329
303
264
190
88
-18
-84
-143
-178
-215
-160
-40
105
229
369
606
812
948
974
1019
1055
1004
859
673
522
370
188
19
-90
-121
-139
-148
-125
-31
110
195
251
305
391
442
415
369
328
291
209
94
7
-77
-172
-299
-429
-535
-611
-684
-800
-914
-999
-996
-1004
-1026
-1054
-1041
-973
-948
-896
-876
-796
-761
-746
-730
-718
-659
-657
-659
-641
-540
-350
-140
80
303
536
792
1008
1184
1248
1228
1135
954
734
433
122
-211
-552
-840
-1069
-1148
-1179
-1156
-1084
-916
-648
-396
-134
79
296
475
603
694
745
779
756
705
654
632
618
566
478
405
358
306
206
89
-17
-114
-204
-292
-330
-340
-312
-268
-141
75
313
529
701
915
1106
1243
1265
1241
1178
1051
870
659
475
282
96
-56
-149
-167
-152
-125
-71
4
130
236
315
376
433
473
459
442
415
378
305
201
116
42
-52
-156
-272
-367
-486
-593
-698
-772
-845
-935
-1018
-1092
-1097
-1092
-1081
-1109
-1129
-1097
-1063
-1024
-1017
-1016
-996
-992
-938
-897
-804
-714
-581
-342
-34
317
631
896
1156
1388
1589
1640
1543
1366
1105
806
391
-22
-436
-822
-1165
-1447
-1552
-1545
-1459
-1332
-1142
-829
-483
-134
143
380
595
761
885
943
969
964
915
849
793
752
705
602
491
368
273
153
-1
-166
-323
-434
-531
-579
-602
-556
-456
-311
-133
121
441
757
1003
1212
1417
1570
1615
1534
1407
1228
998
709
418
166
-49
-241
-378
-433
-398
-305
-206
-87
68
251
405
501
574
634
664
632
571
512
430
319
183
65
-45
-164
-299
-417
-524
-622
-714
-799
-858
-919
-933
-1001
-1048
-1100
-1120
-1101
-1152
-1182
-1235
-1217
-1202
-1207
-1181
-1178
-1107
-1042
-971
-875
-742
-521
-300
-27
298
623
940
1142
1361
1543
1623
1557
1350
1146
852
491
61
-378
-729
-1092
-1367
-1559
-1607
-1542
-1441
-1252
-1002
-647
-303
10
282
521
754
912
1005
1051
1063
1047
977
911
850
767
659
518
398
272
136
-13
-180
-320
-456
-544
-590
-598
-570
-512
-373
-178
103
404
704
946
1169
1411
1601
1674
1603
1482
1326
1122
846
544
271
21
-197
-354
-416
-385
-326
-246
-135
43
257
423
527
596
678
726
714
657
578
491
365
227
107
13
-104
-263
-393
-480
-511
-577
-649
-734
-770
-818
-884
-951
-1025
-1065
-1155
-1213
-1319
-1347
-1384
-1406
-1438
-1446
-1402
-1339
-1260
-1188
-1099
-967
-789
-559
-277
40
414
746
1053
1329
1597
1802
1847
1757
1564
1324
1014
566
89
-414
-835
-1238
-1575
-1771
-1845
-1800
-1707
-1489
-1173
-758
-364
-12
304
613
892
1083
1182
1222
1238
1204
1141
1035
947
843
709
554
403
280
124
-49
-249
-421
-555
-654
-723
-772
-744
-650
-480
-285
-57
264
659
1023
1278
1470
1700
1888
1913
1758
1549
1360
1098
747
374
78
-149
-366
-525
-574
-481
-348
-232
-97
102
362
555
650
708
784
842
804
708
617
545
425
246
106
4
-94
-246
-400
-476
-523
-556
-643
-714
-756
-788
-837
-935
-1018
-1131
-1214
-1338
-1439
-1512
-1553
-1592
-1630
-1656
-1597
-1493
-1369
-1300
-1222
-1092
-878
-612
-376
-78
270
683
1010
1290
1563
1830
1971
1904
1720
1525
1257
856
296
-239
-716
-1139
-1546
-1884
-2026
-2031
-1926
-1778
-1483
-1057
-595
-190
155
517
884
1141
1279
1319
1359
1360
1286
1152
1007
899
751
584
406
260
126
-41
-229
-410
-554
-650
-744
-803
-824
-750
-611
-435
-234
28
353
718
1038
1295
1534
1765
1925
1924
1824
1652
1461
1175
824
459
148
-127
-372
-559
-619
-585
-493
-381
-222
21
268
477
611
734
839
895
878
805
731
634
503
350
200
89
-46
-186
-325
-414
-483
-544
-609
-685
-751
-791
-820
-894
-1033
-1178
-1305
-1375
-1484
-1607
-1727
-1784
-1787
-1782
-1747
-1720
-1618
-1497
-1362
-1235
-1078
-877
-629
-324
54
465
862
1171
1483
1798
2063
2146
2041
1855
1592
1242
742
181
-378
-928
-1442
-1877
-2148
-2250
-2254
-2155
-1949
-1548
-1063
-569
-117
291
705
1041
1301
1451
1530
1531
1447
1332
1202
1079
917
711
520
359
226
63
-117
-295
-460
-602
-729
-818
-865
-879
-826
-707
-509
-267
7
348
695
1075
1387
1667
1875
2001
2036
1939
1791
1529
1223
858
474
133
-166
-410
-592
-683
-658
-570
-408
-229
-6
234
443
627
764
868
906
895
851
771
678
542
393
249
109
-16
-155
-263
-390
-475
-567
-627
-682
-724
-791
-867
-956
-1064
-1185
-1314
-1466
-1586
-1699
-1800
-1891
-1951
-1940
-1913
-1849
-1804
-1658
-1487
-1324
-1184
-957
-627
-201
216
641
1030
1429
1793
2121
2349
2366
2248
2004
1707
1276
726
98
-535
-1136
-1668
-2089
-2341
-2474
-2455
-2336
-2047
-1596
-1073
-539
-80
370
796
1180
1451
1596
1657
1660
1595
1484
1344
1210
1020
801
577
404
259
64
-164
-392
-569
-719
-858
-977
-1059
-1055
-986
-846
-631
-372
-75
270
666
1063
1422
1709
1948
2091
2146
2069
1929
1693
1356
972
581
228
-100
-395
-621
-737
-742
-664
-531
-345
-131
123
352
553
719
848
921
915
882
831
741
618
446
298
149
11
-132
-280
-386
-513
-586
-673
-710
-786
-867
-962
-1053
-1134
-1268
-1400
-1548
-1662
-1768
-1857
-1916
-1940
-1971
-1937
-1878
-1736
-1609
-1466
-1320
-1095
-779
-388
92
560
961
1313
1704
2131
2416
2462
2318
2111
1893
1485
939
278
-333
-944
-1534
-2026
-2328
-2446
-2497
-2462
-2244
-1788
-1225
-714
-281
176
661
1099
1377
1554
1662
1709
1661
1533
1417
1299
1121
873
624
460
315
127
-121
-364
-543
-692
-822
-962
-1053
-1095
-1047
-930
-737
-494
-196
156
516
868
1201
1549
1836
2008
2043
2028
1972
1818
1535
1171
819
491
155
-169
-429
-573
-646
-673
-628
-487
-269
-57
132
316
529
721
832
869
880
876
838
727
600
466
331
169
-2
-139
-273
-385
-518
-620
-690
-759
-832
-966
-1075
-1179
-1274
-1409
-1579
-1678
-1759
-1834
-1946
-2001
-1938
-1886
-1834
-1801
-1665
-1470
-1303
-1103
-859
-452
18
483
918
1282
1697
2097
2409
2517
2404
2262
2010
1646
1080
436
-163
-801
-1397
-1955
-2301
-2469
-2550
-2505
-2333
-1921
-1386
-862
-374
73
581
1032
1361
1553
1661
1749
1718
1610
1460
1327
1181
938
693
484
340
175
-73
-308
-514
-644
-782
-937
-1055
-1117
-1080
-1012
-879
-678
-415
-98
199
520
832
1189
1538
1763
1886
1919
2012
2008
1859
1553
1250
995
679
313
-44
-304
-487
-649
-745
-733
-602
-418
-281
-83
150
451
663
779
851
933
997
942
824
688
565
404
201
24
-112
-240
-391
-529
-604
-649
-697
-794
-901
-1006
-1090
-1197
-1355
-1531
-1679
-1779
-1903
-2007
-2079
-2091
-2056
-2028
-1917
-1782
-1584
-1398
-1150
-815
-377
149
651
1083
1453
1848
2280
2574
2601
2450
2232
2002
1573
990
309
-320
-937
-1557
-2071
-2414
-2554
-2610
-2585
-2376
-1957
-1390
-862
-409
58
554
1034
1346
1542
1663
1734
1718
1609
1485
1361
1191
951
691
500
344
152
-98
-369
-570
-738
-877
-1046
-1180
-1244
-1234
-1153
-1023
-813
-546
-234
106
453
813
1201
1535
1767
1860
1948
2035
2017
1818
1492
1217
962
659
274
-67
-305
-479
-635
-727
-706
-580
-453
-319
-155
95
365
546
653
742
874
945
913
809
709
618
476
281
119
-27
-166
-330
-460
-543
-600
-669
-769
-832
-910
-976
-1112
-1243
-1417
-1540
-1695
-1820
-1968
-2089
-2145
-2168
-2129
-2089
-1955
-1800
-1595
-1383
-1091
-697
-193
293
760
1147
1561
1971
2333
2510
2458
2311
2103
1815
1341
727
99
-510
-1111
-1688
-2141
-2387
-2545
-2583
-2535
-2245
-1797
-1296
-832
-400
90
579
1003
1271
1447
1576
1655
1631
1548
1429
1318
1126
892
664
489
323
78
-190
-442
-623
-780
-955
-1115
-1234
-1262
-1231
-1136
-964
-735
-441
-133
213
572
934
1260
1512
1680
1784
1848
1849
1738
1514
1241
982
734
440
129
-144
-331
-455
-546
-581
-544
-451
-339
-206
-36
162
349
471
562
660
750
790
747
664
576
505
385
230
71
-59
-179
-311
-417
-510
-571
-668
-745
-804
-849
-947
-1094
-1242
-1389
-1517
-1677
-1830
-1977
-2077
-2148
-2155
-2135
-2062
-1978
-1828
-1643
-1414
-1110
-762
-283
211
693
1104
1514
1943
2313
2505
2489
2359
2191
1889
1427
815
194
-414
-1035
-1633
-2113
-2385
-2544
-2617
-2564
-2293
-1845
-1345
-894
-426
72
584
982
1269
1468
1609
1684
1643
1564
1454
1336
1144
912
694
522
350
120
-135
-361
-549
-710
-885
-1048
-1167
-1214
-1187
-1105
-949
-721
-426
-93
248
622
1008
1360
1624
1788
1913
1968
1947
1794
1569
1296
996
683
353
55
-203
-390
-529
-605
-598
-513
-392
-256
-100
97
295
464
580
673
749
790
784
731
661
559
444
303
172
44
-88
-222
-339
-428
-500
-561
-638
-713
-791
-872
-980
-1121
-1279
-1446
-1621
-1781
-1941
-2035
-2152
-2204
-2197
-2134
-2035
-1922
-1718
-1503
-1197
-887
-461
66
614
1066
1440
1821
2263
2578
2658
2502
2317
2109
1720
1157
460
-143
-753
-1368
-1957
-2337
-2503
-2585
-2607
-2469
-2088
-1529
-1024
-569
-109
422
930
1273
1502
1642
1779
1792
1706
1581
1465
1317
1081
808
597
424
237
-32
-303
-520
-694
-841
-1020
-1153
-1246
-1232
-1159
-1031
-814
-510
-125
265
632
1017
1425
1787
2013
2104
2128
2097
1965
1698
1351
996
653
296
-58
-342
-508
-601
-645
-642
-523
-310
-95
83
248
459
654
776
820
843
849
815
724
611
504
397
263
115
-12
-95
-167
-268
-366
-446
-462
-483
-546
-674
-790
-882
-994
-1183
-1430
-1618
-1755
-1874
-2047
-2182
-2237
-2202
-2152
-2086
-1974
-1784
-1574
-1329
-1078
-712
-217
329
812
1165
1556
2015
2460
2664
2603
2456
2300
2043
1563
908
261
-371
-1005
-1667
-2179
-2463
-2617
-2698
-2695
-2416
-1905
-1330
-834
-388
149
730
1200
1489
1656
1813
1891
1843
1697
1541
1410
1191
905
618
436
292
67
-214
-469
-618
-723
-870
-1035
-1158
-1163
-1105
-994
-825
-592
-281
48
411
791
1179
1525
1772
1931
2021
2057
2001
1805
1500
1162
839
515
166
-162
-414
-560
-632
-638
-573
-421
-225
-23
184
397
607
770
857
889
898
891
829
705
562
430
319
188
54
-67
-153
-228
-308
-365
-406
-446
-504
-585
-664
-742
-845
-1021
-1247
-1443
-1612
-1748
-1920
-2079
-2196
-2220
-2198
-2148
-2061
-1936
-1753
-1542
-1299
-1023
-629
-136
398
845
1227
1633
2122
2517
2672
2611
2479
2335
2040
1520
848
204
-419
-1075
-1724
-2219
-2495
-2643
-2742
-2686
-2367
-1831
-1289
-814
-332
237
820
1250
1517
1698
1861
1924
1855
1697
1559
1406
1164
863
609
438
269
17
-270
-484
-616
-736
-904
-1064
-1157
-1164
-1106
-1021
-876
-633
-320
21
373
742
1139
1513
1778
1934
2045
2113
2073
1876
1571
1262
965
630
251
-110
-356
-510
-609
-667
-633
-493
-298
-112
76
301
531
701
793
856
919
941
889
769
647
549
429
281
127
9
-84
-177
-273
-339
-392
-439
-519
-583
-654
-733
-865
-1031
-1225
-1417
-1584
-1729
-1868
-2043
-2170
-2207
-2163
-2133
-2081
-1984
-1788
-1593
-1397
-1151
-783
-308
182
648
1076
1518
1974
2388
2635
2686
2595
2449
2181
1741
1132
475
-188
-874
-1542
-2091
-2458
-2687
-2811
-2786
-2535
-2088
-1543
-1016
-489
62
645
1138
1487
1709
1866
1958
1928
1803
1630
1459
1235
951
659
441
264
44
-229
-467
-630
-748
-888
-1047
-1154
-1169
-1124
-1052
-929
-724
-430
-111
205
545
928
1314
1607
1788
1927
2040
2087
1977
1742
1463
1189
891
538
172
-126
-336
-491
-601
-631
-550
-404
-242
-79
135
383
590
716
795
881
949
933
844
728
633
533
400
250
123
33
-57
-158
-244
-300
-354
-411
-501
-584
-687
-808
-990
-1183
-1365
-1532
-1728
-1921
-2084
-2175
-2181
-2191
-2168
-2136
-2017
-1842
-1614
-1444
-1248
-987
-564
-73
420
833
1248
1696
2129
2492
2668
2686
2562
2363
2005
1512
898
239
-474
-1194
-1843
-2300
-2598
-2798
-2898
-2785
-2425
-1911
-1349
-804
-238
345
906
1347
1675
1879
1999
2000
1908
1755
1589
1367
1071
756
485
298
93
-151
-406
-596
-724
-839
-967
-1077
-1134
-1132
-1090
-994
-829
-602
-325
-12
325
676
1022
1374
1669
1878
1982
2042
2061
1964
1725
1408
1111
796
445
79
-219
-432
-571
-672
-681
-595
-416
-224
-33
167
401
640
794
865
917
974
970
881
746
643
540
409
243
112
22
-61
-168
-262
-325
-369
-428
-514
-599
-704
-821
-1006
-1194
-1386
-1561
-1733
-1920
-2061
-2153
-2178
-2149
-2139
-2072
-1971
-1789
-1570
-1370
-1175
-949
-581
-84
431
880
1201
1584
2046
2485
2693
2620
2487
2316
2060
1557
899
252
-401
-1093
-1781
-2282
-2542
-2718
-2831
-2814
-2473
-1911
-1328
-808
-313
289
887
1362
1658
1850
1995
2023
1920
1752
1578
1396
1090
740
453
278
113
-146
-415
-618
-705
-792
-915
-1030
-1092
-1075
-1017
-921
-770
-563
-289
14
350
706
1074
1423
1681
1864
1996
2096
2103
1951
1684
1384
1104
796
413
39
-266
-444
-573
-658
-666
-570
-398
-213
-22
197
445
645
764
839
911
970
945
841
723
632
535
401
251
122
25
-71
-173
-271
-346
-418
-506
-602
-688
-783
-912
-1086
-1285
-1459
-1638
-1798
-1962
-2084
-2180
-2203
-2193
-2146
-2076
-1938
-1760
-1565
-1378
-1128
-755
-254
247
680
1092
1534
2040
2459
2685
2710
2644
2515
2251
1782
1175
515
-145
-862
-1555
-2106
-2462
-2711
-2888
-2884
-2612
-2118
-1598
-1094
-562
42
657
1157
1507
1753
1932
2024
1982
1860
1704
1514
1254
938
659
447
249
-3
-279
-496
-637
-746
-878
-1017
-1105
-1120
-1070
-991
-870
-682
-433
-142
163
525
908
1275
1559
1763
1944
2096
2152
2047
1836
1588
1333
1026
648
257
-55
-296
-486
-633
-693
-646
-528
-386
-211
29
276
481
625
757
880
965
964
903
825
750
659
527
386
250
131
10
-112
-213
-307
-402
-513
-599
-675
-770
-908
-1077
-1230
-1392
-1542
-1720
-1881
-2024
-2124
-2198
-2216
-2220
-2151
-2052
-1909
-1755
-1558
-1265
-910
-446
44
568
1043
1503
1971
2426
2730
2828
2749
2625
2373
1956
1348
668
-15
-732
-1422
-2036
-2464
-2758
-2924
-2946
-2746
-2336
-1803
-1278
-731
-162
454
991
1384
1659
1848
1979
1975
1890
1732
1562
1332
1047
768
537
330
90
-179
-405
-578
-719
-860
-1013
-1123
-1181
-1168
-1110
-1004
-840
-608
-320
6
386
777
1160
1482
1742
1970
2138
2204
2129
1940
1692
1414
1099
716
313
-44
-320
-522
-674
-746
-728
-622
-473
-285
-55
192
406
571
704
827
913
926
870
789
704
607
491
346
210
79
-38
-142
-243
-339
-447
-534
-631
-703
-794
-931
-1099
-1271
-1445
-1589
-1757
-1925
-2065
-2165
-2226
-2254
-2251
-2228
-2122
-1993
-1830
-1648
-1390
-1050
-573
-41
497
965
1438
1935
2443
2776
2872
2820
2696
2476
2045
1437
731
40
-695
-1438
-2084
-2523
-2818
-3003
-3062
-2878
-2441
-1884
-1345
-817
-220
410
981
1377
1653
1862
1995
2002
1902
1760
1600
1372
1086
797
584
394
157
-118
-358
-522
-659
-812
-983
-1113
-1182
-1188
-1143
-1057
-917
-703
-424
-88
295
688
1079
1429
1726
1964
2155
2257
2228
2063
1815
1544
1249
876
449
58
-241
-457
-632
-745
-760
-669
-523
-349
-138
109
348
544
680
805
918
974
943
862
775
697
595
445
278
131
11
-116
-247
-366
-468
-581
-695
-803
-897
-987
-1123
-1303
-1480
-1626
-1744
-1887
-2027
-2176
-2238
-2254
-2253
-2216
-2149
-2013
-1845
-1647
-1392
-1011
-463
127
619
1056
1533
2144
2647
2892
2879
2814
2741
2470
1954
1260
571
-107
-875
-1628
-2223
-2593
-2853
-3076
-3087
-2815
-2275
-1742
-1259
-734
-100
570
1075
1407
1658
1873
1991
1954
1846
1726
1562
1326
1007
764
581
404
133
-163
-377
-528
-648
-838
-1034
-1169
-1223
-1210
-1173
-1102
-950
-719
-408
-86
280
690
1100
1457
1711
1945
2150
2270
2211
2007
1768
1528
1233
837
386
11
-264
-482
-681
-809
-805
-707
-564
-411
-186
83
323
496
638
785
918
964
918
831
762
679
559
398
226
84
-42
-161
-288
-395
-496
-590
-692
-784
-866
-962
-1113
-1294
-1470
-1625
-1767
-1939
-2113
-2239
-2296
-2309
-2293
-2277
-2187
-2023
-1797
-1578
-1336
-1002
-493
118
641
1044
1447
1971
2499
2780
2785
2683
2596
2393
1910
1261
596
-25
-736
-1512
-2129
-2498
-2716
-2922
-3019
-2821
-2338
-1773
-1296
-819
-228
420
964
1307
1571
1802
1958
1946
1818
1711
1590
1373
1055
758
571
407
167
-138
-385
-537
-668
-822
-1010
-1141
-1192
-1190
-1139
-1061
-912
-686
-394
-92
243
645
1057
1419
1662
1876
2091
2241
2220
2029
1778
1545
1275
908
459
67
-218
-437
-644
-787
-791
-688
-543
-404
-191
86
352
527
650
781
919
980
938
839
756
678
564
411
243
98
-39
-162
-285
-384
-480
-584
-701
-802
-878
-966
-1117
-1307
-1496
-1641
-1747
-1902
-2055
-2195
-2240
-2238
-2232
-2206
-2112
-1945
-1758
-1578
-1314
-910
-353
218
692
1126
1588
2159
2630
2861
2838
2731
2622
2351
1839
1161
457
-211
-953
-1669
-2237
-2592
-2813
-2997
-2973
-2696
-2174
-1616
-1125
-611
-19
624
1136
1461
1676
1848
1970
1942
1820
1676
1507
1281
979
725
539
367
118
-178
-396
-539
-657
-824
-1022
-1150
-1199
-1168
-1122
-1042
-888
-648
-337
-11
323
717
1134
1497
1739
1923
2109
2238
2206
1982
1714
1463
1191
809
360
-30
-288
-488
-676
-811
-799
-677
-516
-354
-158
120
391
569
682
804
937
988
927
821
730
648
514
344
162
25
-95
-223
-342
-433
-510
-597
-697
-782
-841
-924
-1073
-1261
-1439
-1595
-1745
-1938
-2116
-2255
-2342
-2377
-2386
-2337
-2231
-2074
-1861
-1590
-1212
-722
-118
472
988
1458
1974
2509
2888
2993
2898
2747
2539
2136
1507
762
43
-657
-1383
-2041
-2529
-2808
-2970
-3030
-2886
-2482
-1920
-1369
-864
-321
286
874
1294
1558
1741
1883
1944
1878
1744
1588
1408
1164
894
675
487
278
5
-264
-467
-626
-783
-973
-1148
-1249
-1272
-1226
-1147
-1009
-799
-496
-146
221
616
1013
1394
1679
1889
2060
2178
2175
2019
1761
1494
1211
891
486
104
-197
-400
-552
-678
-714
-651
-512
-360
-182
49
285
474
600
712
837
907
898
813
734
654
556
415
249
107
-19
-143
-252
-341
-420
-505
-598
-659
-706
-776
-901
-1054
-1216
-1374
-1562
-1747
-1929
-2080
-2207
-2277
-2303
-2284
-2224
-2110
-1923
-1694
-1438
-1107
-643
-69
491
950
1367
1843
2365
2706
2783
2695
2586
2411
2021
1412
743
111
-550
-1272
-1910
-2335
-2581
-2767
-2878
-2744
-2346
-1820
-1334
-870
-326
275
825
1210
1477
1696
1849
1887
1809
1699
1574
1386
1122
844
642
464
241
-31
-281
-462
-608
-757
-929
-1073
-1157
-1165
-1108
-1019
-879
-664
-381
-55
298
666
1048
1386
1651
1843
2005
2102
2081
1913
1658
1389
1118
791
393
25
-250
-422
-570
-671
-685
-589
-447
-287
-90
151
384
562
668
772
880
933
895
793
697
603
505
349
187
48
-76
-189
-281
-367
-432
-500
-557
-623
-679
-753
-861
-975
-1129
-1312
-1519
-1694
-1856
-1988
-2137
-2247
-2284
-2248
-2182
-2086
-1932
-1720
-1477
-1170
-765
-220
328
785
1193
1644
2150
2540
2700
2664
2558
2413
2104
1595
972
332
-305
-995
-1630
-2105
-2402
-2627
-2772
-2714
-2404
-1925
-1449
-999
-490
82
644
1078
1379
1608
1767
1847
1814
1730
1604
1430
1191
921
703
518
313
64
-197
-399
-544
-676
-823
-981
-1083
-1107
-1048
-963
-853
-678
-429
-112
241
584
936
1270
1564
1788
1954
2059
2070
1951
1726
1463
1198
896
516
128
-176
-373
-512
-621
-677
-625
-488
-318
-130
89
312
508
640
746
853
923
913
825
726
643
556
422
254
102
-15
-107
-205
-293
-375
-442
-507
-572
-634
-704
-806
-939
-1105
-1262
-1424
-1578
-1741
-1899
-2034
-2116
-2123
-2106
-2073
-2017
-1893
-1704
-1499
-1296
-1035
-665
-171
302
718
1094
1532
1998
2351
2495
2497
2452
2321
2011
1525
957
379
-239
-923
-1538
-2001
-2302
-2543
-2675
-2623
-2324
-1885
-1435
-982
-467
96
626
1039
1348
1584
1743
1799
1742
1654
1522
1346
1091
824
613
435
238
0
-227
-395
-519
-639
-785
-909
-976
-988
-949
-886
-768
-587
-346
-67
246
584
936
1260
1519
1720
1878
1985
1984
1850
1626
1377
1124
815
451
95
-180
-364
-506
-609
-638
-564
-430
-279
-107
89
305
482
597
690
776
840
830
759
674
609
529
415
266
136
45
-52
-166
-270
-350
-416
-490
-585
-669
-745
-835
-972
-1107
-1265
-1407
-1567
-1721
-1878
-1998
-2087
-2123
-2117
-2091
-2031
-1925
-1750
-1570
-1369
-1119
-782
-353
121
541
952
1339
1780
2170
2400
2451
2393
2297
2070
1668
1134
553
-34
-666
-1288
-1794
-2163
-2406
-2593
-2597
-2405
-2036
-1600
-1164
-678
-158
377
823
1165
1429
1607
1711
1707
1639
1539
1376
1167
904
689
513
325
102
-142
-315
-452
-578
-719
-859
-936
-972
-958
-913
-818
-659
-460
-218
58
397
743
1055
1318
1532
1732
1876
1920
1850
1685
1482
1240
977
658
313
16
-217
-379
-499
-561
-552
-479
-368
-225
-37
159
332
469
574
684
774
810
788
729
672
611
530
409
278
161
52
-54
-161
-259
-349
-441
-542
-635
-705
-793
-929
-1091
-1247
-1379
-1511
-1664
-1817
-1929
-1996
-2053
-2055
-2005
-1917
-1830
-1733
-1586
-1372
-1147
-930
-665
-278
173
581
931
1267
1684
2048
2265
2300
2258
2171
1962
1571
1053
504
-40
-646
-1247
-1754
-2110
-2344
-2508
-2521
-2351
-1993
-1568
-1124
-651
-133
380
823
1164
1426
1599
1689
1678
1607
1495
1316
1096
841
628
427
221
9
-196
-360
-493
-612
-730
-830
-895
-931
-913
-848
-753
-615
-446
-224
27
318
631
935
1187
1385
1582
1752
1839
1800
1664
1499
1314
1084
778
450
152
-96
-286
-446
-542
-569
-532
-463
-353
-182
20
201
349
479
621
743
819
836
820
785
731
661
559
435
292
154
32
-86
-213
-334
-444
-536
-624
-696
-779
-885
-1005
-1140
-1257
-1384
-1530
-1668
-1794
-1899
-1948
-1970
-1958
-1924
-1869
-1780
-1632
-1456
-1286
-1112
-896
-605
-213
196
581
923
1266
1649
2006
2232
2278
2222
2108
1905
1555
1069
517
-40
-631
-1203
-1690
-2037
-2280
-2426
-2454
-2298
-1951
-1515
-1074
-628
-151
352
817
1163
1398
1545
1638
1647
1587
1459
1288
1080
844
619
427
247
55
-143
-316
-449
-547
-641
-741
-818
-865
-853
-802
-712
-597
-446
-247
-8
257
560
875
1151
1362
1534
1707
1836
1847
1724
1543
1356
1145
860
530
210
-47
-264
-435
-559
-599
-564
-495
-398
-249
-29
184
347
473
623
788
897
921
898
879
847
764
648
505
375
225
65
-80
-206
-307
-421
-517
-595
-652
-685
-738
-821
-923
-1016
-1104
-1225
-1376
-1540
-1676
-1786
-1867
-1904
-1925
-1911
-1887
-1793
-1620
-1446
-1282
-1130
-902
-561
-143
273
615
945
1304
1712
2072
2248
2283
2228
2130
1914
1544
1073
542
-19
-630
-1198
-1641
-1981
-2231
-2422
-2452
-2263
-1915
-1499
-1107
-666
-178
331
780
1103
1345
1508
1602
1615
1557
1462
1299
1090
851
638
479
295
100
-117
-287
-402
-502
-602
-727
-813
-861
-855
-813
-752
-647
-510
-320
-88
180
489
774
1039
1255
1470
1673
1791
1793
1692
1557
1403
1192
904
560
254
-7
-234
-425
-571
-627
-627
-571
-476
-309
-99
93
262
412
585
751
856
891
879
880
858
792
681
540
408
272
133
-15
-156
-284
-401
-500
-575
-632
-671
-717
-769
-833
-882
-949
-1032
-1172
-1312
-1442
-1554
-1670
-1779
-1863
-1894
-1872
-1833
-1775
-1683
-1530
-1347
-1150
-944
-615
-185
277
640
967
1351
1796
2146
2288
2287
2239
2147
1902
1486
956
432
-120
-711
-1295
-1742
-2056
-2277
-2445
-2455
-2241
-1873
-1473
-1096
-663
-156
355
752
1047
1274
1460
1556
1562
1499
1415
1282
1089
874
683
534
364
163
-56
-224
-351
-467
-609
-751
-856
-902
-906
-887
-827
-727
-565
-364
-136
109
402
716
992
1211
1395
1586
1734
1769
1686
1560
1436
1265
997
674
380
147
-77
-308
-486
-561
-557
-524
-471
-352
-161
50
218
360
524
701
827
863
862
866
868
811
703
583
479
374
242
103
-18
-125
-226
-334
-418
-479
-538
-599
-678
-735
-783
-840
-928
-1041
-1147
-1261
-1366
-1476
-1583
-1671
-1754
-1766
-1755
-1719
-1676
-1601
-1454
-1303
-1124
-901
-563
-125
280
653
1001
1419
1867
2176
2312
2305
2285
2185
1914
1477
934
417
-145
-748
-1316
-1764
-2054
-2302
-2444
-2412
-2176
-1798
-1433
-1025
-576
-64
430
796
1093
1313
1490
1575
1556
1508
1407
1278
1078
871
715
559
400
185
2
-136
-263
-383
-545
-670
-772
-826
-838
-847
-798
-712
-561
-378
-164
91
369
683
957
1180
1377
1561
1716
1749
1682
1567
1439
1273
1002
701
421
190
-37
-271
-431
-496
-493
-481
-446
-332
-146
54
200
326
492
662
789
827
841
867
873
826
722
628
536
437
294
151
43
-56
-152
-268
-353
-405
-449
-489
-558
-611
-651
-705
-766
-872
-986
-1121
-1231
-1344
-1465
-1591
-1689
-1733
-1736
-1725
-1690
-1604
-1484
-1353
-1222
-1044
-823
-535
-203
169
516
848
1178
1557
1884
2069
2108
2068
2005
1831
1506
1037
535
33
-484
-1013
-1480
-1834
-2067
-2230
-2269
-2155
-1862
-1487
-1123
-727
-285
202
628
938
1160
1340
1469
1507
1468
1385
1259
1106
912
741
588
433
265
80
-58
-178
-288
-411
-538
-639
-722
-764
-769
-740
-683
-595
-449
-258
-26
206
457
737
991
1206
1371
1517
1618
1622
1546
1421
1282
1089
824
557
311
108
-94
-270
-379
-416
-397
-365
-296
-173
-5
162
284
411
552
678
748
771
791
808
794
717
626
556
481
386
260
150
65
-4
-90
-183
-251
-304
-351
-412
-483
-549
-597
-663
-750
-867
-978
-1080
-1200
-1329
-1453
-1541
-1595
-1611
-1626
-1620
-1583
-1495
-1376
-1248
-1143
-1026
-852
-641
-362
-36
302
608
896
1217
1591
1882
2007
1995
1952
1878
1673
1312
843
370
-129
-643
-1137
-1532
-1825
-2038
-2171
-2154
-1953
-1618
-1268
-916
-518
-58
415
777
1041
1240
1405
1488
1495
1443
1353
1217
1045
856
707
568
410
226
46
-79
-189
-297
-435
-561
-664
-718
-739
-742
-709
-644
-525
-348
-135
91
336
600
869
1093
1280
1438
1556
1599
1556
1458
1339
1186
959
696
448
243
51
-136
-287
-358
-368
-346
-305
-222
-78
84
226
354
490
637
748
804
832
858
863
819
732
636
544
448
320
185
68
-25
-110
-196
-265
-315
-353
-377
-401
-431
-481
-545
-594
-662
-746
-880
-1031
-1167
-1285
-1381
-1480
-1564
-1614
-1640
-1615
-1556
-1470
-1375
-1293
-1172
-1044
-873
-690
-432
-94
221
518
795
1143
1529
1810
1933
1937
1937
1897
1696
1341
874
427
-50
-563
-1069
-1493
-1783
-2012
-2158
-2160
-1977
-1660
-1336
-984
-582
-115
359
713
991
1202
1380
1481
1482
1442
1344
1217
1038
854
708
552
387
195
34
-92
-215
-324
-464
-580
-673
-737
-752
-753
-716
-661
-547
-372
-174
43
282
564
839
1057
1241
1404
1551
1613
1554
1452
1328
1176
943
675
407
185
-9
-214
-363
-436
-431
-399
-354
-251
-86
104
255
378
525
676
788
832
837
842
832
779
673
562
476
376
259
135
37
-33
-103
-179
-236
-276
-300
-322
-358
-399
-439
-479
-541
-633
-751
-879
-1010
-1148
-1294
-1432
-1538
-1605
-1650
-1671
-1657
-1588
-1498
-1398
-1283
-1154
-1001
-859
-701
-495
-193
125
397
648
938
1287
1597
1775
1836
1842
1820
1684
1413
1037
605
162
-339
-830
-1259
-1594
-1849
-2043
-2106
-2003
-1751
-1432
-1101
-718
-289
165
572
885
1138
1315
1433
1466
1446
1375
1241
1069
877
705
546
381
211
39
-100
-217
-313
-408
-516
-599
-661
-682
-673
-648
-591
-501
-359
-183
12
224
465
709
913
1097
1251
1390
1472
1455
1383
1282
1155
970
736
512
299
117
-67
-212
-290
-312
-296
-274
-203
-83
66
208
314
433
559
668
739
758
779
784
760
696
619
545
457
362
254
163
80
4
-62
-137
-188
-231
-255
-286
-331
-380
-422
-468
-541
-649
-767
-889
-1005
-1135
-1280
-1401
-1480
-1538
-1598
-1624
-1598
-1519
-1434
-1365
-1266
-1130
-996
-881
-744
-552
-280
25
312
580
856
1185
1515
1748
1833
1831
1805
1715
1482
1109
677
241
-234
-726
-1174
-1523
-1780
-1962
-2037
-1974
-1752
-1430
-1081
-720
-319
119
539
861
1091
1254
1375
1424
1390
1306
1179
1031
846
666
510
377
230
69
-68
-169
-250
-337
-443
-530
-589
-621
-627
-621
-578
-502
-382
-230
-45
156
363
587
809
1002
1151
1263
1346
1377
1335
1239
1117
972
772
552
358
202
51
-95
-200
-235
-210
-171
-125
-55
63
198
311
400
493
591
660
682
691
703
705
673
597
526
477
426
340
239
152
103
52
-9
-71
-119
-147
-169
-198
-251
-306
-350
-415
-506
-611
-713
-816
-924
-1057
-1183
-1293
-1375
-1436
-1494
-1515
-1515
-1483
-1434
-1381
-1298
-1197
-1111
-1020
-915
-753
-554
-296
-18
284
584
878
1206
1520
1751
1841
1845
1800
1685
1438
1054
594
141
-330
-792
-1232
-1579
-1810
-1956
-1999
-1915
-1668
-1337
-982
-619
-231
203
600
886
1083
1224
1331
1360
1318
1224
1100
963
794
643
507
383
246
97
-24
-123
-215
-318
-439
-531
-617
-663
-686
-675
-625
-553
-426
-257
-46
164
387
636
883
1095
1238
1350
1442
1478
1427
1305
1159
1006
800
568
338
152
-11
-159
-269
-321
-306
-272
-210
-128
-3
147
280
391
495
604
704
748
767
774
774
743
674
606
536
456
361
256
178
105
42
-23
-84
-110
-144
-157
-188
-224
-256
-299
-341
-423
-523
-619
-724
-842
-974
-1101
-1204
-1296
-1371
-1445
-1457
-1435
-1390
-1355
-1321
-1223
-1101
-1003
-951
-888
-786
-654
-500
-311
-61
215
454
714
1005
1325
1561
1647
1662
1635
1572
1365
1024
613
198
-224
-663
-1080
-1404
-1633
-1779
-1847
-1771
-1547
-1244
-923
-597
-218
180
551
825
1020
1164
1256
1280
1241
1165
1058
910
751
604
483
370
232
102
-15
-103
-194
-285
-381
-476
-550
-594
-596
-578
-539
-463
-341
-166
33
226
447
687
920
1084
1202
1312
1397
1409
1311
1175
1038
890
688
451
236
67
-65
-189
-281
-295
-261
-203
-136
-39
98
256
381
468
567
671
753
780
772
766
754
714
639
555
480
401
303
209
129
74
15
-43
-93
-119
-127
-139
-155
-187
-213
-246
-293
-371
-472
-559
-659
-773
-910
-1043
-1147
-1225
-1297
-1385
-1438
-1449
-1401
-1346
-1320
-1288
-1211
-1091
-980
-917
-862
-756
-589
-363
-121
138
381
645
943
1248
1500
1629
1673
1641
1558
1384
1100
731
311
-129
-566
-960
-1280
-1535
-1709
-1800
-1760
-1574
-1300
-983
-673
-331
42
400
698
916
1063
1151
1182
1172
1118
1032
899
748
612
496
395
271
152
28
-62
-147
-234
-323
-418
-498
-563
-584
-566
-526
-463
-372
-235
-51
143
343
540
753
943
1080
1184
1246
1287
1254
1155
1016
872
716
529
331
149
9
-91
-177
-222
-227
-188
-117
-35
71
187
312
427
517
608
679
734
759
750
731
693
640
567
485
404
316
232
156
94
35
-9
-38
-61
-72
-80
-94
-113
-139
-166
-215
-285
-361
-464
-563
-670
-787
-915
-1037
-1131
-1195
-1244
-1291
-1324
-1309
-1274
-1236
-1198
-1141
-1079
-1028
-989
-938
-864
-782
-697
-565
-347
-69
208
451
706
1016
1333
1543
1623
1623
1604
1503
1263
908
517
129
-294
-728
-1118
-1387
-1566
-1681
-1725
-1634
-1398
-1099
-786
-475
-133
219
528
768
930
1041
1104
1105
1060
988
894
781
656
539
441
356
260
153
61
-30
-114
-205
-302
-396
-485
-540
-564
-556
-521
-450
-340
-189
-14
168
378
609
811
962
1077
1177
1257
1261
1184
1063
936
798
623
429
250
108
-11
-116
-172
-180
-153
-113
-58
32
147
271
363
436
517
602
664
684
682
675
659
622
563
500
436
369
290
214
154
106
59
4
-32
-52
-60
-64
-92
-131
-162
-197
-243
-321
-415
-508
-595
-703
-834
-944
-1042
-1107
-1187
-1237
-1257
-1231
-1195
-1177
-1158
-1104
-1020
-942
-905
-896
-863
-794
-711
-664
-587
-451
-211
49
287
507
771
1063
1312
1442
1469
1453
1399
1241
946
583
216
-130
-530
-921
-1237
-1415
-1516
-1571
-1543
-1390
-1119
-812
-523
-238
72
379
626
781
888
950
984
950
878
791
704
619
507
411
338
283
210
125
48
-28
-105
-194
-298
-387
-470
-519
-543
-536
-497
-422
-297
-153
21
220
437
663
837
973
1089
1187
1241
1190
1085
963
850
699
502
310
156
39
-69
-155
-183
-165
-126
-96
-34
74
196
298
352
419
509
590
623
614
612
613
597
542
472
426
368
295
200
135
95
51
-5
-64
-82
-85
-88
-104
-133
-151
-165
-194
-245
-322
-402
-483
-571
-670
-779
-875
-980
-1054
-1115
-1130
-1131
-1127
-1131
-1131
-1085
-1023
-940
-924
-930
-914
-836
-756
-727
-708
-628
-456
-228
-11
204
428
684
950
1167
1325
1378
1374
1292
1143
909
599
275
-88
-463
-812
-1095
-1270
-1396
-1463
-1460
-1335
-1094
-831
-546
-287
-11
276
523
707
816
890
924
916
870
803
738
653
544
447
368
319
234
135
31
-54
-122
-220
-308
-402
-474
-517
-536
-502
-451
-363
-255
-120
61
246
455
652
808
932
1025
1125
1169
1131
1032
909
807
675
516
342
182
64
-37
-103
-143
-146
-130
-107
-46
32
138
222
279
342
418
499
544
555
562
571
574
543
500
460
407
340
254
193
144
91
27
-36
-65
-75
-80
-104
-131
-144
-154
-176
-224
-281
-336
-402
-482
-583
-683
-779
-860
-935
-1008
-1060
-1076
-1077
-1068
-1070
-1048
-984
-926
-894
-893
-845
-797
-742
-725
-708
-645
-539
-404
-240
-31
191
408
614
834
1038
1183
1214
1178
1098
982
778
490
164
-149
-445
-735
-979
-1144
-1230
-1258
-1233
-1112
-900
-657
-422
-206
40
280
481
614
695
747
772
763
717
672
615
543
459
393
347
307
240
156
79
18
-51
-138
-223
-302
-361
-409
-426
-403
-358
-294
-207
-72
77
228
373
527
686
812
890
939
980
988
937
834
733
633
514
370
238
134
51
-16
-70
-84
-70
-38
2
52
129
217
299
361
420
486
547
578
581
585
577
553
501
443
381
319
247
170
114
69
27
-17
-44
-48
-46
-49
-52
-64
-77
-94
-128
-174
-233
-303
-374
-450
-547
-642
-715
-773
-830
-893
-927
-917
-897
-887
-902
-883
-837
-802
-795
-824
-813
-800
-770
-774
-768
-706
-604
-459
-294
-85
159
388
604
815
1028
1184
1215
1182
1094
988
786
501
192
-115
-391
-673
-904
-1056
-1145
-1161
-1136
-1025
-837
-617
-388
-194
29
239
427
552
621
671
692
694
657
611
575
523
462
406
365
339
274
211
128
66
-6
-98
-184
-275
-338
-400
-426
-409
-382
-327
-248
-136
3
135
272
403
553
683
765
830
865
899
878
817
740
652
564
448
333
235
147
75
4
-30
-42
-37
-20
6
57
116
189
253
307
354
404
443
468
477
473
453
422
379
336
291
234
169
114
83
46
21
-11
-28
-35
-39
-42
-54
-69
-94
-123
-162
-219
-292
-353
-429
-508
-605
-680
-747
-797
-838
-873
-858
-861
-842
-843
-806
-761
-723
-707
-719
-711
-701
-700
-697
-701
-684
-644
-580
-445
-286
-79
102
292
493
704
895
994
1009
986
933
831
634
389
132
-121
-367
-617
-784
-904
-964
-996
-963
-845
-679
-491
-322
-151
33
208
351
454
512
555
561
561
531
513
475
422
380
337
319
285
240
174
106
48
-18
-97
-171
-253
-310
-351
-362
-346
-317
-258
-184
-82
37
162
289
413
540
635
709
766
807
821
786
733
668
600
509
401
311
223
144
73
18
-5
-23
-30
-16
10
56
102
149
194
239
293
338
372
393
409
415
407
395
367
337
292
245
201
154
125
82
47
12
-10
-24
-44
-65
-92
-121
-147
-184
-235
-300
-357
-418
-491
-547
-614
-660
-712
-753
-763
-768
-717
-719
-712
-711
-667
-595
-583
-596
-641
-629
-604
-628
-651
-680
-642
-592
-550
-431
-291
-86
70
229
412
586
775
860
881
855
795
724
567
370
131
-97
-281
-488
-624
-745
-799
-813
-793
-694
-577
-421
-277
-142
6
133
264
358
410
448
442
468
469
466
443
404
394
354
345
307
258
206
128
65
-5
-77
-145
-224
-272
-312
-308
-285
-255
-193
-123
-17
90
210
350
468
572
639
706
778
795
782
710
657
593
509
403
284
201
114
39
-22
-61
-58
-60
-58
-34
12
89
133
181
220
278
345
375
397
396
410
414
386
359
311
277
226
168
122
75
40
-5
-41
-66
-79
-92
-111
-124
-138
-155
-174
-215
-253
-312
-367
-419
-468
-525
-590
-631
-668
-688
-696
-703
-691
-673
-661
-639
-613
-577
-566
-559
-576
-576
-568
-579
-587
-597
-575
-535
-478
-389
-275
-126
25
170
325
460
586
665
699
689
635
553
429
284
103
-76
-238
-390
-507
-594
-639
-637
-616
-547
-455
-339
-213
-96
24
116
204
275
329
354
358
365
363
359
340
313
302
283
268
242
208
181
133
85
35
-9
-61
-112
-148
-174
-176
-164
-138
-93
-36
43
138
246
349
443
525
599
657
688
688
661
616
549
473
390
300
214
134
73
28
2
-5
1
21
49
88
138
188
229
263
297
323
341
351
350
343
322
297
276
247
214
174
141
114
87
58
36
19
1
-8
-20
-30
-47
-64
-89
-119
-153
-197
-250
-311
-361
-415
-475
-527
-581
-609
-635
-633
-649
-644
-636
-638
-597
-575
-539
-537
-540
-530
-527
-508
-524
-532
-529
-530
-502
-483
-417
-343
-262
-160
-51
106
234
341
426
492
555
579
563
495
404
311
181
53
-88
-212
-313
-415
-474
-503
-483
-448
-408
-343
-260
-150
-56
18
103
162
224
266
294
330
334
342
328
332
333
319
309
275
251
222
187
153
103
54
1
-39
-63
-89
-102
-107
-95
-67
-22
49
133
219
300
382
470
541
590
605
604
594
566
517
443
378
311
240
175
120
91
74
67
63
72
103
140
168
183
203
241
268
278
279
289
299
290
277
263
251
233
204
178
156
136
109
84
66
51
42
34
24
16
5
-14
-34
-70
-104
-157
-200
-257
-319
-383
-438
-481
-533
-572
-602
-603
-600
-606
-603
-592
-580
-550
-535
-509
-497
-475
-472
-484
-473
-475
-466
-476
-480
-451
-411
-348
-305
-237
-132
-34
89
182
291
376
432
470
476
480
430
347
250
144
51
-66
-176
-262
-335
-367
-395
-381
-350
-301
-234
-168
-79
0
81
147
188
238
270
298
309
299
305
293
289
275
263
257
232
212
192
166
139
104
76
41
15
-9
-29
-32
-39
-19
12
74
144
206
274
344
424
487
526
545
555
548
517
470
419
358
298
237
186
147
119
105
93
99
114
137
163
184
204
227
245
262
271
276
279
272
269
265
260
244
222
208
193
174
154
132
120
99
88
70
55
55
42
33
9
-7
-36
-63
-95
-148
-192
-244
-298
-345
-402
-444
-483
-509
-523
-540
-532
-526
-512
-509
-495
-465
-453
-441
-442
-442
-433
-432
-442
-458
-470
-459
-453
-424
-406
-360
-305
-247
-167
-89
3
91
174
244
299
348
372
367
352
306
255
182
108
35
-42
-107
-171
-210
-239
-261
-254
-235
-204
-167
-126
-68
-15
37
79
117
158
189
215
238
252
260
266
269
266
255
244
221
201
178
155
130
101
71
46
26
10
1
10
34
67
109
154
210
274
333
372
410
437
454
456
436
410
373
335
286
239
204
174
148
129
121
129
140
154
164
181
195
209
220
227
235
241
240
237
234
231
231
215
203
194
187
169
148
125
109
95
76
62
48
46
37
20
4
-7
-17
-35
-73
-109
-143
-179
-224
-274
-321
-358
-390
-428
-456
-472
-471
-477
-481
-476
-461
-442
-440
-436
-433
-420
-411
-424
-427
-431
-424
-432
-440
-426
-407
-369
-344
-306
-245
-175
-92
-33
36
121
195
258
287
315
331
328
309
261
219
162
98
24
-46
-93
-143
-177
-211
-227
-212
-193
-161
-130
-89
-37
7
60
102
142
177
195
220
234
253
260
251
251
242
238
227
214
199
172
156
136
118
96
76
66
68
80
100
120
146
181
223
264
304
333
354
364
367
367
360
340
309
276
257
243
222
212
200
192
191
194
208
210
208
207
207
217
219
216
205
196
194
191
189
181
179
172
161
155
147
139
128
113
95
85
81
80
71
67
57
54
43
31
17
-14
-43
-82
-119
-162
-209
-249
-304
-338
-371
-398
-418
-438
-442
-449
-447
-455
-438
-424
-420
-417
-422
-403
-391
-387
-388
-393
-385
-382
-364
-342
-328
-304
-282
-239
-188
-143
-95
-51
0
46
94
141
171
195
197
197
194
176
155
112
66
17
-17
-49
-81
-110
-140
-149
-147
-141
-126
-110
-73
-41
-10
35
78
122
146
171
202
226
245
246
247
246
240
230
216
200
181
160
140
123
121
118
122
117
110
120
135
161
170
174
189
205
216
223
227
236
233
224
220
230
237
234
226
211
212
218
217
210
202
198
196
187
178
175
173
162
151
141
144
150
144
129
126
131
141
139
126
127
129
127
121
118
117
112
97
90
84
75
54
34
15
-8
-25
-54
-82
-114
-141
-166
-198
-219
-247
-269
-288
-307
-317
-334
-336
-343
-353
-360
-366
-361
-363
-360
-355
-354
-339
-340
-324
-305
-295
-273
-265
-240
-215
-199
-168
-150
-120
-93
-71
-34
-10
21
44
60
87
90
108
117
114
106
84
82
68
47
28
2
-1
-13
-20
-23
-22
-8
-3
13
36
60
89
108
131
155
179
206
223
239
255
270
274
282
281
278
274
264
253
240
230
222
208
193
184
181
179
175
174
181
189
197
210
225
240
251
262
274
281
288
289
284
277
268
256
248
235
222
209
197
194
180
171
170
167
163
159
161
162
163
161
158
162
160
160
154
140
134
125
121
109
106
94
81
72
52
37
27
10
-12
-38
-57
-75
-101
-119
-149
-167
-187
-206
-219
-237
-243
-254
-268
-273
-279
-276
-279
-285
-278
-275
-268
-268
-268
-265
-263
-255
-250
-241
-233
-223
-216
-197
-184
-174
-154
-138
-118
-100
-87
-64
-54
-40
-24
-10
5
5
19
26
36
47
46
55
55
59
64
54
60
58
58
64
58
63
65
76
84
91
111
125
144
161
176
203
216
231
239
246
260
260
263
252
249
251
240
236
226
227
224
215
214
209
212
217
213
218
221
220
223
225
225
227
226
224
223
223
224
225
218
212
207
202
196
189
181
171
165
153
146
141
132
130
124
122
119
114
111
101
92
83
73
60
50
38
28
12
0
-18
-33
-50
-68
-82
-103
-114
-130
-138
-152
-168
-175
-189
-195
-205
-216
-219
-229
-230
-246
-252
-252
-254
-250
-269
-268
-261
-263
-253
-255
-244
-235
-226
-212
-210
-189
-184
-177
-163
-157
-143
-144
-138
-136
-138
-126
-126
-119
-114
-111
-102
-94
-76
-63
-49
-38
-33
-21
-9
5
8
7
12
16
22
21
31
43
56
66
74
97
114
129
138
148
166
172
177
176
172
177
169
158
154
152
150
145
141
145
152
159
163
172
180
194
205
209
214
219
225
221
214
211
208
199
187
174
165
158
148
135
133
126
127
122
116
118
115
113
109
111
110
107
105
96
94
89
77
67
50
43
31
19
3
-13
-20
-31
-45
-52
-64
-71
-80
-90
-100
-111
-116
-128
-139
-148
-162
-167
-172
-178
-184
-187
-188
-193
-191
-195
-197
-199
-202
-201
-204
-205
-209
-208
-214
-220
-215
-211
-213
-208
-208
-198
-182
-180
-172
-166
-149
-136
-136
-129
-123
-109
-110
-117
-113
-110
-98
-103
-109
-107
-107
-94
-98
-97
-88
-77
-63
-62
-47
-31
-11
5
8
27
41
61
72
77
94
100
113
109
112
120
118
124
116
120
122
120
119
115
117
120
117
119
119
122
129
133
138
140
151
153
155
160
166
173
173
176
173
171
170
167
161
154
148
143
131
124
117
109
100
90
80
75
68
62
58
53
52
52
49
50
50
48
47
43
40
33
25
21
13
-2
-15
-23
-35
-55
-70
-81
-89
-99
-115
-122
-125
-124
-130
-138
-146
-148
-147
-146
-152
-158
-152
-158
-157
-163
-172
-172
-168
-173
-177
-179
-178
-183
-184
-187
-190
-190
-191
-190
-188
-179
-175
-172
-168
-159
-151
-147
-140
-138
-131
-128
-130
-119
-118
-113
-114
-116
-104
-111
-105
-100
-99
-93
-94
-88
-83
-76
-68
-64
-55
-46
-37
-21
-11
2
17
33
46
61
70
80
88
94
100
97
94
90
88
82
78
73
69
66
65
66
69
74
77
84
90
96
103
110
116
119
121
123
124
121
124
126
125
118
115
116
112
109
108
101
100
97
91
87
85
82
73
68
61
57
51
47
43
36
35
29
26
26
21
22
22
16
13
13
10
0
-4
-11
-18
-28
-36
-45
-53
-63
-72
-78
-85
-88
-85
-84
-91
-88
-87
-85
-86
-88
-91
-92
-94
-99
-102
-106
-107
-113
-119
-119
-123
-119
-118
-124
-124
-121
-113
-115
-116
-109
-103
-95
-100
-99
-94
-86
-83
-88
-85
-80
-76
-75
-80
-79
-77
-73
-70
-76
-72
-69
-61
-60
-62
-50
-45
-34
-30
-26
-17
-10
0
-1
10
22
29
36
36
50
54
54
60
60
68
66
67
63
64
66
64
65
60
65
68
65
67
68
71
75
77
78
80
83
83
85
82
84
88
86
86
87
91
88
89
83
83
84
84
80
75
72
74
67
60
54
47
48
39
35
30
33
29
26
23
21
22
25
21
16
17
16
14
5
-2
-7
-10
-18
-24
-29
-36
-41
-46
-56
-62
-65
-65
-72
-70
-74
-78
-74
-76
-78
-81
-81
-81
-84
-88
-89
-91
-96
-98
-101
-102
-104
-101
-101
-99
-99
-96
-98
-97
-95
-98
-97
-99
-102
-104
-104
-105
-106
-105
-107
-103
-102
-102
-98
-98
-98
-93
-96
-94
-88
-85
-81
-78
-70
-65
-58
-54
-51
-47
-46
-47
-43
-41
-40
-36
-37
-33
-32
-26
-24
-21
-16
-9
-3
1
9
18
23
24
28
28
31
32
32
29
27
28
28
26
23
22
22
27
25
29
29
28
32
40
40
37
42
45
45
47
46
47
48
47
50
48
45
45
45
48
47
44
43
41
40
38
32
29
21
22
16
10
8
7
3
5
8
7
11
8
6
7
8
6
0
1
-3
-11
-15
-21
-21
-24
-29
-29
-31
-33
-34
-34
-34
-34
-35
-33
-33
-35
-36
-38
-35
-35
-39
-40
-40
-38
-42
-44
-44
-44
-44
-47
-49
-53
-52
-55
-54
-57
-55
-52
-57
-56
-57
-54
-51
-55
-57
-53
-49
-48
-50
-46
-43
-40
-39
-38
-33
-29
-29
-29
-29
-33
-28
-28
-27
-30
-27
-24
-25
-24
-25
-22
-22
-20
-14
-12
-7
-3
1
7
11
14
13
15
19
19
20
20
19
15
18
17
16
14
10
11
11
8
15
21
23
26
29
35
36
40
42
45
47
47
49
47
49
44
44
42
37
37
37
35
32
29
23
23
23
23
22
21
19
21
22
19
25
32
39
52
65
80
92
102
111
114
114
110
105
91
72
58
44
31
9
-6
-9
-15
-17
-14
-10
5
15
21
31
41
46
49
52
47
39
31
17
1
-9
-20
-33
-41
-46
-49
-48
-48
-43
-39
-31
-23
-22
-13
-13
-14
-13
-22
-32
-41
-51
-61
-75
-80
-83
-84
-85
-87
-82
-75
-65
-60
-54
-47
-38
-30
-31
-28
-24
-22
-22
-20
-17
-19
-14
-18
-24
-26
-28
-25
-29
-33
-34
-37
-34
-37
-41
-40
-32
-26
-24
-24
-20
-13
-9
-12
-14
-14
-15
-15
-17
-15
-16
-16
-19
-19
-21
-23
-26
-28
-28
-30
-24
-28
-26
-22
-15
-12
-10
-7
-8
-4
-2
-5
-10
-11
-7
-12
-17
-19
-22
-22
-23
-24
-23
-18
-20
-22
-17
-14
-12
-8
-1
5
8
10
10
12
11
6
9
3
0
-4
-9
-12
-16
-18
-20
-17
-15
-11
-8
-7
-3
0
1
2
6
1
0
2
-3
-3
-6
-11
-11
-12
-16
-15
-11
-13
-13
-14
-13
-14
-15
-17
-15
-13
-16
-15
-23
-20
-22
-24
-26
-29
-32
-33
-31
-29
-26
-27
-23
-19
-19
-13
-10
-6
-3
-5
-4
-6
-6
-11
-15
-15
-14
-19
-24
-26
-31
-29
-27
-25
-24
-20
-13
-12
-9
-4
0
3
5
4
3
3
0
1
-1
-4
-1
-1
0
-2
0
1
0
0
-1
2
2
6
6
5
11
13
12
11
11
12
11
9
7
4
5
4
4
4
0
4
7
5
6
5
9
6
5
10
8
5
2
3
5
4
0
5
5
8
10
8
12
11
11
12
14
17
14
12
9
4
3
-3
-5
-6
-7
-5
-3
-4
-5
-5
-7
-7
-2
0
3
5
7
9
8
8
8
4
5
0
-1
-3
-4
-5
-7
-4
-10
-12
-11
-12
-13
-10
-11
-12
-12
-15
-13
-9
-8
-9
-5
-1
2
3
7
8
9
11
9
7
4
5
3
2
-2
-6
-4
-5
-6
-9
-8
-9
-9
-9
-7
-7
-3
-2
-1
3
1
5
0
1
3
5
5
4
7
8
8
9
9
10
13
9
11
15
13
12
14
14
19
19
16
17
13
15
13
15
14
12
17
16
22
24
26
25
25
25
23
22
20
18
17
19
22
21
25
29
31
35
33
33
35
37
34
36
39
41
37
30
24
28
29
26
21
24
25
26
28
26
29
30
33
32
35
37
34
32
31
30
27
24
22
22
21
21
20
22
22
24
32
30
34
38
38
39
36
35
34
32
29
29
25
23
21
24
21
20
24
23
29
29
28
31
32
32
29
32
31
28
30
29
31
29
25
26
25
26
25
29
33
30
32
30
28
29
28
25
23
22
21
18
20
18
15
19
18
15
17
19
21
26
27
31
32
34
38
36
38
42
43
42
37
35
35
35
32
28
26
28
30
25
25
23
19
18
22
24
24
23
28
26
25
30
31
31
32
33
32
31
29
28
27
22
25
21
19
20
20
21
17
19
20
15
15
16
12
12
13
15
15
16
9
12
14
7
1
5
6
3
7
5
2
3
4
4
4
3
8
8
8
10
9
5
4
4
2
0
-2
-4
-5
-5
-8
-12
-12
-15
-17
-18
-20
-19
-20
-22
-22
-23
-25
-21
-22
-20
-19
-19
-20
-19
-23
-24
-21
-21
-21
-25
-22
-26
-25
-25
-22
-24
-24
-27
-27
-26
-26
-24
-24
-23
-24
-25
-26
-27
-28
-26
-30
-30
-28
-28
-28
-28
-25
-22
-20
-18
-17
-16
-12
-9
-10
-8
-9
-11
-11
-14
-19
-23
-22
-24
-27
-27
-24
-25
-24
-27
-22
-24
-25
-18
-19
-17
-12
-12
-9
-5
-5
-6
-10
-13
-13
-10
-14
-14
-15
-16
-17
-12
-12
-15
-11
-15
-13
-11
-10
-10
-13
-15
-13
-14
-13
-13
-9
-11
-14
-13
-12
-14
-13
-11
-9
-7
-8
-9
-7
-3
-4
-3
-6
-5
-6
-7
-7
-6
-6
-9
-8
-7
-8
-7
-8
-8
-8
-9
-6
-4
-1
-2
-4
-6
-5
-6
-7
-5
-6
-8
-8
-9
-7
-7
-6
-4
-1
-3
-4
-1
-2
-5
0
-2
-3
-5
-3
0
-4
-2
-6
-1
0
3
0
3
5
8
6
5
9
9
9
1
2
6
2
0
3
1
-2
1
2
2
3
2
4
8
7
10
13
11
10
10
8
12
10
12
8
9
12
10
13
14
15
16
17
18
22
21
20
20
20
21
18
18
19
22
19
17
17
20
22
19
20
20
21
19
18
18
18
16
18
21
18
18
18
19
17
17
20
16
14
12
11
15
14
15
18
21
21
18
20
21
21
22
21
22
23
22
20
22
22
22
20
17
14
18
15
15
18
19
18
19
19
20
19
20
19
20
22
24
26
24
25
25
25
25
26
26
30
31
31
31
32
36
34
31
35
33
32
30
30
29
32
32
29
30
30
30
36
35
39
41
39
43
41
43
45
44
45
45
42
40
41
41
38
37
37
35
36
40
44
43
44
45
47
47
46
46
48
51
48
47
47
48
48
48
50
49
53
53
53
56
56
56
56
57
58
60
59
59
60
57
56
55
51
53
53
53
52
50
53
54
56
57
58
58
59
61
59
55
57
61
62
59
61
62
60
58
60
60
56
55
59
57
60
57
58
58
59
60
61
61
58
59
59
58
56
54
55
54
54
55
54
56
53
51
50
56
54
46
45
47
47
49
50
45
48
50
48
45
44
41
37
38
40
41
42
41
40
40
38
38
35
32
33
30
32
32
30
25
26
27
24
23
24
25
24
24
27
23
22
23
23
24
21
20
18
16
14
15
13
12
11
6
8
8
7
9
11
11
12
11
8
11
14
8
9
5
3
3
-2
-2
-2
-5
-7
-2
-5
-7
-4
-5
-5
-3
-8
-8
-6
-8
-7
-7
-9
-10
-11
-14
-14
-16
-17
-18
-18
-19
-16
-15
-16
-13
-15
-12
-12
-12
-10
-13
-12
-11
-14
-15
-20
-22
-24
-27
-25
-26
-23
-19
-22
-21
-23
-21
-18
-17
-17
-21
-23
-23
-25
-28
-27
-25
-28
-27
-33
-31
-30
-35
-32
-32
-34
-27
-27
-28
-26
-20
-19
-25
-24
-25
-24
-27
-31
-31
-31
-28
-27
-25
-26
-24
-24
-25
-22
-23
-23
-20
-22
-22
-23
-23
-23
-22
-25
-27
-26
-26
-27
-24
-17
-20
-19
-20
-20
-16
-17
-18
-16
-13
-12
-14
-14
-16
-14
-12
-14
-17
-16
-12
-16
-10
-13
-11
-9
-13
-8
-11
-8
-7
-9
-8
-9
-7
-8
-10
-7
-9
-8
-9
-12
-9
-9
-6
-5
-9
-8
-4
-4
-3
-4
-1
-2
-4
-2
-7
-4
-8
-6
-9
-10
-8
-10
-7
-6
-4
-3
-2
1
1
-3
0
0
-3
-2
-4
-7
-7
-5
-9
-11
-15
-14
-13
-16
-12
-13
-15
-15
-14
-13
-14
-14
-13
-12
-15
-17
-14
-19
-21
-16
-19
-17
-15
-19
-19
-19
-15
-16
-15
-18
-13
-14
-16
-14
-15
-13
-15
-18
-17
-15
-16
-17
-14
-17
-21
-21
-21
-21
-18
-20
-17
-15
-19
-18
-17
-16
-19
-21
-20
-19
-20
-20
-20
-19
-18
-19
-20
-19
-17
-18
-18
-19
-14
-16
-13
-12
-13
-12
-15
-11
-15
-15
-14
-15
-15
-16
-15
-16
-15
-13
-13
-13
-12
-13
-15
-12
-11
-10
-10
-12
-10
-5
-3
-7
-4
-6
-4
-6
-3
2
-1
0
-1
0
0
-2
-1
1
2
4
4
3
5
5
4
5
5
5
3
4
3
3
5
7
9
5
6
9
11
9
4
11
7
8
7
6
9
7
11
12
13
12
6
10
11
9
9
10
13
10
15
14
11
13
15
15
13
15
13
10
13
11
14
17
12
14
13
20
22
16
17
15
17
17
17
18
17
20
19
21
17
19
20
19
20
20
21
20
17
17
20
21
23
22
23
26
29
31
30
34
33
31
31
33
33
31
31
32
33
33
32
29
28
33
31
30
31
33
34
33
34
32
31
32
30
28
28
29
30
32
31
33
33
37
37
34
35
37
39
35
34
38
38
40
38
38
39
40
39
39
39
38
38
37
36
35
37
38
35
37
38
37
36
36
40
39
39
37
38
40
40
36
41
39
39
39
36
37
35
36
37
37
35
35
34
35
33
34
35
32
32
33
30
31
30
34
34
32
30
30
33
32
33
33
35
31
33
34
30
32
30
26
27
26
24
23
24
22
21
20
20
20
21
20
19
17
18
13
12
14
12
16
16
16
19
18
20
22
21
19
23
22
23
21
19
20
17
19
19
18
19
16
15
20
20
18
17
16
18
17
19
20
19
19
19
21
19
17
18
19
19
19
22
20
19
20
20
20
19
18
19
18
15
18
19
18
18
19
18
18
19
20
21
19
19
23
20
16
16
19
17
12
15
12
16
14
10
12
10
12
9
14
16
18
19
19
19
17
16
15
16
16
15
15
15
12
13
13
12
12
12
12
14
12
11
13
12
12
14
12
14
13
15
11
7
9
10
12
10
11
10
7
7
6
8
7
6
9
9
7
7
8
4
5
5
5
4
5
6
2
5
3
7
9
4
4
5
9
10
7
9
7
6
6
6
9
8
10
12
8
9
6
7
8
5
8
9
6
5
10
7
9
9
8
9
9
11
7
11
8
11
12
13
11
16
15
16
15
15
18
18
18
17
17
19
19
21
22
23
23
22
24
24
27
24
25
25
23
19
24
26
25
24
22
25
24
25
27
29
27
28
29
31
31
28
33
31
30
32
29
31
32
30
32
31
34
32
32
35
32
36
30
30
30
31
29
31
30
32
29
26
27
26
25
26
29
27
27
27
26
30
26
25
27
24
23
26
26
24
20
24
23
19
19
18
22
18
18
17
15
14
16
14
12
17
16
16
15
13
13
14
10
11
11
8
8
7
7
7
3
3
4
3
3
2
-2
-2
-1
-3
-1
-4
-3
-2
-4
-1
-4
-6
-11
-10
-8
-8
-7
-6
-5
-6
-5
-7
-7
-8
-9
-8
-10
-9
-10
-10
-12
-12
-12
-10
-11
-13
-11
-11
-13
-13
-13
-16
-19
-18
-14
-16
-16
-13
-16
-15
-14
-18
-17
-14
-12
-10
-16
-16
-12
-13
-14
-16
-14
-17
-16
-13
-15
-14
-13
-7
-13
-16
-13
-14
-13
-15
-15
-12
-11
-10
-8
-11
-12
-10
-11
-9
-10
-12
-11
-9
-10
-10
-8
-11
-10
-8
-10
-10
-9
-4
-6
-6
-4
-4
-4
-5
-4
-4
-2
-2
-4
-3
-5
-3
-5
-3
-3
-3
-2
-3
-4
-1
-1
0
0
-1
1
-1
-1
-1
0
-2
-3
-4
-4
0
3
0
2
0
-1
