-9
-10
-9
-8
-8
-7
-8
-9
-8
-5
-5
-9
-11
-11
-11
-11
-12
-11
-10
-11
-11
-13
-13
-16
-16
-18
-22
-21
-24
-20
-23
-22
-18
-21
3
3
3
0
4
8
4
3
6
5
5
4
6
8
8
6
6
5
2
3
2
4
5
1
0
1
-1
0
1
3
2
2
2
1
2
3
5
4
6
5
6
5
3
6
7
7
8
11
6
10
8
12
14
12
15
14
15
17
20
23
25
19
22
19
20
19
22
22
21
20
17
19
18
18
18
18
15
15
13
13
13
13
18
16
16
15
16
17
17
21
23
22
20
19
20
20
23
24
24
24
19
20
19
17
18
17
16
16
19
15
19
17
14
12
12
12
10
15
11
16
12
11
13
12
16
12
13
13
14
11
12
12
10
11
8
10
9
9
12
13
13
13
11
13
11
12
9
11
12
10
15
15
12
10
12
12
12
10
12
12
13
10
9
11
9
7
6
7
8
8
10
6
5
7
7
7
6
8
7
5
6
5
3
4
3
5
8
7
6
6
4
4
4
6
7
7
6
5
6
4
5
4
7
6
3
6
6
6
3
6
2
2
2
3
2
-1
-2
-3
-1
-4
-1
0
-3
0
0
-1
3
4
1
2
3
6
4
5
9
6
9
7
9
11
9
12
10
11
9
11
10
13
10
12
13
11
11
11
13
10
13
13
8
12
13
13
13
13
17
16
16
18
16
16
20
18
19
18
19
19
18
18
16
16
15
13
15
15
14
10
9
10
9
9
9
13
10
9
8
9
7
6
2
4
4
4
4
1
0
1
2
4
5
3
5
4
7
10
10
11
14
11
9
13
14
14
15
16
17
21
22
21
21
23
22
25
27
25
32
32
32
34
36
34
36
38
37
37
36
35
36
36
37
34
37
34
30
33
34
33
33
33
32
33
29
28
29
27
28
24
22
22
17
21
18
18
16
16
16
13
15
19
20
20
21
18
16
14
15
15
12
12
10
10
12
13
8
9
9
7
11
11
11
11
11
13
15
20
22
22
21
24
25
28
29
31
28
30
33
32
34
40
38
39
41
36
40
41
38
38
36
36
35
34
34
33
34
33
26
28
27
23
27
27
27
27
22
23
25
24
24
22
24
22
16
16
14
13
14
15
15
14
16
16
15
12
9
5
8
6
6
8
6
7
8
7
8
5
6
8
6
7
7
8
9
9
13
14
14
13
10
9
12
10
10
9
9
8
7
7
6
8
8
9
9
6
6
11
12
8
11
13
13
12
9
8
9
13
14
13
11
10
11
9
9
9
9
10
9
11
14
15
15
15
17
17
14
14
17
16
18
17
18
16
16
13
10
16
13
9
10
13
12
13
16
17
22
21
18
17
17
16
16
15
12
14
13
9
6
6
3
1
0
-5
-2
-2
-2
-4
-5
-5
-7
-8
-9
-8
-7
-11
-12
-10
-7
-7
-8
-7
-6
-8
-8
-7
-6
-5
-6
-3
-4
-1
0
1
-2
0
1
4
3
1
3
5
7
10
15
17
18
17
22
22
22
24
22
23
24
21
21
20
20
19
17
15
15
15
14
18
15
14
14
13
14
12
9
6
9
6
6
2
2
4
0
-5
-6
-10
-12
-14
-17
-17
-20
-23
-20
-23
-22
-22
-23
-22
-23
-25
-26
-25
-26
-25
-24
-23
-22
-20
-20
-23
-21
-23
-19
-19
-16
-14
-15
-10
-7
-5
-3
0
-4
-1
2
3
6
8
12
11
12
15
15
17
18
26
27
22
26
23
26
23
23
21
20
21
22
21
18
13
14
14
11
11
8
7
7
5
6
8
4
8
9
12
12
12
14
13
10
11
10
9
9
9
9
7
8
5
3
-3
1
5
2
3
4
4
3
7
8
2
5
0
2
5
2
3
3
3
-1
3
5
9
12
11
13
12
13
10
15
16
14
17
15
13
14
12
9
11
9
9
11
11
12
12
10
9
11
10
10
11
10
11
9
14
17
16
13
11
8
7
5
5
4
1
4
6
6
4
7
6
4
3
4
4
4
8
6
5
7
3
2
1
2
2
3
1
1
-1
1
2
3
5
3
2
3
1
1
-1
-2
-7
-9
-10
-10
-13
-18
-18
-21
-19
-21
-20
-19
-20
-22
-24
-25
-27
-27
-22
-25
-24
-28
-27
-27
-31
-30
-31
-29
-30
-26
-23
-27
-28
-27
-28
-29
-24
-23
-23
-22
-22
-20
-20
-20
-17
-21
-18
-15
-14
-12
-10
-8
-9
-10
-9
-2
-4
-2
1
2
6
7
8
11
14
13
13
11
13
10
9
11
8
8
9
9
8
8
7
10
9
7
6
6
3
5
3
3
4
1
-3
-8
-7
-7
-7
-8
-8
-7
-9
-8
-7
-11
-10
-11
-11
-12
-14
-11
-10
-9
-10
-7
-8
-7
-5
-6
-3
-2
5
9
9
6
7
11
15
10
11
12
9
13
14
16
19
17
17
21
16
15
18
19
17
20
22
22
24
25
27
27
27
26
27
30
29
28
28
24
27
24
22
26
25
23
22
22
23
26
30
34
33
32
35
33
35
36
36
37
37
39
37
35
32
35
33
31
30
30
28
26
25
19
18
16
14
14
11
12
17
17
15
17
19
24
24
22
27
24
23
25
23
23
19
18
17
17
15
17
15
13
13
13
14
14
14
14
16
15
18
18
16
18
17
16
18
16
14
21
21
17
17
16
17
15
16
13
12
14
16
15
13
14
18
18
21
18
20
25
23
22
22
24
23
25
22
20
20
20
20
22
20
19
17
18
17
18
21
23
22
20
20
21
19
20
20
19
17
16
18
16
15
15
10
8
9
10
12
7
8
10
7
5
3
2
6
2
4
3
2
-2
-3
-1
1
5
2
-1
-1
0
-2
-2
-2
-5
-4
-8
-9
-8
-8
-8
-7
-11
-10
-10
-9
-10
-10
-11
-8
-6
-11
-6
-7
-1
0
0
4
9
10
6
12
11
13
16
16
15
14
14
12
11
9
9
10
9
9
10
11
11
10
10
13
11
9
9
9
9
7
4
2
4
2
2
2
0
0
0
-2
-2
-2
-4
-2
-5
-5
-2
-4
-1
-2
-4
-2
-2
-4
-3
-2
5
7
4
4
9
10
11
12
12
12
10
14
10
6
11
13
8
10
12
13
17
16
17
17
19
21
22
17
19
22
23
25
22
19
19
19
19
18
18
15
18
20
19
22
23
28
25
29
31
31
30
30
27
23
18
17
19
12
12
12
10
11
13
15
16
18
21
22
23
26
23
22
22
23
21
16
12
8
5
6
4
4
9
11
12
18
18
21
20
23
25
21
24
25
25
25
26
30
31
30
29
28
25
24
26
21
22
21
21
24
24
23
24
22
26
26
25
24
28
26
25
24
22
20
18
20
18
19
18
23
26
26
25
28
30
31
28
25
22
19
13
10
7
5
-1
-1
0
4
4
7
6
11
17
14
21
24
27
27
26
19
18
18
16
18
15
10
11
13
12
16
16
17
18
21
26
28
31
39
35
36
35
32
29
27
25
23
19
17
19
16
16
15
14
11
12
13
14
19
20
19
17
14
11
11
8
8
7
4
-1
0
2
-2
-2
-1
8
8
5
7
15
12
10
14
11
12
11
6
7
7
10
9
9
14
11
9
11
11
12
11
13
10
11
15
16
19
16
18
18
19
17
13
12
8
7
6
2
6
4
-1
1
-1
-1
0
-2
0
6
8
2
3
1
1
1
-4
-6
-5
-3
-5
-8
-6
-5
-4
-3
-1
1
3
2
3
2
3
5
3
2
2
2
-3
-4
0
-1
2
2
3
6
6
4
4
6
7
10
12
12
12
11
13
9
11
10
5
2
0
-2
-2
0
-4
-1
0
-2
1
1
0
1
2
2
4
1
-3
1
-2
-2
-2
-3
-4
-3
-2
0
5
6
7
10
14
15
18
16
17
16
15
14
13
12
12
11
13
13
16
19
20
25
21
22
25
27
27
22
22
21
17
20
19
19
17
21
26
19
21
25
25
22
22
23
20
20
21
20
17
18
18
17
15
17
18
19
18
19
19
17
16
14
11
9
13
10
9
11
10
13
15
13
12
13
16
14
14
12
10
10
7
4
-3
0
-3
-1
0
-2
0
-1
-3
-2
-2
-3
0
-3
-4
-5
-5
-5
-5
-1
3
5
5
8
6
9
12
14
13
13
16
19
18
18
19
14
12
12
15
15
13
9
5
6
5
0
-3
2
0
-4
-6
-2
-3
-2
-4
-4
-6
-3
-3
-1
3
1
1
-6
-7
-10
-12
-13
-12
-11
-12
-11
-10
-8
-9
-9
-9
-9
-8
-8
-9
-8
-3
-3
-4
-5
-3
-4
-5
-5
-3
1
5
6
8
12
13
17
13
17
16
16
17
21
22
19
19
17
14
15
20
17
20
19
20
20
17
17
18
19
16
18
20
14
15
15
14
19
19
22
19
17
18
14
19
17
19
16
17
17
14
14
11
11
10
4
7
3
2
0
-2
-4
-13
-9
-10
-10
-10
-11
-7
-8
-8
-6
-4
-3
0
2
2
2
-1
-1
0
-2
-3
-4
-1
-4
-3
-2
-2
-5
-7
-4
-4
-7
-6
-2
-1
-1
-1
-1
-2
-3
-4
-5
-3
-2
1
1
4
7
8
12
12
12
11
14
15
16
17
13
15
10
5
7
6
8
5
3
0
-2
1
2
3
4
4
2
3
5
6
5
4
1
3
4
8
5
6
5
4
4
1
4
1
8
7
6
5
4
8
8
7
6
4
3
4
2
-1
-1
-3
-4
-5
-5
-2
0
1
2
3
5
6
5
3
2
4
3
3
1
0
0
0
-2
3
5
2
6
7
10
14
17
19
21
20
17
14
14
13
10
10
13
16
15
18
20
22
24
26
28
29
26
29
34
33
37
33
33
34
36
41
44
46
45
38
38
25
16
10
-3
-7
-13
-6
-2
3
7
15
15
25
23
20
22
14
15
8
6
8
4
8
6
8
7
8
7
9
9
6
6
8
6
2
1
-1
2
4
5
7
6
4
5
6
1
4
6
2
4
5
3
7
5
7
11
14
13
14
14
11
8
5
4
2
6
8
7
11
16
19
15
20
18
19
19
22
18
17
18
15
16
16
13
13
12
13
13
11
14
13
12
12
14
12
16
15
16
16
16
14
11
8
6
5
3
6
4
-2
2
3
0
-2
-3
1
3
-1
-2
-2
-5
-4
-7
-4
-4
-7
-8
-10
-6
-5
-4
-5
-3
-4
-6
-1
-3
-4
-4
-4
-6
-11
-11
-10
-9
-6
-10
-8
-12
-12
-11
-16
-13
-17
-14
-11
-12
-12
-11
-6
-8
-7
-2
-3
-1
-3
-1
0
2
-5
-6
-3
-7
-10
-8
-9
-7
-7
-9
-13
-12
-13
-15
-9
-10
-11
-12
-14
-16
-20
-16
-14
-18
-20
-17
-15
-13
-11
-7
-4
-4
-4
-7
-3
-1
1
4
4
2
4
6
5
1
-2
-4
-8
-11
-18
-16
-17
-16
-14
-14
-13
-9
-5
-4
-3
-5
-4
-7
-8
-8
-7
-8
-9
-13
-15
-17
-19
-20
-21
-21
-24
-19
-18
-18
-18
16
18
51
54
40
48
31
26
13
7
-9
-20
-14
-4
16
38
49
50
57
52
40
40
26
20
14
17
4
18
30
28
41
28
35
29
35
40
33
39
26
26
24
28
27
26
25
24
24
24
31
26
27
23
22
21
24
20
20
21
23
22
24
26
25
34
33
32
30
27
24
22
20
17
15
12
12
9
6
5
4
2
-1
-5
-7
-9
-8
-6
-6
-4
1
4
7
8
7
5
2
0
-4
-4
-7
-10
-9
-4
-2
-5
-3
-3
-5
-5
-6
-6
-8
-7
-7
-4
0
1
1
2
2
-3
-2
0
-2
0
-4
-8
-5
-3
-4
-7
-9
-7
-11
-11
-9
-11
-16
-19
-20
-20
-19
-17
-16
-13
-10
-10
-10
-9
-9
-11
-14
-14
-16
-12
-13
-15
-19
-15
-20
-22
-22
-23
-22
-21
-19
-18
-19
-20
-17
-17
-18
-17
-15
-14
-13
-12
-12
-10
-12
-17
-15
-18
-19
-21
-26
-25
-27
-25
-21
-21
-18
-23
-26
-23
-25
-25
-23
-21
-29
-26
-27
-30
-31
-36
-32
-36
-36
-37
-39
-36
-35
-35
-35
-36
-35
-35
-31
-32
-35
-38
-38
-37
-40
-44
-39
-39
-36
-36
-34
-36
-31
-28
-29
-25
-25
-22
-24
-25
-27
-27
-24
-24
-19
-22
-23
-24
-21
-21
-23
-23
-25
-27
-28
-29
-29
-29
-29
-26
-26
-29
-27
-26
-32
-31
-35
-35
-37
-39
-36
-38
-39
-40
-41
-39
-39
-37
-38
-37
-37
-37
-33
-29
-30
-30
-33
-38
-36
-36
-35
-37
-34
-30
-32
-30
-30
-29
-30
-27
-32
-35
-31
-33
-30
-25
-28
-28
-26
-26
-25
-24
-23
-20
-20
-21
-20
-23
-23
-26
-23
-24
-24
-27
-32
-29
-29
-33
-31
-31
-33
-29
-34
-32
-31
-32
-29
-30
-32
-32
-29
-31
-35
-33
-32
-37
-33
-29
-34
-30
-30
-31
-31
-30
-28
-28
-25
-24
-22
-22
-17
-18
-20
-19
-17
-17
-17
-22
-21
-22
-21
-24
-25
-22
-20
-17
-21
-14
-16
-15
-12
-13
-8
-13
-6
-5
-9
-8
-9
-9
-13
-16
-17
-20
-19
-23
-25
-24
-31
-32
-29
-29
-31
-30
-31
-29
-27
-24
-21
-23
-22
-21
-19
-22
-20
-17
-17
-21
-19
-17
-17
-14
-15
-11
-11
-12
-14
-12
-11
-10
-10
-10
-11
-15
-14
-15
-11
-15
-14
-14
-17
-13
-14
-13
-7
-10
-6
-6
-8
-7
-6
-3
-5
-2
-5
-8
-6
-5
-7
-7
-4
-5
-5
-7
-6
-5
-6
-4
-5
-8
-4
-7
-5
-3
-2
-3
-3
-4
-8
-8
-7
-12
-12
-10
-8
-11
-12
-6
-9
-11
-13
-14
-17
-19
-22
-24
-26
-25
-27
-31
-33
-37
-32
-33
-35
-34
-32
-34
-32
-31
-33
-31
-29
-31
-30
-33
-30
-29
-30
-32
-28
-26
-25
-25
-25
-25
-24
-21
-20
-20
-22
-21
-23
-21
-21
-21
-20
-22
-24
-24
-20
-22
-20
-23
-23
-25
-24
-24
-26
-24
-22
-19
-21
-16
-17
-18
-20
-22
-21
-22
-20
-23
-27
-26
-25
-28
-29
-29
-28
-31
-32
-33
-31
-30
-30
-25
-22
-24
-22
-23
-23
-27
-26
-27
-30
-30
-32
-32
-32
-34
-32
-28
-28
-32
-31
-29
-28
-27
-25
-23
-23
-23
-24
-25
-23
-26
-28
-29
-31
-32
-30
-33
-29
-27
-29
-25
-27
-25
-24
-19
-19
-19
-18
-17
-19
-19
-15
-15
-15
-15
-15
-14
-10
-9
-9
-8
-3
-6
0
2
4
5
5
5
5
6
8
7
5
6
4
2
5
4
3
6
5
1
3
3
7
9
10
9
9
4
6
5
0
3
1
0
-3
-2
-3
-3
-4
-5
-9
-10
-12
-12
-12
-13
-12
-13
-16
-19
-19
-18
-16
-17
-14
-15
-16
-12
-12
-13
-11
-12
-13
-10
-7
-7
-1
2
-1
2
1
-2
2
3
2
1
4
1
3
-1
-3
1
1
2
4
0
1
8
8
10
10
11
13
13
16
16
18
14
19
16
14
16
17
20
21
17
15
17
11
10
9
8
5
7
2
2
1
-1
-1
-2
-6
-10
-11
-14
-7
-9
-7
-8
-7
-11
-10
-7
-7
-3
-5
-10
-10
-14
-15
-11
-15
-16
-16
-15
-16
-17
-19
-17
-15
-13
-12
-12
-13
-12
-10
-9
-9
-12
-13
-11
-14
-16
-16
-16
-16
-14
-12
-13
-11
-3
-4
-4
-5
-4
-2
-2
0
0
-2
-2
-3
-2
-9
-13
-8
-8
-4
-6
-7
-7
-6
-8
-7
-5
-7
-5
-9
-5
-5
-9
-10
-12
-13
-11
-12
-16
-16
-22
-24
-24
-25
-26
-28
-26
-26
-26
-26
-25
-23
-24
-24
-25
-23
-26
-24
-25
-29
-30
-29
-30
-31
-31
-31
-26
-28
-28
-25
-24
-23
-25
-23
-20
-24
-22
-24
-24
-23
-28
-27
-29
-31
-32
-28
-32
-32
-34
-32
-31
-31
-33
-32
-31
-31
-30
-31
-32
-33
-30
-29
-27
-33
-32
-32
-28
-25
-26
-25
-27
-27
-29
-25
-23
-17
-17
-18
-18
-14
-11
-15
-14
-15
-17
-19
-19
-16
-15
-17
-17
-16
-17
-18
-16
-17
-18
-17
-24
-23
-22
-24
-23
-24
-24
-25
-28
-28
-31
-32
-29
-24
-25
-23
-23
-26
-23
-25
-24
-22
-24
-26
-24
-27
-27
-26
-28
-26
-31
-29
-29
-28
-25
-26
-23
-24
-26
-27
-24
-24
-23
-20
-18
-19
-17
-19
-18
-15
-13
-12
-13
-13
-13
-15
-11
-9
-10
-8
-7
-4
-4
-4
-1
-2
0
0
-3
-4
-2
-3
-3
-2
-2
-5
-3
-2
1
1
1
4
7
8
10
8
4
6
6
4
0
-2
-4
-3
-12
-14
-14
-17
-18
-20
-23
-22
-20
-20
-18
-17
-15
-17
-15
-15
-14
-16
-18
-15
-15
-18
-18
-16
-15
-14
-13
-13
-17
-14
-16
-14
-15
-15
-14
-13
-12
-17
-14
-14
-15
-13
-16
-18
-14
-15
-15
-17
-17
-16
-16
-14
-12
-11
-10
-7
-5
-4
-5
-5
-4
-5
-3
-2
-6
-3
0
-1
-1
-2
-3
-3
-3
-5
-4
-2
-4
-1
-2
-3
-3
-7
-6
-5
-8
-9
-8
-4
-4
-3
-4
-3
-5
-4
-5
-8
-6
-5
-6
-6
-6
-7
-4
-8
-8
-6
-8
-8
-10
-10
-13
-15
-14
-16
-12
-14
-15
-14
-16
-14
-18
-17
-18
-16
-15
-17
-18
-18
-21
-24
-23
-24
-27
-26
-29
-27
-26
-27
-23
-24
-23
-24
-22
-24
-25
-27
-25
-28
-35
-35
-34
-32
-30
-30
-30
-26
-26
-26
-19
-20
-15
-10
-10
-9
-10
-7
-6
-9
-9
-8
-9
-11
-8
-10
-14
-14
-14
-15
-12
-12
-10
-12
-14
-14
-16
-16
-17
-19
-18
-18
-18
-22
-22
-23
-22
-17
-23
-20
-22
-24
-22
-20
-17
-18
-21
-22
-19
-21
-19
-21
-21
-26
-33
-34
-33
-32
-36
-37
-36
-39
-38
-33
-34
-33
-33
-32
-29
-29
-28
-27
-22
-24
-24
-22
-24
-19
-18
-21
-19
-19
-15
-18
-19
-14
-12
-12
-10
-7
-5
-5
-6
-2
-3
0
-1
0
4
0
3
4
1
3
4
5
4
2
3
3
7
11
9
10
10
8
9
8
7
7
5
5
-1
-4
-2
-4
-3
-4
-4
-6
-5
-7
-7
-7
-7
-7
-9
-8
-4
-6
-4
-4
-5
-6
-9
-9
-10
-9
-10
-3
-4
-4
-4
-3
-6
-8
-3
-6
-4
-6
-7
-7
-10
-15
-14
-11
-13
-14
-14
-10
-12
-12
-10
-5
-5
-4
-3
-1
1
3
1
1
2
-1
0
2
1
-1
1
3
7
7
2
3
5
4
4
0
3
3
3
7
5
1
4
-1
0
3
3
4
1
3
2
4
5
4
7
5
5
6
4
5
7
7
7
6
5
6
7
5
4
1
-3
-2
-3
-1
-1
0
-3
-1
-2
-3
1
-3
-5
-8
-7
-10
-9
-7
-14
-16
-13
-15
-15
-15
-18
-18
-22
-16
-16
-16
-14
-18
-16
-21
-21
-18
-20
-22
-23
-24
-25
-27
-27
-24
-21
-19
-20
-19
-22
-20
-18
-13
-10
-11
-13
-13
-13
-17
-14
-15
-18
-17
-19
-21
-20
-20
-17
-20
-21
-21
-16
-15
-13
-13
-16
-12
-11
-15
-13
-12
-15
-15
-18
-17
-16
-17
-20
-17
-15
-13
-12
-13
-10
-9
-8
-8
-6
-4
-7
-5
-5
-7
-8
-10
-13
-13
-14
-16
-15
-16
-15
-13
-14
-13
-15
-15
-13
-13
-13
-10
-8
-14
-13
-14
-16
-14
-13
-15
-16
-15
-17
-18
-19
-18
-18
-17
-19
-16
-14
-17
-15
-15
-13
-15
-13
-13
-12
-7
-9
-8
-10
-7
-4
-6
-7
-6
-7
-6
-2
-3
-1
2
1
0
2
3
2
1
3
2
2
4
3
1
-1
-1
3
0
3
2
2
6
4
7
6
7
7
6
5
5
3
6
6
6
6
7
9
6
8
10
10
9
11
10
7
10
9
8
6
6
5
5
5
4
6
5
8
5
7
8
9
11
9
9
8
8
9
10
12
12
10
12
11
14
13
11
11
13
17
14
15
16
13
14
15
11
12
15
12
9
9
7
6
9
4
5
6
5
5
4
7
8
5
10
10
10
10
14
11
13
13
13
14
8
10
11
9
10
8
7
7
7
7
3
3
1
4
6
6
7
9
7
6
9
7
4
7
5
0
3
1
-2
-4
-3
0
-2
-1
-4
-7
-3
-4
-2
-3
-2
-3
-5
-4
-5
-2
-7
-12
-12
-14
-12
-9
-11
-9
-12
-8
-8
-7
-9
-9
-9
-6
-6
-10
-3
-4
-2
1
-3
-7
-4
-5
-1
0
1
4
4
3
3
3
0
-1
3
3
1
3
2
5
7
-1
2
0
-3
-1
-5
-2
-2
-2
-2
-3
-3
-7
-4
-6
-7
-5
-6
-7
-6
-5
-5
-5
-4
-3
-9
-9
-9
-5
-7
-5
-5
-6
-4
-7
-10
-9
-10
-14
-8
-9
-12
-8
-5
-9
-7
-4
-3
-1
1
-5
-3
-2
-4
-4
-5
-6
-5
-8
-5
-4
-9
-10
-10
-12
-11
-9
-12
-10
-13
-14
-16
-15
-16
-17
-16
-19
-15
-14
-19
-15
-15
-14
-13
-14
-11
-11
-9
-11
-10
-8
-7
-6
-3
-1
-2
-1
-3
-1
1
1
0
0
2
0
-2
-1
1
-2
-1
-3
-2
-1
-6
-4
-4
1
1
0
2
3
2
5
5
3
3
4
3
2
3
0
1
3
2
0
1
-2
1
0
2
4
6
9
9
9
8
8
6
4
3
2
2
-1
0
-1
-1
-1
1
0
-2
2
-1
-1
0
2
7
6
5
3
-2
-1
2
0
-7
-7
-10
-7
-6
-1
-2
-3
3
1
5
5
-2
0
1
-1
-5
-2
0
-7
-3
-8
3
6
6
8
7
8
5
8
9
6
6
4
4
2
4
3
6
9
2
2
5
9
1
-1
-4
-5
-3
-4
-1
-2
-3
-5
2
0
3
4
4
3
2
3
-3
-5
-6
-5
-8
-11
-9
-10
-10
-10
-8
-7
-4
-10
-10
-12
-21
-15
-17
-19
-14
-16
-17
-17
-15
-9
-7
-5
-5
-3
-4
-8
-7
-4
-1
-2
2
-3
-3
0
1
5
4
7
7
3
3
5
1
-2
0
-2
0
-3
0
0
-3
1
2
7
9
6
7
6
5
6
2
1
-4
-7
-4
-5
-8
-5
-6
-11
-14
-12
-12
-11
-12
-12
-14
-18
-19
-18
-18
-19
-20
-18
-19
-17
-15
-17
-14
-16
-15
-18
-15
-15
-16
-10
-16
-18
-17
-17
-18
-20
-21
-21
-24
-22
-23
-26
-28
-28
-32
-31
-29
-26
-31
-27
-23
-22
-20
-22
-19
-19
-13
-15
-19
-15
-17
-16
-14
-16
-13
-10
-12
-12
-13
-13
-9
-7
-12
-11
-13
-13
-10
-16
-12
-11
-12
-10
-12
-9
-9
-11
-11
-11
-11
-12
-13
-9
-10
-7
-9
-8
-10
-10
-8
-10
-11
-11
-8
-8
-6
-7
-9
-8
-8
-12
-9
-11
-12
-14
-14
-10
-10
-11
-9
-7
-8
-5
-6
-9
-9
-12
-9
-11
-11
-10
-9
-12
-14
-8
-9
-7
-3
-6
-5
-3
-5
-4
-3
0
-1
-1
0
1
0
2
4
0
0
3
2
3
2
2
2
5
3
1
2
3
7
2
2
4
2
5
6
3
2
4
3
2
5
7
5
5
5
6
6
4
3
5
2
6
8
7
4
1
0
0
-2
2
2
-1
1
1
2
0
1
3
1
-1
3
-1
5
4
4
5
6
6
5
5
4
2
0
1
-3
-4
-4
-6
-5
-3
-5
-7
-5
-5
-9
-5
-4
-1
-3
1
0
-1
3
3
-2
-4
3
3
3
-2
2
5
1
2
3
4
6
4
6
4
2
2
4
5
2
1
-5
-1
-1
-5
0
-1
2
1
3
-2
0
0
1
0
-1
-4
-4
-5
-6
0
-7
-6
-7
-4
-3
-1
-1
-3
-2
-2
1
1
0
-3
-2
-2
1
-2
2
-1
-4
-4
-8
-7
-5
-6
-8
-5
-7
-6
-7
-11
-9
-8
-9
-10
-8
-10
-9
-11
-12
-12
-12
-12
-13
-13
-11
-11
-16
-13
-13
-13
-10
-13
-10
-11
-13
-12
-15
-13
-14
-13
-13
-14
-14
-14
-16
-16
-14
-14
-12
-13
-15
-15
-13
-16
-18
-16
-16
-15
-14
-10
-10
-14
-15
-15
-19
-14
-16
-16
-9
-14
-15
-10
-8
-11
-7
-7
-5
-4
-4
-5
-6
-2
-3
-3
-1
-3
-3
-1
-4
-5
-7
-6
-8
-7
-6
-5
-4
-4
-4
-7
-8
-8
-10
-9
-11
-10
-11
-11
-10
-11
-10
-8
-9
-10
-8
-8
-6
-6
-6
-6
-5
-6
0
2
-4
-5
-4
0
-1
-3
-2
-3
-3
-3
-2
0
-1
-4
2
0
-1
-3
-4
-1
0
1
2
2
-2
-3
-3
-2
0
5
1
5
7
6
9
6
12
9
9
7
5
7
6
5
8
7
8
9
10
10
7
6
9
11
12
11
14
13
11
14
12
14
17
17
17
16
17
17
16
16
16
13
13
16
14
13
13
14
13
15
12
10
14
13
12
14
13
15
16
15
18
20
20
17
20
22
21
20
22
19
22
23
18
21
21
21
19
17
16
16
15
16
14
15
16
13
16
13
14
17
15
17
14
19
18
18
18
18
17
16
21
18
18
18
17
19
21
20
21
21
19
19
16
17
21
19
19
17
14
17
16
14
15
14
14
7
7
10
11
11
8
12
12
8
8
9
12
12
14
13
10
12
7
9
6
6
7
5
7
7
6
4
5
7
6
4
5
6
5
1
4
3
2
2
1
-2
-6
-5
-4
-2
-3
-1
-1
0
2
-2
-6
-6
-6
-4
-5
-4
-4
-4
-6
-11
-8
-8
-11
-8
-7
-5
-11
-7
-7
-7
-6
-7
-5
-5
-6
-8
-6
-6
-6
-7
-6
-8
-7
-8
-4
-6
-4
-5
-6
-5
-4
-5
-6
-7
-9
-11
-11
-9
-9
-9
-13
-13
-12
-14
-16
-17
-16
-14
-10
-11
-8
-6
-8
-8
-8
-6
-7
-4
-2
-3
-4
-5
-3
-1
-4
-3
-4
-4
-4
-5
-6
-7
-6
-7
-7
-6
-6
-5
-5
-6
-8
-7
-7
-6
-6
-6
-6
-6
-8
-4
0
-1
0
-1
0
1
-3
-1
1
-1
-2
-1
-2
2
0
-3
-4
-3
-5
-7
-6
-6
-2
-3
1
-1
-3
-3
-4
-2
-1
-1
-3
1
0
-2
1
0
0
1
-2
-2
-1
1
0
1
-1
1
2
5
3
5
8
1
7
7
8
9
10
10
13
16
14
14
14
12
17
15
17
16
17
17
16
16
13
16
18
19
15
17
11
15
14
11
15
16
17
11
12
12
14
13
14
14
15
16
15
15
16
19
16
15
14
17
17
16
16
16
16
14
18
18
19
22
26
23
23
22
16
17
19
19
17
15
13
18
12
13
13
15
14
16
18
16
15
15
18
19
22
20
20
24
21
19
22
21
16
17
18
18
17
19
21
19
17
16
19
17
15
16
17
16
14
16
17
19
20
17
17
16
13
13
14
17
14
14
14
12
10
14
15
14
12
13
10
11
12
13
15
16
15
13
16
16
15
14
12
12
15
15
16
17
14
15
15
14
14
16
15
16
12
12
11
15
14
12
14
12
15
12
11
13
9
11
12
13
14
11
14
11
12
13
11
15
13
10
14
11
10
12
14
16
14
13
12
13
15
17
15
16
18
17
18
18
18
20
18
18
17
17
18
18
17
17
17
15
15
11
11
10
12
7
9
10
3
8
8
7
3
3
7
8
12
9
11
13
12
12
13
13
11
12
13
12
11
15
15
13
12
12
11
10
10
7
9
9
8
11
9
10
8
9
8
5
8
10
12
10
12
13
11
15
15
10
11
13
15
14
16
14
14
18
19
18
20
18
17
17
14
18
19
20
20
22
19
20
20
22
23
19
20
18
19
19
17
17
18
19
15
19
20
18
18
21
21
22
24
23
23
23
26
24
26
18
17
16
17
16
18
18
18
19
18
20
18
18
19
22
22
20
20
20
21
21
21
22
22
18
18
17
17
18
16
18
18
18
15
16
17
17
18
17
18
20
19
21
21
21
24
24
25
25
24
25
26
26
27
27
27
29
29
34
31
31
32
31
34
36
33
30
31
31
28
27
29
25
25
26
26
26
28
27
26
26
26
27
28
30
30
29
28
25
30
29
27
30
27
30
29
34
30
30
32
32
29
30
31
31
30
30
32
27
28
30
29
29
30
29
29
23
24
25
22
26
27
28
27
27
26
27
29
27
26
22
21
20
20
18
20
22
24
22
21
22
20
17
17
20
17
15
17
17
16
15
14
14
13
13
14
12
11
10
15
14
12
13
13
14
13
13
10
9
7
8
6
6
8
10
6
6
7
8
9
6
6
5
4
7
6
7
7
6
6
7
6
6
7
8
10
11
8
6
5
7
7
6
5
6
7
5
6
5
5
4
1
2
1
-2
-2
-2
-5
-5
-4
-9
-10
-5
-10
-6
-7
-8
-4
-6
-2
-1
3
2
3
3
3
5
3
5
3
4
2
0
4
3
3
1
2
-1
-1
2
1
1
0
-1
0
1
2
1
1
2
-1
0
1
2
1
4
2
8
8
5
3
1
2
2
5
1
3
1
2
1
-3
-5
-2
-2
-2
-3
-2
6
8
15
17
15
20
24
27
26
33
44
46
57
68
85
104
115
138
162
185
213
235
280
336
383
434
466
490
513
519
525
506
474
441
380
420
496
603
705
751
862
917
954
964
891
818
589
372
181
-22
-173
-427
-591
-708
-777
-757
-776
-690
-647
-622
-573
-558
-477
-504
-582
-656
-765
-815
-927
-989
-1016
-1054
-1036
-1009
-898
-770
-669
-552
-468
-351
-259
-180
-105
-81
-44
-15
53
159
249
361
432
531
637
717
783
765
724
615
466
328
142
-35
-253
-446
-576
-679
-701
-695
-630
-526
-408
-226
-32
178
372
524
685
813
1004
1215
1379
1546
1624
1741
1843
1896
1960
1889
1797
1608
1362
1177
886
631
304
-11
-220
-443
-536
-645
-705
-718
-782
-749
-739
-686
-681
-763
-812
-910
-958
-1061
-1149
-1207
-1290
-1309
-1356
-1293
-1240
-1208
-1151
-1133
-1041
-1000
-969
-944
-985
-1000
-1074
-1113
-1150
-1188
-1158
-1048
-780
-450
-78
282
680
1089
1429
1689
1832
1909
1819
1589
1315
995
664
233
-205
-542
-808
-974
-1099
-1122
-1048
-969
-869
-741
-557
-397
-323
-302
-258
-193
-148
-122
-53
81
246
414
644
931
1232
1453
1622
1768
1924
2142
2298
2417
2421
2360
2269
2094
1921
1685
1404
1072
658
367
138
-34
-195
-366
-396
-381
-307
-211
-115
11
28
9
-24
-47
-82
-245
-405
-575
-683
-818
-1004
-1115
-1246
-1378
-1560
-1756
-1886
-2139
-2399
-2646
-2827
-2919
-3125
-3262
-3330
-3309
-3202
-3076
-2808
-2425
-1970
-1257
-434
530
1366
2051
2743
3341
3809
4023
4002
3876
3466
2905
2219
1565
939
120
-686
-1336
-1750
-2021
-2324
-2446
-2449
-2381
-2335
-2262
-2008
-1770
-1649
-1597
-1440
-1107
-796
-518
-187
266
787
1237
1717
2239
2716
3021
3138
3202
3225
3088
2737
2234
1727
1192
621
115
-283
-492
-660
-748
-657
-425
-79
232
508
820
1047
1227
1283
1280
1256
1131
993
840
752
728
712
745
814
922
1027
1084
1103
1081
980
817
592
305
-5
-384
-768
-1177
-1586
-1935
-2292
-2625
-2929
-3229
-3383
-3545
-3637
-3647
-3646
-3551
-3490
-3414
-3246
-3122
-2904
-2748
-2522
-2196
-1844
-1355
-759
-5
847
1645
2391
3073
3704
4180
4437
4460
4284
3918
3306
2565
1715
846
-68
-1031
-1831
-2467
-2896
-3161
-3330
-3262
-3092
-2819
-2499
-2165
-1754
-1418
-1163
-913
-646
-338
-65
199
522
910
1336
1763
2191
2628
2986
3227
3366
3392
3310
3048
2620
2086
1511
956
402
-84
-476
-730
-825
-820
-647
-363
20
426
747
1087
1351
1559
1654
1611
1557
1430
1275
1113
968
923
893
884
923
1010
1140
1233
1252
1246
1197
1016
772
430
79
-323
-803
-1313
-1814
-2264
-2690
-3117
-3443
-3723
-3913
-4022
-4076
-4001
-3935
-3808
-3717
-3619
-3463
-3357
-3234
-3098
-2983
-2709
-2443
-2018
-1512
-841
53
950
1895
2721
3502
4220
4665
4952
4930
4722
4289
3538
2718
1737
779
-240
-1293
-2110
-2787
-3206
-3461
-3586
-3422
-3208
-2882
-2545
-2174
-1750
-1454
-1220
-1005
-780
-511
-300
-37
298
708
1173
1648
2170
2693
3137
3463
3659
3745
3696
3446
3020
2447
1799
1106
359
-247
-720
-1014
-1146
-1205
-988
-646
-209
297
740
1245
1611
1822
1994
1995
2011
1841
1600
1417
1208
1110
1002
986
1098
1190
1329
1435
1561
1663
1596
1471
1253
970
636
182
-254
-707
-1162
-1575
-1971
-2279
-2563
-2850
-3091
-3328
-3484
-3620
-3737
-3808
-3869
-3885
-3891
-3922
-3945
-3961
-3928
-3845
-3752
-3570
-3320
-2980
-2521
-2001
-1280
-393
511
1513
2356
3182
3916
4428
4835
4925
4823
4521
3912
3270
2423
1528
631
-381
-1191
-1952
-2522
-2868
-3151
-3214
-3195
-3064
-2822
-2600
-2304
-2043
-1823
-1605
-1392
-1117
-810
-500
-148
279
790
1333
1891
2437
2958
3377
3679
3854
3909
3811
3536
3078
2518
1896
1228
634
54
-358
-659
-848
-807
-677
-392
-24
332
795
1126
1432
1666
1740
1827
1726
1623
1519
1357
1272
1179
1176
1270
1351
1514
1649
1813
1951
1961
1936
1821
1627
1312
923
486
32
-452
-938
-1371
-1747
-2105
-2421
-2728
-2936
-3158
-3377
-3548
-3704
-3772
-3884
-4005
-4046
-4120
-4124
-4173
-4226
-4178
-4188
-4118
-4014
-3837
-3507
-3194
-2738
-2174
-1393
-405
552
1596
2496
3375
4159
4712
5134
5275
5191
4878
4252
3593
2738
1841
865
-218
-1102
-1890
-2500
-2924
-3259
-3340
-3349
-3277
-3066
-2836
-2508
-2277
-2096
-1868
-1615
-1309
-1011
-688
-268
205
743
1334
1973
2625
3186
3650
4014
4275
4391
4304
4030
3585
3027
2361
1710
1062
469
-29
-450
-656
-708
-631
-406
-140
231
586
901
1227
1405
1555
1567
1519
1496
1399
1332
1266
1240
1318
1399
1554
1732
1899
2085
2151
2193
2165
2039
1818
1502
1112
685
200
-304
-781
-1253
-1682
-2101
-2463
-2758
-3062
-3299
-3510
-3647
-3725
-3811
-3851
-3903
-3928
-3928
-3953
-3922
-3981
-4039
-4059
-4107
-4052
-4047
-3965
-3765
-3554
-3180
-2743
-2154
-1260
-371
698
1713
2616
3554
4245
4844
5236
5297
5207
4793
4213
3510
2576
1686
663
-342
-1219
-2023
-2551
-2935
-3212
-3298
-3305
-3146
-2936
-2719
-2450
-2223
-2011
-1831
-1613
-1340
-1033
-711
-344
142
708
1325
1973
2605
3217
3715
4087
4366
4472
4424
4153
3720
3242
2668
2087
1467
865
406
7
-236
-310
-274
-87
80
297
544
760
983
1090
1150
1188
1162
1157
1141
1160
1222
1273
1399
1551
1752
1942
2070
2180
2211
2192
2089
1882
1640
1291
911
490
53
-363
-815
-1273
-1728
-2173
-2517
-2852
-3136
-3369
-3609
-3740
-3869
-3953
-4013
-4057
-4079
-4134
-4195
-4223
-4261
-4238
-4282
-4279
-4216
-4143
-4012
-3903
-3687
-3407
-3040
-2551
-1847
-923
91
1100
2041
2985
3902
4618
5145
5413
5466
5295
4799
4181
3402
2517
1515
360
-662
-1518
-2245
-2805
-3259
-3471
-3511
-3471
-3283
-3034
-2696
-2394
-2184
-1936
-1656
-1347
-1067
-810
-484
-64
422
968
1573
2213
2828
3371
3847
4255
4532
4627
4529
4311
3988
3567
3053
2457
1884
1299
804
442
176
66
-48
-73
29
147
360
500
625
772
822
935
1026
1131
1254
1293
1393
1533
1692
1871
1962
2062
2129
2152
2128
2036
1928
1704
1400
1067
704
356
-66
-557
-1060
-1564
-2018
-2475
-2899
-3261
-3612
-3869
-4076
-4211
-4269
-4345
-4400
-4470
-4473
-4421
-4369
-4287
-4295
-4263
-4225
-4180
-4086
-4046
-3957
-3840
-3658
-3299
-2802
-2003
-1009
50
1168
2192
3270
4275
5092
5680
5932
5947
5735
5230
4551
3627
2598
1476
232
-879
-1840
-2571
-3131
-3580
-3795
-3779
-3586
-3296
-3008
-2657
-2323
-2042
-1808
-1585
-1325
-1088
-891
-655
-291
220
790
1385
2028
2703
3368
3936
4402
4747
4915
4883
4707
4372
3976
3441
2782
2124
1463
949
519
158
-54
-235
-237
-138
-20
212
374
577
745
863
1027
1164
1299
1385
1401
1496
1627
1757
1873
1927
2022
2100
2124
2100
2039
1962
1800
1524
1230
898
509
42
-525
-1034
-1531
-2043
-2536
-3001
-3371
-3681
-3990
-4168
-4299
-4279
-4301
-4387
-4339
-4360
-4237
-4236
-4286
-4242
-4285
-4259
-4310
-4375
-4260
-4283
-4205
-4060
-3788
-3152
-2384
-1410
-275
906
2094
3211
4208
5156
5801
6144
6185
5951
5555
4894
3967
2924
1761
574
-580
-1632
-2409
-2984
-3432
-3712
-3768
-3592
-3296
-3036
-2745
-2439
-2163
-1936
-1783
-1587
-1367
-1196
-1000
-687
-219
368
982
1623
2362
3089
3754
4306
4728
5027
5085
4978
4733
4364
3900
3269
2588
1975
1399
931
507
201
15
-93
-63
20
187
362
483
621
772
913
1055
1146
1242
1327
1416
1533
1679
1834
1949
2033
2103
2182
2214
2181
2074
1923
1698
1414
1077
715
279
-224
-769
-1324
-1826
-2304
-2785
-3235
-3629
-3932
-4141
-4287
-4372
-4479
-4545
-4573
-4569
-4505
-4451
-4468
-4474
-4482
-4471
-4455
-4416
-4403
-4370
-4362
-4210
-3853
-3234
-2269
-1254
-69
1117
2292
3557
4655
5579
6210
6455
6541
6285
5821
5130
4133
3037
1740
436
-740
-1773
-2583
-3245
-3786
-4005
-4015
-3813
-3520
-3235
-2887
-2582
-2298
-2046
-1828
-1626
-1483
-1349
-1123
-774
-286
258
872
1552
2306
3072
3779
4417
4891
5179
5261
5144
4942
4577
4047
3401
2651
1973
1346
799
390
49
-123
-214
-207
-38
124
340
506
640
807
940
1071
1155
1200
1271
1343
1459
1618
1770
1929
2061
2170
2272
2330
2337
2279
2136
1940
1662
1339
960
507
-21
-585
-1162
-1715
-2231
-2717
-3153
-3537
-3856
-4103
-4270
-4376
-4454
-4522
-4587
-4571
-4505
-4488
-4473
-4537
-4550
-4523
-4550
-4527
-4531
-4509
-4452
-4430
-4175
-3734
-2999
-1987
-983
211
1376
2595
3814
4795
5616
6129
6343
6340
5994
5488
4736
3741
2615
1332
113
-972
-1922
-2709
-3341
-3770
-3908
-3883
-3692
-3418
-3116
-2785
-2536
-2275
-2040
-1828
-1660
-1559
-1417
-1159
-791
-329
197
831
1529
2267
2998
3678
4296
4751
5009
5068
4950
4705
4313
3738
3079
2375
1718
1144
627
269
7
-97
-93
-39
146
361
569
734
828
938
1037
1073
1086
1065
1100
1173
1254
1384
1551
1755
1957
2122
2286
2431
2502
2465
2324
2124
1855
1507
1045
541
-9
-588
-1180
-1770
-2289
-2741
-3162
-3542
-3819
-4042
-4136
-4222
-4303
-4319
-4424
-4463
-4517
-4592
-4587
-4718
-4828
-4902
-4981
-4961
-4958
-4934
-4805
-4717
-4469
-4011
-3214
-2054
-875
301
1451
2671
3957
5017
5796
6304
6537
6545
6192
5644
4909
4005
2863
1512
249
-791
-1656
-2490
-3211
-3692
-3853
-3859
-3753
-3535
-3219
-2911
-2741
-2565
-2301
-2021
-1835
-1786
-1666
-1354
-937
-440
87
759
1496
2230
2945
3647
4320
4816
5071
5138
5064
4829
4391
3796
3102
2390
1717
1062
519
97
-208
-328
-330
-174
42
256
522
730
909
1043
1117
1207
1204
1144
1133
1161
1291
1403
1507
1692
1929
2162
2362
2508
2647
2694
2583
2382
2115
1814
1391
834
262
-300
-875
-1482
-2099
-2610
-3045
-3429
-3781
-4005
-4107
-4135
-4182
-4234
-4240
-4254
-4263
-4343
-4426
-4455
-4545
-4621
-4710
-4783
-4742
-4758
-4696
-4612
-4443
-4055
-3532
-2605
-1534
-374
817
1936
3166
4303
5212
5852
6184
6360
6260
5881
5298
4504
3588
2431
1158
-24
-966
-1770
-2511
-3137
-3499
-3543
-3511
-3409
-3239
-2975
-2700
-2527
-2340
-2076
-1823
-1679
-1659
-1523
-1174
-738
-257
259
924
1672
2386
3064
3726
4339
4767
4933
4931
4830
4583
4121
3443
2757
2074
1397
763
193
-159
-363
-436
-367
-159
173
490
740
994
1207
1392
1480
1474
1433
1380
1340
1320
1354
1415
1538
1689
1918
2174
2403
2591
2698
2730
2694
2536
2308
1956
1492
990
390
-162
-735
-1330
-1884
-2413
-2851
-3193
-3494
-3668
-3804
-3907
-3944
-3996
-3939
-3917
-3958
-4014
-4110
-4160
-4248
-4379
-4496
-4618
-4672
-4693
-4701
-4599
-4520
-4358
-4022
-3441
-2474
-1421
-304
810
1921
3127
4181
5022
5647
5980
6120
5939
5543
5012
4267
3337
2187
1021
-1
-866
-1673
-2381
-2927
-3241
-3341
-3365
-3212
-2990
-2776
-2585
-2470
-2280
-2049
-1907
-1814
-1742
-1528
-1203
-840
-377
173
828
1514
2198
2911
3599
4157
4525
4708
4769
4682
4394
3913
3280
2598
1923
1249
660
141
-257
-490
-555
-437
-214
86
418
712
1019
1248
1439
1581
1591
1526
1428
1397
1403
1419
1430
1491
1647
1848
2079
2298
2521
2674
2704
2646
2515
2324
2020
1572
1097
576
49
-500
-1084
-1579
-2046
-2450
-2814
-3086
-3230
-3362
-3469
-3546
-3571
-3541
-3569
-3662
-3793
-3913
-4028
-4142
-4279
-4407
-4519
-4661
-4711
-4691
-4612
-4466
-4393
-4163
-3793
-3124
-2143
-1157
-66
966
2037
3184
4179
5016
5559
5862
5981
5816
5485
4940
4223
3317
2221
1128
133
-684
-1468
-2189
-2768
-3114
-3206
-3220
-3126
-2972
-2800
-2622
-2471
-2267
-2026
-1867
-1767
-1690
-1464
-1099
-693
-229
283
878
1530
2203
2891
3541
4061
4397
4561
4613
4528
4272
3803
3197
2501
1806
1148
529
37
-387
-631
-693
-586
-319
-24
352
719
1061
1381
1600
1786
1836
1771
1668
1568
1554
1498
1450
1454
1527
1713
1894
2111
2327
2505
2609
2593
2525
2377
2124
1720
1219
730
222
-280
-829
-1364
-1826
-2273
-2606
-2891
-3057
-3142
-3276
-3336
-3403
-3390
-3370
-3461
-3550
-3705
-3878
-4004
-4185
-4326
-4471
-4636
-4714
-4781
-4719
-4607
-4488
-4313
-4022
-3555
-2734
-1753
-707
332
1325
2431
3513
4456
5138
5553
5785
5802
5563
5156
4573
3843
2896
1802
758
-124
-873
-1626
-2302
-2814
-3048
-3122
-3140
-3057
-2913
-2729
-2589
-2458
-2253
-2035
-1881
-1783
-1663
-1376
-984
-552
-80
469
1090
1742
2405
3052
3636
4070
4334
4455
4460
4328
4006
3495
2865
2172
1456
811
215
-253
-625
-856
-853
-690
-395
-49
327
756
1114
1425
1673
1836
1935
1868
1756
1649
1604
1548
1466
1472
1571
1760
1938
2101
2300
2481
2578
2568
2479
2342
2086
1667
1171
653
167
-352
-906
-1390
-1840
-2206
-2543
-2825
-2977
-3103
-3218
-3314
-3364
-3348
-3383
-3472
-3568
-3670
-3774
-3915
-4093
-4205
-4303
-4411
-4478
-4517
-4417
-4308
-4195
-4058
-3815
-3358
-2663
-1757
-811
162
1109
2129
3197
4104
4827
5256
5507
5588
5385
5049
4491
3819
2962
1906
904
-2
-746
-1489
-2197
-2705
-2968
-3033
-3053
-2996
-2849
-2663
-2501
-2354
-2135
-1894
-1724
-1637
-1525
-1266
-906
-524
-110
380
952
1567
2166
2778
3346
3785
4064
4187
4233
4143
3876
3420
2825
2185
1508
831
232
-250
-622
-836
-917
-791
-502
-139
282
697
1136
1527
1814
2036
2112
2113
2033
1892
1782
1648
1547
1480
1491
1606
1760
1955
2139
2320
2459
2513
2485
2372
2149
1819
1384
882
369
-156
-685
-1199
-1641
-2013
-2341
-2598
-2806
-2926
-3026
-3087
-3141
-3202
-3222
-3321
-3448
-3581
-3771
-3931
-4122
-4295
-4425
-4549
-4580
-4603
-4544
-4414
-4266
-4040
-3680
-3145
-2318
-1382
-375
644
1624
2694
3686
4527
5147
5505
5726
5680
5433
5021
4403
3697
2754
1718
736
-124
-859
-1596
-2216
-2666
-2894
-2986
-3027
-2958
-2809
-2629
-2492
-2350
-2148
-1939
-1771
-1659
-1474
-1155
-778
-359
90
630
1234
1847
2452
3037
3547
3928
4146
4252
4239
4070
3737
3230
2634
1980
1293
620
44
-425
-784
-978
-1018
-842
-547
-194
197
598
1061
1440
1732
1943
2022
2052
1973
1868
1770
1658
1592
1525
1566
1694
1862
2047
2187
2340
2447
2494
2432
2263
1993
1621
1165
661
154
-371
-891
-1374
-1793
-2104
-2356
-2583
-2756
-2900
-2983
-3060
-3105
-3173
-3253
-3372
-3505
-3655
-3813
-3935
-4097
-4238
-4361
-4447
-4445
-4419
-4326
-4209
-4098
-3873
-3583
-3115
-2400
-1597
-676
257
1207
2223
3177
4030
4670
5070
5350
5389
5235
4913
4359
3703
2837
1883
946
58
-713
-1461
-2111
-2570
-2845
-2966
-3018
-2981
-2850
-2681
-2510
-2323
-2111
-1899
-1726
-1604
-1438
-1169
-848
-482
-85
399
944
1506
2084
2633
3138
3554
3827
3994
4041
3939
3681
3252
2737
2144
1508
856
257
-215
-614
-843
-970
-911
-670
-369
28
403
820
1250
1567
1880
2016
2089
2112
2019
1973
1844
1768
1719
1656
1703
1763
1890
2033
2131
2226
2250
2235
2140
1934
1666
1298
888
421
-77
-556
-1050
-1485
-1900
-2241
-2513
-2763
-2962
-3144
-3247
-3311
-3392
-3468
-3559
-3641
-3747
-3868
-3989
-4111
-4207
-4339
-4435
-4476
-4467
-4375
-4318
-4164
-3929
-3548
-2957
-2190
-1267
-242
777
1800
2825
3792
4622
5172
5526
5694
5635
5375
4880
4218
3444
2489
1478
492
-363
-1098
-1814
-2400
-2798
-2973
-3008
-3002
-2918
-2752
-2551
-2377
-2224
-2040
-1822
-1680
-1568
-1392
-1100
-728
-334
109
647
1255
1874
2472
3036
3546
3930
4160
4266
4243
4074
3718
3212
2616
1967
1272
604
8
-482
-854
-1107
-1175
-1057
-782
-416
-4
465
914
1305
1678
1957
2150
2220
2185
2132
2077
2013
1930
1857
1865
1916
2000
2109
2241
2384
2456
2444
2382
2261
2041
1707
1280
830
371
-140
-659
-1141
-1546
-1890
-2197
-2439
-2599
-2758
-2887
-3016
-3105
-3140
-3239
-3353
-3496
-3649
-3762
-3937
-4070
-4173
-4299
-4363
-4435
-4425
-4337
-4251
-4120
-3903
-3523
-2975
-2273
-1427
-469
548
1515
2485
3425
4303
4944
5317
5521
5537
5377
4985
4347
3629
2783
1839
861
-65
-803
-1493
-2121
-2615
-2899
-2952
-2964
-2941
-2827
-2638
-2420
-2259
-2113
-1906
-1708
-1556
-1406
-1150
-791
-390
16
487
1066
1691
2290
2833
3341
3772
4052
4182
4193
4081
3810
3355
2791
2181
1530
880
274
-247
-630
-934
-1061
-1005
-786
-446
-100
338
778
1164
1542
1804
2045
2159
2151
2118
2037
2002
1902
1807
1796
1823
1929
2013
2120
2271
2368
2405
2351
2251
2087
1808
1420
972
520
54
-452
-960
-1392
-1778
-2108
-2401
-2663
-2840
-3009
-3154
-3264
-3346
-3402
-3514
-3648
-3771
-3900
-3988
-4116
-4240
-4333
-4436
-4465
-4483
-4457
-4385
-4303
-4081
-3749
-3241
-2521
-1667
-646
405
1415
2458
3448
4374
5053
5474
5710
5737
5569
5148
4502
3759
2875
1883
857
-108
-898
-1624
-2278
-2780
-3046
-3108
-3098
-3041
-2912
-2699
-2489
-2324
-2166
-1977
-1785
-1650
-1504
-1257
-910
-508
-97
397
1001
1643
2276
2859
3407
3860
4163
4325
4350
4236
3946
3479
2892
2241
1546
881
249
-281
-704
-1020
-1137
-1088
-882
-581
-230
232
664
1060
1415
1692
1954
2065
2085
2075
2042
2032
1953
1890
1914
1974
2066
2126
2207
2338
2407
2399
2306
2178
2004
1694
1293
862
445
-6
-503
-985
-1390
-1722
-2042
-2322
-2569
-2757
-2919
-3118
-3260
-3406
-3507
-3621
-3775
-3887
-3998
-4087
-4163
-4241
-4281
-4320
-4322
-4314
-4290
-4258
-4206
-4066
-3833
-3441
-2875
-2083
-1162
-154
875
1905
2985
3973
4774
5335
5699
5875
5803
5497
4950
4248
3407
2394
1323
295
-604
-1416
-2153
-2728
-3077
-3201
-3220
-3156
-2997
-2753
-2500
-2275
-2080
-1872
-1683
-1554
-1431
-1240
-966
-637
-265
186
727
1349
1988
2615
3214
3734
4132
4386
4505
4468
4249
3852
3305
2663
1947
1204
468
-169
-620
-975
-1115
-1152
-996
-640
-223
291
730
1174
1607
1878
2135
2230
2254
2232
2070
1957
1814
1743
1730
1710
1798
1908
2090
2265
2384
2488
2514
2444
2281
2000
1658
1218
710
176
-366
-852
-1348
-1784
-2171
-2502
-2741
-2984
-3126
-3239
-3349
-3396
-3514
-3583
-3687
-3810
-3903
-4086
-4164
-4327
-4463
-4529
-4646
-4641
-4678
-4628
-4537
-4381
-4047
-3623
-2926
-2018
-1040
90
1125
2233
3322
4286
5090
5582
5914
6020
5876
5541
4927
4206
3336
2291
1239
209
-647
-1423
-2146
-2698
-3051
-3146
-3177
-3143
-3013
-2827
-2599
-2440
-2275
-2074
-1886
-1747
-1633
-1399
-1062
-665
-220
272
901
1577
2236
2879
3471
3998
4357
4560
4628
4547
4301
3841
3248
2591
1873
1173
499
-71
-508
-864
-1028
-1001
-755
-407
-39
387
799
1207
1545
1782
1963
2033
2016
1942
1882
1854
1796
1749
1744
1841
1978
2118
2258
2395
2516
2534
2469
2331
2127
1827
1398
914
438
-56
-571
-1121
-1627
-2055
-2449
-2798
-3102
-3331
-3502
-3660
-3801
-3881
-3926
-3961
-4043
-4153
-4189
-4248
-4270
-4313
-4399
-4410
-4445
-4440
-4402
-4345
-4178
-3967
-3557
-2916
-2076
-1064
-5
1083
2180
3272
4278
5097
5666
6001
6107
5953
5610
5029
4259
3325
2241
1145
88
-827
-1632
-2348
-2878
-3213
-3329
-3287
-3171
-2977
-2745
-2508
-2278
-2070
-1872
-1693
-1582
-1460
-1269
-989
-625
-214
285
858
1499
2185
2845
3466
3989
4361
4586
4673
4600
4341
3882
3285
2587
1863
1144
467
-115
-605
-929
-1082
-1010
-756
-405
28
449
899
1331
1678
1967
2098
2159
2129
2029
1954
1829
1746
1678
1661
1737
1855
2025
2195
2339
2450
2501
2485
2379
2155
1830
1406
930
407
-161
-723
-1293
-1819
-2293
-2717
-3052
-3318
-3537
-3704
-3840
-3916
-3959
-3992
-4044
-4099
-4164
-4206
-4284
-4384
-4484
-4596
-4661
-4717
-4733
-4731
-4640
-4403
-4034
-3425
-2535
-1496
-324
842
2017
3200
4319
5259
5886
6271
6431
6329
5986
5390
4591
3656
2552
1385
255
-726
-1565
-2319
-2913
-3286
-3401
-3379
-3289
-3118
-2886
-2641
-2433
-2255
-2074
-1902
-1787
-1707
-1530
-1233
-862
-430
81
707
1419
2149
2869
3544
4136
4570
4820
4922
4860
4616
4156
3521
2795
1994
1198
446
-218
-730
-1125
-1303
-1240
-973
-578
-170
306
802
1264
1657
1906
2090
2166
2124
2031
1916
1845
1747
1658
1651
1738
1922
2102
2270
2456
2616
2701
2670
2547
2343
2026
1580
1044
501
-67
-659
-1267
-1851
-2317
-2728
-3101
-3401
-3651
-3788
-3885
-3953
-3939
-3981
-3985
-4034
-4116
-4109
-4196
-4283
-4395
-4545
-4595
-4677
-4715
-4676
-4658
-4428
-4132
-3560
-2640
-1651
-473
657
1806
3058
4158
5133
5777
6170
6389
6271
5968
5387
4618
3714
2572
1407
278
-689
-1518
-2288
-2894
-3260
-3372
-3344
-3247
-3074
-2845
-2607
-2419
-2228
-2038
-1875
-1773
-1719
-1554
-1267
-908
-474
17
649
1365
2080
2818
3500
4107
4540
4779
4892
4845
4606
4141
3485
2754
1962
1133
376
-304
-820
-1198
-1423
-1382
-1117
-712
-249
227
772
1259
1680
2010
2189
2305
2287
2187
2087
1971
1871
1755
1699
1759
1879
2041
2188
2358
2515
2595
2598
2507
2340
2038
1600
1087
554
16
-588
-1208
-1751
-2263
-2675
-3070
-3393
-3586
-3766
-3849
-3955
-3975
-3968
-4029
-4057
-4160
-4212
-4274
-4446
-4539
-4685
-4757
-4836
-4905
-4845
-4803
-4551
-4217
-3587
-2616
-1557
-318
857
2068
3320
4411
5379
5991
6380
6520
6322
5985
5330
4515
3537
2349
1181
18
-949
-1775
-2514
-3045
-3410
-3504
-3440
-3326
-3115
-2911
-2682
-2487
-2317
-2146
-2011
-1897
-1810
-1630
-1320
-910
-397
165
828
1568
2340
3095
3770
4351
4752
4961
5012
4861
4545
4012
3300
2503
1646
806
45
-620
-1125
-1467
-1628
-1526
-1208
-755
-242
269
829
1322
1725
2039
2197
2287
2249
2127
2030
1924
1845
1761
1716
1799
1941
2125
2297
2445
2600
2655
2612
2491
2268
1947
1473
902
343
-241
-830
-1454
-2012
-2490
-2907
-3265
-3571
-3779
-3918
-4003
-4085
-4075
-4094
-4111
-4172
-4256
-4290
-4374
-4477
-4598
-4750
-4812
-4918
-4928
-4882
-4769
-4413
-3916
-3014
-1929
-717
570
1777
3080
4257
5287
6053
6466
6679
6560
6200
5617
4763
3794
2599
1354
145
-932
-1792
-2547
-3128
-3518
-3665
-3582
-3422
-3204
-2971
-2733
-2503
-2330
-2171
-2036
-1921
-1833
-1711
-1439
-1036
-531
48
699
1462
2258
3056
3775
4380
4836
5075
5132
5004
4692
4178
3448
2607
1708
827
41
-682
-1220
-1609
-1779
-1662
-1351
-852
-338
190
770
1283
1747
2053
2234
2324
2251
2154
2027
1932
1863
1755
1727
1809
2009
2237
2416
2567
2715
2754
2694
2515
2247
1884
1354
733
99
-504
-1093
-1723
-2284
-2747
-3111
-3419
-3710
-3901
-4036
-4100
-4183
-4259
-4322
-4363
-4425
-4510
-4587
-4677
-4738
-4832
-4894
-4936
-4933
-4871
-4707
-4370
-3752
-2845
-1743
-524
742
2012
3324
4504
5521
6233
6652
6847
6687
6332
5685
4811
3779
2514
1255
17
-1068
-1971
-2788
-3362
-3730
-3845
-3766
-3595
-3342
-3069
-2800
-2554
-2324
-2129
-1959
-1842
-1719
-1530
-1224
-807
-294
304
992
1746
2550
3337
4042
4616
5021
5237
5275
5100
4729
4156
3392
2522
1587
661
-188
-885
-1452
-1804
-1964
-1882
-1534
-1043
-441
155
751
1355
1821
2226
2453
2546
2586
2465
2358
2226
2105
2033
1952
1982
2080
2248
2427
2560
2663
2700
2654
2504
2244
1859
1358
766
116
-502
-1133
-1751
-2315
-2827
-3228
-3555
-3837
-4008
-4169
-4237
-4290
-4341
-4330
-4381
-4392
-4469
-4543
-4596
-4705
-4790
-4888
-4979
-4999
-4982
-4753
-4377
-3629
-2611
-1453
-100
1185
2588
3913
5100
6056
6633
7007
7045
6772
6262
5417
4440
3229
1874
549
-724
-1737
-2638
-3352
-3813
-4032
-3984
-3819
-3569
-3254
-2948
-2657
-2413
-2205
-2034
-1908
-1819
-1704
-1463
-1122
-666
-89
588
1367
2181
3010
3810
4490
5020
5321
5446
5368
5065
4541
3790
2921
1962
953
-8
-818
-1453
-1893
-2136
-2160
-1904
-1421
-842
-204
417
1073
1625
2048
2357
2492
2573
2518
2384
2254
2130
2067
2017
2028
2136
2301
2502
2662
2788
2848
2809
2642
2361
1980
1461
868
187
-491
-1139
-1788
-2368
-2875
-3270
-3587
-3850
-4035
-4146
-4197
-4257
-4287
-4299
-4304
-4333
-4430
-4492
-4606
-4696
-4816
-4997
-5031
-5112
-5086
-4914
-4558
-3750
-2731
-1514
-169
1122
2576
3917
5136
6116
6698
7077
7099
6830
6314
5453
4455
3228
1847
491
-781
-1793
-2673
-3406
-3898
-4114
-4049
-3855
-3611
-3336
-3006
-2724
-2489
-2283
-2122
-1971
-1891
-1783
-1519
-1151
-633
-47
643
1451
2281
3132
3929
4620
5145
5414
5494
5396
5070
4518
3724
2819
1845
858
-124
-956
-1562
-1988
-2185
-2211
-1936
-1454
-880
-262
343
1028
1623
2051
2382
2530
2658
2655
2568
2467
2335
2264
2173
2146
2200
2298
2409
2492
2531
2547
2486
2335
2086
1720
1256
699
97
-512
-1134
-1777
-2375
-2907
-3356
-3752
-4103
-4369
-4549
-4663
-4752
-4836
-4838
-4851
-4819
-4809
-4826
-4813
-4844
-4873
-4902
-4958
-4892
-4724
-4322
-3578
-2595
-1381
-41
1277
2709
4055
5292
6301
6911
7288
7297
7023
6489
5597
4543
3222
1776
346
-1015
-2119
-3086
-3844
-4329
-4548
-4484
-4258
-3935
-3553
-3156
-2812
-2493
-2205
-1976
-1798
-1697
-1543
-1264
-888
-391
186
884
1687
2503
3330
4120
4800
5305
5557
5618
5487
5129
4529
3687
2725
1706
667
-312
-1160
-1820
-2256
-2475
-2428
-2124
-1660
-1066
-437
294
1034
1647
2157
2481
2734
2869
2857
2818
2699
2600
2463
2331
2318
2325
2387
2401
2417
2449
2423
2336
2144
1843
1459
942
384
-219
-857
-1498
-2191
-2779
-3320
-3802
-4208
-4585
-4835
-5008
-5142
-5150
-5184
-5100
-5080
-5037
-4933
-4927
-4851
-4914
-4926
-4937
-4839
-4508
-3905
-2948
-1812
-512
879
2304
3806
5122
6264
7053
7517
7709
7493
7060
6230
5156
3843
2302
780
-726
-2028
-3124
-4042
-4639
-4966
-4957
-4717
-4374
-3945
-3497
-3041
-2624
-2279
-1998
-1775
-1618
-1470
-1247
-894
-435
129
777
1546
2398
3258
4086
4796
5360
5713
5816
5727
5388
4831
4024
3022
1946
829
-252
-1244
-2005
-2544
-2795
-2832
-2590
-2092
-1459
-739
30
830
1583
2148
2551
2831
3020
3096
3017
2884
2751
2627
2476
2390
2358
2411
2428
2402
2400
2377
2315
2091
1774
1389
901
316
-354
-1033
-1681
-2382
-3049
-3637
-4122
-4527
-4890
-5163
-5291
-5350
-5338
-5298
-5205
-5093
-5041
-5008
-4962
-4930
-4961
-4981
-4863
-4506
-3787
-2831
-1625
-230
1142
2642
4076
5464
6603
7309
7751
7827
7618
7078
6127
5000
3573
1980
330
-1239
-2484
-3587
-4497
-5134
-5375
-5253
-4953
-4572
-4093
-3551
-3057
-2651
-2294
-1960
-1682
-1545
-1413
-1137
-740
-224
330
1003
1814
2653
3507
4301
4993
5522
5767
5810
5636
5233
4581
3666
2612
1473
331
-766
-1715
-2435
-2913
-3113
-3083
-2712
-2137
-1422
-596
205
1056
1753
2303
2753
2988
3156
3123
3021
2896
2675
2522
2327
2227
2177
2120
2129
2113
2120
2063
1914
1718
1407
1012
462
-146
-791
-1484
-2173
-2921
-3558
-4137
-4641
-5043
-5375
-5511
-5616
-5622
-5552
-5413
-5189
-5080
-4961
-4931
-4882
-4819
-4700
-4333
-3711
-2802
-1721
-465
924
2376
3842
5157
6304
7129
7643
7840
7679
7248
6414
5318
3937
2379
764
-852
-2283
-3509
-4494
-5190
-5567
-5590
-5337
-4947
-4452
-3902
-3315
-2772
-2309
-1929
-1595
-1336
-1103
-833
-476
-14
531
1152
1868
2662
3465
4224
4864
5369
5664
5743
5598
5209
4595
3746
2729
1618
468
-629
-1586
-2361
-2851
-3100
-3066
-2741
-2218
-1471
-639
239
1117
1832
2446
2899
3193
3363
3329
3222
3027
2784
2541
2283
2109
1961
1843
1766
1720
1702
1635
1489
1255
962
577
57
-524
-1187
-1888
-2625
-3428
-4097
-4730
-5267
-5709
-6066
-6187
-6212
-6128
-5981
-5787
-5546
-5337
-5218
-4960
-4518
-3838
-2897
-1965
-786
492
1866
3289
4527
5702
6661
7277
7639
7614
7435
6915
6033
4848
3419
1965
439
-1069
-2506
-3693
-4641
-5323
-5713
-5807
-5597
-5262
-4859
-4335
-3762
-3131
-2599
-2152
-1693
-1289
-856
-432
71
658
1252
1883
2570
3299
4023
4615
5069
5396
5553
5497
5208
4715
4031
3165
2127
1042
-29
-995
-1818
-2496
-2870
-3027
-2882
-2530
-1958
-1160
-321
551
1293
1951
2543
2931
3195
3240
3173
3013
2739
2460
2131
1890
1664
1460
1337
1243
1224
1180
1071
891
636
295
-175
-747
-1432
-2181
-2982
-3794
-4582
-5260
-5873
-6318
-6641
-6770
-6722
-6583
-6298
-6010
-5726
-5304
-4664
-3692
-2485
-1385
-239
941
2323
3664
4788
5699
6445
6975
7209
7092
6831
6419
5669
4551
3185
1890
693
-566
-1945
-3146
-4046
-4660
-5171
-5467
-5449
-5232
-4980
-4706
-4270
-3596
-2958
-2458
-1986
-1430
-762
-135
484
1137
1809
2435
3028
3630
4255
4734
5000
5112
5128
5022
4710
4173
3523
2769
1901
975
92
-622
-1249
-1805
-2218
-2311
-2061
-1647
-1171
-666
-51
635
1242
1744
2121
2422
2575
2539
2418
2278
2171
1964
1670
1391
1279
1246
1187
1055
908
836
683
433
53
-370
-847
-1490
-2247
-2996
-3692
-4328
-5038
-5669
-6125
-6379
-6471
-6517
-6433
-6192
-5919
-5452
-4665
-3566
-2169
-939
235
1532
2898
4239
5251
5979
6570
6880
6909
6619
6182
5683
4825
3622
2312
1122
126
-957
-2129
-3074
-3746
-4202
-4598
-4834
-4751
-4571
-4445
-4283
-3963
-3369
-2816
-2431
-1997
-1426
-724
-38
609
1354
2114
2787
3374
3928
4526
4949
5100
5056
4897
4660
4225
3564
2800
2036
1218
385
-355
-906
-1229
-1488
-1625
-1514
-1170
-706
-329
43
481
894
1256
1445
1566
1682
1690
1591
1458
1381
1382
1324
1208
1114
1110
1153
1078
896
682
426
80
-396
-957
-1552
-2159
-2857
-3624
-4264
-4821
-5244
-5645
-5979
-6137
-6124
-5975
-5824
-5439
-4687
-3694
-2447
-1300
-86
1274
2574
3799
4741
5530
6154
6455
6473
6197
5803
5314
4482
3431
2285
1200
233
-779
-1752
-2536
-3138
-3585
-3965
-4159
-4119
-4038
-3938
-3818
-3595
-3204
-2824
-2470
-2052
-1569
-996
-415
253
1005
1738
2435
3050
3657
4243
4655
4869
4915
4830
4589
4154
3547
2927
2239
1506
701
-28
-477
-797
-1007
-1142
-1120
-864
-555
-278
35
355
706
861
904
943
985
1013
886
704
623
628
631
599
554
609
629
572
420
218
25
-309
-791
-1345
-1902
-2445
-3045
-3686
-4277
-4744
-5101
-5407
-5598
-5633
-5566
-5213
-4636
-3735
-2567
-1467
-305
878
2101
3286
4185
4898
5419
5663
5698
5374
5020
4560
3838
2942
1884
986
231
-549
-1301
-1954
-2397
-2682
-3000
-3140
-3148
-3069
-3024
-3073
-3013
-2786
-2520
-2295
-2077
-1746
-1271
-755
-169
482
1183
1894
2514
3095
3650
4098
4379
4463
4370
4168
3801
3342
2815
2268
1765
1184
732
376
145
5
-117
-149
-83
-32
47
40
96
124
59
-6
-130
-151
-167
-211
-242
-216
-125
-12
22
66
76
73
-5
-210
-441
-718
-1039
-1428
-1905
-2343
-2776
-3160
-3542
-3915
-4156
-4311
-4409
-4350
-4057
-3470
-2617
-1773
-896
73
1129
2147
3013
3667
4228
4544
4661
4495
4185
3862
3301
2604
1762
973
317
-278
-857
-1303
-1658
-1825
-2002
-2045
-1975
-1886
-1784
-1777
-1746
-1661
-1555
-1487
-1393
-1268
-1060
-830
-491
-45
480
1041
1541
2056
2571
3039
3378
3595
3701
3712
3596
3329
3032
2714
2391
1975
1504
1101
810
558
349
104
-7
-76
-153
-217
-297
-263
-270
-315
-394
-439
-410
-369
-414
-438
-482
-463
-488
-565
-639
-729
-812
-970
-1137
-1336
-1466
-1630
-1831
-2060
-2261
-2431
-2567
-2748
-2866
-2979
-2917
-2684
-2312
-1696
-1119
-431
309
1054
1850
2521
3064
3513
3700
3786
3595
3337
3005
2464
1846
1095
395
-177
-714
-1143
-1493
-1714
-1781
-1821
-1712
-1554
-1328
-1107
-960
-842
-712
-585
-477
-397
-343
-258
-129
83
361
667
1030
1382
1741
2139
2470
2810
3055
3193
3286
3229
3172
2993
2733
2406
1940
1504
1080
645
328
-56
-319
-552
-716
-756
-798
-718
-642
-570
-474
-418
-331
-258
-273
-316
-455
-582
-742
-901
-1069
-1227
-1372
-1473
-1575
-1623
-1619
-1604
-1570
-1563
-1587
-1590
-1612
-1643
-1682
-1645
-1490
-1230
-881
-539
-103
391
922
1439
1891
2307
2625
2806
2847
2725
2571
2284
1869
1359
777
237
-281
-742
-1111
-1400
-1553
-1644
-1624
-1481
-1272
-1006
-758
-508
-283
-80
82
211
317
404
449
494
566
680
810
974
1158
1404
1679
1917
2177
2390
2617
2746
2760
2682
2514
2278
1981
1548
1136
666
241
-164
-561
-805
-996
-1065
-1078
-1058
-940
-791
-638
-498
-449
-408
-446
-533
-687
-906
-1122
-1350
-1573
-1761
-1924
-1994
-2014
-1981
-1893
-1768
-1609
-1428
-1271
-1118
-995
-844
-663
-447
-196
31
273
533
799
1071
1322
1545
1732
1852
1889
1840
1744
1601
1381
1073
713
333
-28
-369
-690
-951
-1151
-1277
-1323
-1304
-1186
-1004
-773
-521
-275
-20
210
440
640
779
891
953
1016
1057
1083
1104
1176
1271
1400
1566
1691
1882
2035
2116
2175
2111
2015
1826
1544
1239
807
463
61
-324
-603
-889
-1035
-1123
-1139
-1052
-970
-789
-639
-510
-383
-357
-335
-385
-503
-663
-857
-1040
-1227
-1374
-1495
-1573
-1588
-1541
-1464
-1337
-1182
-1017
-840
-679
-532
-372
-211
-19
136
297
457
587
766
887
1012
1125
1199
1264
1250
1228
1166
1057
939
739
530
318
90
-104
-301
-457
-585
-671
-694
-687
-616
-501
-357
-189
-13
162
342
510
658
781
873
986
1079
1172
1261
1289
1361
1441
1508
1606
1620
1639
1592
1486
1372
1165
1003
780
521
282
-3
-211
-390
-545
-636
-745
-772
-787
-774
-721
-709
-672
-671
-719
-763
-853
-937
-1028
-1114
-1203
-1278
-1323
-1313
-1303
-1234
-1163
-1074
-956
-843
-723
-603
-500
-395
-302
-215
-118
-32
87
198
313
427
538
648
749
830
890
917
917
878
805
698
564
415
251
69
-98
-243
-359
-442
-492
-505
-469
-396
-288
-171
-21
131
293
453
599
729
836
919
988
1036
1076
1105
1143
1180
1227
1265
1281
1290
1265
1213
1131
1007
874
691
496
274
41
-168
-370
-539
-677
-782
-841
-875
-879
-850
-813
-760
-719
-694
-681
-685
-700
-719
-759
-805
-840
-885
-916
-948
-959
-955
-931
-889
-849
-787
-699
-611
-502
-380
-263
-135
-15
99
199
305
401
482
554
610
646
669
676
666
649
613
558
499
430
358
288
218
157
101
63
32
19
34
65
116
178
253
344
447
550
654
766
881
986
1093
1190
1271
1351
1390
1387
1343
1255
1140
983
801
606
395
199
2
-171
-307
-412
-481
-530
-559
-568
-562
-543
-531
-534
-549
-583
-636
-673
-719
-759
-785
-815
-836
-852
-848
-827
-791
-738
-687
-639
-577
-520
-448
-385
-330
-277
-234
-192
-149
-110
-62
-19
30
80
129
197
267
353
427
494
552
595
629
649
652
650
632
598
553
500
450
405
375
356
353
370
405
461
532
612
697
781
854
919
966
994
1006
994
963
909
834
749
657
567
470
375
285
196
120
43
-32
-106
-172
-241
-315
-387
-458
-518
-569
-621
-666
-702
-737
-746
-745
-718
-678
-639
-591
-543
-494
-448
-412
-381
-366
-353
-362
-368
-363
-363
-349
-335
-315
-282
-248
-198
-146
-88
-20
31
90
146
196
245
284
321
338
357
363
361
367
371
373
378
390
399
418
436
453
469
490
502
513
523
534
545
554
562
570
582
590
597
605
612
620
630
636
643
645
637
616
590
556
510
448
389
316
232
146
54
-47
-143
-234
-318
-386
-445
-496
-532
-556
-571
-575
-568
-548
-513
-470
-441
-402
-361
-327
-296
-276
-265
-255
-258
-270
-287
-298
-307
-324
-326
-338
-332
-308
-282
-236
-187
-136
-79
-27
30
83
134
178
204
230
244
257
257
258
265
260
261
262
272
296
321
343
368
390
409
421
435
438
440
449
449
444
444
453
462
470
480
498
519
544
566
586
608
626
640
642
626
600
560
503
437
367
296
216
137
52
-35
-113
-188
-243
-290
-335
-365
-375
-360
-325
-273
-224
-179
-124
-84
-54
-32
-32
-5
9
25
67
101
153
178
177
180
164
168
144
111
82
23
-13
-51
-75
-67
-76
-77
-73
-49
-1
36
94
139
175
224
251
287
328
345
353
338
310
284
259
237
202
175
162
158
169
196
228
278
313
351
383
412
447
451
454
439
421
411
386
353
330
308
295
278
259
249
237
233
218
208
208
207
197
175
158
140
112
80
47
-4
-36
-57
-68
-70
-65
-63
-74
-69
-59
-45
-29
-23
-29
-34
-27
-16
-19
-33
-45
-43
-46
-63
-76
-74
-53
-45
-57
-62
-45
-35
-15
-4
0
19
30
37
43
59
61
59
76
88
90
101
102
113
123
127
124
119
124
111
108
106
96
87
83
67
65
57
56
63
56
59
73
89
113
146
158
167
178
200
216
223
232
242
247
234
210
182
158
130
80
28
-3
-27
-43
-69
-85
-79
-63
-62
-67
-40
-16
-8
0
-2
11
29
45
50
57
62
47
25
0
2
9
6
-1
-22
-29
6
24
37
56
58
47
43
44
38
47
49
13
-9
6
4
8
3
-9
-17
-3
10
39
107
154
172
193
203
226
249
247
226
188
161
132
102
77
51
21
1
-23
-27
-24
4
44
57
60
102
160
186
209
238
253
260
259
221
192
180
143
98
66
33
11
1
-9
-10
6
20
25
56
100
138
186
213
233
262
258
230
212
217
225
236
227
169
98
19
-65
-116
-133
-162
-231
-235
-148
-25
92
152
176
216
277
320
316
294
247
193
159
142
133
119
111
118
147
179
185
182
196
211
227
227
192
142
106
75
32
-30
-104
-163
-191
-207
-223
-209
-173
-133
-76
-9
64
135
180
202
214
221
203
148
102
55
27
8
-31
-60
-71
-67
-57
-34
-10
13
47
74
105
130
141
139
130
127
118
99
75
46
38
31
24
11
5
23
42
65
86
101
119
139
145
145
141
132
103
68
31
5
-23
-62
-92
-112
-117
-114
-112
-106
-82
-49
-14
10
32
48
62
74
72
57
46
25
13
5
-6
-16
-28
-21
-13
6
26
40
67
88
112
127
129
129
126
125
113
91
73
53
36
16
-1
-4
-5
-1
9
23
51
73
97
118
134
150
153
147
140
131
120
107
89
71
52
40
33
29
32
35
40
50
60
65
79
81
89
92
96
96
85
80
75
65
57
38
25
24
21
26
31
41
58
76
92
110
128
137
143
145
136
125
112
87
65
42
23
0
-19
-31
-33
-24
-15
7
27
49
68
92
114
125
133
121
105
90
78
61
44
27
16
6
-1
1
6
16
22
24
27
37
40
45
45
41
34
22
12
1
-1
2
-1
7
12
23
33
46
59
73
87
94
96
92
87
68
62
58
48
40
23
18
19
18
19
13
7
5
10
13
18
20
24
32
34
33
38
45
57
62
64
64
66
67
70
74
70
73
73
69
62
57
45
33
31
25
32
36
35
41
46
61
63
67
70
76
87
90
90
87
80
79
72
64
61
60
65
66
71
72
78
88
92
100
99
95
97
87
82
75
63
56
42
43
39
37
48
55
67
77
86
96
106
114
116
114
117
110
104
92
84
86
82
85
84
82
79
74
78
77
81
83
78
78
78
75
72
68
62
58
52
48
48
49
48
50
51
49
50
55
58
62
59
66
69
75
82
84
88
88
88
88
89
96
92
93
96
92
93
85
76
70
68
58
51
48
40
34
32
32
35
43
51
59
73
78
85
93
93
92
91
90
92
90
87
83
81
78
75
75
72
72
69
69
70
72
74
70
67
64
57
45
38
36
29
22
20
16
22
27
33
41
48
56
57
60
57
53
49
45
41
31
23
16
16
11
9
8
8
13
13
12
12
10
9
7
3
2
-1
-4
0
-3
-7
-11
-10
-5
-4
4
11
16
18
16
22
20
18
14
4
-7
-18
-25
-34
-38
-38
-34
-33
-27
-25
-20
-11
-2
1
-3
-4
-4
-10
-10
-13
-18
-16
-14
-10
-4
1
12
19
21
22
21
19
16
7
-4
-13
-23
-27
-32
-37
-42
-36
-37
-33
-26
-18
-7
4
14
25
29
29
29
21
9
2
-8
-18
-26
-32
-39
-48
-48
-43
-37
-31
-22
-16
-13
-10
-6
-7
-10
-7
-8
-11
-13
-18
-25
-30
-32
-28
-25
-18
-10
0
9
15
21
23
21
16
14
2
-5
-12
-23
-27
-33
-33
-28
-24
-12
1
8
15
19
22
26
24
24
19
15
7
2
-9
-14
-15
-16
-13
-13
-13
-6
0
7
14
14
15
14
16
14
10
3
-9
-20
-30
-40
-48
-56
-59
-60
-59
-53
-44
-32
-23
-10
-2
4
11
13
14
12
5
-4
-13
-25
-31
-35
-37
-33
-25
-18
-7
6
17
23
21
17
16
6
-8
-22
-36
-43
-51
-53
-53
-47
-31
-22
-5
9
21
33
38
45
50
44
40
29
18
6
-2
-9
-19
-24
-28
-28
-26
-18
-8
4
14
22
29
29
34
32
27
19
14
7
-2
-9
-18
-24
-27
-27
-28
-24
-16
-6
2
11
20
27
31
30
29
18
8
-2
-16
-25
-34
-37
-39
-40
-36
-29
-21
-10
-1
5
12
13
9
1
-5
-13
-23
-27
-34
-37
-36
-33
-23
-15
-6
5
19
25
35
39
40
43
38
25
21
15
6
-1
-6
-7
-9
-3
2
9
12
13
20
25
20
24
21
15
14
11
12
7
10
8
9
9
10
13
16
18
17
20
17
21
19
22
21
18
16
14
11
7
5
3
1
0
2
0
0
2
3
8
10
3
2
1
3
2
-2
-5
-9
-8
-12
-14
-8
-9
-11
-8
-10
-9
-9
-12
-12
-14
-13
-19
-18
-18
-13
-10
-9
-4
-3
3
9
10
15
17
17
15
14
15
10
7
5
0
0
1
-1
0
-2
-3
-2
-2
-4
-3
-2
-1
2
5
6
5
4
5
3
9
8
5
8
8
7
7
3
6
8
5
9
9
8
10
10
10
11
10
4
-5
-7
-11
-19
-27
-33
-42
-45
-45
-44
-41
-39
-31
-27
-23
-21
-16
-20
-18
-20
-25
-26
-33
-31
-30
-32
-31
-30
-27
-23
-20
-22
-22
-18
-17
-15
-18
-22
-21
-27
-33
-30
-33
-35
-32
-32
-27
-21
-13
-7
-5
3
11
9
10
11
6
5
0
-3
-9
-14
-13
-11
-11
-8
-8
-7
-5
-3
1
1
5
5
6
4
5
3
6
7
10
15
12
14
12
12
11
8
5
7
7
6
8
6
5
3
2
1
-3
-3
-1
-3
-2
-4
-4
-4
-3
1
2
2
-4
-5
-4
-8
-4
-8
-12
-16
-16
-16
-19
-15
-18
-15
-12
-13
-8
-7
-3
-2
3
5
8
10
11
14
16
20
24
27
28
30
33
37
40
37
36
32
28
23
21
16
17
14
15
18
18
21
28
35
37
46
50
53
55
57
56
54
55
49
45
44
42
44
45
44
45
50
55
58
59
60
67
67
67
70
64
63
60
57
50
44
42
41
41
41
42
45
45
48
50
52
59
59
65
65
69
67
65
65
62
58
54
50
48
46
44
45
46
47
51
53
51
53
49
44
46
42
40
41
36
35
36
39
41
40
44
49
53
52
58
66
66
66
68
67
65
64
62
59
56
51
51
48
53
56
55
59
65
69
70
74
75
70
68
61
59
58
52
50
46
35
34
35
36
37
38
41
42
48
50
55
59
60
63
64
63
61
63
58
53
55
54
52
55
56
56
55
54
59
59
65
63
64
57
53
53
51
50
45
43
40
39
38
41
43
44
45
48
50
53
54
55
53
51
49
51
48
43
43
42
39
37
37
36
37
38
38
40
41
39
37
35
32
31
29
30
29
27
29
31
30
32
34
39
41
44
49
49
52
54
55
52
52
51
46
48
44
41
40
34
35
35
37
42
45
48
48
49
50
52
50
50
47
44
42
35
33
32
29
30
29
28
29
33
38
42
47
49
55
57
59
58
58
56
57
55
54
48
44
42
39
39
41
39
44
46
47
53
56
59
59
57
56
56
53
52
46
46
39
39
38
36
36
37
38
40
44
48
52
54
54
56
60
63
66
67
65
64
64
59
58
49
44
44
43
40
38
40
33
33
33
34
35
39
40
42
43
45
46
49
52
53
52
53
54
55
55
56
56
55
56
54
52
52
52
52
53
47
48
49
48
46
46
45
45
43
45
46
49
48
48
54
54
53
55
54
55
54
55
52
48
50
50
47
44
44
44
45
43
44
42
44
44
47
49
51
51
45
47
47
49
50
47
46
46
47
47
43
48
47
46
50
51
52
53
55
55
57
54
53
54
53
52
53
51
48
46
44
44
44
44
47
49
48
49
52
54
59
58
58
61
59
55
54
49
42
45
44
41
43
42
41
42
43
41
46
47
48
53
55
57
57
58
59
58
54
56
53
53
52
52
55
52
52
50
50
52
52
52
52
52
47
48
45
45
44
40
38
36
37
34
33
32
31
29
30
29
32
36
40
36
40
39
40
42
41
41
41
43
43
41
42
39
39
39
36
40
36
37
32
31
31
27
22
22
20
19
15
15
12
12
12
12
13
15
19
20
25
29
31
31
34
39
43
46
44
48
46
42
44
44
40
37
36
36
32
29
28
23
23
26
23
21
23
21
18
16
18
18
16
17
13
14
16
17
16
18
16
20
24
21
20
20
19
17
18
14
14
6
6
2
-4
-1
-10
-11
-13
-16
-19
-20
-11
-15
-13
-12
-12
-13
-11
-9
-9
-10
-11
-11
-11
-11
-8
-10
-14
-13
-13
-13
-13
-9
-10
-11
-10
-12
-13
-13
-11
-12
-11
-13
-16
-13
-16
-18
-19
-14
-14
-14
-12
-11
-11
-7
-4
-3
-6
-2
4
2
6
7
6
5
8
8
9
11
10
9
9
10
13
13
12
11
11
9
9
6
12
10
8
12
7
5
8
8
7
8
11
8
10
9
8
13
11
11
10
11
13
12
14
11
7
6
6
2
3
2
-1
-2
-4
-7
-8
-14
-14
-16
-16
-14
-19
-19
-18
-20
-21
-20
-20
-21
-21
-19
-17
-18
-17
-14
-16
-12
-12
-10
-11
-9
-9
-8
-8
-7
-6
-8
-7
-9
-10
-11
-10
-11
-10
-10
-8
-11
-9
-8
-12
-11
-10
-6
-7
-5
-5
-6
-4
-5
-1
-4
-3
-2
-6
-9
-8
-8
-6
-4
-4
-4
-5
-4
-5
-5
-3
-3
-1
-2
0
1
1
2
-2
-1
0
-1
-2
-1
-2
1
-3
0
2
2
3
3
4
-1
-2
-1
-4
-4
-6
-9
-6
-3
-6
-5
-6
-4
-3
-3
-2
2
-3
-6
-1
0
-1
1
0
-1
1
2
4
4
0
0
-4
-2
-4
-5
-4
-9
-7
-5
-6
-8
-5
-4
-6
-7
-7
-4
-3
-2
-3
-4
-3
-2
-4
-1
-4
-5
-3
-6
-7
-12
-8
-8
-12
-11
-12
-10
-10
-12
-10
-12
-10
-11
-9
-8
-9
-11
-13
-13
-11
-12
-14
-13
-14
-14
-15
-19
-18
-15
-20
-17
-20
-19
-23
-22
-22
-27
-27
-27
-28
-27
-26
-25
-26
-28
-28
-32
-31
-30
-32
-31
-30
-28
-27
-26
-28
-28
-25
-26
-27
-28
-29
-26
-25
-26
-25
-20
-21
-25
-23
-20
-23
-27
-25
-25
-25
-23
-22
-24
-25
-24
-26
-25
-27
-27
-27
-27
-29
-29
-29
-29
-27
-29
-28
-27
-28
-26
-25
-24
-22
-24
-19
-16
-17
-16
-15
-16
-17
-17
-14
-14
-11
-15
-15
-12
-12
-10
-8
-9
-9
-4
-4
-7
-7
-5
-2
-5
-6
-4
-8
-8
-9
-10
-9
-9
-9
-8
-9
-6
-6
-8
-2
0
0
0
3
2
4
4
4
1
1
2
1
1
5
1
-2
1
-4
-6
-6
-6
-9
-8
-10
-10
-8
-17
-15
-15
-12
-12
-13
-15
-14
-12
-14
-14
-13
-13
-11
-13
-10
-8
-10
-10
-13
-11
-13
-12
-15
-15
-15
-16
-18
-18
-18
-22
-20
-20
-19
-21
-21
-20
-23
-23
-20
-21
-19
-23
-20
-21
-23
-19
-20
-20
-23
-19
-16
-16
-16
-15
-14
-12
-11
-14
-13
-15
-12
-15
-16
-15
-12
-13
-14
-13
-11
-13
-13
-15
-14
-11
-9
-12
-11
-8
-9
-11
-12
-9
-11
-10
-11
-7
-8
-11
-11
-11
-12
-12
-11
-12
-13
-11
-10
-11
-13
-10
-10
-13
-15
-13
-13
-15
-15
-19
-20
-23
-22
-24
-22
-23
-22
-25
-25
-21
-23
-23
-21
-21
-22
-22
-23
-20
-22
-21
-23
-23
-24
-24
-25
-25
-22
-24
-26
-25
-25
-25
-23
-26
-24
-25
-23
-24
-27
-25
-23
-29
-25
-25
-24
-24
-22
-24
-24
-19
-20
-18
-16
-13
-16
-14
-11
-11
-11
-10
-13
-13
-12
-15
-15
-15
-16
-12
-12
-13
-14
-13
-13
-12
-12
-14
-15
-18
-11
-12
-9
-9
-10
-8
-8
-8
-6
-6
-7
-6
-8
-6
-7
-8
-4
-8
-6
-6
-5
-7
-8
-8
-8
-9
-9
-8
-10
-4
-7
-3
-4
-5
-6
-6
-6
-7
-4
-8
-9
-7
-8
-5
-6
-5
-5
-3
-4
-5
-3
-2
-1
-2
-4
-2
1
1
-3
-4
-4
-2
-3
-6
-5
-4
-4
-4
-4
-6
-5
-6
-6
-3
-3
-5
-4
-9
-6
-6
-8
-10
-9
-11
-11
-10
-15
-14
-15
-15
-16
-15
-14
-14
-17
-20
-18
-16
-21
-18
-18
-19
-19
-22
-23
-23
-27
-25
-26
-25
-26
-26
-22
-27
-25
-25
-23
-21
-23
-24
-17
-18
-19
-17
-25
-20
-18
-19
-21
-21
-21
-24
-23
-26
-27
-28
-25
-24
-25
-24
-26
-26
-22
-22
-25
-27
-25
-22
-22
-23
-21
-21
-21
-19
-20
-19
-18
-16
-16
-12
-15
-13
-9
-11
-10
-11
-12
-14
-12
-11
-13
-12
-12
-16
-16
-13
-17
-17
-17
-17
-18
-17
-17
-19
-16
-16
-13
-12
-14
-14
-15
-15
-16
-13
-15
-13
-12
-11
-9
-11
-8
-7
-4
-6
-9
-8
-7
-7
-6
-9
-7
-6
-9
-8
-11
-10
-8
-10
-8
-10
-7
-7
-10
-9
-10
-12
-14
-11
-12
-11
-12
-12
-11
-12
-15
-13
-16
-16
-15
-16
-17
-18
-20
-17
-18
-21
-18
-17
-14
-18
-17
-18
-18
-17
-19
-18
-18
-17
-17
-14
-16
-13
-15
-17
-13
-13
-14
-14
-12
-13
-16
-18
-16
-17
-16
-17
-21
-18
-16
-22
-22
-21
-22
-20
-18
-19
-16
-16
-16
-14
-12
-9
-7
-6
-7
-9
-9
-12
-7
-5
-7
-9
-8
-10
-9
-8
-6
-11
-10
-10
-9
-7
-8
-8
-7
-11
-10
-11
-11
-9
-8
-9
-7
-7
-5
-5
-7
-6
-4
-1
-5
-4
-6
-2
-2
-8
-4
-4
-5
-1
-5
-6
-5
-7
-4
-7
-8
-6
-4
-6
-6
-4
-2
-1
-5
-6
-5
-5
-7
-10
-9
-11
-11
-12
-12
-13
-12
-14
-14
-10
-12
-10
-11
-12
-11
-11
-12
-10
-14
-14
-12
-18
-16
-13
-16
-16
-14
-16
-15
-17
-17
-15
-13
-11
-12
-10
-10
-12
-12
-9
-9
-9
-3
-6
-8
-11
-9
-6
-8
-7
-6
-7
-6
-8
-8
-7
-11
-11
-13
-11
-11
-11
-11
-11
-8
-8
-8
-9
-9
-7
-5
-4
-6
0
-3
-3
-2
1
2
0
3
2
-1
0
-2
-3
-2
-3
-6
-6
-6
-8
-7
-10
-7
-9
-10
-11
-11
-11
-14
-11
-9
-7
-10
-11
-10
-8
-5
-6
-5
-5
-5
-4
-6
-2
-1
0
1
-1
0
-3
-3
-3
-4
-7
-6
-11
-10
-14
-11
-12
-12
-13
-17
-12
-14
-13
-17
-11
-11
-13
-15
-14
-11
-17
-14
-14
-15
-13
-15
-19
-19
-19
-24
-21
-20
-22
-20
-23
-21
-20
-21
-22
-22
-21
-23
-22
-24
-21
-22
-24
-25
-26
-25
-27
-29
-32
-28
-28
-30
-26
-28
-28
-29
-32
-29
-31
-30
-29
-28
-27
-27
-28
-33
-32
-33
-30
-32
-31
-31
-31
-33
-31
-30
-30
-29
-27
-29
-29
-29
-29
-28
-28
-27
-26
-27
-30
-27
-27
-26
-24
-25
-26
-25
-23
-25
-22
-23
-23
-22
-23
-21
-19
-22
-22
-21
-23
-21
-21
-26
-22
-23
-23
-21
-23
-22
-22
-22
-21
-22
-19
-19
-17
-17
-20
-19
-15
-15
-14
-15
-14
-15
-12
-10
-11
-13
-15
-16
-15
-14
-14
-13
-16
-15
-17
-18
-20
-22
-24
-24
-22
-22
-25
-25
-24
-25
-22
-23
-23
-25
-25
-26
-23
-24
-23
-24
-24
-20
-18
-22
-25
-22
-22
-22
-28
-27
-25
-30
-29
-28
-26
-28
-26
-28
-32
-32
-33
-34
-32
-33
-32
-31
-32
-35
-35
-36
-37
-36
-35
-38
-35
-36
-38
-36
-39
-35
-33
-35
-37
-38
-37
-36
-36
-36
-36
-34
-32
-34
-32
-35
-32
-37
-35
-33
-35
-38
-40
-36
-39
-41
-39
-40
-41
-39
-41
-44
-39
-38
-34
-37
-37
-39
-37
-37
-36
-35
-39
-36
-36
-37
-37
-36
-34
-36
-33
-34
-35
-33
-31
-28
-31
-28
-26
-29
-27
-29
-28
-27
-25
-23
-24
-23
-22
-23
-22
-22
-22
-21
-21
-22
-20
-21
-22
-26
-24
-22
-24
-22
-25
-25
-26
-26
-23
-24
-24
-24
-22
-21
-25
-24
-23
-24
-26
-23
-25
-22
-20
-19
-22
-23
-19
-25
-23
-21
-26
-22
-25
-24
-25
-26
-25
-27
-27
-26
-27
-29
-25
-27
-23
-22
-21
-24
-24
-24
-24
-22
-24
-22
-23
-25
-25
-26
-29
-30
-27
-26
-26
-24
-25
-25
-27
-27
-29
-28
-28
-30
-29
-29
-29
-29
-28
-30
-28
-31
-30
-33
-29
-30
-31
-28
-33
-30
-32
-33
-33
-32
-34
-34
-35
-37
-39
-36
-39
-39
-41
-44
-38
-45
-45
-44
-41
-44
-41
-43
-42
-40
-41
-42
-40
-38
-38
-38
-34
-34
-35
-34
-34
-34
-37
-36
-37
-34
-35
-38
-36
-36
-36
-37
-36
-37
-39
-35
-38
-37
-38
-40
-39
-43
-42
-44
-40
-40
-36
-40
-39
-38
-36
-33
-34
-33
-31
-29
-29
-25
-28
-27
-27
-25
-23
-25
-26
-24
-26
-28
-25
-28
-30
-28
-29
-27
-27
-29
-27
-30
-28
-31
-31
-30
-31
-32
-31
-30
-31
-24
-29
-29
-29
-26
-25
-27
-27
-27
-27
-28
-22
-20
-25
-24
-22
-22
-26
-27
-26
-27
-29
-29
-26
-27
-26
-26
-27
-28
-28
-28
-29
-27
-28
-27
-26
-27
-25
-25
-24
-24
-22
-23
-25
-27
-26
-25
-22
-22
-22
-23
-24
-22
-24
-23
-25
-23
-20
-22
-24
-24
-26
-21
-25
-25
-24
-25
-21
-26
-24
-25
-23
-21
-23
-21
-22
-19
-21
-21
-23
-23
-20
-20
-21
-21
-21
-25
-22
-22
-20
-22
-22
-21
-21
-24
-22
-19
-21
-22
-26
-25
-26
-26
-21
-24
-20
-21
-22
-23
-21
-20
-22
-20
-21
-21
-21
-17
-18
-17
-18
-22
-21
-21
-18
-21
-20
-20
-21
-23
-23
-21
-22
-22
-21
-21
-21
-21
-26
-23
-21
-24
-22
-22
-20
-22
-21
-18
-18
-18
-18
-16
-16
-15
-15
-13
-14
-15
-12
-13
-12
-14
-14
-14
-16
-16
-19
-15
-16
-17
-18
-18
-20
-21
-21
-23
-20
-22
-21
-23
-21
-19
-20
-19
-22
-23
-22
-22
-21
-20
-22
-23
-24
-21
-18
-17
-14
-16
-18
-18
-18
-17
-20
-17
-15
-20
-18
-20
-20
-20
-20
-20
-24
-24
-26
-26
-24
-22
-24
-27
-24
-26
-26
-26
-28
-30
-32
-31
-33
-30
-31
-30
-31
-34
-30
-31
-31
-29
-34
-34
-32
-37
-30
-32
-32
-29
-33
-33
-35
-33
-30
-32
-30
-30
-31
-31
-31
-31
-31
-28
-28
-28
-28
-27
-29
-32
-30
-33
-34
-35
-34
-32
-37
-36
-37
-35
-38
-37
-36
-37
-33
-31
-34
-33
-27
-32
-29
-29
-30
-27
-27
-24
-27
-26
-28
-28
-29
-27
-27
-28
-26
-29
-28
-30
-35
-36
-34
-34
-34
-31
-34
-32
-34
-35
-36
-35
-34
-33
-32
-35
-33
-34
-31
-34
-32
-33
-31
-30
-32
-29
-27
-28
-31
-26
-25
-27
-25
-28
-27
-26
-25
-26
-25
-24
-22
-23
-24
-22
-22
-20
-20
-20
-18
-19
-19
-22
-23
-18
-22
-20
-16
-19
-14
-17
-16
-16
-17
-20
-21
-14
-14
-15
-12
-13
-14
-16
-16
-13
-14
-12
-11
-11
-13
-7
-5
-4
-7
-4
-3
-5
-3
-1
2
-1
-7
-3
-4
-5
-1
-2
-2
2
-1
-2
-3
-2
-1
-3
-3
-3
-2
-4
-4
-3
-5
-4
-5
-5
-4
-2
-7
-2
0
-6
-4
-5
2
0
-2
0
-1
-1
1
2
2
5
5
5
3
5
-1
-1
-1
1
-1
-4
-3
-5
-4
-5
-8
-7
-9
-9
-6
-8
-8
-8
-3
-5
-3
-1
-3
-1
-2
-1
-4
-1
-4
-1
0
0
0
-1
0
-1
2
2
2
-1
-3
-3
-5
-4
-5
-5
-8
-4
-5
-6
-7
-9
-10
-12
-6
-11
-10
-6
-9
-10
-11
-6
-8
-9
-10
-9
-11
-16
-12
-14
-17
-16
-15
-15
-14
-13
-14
-15
-18
-17
-18
-22
-17
-20
-19
-19
-18
-15
-16
-18
-21
-22
-20
-21
-23
-23
-20
-23
-23
-23
-20
-21
-25
-24
-23
-25
-27
-26
-26
-27
-29
-30
-30
-31
-29
-29
-27
-26
-31
-30
-32
-30
-30
-33
-33
-35
-34
-37
-36
-36
-34
-35
-32
-34
-35
-39
-38
-36
-37
-37
-37
-36
-35
-35
-40
-37
-37
-38
-38
-41
-41
-42
-46
-43
-45
-44
-48
-50
-50
-51
-49
-48
-47
-45
-48
-47
-46
-43
-43
-43
-39
-38
-42
-43
-42
-39
-41
-41
-39
-40
-40
-38
-39
-43
-42
-41
-41
-43
-43
-43
-42
-45
-44
-45
-46
-47
-46
-45
-49
-48
-48
-49
-48
-45
-46
-40
-42
-42
-43
-43
-43
-40
-40
-41
-40
-41
-38
-40
-40
-41
-40
-41
-44
-40
-39
-39
-39
-38
-38
-40
-34
-35
-37
-38
-38
-38
-42
-40
-37
-36
-37
-37
-36
-37
-37
-37
-37
-37
-36
-32
-33
-34
-33
-30
-29
-28
-31
-33
-30
-31
-29
-29
-32
-29
-28
-32
-28
-30
-30
-30
-27
-30
-28
-27
-30
-25
-26
-26
-28
-24
-23
-23
-24
-26
-28
-24
-25
-24
-22
-23
-24
-23
-22
-21
-17
-17
-19
-20
-22
-23
-21
-20
-19
-19
-16
-15
-14
-12
-14
-16
-11
-13
-12
-13
-7
-8
-7
-5
-9
-5
-10
-8
-9
-8
-11
-9
-10
-13
-13
-10
-13
-15
-11
-13
-14
-17
-14
-17
-16
-15
-16
-16
-14
-15
-15
-18
-16
-17
-17
-19
-18
-18
-21
-18
-18
-13
-19
-15
-16
-18
-20
-23
-17
-20
-23
-22
-21
-23
-23
-24
-27
-25
-26
-30
-29
-24
-25
-27
-27
-27
-26
-25
-24
-25
-24
-25
-26
-25
-25
-27
-29
-29
-28
-27
-25
-26
-27
-26
-27
-29
-26
-30
-27
-30
-32
-30
-30
-27
-30
-30
-33
-31
-35
-31
-32
-36
-30
-31
-30
-31
-31
-31
-32
-29
-31
-30
-30
-32
-30
-28
-29
-32
-36
-33
-32
-32
-30
-33
-33
-30
-31
-33
-33
-30
-32
-29
-31
-30
-31
-30
-26
-29
-28
-28
-25
-26
-26
-23
-25
-23
-22
-23
-22
-24
-24
-22
-25
-25
-23
-25
-25
-23
-26
-28
-25
-27
-30
-32
-31
-33
-28
-26
-29
-28
-24
-27
-25
-24
-23
-20
-22
-21
-21
-23
-21
-18
-22
-23
-24
-24
-25
-25
-25
-26
-28
-28
-25
-25
-24
-26
-26
-27
-25
-28
-30
-31
-31
-31
-31
-28
-27
-27
-25
-26
-23
-26
-27
-26
-27
-24
-26
-26
-23
-22
-22
-22
-23
-24
-27
-23
-23
-26
-28
-29
-26
-25
-24
-25
-22
-26
-25
-25
-26
-25
-25
-26
-25
-24
-23
-21
-26
-23
-25
-23
-20
-20
-17
-24
-22
-21
-19
-21
-19
-18
-19
-18
-24
-21
-19
-20
-20
-21
-19
-17
-19
-18
-18
-16
-16
-17
-16
-15
-17
-17
-15
-13
-15
-14
-11
-13
-13
-15
-16
-13
-15
-15
-15
-15
-14
-13
-14
-15
-13
-13
-15
-15
-14
-22
-18
-16
-18
-15
-13
-13
-16
-19
-19
-21
-14
-17
-14
-15
-16
-13
-16
-16
-15
-12
-15
-13
-12
-11
-10
-11
-14
-13
-13
-16
-13
-16
-15
-16
-16
-17
-14
-15
-16
-13
-15
-14
-10
-12
-10
-11
-13
-12
-14
-15
-14
-13
-13
-14
-11
-10
-12
-11
-10
-9
-10
-11
-11
-13
-15
-15
-16
-17
-12
-11
-14
-16
-15
-17
-22
-19
-21
-18
-19
-17
-15
-19
-17
-18
-18
-16
-19
-17
-16
-18
-15
-18
-18
-15
-10
-12
-9
-9
-9
-9
-10
-9
-11
-8
-4
-7
-9
-6
-9
-9
-9
-9
-7
-8
-10
-8
-8
-8
-5
-6
-6
-9
-8
-9
-12
-8
-9
-11
-8
-9
-12
-9
-10
-12
-15
-13
-14
-15
-13
-13
-16
-16
-15
-15
-15
-14
-16
-14
-17
-16
-13
-13
-13
-14
-13
-12
-14
-13
-12
-10
-10
-11
-11
-10
-8
-9
-13
-11
-11
-13
-13
-10
-9
-10
-13
-10
-10
-13
-13
-13
-11
-13
-11
-9
-9
-13
-9
-13
-10
-7
-7
-6
-4
1
-3
-2
-5
-1
-3
-4
-3
-4
-4
-3
-1
-4
-2
-4
-3
-5
-5
-5
-5
-2
-6
-9
-10
-10
-13
-10
-9
-10
-9
-9
-10
-11
-8
-13
-11
-9
-9
-10
-10
-9
-11
-11
-7
-8
-9
-9
-11
-10
-11
-13
-16
-15
-15
-12
-13
-13
-16
-18
-16
-17
-15
-17
-17
-18
-20
-19
-21
-21
-20
-18
-20
-20
-22
-22
-24
-22
-24
-22
-23
-27
-24
-23
-23
-26
-27
-27
-28
-27
-27
-27
-23
-23
-26
-25
-23
-25
-21
-23
-22
-22
-19
-20
-20
-18
-21
-21
-23
-22
-21
-21
-21
-19
-22
-21
-17
-17
-16
-21
-20
-21
-23
-23
-23
-19
-21
-19
-21
-19
-17
-16
-14
-17
-16
-13
-10
-11
-10
-10
-11
-11
-9
-11
-6
-8
-3
-2
-3
0
-5
-3
-8
-7
-10
-5
-3
-1
-3
-3
-2
-1
2
-2
-4
-5
-5
-5
-5
-2
-1
-3
-2
-1
0
-2
-2
0
-2
-5
-4
-4
-4
-5
-7
-6
-6
-7
-3
-5
-8
-3
-8
-5
-4
-8
-6
-5
-5
-7
-4
-5
-6
-2
-4
-8
-10
-10
-6
-7
-6
-5
-6
-7
-9
-7
-11
-7
-7
-7
-6
-9
-6
-4
-4
-7
-5
-5
-7
-6
-5
-7
-7
-7
-7
-8
-11
-10
-14
-13
-13
-12
-12
-13
-13
-15
-18
-17
-19
-22
-23
-26
-23
-23
-23
-25
-25
-23
-23
-24
-23
-25
-23
-21
-18
-19
-19
-20
-19
-19
-23
-23
-22
-24
-24
-23
-26
-28
-26
-27
-29
-28
-31
-29
-29
-28
-30
-29
-31
-31
-30
-31
-29
-28
-28
-28
-24
-25
-25
-24
-24
-25
-24
-26
-20
-18
-21
-21
-24
-22
-22
-20
-21
-19
-20
-18
-19
-20
-15
-18
-18
-14
-16
-15
-14
-13
-13
-16
-15
-17
-16
-18
-18
-15
-14
-13
-14
-13
-11
-11
-11
-11
-14
-13
-14
-16
-14
-12
-15
-13
-12
-14
-14
-17
-16
-16
-14
-13
-9
-10
-10
-12
-12
-10
-10
-10
-11
-9
-11
-9
-12
-11
-10
-11
-12
-11
-13
-11
-10
-13
-11
-10
-12
-12
-13
-13
-12
-13
-12
-12
-13
-13
-14
-15
-12
-11
-10
-6
-8
-10
-10
-10
-9
-6
-5
-6
-3
-5
-1
-2
-2
2
-1
0
1
-2
-1
0
0
-5
-3
-5
-4
-3
-5
-3
-6
-4
-5
-6
-8
-6
-7
-8
-8
-7
-5
-5
-5
-4
-2
-3
-3
-2
-2
-3
-1
-1
-1
0
0
2
2
1
-2
-2
-2
-3
-4
-3
0
-3
-2
-1
-5
-6
-8
-3
-6
-8
-6
-5
-4
-7
-6
-6
-5
0
-3
-4
-5
-7
-8
-4
-5
-3
-2
0
-3
-1
-1
-2
-2
-2
1
-2
0
-1
0
-1
-2
2
0
1
2
1
0
-1
1
-1
0
0
1
1
-1
0
-3
-3
-4
0
0
-2
-2
-2
-2
-3
-4
-2
-3
-1
2
-1
-5
-3
-3
-3
-4
-5
-5
-1
-2
-2
-3
-4
1
-2
1
-1
0
0
0
-2
-5
-2
-7
-5
-4
-5
-4
-6
-7
-4
-9
-11
-8
-10
-12
-14
-13
-16
-14
-14
-12
-16
-17
-16
-20
-15
-16
-17
-15
-17
-15
-15
-17
-17
-17
-13
-15
-16
-16
-15
-18
-19
-18
-21
-21
-21
-23
-23
-27
-24
-23
-21
-23
-23
-24
-22
-26
-26
-24
-23
-24
-24
-20
-19
-21
-23
-20
-21
-19
-20
-21
-22
-21
-20
-20
-22
-23
-23
-20
-20
-23
-19
-22
-22
-24
-25
-22
-22
-20
-19
-20
-18
-18
-21
-19
-19
-19
-22
-20
-20
-19
-15
-16
-15
-17
-18
-18
-17
-16
-18
-19
-17
-15
-13
-16
-13
-10
-16
-14
-17
-13
-14
-13
-10
-9
-8
-11
-11
-11
-8
-8
-8
-8
-6
-4
-5
-8
-6
-8
-8
-9
-6
-8
-6
-7
-7
-8
-9
-5
-7
-7
-7
-9
-9
-8
-9
-7
-7
-8
-9
-9
-10
-8
-6
-8
-10
-9
-4
-4
-4
-3
-5
-2
-5
-5
0
0
-1
3
7
4
0
1
0
3
3
2
0
2
-1
-3
-2
-5
-2
-1
1
-1
2
-2
1
1
3
4
1
2
-2
0
-2
0
1
2
2
2
3
4
3
4
4
3
2
7
4
0
5
-1
0
-5
-5
-6
-4
-1
-5
-4
-10
-4
-10
-8
-5
-3
-4
-6
-6
-8
-4
-6
-3
-6
-8
-5
-6
-6
-6
-8
-10
-6
-6
-7
-7
-8
-9
-8
-8
-8
-8
-5
-8
-6
-7
-7
-11
-11
-6
-8
-8
-12
-8
-7
-8
-3
-6
-9
-7
-6
-6
-7
-9
-11
-12
-10
-13
-13
-12
-10
-17
-18
-17
-14
-13
-12
-11
-15
-15
-14
-13
-12
-12
-11
-12
-14
-12
-13
-15
-15
-11
-13
-12
-13
-16
-13
-15
-13
-15
-15
-15
-16
-17
-17
-14
-20
-17
-21
-20
-22
-24
-25
-24
-23
-26
-28
-33
-27
-34
-30
-30
-30
-30
-27
-25
-24
-22
-26
-20
-21
-19
-18
-23
-23
-22
-24
-24
-20
-21
-22
-22
-21
-22
-26
-26
-24
-25
-26
-25
-26
-24
-28
-28
-28
-27
-26
-27
-26
-28
-26
-24
-24
-24
-21
-20
-20
-24
-21
-19
-21
-17
-18
-21
-16
-19
-24
-24
-24
-23
-23
-23
-24
-23
-18
-17
-23
-18
-19
-18
-21
-18
-15
-22
-21
-24
-26
-22
-22
-17
-20
-19
-22
-23
-23
-21
-20
-23
-21
-20
-19
-19
-17
-20
-18
-21
-23
-19
-18
-19
-20
-21
-22
-19
-20
-20
-20
-19
-18
-15
-17
-20
-17
-16
-16
-15
-20
-18
-17
-17
-14
-13
-13
-14
-17
-15
-16
-16
-12
-17
-16
-14
-16
-16
-15
-15
-14
-16
-15
-13
-11
-11
-13
-14
-9
-11
-9
-7
-4
-7
-6
-6
-3
-6
-2
-2
-3
3
1
2
2
0
1
2
1
2
-2
-1
-3
-5
-9
-8
-7
-5
-5
-6
-9
-10
-9
-6
-6
-7
-5
-6
-8
-5
-7
-6
-9
-8
-7
-9
-5
-7
-6
-4
-4
-3
-4
-4
-6
-10
-5
-3
-7
-7
-9
-9
-9
-8
-13
-16
-17
-17
-16
-15
-14
-12
-17
-17
-17
-16
-13
-14
-17
-13
-15
-15
-15
-18
-17
-19
-18
-18
-15
-13
-19
-18
-21
-21
-19
-19
-19
-18
-18
-19
-17
-20
-20
-19
-20
-20
-21
-20
-22
-20
-21
-20
-20
-19
-18
-18
-20
-23
-23
-22
-20
-20
-20
-21
-20
-24
-26
-20
-22
-24
-20
-19
-21
-22
-23
-22
-22
-21
-20
-18
-22
-19
-21
-22
-20
-16
-18
-19
-17
-18
-16
-20
-18
-17
-19
-18
-19
-19
-20
-20
-20
-22
-22
-21
-24
-22
-22
-24
-27
-25
-30
-29
-27
-30
-29
-30
-29
-28
-25
-24
-25
-25
-24
-24
-24
-21
-24
-24
-24
-22
-22
-23
-23
-20
-23
-22
-20
-21
-24
-28
-25
-27
-27
-25
-24
-28
-28
-25
-28
-25
-23
-27
-29
-29
-29
-28
-26
-27
-24
-24
-24
-25
-26
-26
-24
-20
-23
-25
-23
-22
-21
-22
-22
-21
-21
-24
-25
-20
-24
-20
-22
-21
-19
-21
-18
-16
-20
-21
-17
-21
-19
-22
-21
-18
-19
-21
-24
-20
-20
-21
-20
-22
-22
-20
-19
-22
-18
-20
-23
-20
-21
-16
-17
-22
-23
-20
-23
-22
-21
-21
-20
-18
-17
-16
-17
-18
-16
-15
-17
-18
-19
-18
-16
-17
-18
-15
-12
-13
-13
-15
-15
-14
-14
-18
-16
-14
-12
-11
-19
-17
-17
-16
-15
-16
-15
-15
-14
-16
-16
-15
-13
-12
-12
-11
-10
-9
-5
-9
-6
-8
-7
-4
-8
-3
-7
-6
-7
-7
-8
-11
-9
-13
-15
-12
-12
-13
-15
-14
-14
-15
-16
-15
-13
-11
-11
-13
-11
-11
-10
-7
-10
-9
-9
-11
-7
-12
-9
-9
-6
-1
-3
-6
-6
-4
-7
-4
-8
-7
-5
-6
-7
-10
-9
-12
-12
-13
-14
-12
-7
-7
-9
-13
-13
-11
-13
-12
-10
-9
-8
-8
-4
-7
-8
-6
-7
-10
-9
-7
-7
-6
-8
-6
-8
-7
-6
-7
-7
-4
-5
-9
-6
-4
-6
-6
-6
-7
-10
-9
-9
-10
-10
-6
-6
-5
-4
-7
-7
-11
-9
-6
-8
-6
-3
-8
-7
-11
-11
-12
-15
-13
-12
-11
-13
-12
-11
-13
-14
-12
-14
-10
-13
-13
-14
-14
-15
-17
-12
-10
-9
-12
-10
-9
-14
-12
-10
-11
-12
-12
-15
-12
-10
-14
-12
-14
-15
-15
-19
-20
-21
-21
-21
-23
-22
-21
-19
-18
-22
-19
-19
-18
-16
-12
-14
-9
-7
-11
-10
-11
-12
-13
-12
-10
-10
-13
-12
-8
-7
-10
-12
-14
-13
-12
-12
-11
-10
-12
-12
-11
-14
-18
-17
-14
-16
-17
-15
-15
-11
-13
-10
-11
-9
-6
-8
-8
-4
-8
-9
-10
-10
-8
-8
-13
-14
-11
-10
-11
-16
-15
-15
-16
-13
-11
-11
-13
-12
-11
-11
-10
-10
-12
-14
-12
-14
-13
-11
-11
-13
-14
-12
-13
-14
-14
-12
-14
-14
-10
-12
-9
-11
-10
-13
-9
-9
-9
-10
-10
-8
-9
-6
-7
-9
-6
-7
-8
-3
-6
-6
-8
-7
-7
-9
-8
-5
-8
-12
-12
-12
-9
-11
-14
-10
-9
-13
-12
-12
-13
-14
-13
-13
-10
-9
-11
-10
-8
-11
-6
-8
-7
-7
-9
-6
-10
-6
-5
-1
-2
-3
0
2
4
6
7
8
3
4
5
3
7
3
5
4
-1
1
-1
-3
-2
-3
-6
-4
-5
-2
-2
-3
-5
-4
-5
-3
-2
0
-3
-3
0
-1
0
-2
-1
1
2
6
6
6
7
2
1
4
3
3
4
2
2
7
4
0
2
-1
0
0
2
1
3
3
-2
-1
2
4
5
7
8
4
5
5
6
4
0
0
-1
2
1
3
4
2
4
1
0
-1
-1
0
0
3
-1
2
2
2
3
-1
-1
0
0
1
1
3
2
4
2
1
2
-1
-1
-2
-3
-3
-2
-1
-3
0
-3
-3
1
1
2
0
-2
1
-1
-1
-1
0
1
1
0
-2
-3
0
-2
-4
0
-1
0
0
1
0
-1
-2
-5
-4
-5
-4
-5
-3
-5
-6
-6
-10
-8
-6
-6
-9
-9
-9
-9
-11
-14
-10
-11
-8
-9
-10
-7
-10
-7
-4
-6
-6
-2
0
-1
-2
-6
-2
0
-3
-3
-5
-5
-4
-1
-1
-1
-3
-7
-4
-2
-1
-1
-2
-4
-3
-5
-6
-7
-2
-6
-9
-7
-5
-7
-10
-4
-6
-5
-4
-3
-3
-1
-5
-1
-1
-7
-4
-1
-2
-2
-3
-4
-5
-5
-8
-5
-8
-9
-7
-7
-5
-5
-7
-9
-9
-7
-8
-12
-9
-8
-10
-10
-10
-9
-6
-8
-7
-5
-8
-9
-10
-9
-6
-7
-7
-6
-4
-7
-8
-9
-14
-10
-9
-10
-8
-10
-8
-7
-9
-8
-6
-6
-3
-5
-4
-3
-1
-1
-2
2
-1
-1
-3
0
0
-1
-1
-1
-2
2
-2
-4
-2
1
-2
-3
-3
-1
-2
-4
-1
1
1
2
7
1
3
5
5
4
7
8
8
9
8
10
13
10
15
14
13
14
14
17
11
12
10
10
12
10
11
7
5
8
7
8
7
9
6
8
8
10
11
11
12
13
15
12
12
11
10
8
7
7
9
8
12
13
9
11
15
14
12
9
11
9
10
6
7
12
9
7
6
6
2
7
5
3
5
5
7
4
4
3
6
9
4
5
7
3
6
5
4
8
8
7
6
6
10
9
6
5
3
3
3
7
5
6
9
6
6
2
4
3
4
4
2
6
7
6
5
5
4
3
4
4
2
2
3
1
2
3
3
-2
1
3
3
2
2
0
1
-2
-2
-3
-4
-5
-1
-4
-2
0
-7
0
-2
2
0
0
0
0
0
-3
-2
-2
-3
-3
-1
-3
0
-3
-3
-5
-3
-6
-6
-6
-13
-12
-11
-10
-14
-16
-15
-15
-11
-17
-14
-14
-13
-13
-11
-5
-5
-3
-5
-6
-8
-6
-5
-5
-8
-7
-7
-7
-12
-7
-8
-11
-13
-10
-9
-15
-10
-12
-14
-11
-13
-11
-13
-14
-16
-14
-12
-16
-12
-12
-15
-12
-11
-13
-12
-11
-14
-18
-14
-14
-14
-13
-11
-12
-10
-15
-15
-12
-13
-15
-16
-13
-14
-15
-12
-11
-11
-11
-10
-11
-10
-10
-13
-12
-14
-12
-13
-11
-14
-12
-10
-9
-13
-15
-13
-12
-10
-10
-8
-11
-12
-8
-7
-9
-9
-9
-8
-9
-8
-8
-7
-10
-10
-8
-2
-7
-10
-8
-8
-3
-4
-7
-9
-4
-8
-4
-2
-4
0
0
0
2
-1
-3
-1
3
0
0
-1
-3
-4
-4
-5
-4
-2
-6
-6
-5
-1
-2
-2
-4
-5
-2
