-23
-32
-33
-36
-36
-27
-21
-20
-20
-17
-17
-16
-18
-22
-18
-19
-23
-23
-25
-23
-24
-21
-20
-25
-19
-23
-24
-22
-27
-26
-31
-29
-30
-32
-31
-31
-27
-27
-29
-30
-28
-30
-31
-30
-30
-32
-24
-24
-27
-26
-30
-27
-24
-24
-22
-22
-24
-29
-24
-23
-28
-26
-24
-25
-28
-23
-23
-22
-22
-25
-22
-22
-23
-21
-21
-19
-16
-16
-15
-18
-21
-17
-20
-16
-17
-18
-13
-15
-11
-9
-14
-14
-12
-11
-9
-9
-10
-12
-10
-21
-17
-14
-10
-13
-14
-11
-10
-8
-8
-5
-6
-8
-9
-6
-8
-7
-8
-7
-6
-7
-4
-8
-4
-4
-3
-6
-6
-4
-6
-5
-5
-7
-6
-5
-7
-7
-8
-6
-6
-9
-6
-7
-6
-6
-7
-4
-4
-3
-5
-3
1
1
2
9
9
5
1
2
9
5
6
15
16
10
16
14
7
9
4
3
4
3
6
7
7
4
5
5
10
11
6
7
5
7
5
7
7
9
10
9
9
12
13
11
11
10
7
7
8
7
7
8
7
9
10
9
10
8
9
8
11
11
9
3
8
8
10
18
15
16
21
16
17
21
21
23
16
19
20
21
23
25
25
23
25
26
27
24
28
29
27
28
28
30
29
29
25
26
24
22
25
23
24
22
25
21
22
20
17
16
23
23
24
22
19
19
13
14
13
11
10
9
15
16
15
12
15
14
10
10
14
11
9
9
10
7
8
8
6
5
6
7
6
6
7
9
9
7
4
6
3
6
2
2
4
4
4
3
1
4
5
0
-5
-3
1
-1
-2
0
-3
-2
-1
-8
-5
-6
-11
-4
1
4
2
6
9
8
8
6
11
17
20
22
21
19
24
23
28
28
31
30
32
35
31
34
33
28
31
29
31
34
34
36
35
35
38
34
28
33
33
31
25
43
48
40
36
37
46
46
48
50
45
51
48
42
34
42
42
32
37
33
34
33
32
27
24
31
27
27
26
26
28
24
25
24
24
24
25
25
24
25
24
24
23
27
23
21
28
28
30
31
32
34
34
32
28
29
34
35
37
35
41
43
46
49
47
51
45
46
47
46
48
48
49
53
58
61
63
64
62
64
63
65
67
67
67
68
68
71
68
66
70
67
70
69
69
72
69
73
70
71
73
71
70
71
74
76
74
78
79
74
72
75
75
75
75
78
78
75
77
70
67
63
64
61
56
56
58
60
55
50
50
52
54
55
55
54
57
55
56
55
54
58
56
61
61
64
62
63
65
63
61
61
62
62
61
63
64
63
63
63
62
59
61
65
65
65
65
59
63
67
65
69
69
66
65
67
64
69
70
69
70
68
72
70
70
67
67
67
63
67
67
66
65
70
70
66
69
73
71
71
68
61
61
59
59
59
57
60
58
60
59
60
58
55
64
65
64
63
56
55
52
53
52
50
51
55
54
53
50
49
51
50
49
48
49
47
48
48
48
51
48
47
46
42
45
48
50
50
53
51
50
52
53
49
50
48
46
48
48
47
47
48
46
45
41
35
37
37
32
31
31
32
31
31
32
24
27
27
23
25
40
50
41
33
32
33
29
27
27
29
25
22
21
15
19
24
23
24
24
24
24
22
21
20
20
19
20
20
21
24
24
30
33
30
34
34
34
35
30
32
28
32
33
28
30
29
29
27
28
33
33
31
35
33
30
32
35
30
28
29
27
32
32
30
31
26
30
33
31
33
33
35
35
36
36
34
35
32
33
31
30
34
36
37
37
35
36
35
36
35
35
38
34
31
35
34
34
33
37
38
41
40
43
44
44
43
41
36
37
43
38
42
40
42
40
44
45
44
44
43
44
45
46
48
50
50
50
48
49
48
51
51
48
49
50
49
47
47
49
48
48
47
50
54
47
50
53
52
54
52
51
49
49
51
49
52
55
54
57
51
46
45
43
43
41
37
40
43
42
38
38
40
41
41
40
42
40
40
41
40
41
43
44
46
47
45
49
48
50
47
44
48
45
44
45
46
44
42
45
44
46
41
39
45
41
40
37
36
39
35
44
39
35
33
38
39
35
37
34
36
36
37
33
34
35
32
35
29
29
30
26
25
24
29
27
27
27
26
28
24
23
23
18
20
21
22
18
20
22
16
17
14
12
19
21
21
14
15
18
13
13
9
8
4
7
5
4
11
11
4
7
5
3
5
4
3
0
2
-3
-3
-2
-4
-5
-6
-8
-9
-6
-7
-6
-9
-8
-10
-10
-10
-9
-11
-11
-12
-14
-11
-11
-14
-15
-17
-18
-21
-28
-22
-26
-25
-27
-29
-26
-32
-32
-36
-39
-38
-43
-38
-38
-34
-31
-34
-32
-33
-36
-40
-39
-41
-39
-40
-42
-44
-42
-46
-45
-44
-49
-45
-45
-46
-47
-48
-51
-53
-51
-56
-53
-52
-51
-52
-50
-51
-55
-53
-54
-54
-54
-54
-54
-50
-48
-52
-52
-50
-50
-47
-49
-49
-47
-56
-58
-51
-56
-55
-53
-52
-53
-55
-54
-55
-54
-57
-57
-56
-56
-56
-55
-57
-58
-56
-55
-60
-61
-58
-60
-60
-58
-58
-57
-57
-53
-53
-53
-56
-56
-56
-56
-53
-56
-56
-55
-53
-55
-64
-63
-56
-55
-55
-56
-56
-54
-48
-49
-52
-52
-50
-50
-51
-55
-52
-54
-53
-54
-56
-51
-55
-54
-53
-53
-49
-51
-50
-50
-55
-55
-54
-56
-56
-55
-54
-55
-53
-51
-55
-50
-53
-51
-51
-53
-51
-52
-48
-48
-51
-48
-46
-47
-47
-51
-46
-49
-45
-48
-46
-38
-43
-42
-43
-47
-49
-52
-52
-54
-56
-57
-53
-55
-61
-58
-59
-58
-58
-58
-58
-58
-60
-61
-62
-64
-62
-62
-61
-57
-57
-57
-55
-53
-56
-60
-57
-56
-59
-56
-55
-54
-54
-59
-56
-58
-60
-60
-59
-55
-61
-59
-65
-63
-63
-70
-59
-60
-62
-62
-62
-61
-59
-58
-61
-59
-62
-62
-58
-60
-63
-62
-63
-62
-58
-60
-65
-65
-61
-61
-63
-63
-61
-60
-62
-63
-60
-64
-66
-62
-62
-63
-63
-61
-63
-64
-63
-65
-62
-63
-66
-64
-66
-64
-67
-71
-67
-71
-73
-72
-76
-74
-69
-69
-71
-74
-74
-75
-72
-75
-74
-77
-80
-78
-81
-76
-76
-78
-79
-81
-77
-78
-79
-75
-77
-81
-77
-79
-77
-80
-76
-76
-77
-75
-77
-77
-82
-81
-81
-85
-85
-86
-86
-85
-87
-83
-85
-83
-88
-87
-86
-94
-96
-97
-96
-89
-87
-81
-80
-83
-80
-81
-83
-85
-84
-79
-81
-81
-84
-84
-82
-80
-82
-79
-78
-82
-75
-77
-80
-78
-81
-81
-77
-81
-76
-74
-74
-73
-72
-70
-71
-71
-71
-67
-69
-74
-70
-64
-66
-70
-69
-65
-66
-62
-64
-61
-60
-68
-63
-64
-67
-65
-63
-68
-69
-66
-64
-64
-63
-64
-60
-63
-65
-62
-64
-62
-62
-63
-62
-66
-63
-62
-65
-65
-66
-66
-62
-60
-62
-58
-58
-62
-59
-58
-60
-58
-61
-56
-57
-64
-61
-61
-53
-53
-53
-49
-51
-51
-51
-49
-49
-47
-50
-55
-52
-51
-53
-52
-53
-49
-49
-48
-45
-49
-47
-48
-47
-46
-45
-47
-49
-48
-46
-50
-50
-48
-49
-48
-47
-48
-47
-49
-45
-47
-43
-46
-44
-38
-41
-41
-41
-34
-35
-39
-37
-36
-37
-38
-37
-37
-36
-29
-28
-30
-24
-29
-32
-33
-32
-36
-40
-37
-36
-35
-37
-36
-38
-38
-32
-32
-33
-36
-34
-35
-36
-35
-34
-31
-30
-31
-26
-26
-26
-26
-28
-24
-27
-27
-24
-24
-23
-24
-21
-22
-22
-21
-26
-23
-26
-24
-24
-29
-22
-28
-26
-29
-32
-25
-29
-28
-23
-22
-23
-21
-21
-25
-26
-27
-27
-24
-28
-25
-25
-26
-25
-27
-27
-26
-29
-26
-29
-31
-27
-32
-30
-31
-32
-35
-37
-38
-36
-37
-37
-35
-34
-36
-37
-36
-36
-32
-31
-31
-30
-30
-31
-36
-35
-37
-38
-33
-37
-34
-30
-28
-31
-32
-32
-27
-30
-30
-28
-34
-33
-33
-33
-31
-33
-32
-30
-30
-31
-31
-29
-26
-26
-27
-28
-29
-26
-31
-29
-27
-28
-26
-27
-27
-29
-28
-28
-29
-31
-29
-28
-27
-30
-31
-29
-29
-30
-29
-28
-34
-33
-39
-45
-37
-25
-24
-27
-21
-22
-23
-26
-27
-24
-22
-23
-23
-25
-25
-23
-22
-24
-21
-20
-22
-23
-22
-23
-25
-25
-26
-26
-29
-25
-26
-26
-24
-24
-24
-24
-26
-25
-26
-25
-25
-24
-18
-19
-19
-19
-21
-19
-19
-16
-12
-19
-21
-19
-23
-24
-17
-16
-21
-22
-17
-14
-17
-13
-16
-15
-12
-12
-10
-12
-10
-11
-9
-10
-12
-12
-13
-13
-13
-15
-14
-13
-10
-6
-7
-9
-9
-6
-6
-4
-6
-6
-5
-2
-8
-10
-10
-6
-1
-1
-3
-1
-2
1
0
3
4
-1
2
5
6
-3
-1
-1
3
7
8
7
10
9
9
11
12
16
12
14
13
14
14
12
15
13
14
13
14
16
12
12
14
17
19
14
18
23
18
21
23
28
25
25
27
24
25
24
24
22
29
27
25
29
30
27
25
26
23
18
17
22
20
17
16
16
14
18
20
16
18
21
17
19
18
18
18
18
17
22
24
21
24
21
19
18
18
16
14
18
19
17
18
19
16
18
14
14
17
13
15
13
11
11
12
11
16
19
13
16
15
16
21
18
16
15
11
12
12
12
10
12
10
12
15
11
10
9
10
12
11
12
15
16
18
13
11
10
6
8
8
8
11
7
7
5
6
10
12
16
8
9
9
10
8
7
6
1
1
4
0
3
5
2
3
4
5
3
4
3
0
1
1
-2
1
-2
-1
-3
1
-2
-3
0
-1
3
0
2
3
2
3
-2
-1
-2
-2
-5
-5
-7
-6
-7
-9
-8
-7
-6
-9
-7
-9
-6
-4
-6
-5
-2
-10
-9
-9
-12
-14
-8
-2
0
3
0
-1
-3
-2
-1
1
-1
-3
-6
-5
-1
0
-1
1
2
2
2
1
1
3
2
0
3
-1
2
2
3
6
2
2
1
0
-4
-1
-2
-5
-2
2
-1
0
2
-2
5
5
2
7
5
3
6
5
2
3
5
-1
-2
-4
-6
-2
-2
-1
-4
-3
-2
-3
-1
-1
0
-1
-2
0
0
0
-2
-2
1
-3
-2
1
1
4
1
-1
1
1
0
1
5
6
0
-4
-6
-1
3
6
10
5
10
10
10
16
15
17
17
13
13
13
12
11
14
14
12
16
17
13
15
11
12
11
13
14
14
13
11
11
8
8
14
11
10
12
14
15
12
15
14
15
14
16
14
9
11
18
12
14
17
12
10
8
11
13
10
14
19
17
19
20
16
9
8
8
7
2
5
6
1
2
1
4
4
4
2
1
-1
-2
0
-3
0
0
2
5
3
6
5
9
9
6
7
3
4
5
3
1
3
5
3
5
5
3
0
5
3
1
-3
-5
-2
-3
4
-1
-3
1
4
3
-3
2
5
2
2
-2
-2
-1
-4
-4
-5
-7
-5
-4
-8
-9
-6
-8
-10
-11
-15
-9
-9
-10
-10
-14
-12
-13
-15
-12
-14
-12
-16
-18
-18
-18
-18
-22
-18
-18
-18
-17
-19
-25
-27
-25
-27
-32
-29
-29
-31
-27
-26
-25
-26
-27
-26
-28
-28
-32
-30
-29
-30
-29
-30
-33
-33
-32
-34
-34
-33
-31
-32
-30
-31
-30
-32
-35
-35
-37
-36
-38
-37
-35
-37
-36
-34
-38
-40
-40
-39
-43
-48
-43
-43
-46
-44
-47
-42
-46
-52
-45
-50
-51
-44
-31
-32
-38
-35
-34
-36
-39
-36
-32
-35
-34
-37
-41
-39
-37
-35
-36
-33
-35
-35
-34
-35
-39
-38
-35
-40
-41
-42
-42
-38
-38
-37
-35
-37
-38
-41
-38
-41
-39
-42
-40
-35
-42
-42
-42
-40
-39
-39
-36
-34
-44
-46
-40
-48
-45
-39
-40
-44
-42
-42
-41
-40
-41
-38
-38
-38
-40
-37
-36
-38
-36
-37
-38
-35
-38
-34
-39
-38
-38
-36
-36
-35
-31
-34
-38
-37
-37
-34
-33
-36
-32
-34
-32
-33
-38
-36
-36
-39
-36
-34
-35
-34
-33
-28
-27
-33
-34
-32
-31
-33
-30
-32
-30
-31
-30
-28
-31
-29
-33
-29
-29
-30
-27
-27
-28
-32
-31
-29
-30
-29
-32
-29
-28
-26
-30
-30
-30
-30
-28
-29
-26
-27
-24
-27
-25
-20
-28
-25
-22
-23
-22
-26
-26
-27
-26
-16
-21
-22
-24
-30
-30
-30
-30
-30
-31
-33
-24
-28
-31
-29
-27
-25
-22
-21
-23
-22
-22
-24
-22
-21
-22
-24
-20
-16
-16
-19
-17
-16
-15
-16
-17
-19
-20
-20
-18
-18
-19
-20
-21
-19
-22
-27
-23
-19
-24
-27
-30
-24
-27
-31
-22
-24
-30
-28
-28
-28
-28
-29
-30
-28
-27
-28
-28
-28
-29
-27
-29
-30
-28
-29
-31
-31
-28
-30
-29
-29
-30
-29
-31
-31
-33
-35
-35
-35
-32
-33
-34
-31
-36
-34
-37
-41
-38
-40
-33
-33
-31
-37
-41
-42
-44
-44
-48
-51
-46
-44
-48
-44
-48
-47
-47
-45
-44
-49
-48
-51
-49
-50
-47
-45
-47
-46
-44
-42
-42
-43
-38
-38
-43
-44
-43
-44
-43
-43
-41
-41
-43
-43
-42
-41
-44
-45
-45
-45
-43
-49
-45
-44
-50
-47
-45
-43
-43
-43
-41
-49
-52
-56
-56
-47
-39
-41
-42
-39
-43
-40
-44
-42
-41
-36
-38
-42
-46
-45
-41
-39
-37
-37
-36
-36
-35
-35
-33
-37
-38
-37
-36
-40
-40
-35
-38
-36
-33
-35
-34
-34
-32
-32
-31
-30
-31
-27
-32
-33
-31
-30
-26
-26
-24
-20
-23
-28
-25
-25
-31
-26
-28
-28
-33
-30
-28
-29
-32
-31
-27
-28
-25
-22
-22
-24
-23
-22
-22
-23
-21
-23
-22
-23
-24
-21
-21
-17
-18
-14
-17
-17
-13
-13
-13
-7
-9
-9
-11
-12
-8
-9
-2
-5
-4
-2
0
3
0
1
3
-1
-3
-3
-4
-7
-5
-3
-4
-3
-2
-2
-2
-1
-2
-1
-1
-3
2
0
-2
0
-1
0
2
0
2
-1
-3
-2
-5
-2
-6
-5
-4
-2
0
0
-3
2
5
6
7
5
8
8
7
4
4
6
6
13
10
12
13
5
2
2
3
-1
-4
-4
5
-4
-6
-6
-8
-5
-6
-3
-7
-7
-7
-10
-10
-11
-9
-7
-8
-9
-6
-5
-7
-5
-3
-9
-6
-5
-9
-7
-7
-6
-6
-6
-8
-7
-6
-6
-11
-11
-12
-11
-10
-13
-9
-14
-13
-8
-15
-13
-11
-11
-11
-13
-12
-13
-12
-15
-16
-14
-16
-14
-17
-18
-16
-16
-19
-19
-18
-15
-16
-18
-17
-18
-18
-14
-19
-24
-24
-25
-24
-24
-25
-26
-24
-27
-21
-25
-30
-23
-19
-16
-18
-16
-21
-23
-21
-27
-24
-27
-32
-27
-27
-25
-23
-28
-24
-23
-24
-27
-30
-27
-28
-27
-29
-28
-28
-29
-30
-29
-26
-25
-24
-25
-26
-24
-26
-27
-23
-25
-24
-26
-24
-25
-24
-24
-22
-25
-29
-28
-25
-29
-31
-29
-33
-29
-29
-31
-28
-28
-26
-33
-33
-34
-38
-31
-20
-17
-18
-18
-19
-18
-19
-16
-16
-19
-18
-18
-21
-22
-20
-21
-19
-18
-21
-18
-17
-18
-20
-21
-21
-21
-23
-24
-22
-20
-17
-17
-18
-20
-18
-18
-20
-20
-20
-20
-16
-18
-18
-19
-20
-17
-15
-14
-13
-9
-12
-15
-10
-17
-16
-14
-9
-14
-17
-17
-13
-14
-15
-16
-16
-12
-18
-14
-15
-13
-13
-12
-10
-10
-11
-12
-11
-12
-14
-11
-11
-8
-5
-8
-5
-9
-7
-7
-7
-1
-3
-2
-3
-11
-14
-9
-4
-6
-8
-4
-3
-1
1
1
4
-4
-1
-4
0
0
-6
-5
-4
-4
-4
-3
-4
-7
-6
-7
-8
-9
-8
-9
-9
-12
-9
-11
-14
-11
-14
-9
-10
-10
-10
-9
-11
-12
-11
-12
-7
-9
-12
-8
-7
-2
1
-3
-1
2
-3
0
-1
0
-1
7
12
5
9
2
0
0
0
-5
-7
-4
-1
1
-5
-9
-9
-6
-6
-2
0
-3
-2
0
-5
-3
-2
-1
-1
0
0
3
3
3
2
-1
0
1
3
4
7
6
11
10
9
8
3
6
15
11
26
24
23
31
15
19
20
7
11
6
-3
1
-2
-3
4
7
6
13
10
15
21
15
14
11
6
11
7
0
4
3
4
14
11
9
15
15
14
14
12
7
8
4
4
3
-2
-4
-5
-3
-6
-3
2
7
11
8
9
7
6
1
-2
-4
-5
-5
-4
-3
-1
-2
-2
1
1
5
3
2
3
1
0
-1
-3
-5
-9
-10
-12
-11
-11
-9
-13
-9
-8
-9
-9
-9
-9
-9
-11
-10
-10
-13
-10
-14
-13
-11
-14
-14
-13
-15
-10
-13
-10
-11
-15
-14
-18
-20
-19
-18
-23
-20
-18
-7
-5
-7
-5
-4
-6
-8
-4
-4
-1
-3
-4
-8
-9
-6
-5
-4
-3
-5
-3
-3
-5
-8
-9
-7
-5
-11
-9
-8
-6
-3
-6
-2
-4
-4
-4
0
3
2
0
7
7
5
3
4
8
9
8
12
9
3
8
10
8
5
10
9
5
2
6
9
7
9
8
10
11
11
9
10
12
16
15
10
12
10
11
11
10
10
10
12
12
13
13
12
10
11
15
15
15
16
18
18
18
18
12
15
19
17
18
22
22
24
26
25
22
25
25
21
22
18
23
21
19
21
22
25
26
25
24
26
26
26
27
25
26
26
22
25
25
23
26
24
25
24
22
24
22
25
24
26
27
28
27
28
33
35
34
35
34
32
36
36
37
41
48
46
48
45
40
35
37
40
37
36
39
40
37
39
35
34
38
41
42
39
34
39
39
35
37
35
39
38
41
40
39
42
42
38
36
35
36
34
33
36
35
37
35
38
39
32
33
37
34
37
29
28
24
24
33
31
29
29
29
30
33
34
30
35
33
30
30
28
29
25
27
24
24
29
27
25
27
27
28
27
26
24
25
26
24
22
22
20
17
17
18
19
16
15
13
15
13
17
24
19
12
14
18
19
15
13
15
10
13
8
10
15
14
13
14
17
15
14
15
10
10
7
7
8
7
7
5
7
2
6
7
6
7
7
7
4
5
6
5
5
6
9
6
5
1
3
3
-1
-2
-6
-6
-3
-3
-8
-7
-8
-7
-6
-4
-8
-12
-9
-11
-10
-4
3
6
3
6
8
3
0
3
10
5
7
6
3
6
4
10
8
5
9
5
7
10
2
1
-1
0
-2
-4
-1
-1
2
1
-2
-2
-4
-4
-5
-3
-3
-3
1
-1
-3
-5
-4
2
0
0
2
3
-3
-4
3
-1
-1
1
1
-4
-4
-2
-1
-1
-2
2
0
-2
-3
1
2
1
1
2
0
1
-1
0
3
3
2
4
8
6
9
6
3
4
3
8
6
6
7
4
-1
-3
-3
1
3
6
7
8
6
6
9
9
8
10
6
2
5
4
2
4
5
4
9
10
9
10
9
11
10
11
11
11
7
5
6
8
5
6
5
6
6
7
11
6
5
9
8
9
12
9
12
10
8
14
14
11
8
11
12
10
8
8
11
20
17
14
13
6
3
3
3
3
0
1
6
3
-2
-2
-1
-2
0
2
1
-4
-3
-1
-4
-4
-1
-3
0
0
0
1
2
5
3
1
1
1
1
-3
2
1
-2
0
-2
-2
-5
-5
-3
-3
-4
-2
-10
-8
-8
-14
-3
-3
-4
-4
-3
-5
-4
-3
-3
0
-5
-4
-5
-5
-7
-7
-7
-6
-5
-7
-10
-8
-5
-2
-3
-5
-3
-5
-2
-4
-8
-7
-7
-10
-6
-8
-9
-8
-11
-10
-14
-11
-9
-10
-5
-7
-6
-10
-9
-13
-15
-13
-12
-15
-21
-16
-12
-13
-17
-15
-13
-15
-17
-17
-19
-19
-19
-23
-23
-25
-25
-22
-23
-25
-23
-19
-17
-21
-21
-22
-22
-23
-23
-24
-24
-26
-24
-23
-24
-27
-30
-28
-30
-30
-32
-34
-32
-32
-35
-32
-35
-34
-32
-35
-35
-44
-44
-44
-44
-36
-28
-29
-28
-28
-32
-28
-28
-32
-30
-28
-29
-34
-32
-32
-31
-29
-32
-30
-31
-31
-32
-30
-33
-34
-35
-34
-31
-36
-32
-31
-30
-27
-28
-27
-27
-31
-26
-28
-25
-24
-22
-15
-19
-20
-19
-17
-13
-14
-17
-17
-20
-19
-19
-18
-21
-17
-16
-23
-22
-20
-18
-17
-17
-16
-14
-18
-14
-12
-13
-12
-12
-10
-9
-9
-8
-10
-8
-11
-9
-11
-6
-5
-7
-3
-12
-7
-6
-10
-7
-7
-1
-2
-4
-2
-8
-7
-6
-1
1
-2
2
1
-1
6
10
4
0
3
6
0
0
1
0
4
4
4
2
4
2
0
1
1
1
1
-1
0
-1
1
0
-1
-1
-3
-2
-2
-2
-1
-1
0
-1
-1
3
5
7
2
9
17
14
16
15
12
12
8
10
7
8
14
13
17
17
8
7
7
6
5
1
4
7
8
4
7
8
8
11
10
11
9
9
11
9
12
15
11
12
17
12
16
17
16
13
11
14
12
13
11
13
13
13
14
13
11
15
16
15
16
18
14
11
11
13
11
11
13
9
12
13
14
9
14
14
14
12
10
10
12
13
10
12
11
11
13
12
10
15
14
12
14
12
10
7
8
7
6
6
2
3
5
2
4
3
3
4
-1
6
5
6
3
6
7
1
3
-1
-4
-4
-4
-6
-12
-8
-2
-9
-7
-7
-6
-5
-11
-7
-11
-9
-10
-10
-6
-9
-15
-11
-10
-8
-6
-7
-7
-9
-7
-10
-8
-8
-9
-9
-12
-11
-11
-9
-9
-13
-11
-12
-12
-15
-22
-17
-18
-21
-18
-15
-15
-18
-17
-17
-24
-18
-22
-27
-21
-16
-10
-10
-9
-12
-13
-11
-16
-13
-13
-13
-12
-14
-15
-16
-14
-15
-13
-10
-10
-11
-11
-14
-15
-19
-19
-20
-24
-25
-20
-21
-18
-20
-18
-17
-21
-17
-20
-23
-21
-23
-17
-19
-22
-19
-23
-19
-17
-18
-14
-21
-15
-11
-21
-23
-22
-17
-20
-25
-23
-20
-19
-21
-25
-24
-19
-23
-19
-18
-19
-18
-16
-15
-15
-16
-20
-17
-18
-16
-15
-14
-13
-14
-11
-14
-16
-14
-19
-16
-14
-20
-14
-22
-22
-16
-17
-18
-18
-10
-10
-12
-8
-11
-6
-5
-6
-8
-9
-5
-10
-14
-13
-12
-11
-9
-10
-10
-11
-8
-12
-14
-10
-11
-7
-11
-12
-12
-9
-11
-9
-7
-10
-11
-11
-9
-9
-7
-9
-8
-8
-7
-1
0
-1
-2
5
7
3
5
4
3
1
2
4
-4
3
6
-1
6
6
1
-1
1
-1
-6
1
6
5
6
4
5
6
6
8
1
2
4
2
4
0
3
5
2
4
5
7
9
11
11
12
8
8
4
4
3
3
6
4
4
6
5
2
2
4
6
0
-3
-4
-3
-2
0
-1
-3
1
3
4
8
9
9
10
9
6
7
8
5
4
5
3
5
7
5
6
6
11
9
10
10
8
11
9
5
2
-3
0
2
3
1
0
2
-3
2
3
-2
2
1
4
2
0
0
0
-1
-2
-2
-4
-5
-4
0
2
3
3
2
1
3
0
0
-5
-7
-3
-6
-5
-4
-3
-2
-1
-2
2
0
1
-1
0
3
1
2
3
1
3
1
2
4
3
4
0
-3
-5
-3
-4
-9
-12
-13
-8
-9
-12
-9
-10
-6
-13
-11
-6
-15
-18
-14
-3
-2
-4
-5
-5
-5
-5
-2
1
3
1
0
-5
-3
-2
-6
-3
-2
-4
-4
-3
-6
-5
-8
-8
-7
-7
-6
-8
-5
-9
-8
-10
-12
-12
-11
-11
-13
-11
-10
-5
-4
-6
-4
-3
-1
1
2
4
2
-2
4
2
0
2
7
7
2
1
5
8
11
5
3
7
5
7
8
7
6
11
10
10
12
9
10
11
12
10
13
14
14
17
17
18
14
17
18
19
21
18
22
19
20
16
13
14
14
17
18
19
20
23
24
23
24
20
20
23
19
22
19
22
20
21
24
20
20
23
21
20
25
21
22
23
24
22
23
25
23
23
20
23
25
24
26
25
26
27
27
29
27
26
27
34
37
34
38
37
32
34
35
36
36
41
48
41
43
46
47
42
37
36
35
34
39
39
35
37
37
38
37
43
42
40
41
42
42
41
39
43
42
43
46
48
50
52
48
46
50
48
46
44
46
48
49
47
49
47
45
41
41
47
47
45
40
43
40
42
53
49
44
47
52
49
50
53
52
51
51
52
49
51
51
47
49
50
49
49
48
49
48
52
52
51
53
53
55
52
51
50
47
47
49
49
51
48
45
46
44
45
44
47
47
48
45
43
44
42
42
44
38
34
34
39
38
37
40
38
35
38
35
37
36
35
35
30
29
30
28
27
27
27
25
29
31
31
31
29
31
29
28
28
29
28
28
28
31
27
27
24
23
21
22
24
20
20
19
17
16
16
15
13
12
13
7
14
9
7
11
18
22
19
23
24
18
19
18
20
19
18
13
15
14
14
17
15
19
17
17
18
17
15
13
12
10
10
10
13
16
13
15
15
13
13
12
14
12
12
14
16
19
17
14
15
20
23
22
22
22
16
15
23
16
13
16
15
14
10
13
14
12
15
12
13
9
7
10
8
8
8
9
10
9
9
8
3
11
6
7
10
8
13
10
11
9
12
11
10
14
11
15
13
4
14
14
13
12
11
16
15
13
18
20
19
15
14
16
17
17
17
21
18
17
19
19
22
18
19
15
17
20
16
16
16
14
16
11
11
16
13
11
13
13
12
11
12
13
12
12
14
17
15
16
18
19
21
20
20
21
20
23
22
22
22
29
25
27
26
20
16
20
17
16
14
15
25
16
12
19
19
18
21
22
23
21
23
26
21
21
22
20
25
26
23
24
22
23
23
19
20
20
22
20
25
25
25
27
26
28
24
22
21
24
24
22
23
22
22
17
24
23
21
23
24
24
24
22
23
25
23
24
21
23
20
17
20
18
18
21
16
19
20
17
19
17
22
19
20
20
17
14
13
16
13
15
14
12
13
10
9
9
5
9
13
15
12
7
10
8
3
2
1
1
-2
-3
2
1
1
-2
0
1
-1
0
-3
-3
-7
-3
-2
-4
0
-6
-7
-7
-6
-2
-5
-5
0
0
-1
-5
-5
-2
-6
-4
-5
-6
-7
-5
-7
-11
-11
-7
-6
-13
-12
-9
-11
-14
-12
-10
-12
-14
-13
-21
-23
-26
-27
-19
-16
-13
-15
-16
-16
-17
-16
-16
-19
-16
-16
-18
-23
-22
-21
-18
-19
-22
-20
-16
-21
-21
-23
-25
-26
-25
-28
-30
-28
-30
-28
-28
-30
-28
-30
-30
-28
-32
-31
-32
-29
-23
-27
-29
-30
-24
-20
-24
-21
-24
-23
-23
-24
-27
-31
-24
-25
-30
-29
-27
-22
-26
-24
-24
-23
-23
-25
-19
-19
-21
-21
-22
-20
-22
-22
-17
-20
-20
-18
-21
-20
-18
-17
-16
-17
-17
-17
-15
-15
-14
-12
-13
-13
-18
-24
-15
-12
-13
-14
-13
-12
-13
-10
-10
-11
-12
-17
-12
-16
-19
-17
-18
-14
-17
-12
-11
-11
-10
-8
-8
-9
-8
-7
-6
-8
-8
-10
-8
-8
-10
-9
-10
-8
-8
-9
-9
-6
-6
-5
-5
-4
-2
-3
4
7
11
11
12
9
11
12
8
12
13
14
24
20
15
20
21
15
13
14
12
8
9
13
17
14
15
13
12
18
14
15
13
13
14
14
15
12
16
19
17
21
24
20
22
19
17
20
17
17
17
17
20
15
18
15
17
15
11
15
15
13
11
6
7
10
12
11
14
12
9
12
11
14
16
16
15
15
13
14
14
16
14
17
18
15
16
10
11
15
10
14
15
14
15
18
17
12
12
14
14
17
14
14
17
12
14
12
11
12
12
19
15
17
18
15
15
11
9
6
9
7
5
14
13
15
14
16
20
18
20
16
12
15
13
14
13
14
15
10
12
11
11
14
12
14
13
11
12
13
14
10
12
14
10
12
12
10
11
8
12
5
6
8
3
4
4
5
6
6
6
4
-5
3
-1
-4
3
8
9
8
8
4
7
4
5
3
7
5
2
0
1
3
6
6
5
6
5
5
5
1
3
4
0
3
-2
0
0
-2
-2
-1
-3
-1
-1
-3
-6
-5
-1
-1
1
-1
-1
-4
2
3
-2
3
8
-1
1
3
-4
-3
1
2
-1
-4
-3
-3
-2
-2
-3
-1
-3
-6
-6
-5
-1
0
3
-3
-1
-2
-1
-2
-5
-5
-6
-2
0
0
2
1
-2
2
-2
-1
2
2
3
-3
-3
-5
-3
-4
-1
4
0
2
3
2
4
3
4
5
-2
1
2
4
2
2
5
1
3
2
0
3
-1
-1
0
-1
1
-2
-1
0
1
0
-4
-1
-4
-3
-2
0
-1
-2
-2
-2
-2
0
3
4
3
1
4
6
5
8
8
8
6
7
9
7
19
19
10
14
10
4
3
8
8
4
6
9
9
5
5
8
6
7
11
9
8
7
6
6
8
9
9
10
12
9
12
14
16
14
9
14
12
11
11
8
14
12
12
14
12
14
10
14
13
11
15
12
13
11
11
13
13
17
15
17
19
18
16
21
19
20
18
17
22
17
20
17
20
20
18
20
19
19
18
18
19
19
18
20
19
18
16
12
12
13
15
13
16
14
14
14
12
16
18
19
18
13
15
15
9
9
8
7
4
5
5
8
9
6
6
8
7
7
5
5
4
4
2
2
2
3
2
-1
1
2
1
2
2
1
3
-1
1
1
1
0
-2
-5
-3
-6
-3
-5
-6
-5
-6
-6
-13
-11
-11
-10
-10
-9
-9
-12
-11
-9
-19
-20
-11
-11
-9
-2
1
-3
-2
-3
-4
-3
-4
-1
2
4
7
9
13
8
4
2
8
10
3
0
4
8
8
6
4
4
8
5
7
5
3
8
3
2
-3
-9
-8
-11
-15
-18
-16
-17
-23
-26
-21
-20
-20
-19
-15
-12
-20
-14
-14
-16
-15
-14
-17
-19
-17
-19
-16
-18
-22
-20
-21
-20
-20
-20
-20
-21
-22
-19
-21
-21
-22
-21
-18
-23
-18
-20
-18
-16
-17
-12
-16
-15
-14
-10
-9
-13
-9
-8
-8
-10
-16
-11
-6
-6
-8
-9
-4
0
-1
-1
-4
0
0
1
4
-4
-1
2
3
0
1
2
3
6
5
6
6
8
8
9
6
6
7
5
6
6
7
3
6
3
3
5
4
6
5
7
7
8
11
6
7
14
13
12
14
13
14
13
17
12
14
26
17
22
17
11
10
9
8
3
9
11
14
9
9
11
10
14
18
15
17
21
17
21
21
17
20
22
23
24
29
30
30
31
29
29
30
31
31
29
28
33
32
33
34
30
30
27
33
31
31
30
27
27
27
36
32
29
31
31
35
35
33
37
35
38
36
36
35
32
33
38
35
34
37
34
34
32
34
34
34
35
33
37
35
37
33
30
29
29
31
29
29
30
28
28
31
31
31
33
35
32
27
31
33
27
25
26
26
27
28
23
30
29
24
30
26
27
30
29
27
28
26
28
27
29
27
25
26
24
29
28
31
27
29
25
27
28
28
27
29
28
30
31
27
27
21
23
18
19
15
11
14
17
13
12
13
12
9
12
6
0
-1
-5
1
10
14
14
9
5
9
11
5
9
10
9
8
6
6
2
4
4
6
6
6
4
2
1
0
-2
-5
-3
-5
-6
-4
-4
-1
-2
-3
-4
-4
-3
-4
-5
-3
0
-1
1
-1
-3
-1
4
3
5
5
6
0
-6
2
1
-4
1
-1
-5
-3
-7
-6
-4
-2
-3
-4
-1
2
-1
-1
3
-1
2
0
-2
3
-2
2
0
0
1
1
5
5
3
2
1
1
1
1
3
0
-2
-7
-7
0
-5
2
3
1
5
0
0
5
8
4
1
5
1
2
1
0
2
0
2
5
5
6
7
7
4
7
8
7
8
9
10
10
11
13
10
9
9
9
13
9
10
12
11
13
13
14
12
16
16
13
20
21
17
17
18
15
15
16
16
19
25
21
26
29
21
17
15
16
13
10
10
17
14
10
12
15
13
16
16
12
14
15
14
14
17
15
19
18
21
25
25
25
24
26
25
27
26
24
27
26
24
26
26
27
24
27
27
26
28
28
28
23
24
29
22
25
25
24
25
25
29
30
30
29
30
30
31
32
33
28
30
33
32
32
32
33
30
34
33
32
35
33
37
40
39
36
34
32
33
35
36
38
34
34
36
33
34
31
32
38
41
34
32
32
28
30
27
28
30
25
29
33
33
31
27
29
31
34
29
26
25
26
26
26
26
26
24
22
24
24
24
24
26
25
27
25
24
24
22
24
24
23
25
22
22
23
21
19
17
19
15
14
17
13
15
19
15
15
11
11
3
4
0
-1
4
10
12
12
10
8
14
9
8
13
9
8
4
3
-1
0
4
1
2
1
0
3
0
-5
-5
-5
-8
-5
-9
-8
-3
-4
-4
-7
-4
-6
-6
-5
-6
-5
-6
-5
-1
-6
-8
-6
-4
-3
-5
-4
-7
-9
-7
-5
-8
-11
-7
-6
-9
-10
-11
-8
-6
-7
-8
-6
-7
-4
-1
-3
-2
0
-3
-5
-2
-4
-2
-5
-4
-3
-6
-5
-4
2
0
-2
-2
-1
-2
1
6
2
4
2
-1
0
3
3
4
1
4
6
4
5
5
7
3
0
4
7
5
0
2
5
4
6
6
8
8
8
10
7
9
7
6
4
4
6
2
4
5
6
6
5
8
4
4
8
3
2
4
6
8
5
5
7
14
15
13
13
15
12
10
13
11
10
21
18
14
20
20
11
7
9
7
1
5
11
15
9
6
10
10
14
11
12
14
11
12
10
10
13
17
17
19
19
21
23
22
20
21
20
18
19
19
18
20
20
20
25
25
19
22
25
25
28
25
22
20
21
25
24
26
23
23
28
25
25
25
26
25
22
26
26
26
26
26
26
26
23
25
24
24
22
20
24
24
25
22
26
28
23
21
18
19
21
21
20
20
18
20
20
18
13
18
24
24
22
19
21
18
15
17
14
15
15
12
16
19
20
17
18
20
16
19
16
16
17
12
17
18
21
17
18
20
21
20
21
22
18
20
18
21
16
13
15
15
13
17
16
15
14
13
10
10
12
10
10
8
7
4
8
6
5
6
7
-2
1
0
-2
-3
3
11
8
11
6
10
5
4
10
7
5
0
1
-1
-1
0
0
3
4
3
3
2
0
0
-3
-5
-6
-11
-8
-9
-6
-7
-5
-3
-3
-3
-6
-6
-3
-3
-3
1
0
3
-4
-5
-3
-7
-2
1
2
-1
2
-4
-9
-1
-1
-3
-6
-6
-1
0
-2
1
-3
-1
-3
0
2
-3
0
-1
-1
-1
-2
-3
-5
-3
-5
-3
-2
-2
-2
-2
-3
-3
-3
-5
-5
-4
-3
-4
-7
-7
-4
-3
-9
-12
-8
-7
-5
-1
0
-1
-2
-3
-4
-4
-5
-1
-7
-8
-7
-7
-2
-4
-4
-3
-2
-2
-4
-5
-5
-4
-1
-4
-7
-3
-8
-6
-2
-4
-4
-2
-3
-4
-3
-2
-2
-3
1
-1
-4
-3
1
5
4
7
6
6
3
3
5
6
6
14
14
9
15
15
13
8
8
6
3
1
7
7
6
6
5
7
6
5
4
8
7
7
6
7
11
9
10
12
16
16
15
19
14
17
18
13
15
12
14
13
11
11
15
13
15
11
8
12
14
14
7
8
6
9
12
12
11
10
16
15
13
13
16
12
13
11
10
10
10
11
12
12
12
14
12
11
14
16
13
17
13
12
17
14
13
12
11
11
11
12
14
12
9
10
8
9
11
9
11
13
12
14
11
11
8
6
3
0
3
7
7
12
8
11
12
9
12
12
13
8
10
10
9
12
8
9
9
7
11
9
11
14
12
10
5
11
8
9
10
8
9
10
10
12
11
9
7
5
7
6
4
0
1
1
5
2
1
1
3
-4
-7
-2
-10
-12
-1
10
11
12
9
6
10
9
12
14
12
9
8
9
10
9
12
13
13
13
9
12
10
10
8
4
5
3
4
7
4
9
6
8
11
6
10
7
7
8
8
16
11
7
9
8
10
12
8
13
13
1
3
4
1
1
10
5
2
6
2
7
5
3
4
6
7
8
6
5
4
7
5
7
6
3
5
2
5
2
-2
2
2
2
2
0
2
-1
2
3
2
5
3
3
-4
-2
6
2
3
4
6
6
9
11
10
8
6
6
4
2
2
2
1
7
5
8
6
9
9
7
11
11
14
16
13
14
15
14
14
18
18
16
18
20
21
20
16
17
19
20
24
24
22
23
25
32
31
27
31
28
29
26
27
31
29
34
37
32
41
37
29
28
25
23
19
19
21
26
23
17
15
18
23
24
23
21
20
21
19
19
20
21
20
24
23
26
25
26
29
24
22
23
23
22
22
24
22
23
22
23
22
16
17
21
24
19
17
15
17
17
24
23
19
21
22
23
24
24
22
22
22
19
19
22
18
21
19
19
24
20
20
19
19
19
21
20
24
25
20
22
24
22
19
19
16
19
19
21
22
17
23
18
14
17
20
24
24
23
18
18
18
16
14
8
9
11
12
16
15
13
15
15
16
14
14
15
11
13
9
14
12
12
10
12
12
10
13
13
12
15
12
13
14
15
15
13
18
14
16
15
17
14
15
7
10
10
7
7
0
5
5
5
3
-1
2
-2
-9
-2
-8
-4
0
6
7
1
3
5
2
-2
2
4
7
1
0
-4
-4
-4
-3
-1
-8
-6
-6
-5
-5
-6
-9
-8
-8
-7
-9
-7
-6
-6
-6
-9
-5
-8
-9
-8
-11
-10
-9
-10
-8
-8
-13
-8
-7
-4
-7
-6
-2
-11
-10
-5
-3
-5
-3
-6
-10
-9
-7
-6
-6
-5
-5
-5
-6
-4
-6
-5
-2
-4
-2
-3
-2
-3
-2
-2
-6
-4
-3
-1
3
3
2
-3
-1
2
2
7
2
7
8
3
1
-4
4
8
7
6
8
6
5
7
12
9
7
4
5
5
1
3
1
3
3
6
8
5
10
11
6
10
9
11
10
10
8
5
6
8
9
7
5
9
9
8
9
8
10
12
11
14
14
15
14
17
22
21
23
22
18
19
19
20
19
19
30
26
25
27
20
15
12
15
12
7
11
17
13
8
13
13
12
17
18
17
16
15
16
15
15
16
16
16
16
16
20
17
16
17
16
16
15
16
14
17
18
19
19
19
17
15
14
16
22
16
17
14
16
19
16
23
21
18
17
23
21
21
25
22
22
18
20
19
18
15
19
19
18
18
19
16
18
21
20
20
21
21
20
24
26
20
17
19
18
18
18
20
24
20
21
21
16
22
18
17
19
20
21
16
15
17
14
12
15
13
15
15
17
17
13
18
17
14
12
12
10
9
5
4
9
4
6
5
4
3
2
2
2
3
2
2
0
0
2
2
-1
0
1
-2
-1
-10
-10
-7
-13
-12
-17
-13
-13
-16
-14
-12
-10
-11
-10
-11
-22
-19
-24
-20
-12
-8
-6
-6
-10
-10
-5
-10
-9
-10
-8
-9
-12
-14
-12
-12
-10
-9
-11
-12
-11
-9
-12
-9
-11
-12
-14
-14
-13
-12
-9
-9
-8
-9
-8
-11
-14
-14
-15
-17
-16
-15
-9
-14
-19
-17
-13
-8
-12
-10
-12
-16
-13
-13
-17
-16
-10
-14
-15
-14
-14
-16
-16
-11
-15
-15
-16
-15
-11
-16
-17
-15
-13
-19
-17
-18
-21
-18
-20
-19
-19
-16
-14
-15
-15
-17
-19
-12
-13
-13
-9
-12
-9
-14
-18
-18
-19
-18
-13
-12
-11
-14
-11
-11
-7
-6
-7
-8
-15
-10
-9
-10
-7
-7
-4
-6
-3
-3
-4
-4
-3
-3
0
-2
-3
-3
-2
-2
-4
-3
-5
-2
-3
-2
0
0
0
2
1
4
3
10
14
9
11
12
20
19
16
18
16
18
16
15
16
16
26
23
17
23
17
14
14
11
12
10
11
16
15
14
14
13
18
16
19
18
16
16
12
16
14
14
14
13
18
20
20
23
23
22
22
19
21
18
20
23
21
23
23
21
24
25
27
29
30
27
21
21
17
23
25
22
22
19
21
20
22
19
23
28
24
22
23
20
22
22
17
20
16
17
14
11
16
16
15
15
17
17
15
17
15
17
13
9
11
9
13
10
12
12
8
9
9
9
17
16
10
9
9
12
7
8
4
2
3
-3
5
8
9
8
8
9
10
10
7
4
2
1
3
3
4
5
4
3
4
9
6
2
5
4
5
4
3
4
6
4
3
2
3
2
0
1
-3
0
-1
-4
-3
-6
-4
-5
-4
-1
-3
-1
-2
-2
-8
-7
-2
-7
-4
1
4
6
4
1
5
3
7
4
3
7
4
3
2
1
6
5
5
6
5
5
5
1
2
1
-2
0
-3
1
-4
-3
-1
-3
-2
-4
-6
-5
-3
-5
-8
-4
-4
-7
-10
-10
-7
-3
1
-4
0
-4
-4
-1
-7
-5
-3
0
-2
-2
-3
0
0
-2
-3
-4
-1
-4
-3
-1
-1
1
1
1
1
2
0
0
3
2
5
5
6
10
8
6
7
4
6
4
9
7
8
9
5
0
0
0
9
7
2
7
10
10
9
12
8
12
12
12
11
8
6
7
8
7
7
10
9
12
9
7
13
10
9
9
9
8
9
10
12
11
8
12
11
12
15
14
14
14
15
14
17
20
18
13
18
21
21
20
19
18
18
21
24
18
26
33
21
27
20
15
15
19
15
14
14
15
18
16
18
17
18
22
21
22
21
19
22
22
20
20
21
21
21
25
24
24
28
25
25
23
20
23
22
25
25
24
22
23
23
22
21
24
25
20
17
14
20
15
18
19
17
15
15
16
18
18
18
20
22
20
19
20
24
23
20
21
22
23
22
19
21
19
17
19
22
22
19
21
19
17
17
17
15
18
19
20
19
19
17
15
22
17
27
30
21
19
18
22
19
16
19
14
13
17
11
15
16
15
16
17
15
17
20
16
16
16
13
16
15
18
16
13
16
15
15
17
15
13
13
12
12
11
11
10
7
6
8
9
7
7
4
1
1
3
-3
-1
-1
0
-1
2
0
-3
0
-2
-9
-14
-10
-12
-12
-7
1
1
2
-1
-1
-4
-4
-2
-3
-3
-1
-4
-5
-2
-4
-4
-4
1
-1
-3
-1
-3
-5
-7
-8
-4
-8
-6
-2
-4
-4
-8
-4
-8
-10
-7
-9
-2
-6
-4
-1
-4
-1
-5
-3
3
2
3
1
2
-3
-4
2
-3
-1
2
-3
-5
-4
-4
-2
-3
-2
-4
-2
-1
-3
1
-5
-2
1
1
0
-3
-3
-2
3
-1
-3
-3
-1
1
5
1
3
2
2
7
4
7
4
5
1
-3
1
4
6
10
6
5
7
9
13
11
11
9
10
12
10
9
9
11
12
10
10
11
8
9
11
9
10
10
11
12
11
10
10
12
13
17
14
18
15
19
18
16
18
15
18
17
18
20
19
18
23
25
23
22
22
24
22
24
25
23
32
32
29
35
35
33
22
26
23
20
20
19
24
22
22
21
18
20
27
22
26
21
22
22
21
23
25
25
25
26
28
32
34
35
32
35
30
32
32
35
36
35
34
36
33
33
32
32
36
36
33
31
31
38
35
31
37
36
34
32
38
41
41
43
42
42
45
43
45
42
46
45
46
45
55
90
95
130
146
197
224
263
288
327
365
396
404
414
433
429
423
391
388
348
318
257
227
181
145
98
64
27
1
-38
-64
-75
-77
-76
-91
-50
-23
16
30
48
62
63
62
38
30
7
-17
-68
-91
-126
-136
-167
-171
-180
-172
-166
-145
-113
-76
-35
-7
31
59
90
107
126
122
114
96
67
36
-1
-37
-85
-125
-174
-209
-240
-251
-279
-286
-297
-289
-276
-266
-236
-212
-180
-141
-108
-62
-4
35
74
103
160
207
255
316
392
456
529
608
689
775
852
935
993
1058
1080
1100
1090
1063
995
904
796
653
504
322
142
-55
-253
-472
-663
-867
-1037
-1233
-1392
-1548
-1675
-1805
-1915
-2002
-2062
-2080
-2087
-2049
-1972
-1846
-1702
-1522
-1336
-1133
-922
-687
-466
-262
-38
165
359
517
677
811
933
1007
1070
1127
1175
1208
1217
1221
1208
1205
1172
1143
1098
1062
990
910
819
733
636
518
391
262
155
33
-77
-190
-282
-361
-432
-487
-519
-519
-516
-498
-462
-392
-311
-203
-94
42
195
409
594
796
993
1191
1346
1462
1530
1588
1601
1550
1415
1243
1057
796
513
195
-101
-436
-774
-1128
-1417
-1684
-1920
-2167
-2341
-2443
-2478
-2508
-2455
-2351
-2192
-2049
-1880
-1680
-1416
-1165
-939
-762
-578
-395
-244
-96
43
184
287
385
477
617
752
887
994
1092
1194
1292
1383
1459
1494
1509
1490
1446
1376
1306
1195
1068
879
695
499
337
161
10
-151
-263
-364
-436
-482
-495
-473
-447
-412
-352
-251
-148
-31
68
188
320
470
611
742
880
1001
1122
1211
1283
1332
1371
1351
1303
1221
1132
1008
838
616
382
153
-102
-405
-718
-1024
-1334
-1650
-1972
-2262
-2465
-2592
-2765
-2833
-2847
-2715
-2607
-2445
-2276
-1987
-1675
-1338
-1062
-764
-447
-191
41
210
437
577
685
696
770
854
950
1012
1048
1112
1169
1234
1270
1353
1412
1464
1448
1417
1410
1372
1341
1180
1040
833
674
458
281
72
-87
-256
-422
-532
-601
-593
-607
-571
-551
-431
-305
-119
45
215
417
618
815
979
1159
1297
1424
1480
1514
1510
1499
1448
1312
1161
995
836
620
377
103
-137
-406
-697
-1009
-1318
-1577
-1900
-2196
-2527
-2674
-2826
-2959
-3084
-3109
-3007
-2899
-2732
-2587
-2267
-1947
-1562
-1307
-926
-578
-185
93
336
605
808
974
1004
1117
1189
1298
1315
1322
1342
1366
1405
1373
1420
1430
1484
1430
1415
1373
1362
1301
1162
1034
830
708
484
329
84
-67
-272
-444
-609
-732
-768
-806
-792
-790
-671
-521
-296
-112
117
385
654
939
1157
1411
1606
1793
1875
1927
1919
1904
1824
1651
1454
1213
989
685
379
42
-260
-599
-935
-1269
-1584
-1852
-2139
-2400
-2670
-2854
-2972
-3107
-3197
-3240
-3187
-3124
-3011
-2867
-2618
-2312
-1963
-1636
-1303
-900
-514
-119
199
543
824
1050
1181
1311
1444
1543
1604
1601
1607
1612
1631
1616
1604
1599
1590
1550
1478
1453
1400
1336
1201
1052
892
733
578
391
212
14
-156
-355
-504
-642
-717
-774
-808
-799
-732
-589
-417
-211
3
269
549
843
1126
1392
1643
1848
2010
2093
2146
2134
2083
1934
1747
1512
1244
938
573
206
-190
-566
-973
-1332
-1695
-1987
-2270
-2507
-2734
-2928
-3017
-3131
-3204
-3261
-3216
-3137
-3022
-2897
-2699
-2418
-2094
-1768
-1468
-1091
-717
-311
29
387
736
1025
1247
1389
1580
1696
1811
1819
1827
1822
1816
1799
1764
1758
1721
1690
1584
1536
1466
1411
1291
1145
996
836
696
514
363
157
-3
-197
-362
-492
-590
-633
-686
-672
-641
-512
-365
-154
54
290
560
832
1126
1377
1632
1815
1974
2047
2094
2073
2003
1874
1670
1429
1135
815
457
77
-325
-734
-1119
-1487
-1798
-2072
-2303
-2511
-2709
-2897
-3059
-3126
-3252
-3286
-3318
-3212
-3120
-2942
-2741
-2467
-2119
-1765
-1392
-1042
-609
-216
216
539
926
1207
1445
1579
1703
1808
1867
1894
1857
1828
1787
1745
1712
1659
1635
1565
1499
1402
1354
1281
1200
1071
922
787
613
487
291
143
-77
-239
-452
-585
-711
-790
-839
-862
-813
-736
-577
-382
-137
108
380
660
940
1230
1453
1657
1767
1853
1854
1792
1678
1508
1281
962
600
185
-195
-640
-1060
-1479
-1850
-2146
-2371
-2589
-2766
-2921
-3064
-3271
-3417
-3545
-3653
-3714
-3737
-3682
-3575
-3362
-3126
-2804
-2436
-1988
-1589
-1164
-733
-258
217
613
1015
1315
1581
1732
1877
1975
2029
2044
1984
1929
1839
1790
1712
1647
1586
1506
1435
1362
1332
1265
1216
1100
989
852
710
573
400
242
8
-170
-391
-520
-676
-780
-861
-901
-861
-808
-645
-468
-202
30
311
592
902
1217
1470
1684
1824
1938
1938
1883
1738
1551
1287
945
546
103
-314
-749
-1163
-1587
-1879
-2094
-2244
-2368
-2460
-2561
-2672
-2838
-2993
-3098
-3193
-3214
-3255
-3168
-3075
-2854
-2633
-2328
-1965
-1541
-1134
-717
-237
264
800
1228
1660
1974
2246
2429
2597
2721
2784
2793
2736
2663
2578
2509
2463
2369
2297
2175
2066
1929
1848
1731
1597
1448
1272
1138
931
809
598
428
156
-74
-342
-549
-739
-925
-1048
-1147
-1123
-1095
-934
-740
-463
-194
104
436
791
1158
1429
1662
1829
1951
1998
1949
1836
1629
1367
980
565
101
-327
-756
-1190
-1548
-1824
-1967
-2108
-2180
-2295
-2372
-2533
-2694
-2797
-2919
-2943
-2999
-2948
-2889
-2718
-2509
-2260
-1935
-1566
-1147
-765
-287
146
665
1102
1547
1945
2231
2463
2600
2768
2803
2819
2721
2619
2479
2318
2190
2008
1880
1697
1541
1347
1229
1131
1000
865
687
596
452
360
231
111
-54
-252
-433
-614
-718
-867
-931
-1016
-1001
-946
-841
-662
-445
-158
86
397
696
1058
1355
1597
1787
1910
1996
1967
1887
1704
1490
1138
745
289
-152
-582
-1020
-1408
-1739
-1927
-2081
-2180
-2282
-2366
-2472
-2647
-2744
-2871
-2939
-2976
-2976
-2908
-2816
-2611
-2414
-2091
-1751
-1333
-967
-534
-89
382
847
1213
1622
1874
2121
2246
2419
2506
2521
2485
2351
2242
2033
1884
1722
1617
1528
1389
1272
1129
1072
994
932
789
701
610
490
380
205
77
-147
-328
-532
-661
-808
-927
-1007
-1047
-983
-908
-708
-493
-200
74
385
709
1058
1401
1652
1863
2009
2115
2115
2056
1910
1702
1380
995
575
151
-252
-658
-1009
-1298
-1465
-1616
-1722
-1826
-1933
-2060
-2245
-2346
-2462
-2533
-2567
-2577
-2496
-2394
-2218
-2027
-1711
-1357
-960
-587
-179
276
716
1154
1500
1886
2139
2348
2439
2516
2519
2393
2210
1928
1698
1459
1304
1102
926
800
629
483
307
241
140
53
-75
-191
-270
-367
-416
-525
-613
-778
-899
-1030
-1123
-1205
-1284
-1299
-1308
-1205
-1080
-844
-568
-245
77
400
762
1113
1466
1723
1941
2090
2191
2199
2127
1976
1749
1443
1049
631
208
-172
-548
-885
-1149
-1326
-1451
-1557
-1653
-1767
-1883
-2012
-2092
-2227
-2282
-2291
-2251
-2175
-2063
-1868
-1647
-1308
-944
-550
-183
223
614
1018
1387
1734
2041
2222
2332
2386
2411
2312
2109
1837
1533
1244
998
849
692
589
521
410
337
274
285
260
238
165
118
70
8
-34
-128
-221
-386
-510
-637
-704
-753
-792
-809
-796
-671
-552
-325
-72
244
540
848
1177
1501
1838
2064
2238
2326
2406
2371
2264
2056
1802
1471
1051
609
157
-222
-597
-942
-1247
-1428
-1562
-1670
-1806
-1946
-2101
-2186
-2304
-2445
-2471
-2447
-2362
-2310
-2143
-1952
-1603
-1230
-825
-437
3
478
946
1401
1794
2203
2496
2700
2783
2817
2742
2533
2195
1845
1517
1194
884
596
322
121
-71
-226
-321
-348
-300
-301
-313
-367
-358
-348
-316
-311
-335
-361
-444
-499
-591
-620
-643
-653
-683
-623
-471
-299
-62
180
487
769
1082
1361
1659
1918
2104
2198
2226
2234
2147
1980
1693
1385
1018
597
121
-306
-690
-1046
-1372
-1635
-1802
-1917
-2039
-2187
-2359
-2475
-2530
-2684
-2763
-2793
-2701
-2650
-2569
-2447
-2234
-1934
-1624
-1298
-936
-469
-43
408
766
1156
1481
1712
1846
1966
2101
2165
2143
1993
1793
1569
1380
1187
1003
894
819
740
671
630
644
677
683
632
597
601
607
577
475
349
188
39
-160
-327
-449
-544
-615
-655
-598
-506
-319
-141
82
344
635
915
1181
1454
1657
1804
1866
1899
1869
1763
1538
1251
935
584
179
-243
-618
-952
-1248
-1511
-1708
-1829
-1933
-2112
-2322
-2528
-2609
-2745
-2881
-2942
-2902
-2784
-2680
-2499
-2317
-1980
-1636
-1278
-926
-475
-2
485
914
1303
1707
2036
2276
2427
2588
2683
2660
2505
2274
1997
1705
1395
1097
844
664
495
314
181
88
31
-46
-168
-320
-401
-442
-476
-552
-641
-741
-816
-863
-929
-957
-957
-909
-890
-792
-637
-393
-131
143
451
773
1107
1416
1708
1957
2146
2238
2251
2202
2113
1912
1612
1253
876
464
14
-406
-778
-1069
-1350
-1551
-1701
-1765
-1858
-1993
-2198
-2291
-2374
-2507
-2571
-2579
-2476
-2411
-2269
-2127
-1846
-1510
-1150
-834
-460
-52
376
800
1219
1690
2080
2352
2444
2479
2459
2404
2288
2119
1956
1842
1731
1597
1469
1342
1212
1032
915
772
724
675
621
509
418
368
324
283
152
21
-145
-259
-405
-495
-589
-643
-665
-656
-575
-431
-196
33
313
584
894
1189
1491
1731
1926
2053
2125
2136
2060
1917
1690
1408
1055
685
265
-126
-509
-822
-1121
-1350
-1516
-1634
-1738
-1904
-2066
-2255
-2325
-2484
-2608
-2669
-2630
-2562
-2471
-2316
-2115
-1776
-1426
-1057
-717
-315
68
473
832
1196
1535
1760
1858
1852
1809
1728
1592
1350
1152
985
862
759
670
594
569
558
559
586
616
674
710
708
636
581
504
427
290
125
-61
-252
-398
-562
-673
-769
-815
-867
-846
-745
-571
-341
-98
186
473
786
1083
1350
1559
1707
1783
1773
1695
1552
1325
1016
632
223
-201
-628
-1021
-1368
-1653
-1882
-2046
-2177
-2286
-2396
-2563
-2746
-2854
-2998
-3090
-3128
-3085
-3015
-2884
-2704
-2475
-2118
-1714
-1312
-899
-440
73
572
950
1310
1661
1948
2112
2167
2166
2127
2023
1895
1733
1561
1421
1280
1147
1033
986
906
827
752
701
665
565
452
327
228
114
8
-134
-321
-534
-738
-896
-1036
-1131
-1206
-1210
-1160
-1059
-881
-628
-329
-25
288
595
918
1251
1505
1693
1804
1855
1839
1725
1549
1300
992
592
177
-225
-607
-961
-1277
-1537
-1732
-1898
-2027
-2144
-2281
-2481
-2619
-2714
-2853
-2910
-2910
-2847
-2762
-2567
-2357
-2066
-1695
-1307
-927
-550
-128
365
874
1306
1723
2082
2342
2507
2618
2661
2655
2608
2495
2269
2099
1928
1759
1662
1582
1476
1362
1277
1164
1154
1101
1033
926
815
738
619
488
305
98
-146
-346
-476
-627
-747
-831
-852
-839
-770
-620
-424
-177
96
361
621
918
1181
1370
1486
1535
1546
1472
1307
1080
803
459
61
-337
-736
-1102
-1437
-1720
-1943
-2162
-2313
-2482
-2644
-2860
-3030
-3121
-3279
-3335
-3340
-3243
-3131
-2933
-2700
-2426
-2059
-1659
-1251
-869
-477
-48
397
777
1144
1520
1829
2063
2236
2330
2339
2198
1945
1634
1357
1169
978
771
610
568
511
439
370
331
294
210
80
-77
-193
-305
-376
-490
-635
-770
-887
-934
-989
-1024
-1007
-948
-860
-727
-530
-310
-35
252
522
776
1040
1302
1488
1599
1624
1616
1527
1341
1091
798
457
52
-340
-738
-1073
-1369
-1602
-1802
-1970
-2118
-2270
-2425
-2645
-2785
-2883
-3030
-3099
-3088
-2994
-2887
-2676
-2428
-2114
-1717
-1297
-866
-448
-24
429
852
1198
1517
1800
1984
2061
2061
2040
1943
1800
1740
1622
1515
1489
1446
1389
1335
1314
1241
1169
1101
1112
1134
1110
1064
979
910
812
684
481
231
-26
-201
-324
-459
-516
-536
-515
-450
-296
-88
154
416
663
922
1151
1398
1601
1727
1776
1757
1675
1496
1256
985
650
245
-184
-587
-976
-1325
-1597
-1833
-2032
-2195
-2356
-2519
-2700
-2886
-2970
-3118
-3237
-3263
-3203
-3113
-2972
-2735
-2493
-2150
-1756
-1361
-970
-545
-67
436
851
1221
1593
1889
2059
2181
2275
2292
2167
1940
1673
1419
1263
1196
1129
1049
1033
1061
1029
990
967
976
946
843
735
604
474
348
197
7
-191
-367
-497
-619
-734
-762
-753
-718
-628
-442
-211
47
315
570
821
1061
1294
1458
1563
1605
1578
1467
1265
1033
748
399
-21
-419
-789
-1137
-1439
-1709
-1891
-2053
-2209
-2382
-2549
-2752
-2864
-2974
-3139
-3190
-3155
-3066
-2991
-2801
-2564
-2220
-1844
-1463
-1075
-678
-269
168
556
864
1155
1380
1455
1414
1326
1249
1155
967
801
634
480
384
288
235
189
185
188
197
220
293
343
286
227
154
87
11
-111
-276
-478
-678
-844
-957
-1061
-1097
-1101
-1072
-993
-815
-550
-268
38
340
647
926
1202
1428
1584
1671
1677
1609
1450
1236
981
653
242
-161
-540
-879
-1178
-1429
-1586
-1752
-1886
-2043
-2177
-2387
-2513
-2612
-2810
-2904
-2911
-2826
-2746
-2565
-2363
-2093
-1778
-1462
-1131
-811
-497
-163
131
342
588
775
801
662
515
453
401
338
183
35
-113
-227
-291
-320
-303
-235
-173
-136
-63
-4
82
95
62
8
-43
-120
-225
-371
-577
-774
-927
-1046
-1173
-1210
-1216
-1195
-1111
-937
-645
-337
-8
315
675
1008
1324
1595
1794
1936
1995
1950
1806
1615
1391
1100
698
291
-79
-418
-743
-1024
-1218
-1375
-1504
-1664
-1782
-1959
-2028
-2053
-2187
-2238
-2189
-2056
-1966
-1793
-1601
-1316
-956
-612
-270
68
389
715
1032
1252
1448
1580
1589
1527
1370
1225
1150
1042
908
831
820
890
990
1083
1171
1285
1441
1545
1619
1693
1768
1686
1532
1335
1159
1031
846
623
341
88
-126
-294
-471
-538
-542
-542
-511
-387
-143
137
430
700
1008
1303
1579
1808
1970
2069
2102
2022
1826
1598
1352
1044
607
160
-219
-556
-856
-1123
-1300
-1450
-1547
-1696
-1839
-2027
-2090
-2141
-2294
-2361
-2353
-2205
-2107
-1943
-1766
-1471
-1128
-822
-535
-263
21
298
508
648
912
1217
1391
1411
1372
1333
1345
1373
1313
1192
1059
1002
986
926
850
829
827
833
885
968
1074
1056
999
941
911
878
776
610
364
139
-47
-207
-390
-480
-513
-546
-531
-432
-217
57
332
577
857
1143
1413
1621
1762
1848
1869
1785
1572
1340
1085
753
312
-140
-530
-855
-1123
-1356
-1523
-1635
-1726
-1869
-2018
-2192
-2185
-2265
-2367
-2397
-2302
-2132
-1967
-1752
-1570
-1249
-953
-694
-473
-266
-3
355
743
1095
1469
1749
1952
2014
2059
2114
2106
1956
1663
1420
1211
1039
837
721
633
655
696
760
822
897
959
915
834
681
567
425
226
-27
-305
-517
-705
-866
-1004
-1028
-1039
-1005
-927
-751
-478
-199
68
328
626
903
1159
1338
1479
1555
1529
1397
1203
999
742
403
-3
-362
-666
-911
-1146
-1305
-1449
-1558
-1665
-1783
-1944
-1974
-1977
-2126
-2179
-2148
-2004
-1876
-1673
-1477
-1179
-840
-564
-289
-102
10
120
248
286
464
723
911
1058
1201
1394
1590
1762
1856
1941
1994
2118
2201
2245
2292
2340
2457
2448
2443
2466
2452
2331
2195
2048
1895
1761
1552
1318
1003
742
515
321
117
29
-28
-75
-69
-14
171
392
616
805
1038
1248
1462
1613
1698
1730
1694
1542
1297
1038
750
438
30
-351
-680
-940
-1168
-1357
-1532
-1669
-1811
-1975
-2190
-2334
-2345
-2484
-2542
-2581
-2483
-2403
-2294
-2202
-2079
-1827
-1618
-1377
-1191
-998
-810
-666
-632
-524
-352
-198
-33
110
295
415
571
608
716
845
959
1039
1101
1234
1306
1453
1492
1524
1532
1608
1614
1539
1425
1271
1146
935
700
359
74
-186
-409
-617
-754
-814
-867
-831
-762
-547
-305
-27
213
482
736
976
1178
1294
1375
1357
1233
1002
767
500
194
-203
-592
-928
-1205
-1417
-1601
-1759
-1872
-2001
-2152
-2350
-2433
-2460
-2596
-2667
-2693
-2607
-2540
-2417
-2315
-2150
-1908
-1729
-1561
-1476
-1379
-1244
-1082
-933
-690
-284
180
682
1139
1518
1740
1843
1797
1717
1652
1594
1511
1429
1382
1325
1363
1361
1349
1293
1264
1164
1037
892
726
598
421
238
-34
-241
-450
-602
-751
-826
-852
-871
-805
-699
-450
-198
76
331
623
869
1101
1274
1395
1477
1435
1299
1079
871
601
283
-116
-476
-772
-1039
-1247
-1432
-1555
-1682
-1820
-2019
-2169
-2178
-2237
-2284
-2292
-2203
-2082
-1927
-1745
-1562
-1284
-1031
-836
-710
-579
-396
-193
-73
59
265
446
564
567
587
637
747
807
687
498
356
399
405
425
491
595
651
708
773
823
857
789
718
599
526
419
276
74
-155
-339
-491
-616
-703
-701
-686
-620
-520
-318
-55
219
469
742
998
1212
1400
1510
1596
1589
1496
1287
1078
835
553
213
-146
-444
-727
-963
-1199
-1362
-1516
-1678
-1887
-2062
-2066
-2116
-2149
-2181
-2156
-2089
-1964
-1800
-1615
-1303
-984
-692
-450
-246
-67
106
180
204
323
340
378
383
321
283
190
130
67
59
64
121
128
235
325
442
548
641
766
852
930
913
877
775
706
603
467
265
45
-126
-285
-399
-494
-487
-475
-386
-264
-47
223
504
770
1033
1302
1508
1695
1783
1849
1821
1696
1472
1217
953
636
273
-115
-426
-705
-937
-1168
-1341
-1509
-1650
-1888
-2025
-2046
-2149
-2157
-2161
-2050
-1925
-1721
-1576
-1395
-1147
-952
-739
-584
-360
-72
203
379
592
813
948
996
993
1058
1052
991
880
837
756
750
803
852
934
972
1061
1098
1221
1318
1416
1435
1439
1386
1261
1147
977
798
522
283
47
-119
-277
-349
-376
-367
-285
-162
70
307
579
812
1085
1298
1505
1646
1724
1750
1679
1507
1227
947
623
267
-180
-590
-953
-1252
-1512
-1746
-1923
-2074
-2215
-2460
-2515
-2629
-2721
-2775
-2782
-2720
-2599
-2385
-2233
-1946
-1668
-1337
-1032
-728
-384
-11
274
450
725
858
940
927
836
621
466
388
185
65
-63
-57
-74
1
38
120
194
248
362
432
479
410
395
290
204
87
-16
-162
-359
-558
-711
-798
-884
-876
-876
-777
-666
-442
-218
41
297
552
813
996
1188
1271
1350
1295
1194
967
708
429
105
-249
-640
-941
-1248
-1458
-1740
-1934
-2120
-2289
-2524
-2621
-2712
-2873
-2899
-2951
-2870
-2781
-2530
-2336
-2010
-1663
-1325
-986
-768
-468
-197
69
245
485
687
891
971
1046
1215
1269
1301
1166
1032
818
761
699
745
773
792
883
893
1023
1071
1120
1031
971
831
719
597
449
288
38
-173
-357
-481
-621
-639
-663
-614
-507
-317
-56
214
506
772
1056
1260
1471
1559
1610
1583
1488
1256
938
646
330
-8
-440
-779
-1060
-1265
-1501
-1706
-1827
-1941
-2099
-2178
-2275
-2346
-2255
-2155
-2007
-1811
-1506
-1237
-894
-544
-240
32
140
206
175
60
-126
-259
-442
-557
-640
-712
-638
-545
-507
-552
-514
-480
-341
-206
-38
127
303
465
545
709
833
912
905
935
916
884
806
712
609
427
235
40
-58
-151
-175
-212
-179
-64
144
388
617
885
1157
1424
1603
1771
1859
1908
1836
1674
1420
1109
792
441
51
-358
-685
-976
-1235
-1490
-1718
-1890
-2078
-2236
-2270
-2363
-2415
-2396
-2355
-2291
-2129
-1917
-1705
-1384
-1073
-684
-325
16
427
859
1220
1513
1791
1820
1843
1817
1789
1742
1664
1605
1556
1459
1386
1373
1265
1214
1101
1055
963
924
919
914
873
769
707
562
453
277
125
-71
-276
-490
-606
-691
-754
-715
-676
-556
-400
-129
130
438
718
1008
1236
1417
1568
1616
1610
1491
1354
1054
719
359
46
-305
-688
-986
-1232
-1427
-1680
-1886
-2099
-2287
-2355
-2483
-2636
-2656
-2590
-2549
-2522
-2456
-2296
-1981
-1687
-1423
-1116
-864
-649
-418
-285
-216
-18
181
393
504
576
617
617
510
331
220
61
32
-36
6
96
228
372
478
613
761
883
868
892
870
866
790
660
510
324
141
-52
-190
-306
-310
-318
-279
-195
14
287
552
800
1065
1359
1575
1765
1845
1918
1877
1746
1489
1160
842
495
84
-376
-735
-1029
-1265
-1529
-1788
-1974
-2167
-2303
-2379
-2506
-2519
-2432
-2308
-2185
-1992
-1744
-1472
-1167
-966
-676
-368
-68
218
485
669
886
1108
1216
1277
1215
1298
1269
1128
898
744
629
594
535
463
546
590
739
823
937
1041
1133
1085
1009
940
805
681
472
294
69
-131
-354
-507
-641
-686
-677
-678
-594
-432
-151
112
401
653
984
1226
1430
1550
1607
1631
1538
1357
1027
727
416
92
-323
-704
-994
-1244
-1494
-1776
-1994
-2172
-2323
-2379
-2480
-2541
-2429
-2290
-2161
-1977
-1706
-1431
-1088
-840
-609
-359
-226
-125
-4
110
221
431
492
506
381
348
339
240
112
1
44
66
221
354
616
871
1128
1315
1479
1682
1885
2036
2035
2040
1942
1855
1679
1483
1267
1007
734
496
304
160
152
113
145
238
468
722
986
1233
1514
1795
1996
2168
2206
2231
2153
2012
1694
1340
971
620
178
-332
-719
-1046
-1301
-1591
-1828
-2034
-2225
-2357
-2450
-2606
-2613
-2483
-2347
-2214
-2001
-1695
-1374
-1006
-733
-374
-21
334
723
1047
1337
1695
2026
2124
2165
2011
1816
1426
998
598
325
184
122
169
236
425
528
687
758
887
1025
1144
1127
1078
1065
985
889
675
493
260
14
-208
-351
-477
-480
-429
-399
-286
-63
263
569
880
1143
1453
1677
1873
1976
2006
1985
1862
1635
1258
896
538
181
-294
-732
-1044
-1329
-1614
-1913
-2147
-2361
-2527
-2575
-2709
-2789
-2706
-2580
-2506
-2401
-2205
-1956
-1615
-1329
-1001
-649
-309
19
344
542
691
843
785
640
380
205
35
-116
-255
-339
-337
-341
-267
-219
-36
119
346
517
697
909
1114
1204
1131
1100
1037
974
800
643
441
244
44
-146
-299
-369
-339
-353
-280
-143
148
457
738
985
1294
1587
1795
1948
1995
2030
1958
1774
1436
1099
760
411
-37
-498
-827
-1079
-1315
-1586
-1810
-1947
-2107
-2227
-2303
-2436
-2381
-2226
-2106
-1976
-1710
-1420
-1091
-729
-456
-77
238
569
904
1217
1418
1613
1631
1455
1329
1098
983
665
383
172
116
131
251
392
517
750
904
1072
1172
1355
1499
1633
1587
1539
1495
1382
1245
1033
870
623
401
173
-1
-127
-153
-174
-184
-72
99
395
661
914
1201
1518
1745
1945
2060
2098
2108
1972
1712
1372
1020
666
261
-223
-640
-948
-1215
-1468
-1723
-1942
-2101
-2317
-2362
-2480
-2556
-2479
-2370
-2261
-2105
-1800
-1555
-1185
-896
-615
-310
-109
75
254
369
436
590
453
221
-30
-208
-281
-345
-413
-475
-421
-466
-320
-207
12
190
358
529
640
834
991
1101
1057
1077
996
924
774
619
458
251
42
-157
-283
-378
-330
-339
-258
-114
160
462
744
1015
1299
1595
1774
1955
1990
2041
1962
1783
1452
1079
722
319
-154
-710
-1109
-1421
-1677
-1950
-2154
-2337
-2507
-2709
-2790
-2939
-3002
-2917
-2907
-2845
-2700
-2393
-2145
-1846
-1668
-1452
-1267
-1150
-1000
-849
-586
-247
186
377
500
391
371
371
352
376
446
568
580
734
725
869
930
1020
1076
1158
1282
1320
1285
1134
1088
898
732
458
249
-8
-281
-536
-765
-880
-970
-945
-972
-840
-673
-352
-49
242
570
897
1208
1416
1616
1664
1738
1644
1473
1179
856
553
201
-205
-642
-936
-1199
-1418
-1686
-1913
-2064
-2269
-2407
-2455
-2570
-2553
-2443
-2329
-2175
-1907
-1601
-1272
-899
-621
-252
52
390
702
954
1120
1368
1483
1363
1157
891
805
539
310
95
45
-6
23
141
213
350
407
577
659
828
979
1129
1147
1161
1191
1127
1070
902
819
624
436
239
95
-3
-34
-7
2
140
313
644
945
1242
1538
1858
2101
2301
2439
2446
2452
2300
2057
1665
1265
860
420
-113
-614
-974
-1250
-1481
-1749
-1951
-2114
-2337
-2461
-2543
-2695
-2664
-2576
-2530
-2443
-2250
-2045
-1775
-1520
-1399
-1227
-1122
-913
-594
-313
-81
159
285
326
340
327
427
372
311
292
338
299
285
320
353
477
541
640
677
804
929
1001
917
874
822
706
564
337
165
-86
-319
-532
-678
-772
-738
-710
-656
-496
-260
91
394
695
1004
1361
1615
1864
1987
2060
2089
1992
1760
1410
1081
717
318
-238
-682
-1034
-1310
-1629
-1911
-2137
-2306
-2501
-2590
-2666
-2748
-2575
-2452
-2283
-2123
-1807
-1522
-1135
-775
-421
43
314
639
869
1088
1195
1382
1485
1552
1489
1352
1178
890
724
577
646
648
784
836
951
1085
1191
1359
1405
1541
1581
1614
1487
1471
1388
1276
1098
878
696
414
183
-76
-142
-208
-170
-128
0
193
475
846
1117
1462
1774
2072
2243
2431
2484
2498
2389
2167
1898
1489
1067
610
156
-367
-813
-1171
-1468
-1749
-2051
-2252
-2488
-2697
-2731
-2867
-2921
-2805
-2633
-2459
-2208
-1892
-1538
-1063
-714
-304
114
507
914
1236
1481
1680
1769
1520
1244
920
793
639
475
365
263
171
52
96
87
266
370
574
739
886
1063
1230
1305
1190
1122
944
807
575
384
161
-67
-250
-429
-526
-549
-471
-440
-312
-168
147
501
791
1088
1427
1729
1950
2126
2154
2216
2136
1917
1571
1192
830
413
-119
-692
-1136
-1498
-1843
-2161
-2463
-2642
-2856
-3023
-3057
-3215
-3166
-3073
-2964
-2833
-2579
-2274
-1971
-1569
-1299
-913
-637
-363
-118
122
235
387
493
473
508
422
515
504
537
504
712
806
864
953
969
1152
1141
1237
1211
1254
1239
1218
1074
920
834
664
535
283
118
-138
-384
-600
-755
-855
-853
-798
-746
-581
-373
-24
331
671
1000
1379
1664
1915
2086
2141
2179
2087
1891
1576
1215
851
481
-14
-499
-905
-1240
-1589
-1903
-2238
-2438
-2688
-2942
-3004
-3219
-3241
-3185
-3053
-2926
-2659
-2336
-2023
-1586
-1256
-769
-327
113
538
904
1070
1214
1348
1334
1335
1198
1114
879
594
254
105
-18
-76
38
51
232
282
394
376
435
524
593
579
493
489
381
311
150
72
-88
-274
-452
-538
-628
-614
-542
-499
-353
-158
180
498
849
1136
1510
1775
1999
2193
2259
2309
2249
2099
1776
1460
1060
692
158
-382
-834
-1233
-1596
-1986
-2254
-2530
-2712
-3050
-3112
-3263
-3356
-3301
-3266
-3107
-2944
-2553
-2311
-1826
-1404
-851
-304
108
635
1082
1535
1791
2152
2219
2321
2205
2070
1913
1583
1363
1037
872
551
530
369
368
374
360
342
255
275
234
252
83
73
-66
-140
-276
-380
-512
-740
-910
-1040
-1059
-1153
-1044
-1016
-853
-694
-401
-55
310
697
1034
1434
1668
1991
2113
2225
2208
2147
1926
1590
1265
870
508
-80
-510
-960
-1286
-1664
-1967
-2225
-2457
-2659
-2936
-2925
-3125
-3107
-3112
-3022
-2947
-2750
-2454
-2270
-1811
-1473
-938
-554
-108
360
829
1158
1453
1847
1962
2145
2066
2071
1867
1691
1499
1231
976
725
699
547
622
590
682
694
813
933
1052
1123
1043
1064
901
833
689
635
441
227
8
-167
-251
-360
-310
-301
-143
-6
282
573
898
1237
1568
1885
2107
2359
2437
2506
2410
2275
2012
1665
1304
878
430
-118
-557
-996
-1369
-1748
-2037
-2278
-2524
-2756
-2985
-2993
-3177
-3205
-3201
-3079
-2927
-2709
-2408
-2166
-1627
-1208
-665
-253
206
664
1090
1414
1700
2037
2024
2011
1824
1827
1780
1839
1764
1595
1455
1238
1197
973
986
851
821
699
682
681
692
698
542
514
303
212
36
-72
-320
-558
-781
-959
-1029
-1133
-1071
-1047
-908
-789
-486
-147
210
569
891
1240
1519
1806
1928
2028
2006
1938
1735
1427
1119
769
360
-147
-635
-1093
-1499
-1888
-2277
-2563
-2839
-3092
-3366
-3435
-3522
-3613
-3576
-3544
-3377
-3203
-2910
-2727
-2374
-2039
-1714
-1377
-1156
-777
-466
-159
37
402
577
742
853
967
1191
1283
1430
1406
1442
1299
1373
1329
1348
1370
1325
1319
1192
1158
1024
988
773
675
478
298
125
-41
-214
-487
-661
-868
-934
-988
-924
-857
-710
-517
-251
120
468
827
1181
1526
1810
2092
2249
2376
2424
2379
2226
2007
1731
1450
1066
615
185
-242
-643
-1049
-1411
-1735
-1978
-2267
-2523
-2786
-2833
-2943
-3072
-3091
-3032
-2887
-2736
-2532
-2401
-2038
-1717
-1355
-1015
-662
-206
289
716
1082
1558
1807
2068
2146
2286
2423
2503
2492
2419
2377
2237
2239
2008
1866
1698
1556
1427
1309
1224
1183
1181
1012
897
695
577
448
327
144
-34
-188
-310
-388
-450
-390
-312
-186
-47
215
569
937
1254
1570
1877
2177
2442
2593
2700
2750
2719
2560
2315
2050
1804
1447
1001
535
118
-276
-709
-1136
-1512
-1794
-2107
-2396
-2746
-2961
-3011
-3225
-3353
-3404
-3317
-3185
-3036
-2898
-2658
-2214
-1877
-1449
-1127
-711
-254
150
445
793
1169
1409
1618
1589
1710
1734
1759
1677
1627
1566
1566
1640
1591
1707
1688
1757
1704
1657
1596
1606
1532
1312
1110
851
680
444
239
-65
-294
-495
-664
-802
-863
-870
-854
-774
-686
-420
-118
213
499
834
1133
1457
1711
1868
2030
2078
2066
1952
1782
1575
1353
1006
627
227
-148
-520
-913
-1305
-1633
-1921
-2236
-2503
-2825
-3075
-3139
-3351
-3494
-3514
-3464
-3339
-3238
-3063
-2865
-2430
-2080
-1649
-1263
-868
-364
64
485
851
1350
1634
1923
2054
2324
2597
2771
2844
2732
2652
2451
2399
2189
2136
2031
1942
1775
1598
1491
1368
1282
1022
841
559
386
148
-44
-316
-588
-783
-992
-1129
-1232
-1212
-1246
-1153
-1096
-882
-583
-262
40
359
739
1053
1430
1625
1862
1998
2088
2051
1952
1817
1658
1432
1028
684
305
11
-389
-806
-1231
-1513
-1819
-2122
-2386
-2692
-2860
-2983
-3179
-3377
-3335
-3290
-3188
-3141
-3009
-2778
-2394
-2050
-1682
-1247
-836
-279
164
632
1058
1599
1910
2172
2320
2538
2801
2897
2959
2892
2889
2723
2631
2353
2199
1982
1723
1453
1177
1031
866
704
383
224
54
-30
-191
-350
-505
-661
-810
-988
-1117
-1208
-1162
-1191
-1141
-1080
-825
-526
-250
16
333
726
1065
1425
1646
1919
2106
2232
2214
2169
2106
1998
1774
1400
1107
794
510
93
-332
-764
-1105
-1445
-1835
-2159
-2493
-2739
-3076
-3235
-3475
-3590
-3599
-3626
-3599
-3544
-3292
-3106
-2723
-2441
-2017
-1589
-1177
-729
-310
123
497
987
1203
1516
1671
1902
2066
2157
2250
2310
2408
2344
2438
2364
2421
2384
2303
2182
2108
2048
1918
1758
1470
1317
1049
813
512
248
-57
-379
-686
-987
-1202
-1412
-1488
-1609
-1644
-1584
-1401
-1185
-954
-653
-319
76
418
781
1072
1359
1615
1780
1853
1858
1879
1830
1671
1414
1186
974
705
370
15
-303
-609
-951
-1300
-1632
-1911
-2171
-2450
-2792
-2930
-3028
-3211
-3319
-3417
-3329
-3248
-3073
-2967
-2672
-2318
-1961
-1509
-1169
-688
-252
220
532
983
1309
1632
1845
1956
2156
2246
2398
2387
2468
2404
2483
2457
2393
2328
2229
2199
2050
1937
1741
1632
1365
1108
752
437
185
-79
-353
-701
-962
-1230
-1414
-1637
-1719
-1721
-1702
-1635
-1473
-1196
-873
-514
-178
225
627
1033
1379
1676
1954
2190
2341
2382
2411
2421
2347
2157
1904
1680
1447
1170
825
486
146
-169
-520
-907
-1248
-1584
-1896
-2280
-2630
-2935
-3052
-3300
-3512
-3620
-3650
-3570
-3499
-3345
-3229
-2868
-2587
-2200
-1871
-1476
-1011
-598
-223
113
594
886
1234
1381
1635
1863
2050
2172
2228
2309
2327
2461
2409
2451
2425
2427
2316
2170
2001
1827
1640
1316
1048
701
421
116
-169
-502
-819
-1107
-1375
-1606
-1804
-1849
-1927
-1978
-1980
-1856
-1638
-1407
-1145
-877
-528
-176
196
512
811
1133
1387
1566
1646
1759
1824
1816
1695
1562
1468
1328
1165
895
655
406
173
-123
-443
-751
-1041
-1358
-1750
-2077
-2382
-2662
-2880
-3134
-3360
-3427
-3448
-3428
-3354
-3213
-3026
-2695
-2381
-2015
-1603
-1206
-768
-365
17
394
843
1118
1392
1569
1775
1999
2126
2202
2238
2306
2295
2356
2328
2368
2409
2393
2346
2300
2278
2228
2135
1920
1736
1490
1262
978
670
334
-17
-358
-698
-979
-1202
-1318
-1463
-1517
-1538
-1457
-1323
-1151
-970
-758
-460
-203
130
395
691
939
1166
1319
1454
1581
1645
1699
1612
1559
1451
1363
1204
1034
820
615
425
149
-61
-342
-593
-911
-1235
-1605
-1936
-2241
-2586
-2922
-3168
-3383
-3558
-3627
-3680
-3634
-3554
-3366
-3154
-2811
-2448
-2049
-1617
-1240
-808
-362
56
414
765
986
1231
1393
1554
1693
1774
1806
1811
1815
1776
1846
1838
1856
1836
1823
1827
1844
1834
1804
1754
1611
1493
1319
1131
922
699
422
139
-144
-381
-595
-830
-1013
-1193
-1289
-1324
-1276
-1201
-1071
-936
-770
-527
-286
5
239
454
633
803
937
1076
1170
1223
1267
1219
1188
1129
1071
959
848
690
543
399
225
63
-162
-387
-662
-929
-1231
-1528
-1873
-2235
-2598
-2921
-3207
-3390
-3569
-3672
-3688
-3663
-3523
-3388
-3102
-2830
-2425
-2054
-1639
-1237
-819
-401
-37
334
625
952
1125
1343
1459
1631
1726
1806
1852
1863
1927
1935
2029
2023
2094
2091
2109
2077
2065
2046
1966
1861
1668
1489
1255
1030
755
469
142
-159
-442
-697
-902
-1085
-1197
-1287
-1319
-1297
-1197
-1052
-899
-713
-527
-282
-34
209
432
631
836
985
1121
1203
1317
1382
1397
1358
1318
1300
1253
1182
1065
964
824
720
532
350
152
-69
-317
-624
-893
-1185
-1463
-1817
-2153
-2478
-2802
-3045
-3279
-3430
-3552
-3572
-3532
-3424
-3256
-3066
-2768
-2487
-2107
-1740
-1340
-967
-580
-224
113
464
748
1036
1181
1351
1484
1654
1762
1846
1902
1915
1959
1964
2036
2054
2088
2061
2019
1959
1919
1885
1779
1648
1463
1290
1079
887
677
454
202
-54
-284
-478
-611
-743
-829
-917
-937
-905
-820
-691
-558
-402
-261
-59
126
354
555
732
894
1021
1157
1266
1395
1463
1542
1545
1550
1543
1539
1530
1462
1383
1255
1160
1013
867
664
456
221
-46
-326
-618
-878
-1168
-1468
-1782
-2051
-2290
-2515
-2745
-2979
-3135
-3222
-3286
-3291
-3226
-3105
-2939
-2756
-2559
-2278
-1941
-1589
-1242
-919
-574
-213
123
408
702
952
1167
1322
1442
1589
1714
1798
1821
1829
1822
1847
1850
1827
1799
1749
1689
1615
1535
1452
1380
1252
1094
913
749
581
411
217
-12
-212
-394
-543
-694
-815
-914
-984
-1028
-1054
-979
-873
-744
-614
-459
-270
-44
190
393
618
818
1026
1189
1340
1474
1620
1703
1750
1788
1805
1838
1812
1768
1696
1629
1517
1405
1253
1085
924
705
482
240
7
-238
-493
-764
-1001
-1240
-1470
-1677
-1878
-2059
-2240
-2378
-2532
-2669
-2785
-2817
-2857
-2858
-2787
-2674
-2504
-2322
-2097
-1857
-1517
-1182
-811
-476
-152
188
516
809
1080
1344
1516
1655
1706
1782
1844
1884
1858
1805
1729
1658
1623
1552
1498
1423
1342
1249
1163
1085
1023
921
766
614
447
283
123
-59
-258
-469
-672
-835
-975
-1092
-1168
-1233
-1269
-1275
-1212
-1067
-917
-747
-552
-318
-79
193
445
671
905
1096
1271
1406
1523
1625
1699
1698
1701
1702
1681
1642
1565
1483
1405
1313
1195
1087
935
791
640
438
250
58
-145
-371
-612
-839
-1047
-1257
-1468
-1648
-1826
-1982
-2104
-2215
-2322
-2402
-2479
-2546
-2594
-2650
-2610
-2568
-2504
-2382
-2224
-2010
-1786
-1530
-1283
-965
-651
-298
27
316
616
885
1132
1329
1540
1663
1764
1773
1783
1794
1778
1737
1647
1547
1431
1369
1276
1211
1123
1035
936
826
727
649
571
435
290
128
-24
-165
-315
-466
-632
-787
-917
-1013
-1085
-1108
-1116
-1112
-1066
-991
-850
-647
-476
-262
-22
226
490
742
977
1175
1399
1547
1698
1779
1867
1923
1920
1881
1852
1839
1754
1680
1538
1468
1363
1265
1134
1009
865
721
578
375
234
49
-134
-353
-552
-729
-885
-1057
-1244
-1385
-1527
-1620
-1699
-1773
-1831
-1868
-1895
-1913
-1932
-1927
-1904
-1901
-1911
-1904
-1830
-1752
-1646
-1509
-1344
-1139
-923
-681
-433
-145
157
454
711
938
1160
1379
1534
1658
1754
1794
1799
1737
1686
1617
1539
1422
1281
1130
995
898
781
670
561
448
343
242
147
73
-23
-147
-280
-405
-517
-622
-724
-835
-936
-1021
-1069
-1088
-1095
-1062
-1009
-932
-825
-679
-486
-283
-70
148
394
621
859
1083
1261
1421
1563
1675
1741
1781
1786
1784
1722
1655
1578
1499
1392
1279
1167
1049
951
825
723
591
467
349
227
84
-59
-198
-363
-514
-665
-802
-926
-1059
-1181
-1270
-1350
-1406
-1432
-1450
-1452
-1441
-1415
-1371
-1321
-1271
-1217
-1174
-1137
-1091
-1063
-1037
-1010
-998
-946
-913
-843
-741
-624
-489
-352
-193
-43
152
340
542
703
833
955
1062
1140
1198
1247
1220
1176
1091
1019
941
860
753
636
520
406
342
266
213
153
92
37
-9
-32
-40
-67
-130
-180
-227
-269
-302
-341
-389
-438
-477
-488
-474
-452
-405
-356
-290
-196
-74
72
215
361
503
649
792
928
1050
1131
1194
1235
1252
1256
1233
1187
1122
1033
947
870
792
703
615
532
459
403
353
307
247
198
149
88
37
-23
-108
-201
-292
-387
-469
-553
-634
-712
-783
-850
-886
-904
-913
-910
-900
-876
-839
-787
-737
-692
-653
-615
-574
-543
-514
-499
-493
-494
-491
-490
-479
-461
-429
-390
-335
-256
-164
-60
44
150
256
371
483
582
662
717
759
781
790
783
753
709
649
574
506
446
380
315
252
191
150
125
108
93
84
73
69
69
73
78
65
47
35
18
7
2
-9
-16
-16
-1
24
65
111
174
249
326
422
513
608
693
765
828
886
925
952
953
926
894
853
799
730
657
583
512
439
371
320
275
229
181
143
119
100
69
35
-3
-44
-80
-132
-182
-235
-291
-358
-409
-460
-502
-533
-569
-592
-605
-603
-587
-564
-547
-511
-474
-437
-401
-365
-332
-307
-292
-282
-269
-264
-255
-257
-250
-242
-222
-203
-171
-138
-98
-46
9
71
134
199
261
326
384
436
471
499
517
523
512
497
479
451
417
380
347
320
293
273
259
244
239
235
236
244
249
256
263
270
274
279
283
284
288
288
288
296
297
307
325
346
374
395
425
454
479
512
537
565
579
589
586
586
582
571
548
504
461
422
381
334
282
233
186
140
95
54
22
-14
-48
-84
-116
-141
-158
-189
-218
-249
-269
-293
-319
-339
-365
-382
-404
-414
-425
-431
-433
-435
-435
-429
-417
-402
-387
-373
-355
-339
-322
-307
-287
-265
-242
-224
-205
-183
-158
-136
-109
-86
-63
-33
3
35
64
100
136
168
197
225
245
264
276
282
286
287
284
278
263
253
246
237
232
225
227
226
232
237
244
256
266
275
286
295
303
306
317
316
314
320
318
317
314
322
320
324
333
338
353
371
385
395
408
414
414
420
424
416
407
391
380
359
329
304
275
245
215
180
149
116
86
56
27
3
-23
-42
-62
-82
-102
-123
-140
-154
-177
-193
-210
-223
-240
-248
-256
-266
-272
-277
-279
-281
-280
-277
-268
-264
-255
-243
-232
-220
-211
-204
-196
-186
-177
-171
-165
-163
-159
-153
-150
-151
-144
-140
-135
-126
-119
-111
-99
-85
-74
-56
-45
-33
-17
-6
1
7
12
14
13
11
4
-1
-8
-13
-11
-12
-6
2
14
28
45
69
90
117
151
176
205
228
252
271
292
310
321
337
350
361
368
376
375
379
386
393
395
389
390
390
390
384
386
376
363
348
333
318
294
269
237
211
181
150
122
95
68
38
17
-5
-21
-38
-59
-75
-94
-102
-116
-130
-140
-153
-158
-171
-180
-189
-192
-202
-212
-219
-225
-239
-242
-248
-250
-241
-233
-228
-233
-228
-223
-213
-211
-209
-201
-198
-191
-192
-196
-192
-191
-189
-192
-185
-182
-177
-176
-170
-163
-158
-145
-134
-121
-113
-96
-79
-63
-49
-38
-20
-9
1
9
17
21
23
28
29
27
25
26
22
28
24
30
36
38
46
57
63
68
87
100
108
121
133
147
159
169
178
187
199
204
211
223
227
233
239
239
238
240
240
242
236
235
231
225
220
208
199
184
171
156
143
125
108
89
75
58
41
25
17
7
-2
-4
-11
-16
-24
-24
-28
-29
-38
-42
-42
-44
-45
-48
-54
-53
-55
-55
-52
-54
-53
-51
-54
-54
-55
-54
-57
-57
-55
-61
-56
-55
-57
-59
-59
-58
-61
-63
-62
-66
-71
-73
-76
-75
-76
-80
-82
-82
-77
-80
-78
-72
-69
-66
-62
-53
-48
-42
-24
-17
-18
-13
-14
-18
-25
-29
-32
-38
-45
-50
-54
-62
-71
-77
-84
-81
-81
-81
-79
-77
-68
-62
-56
-45
-36
-28
-16
-8
0
13
21
24
31
39
49
57
66
76
85
96
111
120
128
141
147
157
165
173
179
177
182
176
176
180
175
170
167
165
157
150
145
139
135
132
125
123
119
113
111
106
99
94
85
81
78
70
66
61
54
48
41
34
24
17
9
6
3
0
-4
-7
-5
-12
-11
-13
-16
-14
-22
-18
-18
-20
-24
-29
-30
-35
-34
-39
-50
-47
-47
-44
-42
-44
-47
-47
-43
-37
-38
-35
-32
-33
-30
-27
-25
-24
-23
-21
-20
-20
-18
-17
-19
-21
-18
-21
-20
-24
-26
-26
-27
-27
-28
-27
-30
-30
-28
-28
-29
-26
-25
-23
-20
-20
-13
-7
0
3
4
14
10
10
16
20
32
42
54
60
65
68
69
78
79
81
87
89
90
91
89
93
94
96
98
93
92
89
88
86
78
77
70
65
59
52
48
42
38
31
19
12
9
1
-1
-5
-6
-6
-4
-1
-5
-2
0
1
5
11
17
16
10
17
17
11
20
21
16
15
15
19
22
24
25
29
32
31
29
30
27
23
26
21
15
11
4
4
-2
-6
-7
-12
-10
-10
-10
-13
-13
-14
-15
-15
-15
-19
-20
-21
-28
-32
-28
-25
-27
-26
-25
-24
-14
-15
-12
-3
-1
1
4
15
14
15
18
17
23
27
26
25
27
28
26
29
29
30
32
30
28
30
29
27
31
31
29
27
29
30
31
31
33
33
32
32
33
32
30
27
28
25
24
20
16
13
8
6
4
0
5
10
5
11
8
7
6
4
4
6
9
14
14
17
19
19
19
19
24
25
22
21
22
20
20
22
21
22
22
24
26
23
24
20
15
16
12
11
9
9
10
8
7
6
2
4
0
2
9
8
7
8
7
15
13
11
19
18
14
19
24
21
22
26
29
29
29
31
36
36
37
40
42
40
44
40
39
38
35
33
33
31
26
26
20
18
11
6
4
2
-1
-1
-3
-6
-5
-2
-5
-6
-5
-2
5
3
4
5
1
1
-1
-3
-2
-3
-6
-3
-2
-2
-6
-8
-4
-7
-9
-9
-10
-14
-13
-12
-10
-7
-8
-6
-8
-6
-3
-3
-4
-5
-4
-8
-9
-11
-10
-15
-17
-21
-27
-26
-29
-34
-35
-35
-41
-40
-43
-49
-43
-44
-45
-45
-43
-41
-42
-39
-42
-50
-46
-52
-49
-41
-35
-34
-35
-31
-31
-34
-34
-34
-29
-25
-26
-27
-29
-28
-28
-27
-21
-24
-25
-26
-27
-24
-27
-27
-29
-27
-27
-28
-25
-23
-23
-21
-19
-21
-21
-19
-15
-17
-17
-15
-7
-4
-6
-5
-5
-2
-3
-2
2
4
-3
-4
-1
-4
-8
-7
-5
-10
-11
-10
-9
-10
-10
-12
-12
-11
-14
-11
-15
-14
-16
-16
-19
-22
-24
-31
-30
-34
-37
-36
-35
-37
-36
-39
-41
-43
-42
-43
-43
-47
-46
-52
-57
-58
-58
-52
-50
-55
-53
-55
-53
-51
-53
-48
-50
-50
-54
-52
-54
-57
-56
-55
-54
-54
-54
-52
-50
-49
-49
-49
-46
-42
-42
-39
-40
-42
-38
-35
-31
-32
-31
-29
-26
-24
-27
-27
-32
-29
-32
-34
-31
-35
-37
-37
-34
-32
-35
-37
-34
-35
-38
-39
-35
-35
-33
-26
-33
-30
-23
-34
-38
-39
-40
-43
-48
-45
-44
-47
-50
-55
-49
-51
-50
-50
-54
-53
-57
-58
-60
-64
-62
-61
-63
-65
-66
-65
-63
-65
-68
-70
-70
-70
-68
-71
-67
-63
-62
-63
-62
-62
-60
-59
-58
-50
-56
-56
-57
-56
-53
-57
-52
-51
-53
-56
-58
-59
-57
-58
-55
-56
-59
-59
-59
-57
-60
-56
-59
-59
-57
-61
-60
-61
-58
-56
-56
-59
-60
-59
-57
-58
-61
-61
-63
-62
-62
-61
-63
-66
-68
-69
-68
-69
-72
-69
-67
-70
-71
-73
-76
-79
-78
-83
-83
-86
-86
-80
-79
-79
-79
-78
-76
-77
-76
-76
-75
-76
-74
-77
-75
-71
-71
-70
-72
-72
-69
-65
-65
-62
-61
-60
-59
-56
-57
-56
-55
-55
-55
-53
-54
-51
-53
-53
-59
-61
-57
-64
-62
-64
-63
-59
-59
-62
-61
-60
-62
-70
-65
-63
-66
-57
-52
-53
-56
-52
-52
-55
-57
-55
-56
-58
-60
-63
-68
-70
-66
-66
-65
-67
-70
-68
-71
-69
-70
-72
-73
-74
-81
-82
-82
-79
-78
-80
-82
-82
-83
-84
-84
-83
-82
-80
-78
-75
-77
-76
-75
-74
-70
-69
-64
-61
-67
-60
-61
-70
-71
-68
-70
-72
-74
-73
-73
-75
-74
-74
-72
-73
-72
-72
-73
-66
-64
-64
-61
-64
-60
-62
-63
-59
-60
-59
-58
-57
-55
-55
-53
-55
-54
-54
-52
-51
-50
-49
-47
-47
-52
-50
-45
-41
-43
-45
-39
-36
-38
-36
-38
-38
-37
-43
-40
-45
-47
-49
-53
-51
-50
-51
-52
-50
-47
-49
-49
-51
-49
-49
-52
-52
-52
-54
-52
-50
-52
-50
-50
-51
-48
-47
-45
-49
-45
-45
-42
-39
-42
-41
-37
-28
-33
-30
-33
-30
-33
-32
-34
-37
-33
-25
-31
-30
-21
-31
-38
-38
-36
-36
-41
-39
-29
-33
-35
-31
-33
-33
-27
-27
-29
-28
-29
-31
-29
-28
-29
-25
-25
-21
-21
-23
-19
-16
-15
-16
-16
-15
-15
-14
-13
-10
-12
-14
-14
-15
-16
-16
-17
-15
-20
-20
-22
-26
-27
-26
-23
-22
-24
-24
-22
-25
-25
-22
-24
-24
-24
-24
-25
-22
-23
-25
-21
-24
-23
-23
-21
-22
-25
-17
-17
-16
-12
-15
-14
-9
-13
-11
-14
-12
-11
-9
-8
-10
-8
-8
-8
-8
-7
-7
-4
-6
-8
-8
-6
-6
-6
-4
-6
-6
-3
-6
-2
5
4
6
9
11
11
11
11
8
10
8
10
15
14
14
13
17
18
19
22
21
23
22
22
25
26
26
25
24
20
25
24
21
19
15
13
15
16
11
9
13
14
14
13
15
11
12
13
3
7
6
1
0
11
20
17
14
12
19
15
11
16
17
16
16
14
10
11
11
13
13
12
13
16
13
13
11
9
10
8
8
12
12
12
11
13
14
12
11
10
9
9
8
11
12
12
9
14
15
10
12
16
22
13
9
13
7
7
17
16
13
8
10
13
11
12
11
11
13
11
13
13
12
14
14
15
14
12
12
9
9
7
10
9
10
12
10
7
5
5
6
10
7
11
7
5
7
10
9
12
14
13
7
7
7
11
11
9
8
6
8
9
5
6
6
7
9
10
13
13
17
17
17
15
16
20
19
21
20
20
20
19
21
19
20
21
23
22
21
21
21
21
24
23
22
19
22
23
25
25
24
22
22
19
17
19
15
13
19
19
13
20
18
13
8
11
9
12
11
14
19
12
15
13
15
16
19
16
14
12
12
14
11
12
11
10
13
17
15
17
20
15
16
16
14
13
12
13
16
13
14
12
8
13
6
10
8
5
8
7
9
10
12
10
12
12
13
16
16
16
21
22
22
22
16
20
20
22
19
20
18
14
16
11
11
10
10
11
7
11
12
9
7
5
1
-2
-3
-2
-3
-3
-4
-9
-4
-8
-8
-10
-6
-3
-2
-5
-7
-4
-4
-5
-4
-8
-8
-5
-8
-4
-2
-4
-5
-3
0
-2
-5
-7
-7
-10
-12
-10
-10
-8
-11
-12
-13
-11
-8
-8
-7
-8
-8
-7
-7
-4
-8
-7
-7
-7
-7
-6
-5
-7
-5
-8
-9
-8
-10
-7
-8
-5
-8
-8
-2
-4
-3
-4
-8
-12
-11
-10
-14
-10
-1
-3
-7
-9
-6
-5
-12
-7
-6
-2
1
-8
-4
-9
-7
-7
-5
-5
-4
-2
-7
-7
-9
-13
-16
-16
-21
-20
-15
-14
-15
-15
-15
-16
-19
-15
-16
-17
-16
-13
-13
-15
-15
-12
-9
-10
-13
-13
-5
-4
-13
-9
-4
-14
-10
-2
-7
-6
-7
-2
0
0
2
1
4
1
5
6
5
5
7
5
6
5
5
7
5
5
2
2
2
3
6
5
3
4
3
6
8
10
10
4
5
5
6
7
11
18
14
14
15
15
17
18
20
17
13
17
15
17
18
13
18
15
15
15
15
16
13
11
12
10
8
7
7
4
3
3
8
9
7
9
9
11
10
7
10
10
15
14
15
18
17
13
21
24
21
22
20
22
19
19
23
22
27
35
29
34
32
30
27
27
27
23
28
27
31
27
26
29
24
27
31
29
25
25
27
25
22
24
23
23
28
26
27
27
31
33
27
30
29
31
31
32
33
34
33
31
34
31
30
25
30
29
30
28
21
28
26
24
30
30
26
30
30
30
31
29
33
32
32
32
33
32
32
35
34
33
37
34
34
35
32
31
33
30
33
29
32
31
26
26
21
23
24
20
18
19
18
18
15
18
18
17
19
16
17
13
11
10
8
8
8
6
3
10
13
10
9
9
11
10
7
7
5
6
7
6
7
7
7
6
4
6
7
6
7
11
8
7
9
7
8
8
8
6
4
5
7
8
4
6
7
7
1
2
9
6
6
7
10
8
6
9
4
-4
4
5
9
10
17
17
18
18
14
17
16
16
16
18
17
12
13
14
13
12
12
9
10
10
9
7
4
4
-2
-1
-1
-3
1
-1
-4
-4
-4
-1
-5
-6
-4
-9
-7
-8
-4
-4
-6
-2
-8
-6
-5
-4
0
1
-4
-2
0
-3
-3
-2
0
1
-3
-3
-2
-2
0
-2
1
0
3
3
3
7
4
5
0
6
3
1
4
1
3
5
6
3
9
8
3
7
8
8
13
7
8
7
7
7
-4
-2
2
9
9
5
9
9
10
9
10
9
6
8
12
6
6
4
4
3
7
6
2
8
7
8
6
8
10
7
5
4
5
6
3
5
7
6
7
5
3
8
6
6
6
4
7
7
7
7
6
11
11
13
11
11
7
6
9
7
14
20
15
15
17
11
5
8
6
0
-1
1
2
3
-1
-2
-5
-2
-2
-4
0
-2
-2
-1
-2
-1
0
0
-1
2
4
3
4
3
1
3
-1
2
0
-2
1
-1
-1
1
-2
-2
-2
-2
2
2
0
0
-3
-4
0
-5
1
2
0
2
4
2
5
7
8
4
4
5
8
5
2
6
5
5
3
5
5
3
6
5
3
9
7
9
8
11
10
2
4
4
6
4
3
4
0
-1
3
-1
-3
-4
3
2
-2
-4
-8
-6
-6
-10
-15
-14
-14
-17
-12
-9
-11
-11
-10
-10
-11
-13
-14
-15
-14
-19
-17
-15
-14
-18
-18
-14
-16
-16
-12
-11
-12
-13
-11
-10
-12
-9
-11
-10
-8
-10
-11
-10
-13
-12
-12
-16
-17
-22
-20
-18
-21
-18
-17
-15
-22
-20
-21
-28
-25
-31
-31
-21
-15
-12
-16
-15
-13
-13
-16
-17
-15
-14
-13
-13
-17
-20
-19
-16
-16
-13
-13
-13
-16
-14
-13
-14
-17
-17
-18
-24
-19
-17
-17
-18
-21
-20
-23
-24
-24
-25
-25
-25
-22
-18
-21
-26
-26
-24
-22
-22
-18
-17
-24
-19
-22
-27
-27
-23
-23
-28
-26
-24
-23
-24
-21
-25
-23
-22
-22
-21
-21
-21
-18
-15
-15
-12
-14
-16
-15
-17
-16
-13
-13
-9
-13
-14
-11
-13
-9
-13
-9
-8
-14
-13
-17
-15
-16
-15
-15
-19
-14
-13
-12
-13
-11
-8
-8
-10
-8
-11
-13
-13
-13
-11
-11
-8
-10
-7
-9
-10
-10
-11
-10
-6
-9
-11
-8
-11
-13
-14
-13
-13
-14
-11
-13
-11
-12
-13
-11
-9
-9
-11
-10
-8
-4
-4
-4
-2
-1
0
-4
-5
-2
-3
3
-4
-7
6
0
3
5
-2
-4
-5
-4
-6
-10
-10
-2
-1
-5
-5
-5
-5
-5
-2
-5
-4
-5
-8
-9
-7
-8
-8
-6
-4
-1
-5
-4
-2
-4
-8
-8
-5
-8
-6
-6
-7
-6
-6
-9
-8
-10
-17
-13
-9
-8
-12
-15
-16
-17
-12
-10
-13
-18
-11
-13
-15
-14
-13
-13
-13
-14
-13
-13
-12
-13
-15
-11
-15
-12
-12
-14
-14
-13
-13
-14
-13
-11
-14
-9
-9
-12
-11
-16
-14
-14
-13
-15
-15
-16
-14
-10
-12
-10
-12
-11
-5
-6
-8
-7
-11
-9
-11
-14
-11
-14
-13
-9
-6
-8
-10
-8
-9
-9
-13
-15
-16
-16
-17
-18
-18
-18
-17
-18
-18
-19
-18
-15
-16
-16
-15
-14
-17
-18
-19
-22
-20
-24
-19
-19
-18
-20
-23
-20
-26
-26
-26
-26
-24
-28
-27
-23
-25
-28
-30
-30
-34
-33
-32
-43
-43
-30
-22
-19
-25
-23
-21
-26
-29
-26
-21
-25
-29
-30
-29
-29
-32
-32
-24
-24
-19
-20
-23
-22
-30
-29
-27
-30
-31
-32
-26
-25
-30
-29
-29
-31
-32
-28
-32
-34
-31
-33
-34
-35
-38
-40
-41
-44
-45
-41
-42
-51
-56
-47
-58
-65
-56
-58
-63
-65
-65
-62
-61
-64
-62
-65
-64
-62
-64
-58
-60
-61
-58
-54
-55
-52
-50
-51
-48
-47
-45
-44
-36
-33
-30
-29
-26
-26
-23
-20
-17
-13
-11
-5
-15
-10
-5
-5
-5
-5
3
2
8
10
11
13
7
12
18
15
16
12
14
17
17
18
18
20
19
18
16
15
17
17
11
13
8
7
10
8
7
2
3
-1
-3
-3
-5
-7
-8
-9
-10
-10
-11
-14
-16
-17
-13
-15
-16
-18
-18
-21
-20
-20
-21
-24
-19
-20
-27
-17
-23
-27
-31
-36
-37
-37
-39
-34
-31
-35
-36
-39
-35
-32
-30
-35
-34
-33
-30
-30
-29
-30
-25
-23
-22
-21
-21
-17
-16
-15
-17
-15
-11
-12
-15
-12
-7
-9
-6
-3
-4
-2
-8
-1
2
-1
-4
-4
-3
-7
-5
-1
-2
-5
0
-2
-5
-5
-2
-1
-3
-6
-7
-5
-7
-8
-11
-9
-11
-10
-11
-17
-15
-18
-13
-17
-14
-15
-19
-19
-16
-20
-24
-25
-25
-25
-26
-27
-28
-26
-30
-31
-30
-36
-32
-24
-29
-29
-34
-34
-32
-36
-39
-40
-38
-46
-41
-38
-31
-32
-36
-34
-33
-32
-34
-35
-37
-36
-38
-33
-29
-29
-30
-29
-27
-25
-25
-22
-23
-24
-22
-20
-19
-19
-18
-19
-12
-15
-19
-14
-15
-16
-19
-19
-14
-16
-22
-21
-23
-20
-25
-24
-21
-28
-27
-24
-30
-31
-30
-31
-33
-33
-20
-18
-19
-22
-21
-25
-23
-17
-24
-21
-24
-29
-29
-28
-29
-25
-25
-26
-28
-31
-31
-33
-33
-34
-34
-35
-39
-36
-36
-34
-37
-35
-34
-34
-35
-31
-32
-34
-31
-31
-27
-29
-29
-26
-26
-21
-18
-21
-24
-18
-24
-19
-17
-21
-20
-15
-17
-22
-23
-18
-15
-16
-19
-20
-13
-17
-18
-13
-15
-12
-10
-12
-12
-13
-14
-18
-16
-13
-15
-13
-11
-10
-9
-11
-10
-12
-12
-9
-8
-9
-11
-14
-17
-15
-11
-13
-12
-13
-13
-11
-12
-12
-11
-9
-8
-8
-11
-9
-13
-15
-15
-12
-13
-12
-11
-9
-8
-8
-10
-10
-11
-11
-13
-8
-14
-14
-12
-13
-15
-16
-13
-13
-11
-13
-12
-8
-10
-12
-10
-12
-8
-12
-11
-9
-6
-6
-8
-8
-9
-7
-9
-9
-8
-8
-3
-1
-3
6
3
-3
-8
-7
-10
-12
-9
-6
2
-4
-4
-4
-7
-2
-2
-2
-3
-1
1
-3
-4
-1
-4
-6
-4
-4
-2
-3
-1
-2
-3
-2
-6
-6
-6
-7
-7
-7
-6
-10
-8
-8
-14
-22
-17
-18
-18
-20
-18
-5
-10
-16
-6
-7
-12
-11
-14
-13
-12
-15
-11
-6
-12
-16
-15
-17
-20
-18
-16
-15
-17
-17
-20
-19
-13
-18
-15
-12
-14
-13
-12
-13
-17
-20
-22
-22
-16
-20
-19
-19
-24
-18
-18
-22
-24
-18
-12
-13
-19
-21
-22
-24
-25
-27
-27
-30
-26
-22
-24
-25
-25
-24
-22
-21
-24
-24
-25
-26
-25
-25
-25
-24
-22
-25
-22
-20
-22
-19
-23
-21
-24
-24
-22
-23
-23
-23
-24
-26
-24
-22
-23
-23
-26
-26
-31
-27
-27
-32
-30
-32
-28
-31
-30
-29
-32
-30
-33
-40
-35
-42
-38
-28
-24
-24
-26
-27
-28
-30
-32
-27
-27
-28
-31
-34
-32
-33
-30
-27
-31
-29
-29
-29
-31
-32
-32
-36
-35
-36
-37
-37
-34
-34
-35
-34
-33
-34
-37
-40
-39
-39
-42
-40
-36
-35
-40
-38
-36
-34
-36
-33
-35
-33
-35
-40
-35
-35
-42
-36
-38
-41
-41
-44
-43
-41
-38
-41
-42
-38
-41
-41
-41
-39
-34
-38
-37
-39
-40
-40
-39
-39
-38
-36
-34
-31
-28
-29
-33
-31
-32
-27
-26
-27
-26
-27
-27
-30
-32
-33
-29
-26
-30
-27
-27
-26
-25
-24
-21
-22
-26
-21
-20
-23
-25
-24
-26
-25
-20
-22
-19
-21
-20
-21
-21
-20
-23
-21
-21
-22
-22
-26
-22
-22
-23
-23
-26
-25
-25
-26
-26
-27
-26
-26
-24
-26
-27
-28
-22
-20
-21
-20
-25
-25
-23
-27
-25
-22
-20
-18
-20
-17
-20
-24
-34
-31
-30
-33
-38
-38
-33
-32
-34
-38
-36
-37
-34
-27
-32
-31
-30
-29
-27
-27
-24
-23
-18
-20
-18
-17
-16
-15
-16
-15
-15
-16
-15
-18
-13
-14
-13
-12
-11
-12
-12
-12
-12
-13
-13
-12
-10
-8
-9
-9
-10
-11
-13
-13
-11
-11
-11
-8
-7
-11
-11
-10
-10
-7
-11
-7
-11
-13
-11
-8
-11
-13
-13
-10
-10
-9
-10
-11
-11
-12
-16
-16
-16
-17
-13
-16
-15
-14
-18
-16
-18
-20
-17
-15
-19
-26
-18
-17
-21
-21
-21
-22
-27
-27
-29
-30
-24
-19
-24
-26
-24
-23
-26
-30
-25
-29
-31
-31
-26
-28
-29
-24
-29
-28
-24
-24
-23
-25
-25
-21
-21
-26
-23
-23
-25
-22
-21
-23
-24
-23
-28
-23
-26
-28
-24
-30
-29
-30
-31
-28
-29
-31
-32
-27
-32
-40
-41
-43
-41
-33
-24
-26
-30
-31
-29
-30
-33
-26
-27
-27
-29
-27
-30
-31
-27
-29
-28
-28
-27
-27
-29
-29
-33
-31
-36
-36
-34
-38
-35
-37
-32
-34
-37
-33
-36
-37
-35
-36
-38
-38
-34
-33
-37
-38
-39
-37
-34
-35
-31
-32
-38
-30
-32
-38
-37
-36
-34
-40
-38
-38
-36
-34
-35
-37
-36
-33
-33
-32
-35
-32
-30
-29
-29
-30
-30
-29
-29
-30
-30
-28
-27
-27
-23
-24
-24
-24
-24
-25
-24
-23
-24
-24
-28
-29
-30
-25
-21
-22
-23
-24
-24
-25
-19
-18
-19
-22
-21
-21
-19
-21
-21
-24
-22
-26
-23
-23
-22
-22
-22
-22
-23
-21
-22
-22
-25
-25
-26
-26
-28
-26
-26
-26
-26
-26
-26
-23
-23
-25
-25
-28
-22
-26
-24
-25
-24
-18
-19
-19
-20
-18
-19
-19
-16
-16
-16
-3
-6
-7
-6
-12
-15
-19
-17
-19
-20
-20
-13
-14
-15
-14
-17
-17
-16
-10
-10
-15
-17
-16
-16
-16
-15
-13
-12
-11
-8
-10
-9
-5
-10
-13
-11
-12
-11
-11
-12
-9
-11
-12
-12
-14
-11
-15
-14
-15
-17
-14
-16
-18
-20
-21
-20
-23
-20
-13
-14
-16
-18
-20
-16
-18
-19
-20
-20
-18
-21
-19
-22
-23
-23
-24
-25
-25
-22
-26
-26
-24
-24
-24
-22
-24
-23
-24
-26
-27
-24
-21
-24
-20
-25
-26
-21
-27
-24
-22
-23
-22
-23
-25
-27
-25
-27
-32
-34
-38
-35
-36
-34
-31
-37
-36
-34
-36
-34
-36
-38
-39
-39
-41
-40
-38
-38
-38
-42
-40
-37
-38
-36
-39
-37
-38
-39
-39
-43
-45
-43
-46
-45
-44
-47
-45
-48
-48
-48
-51
-50
-50
-54
-53
-55
-52
-52
-51
-52
-52
-52
-62
-58
-58
-64
-60
-53
-45
-44
-48
-44
-46
-49
-45
-42
-43
-44
-44
-45
-47
-47
-47
-46
-43
-45
-43
-48
-45
-46
-48
-49
-49
-48
-50
-50
-47
-45
-46
-51
-48
-48
-47
-47
-48
-46
-46
-42
-45
-45
-46
-48
-44
-42
-40
-38
-33
-40
-43
-36
-42
-43
-38
-36
-39
-40
-41
-38
-36
-40
-39
-37
-39
-41
-37
-38
-39
-36
-35
-37
-37
-35
-33
-34
-36
-36
-35
-32
-32
-29
-26
-29
-28
-27
-26
-23
-22
-24
-21
-22
-22
-28
-28
-19
-21
-19
-19
-15
-12
-15
-10
-12
-15
-18
-18
-19
-22
-22
-19
-17
-16
-17
-15
-12
-13
-13
-15
-14
-14
-11
-11
-13
-15
-17
-14
-18
-14
-16
-17
-16
-16
-12
-11
-12
-10
-8
-10
-8
-6
-8
-11
-10
-1
1
0
0
0
1
4
2
6
2
9
12
12
15
8
8
0
1
-1
-1
3
4
6
6
4
6
6
8
14
12
10
9
10
9
7
11
10
12
14
14
20
17
16
18
15
15
17
19
16
18
17
18
16
17
14
17
14
15
17
15
16
8
11
8
14
17
16
11
16
19
20
21
18
19
19
21
20
22
19
21
19
20
19
20
20
19
19
16
18
21
19
18
21
19
19
18
14
11
9
8
8
9
10
8
4
3
1
2
4
0
3
2
2
-1
-6
-4
-10
-8
-11
-17
-15
-12
-9
-10
-12
-10
-12
-9
-14
-14
-14
-17
-19
-17
-15
-16
-21
-19
-20
-21
-20
-21
-21
-22
-21
-23
-23
-21
-20
-22
-20
-24
-21
-21
-21
-20
-24
-25
-26
-27
-29
-27
-26
-30
-31
-28
-28
-30
-32
-32
-39
-44
-40
-44
-39
-38
-34
-31
-34
-33
-37
-39
-41
-40
-37
-39
-38
-40
-46
-46
-46
-45
-44
-43
-42
-44
-45
-45
-47
-46
-50
-47
-51
-47
-45
-46
-47
-46
-45
-47
-49
-51
-48
-51
-51
-52
-50
-49
-51
-55
-52
-50
-49
-53
-50
-52
-57
-48
-48
-56
-53
-48
-51
-53
-53
-55
-50
-50
-50
-52
-46
-47
-46
-45
-48
-44
-44
-44
-42
-40
-41
-42
-44
-43
-39
-40
-38
-37
-37
-40
-40
-38
-38
-39
-35
-38
-38
-42
-43
-40
-42
-41
-38
-34
-34
-35
-36
-31
-31
-27
-31
-38
-38
-32
-33
-40
-39
-40
-41
-37
-34
-36
-38
-37
-39
-41
-41
-41
-42
-42
-43
-42
-43
-42
-43
-44
-44
-45
-42
-45
-45
-46
-49
-46
-46
-43
-44
-44
-45
-46
-41
-40
-41
-41
-38
-42
-44
-42
-40
-35
-36
-33
-37
-32
-31
-35
-41
-46
-48
-45
-47
-42
-35
-39
-44
-44
-44
-44
-42
-43
-46
-48
-47
-49
-48
-48
-47
-51
-48
-48
-47
-48
-47
-43
-47
-46
-45
-47
-45
-46
-48
-48
-51
-46
-47
-49
-52
-54
-50
-53
-55
-58
-62
-57
-57
-60
-55
-56
-62
-59
-54
-53
-55
-56
-52
-55
-54
-54
-55
-52
-54
-49
-52
-54
-49
-54
-53
-52
-50
-50
-52
-50
-50
-50
-49
-51
-52
-55
-52
-53
-55
-54
-53
-52
-54
-54
-51
-57
-58
-52
-47
-47
-51
-52
-55
-55
-54
-60
-59
-57
-60
-57
-56
-60
-60
-58
-57
-54
-58
-62
-60
-64
-60
-61
-63
-61
-61
-60
-62
-61
-58
-56
-60
-61
-58
-61
-61
-64
-62
-62
-62
-62
-60
-60
-61
-62
-60
-62
-66
-64
-67
-68
-66
-66
-66
-66
-66
-65
-68
-67
-70
-79
-74
-76
-75
-65
-58
-59
-60
-62
-59
-55
-59
-54
-55
-56
-53
-54
-52
-55
-50
-48
-47
-43
-48
-48
-47
-47
-47
-49
-51
-50
-53
-49
-49
-48
-49
-49
-46
-47
-44
-45
-44
-43
-45
-45
-38
-40
-42
-40
-38
-36
-40
-33
-35
-36
-39
-37
-34
-41
-44
-36
-37
-39
-39
-39
-36
-39
-40
-40
-36
-38
-39
-40
-39
-34
-31
-33
-35
-32
-35
-33
-32
-29
-29
-31
-27
-28
-26
-25
-23
-23
-24
-22
-20
-18
-15
-13
-12
-17
-21
-20
-10
-9
-14
-7
-6
-4
-6
-4
-1
-3
-3
0
1
-4
-5
-3
0
1
4
4
8
10
9
8
8
12
14
15
15
14
17
18
16
16
17
19
18
20
18
21
23
21
23
26
29
29
28
24
30
31
35
35
30
32
32
33
34
30
36
45
37
42
45
40
36
34
36
33
31
32
38
34
36
36
36
37
36
38
36
38
39
35
35
37
36
39
38
44
41
41
42
42
44
40
44
44
41
43
44
41
46
45
44
46
44
44
41
45
45
43
44
43
43
47
49
45
47
46
50
49
50
55
55
54
50
53
50
50
52
52
50
49
51
54
50
49
48
49
45
48
49
45
45
46
43
41
39
39
42
40
40
41
39
39
38
39
36
37
43
46
42
38
40
37
35
32
29
30
25
28
30
29
26
25
28
28
28
23
22
20
23
19
24
24
23
21
19
22
22
22
23
23
22
25
22
22
24
22
22
19
15
16
14
16
12
14
10
7
9
9
8
7
8
4
7
8
7
5
2
-3
1
-5
-8
0
10
10
9
11
12
8
5
9
11
5
5
4
3
3
3
1
0
1
0
-3
-2
0
-5
-6
-9
-6
-7
-9
-7
-6
-8
-11
-8
-10
-8
-6
-8
-6
-9
-8
-6
-4
-6
-9
-9
-6
-6
-7
-1
-8
-16
-8
-5
-15
-15
-13
-12
-16
-14
-13
-13
-13
-12
-17
-15
-15
-15
-13
-13
-15
-13
-11
-16
-12
-17
-15
-15
-17
-18
-18
-16
-14
-19
-18
-19
-17
-16
-16
-12
-17
-14
-23
-23
-20
-17
-12
-17
-15
-17
-16
-15
-15
-14
-14
-16
-12
-13
-18
-18
-17
-18
-16
-16
-15
-12
-8
-11
-8
-7
-8
-6
-9
-4
-5
-6
-4
-5
-6
-3
-2
-7
-3
-4
-4
-3
-6
-7
-7
-4
-5
-7
-7
-8
-6
-3
2
-1
-2
1
-2
-1
-2
0
-2
-2
4
2
4
9
3
-5
-5
-6
-6
-9
-8
-3
-6
-10
-8
-6
-7
0
0
-1
-3
-2
-4
-2
1
2
4
7
6
8
10
9
11
11
12
12
10
11
12
12
16
14
15
13
14
11
11
14
13
10
8
11
14
15
15
19
13
10
11
13
10
8
11
10
10
7
7
10
10
8
9
8
8
9
5
5
3
4
5
5
5
6
5
6
9
6
3
0
-1
0
-2
2
3
2
1
-1
2
1
-3
5
5
1
1
2
1
-1
1
-6
-7
-6
-3
1
1
1
0
2
3
1
-2
2
2
-1
-1
1
0
4
0
-1
3
1
4
2
3
3
4
3
4
5
3
2
3
3
1
4
3
-2
-1
-2
1
1
-2
-3
-4
-6
-9
-6
-6
-5
-5
-5
-15
-14
-15
-18
-13
-11
-3
-4
-7
-11
-5
-7
-14
-7
-8
-9
-8
-11
-10
-12
-12
-12
-12
-12
-13
-11
-11
-9
-14
-14
-17
-19
-19
-17
-13
-15
-14
-15
-14
-15
-15
-18
-17
-15
-14
-14
-12
-12
-17
-17
-12
-9
-13
-11
-10
-19
-16
-10
-16
-20
-15
-13
-18
-20
-18
-20
-15
-15
-16
-12
-15
-10
-12
-14
-16
-13
-11
-14
-13
-15
-19
-14
-17
-18
-15
-15
-13
-14
-14
-13
-12
-9
-15
-12
-9
-7
-7
-15
-18
-14
-8
-10
-12
-11
-12
-12
-11
-10
-7
-3
-6
-9
-9
-6
-10
-9
-10
-7
-5
-9
-4
-2
-3
-6
-5
-4
-5
-4
0
0
-5
-7
-7
-9
-8
-7
-10
-12
-9
-10
-11
-12
-10
-11
-14
-12
-15
-17
-17
-13
-12
-15
-15
-15
-14
-16
-17
-15
-15
-13
-9
-7
-14
-13
-13
-17
-22
-22
-23
-24
-27
-24
-25
-28
-27
-31
-32
-30
-30
-30
-29
-33
-29
-32
-31
-29
-29
-28
-28
-29
-27
-28
-27
-25
-29
-28
-29
-31
-30
-30
-30
-31
-31
-33
-32
-33
-35
-38
-37
-38
-38
-41
-42
-40
-37
-30
-35
-42
-34
-33
-34
-31
-30
-28
-31
-31
-28
-28
-29
-29
-24
-24
-29
-27
-32
-29
-28
-28
-25
-28
-27
-23
-24
-23
-22
-24
-26
-27
-26
-24
-25
-23
-19
-23
-24
-21
-21
-21
-21
-15
-15
-16
-12
-14
-17
-18
-20
-16
-17
-17
-18
-14
-13
-11
-9
-11
-8
-10
-10
-12
-12
-13
-10
-8
-4
-5
-4
-6
-3
-1
2
5
4
7
8
7
6
9
13
14
14
15
16
16
17
17
19
18
15
23
18
15
16
16
16
15
14
19
17
19
15
10
13
10
14
19
24
28
27
29
28
29
28
36
37
36
35
36
31
35
39
37
43
41
43
41
44
45
41
40
40
42
40
37
43
44
44
44
42
44
44
44
42
41
40
43
45
46
44
46
50
49
47
48
52
51
47
55
58
47
45
54
55
46
46
48
51
52
49
50
51
49
52
52
53
53
51
49
48
52
47
50
52
49
47
49
50
53
52
50
49
52
53
53
52
52
56
54
54
49
43
38
42
48
47
46
48
51
50
53
49
46
48
52
49
42
41
41
41
39
40
37
33
35
35
32
35
34
34
32
29
29
29
28
32
28
25
28
28
26
27
27
26
26
26
26
26
20
21
25
22
22
19
21
20
18
15
14
16
13
21
22
15
18
19
11
6
9
6
4
1
1
8
5
5
4
3
3
7
6
3
2
1
2
1
2
1
3
3
3
2
1
6
8
5
2
1
0
1
3
2
4
0
2
0
1
-1
-3
1
-4
-6
-6
-7
-5
-9
-4
3
-2
-5
-3
-1
0
-1
-3
-1
-2
-1
-1
-3
-2
-1
-2
-5
-5
-5
-5
-6
-5
-2
-6
-6
-6
-6
-6
-4
-6
-8
-12
-12
-12
-10
-10
-12
-10
-14
-14
-16
-16
-12
-11
-13
-17
-15
-14
-18
-19
-19
-23
-23
-22
-21
-18
-18
-16
-21
-19
-15
-17
-18
-19
-21
-22
-22
-21
-23
-23
-23
-22
-24
-26
-26
-27
-27
-25
-27
-29
-27
-31
-31
-33
-32
-33
-33
-33
-35
-35
-36
-34
-37
-33
-34
-36
-39
-39
-37
-40
-37
-39
-41
-40
-45
-47
-43
-49
-46
-39
-33
-30
-37
-34
-32
-35
-32
-32
-29
-30
-29
-32
-32
-33
-36
-33
-31
-31
-30
-31
-34
-34
-36
-32
-35
-37
-39
-40
-32
-33
-29
-31
-31
-30
-31
-31
-27
-26
-25
-29
-22
-21
-26
-22
-19
-14
-16
-18
-18
-19
-19
-12
-15
-23
-20
-17
-20
-22
-21
-19
-19
-17
-20
-21
-16
-16
-20
-16
-17
-13
-11
-10
-10
-13
-10
-13
-10
-11
-13
-10
-9
-7
-6
-8
-11
-8
-8
-7
-8
-10
-9
-10
-13
-16
-16
-13
-12
-9
-11
-9
-10
-10
-6
-7
-9
-7
-9
-11
-10
-12
-11
-11
-8
-7
-9
-6
-6
-6
-3
-5
-4
-4
-1
-1
-6
-7
-3
-5
-4
-2
-6
-6
-8
-6
-5
-5
-6
-4
-2
0
0
-1
-1
1
7
5
4
2
4
3
-2
3
2
1
5
12
5
12
17
9
3
2
3
-1
-1
1
3
4
-2
-5
-2
-1
-2
1
-3
-5
-4
-4
-3
-4
-5
-4
-2
-2
1
3
0
3
2
1
3
2
2
5
3
5
6
5
5
3
2
3
7
4
3
-2
1
1
3
7
5
5
2
7
8
8
6
6
9
7
7
7
3
5
6
8
6
4
8
4
3
5
5
5
6
3
4
6
5
6
8
3
4
6
5
6
2
6
3
4
2
1
3
6
2
3
2
-1
0
-3
-2
-7
-12
-12
-11
-6
-8
-9
-11
-9
-8
-6
-5
-8
-8
-11
-13
-15
-12
-11
-13
-13
-14
-15
-13
-12
-10
-13
-10
-14
-13
-12
-14
-14
-16
-11
-12
-14
-15
-12
-14
-14
-14
-14
-18
-20
-18
-14
-14
-17
-13
-13
-19
-14
-15
-23
-20
-22
-28
-21
-12
-8
-8
-10
-7
-10
-11
-9
-10
-10
-9
-8
-10
-13
-9
-6
-10
-9
-9
-11
-7
-6
-8
-9
-10
-12
-13
-14
-10
-12
-9
-9
-8
-9
-10
-11
-11
-11
-8
-8
-8
-6
-6
-11
-9
-8
-10
-6
-1
-4
-11
-5
-2
-12
-14
-8
-11
-13
-13
-11
-8
-7
-6
-9
-6
-6
-7
-5
-7
-9
-6
-3
-3
-6
-1
-2
-1
1
-2
1
3
0
3
1
4
5
4
6
4
9
10
5
11
6
2
6
8
13
9
12
15
12
18
18
20
19
20
18
23
20
17
20
21
24
22
24
22
25
25
28
28
29
28
29
27
24
27
28
28
26
27
25
26
28
29
29
28
26
23
25
28
28
33
28
27
32
35
36
35
34
35
35
33
35
33
41
41
37
45
40
33
33
27
26
25
25
28
31
31
30
28
31
33
34
36
34
35
35
33
36
36
36
38
41
39
44
48
49
45
45
45
43
47
45
47
48
51
49
46
46
45
44
47
47
45
43
41
44
43
47
51
48
44
52
46
46
48
48
49
44
48
45
44
44
43
43
46
42
46
40
38
40
38
39
41
40
39
39
34
37
33
35
32
30
30
29
31
30
31
28
27
29
28
26
31
33
33
29
28
29
25
25
20
19
21
17
20
22
25
22
21
24
25
25
25
22
23
21
23
23
18
19
18
20
19
19
19
20
19
20
17
20
15
16
14
14
15
16
16
13
14
12
13
10
9
7
10
10
4
6
6
7
6
6
8
-1
-2
-1
-8
-5
6
9
8
6
5
10
7
5
7
8
7
4
2
2
2
3
2
1
2
3
3
0
1
-2
-5
-4
-5
-7
-7
-5
-6
-4
-5
-6
-6
-7
-11
-8
-7
-11
-9
-8
-8
-15
-14
-11
-11
-9
-8
-8
-12
-18
-13
-13
-20
-14
-15
-19
-20
-21
-18
-19
-19
-19
-18
-16
-19
-19
-17
-18
-18
-17
-21
-19
-23
-20
-20
-21
-23
-25
-21
-24
-21
-20
-19
-23
-24
-24
-23
-21
-20
-21
-26
-30
-27
-23
-22
-24
-22
-19
-19
-18
-18
-14
-14
-15
-22
-22
-18
-21
-21
-24
-20
-21
-20
-15
-18
-19
-17
-18
-18
-19
-19
-19
-19
-20
-22
-22
-23
-24
-25
-25
-22
-23
-23
-23
-23
-24
-24
-26
-24
-21
-20
-23
-26
-19
-17
-19
-18
-21
-17
-17
-18
-19
-19
-10
-8
-9
-7
-6
-16
-16
-17
-23
-25
-24
-20
-14
-17
-19
-23
-22
-17
-16
-15
-16
-14
-18
-17
-16
-13
-16
-12
-9
-10
-7
-8
-5
-5
-8
-13
-11
-8
-10
-8
-8
-10
-10
-9
-4
-6
-10
-10
-5
-7
-9
-9
-9
-12
-8
0
-4
-7
-4
3
0
0
3
5
0
-1
2
6
4
1
4
4
5
3
1
3
1
4
3
1
2
2
5
8
6
5
2
1
2
2
6
6
4
2
4
7
5
1
4
12
11
8
8
6
7
3
4
0
-1
0
-4
-1
6
5
2
6
7
6
3
4
4
7
6
8
8
8
7
9
12
10
14
14
14
12
14
13
11
16
13
10
14
15
12
16
10
13
10
10
11
7
7
7
12
5
6
10
9
8
8
9
3
4
0
-3
0
5
16
14
10
8
9
10
7
13
14
12
9
8
9
5
4
8
7
8
10
9
9
8
6
6
6
6
4
3
3
5
9
7
6
6
4
5
3
3
5
3
8
7
4
3
7
7
9
10
11
12
4
3
9
2
0
7
6
-1
-1
4
5
5
2
2
5
4
4
7
4
7
11
8
4
6
7
7
8
6
8
9
12
12
15
13
9
14
9
14
13
14
15
17
17
9
5
11
15
11
11
15
20
18
16
22
20
17
14
14
15
12
12
13
13
13
13
13
16
13
14
12
9
14
16
13
10
11
10
9
8
8
9
5
7
9
8
7
6
7
8
8
10
12
11
6
12
17
14
14
12
13
12
10
12
11
15
22
16
22
20
12
6
9
8
6
2
6
12
11
8
8
8
9
13
11
10
10
11
10
10
10
12
15
16
18
18
18
17
18
16
12
12
16
15
14
17
16
15
20
16
17
18
15
19
18
17
15
16
19
20
16
21
26
17
18
21
21
22
21
23
23
20
20
21
19
19
18
18
17
17
18
17
16
18
19
16
18
17
15
16
16
14
13
10
12
14
13
13
13
13
14
12
10
6
10
16
18
16
12
12
13
11
4
3
2
-1
6
8
4
5
4
5
9
5
6
1
0
0
-3
0
-3
-2
-8
-5
-8
-8
-7
-8
-6
-8
-9
-10
-10
-10
-13
-9
-9
-12
-13
-15
-16
-17
-15
-22
-17
-17
-26
-26
-25
-26
-26
-27
-25
-28
-27
-31
-40
-33
-34
-31
-29
-26
-23
-22
-22
-25
-28
-27
-28
-24
-26
-26
-28
-30
-30
-29
-29
-28
-30
-29
-30
-32
-30
-30
-31
-36
-33
-35
-34
-32
-33
-31
-34
-34
-36
-37
-35
-37
-35
-34
-35
-31
-33
-37
-35
-28
-29
-32
-31
-29
-32
-33
-28
-28
-28
-29
-28
-29
-32
-31
-29
-28
-28
-29
-28
-27
-28
-29
-27
-24
-26
-26
-23
-26
-22
-23
-27
-27
-28
-27
-24
-23
-23
-22
-22
-23
-25
-24
-21
-20
-20
-21
-26
-26
-22
-18
-20
-16
-15
-20
-19
-17
-15
-13
-13
-16
-16
-15
-15
-15
-15
-18
-11
-13
-12
-10
-11
-7
-4
-6
-9
-7
-6
-2
-2
-5
-5
-8
-7
-4
-4
-3
-1
0
3
0
3
3
7
5
4
9
8
9
12
17
18
16
18
20
19
20
20
23
24
23
33
29
28
32
24
23
25
24
19
19
22
26
29
30
26
24
28
33
33
29
34
30
30
32
34
36
35
37
36
39
41
41
43
40
39
36
36
36
38
38
39
40
36
34
36
38
38
37
35
35
33
37
37
40
38
37
37
37
35
35
36
34
42
39
36
38
37
41
41
39
40
41
39
39
41
43
39
40
40
39
44
41
41
42
40
38
38
37
35
38
39
37
38
36
37
37
34
36
38
42
39
37
38
38
35
34
34
32
28
29
30
30
33
30
31
31
33
33
31
33
31
29
30
31
30
31
30
30
33
30
30
32
32
33
32
31
30
31
28
27
28
28
29
28
26
20
18
20
15
17
15
15
9
9
11
11
14
12
11
10
2
6
5
4
9
11
17
19
16
15
12
9
11
16
16
15
12
11
13
15
15
14
15
17
15
16
17
16
16
12
11
10
7
10
16
14
14
15
14
15
13
11
15
13
13
18
15
13
10
12
19
19
16
14
20
11
12
19
14
14
17
18
13
10
17
18
15
14
13
19
18
18
19
15
19
18
21
19
19
18
16
17
18
18
20
24
23
23
24
23
20
24
23
26
28
23
25
23
16
18
23
22
23
23
23
24
21
27
29
28
24
29
26
27
27
23
21
21
23
22
26
24
27
26
25
24
25
26
25
25
25
25
25
23
23
22
21
25
27
28
27
28
23
26
26
27
27
24
24
28
33
31
31
32
32
30
32
34
33
28
39
39
34
41
38
35
29
27
26
27
26
29
29
28
24
26
23
27
31
27
24
23
23
25
24
23
27
29
32
31
31
33
36
36
32
33
32
31
31
32
31
31
32
33
33
32
31
31
34
35
32
28
27
27
31
34
33
32
34
34
31
32
34
34
34
35
33
33
34
30
30
31
28
31
31
27
27
27
28
28
31
31
31
30
31
31
27
29
25
27
29
27
27
27
25
27
27
23
29
32
25
21
20
23
25
20
17
18
16
14
12
16
18
12
11
13
14
14
11
11
8
9
6
10
9
10
9
7
9
8
6
8
10
9
9
8
9
5
7
8
8
9
9
9
5
6
1
1
4
3
0
-2
-2
-4
-3
-2
-1
0
-1
0
-8
-10
-10
-12
-8
0
4
4
2
0
3
-1
0
4
6
1
1
-3
-4
0
3
2
-2
1
-2
1
-1
-2
-1
-8
-7
-7
-11
-9
-2
-6
-6
-5
-6
-7
-8
-6
-5
-5
-9
-6
-7
-9
-8
-8
-4
-3
-5
-6
-4
-8
-13
-11
-10
-12
-7
-8
-10
-14
-15
-13
-14
-15
-14
-13
-13
-13
-11
-12
-13
-10
-14
-14
-13
-14
-15
-17
-15
-16
-17
-16
-15
-16
-14
-13
-16
-17
-15
-13
-11
-10
-12
-12
-8
-11
-21
-18
-12
-12
-13
-12
-10
-12
-10
-6
-9
-12
-11
-9
-14
-17
-14
-14
-14
-13
-16
-12
-9
-14
-9
-13
-11
-10
-11
-11
-14
-12
-15
-14
-13
-16
-17
-18
-16
-14
-15
-13
-16
-18
-16
-16
-14
-14
-15
-14
-9
-9
-13
-9
-8
-7
-10
-9
-7
-8
-1
-3
-8
-3
1
-3
-6
-5
-14
-12
-11
-11
-8
-5
-7
-11
-10
-8
-6
-7
-7
-8
-7
-9
-10
-11
-9
-6
-8
-3
-2
-3
-3
0
-1
-3
-2
-3
-2
0
2
-3
-2
1
-2
0
-2
3
1
-4
-3
-5
-1
-3
