4
12
9
11
8
2
2
1
2
0
-5
2
3
-1
-3
0
-1
-2
0
2
4
0
0
3
2
2
0
3
7
9
12
11
11
10
6
9
6
8
8
10
11
8
14
12
11
15
12
13
17
12
11
9
8
10
8
13
13
9
9
14
15
12
14
16
17
17
13
14
16
14
14
10
10
12
12
10
7
10
10
9
10
11
12
13
10
8
6
3
1
2
5
7
7
4
4
2
2
0
6
3
2
8
9
9
5
3
2
1
-7
-3
0
-4
-4
-3
-2
-4
-3
1
-1
0
-1
-2
-2
-3
-2
-2
-1
-3
-5
-6
-2
0
-1
-2
-2
0
2
-1
0
-3
-3
-3
-6
-3
-5
-6
-8
-6
-7
-9
-8
-12
-14
-13
-8
-7
-9
-8
-10
-8
-9
-21
-17
-16
-16
-10
-6
0
-6
-7
-6
-6
-8
-6
-4
-2
-3
-5
-5
-6
-9
-7
-7
-8
-7
-4
-8
-5
-9
-12
-14
-12
-13
-12
-11
-11
-7
-9
-13
-13
-13
-16
-12
-11
-15
-17
-16
-13
-20
-16
-18
-12
-11
-16
-14
-11
-11
-16
-11
-17
-22
-22
-22
-23
-24
-24
-23
-23
-24
-24
-23
-19
-20
-23
-24
-23
-19
-21
-24
-23
-26
-21
-24
-23
-24
-22
-20
-20
-20
-19
-19
-21
-22
-21
-17
-16
-20
-21
-18
-21
-25
-28
-26
-24
-23
-25
-24
-21
-19
-19
-17
-20
-21
-19
-19
-23
-23
-21
-24
-21
-23
-20
-21
-22
-20
-21
-21
-19
-20
-22
-19
-25
-23
-23
-21
-21
-22
-24
-23
-24
-29
-25
-26
-28
-27
-24
-24
-25
-28
-24
-21
-18
-19
-19
-18
-20
-22
-20
-20
-21
-22
-14
-14
-16
-12
-20
-24
-26
-23
-24
-27
-26
-24
-23
-22
-23
-26
-24
-22
-19
-19
-22
-23
-23
-21
-22
-21
-21
-17
-16
-15
-13
-12
-10
-14
-16
-14
-13
-9
-9
-13
-9
-10
-10
-9
-10
-11
-11
-9
-9
-15
-14
-11
-14
-16
-22
-18
-17
-19
-18
-15
-16
-18
-16
-18
-15
-17
-18
-17
-15
-16
-17
-19
-19
-16
-21
-23
-24
-24
-21
-20
-20
-19
-21
-19
-21
-24
-23
-26
-28
-25
-24
-24
-25
-28
-25
-27
-27
-29
-31
-30
-24
-22
-27
-26
-27
-30
-30
-29
-29
-34
-32
-26
-28
-31
-34
-27
-27
-28
-28
-28
-29
-33
-34
-32
-30
-28
-31
-30
-31
-28
-24
-27
-26
-27
-26
-25
-23
-25
-26
-24
-24
-26
-28
-27
-26
-25
-29
-28
-29
-31
-35
-35
-31
-34
-35
-31
-34
-32
-35
-34
-44
-43
-39
-41
-35
-32
-25
-27
-29
-28
-27
-29
-29
-28
-29
-28
-29
-28
-31
-30
-29
-26
-27
-29
-27
-23
-26
-29
-30
-30
-27
-29
-31
-32
-31
-28
-27
-28
-28
-27
-29
-29
-31
-30
-28
-30
-28
-27
-28
-27
-26
-25
-26
-25
-22
-23
-24
-25
-26
-29
-28
-26
-28
-32
-32
-29
-30
-29
-28
-27
-24
-28
-27
-27
-28
-25
-24
-24
-24
-22
-27
-26
-28
-29
-27
-22
-26
-22
-22
-26
-24
-25
-24
-21
-21
-22
-24
-24
-24
-26
-25
-26
-25
-24
-23
-19
-18
-20
-19
-14
-16
-19
-20
-19
-24
-26
-24
-23
-22
-25
-27
-26
-23
-23
-23
-24
-24
-22
-23
-22
-22
-24
-26
-26
-28
-28
-27
-26
-29
-28
-28
-32
-30
-30
-28
-29
-26
-25
-27
-28
-24
-23
-25
-28
-25
-25
-29
-25
-23
-27
-15
-17
-22
-16
-22
-25
-28
-26
-30
-23
-27
-25
-24
-31
-28
-34
-26
-25
-26
-23
-24
-23
-26
-24
-24
-23
-24
-20
-19
-19
-17
-20
-20
-17
-22
-20
-23
-22
-22
-20
-21
-20
-19
-20
-18
-19
-19
-18
-20
-21
-17
-16
-13
-11
-18
-20
-18
-22
-20
-18
-14
-17
-14
-14
-14
-14
-17
-18
-16
-14
-16
-17
-20
-17
-21
-19
-23
-18
-20
-21
-18
-19
-18
-19
-16
-18
-21
-18
-22
-21
-19
-20
-19
-26
-22
-20
-22
-22
-24
-21
-21
-18
-21
-25
-27
-25
-27
-32
-30
-30
-32
-28
-27
-29
-30
-29
-28
-30
-33
-34
-32
-34
-31
-32
-31
-29
-29
-29
-29
-28
-27
-24
-24
-24
-24
-23
-25
-28
-23
-24
-26
-25
-23
-27
-27
-26
-29
-27
-29
-28
-31
-29
-29
-30
-28
-27
-29
-28
-31
-29
-37
-39
-35
-35
-29
-28
-20
-24
-23
-23
-20
-20
-21
-19
-17
-14
-19
-20
-24
-22
-22
-24
-20
-19
-22
-22
-20
-21
-23
-23
-22
-23
-24
-23
-22
-23
-18
-21
-22
-18
-20
-24
-23
-21
-23
-21
-17
-16
-22
-22
-19
-16
-13
-17
-17
-17
-19
-11
-18
-20
-16
-14
-13
-18
-17
-16
-17
-17
-17
-13
-11
-11
-11
-12
-10
-8
-7
-12
-11
-13
-14
-15
-16
-17
-16
-17
-15
-13
-13
-12
-16
-15
-15
-14
-12
-15
-12
-14
-19
-21
-18
-14
-18
-16
-16
-16
-17
-19
-14
-9
-12
-13
-17
-17
-12
-20
-19
-21
-16
-16
-17
-16
-16
-15
-18
-18
-19
-18
-15
-14
-16
-14
-14
-17
-16
-14
-15
-15
-17
-17
-17
-19
-17
-19
-19
-15
-15
-15
-16
-14
-9
-6
-11
-12
-10
-10
-10
-9
-9
-11
-6
3
2
0
-6
-12
-18
-13
-13
-16
-14
-10
-10
-13
-12
-12
-14
-12
-7
-8
-6
-8
-12
-13
-10
-9
-8
-9
-4
-5
-4
-2
-2
-5
-7
-7
-7
-6
-8
-10
-7
-5
-8
-5
-7
-10
-9
-9
-8
-13
-11
-9
-7
-9
-7
-8
-6
-5
-10
-11
-6
-4
-5
-6
-7
-8
-9
-10
-10
-13
-13
-10
-11
-9
-10
-10
-11
-14
-12
-11
-9
-9
-9
-7
-8
-7
-13
-14
-16
-13
-10
-16
-14
-15
-18
-12
-12
-19
-20
-21
-12
-11
-8
-15
-17
-17
-20
-23
-26
-24
-25
-25
-22
-19
-21
-18
-18
-21
-18
-19
-21
-22
-22
-23
-23
-23
-21
-24
-22
-22
-24
-25
-24
-25
-24
-24
-23
-20
-22
-24
-22
-19
-25
-21
-22
-24
-25
-25
-25
-20
-24
-23
-20
-26
-23
-23
-23
-25
-27
-27
-26
-37
-35
-33
-28
-17
-18
-17
-21
-24
-21
-26
-27
-23
-22
-21
-22
-24
-24
-23
-23
-24
-22
-24
-21
-21
-23
-22
-24
-26
-26
-26
-27
-27
-25
-27
-27
-23
-25
-26
-27
-29
-25
-25
-27
-26
-24
-22
-25
-24
-29
-26
-24
-23
-21
-23
-27
-28
-24
-30
-30
-23
-24
-29
-28
-25
-23
-24
-24
-24
-24
-23
-25
-22
-24
-21
-22
-22
-20
-19
-19
-23
-22
-23
-18
-21
-19
-17
-16
-15
-18
-17
-16
-19
-18
-19
-20
-20
-23
-27
-29
-23
-17
-21
-22
-20
-18
-17
-15
-13
-14
-19
-19
-19
-17
-22
-20
-24
-23
-19
-19
-19
-18
-18
-19
-18
-19
-15
-17
-16
-19
-22
-21
-21
-24
-21
-21
-22
-21
-16
-16
-17
-15
-18
-16
-17
-13
-11
-15
-16
-12
-4
-9
-13
-12
-10
-8
-10
-10
-10
-9
-5
-5
-2
-2
-6
-11
-9
-10
-13
-15
-12
-11
-10
-13
-15
-13
-15
-9
-6
-9
-11
-12
-14
-11
-10
-12
-10
-7
-6
-5
-7
-4
-3
-7
-9
-7
-8
-9
-12
-12
-8
-8
-7
-5
-6
-7
-7
-5
-8
-7
-3
-8
-8
-10
-6
-4
-7
-9
-5
-6
-10
-11
-10
-8
-5
-8
-9
-6
-9
-8
-7
-5
-9
-7
-12
-14
-13
-11
-12
-13
-5
-8
-7
-6
-6
-9
-14
-14
-14
-11
-14
-17
-13
-11
-14
-11
-13
-15
-13
-11
-8
-17
-14
-15
-16
-15
-17
-20
-22
-21
-17
-17
-16
-18
-20
-18
-20
-19
-21
-25
-24
-26
-26
-27
-24
-24
-24
-27
-28
-25
-24
-22
-24
-22
-24
-26
-25
-26
-26
-25
-26
-24
-25
-25
-24
-26
-28
-30
-25
-28
-32
-34
-34
-32
-36
-36
-33
-38
-38
-38
-43
-39
-47
-50
-40
-30
-24
-26
-28
-29
-22
-26
-29
-21
-26
-27
-28
-27
-28
-30
-29
-28
-26
-26
-25
-24
-24
-25
-26
-28
-27
-28
-33
-27
-29
-28
-27
-29
-27
-28
-27
-28
-25
-28
-28
-25
-22
-20
-20
-23
-20
-14
-15
-14
-17
-16
-22
-21
-19
-22
-21
-19
-19
-24
-23
-21
-22
-22
-21
-20
-18
-19
-19
-18
-21
-18
-16
-17
-19
-19
-17
-19
-19
-15
-16
-17
-14
-15
-16
-15
-17
-15
-14
-11
-8
-9
-9
-14
-12
-5
-6
-9
-11
-12
-9
-13
-14
-9
-7
-7
-8
-9
-10
-11
-12
-13
-11
-10
-8
-10
-9
-9
-7
-6
-9
-10
-9
-10
-9
-12
-12
-9
-10
-10
-11
-11
-10
-9
-9
-9
-9
-9
-10
-9
-6
-8
-8
-10
-6
-3
1
1
0
0
-1
1
3
2
3
0
11
6
3
15
8
-5
-7
-1
-6
-7
-7
0
-2
-2
-2
-4
-4
-1
0
-1
3
-2
-2
0
0
-2
-1
2
4
7
4
3
7
4
3
3
1
4
3
2
4
4
4
2
7
6
2
5
5
6
6
3
1
3
1
7
6
8
7
8
8
9
9
8
9
4
6
8
8
9
8
11
9
12
11
7
10
10
10
9
8
7
6
9
10
10
9
7
6
8
10
8
7
5
6
8
4
9
12
12
11
7
11
14
13
8
8
9
4
-2
3
5
3
2
1
4
5
6
4
4
1
1
1
-1
-2
-1
-4
-6
-4
-3
0
0
-2
-3
-4
-5
-3
-3
-2
-5
-4
-1
-4
-4
-6
-6
-8
-9
-11
-9
-14
-16
-14
-18
-17
-15
-16
-18
-18
-16
-23
-23
-19
-29
-28
-20
-8
-6
-9
-12
-13
-13
-12
-12
-6
-5
-9
-6
-10
-10
-10
-5
-8
-9
-8
-10
-10
-12
-11
-13
-14
-12
-18
-15
-14
-13
-12
-15
-14
-16
-13
-12
-10
-11
-12
-8
-10
-9
-15
-14
-11
-9
-7
-11
-10
-10
-7
-8
-8
-7
-5
-7
-7
-8
-9
-5
-9
-11
-12
-12
-10
-11
-14
-13
-10
-10
-12
-13
-12
-12
-12
-13
-12
-13
-11
-9
-10
-6
-7
-7
-9
-10
-9
-8
-8
-8
-9
-6
-5
-13
-17
-13
-6
-7
-10
-6
-7
-5
-4
-5
-3
-7
-9
-9
-7
-8
-7
-7
-5
-4
-4
-2
-4
-3
-2
-1
-3
-1
-3
-5
-3
-7
-7
-8
-7
-6
-7
-9
-5
-7
-7
-4
-5
-4
-3
-3
-4
-6
-3
-2
1
4
1
4
1
0
0
0
2
2
5
11
10
14
8
4
0
-5
-4
-4
-4
-4
-1
-1
-7
-9
-6
-7
-2
0
-1
-2
-3
-5
-4
-4
-7
-1
0
1
3
3
7
4
2
2
1
-1
0
-1
2
3
2
2
-1
2
-1
-2
1
1
2
-2
-1
-2
-2
1
2
4
3
6
2
0
5
6
9
8
8
11
11
9
6
5
4
2
1
2
-1
1
2
0
1
4
4
1
3
3
1
-1
-4
-1
2
-2
0
-4
-2
-4
-4
-2
-4
0
-1
6
5
1
2
-1
-5
-6
-6
-5
-8
-7
-5
-3
-6
-5
-8
-5
-6
-8
-10
-11
-12
-11
-11
-10
-11
-16
-14
-13
-8
-9
-10
-10
-11
-10
-8
-9
-8
-9
-9
-9
-9
-6
-9
-10
-14
-12
-9
-12
-13
-19
-15
-16
-23
-21
-20
-19
-22
-21
-29
-31
-28
-28
-23
-19
-12
-15
-11
-12
-12
-13
-14
-16
-13
-12
-15
-16
-15
-16
-16
-14
-13
-16
-21
-18
-16
-20
-20
-21
-23
-20
-24
-23
-21
-22
-20
-21
-20
-22
-21
-20
-22
-22
-20
-21
-18
-17
-19
-19
-18
-17
-16
-21
-16
-19
-23
-22
-26
-29
-28
-21
-25
-25
-25
-24
-23
-22
-24
-22
-22
-22
-22
-22
-21
-19
-15
-19
-21
-18
-22
-21
-23
-22
-21
-21
-19
-20
-16
-15
-16
-12
-16
-14
-13
-12
-18
-18
-16
-14
-13
-18
-10
-9
-10
-7
-8
-10
-6
-4
-5
-7
-11
-9
-7
-10
-12
-9
-5
-4
-5
-5
-4
-4
-5
-10
-10
-7
-6
-8
-6
-10
-11
-9
-11
-11
-13
-12
-10
-11
-11
-12
-8
-7
-5
-6
-6
-10
-4
-2
-2
3
2
4
4
3
2
5
4
0
5
11
7
7
4
-4
-2
1
-3
-6
-5
-6
-2
1
-4
-5
-3
-3
0
1
3
0
-3
0
0
0
1
2
5
5
5
6
7
7
7
10
7
5
5
6
7
6
7
6
5
6
3
1
0
2
6
2
2
-3
0
2
10
11
8
5
3
8
6
7
5
5
6
6
8
8
4
6
6
8
9
5
2
3
6
6
10
7
9
8
10
12
7
4
4
4
6
6
7
8
5
6
4
5
5
6
8
5
7
6
4
2
2
0
-4
0
-4
-5
3
4
0
0
1
7
3
2
2
1
0
-2
-2
-2
-1
-2
-2
1
1
0
0
2
0
-3
-3
-3
-5
-6
-4
-7
-5
-3
-3
-3
-4
-4
-4
-7
-6
-6
-5
-5
-4
-4
-2
-3
-5
-1
-3
-17
-13
-9
-5
-5
-4
1
2
-1
-5
0
1
-3
-1
1
2
1
1
0
2
4
3
4
3
5
4
2
0
-2
-2
-2
-3
-3
2
2
3
4
2
2
2
2
1
-2
1
-1
-1
4
-3
1
0
2
4
2
6
11
4
4
10
3
1
6
6
3
3
2
6
7
4
5
8
6
6
6
4
5
4
5
9
8
6
7
8
7
7
10
10
11
13
12
9
13
11
11
18
15
15
14
14
9
5
5
9
16
15
14
13
14
16
20
16
20
19
15
14
12
13
12
13
10
13
13
12
11
13
9
9
11
10
12
11
12
12
10
11
12
13
12
15
14
13
13
9
11
11
9
11
12
8
4
9
15
11
11
11
11
11
12
11
9
15
25
19
15
15
14
12
12
12
10
11
8
11
15
12
7
10
11
10
13
12
14
11
10
11
9
11
10
12
10
12
14
13
14
13
11
14
12
14
15
13
16
16
15
17
17
18
18
15
16
18
15
10
10
10
15
21
18
18
12
14
16
12
13
17
15
13
15
18
19
18
20
19
18
20
20
20
16
20
21
21
23
22
23
22
22
18
14
16
14
15
15
15
13
10
12
10
11
15
16
19
12
14
17
14
12
7
7
6
1
2
6
5
7
6
6
8
13
9
8
8
6
3
3
3
1
1
-1
1
0
3
2
2
5
4
0
0
-3
2
-2
-3
-4
-5
-3
-2
-3
-6
-4
-6
-6
-11
-11
-9
-6
-11
-10
-11
-11
-7
-7
-11
-22
-15
-11
-12
-10
-7
-2
-9
-8
-8
-8
-6
-7
-6
-3
-3
-7
-8
-12
-14
-11
-5
-10
-9
-8
-9
-9
-11
-13
-15
-17
-17
-16
-15
-12
-11
-11
-12
-12
-9
-8
-9
-10
-11
-8
-8
-2
-5
-9
-12
-9
-5
-6
-8
-6
-6
-11
-4
-5
-8
-6
-4
-7
-7
-8
-8
-5
-6
-6
-6
-5
-8
-3
-1
0
0
4
1
-1
2
-1
0
1
0
2
3
5
6
6
2
2
3
1
3
0
1
-1
-7
-5
-4
0
2
4
3
3
3
7
5
7
11
8
3
3
9
4
4
2
2
5
6
4
3
4
4
3
-1
3
2
1
0
0
0
0
2
0
-1
0
-2
1
-2
1
-2
-4
0
0
1
5
3
2
0
6
6
3
5
7
2
1
2
2
-1
9
14
6
10
2
-4
-7
-7
-8
-9
-7
-6
-1
0
-3
-3
-2
2
0
1
0
-1
-3
-5
-4
-4
-4
0
0
4
2
0
2
1
-2
-2
-3
-4
0
0
0
3
3
4
3
4
3
1
2
3
3
-3
-4
1
0
2
4
6
1
2
2
1
3
4
3
4
3
2
6
7
2
5
2
2
2
1
0
0
3
2
-1
2
0
1
1
0
2
2
3
2
5
2
1
1
-1
1
3
1
0
1
6
6
3
1
1
-3
-7
-6
-7
-6
-9
-5
-1
-4
-3
-3
-2
0
-4
-3
-7
-7
-7
-7
-7
-5
-4
-7
-5
-9
-1
-5
-4
-5
-7
-6
-4
-4
-4
-3
-4
-7
-9
-9
-10
-10
-12
-11
-11
-15
-15
-12
-9
-16
-17
-13
-16
-17
-22
-22
-20
-20
-21
-20
-18
-13
-6
-8
-11
-11
-12
-10
-13
-13
-15
-14
-12
-16
-13
-15
-13
-13
-15
-16
-15
-14
-14
-13
-14
-16
-18
-16
-20
-19
-15
-15
-16
-15
-14
-14
-18
-18
-19
-18
-20
-18
-14
-12
-15
-17
-12
-8
-12
-12
-12
-11
-13
-13
-7
-10
-11
-13
-14
-15
-18
-15
-11
-14
-11
-14
-10
-11
-10
-8
-10
-7
-6
-6
-6
-8
-7
-7
-9
-5
-4
-5
-4
-5
-4
-1
-3
-5
-5
-5
0
-3
0
-5
-6
-5
-4
2
-1
-1
1
3
2
5
3
8
6
2
4
3
5
2
5
4
6
9
9
11
9
9
9
8
7
6
6
8
8
6
7
6
8
9
9
12
14
12
9
12
7
8
8
10
11
10
13
8
13
20
17
17
16
16
15
16
19
18
22
25
21
26
20
16
11
12
14
13
14
15
17
20
15
11
14
13
16
16
16
15
12
15
12
12
13
15
18
19
20
18
20
21
20
19
20
21
20
20
23
23
22
20
18
18
13
15
14
17
12
14
15
14
19
14
17
16
15
19
15
19
21
21
24
23
23
25
24
23
20
20
19
18
20
17
19
19
19
19
21
23
22
23
19
21
17
15
19
19
24
27
25
26
21
21
24
17
15
23
24
24
21
19
21
19
17
10
11
13
6
12
17
17
15
11
17
16
14
16
12
11
10
6
8
10
9
6
8
3
8
10
10
12
11
10
8
11
9
10
7
8
8
8
7
5
3
3
2
4
2
-2
1
-3
-3
-2
-2
-4
-4
-4
-2
-11
-10
-13
-7
-4
0
5
-1
-2
-3
-1
-2
-4
-2
1
0
-3
-5
-4
-3
-3
1
0
4
2
4
3
-3
-3
-3
-3
-4
-7
-3
-4
-3
0
1
4
4
2
2
-3
-1
-1
2
3
-1
-3
1
5
7
7
9
5
-1
6
7
-1
3
10
8
6
6
8
6
6
5
5
6
5
8
9
5
9
12
11
10
11
12
11
11
10
9
14
16
17
15
13
17
15
16
19
19
21
20
21
18
14
15
15
18
17
17
20
22
20
24
29
31
31
23
24
26
25
25
22
21
23
27
28
28
27
26
27
26
26
29
28
24
23
20
18
19
23
23
22
27
29
26
29
30
28
28
27
31
29
25
28
33
35
34
34
37
34
33
32
30
31
31
42
36
37
44
37
36
32
29
25
28
26
29
29
28
27
27
31
30
35
32
30
29
25
26
27
28
28
27
28
30
30
33
33
30
27
27
27
26
28
30
31
33
32
35
36
32
29
30
30
28
26
27
26
27
28
31
28
23
22
22
24
23
24
22
25
26
27
24
25
27
25
24
25
28
28
22
27
26
27
28
29
31
27
29
28
25
25
23
21
23
23
23
23
24
23
25
22
16
23
28
30
28
24
27
23
24
22
18
19
19
20
21
22
17
17
18
19
18
15
15
15
14
12
13
14
13
12
12
10
14
15
14
15
15
16
16
17
18
16
14
15
10
13
11
10
13
10
15
15
9
7
8
7
6
3
4
7
8
6
4
-2
2
-1
-5
2
8
14
11
9
9
9
10
8
8
12
11
6
7
6
8
10
10
15
12
10
3
6
2
2
1
-2
-5
-5
-2
-1
0
0
3
2
1
-1
1
3
6
4
3
9
4
-3
2
7
4
0
2
2
-3
-2
9
2
-2
0
2
-2
-2
-2
1
4
2
4
7
8
8
6
10
10
8
10
12
11
10
13
10
11
13
12
13
10
13
14
10
9
8
6
9
10
11
5
3
2
7
15
16
17
12
13
17
16
20
22
22
18
17
18
21
19
19
20
20
20
18
17
15
14
14
12
13
12
13
16
14
16
18
20
20
19
17
15
16
14
16
13
17
18
18
19
20
22
19
24
24
27
26
25
22
20
17
20
20
16
17
27
27
23
29
22
16
13
10
9
8
6
9
14
13
6
8
9
10
12
13
13
11
10
12
12
14
11
12
15
15
15
13
13
13
10
7
7
7
7
8
11
12
8
6
7
5
4
5
7
9
9
14
14
10
11
16
9
7
11
13
13
13
17
17
17
14
16
15
13
13
11
12
8
10
12
12
12
12
14
15
13
13
13
12
11
10
8
9
9
10
10
14
13
11
10
8
9
6
7
10
7
5
5
7
7
8
8
5
5
9
4
6
10
10
9
12
9
13
11
11
12
8
7
4
5
5
8
6
6
9
9
8
8
6
4
2
2
0
0
0
1
3
2
3
5
3
1
0
2
2
-1
-1
-3
0
-2
-3
-2
-3
-6
-5
-9
-10
-8
-17
-12
-5
-4
-5
-6
-12
-11
-10
-13
-15
-10
-5
-9
-8
-6
-5
-5
-4
-3
-3
-2
-6
-7
-5
-8
-10
-8
-9
-12
-13
-14
-13
-14
-14
-14
-15
-16
-14
-17
-17
-17
-15
-12
-13
-15
-15
-11
-6
-8
-12
-8
-7
-11
-6
-3
-4
-7
-4
0
-9
-9
-9
-7
-6
-10
-9
-9
-7
-7
-7
-9
-9
-9
-9
-10
-7
-10
-9
-8
-7
-6
-4
-5
-5
-4
-5
-5
-1
-3
1
2
3
6
3
6
7
8
2
-2
-1
1
1
1
3
6
5
5
4
2
8
4
1
3
7
8
9
10
13
15
12
11
7
10
12
11
13
9
8
8
9
12
14
15
14
13
13
14
15
11
10
10
7
7
4
7
12
13
16
18
21
20
18
12
13
15
11
20
25
16
19
19
13
12
10
11
8
7
7
9
11
5
5
7
8
12
10
13
11
10
11
12
9
11
10
8
12
13
15
19
16
16
16
15
12
14
12
8
10
9
7
6
14
9
6
10
13
14
14
12
20
12
11
16
11
11
13
14
15
17
15
16
17
13
13
14
9
9
8
9
9
10
11
9
12
10
11
14
13
16
11
14
12
7
9
8
8
9
4
6
6
7
6
3
4
6
5
4
9
9
4
1
0
-3
-2
-3
-5
-8
-6
-3
-4
-4
-4
-1
2
-2
-1
-4
-3
-3
-2
-1
-2
1
-2
1
0
0
1
-1
-2
-2
0
-1
1
-1
0
3
2
1
1
-1
0
-3
-1
0
-2
1
-4
-1
-2
-2
-3
-3
-3
-7
-7
-10
-21
-21
-17
-12
-11
-4
0
-2
-1
-5
-3
-3
-3
-4
-4
-1
-1
-7
-7
-5
-5
-5
-3
-5
-6
-6
-5
-6
-7
-7
-7
-8
-9
-8
-9
-8
-12
-10
-7
-8
-9
-9
-5
-7
-8
-4
-7
-10
-11
-10
-6
-8
-7
-4
-8
-8
-8
-5
-6
-6
-8
-11
-10
-15
-13
-11
-8
-8
-7
-7
-7
-5
-7
-6
-5
-5
-6
-9
-7
-6
-5
-7
-5
-6
-7
-3
-3
0
2
-3
0
-1
-1
4
0
5
4
2
-2
-3
1
3
4
0
1
7
9
9
9
9
9
3
-1
0
2
4
1
4
6
6
9
11
9
6
9
5
8
10
11
7
7
6
5
4
3
0
0
2
1
1
-1
1
2
2
3
8
8
7
6
11
10
10
15
13
13
14
15
18
17
21
27
21
19
19
14
11
9
11
11
7
8
12
10
6
6
4
5
4
4
6
3
1
3
3
3
2
3
4
7
5
8
11
12
7
9
11
7
9
8
5
6
3
3
4
-1
-1
-3
-5
-6
-8
-2
-4
-2
5
-2
0
1
0
5
6
5
7
4
6
7
4
8
6
6
4
6
4
0
0
-1
-4
-3
-1
-2
-5
-2
-3
-2
-3
-5
-4
-7
-4
-5
-3
-4
-3
-4
-6
-5
-5
-5
-6
-8
-8
-3
1
-2
-8
-7
-10
-12
-11
-12
-13
-10
-7
-5
-6
-6
-6
-6
-4
-6
-10
-11
-9
-11
-12
-11
-5
-10
-9
-9
-8
-3
-4
-3
-5
-4
-2
-3
-1
-3
-4
-2
-5
-6
-6
-3
-5
-8
-9
-9
-12
-13
-7
-8
-9
-7
-5
-5
-8
-5
-9
-23
-18
-13
-13
-10
-8
-1
-3
-9
-6
-5
-6
-9
-8
-6
-5
-11
-12
-11
-14
-11
-9
-8
-8
-7
-5
-5
-8
-11
-14
-9
-11
-13
-11
-11
-11
-14
-13
-11
-15
-17
-15
-17
-19
-17
-17
-15
-21
-22
-21
-13
-13
-16
-10
-12
-16
-11
-6
-15
-12
-9
-8
-9
-9
-8
-8
-6
-6
-8
-3
-4
-9
-5
-10
-7
-6
-6
-5
-6
-7
-7
-6
-6
-6
-4
-2
-1
-1
2
4
1
4
0
0
2
2
3
1
2
-1
-3
4
6
6
5
6
8
7
10
16
10
8
8
10
6
4
3
3
4
3
5
6
4
6
2
1
4
4
2
0
-1
0
2
3
5
6
5
7
11
6
7
5
3
3
7
8
8
11
10
9
17
19
14
16
16
13
10
11
15
14
24
25
18
21
13
12
12
13
8
13
10
11
12
8
9
8
10
8
9
13
10
7
10
8
9
8
11
11
13
16
16
15
19
22
18
19
18
20
18
19
18
20
21
19
17
16
10
9
9
7
5
3
3
4
6
4
6
3
7
9
5
3
4
1
1
2
1
4
3
3
6
5
3
7
3
-1
0
0
-1
-1
-2
1
3
4
2
0
0
-1
-4
-3
-3
-4
-4
-6
-8
-6
-7
-4
-7
-6
-3
1
-1
-6
-4
-10
-11
-12
-8
-4
-9
-6
1
-3
-2
0
0
-3
-3
-3
-5
-7
-7
-5
-3
0
-2
-3
-5
-8
-4
-1
-6
-7
-5
-6
-5
-5
-3
-5
-5
-3
0
-3
-3
-5
-8
-7
-11
-9
-12
-12
-10
-12
-8
-9
-5
-6
-11
-10
-18
-11
-17
-19
-6
-5
-2
0
-1
-6
-1
0
-4
-1
-2
-2
-4
-7
-8
-11
-6
-6
-6
-5
-4
-4
-4
-5
-8
-7
-8
-7
-6
-5
-2
1
0
0
3
-2
-2
-2
-1
0
0
-1
2
3
-1
0
1
5
4
4
4
-1
2
9
3
-5
2
3
1
0
1
6
3
6
6
6
5
4
8
6
7
8
7
7
7
6
7
9
7
9
8
9
8
9
12
12
9
9
11
12
13
13
14
15
4
8
8
11
10
14
17
12
14
16
22
20
18
15
17
17
13
13
13
14
19
18
20
20
21
23
23
19
20
20
18
23
19
18
18
20
20
22
23
21
22
23
26
25
23
25
27
28
30
28
31
30
36
37
35
39
35
37
33
30
35
33
40
40
38
42
36
31
27
33
33
28
32
33
35
36
31
29
30
31
32
32
32
29
32
30
30
29
29
32
34
35
34
35
36
37
34
34
32
33
34
34
37
35
35
30
31
32
31
32
31
26
29
28
25
23
27
27
23
26
28
30
27
23
24
26
29
27
24
26
28
28
26
28
26
28
27
25
25
25
26
24
24
25
24
26
23
22
22
20
21
23
24
26
24
25
25
23
24
25
25
25
23
23
29
28
26
23
24
21
21
22
22
23
26
26
22
22
22
24
22
20
22
21
20
19
20
20
22
22
19
19
18
21
21
18
20
18
17
18
15
15
13
14
15
14
13
15
11
14
8
10
7
4
7
2
7
6
6
5
3
8
2
-2
-2
-8
-3
5
13
16
16
12
12
15
12
16
19
18
16
15
14
12
10
13
10
9
12
9
11
9
7
4
5
5
3
1
7
11
5
5
7
9
10
10
9
8
7
7
12
12
7
4
5
14
12
14
13
12
8
9
9
3
3
8
11
5
5
6
6
5
6
6
5
5
6
7
9
8
4
7
6
5
4
3
1
4
4
6
6
6
9
7
8
7
7
9
8
9
9
10
11
7
8
4
6
9
6
7
10
13
13
16
11
12
14
12
18
13
14
16
14
17
20
19
18
18
18
17
18
18
18
20
17
16
17
13
16
16
15
18
15
18
19
19
18
17
19
20
24
21
17
22
27
29
24
24
27
26
24
25
27
24
26
34
30
33
34
25
24
20
19
16
16
21
21
25
18
17
17
17
19
18
19
19
21
18
20
20
18
17
22
23
24
23
25
24
20
22
20
22
19
21
20
24
22
21
21
20
18
16
18
13
15
15
10
14
14
11
14
12
15
19
20
15
18
17
17
15
16
18
17
19
18
18
17
14
14
14
12
15
15
14
13
16
15
13
16
12
11
11
11
12
12
15
13
11
10
12
11
12
13
12
13
18
21
15
12
12
7
4
6
4
3
6
6
7
4
7
8
9
6
6
8
8
7
5
3
3
4
0
1
3
4
4
9
7
7
7
6
8
5
4
2
7
6
3
6
4
4
2
3
2
-1
-2
-5
-1
-2
-3
-4
-3
-3
-3
-5
-17
-13
-11
-7
-1
5
9
4
2
-1
6
4
4
5
5
5
5
1
0
0
-1
5
4
4
1
1
2
-1
-1
-4
-6
-5
-5
-3
-3
-3
-3
-2
-5
-5
-7
-8
-9
-11
-8
-5
-2
-3
-4
-4
-5
-3
0
-3
-2
-2
-3
-2
-4
-7
-5
-5
-5
-4
-6
-4
-7
-5
-3
-5
-3
-5
-2
-1
-2
1
-2
-1
0
-2
1
-1
-2
-1
-2
-2
0
2
1
0
2
3
3
6
2
4
5
2
0
-1
-1
0
2
4
5
8
5
8
11
11
9
9
9
12
7
6
7
6
8
7
10
9
10
9
9
9
10
9
10
10
9
10
8
7
7
8
8
7
8
11
10
13
11
7
13
16
15
15
16
21
20
22
22
24
22
17
20
22
23
21
32
25
27
34
27
20
16
16
16
17
15
16
17
17
12
13
12
17
19
16
18
17
17
17
18
21
19
21
22
27
30
28
27
26
20
20
21
21
20
21
21
22
22
20
20
21
16
16
15
16
21
19
15
19
18
19
17
15
21
22
20
19
21
19
22
19
17
23
21
20
19
18
16
17
17
15
11
15
12
16
16
15
16
12
14
11
11
9
9
11
12
14
15
7
13
12
11
8
10
15
22
18
13
13
11
9
7
9
9
9
9
13
13
10
9
11
11
15
12
9
11
13
7
9
7
9
11
6
10
11
12
14
10
10
13
14
9
11
11
11
13
13
15
10
12
11
11
8
7
6
3
4
2
2
2
3
5
4
1
-1
-6
-5
-5
-3
-1
7
15
13
8
8
7
8
8
9
10
10
10
9
7
6
10
11
6
7
8
9
9
6
3
4
1
1
2
4
3
4
6
4
3
2
4
2
3
1
2
4
7
5
4
4
4
4
7
9
9
3
8
8
-3
-2
4
4
3
2
1
0
0
4
3
3
4
4
4
3
1
6
7
3
4
4
3
4
0
3
4
5
6
7
9
8
6
6
6
8
9
7
11
9
9
0
2
8
9
9
10
12
12
14
13
13
13
11
13
19
16
10
11
10
11
15
14
12
14
16
15
15
16
14
14
13
11
12
13
11
12
10
8
8
11
11
12
11
12
14
11
15
14
11
11
16
21
19
18
16
18
17
15
17
17
17
24
22
27
28
19
15
11
11
8
12
11
12
16
13
9
10
11
11
16
14
13
13
12
12
15
12
13
18
17
18
20
22
21
20
18
16
17
18
16
18
18
19
19
21
21
15
17
18
17
15
12
13
12
16
16
10
6
7
13
14
13
11
11
15
13
13
11
10
11
11
11
13
10
12
13
9
9
10
10
9
10
9
13
12
8
9
4
4
1
3
6
5
4
4
4
4
2
-1
0
2
8
11
13
5
1
4
1
-1
-5
-2
-1
-2
1
-1
-4
0
0
-1
-1
1
-2
-5
-3
-3
-1
-4
-2
-6
-6
-6
-4
-4
1
-2
-5
-3
-2
0
-3
-4
-4
-4
-3
-4
-2
-2
-2
-1
-3
-2
-10
-11
-10
-12
-12
-11
-6
-9
-11
-8
-17
-18
-16
-18
-13
-5
-2
1
-6
-8
-3
-1
-4
2
4
2
-2
-1
-1
-3
1
0
-1
0
-1
-1
0
-1
-6
-8
-8
-6
-9
-9
-6
-7
-5
-5
-7
-9
-10
-9
-10
-7
-8
-9
-6
-7
-8
-13
-10
-4
-5
-5
-6
-6
-6
0
-9
-14
-10
-8
-6
-11
-10
-8
-10
-10
-11
-8
-10
-8
-6
-8
-5
-8
-7
-8
-7
-5
-7
-8
-7
-8
-5
-5
-1
0
-1
-4
-4
-1
-5
0
-1
-2
-3
-7
-5
-5
-1
-1
-2
-4
-2
2
-1
2
4
3
3
4
-2
-1
4
1
2
0
1
1
3
4
1
2
1
1
-2
0
2
-1
0
-2
-1
-1
-1
0
-3
0
-3
-2
2
0
-1
-1
2
2
3
0
5
3
9
9
8
11
8
9
6
9
11
9
17
21
18
21
18
9
10
11
9
5
6
7
10
15
9
6
7
10
13
12
13
11
10
10
9
8
10
12
14
14
16
14
17
16
17
16
13
13
13
14
12
15
14
14
15
13
8
10
13
12
13
7
4
6
12
15
10
8
9
10
10
11
8
11
9
7
7
5
4
4
4
6
6
5
3
2
1
0
6
7
3
5
3
4
2
1
1
-1
-2
0
2
1
1
3
1
1
3
-3
-2
3
9
5
0
3
2
-1
1
-4
-3
-2
-5
0
0
-3
-5
1
2
2
0
1
-1
-3
-4
-6
-4
-1
-3
-3
-4
-3
-2
1
3
1
1
-1
1
-1
1
3
0
0
2
1
1
0
-4
-2
-5
-5
-5
-6
-5
-11
-10
-10
-11
-8
-13
-8
-17
-28
-15
-11
-7
-5
-3
-5
-5
-9
-5
-1
-6
-4
-2
1
-3
-6
-5
-8
-11
-8
-5
-3
-10
-9
-6
-10
-10
-11
-12
-12
-12
-14
-11
-14
-12
-11
-11
-9
-13
-11
-14
-11
-10
-14
-8
-7
-14
-9
-10
-5
-5
-11
-11
-11
-13
-9
-6
-19
-19
-12
-8
-11
-16
-13
-10
-11
-14
-12
-11
-14
-9
-12
-12
-9
-7
-9
-12
-10
-11
-14
-12
-9
-12
-8
-10
-7
-6
-5
-10
-10
-7
-8
-3
-5
-4
-9
-14
-12
-6
-8
-8
-10
-7
-5
-6
-7
-6
-3
-5
-10
-7
-7
-10
-10
-10
-8
-11
-9
-8
-5
-4
-7
-7
-11
-10
-7
-6
-9
-12
-9
-7
-9
-11
-10
-13
-11
-6
-6
-8
-10
-8
-8
-8
-8
-7
-7
-5
-8
-2
0
-2
-1
-3
-2
-1
-4
-5
-3
-1
8
6
5
-1
-3
-5
-8
-7
-8
-7
-6
-6
-6
-7
-9
-7
-6
-6
-4
-5
-5
-5
-3
-6
-2
-6
-4
-4
-2
0
-5
1
1
0
-4
-4
-3
-3
-4
-2
-4
-4
-3
-5
-5
-9
-10
-10
-11
-10
-12
-16
-11
-13
-19
-13
-14
-16
-8
-7
-12
-13
-14
-14
-13
-13
-15
-18
-17
-16
-19
-19
-22
-20
-22
-23
-25
-24
-21
-25
-22
-23
-22
-24
-25
-28
-28
-28
-32
-28
-28
-29
-26
-28
-31
-31
-32
-28
-25
-23
-27
-29
-25
-26
-26
-31
-28
-27
-32
-33
-28
-29
-24
-26
-22
-22
-27
-25
-25
-24
-25
-26
-26
-23
-27
-28
-28
-28
-29
-26
-27
-26
-24
-25
-24
-25
-24
-21
-19
-21
-20
-19
-21
-19
-17
-19
-17
-18
-17
-20
-19
-18
-19
-19
-19
-20
-15
-17
-16
-19
-25
-26
-25
-18
-14
-9
-6
-8
-11
-13
-12
-9
-7
-6
-2
-3
-3
-4
-5
-4
-3
-1
-2
0
1
3
1
-1
-3
-3
0
-3
-2
0
4
5
4
2
4
4
4
4
3
2
0
5
4
2
2
2
6
6
6
5
7
8
7
6
3
3
6
7
4
2
4
4
1
3
5
5
6
5
7
6
7
6
6
6
6
9
4
0
5
3
5
8
8
8
10
6
8
12
10
9
13
11
12
11
12
5
0
6
13
12
9
14
15
15
17
19
15
15
10
13
9
8
10
13
15
14
18
19
16
17
20
18
20
22
22
20
20
23
21
22
23
22
21
19
19
19
20
18
20
20
19
23
23
24
22
21
27
28
25
27
26
26
25
25
27
25
34
34
35
36
34
30
26
28
25
24
23
28
28
25
24
25
26
27
28
25
27
24
25
25
25
29
26
33
30
30
29
30
31
29
31
30
30
30
32
34
30
30
34
31
28
26
25
30
30
26
22
23
23
26
25
24
21
22
25
24
25
20
22
23
24
21
22
21
19
24
19
21
20
21
20
17
18
14
17
18
18
19
21
22
18
15
16
15
16
16
19
15
17
18
15
15
15
16
19
17
15
20
19
17
13
13
12
7
10
10
10
13
14
11
11
14
15
13
12
12
6
10
8
11
10
11
12
9
9
11
10
11
9
10
7
8
11
8
14
10
13
9
10
10
10
10
7
7
7
5
2
2
5
3
1
5
5
5
5
7
-3
1
-1
-4
2
7
15
15
13
10
13
12
15
12
14
15
14
14
12
15
16
15
18
18
18
16
19
17
16
16
14
14
11
13
13
13
14
15
15
14
13
14
16
10
11
11
16
15
12
11
11
17
17
16
15
13
20
21
13
5
12
17
11
14
13
13
14
14
14
11
13
12
14
16
14
16
17
16
16
14
16
13
11
12
11
16
14
16
16
15
15
14
15
15
18
22
17
18
14
10
11
17
16
17
18
16
15
19
19
20
18
13
15
17
12
9
11
12
15
14
16
17
17
17
15
13
14
16
18
16
14
13
15
12
14
15
12
14
12
14
14
17
15
14
17
19
20
19
17
16
24
28
24
22
21
21
18
17
21
20
29
28
29
31
25
24
19
20
17
19
16
18
22
19
17
17
19
19
22
19
22
19
19
19
17
18
18
17
21
22
22
21
23
23
24
23
22
19
22
20
20
25
21
22
22
21
24
22
20
17
20
19
18
20
20
18
12
15
18
18
18
18
19
20
21
21
19
23
21
17
20
18
18
20
20
15
14
15
17
18
16
17
19
19
17
17
13
11
9
9
12
10
12
8
9
9
8
10
8
11
9
11
10
9
7
4
6
1
1
-1
1
4
6
3
1
5
5
4
4
2
-1
-3
-4
-4
0
-1
-1
-3
-4
-3
0
-1
-2
-1
-2
-4
-2
-2
-3
-4
-4
-5
-2
-3
-5
-2
-6
-7
-6
-4
-4
-7
-10
-10
-9
-10
-10
-8
-11
-10
-17
-18
-11
-16
-18
-12
-4
-3
-2
-7
-4
-3
-7
-3
-3
0
-1
-5
-5
-9
-10
-5
-4
-5
-5
-7
-8
-6
-10
-10
-8
-7
-14
-12
-9
-10
-8
-5
-3
-7
-6
-10
-8
-7
-8
-8
-6
-3
-10
-9
-8
-3
-3
-6
-3
-4
-4
2
-6
-15
-7
-4
-4
-7
-10
-6
-5
-4
-6
-6
-6
-6
-5
-2
-2
-4
-1
-2
-4
-6
-6
-7
-7
-7
-6
-9
-4
-2
-4
-4
-6
-3
-6
-3
-5
-3
-5
-4
-7
-11
-8
-9
-5
-7
-4
-5
-5
-8
-5
-1
-4
-2
-4
-4
-6
-8
-6
-8
-3
-3
-6
-2
-1
-3
-2
-2
-5
-6
-4
-3
-8
-9
-6
-11
-9
-6
-6
-6
-5
-4
-5
-6
-9
-7
-7
-5
-6
-7
-9
-7
-1
-3
-2
-3
-1
-2
-4
-1
1
-3
1
7
3
6
8
2
-4
-2
-2
-8
-5
-6
-1
-3
-3
-4
-5
-1
1
2
1
-2
-4
-3
-4
-4
-2
0
2
3
5
3
6
8
5
3
4
4
6
6
4
8
5
2
2
5
5
3
7
5
5
-1
1
2
4
6
3
-4
0
9
6
4
2
8
4
4
3
5
5
7
6
6
5
4
3
2
3
0
6
2
7
4
2
5
3
3
1
-1
0
0
0
1
2
0
-2
-1
-2
-3
0
6
4
1
0
2
-2
-5
-3
-6
-11
-14
-4
-6
-5
-4
-6
-5
-3
-2
-5
-5
-8
-4
-6
-9
-6
-6
-7
-9
-10
-8
-8
-6
-5
-4
-5
-5
-5
-4
-5
-7
-8
-7
-6
-8
-6
-8
-10
-12
-12
-10
-16
-17
-15
-16
-16
-18
-12
-13
-14
-11
-16
-25
-19
-22
-18
-14
-7
-6
-6
-8
-8
-5
-8
-4
-8
-4
-3
-8
-5
-8
-5
-3
-4
-5
-6
-7
-7
-6
-6
-9
-8
-10
-12
-12
-10
-9
-9
-9
-7
-8
-10
-8
-9
-8
-8
-11
-5
-1
-8
-11
-6
-5
-7
-5
-5
-4
-8
-2
-1
-11
-10
-5
-6
-11
-9
-9
-7
-7
-9
-7
-7
-8
-6
-8
-5
-3
-2
-1
-4
-3
-7
-10
-8
-9
-8
-6
-4
-2
-3
-1
-6
-3
-4
-3
-2
-3
-1
-1
-3
-8
-5
0
0
2
-1
1
2
3
7
6
2
4
1
3
2
-5
-1
-2
1
4
2
0
2
0
2
1
1
3
0
1
0
0
0
-1
-1
-3
-3
-2
-1
-4
-2
-2
-3
-2
-3
0
-1
-5
3
4
4
6
7
9
5
6
6
5
6
6
9
12
11
16
18
12
6
4
5
3
1
3
9
8
6
5
4
7
9
8
13
10
11
11
10
8
11
13
13
15
16
14
16
18
19
19
16
17
17
17
17
18
20
16
20
17
13
15
15
14
11
11
14
13
17
11
17
14
10
16
17
18
18
17
18
16
17
19
20
22
18
17
18
20
18
19
16
16
18
17
18
19
20
20
18
20
20
16
16
11
16
18
13
16
13
14
17
17
12
15
16
15
18
18
12
13
10
8
10
6
5
7
12
12
7
7
11
9
10
8
8
6
4
2
4
4
3
1
0
1
4
7
8
9
8
7
6
6
6
5
6
4
3
6
4
4
2
1
-5
2
1
-4
-3
-2
1
1
-1
-1
-2
-2
-2
-7
-9
-12
-11
-6
7
10
6
4
3
4
2
2
7
10
7
4
3
2
0
4
3
7
6
2
3
4
3
0
-2
-4
0
-4
-3
0
3
0
0
1
0
-1
-3
-1
-1
-5
-1
2
0
-3
-5
1
4
5
3
6
2
1
3
-4
-1
2
3
-2
-3
-2
-2
-1
-2
-1
-2
0
0
1
0
0
1
-1
-2
-2
0
1
-2
-3
-1
0
3
3
4
2
3
2
2
5
4
3
2
6
5
1
-5
0
-4
0
-1
0
5
2
3
2
6
5
-2
-1
5
1
-1
-2
1
2
0
1
-1
0
-2
0
-2
-4
0
0
0
-4
-5
-5
-3
-3
-5
-6
-4
-4
-5
-6
-5
-5
-3
-2
-2
-4
-6
0
-1
4
3
1
3
0
-1
0
4
5
3
14
14
12
13
3
2
-3
0
4
2
0
5
8
5
2
0
3
6
7
11
6
5
7
2
6
5
4
8
11
11
9
13
15
10
9
12
10
13
12
10
10
10
10
11
15
10
8
12
11
10
8
8
6
8
9
9
6
7
12
13
11
12
12
12
15
11
12
14
14
14
13
13
11
12
10
12
8
11
14
12
14
13
15
14
11
13
7
9
10
6
7
4
8
5
5
6
3
0
-1
10
12
11
6
4
5
2
-7
-4
-3
-6
-2
1
3
0
1
2
-5
-2
-2
-4
-5
-4
-5
-1
-1
-1
-3
-6
-3
-5
-3
-2
-2
-4
-4
-4
-3
-5
-6
-6
-7
-4
-6
-6
-5
-7
-7
-9
-7
-8
-12
-14
-13
-14
-11
-12
-13
-13
-15
-10
-23
-26
-22
-25
-19
-15
-8
-10
-13
-11
-15
-8
-11
-15
-11
-12
-10
-15
-16
-16
-14
-12
-14
-11
-12
-11
-13
-13
-17
-19
-18
-17
-19
-17
-15
-17
-15
-15
-14
-14
-14
-15
-15
-16
-14
-15
-10
-13
-11
-12
-13
-7
-10
-6
-5
-11
-7
-3
-11
-15
-9
-5
-9
-10
-11
-9
-8
-8
-7
-8
-6
-9
-8
-7
-9
-8
-7
-4
-7
-6
-7
-8
-8
-9
-11
-9
-9
-9
-7
-10
-12
-6
-9
-8
-9
-7
-11
-12
-9
-11
-7
-3
-5
-6
-4
-7
-6
-1
-4
-4
0
-5
-9
-6
-9
-5
-6
-5
-4
-5
-3
-2
-5
-5
-7
-10
-6
-2
-5
-5
-5
-5
-8
-7
-5
-3
-4
-3
-5
-6
-4
-7
-6
-8
-3
-3
-3
-6
-4
0
4
3
-1
2
1
-1
-3
-1
1
0
6
14
7
7
7
-1
-2
0
1
1
-1
1
1
2
0
-3
-2
0
3
4
2
3
3
0
-1
1
0
1
2
2
4
5
9
8
5
5
5
6
6
5
9
9
6
7
6
5
6
4
6
7
8
4
1
-3
1
3
2
1
4
5
8
4
4
6
5
8
3
7
8
7
6
6
5
5
11
6
6
5
6
8
8
10
9
11
9
5
5
5
3
5
7
4
4
5
5
1
4
-1
-3
5
10
7
4
3
-3
-4
-3
-7
-6
-9
-5
-2
-5
-4
-3
-2
-4
-1
-6
-8
-9
-9
-10
-10
-12
-11
-8
-11
-10
-10
-8
-10
-9
-7
-8
-8
-10
-8
-7
-7
-9
-8
-6
-7
-6
-7
-10
-11
-11
-11
-16
-16
-14
-13
-18
-15
-17
-16
-18
-18
-23
-32
-29
-31
-25
-18
-11
-10
-14
-14
-15
-16
-19
-15
-12
-14
-15
-15
-15
-19
-18
-17
-13
-12
-15
-16
-15
-16
-17
-15
-19
-19
-18
-22
-17
-15
-15
-14
-15
-13
-14
-18
-17
-18
-16
-15
-11
-9
-10
-10
-13
-9
-9
-10
-1
-9
-12
-5
-7
-16
-16
-11
-11
-12
-10
-11
-11
-10
-12
-11
-9
-8
-10
-6
-7
-7
-4
-6
-7
-6
-8
-7
-6
-8
-7
-6
-3
0
-1
0
-2
-2
0
-1
-1
2
-1
-1
-6
-11
-5
-3
1
0
-1
2
-1
0
5
5
1
-2
-1
0
-2
-2
-2
-2
-3
-2
-1
1
-2
1
1
-3
0
-2
-1
1
-1
-1
0
-2
-4
-2
-2
-2
-2
-1
1
-1
2
1
1
3
5
1
1
5
5
11
8
5
9
7
4
5
6
5
10
19
16
19
14
7
4
5
6
5
5
4
5
5
8
4
4
3
6
9
8
7
8
7
7
7
10
9
10
11
12
11
13
13
9
9
10
12
9
12
12
16
13
13
12
10
9
8
10
7
9
8
8
5
6
12
13
2
3
7
10
10
11
14
12
13
14
11
16
20
21
29
28
35
38
42
43
45
48
49
51
51
51
47
45
41
36
30
25
22
18
20
14
11
6
3
4
1
-2
0
7
3
-1
-1
-4
-1
-5
-8
-13
-11
-8
-9
-6
-5
-4
2
6
8
14
19
26
27
35
38
44
41
47
47
48
49
41
43
36
35
28
22
21
16
15
9
6
8
2
-1
-5
-6
-8
-10
-14
-18
-19
-23
-23
-24
-22
-23
-24
-24
-24
-22
-20
-21
-15
-13
-9
11
19
23
26
31
38
44
46
51
54
59
60
56
58
56
59
62
64
59
62
59
60
53
54
50
46
44
50
40
49
52
52
57
60
68
69
74
83
87
97
102
101
113
109
112
115
116
122
116
107
117
101
113
113
103
103
106
109
113
104
120
118
127
126
132
134
133
133
134
126
116
122
96
101
80
71
64
50
45
24
23
4
6
-17
-19
-34
-46
-54
-81
-70
-118
-111
-159
-157
-209
-213
-261
-277
-305
-328
-344
-367
-368
-395
-393
-403
-407
-419
-413
-418
-413
-409
-405
-393
-371
-354
-322
-306
-249
-218
-160
-115
-45
19
82
152
218
288
354
413
475
529
577
623
663
697
723
751
768
788
796
810
813
814
810
803
800
778
752
720
685
643
594
526
461
388
313
219
118
37
-76
-190
-301
-402
-513
-614
-723
-808
-912
-996
-1101
-1187
-1268
-1352
-1437
-1518
-1593
-1677
-1738
-1828
-1869
-1940
-1969
-1969
-1900
-1834
-1715
-1577
-1338
-1101
-836
-551
-271
65
358
608
837
1078
1261
1398
1460
1531
1559
1548
1503
1405
1336
1266
1158
1051
947
888
807
703
612
552
482
399
280
170
76
-48
-178
-346
-474
-578
-691
-776
-851
-854
-806
-753
-620
-442
-210
54
303
595
868
1157
1408
1598
1766
1924
1990
2029
1997
1947
1868
1720
1572
1367
1187
1021
800
590
387
204
34
-191
-382
-550
-758
-944
-1189
-1405
-1613
-1851
-2102
-2378
-2612
-2849
-3099
-3361
-3508
-3667
-3719
-3685
-3627
-3402
-3171
-2780
-2375
-1911
-1368
-861
-294
199
699
1074
1491
1750
2012
2149
2239
2342
2306
2308
2208
2150
2069
1950
1855
1738
1660
1573
1494
1380
1312
1209
1077
915
710
521
254
-6
-313
-627
-904
-1194
-1455
-1678
-1851
-1952
-2009
-2024
-1942
-1813
-1602
-1388
-1069
-784
-427
-17
355
722
1065
1496
1763
2057
2274
2502
2617
2735
2764
2724
2733
2638
2527
2321
2207
2027
1782
1566
1316
1115
826
566
281
26
-278
-550
-848
-1153
-1406
-1704
-1945
-2259
-2458
-2719
-2973
-3194
-3396
-3577
-3734
-3862
-3961
-4008
-3969
-3762
-3598
-3296
-2926
-2440
-1878
-1356
-724
-141
525
1106
1634
2056
2531
2879
3129
3267
3360
3486
3418
3369
3240
3128
3031
2864
2718
2552
2451
2344
2202
2043
1950
1823
1672
1479
1238
1044
757
484
137
-227
-541
-861
-1187
-1481
-1704
-1839
-1947
-2001
-1952
-1836
-1601
-1387
-1038
-698
-285
220
616
1056
1470
1959
2284
2583
2849
3089
3199
3285
3307
3187
3202
3001
2840
2571
2366
2158
1808
1548
1258
989
696
376
79
-192
-494
-766
-1021
-1327
-1499
-1749
-1987
-2216
-2441
-2616
-2894
-3098
-3315
-3546
-3755
-3938
-4150
-4222
-4266
-4132
-3870
-3638
-3150
-2666
-1980
-1349
-639
76
740
1469
2095
2650
3072
3569
3785
3998
4034
4076
4044
3861
3756
3526
3406
3228
3030
2838
2605
2434
2221
2008
1750
1544
1248
977
624
257
-82
-504
-855
-1344
-1801
-2172
-2535
-2863
-3132
-3293
-3342
-3332
-3267
-3052
-2786
-2388
-1969
-1498
-936
-403
223
731
1254
1752
2181
2531
2829
3049
3187
3272
3253
3219
3058
2946
2769
2519
2308
2017
1820
1533
1260
986
688
443
127
-155
-450
-661
-914
-1146
-1390
-1542
-1668
-1818
-1965
-2101
-2248
-2378
-2544
-2657
-2761
-2859
-2945
-3075
-3034
-2996
-2657
-2447
-2033
-1561
-995
-276
342
1148
1678
2373
2815
3273
3571
3787
3864
3773
3649
3375
3233
2929
2704
2475
2268
2185
2056
1950
1808
1745
1696
1630
1525
1481
1467
1333
1192
895
666
332
-32
-460
-959
-1387
-1814
-2243
-2616
-2904
-3085
-3140
-3193
-3086
-2876
-2544
-2121
-1693
-1166
-644
-27
515
1039
1461
1939
2263
2537
2736
2827
2925
2865
2810
2628
2486
2297
2081
1805
1550
1313
1061
799
499
252
0
-254
-470
-708
-869
-1040
-1203
-1367
-1501
-1557
-1619
-1748
-1827
-1895
-1933
-1985
-2063
-2089
-2089
-2023
-1893
-1650
-1326
-683
-68
488
964
1325
1672
1752
1957
1945
1986
2092
2203
2168
2171
2209
2061
2038
2012
2339
2622
2863
2967
3019
3117
3156
3129
3021
2852
2742
2556
2304
2064
1886
1640
1355
958
582
192
-261
-705
-1295
-1790
-2241
-2682
-3054
-3421
-3622
-3710
-3767
-3741
-3578
-3267
-2822
-2428
-1868
-1341
-704
-66
454
985
1416
1923
2157
2441
2519
2663
2584
2546
2361
2153
2001
1680
1472
1092
859
588
316
64
-207
-367
-514
-645
-705
-760
-810
-834
-894
-996
-1027
-1122
-1229
-1422
-1675
-1857
-2007
-2058
-2094
-2083
-2040
-1991
-1955
-1679
-1486
-1389
-1251
-1338
-883
-604
-427
-501
-566
-329
-11
470
1133
1986
2518
3206
3568
4101
4305
4277
4217
3907
3799
3486
3269
2954
2657
2435
2237
1994
1697
1515
1217
1003
611
221
-144
-607
-1030
-1647
-2188
-2681
-3146
-3587
-3993
-4317
-4419
-4447
-4414
-4236
-3937
-3472
-2928
-2437
-1832
-1165
-492
126
576
1106
1491
1846
2063
2192
2219
2266
2149
1998
1830
1595
1462
1130
935
646
481
270
103
-89
-187
-304
-323
-296
-366
-273
-237
-26
9
-8
-97
-151
-267
-417
-616
-792
-897
-1128
-1228
-1450
-1767
-2142
-2361
-2781
-3035
-3277
-3421
-3576
-3250
-2402
-1663
-765
-171
547
942
1525
1755
2011
2025
2033
2163
1931
1978
1746
1772
1662
1597
1512
1385
1363
1317
1293
1093
1071
919
797
514
155
-145
-570
-1000
-1531
-2086
-2580
-3039
-3502
-3889
-4238
-4411
-4475
-4495
-4333
-4055
-3550
-3106
-2559
-1909
-1219
-552
44
692
1126
1611
1922
2232
2349
2426
2443
2314
2255
2024
1881
1563
1340
1088
839
618
378
323
180
108
38
156
234
311
364
473
590
534
432
227
69
-117
-242
-353
-325
-280
-110
-47
-72
-432
-1100
-1740
-2325
-2735
-2826
-2884
-2764
-2320
-1953
-1322
-866
-287
278
1008
1636
2088
2313
2243
2410
2249
2222
1976
1857
1724
1525
1382
1142
1052
952
1004
832
801
666
612
401
81
-177
-562
-984
-1530
-2089
-2625
-3102
-3590
-3980
-4371
-4565
-4592
-4608
-4482
-4140
-3651
-3184
-2616
-1939
-1188
-573
118
743
1230
1708
2040
2345
2487
2575
2549
2483
2332
2205
2009
1732
1510
1294
1138
870
765
743
740
688
769
941
1104
1313
1423
1640
1658
1636
1454
1248
975
694
408
101
24
-160
-460
-1363
-2297
-3424
-4455
-4981
-5286
-5205
-5201
-4513
-3799
-2450
-1291
-340
591
1360
2064
2245
2614
2502
2657
2564
2416
2248
1942
1905
1593
1508
1230
1183
1085
1127
1119
1057
1123
981
1009
775
606
285
-44
-488
-1005
-1569
-2089
-2610
-3145
-3571
-4042
-4240
-4403
-4388
-4213
-3864
-3438
-2936
-2288
-1650
-960
-365
336
864
1383
1830
2143
2450
2587
2689
2622
2573
2442
2302
2055
1814
1665
1507
1415
1310
1362
1434
1539
1692
1840
1967
2088
2159
2186
2131
1975
1674
1312
768
298
-142
-332
-421
-609
-1139
-2058
-3129
-4646
-5638
-6566
-6712
-6676
-5965
-5002
-3972
-2465
-1371
-354
120
857
1295
1731
1912
1994
2275
2090
2175
1919
1931
1771
1625
1555
1352
1385
1319
1432
1241
1330
1231
1244
1053
843
685
335
-10
-537
-1019
-1581
-2099
-2687
-3170
-3711
-4071
-4285
-4493
-4438
-4332
-3898
-3581
-3005
-2398
-1702
-1052
-417
316
816
1419
1767
2214
2406
2561
2622
2547
2494
2256
2109
1780
1568
1349
1180
1062
934
1034
1066
1234
1367
1598
1741
1973
2028
2100
1937
1696
1222
681
155
-420
-842
-1243
-1707
-2325
-3222
-4543
-6015
-7150
-7510
-7056
-6028
-4971
-3562
-2473
-1575
-1303
-924
-599
-373
-103
-117
27
16
-71
-171
-320
-210
-304
-242
-327
-259
-224
-37
116
201
452
555
815
804
855
798
675
407
22
-438
-914
-1482
-2040
-2594
-3154
-3518
-3827
-3986
-3971
-3803
-3511
-3099
-2521
-1900
-1182
-558
225
846
1520
2027
2485
2909
3146
3337
3368
3381
3282
3170
2935
2722
2521
2347
2227
2085
2062
2088
2099
2094
2090
2067
2037
1829
1600
1309
891
488
-56
-516
-1065
-1601
-2051
-2214
-2267
-3054
-3919
-5282
-6019
-6652
-6248
-5597
-4945
-4078
-3610
-2684
-2224
-1382
-901
-273
168
399
921
958
1169
1075
1168
1207
1044
1094
839
853
765
906
869
1030
1097
1222
1277
1211
1228
1085
917
583
209
-251
-746
-1339
-1855
-2461
-2960
-3331
-3687
-3738
-3837
-3589
-3257
-2849
-2249
-1611
-816
-178
614
1303
1990
2502
3006
3424
3626
3867
3846
3896
3755
3589
3390
3102
2882
2632
2463
2249
2144
1976
1870
1779
1766
1884
1777
1777
1586
1470
1246
973
694
393
239
6
3
-713
-1314
-2341
-3401
-4587
-5676
-6013
-6328
-5680
-5013
-3811
-2586
-1241
-75
880
1739
2079
2680
2714
2688
2527
2259
2173
1764
1637
1333
1194
1013
1030
944
955
1004
1042
1189
1037
1098
1013
864
582
229
-174
-665
-1290
-1842
-2443
-3101
-3557
-4062
-4317
-4486
-4533
-4274
-4008
-3506
-2936
-2234
-1569
-817
-84
627
1205
1733
2269
2520
2765
2850
2833
2748
2491
2281
1962
1606
1304
1051
812
697
625
643
637
662
770
761
643
493
217
-81
-476
-821
-1009
-1197
-1197
-1540
-1845
-2632
-3367
-4511
-5209
-5791
-6004
-5669
-5436
-4808
-4055
-2879
-2058
-990
-131
589
1315
1593
1801
1681
1693
1582
1342
1169
828
728
535
533
423
526
584
756
894
971
1087
1130
1103
958
745
484
91
-396
-915
-1495
-2039
-2588
-3115
-3433
-3692
-3796
-3758
-3484
-3030
-2552
-1908
-1236
-430
274
1041
1682
2298
2786
3126
3412
3487
3520
3371
3152
2842
2499
2117
1692
1296
1015
741
611
521
588
505
573
443
332
159
-170
-473
-1045
-1456
-1786
-2285
-2730
-3289
-3866
-4488
-5422
-5860
-6319
-6005
-5605
-4660
-4063
-3236
-2517
-1718
-833
-292
454
903
1254
1481
1498
1560
1389
1272
1108
906
771
688
580
440
476
437
621
579
692
795
826
813
740
626
524
158
-141
-587
-1030
-1496
-1988
-2453
-2792
-3137
-3254
-3336
-3148
-2852
-2401
-1883
-1228
-503
219
973
1602
2344
2787
3265
3532
3738
3788
3670
3494
3165
2807
2362
1910
1541
1170
967
760
720
701
696
685
583
597
377
204
-302
-603
-1064
-1723
-2029
-2638
-2916
-3923
-4613
-5407
-6003
-6217
-6140
-5703
-5222
-4242
-3581
-2615
-1898
-1025
-111
447
1024
1335
1686
1864
1867
1988
1900
1848
1716
1642
1433
1293
1111
1075
1014
920
943
920
868
830
727
678
504
274
48
-324
-626
-1015
-1400
-1765
-2114
-2357
-2489
-2563
-2480
-2218
-1899
-1487
-992
-374
257
804
1453
1995
2472
2855
3123
3319
3350
3268
3114
2877
2530
2174
1779
1399
1080
794
704
431
418
211
29
-190
-498
-740
-1088
-1028
-1396
-1450
-1653
-1492
-1597
-1990
-2198
-2933
-3057
-3516
-3464
-3461
-3258
-2883
-2519
-1967
-1602
-842
-276
246
740
1061
1462
1543
1734
1779
1776
1770
1678
1638
1461
1336
1173
1097
963
855
827
675
551
415
300
166
-96
-270
-551
-805
-1117
-1400
-1662
-1911
-2103
-2201
-2234
-2204
-1985
-1756
-1437
-1037
-542
-49
423
962
1442
1850
2182
2515
2696
2814
2779
2722
2586
2357
2079
1816
1529
1248
1034
908
775
758
669
619
415
272
-81
-253
-546
-1163
-1497
-2054
-2131
-2824
-3160
-3683
-3542
-3625
-3717
-3424
-3335
-2775
-2480
-1850
-1396
-751
-70
385
764
1058
1389
1600
1663
1862
1823
1880
1825
1801
1688
1560
1415
1287
1178
1003
931
844
649
519
339
229
-44
-273
-538
-851
-1128
-1443
-1673
-1927
-2160
-2276
-2316
-2309
-2163
-1940
-1604
-1309
-800
-384
164
579
1103
1439
1804
2090
2281
2415
2343
2300
2124
1898
1563
1305
977
619
318
158
-28
-55
-226
-190
-384
-389
-676
-472
-619
-822
-899
-1257
-1353
-1871
-1736
-2344
-2504
-3136
-3069
-3029
-2933
-2647
-2464
-2044
-1844
-1439
-987
-688
-212
214
717
1029
1328
1707
1778
1998
2057
2196
2185
2151
2067
2006
1900
1766
1696
1532
1259
1095
857
697
314
134
-228
-498
-830
-1080
-1341
-1492
-1743
-1769
-1766
-1724
-1532
-1344
-966
-739
-266
54
523
882
1265
1509
1767
1998
2074
2118
2038
1908
1762
1427
1211
905
645
313
87
-62
-178
-322
-414
-514
-585
-727
-646
-752
-1028
-1077
-1252
-1236
-1942
-2158
-2988
-3299
-3693
-3616
-3482
-3078
-2551
-2058
-1443
-941
-202
448
924
1197
1489
1812
2021
2109
2375
2325
2424
2322
2371
2265
2167
2045
1964
1827
1705
1641
1532
1263
1124
884
762
346
164
-193
-489
-840
-1103
-1333
-1556
-1781
-1802
-1820
-1798
-1631
-1381
-1023
-778
-271
101
592
931
1379
1621
1876
2042
2142
2143
1970
1833
1582
1239
864
525
123
-346
-689
-954
-1183
-1441
-1590
-1711
-1819
-1784
-1544
-1672
-1561
-1639
-1325
-1453
-1386
-1348
-1610
-1863
-2187
-1953
-2078
-1876
-1973
-1457
-1252
-1003
-593
-337
-125
95
419
806
957
1323
1592
1812
1978
2099
2229
2187
2148
2087
2056
1868
1779
1715
1479
1267
1029
887
610
267
63
-281
-523
-863
-1024
-1239
-1344
-1550
-1483
-1455
-1274
-1128
-819
-473
-117
256
659
1101
1438
1751
1913
2198
2267
2322
2194
2109
1899
1636
1263
994
640
276
-120
-389
-581
-872
-1098
-1349
-1534
-1717
-1684
-2159
-2129
-2314
-2020
-2335
-2430
-2556
-2817
-2931
-3069
-2683
-2651
-2438
-2370
-1771
-1464
-1067
-603
-164
195
528
796
1179
1335
1683
1794
1948
2135
2255
2354
2304
2289
2259
2192
2015
1926
1873
1602
1387
1117
963
633
275
-2
-376
-639
-1021
-1212
-1438
-1611
-1677
-1697
-1632
-1465
-1189
-897
-619
-124
229
668
1000
1443
1688
1884
2010
2130
2102
1918
1736
1529
1145
822
389
151
-381
-643
-941
-1143
-1362
-1567
-1624
-1766
-1371
-1564
-1152
-1138
-625
-770
-887
-1063
-1613
-2180
-3064
-3175
-3313
-2928
-2761
-2277
-1808
-1396
-849
-392
24
514
913
1441
1674
2031
2257
2355
2559
2567
2734
2664
2644
2575
2514
2381
2190
2145
1881
1696
1375
1179
883
516
227
-185
-446
-825
-1028
-1330
-1499
-1625
-1582
-1619
-1463
-1217
-922
-641
-259
186
538
921
1238
1565
1706
1852
1907
1883
1721
1505
1296
890
569
163
-166
-649
-968
-1190
-1499
-1645
-1892
-1888
-1992
-1637
-1847
-1393
-1344
-867
-1045
-1108
-1369
-1950
-2260
-2789
-2561
-2718
-2275
-2338
-1748
-1575
-1132
-680
-169
239
734
1065
1428
1564
1827
1936
1982
2122
2103
2256
2204
2249
2252
2247
2146
2075
2036
1776
1582
1280
1071
750
371
99
-335
-565
-977
-1101
-1363
-1482
-1558
-1449
-1399
-1224
-917
-580
-274
132
541
945
1261
1574
1787
1924
1982
1966
1836
1604
1303
986
513
115
-385
-789
-1367
-1684
-2002
-2286
-2437
-2626
-2520
-2329
-2369
-2164
-1749
-1232
-946
-788
-413
-601
-671
-1167
-1232
-1647
-1666
-2080
-2023
-2000
-1845
-1303
-959
-471
34
527
935
1141
1531
1800
1902
2133
2244
2469
2465
2585
2590
2649
2481
2444
2373
2120
1876
1617
1372
1059
646
394
-79
-332
-710
-921
-1160
-1340
-1398
-1353
-1278
-1143
-816
-497
-171
217
661
1044
1404
1719
1976
2091
2209
2174
2078
1832
1555
1224
766
320
-170
-624
-1185
-1603
-1905
-2282
-2461
-2756
-2512
-2488
-2544
-2293
-2020
-1461
-1557
-1034
-992
-875
-1238
-1463
-1666
-1920
-1709
-1805
-1360
-1274
-819
-346
-6
403
818
1179
1506
1644
2082
2134
2295
2381
2577
2640
2629
2692
2659
2644
2409
2388
2178
1862
1596
1276
1033
599
306
-35
-424
-671
-945
-1100
-1321
-1403
-1329
-1271
-1152
-925
-547
-270
58
493
841
1225
1477
1814
1897
2052
2072
2013
1806
1573
1240
884
330
-42
-594
-1087
-1649
-2043
-2438
-2852
-3128
-3228
-2953
-3291
-2917
-2786
-2065
-2007
-1484
-1082
-895
-828
-1052
-1010
-1379
-1291
-1484
-1139
-1042
-724
-377
-196
-6
349
693
1052
1186
1651
1833
1984
2176
2351
2531
2547
2651
2706
2744
2620
2606
2512
2223
1986
1672
1416
974
621
305
-164
-442
-778
-925
-1204
-1313
-1294
-1165
-1086
-835
-437
-99
244
656
1072
1420
1704
1984
2083
2201
2195
2105
1896
1615
1275
875
351
-74
-612
-1070
-1663
-1966
-2432
-2661
-3048
-2805
-2912
-2962
-2642
-2395
-1748
-1928
-1206
-1326
-905
-1248
-1104
-1265
-1257
-1246
-1204
-945
-1005
-610
-289
-31
280
587
953
1231
1492
2060
2177
2549
2652
2967
2987
3030
3028
3009
2873
2683
2581
2262
1925
1670
1327
1047
519
305
-170
-490
-816
-1001
-1202
-1361
-1369
-1276
-1142
-968
-612
-281
112
464
902
1215
1584
1823
2028
2020
2102
2006
1814
1458
1135
707
195
-414
-944
-1446
-2048
-2526
-2981
-3213
-3634
-3376
-3573
-3472
-3256
-2871
-2397
-2401
-1620
-1578
-1060
-1329
-1068
-1282
-1244
-1350
-1310
-1026
-1035
-530
-153
241
624
1005
1353
1383
1421
1671
1624
1878
1882
2187
2231
2407
2534
2669
2635
2580
2633
2402
2131
1871
1592
1272
739
498
18
-307
-690
-900
-1113
-1261
-1308
-1205
-1092
-867
-503
-172
231
606
1080
1357
1736
1970
2155
2114
2137
2040
1796
1392
1046
563
55
-676
-1126
-1842
-2320
-2993
-3312
-3761
-3833
-3694
-4026
-3640
-3588
-2800
-2832
-2092
-1689
-1115
-828
-597
-281
-395
-370
-719
-627
-911
-927
-778
-625
-391
-55
312
827
1110
1689
1879
2164
2379
2636
2834
2896
2993
3055
3081
2904
2877
2702
2335
2029
1633
1369
835
459
82
-321
-636
-927
-1066
-1219
-1263
-1192
-996
-867
-496
-185
228
517
954
1241
1560
1773
1928
1942
1878
1804
1539
1195
772
295
-217
-956
-1482
-2135
-2626
-3345
-3711
-4178
-4181
-4321
-4504
-4139
-3951
-3283
-3303
-2400
-2125
-1374
-1172
-680
-522
-403
-300
-376
-95
-213
10
162
304
520
793
1026
1205
1379
1786
1877
2305
2538
2903
2988
3151
3197
3221
3140
2949
2879
2591
2271
1977
1624
1306
792
474
10
-345
-629
-928
-1059
-1180
-1196
-1055
-847
-582
-292
193
571
928
1305
1656
1998
2105
2279
2189
2210
1933
1642
1244
776
223
-449
-1084
-1749
-2338
-2943
-3495
-3933
-4007
-4019
-4356
-4061
-3908
-3272
-3254
-2523
-2054
-1462
-1090
-759
-309
-337
-134
-354
-126
-375
-183
-66
61
286
622
886
1090
1159
1573
1606
1925
2142
2569
2801
2987
3222
3356
3406
3234
3264
2988
2651
2283
1932
1579
1073
702
269
-176
-421
-745
-918
-1012
-973
-894
-710
-448
-88
241
661
976
1365
1600
1902
2019
2127
2012
1940
1782
1347
1023
481
11
-717
-1320
-2011
-2586
-3229
-3737
-4207
-4233
-4295
-4609
-4235
-4104
-3430
-3455
-2665
-2378
-1739
-1469
-1063
-744
-696
-507
-732
-509
-756
-501
-335
-180
103
452
724
1043
1288
1866
2014
2474
2739
3116
3212
3285
3360
3367
3284
3061
3025
2710
2393
2078
1697
1366
864
545
103
-276
-535
-804
-927
-1052
-996
-867
-638
-454
-44
300
725
1003
1419
1671
1974
2062
2158
2043
1998
1735
1348
953
432
-105
-835
-1463
-2145
-2689
-3357
-3844
-4222
-4054
-4444
-4332
-4111
-3571
-3228
-2868
-2019
-1604
-892
-766
-184
-192
49
-100
-37
-15
-42
253
256
358
557
769
1002
1164
1615
2014
2253
2667
2948
3295
3348
3502
3558
3589
3381
3282
3111
2743
2417
2018
1635
1151
689
316
-229
-496
-775
-948
-1113
-1095
-989
-768
-620
-212
189
599
938
1316
1681
1904
2139
2171
2204
1985
1933
1411
1074
493
1
-775
-1434
-2146
-2725
-3390
-3987
-4385
-4380
-4526
-4825
-4417
-4134
-3554
-3505
-2607
-2341
-1702
-1534
-1095
-895
-750
-664
-746
-579
-691
-375
-304
-138
242
708
1070
1340
1778
2295
2378
2661
2796
3013
2983
3006
3001
2973
2765
2578
2452
2123
1762
1441
1049
666
229
-52
-508
-787
-991
-1151
-1241
-1285
-1126
-923
-716
-436
33
420
793
1135
1540
1790
2043
2162
2178
2092
2024
1726
1336
932
503
-167
-747
-1464
-1876
-2656
-3046
-3656
-3688
-3761
-4160
-3851
-3810
-3116
-3235
-2467
-2166
-1639
-1435
-1352
-1127
-1208
-995
-1254
-1080
-1134
-981
-699
-671
-265
91
478
797
1016
1583
1691
2027
2274
2654
2907
3110
3379
3513
3595
3428
3440
3208
2888
2589
2167
1811
1267
917
410
-17
-306
-537
-739
-915
-816
-661
-503
-341
157
523
858
1198
1632
1912
2140
2308
2361
2305
2164
1989
1546
1138
642
52
-636
-1356
-1869
-2565
-3109
-3684
-3837
-3761
-4151
-3937
-3769
-3161
-3066
-2535
-1908
-1622
-1253
-1331
-978
-1120
-878
-1066
-874
-823
-708
-301
-240
50
401
783
1041
1105
1539
1624
1722
1895
2085
2276
2336
2544
2583
2680
2526
2604
2464
2200
1954
1625
1329
891
558
215
-241
-421
-705
-866
-985
-963
-784
-651
-429
-74
384
701
1060
1454
1786
2029
2218
2344
2270
2200
2069
1650
1316
807
315
-377
-1059
-1706
-2327
-2957
-3548
-3983
-3900
-4168
-4301
-3986
-3609
-3138
-2961
-2135
-1776
-1164
-1089
-727
-718
-640
-671
-741
-606
-744
-417
-377
-317
-121
51
244
363
674
1063
1193
1561
1848
2285
2430
2660
2783
2918
2832
2760
2744
2402
2149
1816
1492
1073
635
313
-185
-488
-689
-923
-1114
-1077
-925
-774
-608
-184
284
617
1023
1455
1824
2062
2336
2453
2490
2312
2274
1926
1491
1036
518
-129
-865
-1573
-2131
-2883
-3381
-3966
-4017
-4062
-4380
-4000
-3798
-3091
-3120
-2317
-2039
-1544
-1362
-1174
-886
-953
-620
-828
-552
-628
-358
-11
59
341
613
917
1158
1416
1966
2140
2563
2834
3189
3250
3328
3387
3346
3293
3032
3003
2657
2305
1967
1554
1152
628
293
-174
-605
-797
-1077
-1246
-1338
-1235
-1080
-879
-653
-187
217
601
960
1403
1721
1957
2162
2257
2219
2103
1991
1520
1242
676
213
-512
-1141
-1779
-2403
-2981
-3569
-3894
-3834
-4148
-4259
-3969
-3593
-3210
-2978
-2158
-1908
-1386
-1498
-1189
-1306
-1129
-1131
-920
-572
-436
166
388
679
990
1206
1297
1281
1529
1705
1753
2037
2254
2583
2645
2869
2962
3097
2944
2935
2846
2503
2218
1872
1534
1075
648
315
-204
-488
-760
-948
-1166
-1144
-989
-849
-693
-330
191
447
897
1268
1696
1878
2182
2306
2319
2223
2136
1835
1420
1018
546
-130
-767
-1486
-2005
-2707
-3285
-3702
-3866
-3795
-4277
-3739
-3626
-2873
-2927
-2165
-1843
-1492
-1248
-1335
-1037
-1245
-934
-1061
-693
-586
-293
-21
33
335
714
1003
1348
1650
2247
2290
2604
2711
2949
3004
3043
3140
3075
3028
2817
2787
2474
2145
1825
1445
1046
562
224
-260
-658
-909
-1174
-1299
-1420
-1269
-1141
-865
-661
-144
249
693
1034
1489
1801
2086
2256
2311
2277
2170
1951
1503
1127
592
12
-746
-1392
-2095
-2647
-3380
-3808
-4302
-4100
-4527
-4486
-4215
-3735
-3302
-3111
-2237
-2037
-1386
-1475
-1020
-1088
-928
-933
-833
-581
-598
-207
-44
98
423
652
973
1070
1467
1763
1916
2246
2457
2770
2769
3001
3021
3109
2943
2893
2836
2480
2225
1870
1536
1080
630
277
-236
-518
-819
-986
-1174
-1197
-1070
-890
-696
-407
78
468
853
1221
1622
1962
2183
2304
2353
2291
2215
1858
1525
1074
624
-70
-734
-1367
-2042
-2634
-3353
-3688
-4174
-3932
-4424
-4226
-4046
-3492
-3165
-2942
-2193
-2089
-1630
-1861
-1515
-1717
-1496
-1491
-1184
-870
-777
-328
-107
218
694
1013
1397
1475
1890
2059
2230
2586
2817
3098
3094
3313
3274
3339
3093
3029
2839
2447
2137
1733
1406
901
456
54
-429
-719
-1030
-1163
-1327
-1361
-1180
-963
-784
-385
108
526
883
1338
1723
2037
2283
2370
2432
2342
2247
1874
1557
1039
604
-82
-784
-1386
-2035
-2618
-3322
-3580
-4050
-3807
-4157
-3999
-3830
-3316
-2984
-2875
-2193
-2195
-1758
-1962
-1598
-1650
-1338
-1244
-1051
-717
-666
-278
-74
213
630
947
1452
1703
2266
2567
2762
3041
3104
3291
3164
3310
3146
3154
2919
2827
2704
2305
2014
1608
1331
833
413
40
-406
-687
-978
-1214
-1324
-1273
-1307
-1100
-904
-519
-200
290
667
1105
1480
1828
2118
2292
2385
2282
2336
2020
1728
1306
880
283
-340
-1021
-1672
-2242
-2916
-3423
-3926
-3918
-3946
-4239
-3869
-3725
-3003
-3051
-2445
-2235
-1967
-1943
-1864
-1555
-1546
-1078
-1108
-581
-582
-199
108
171
553
840
1285
1575
1824
2341
2417
2740
2826
3092
3059
3156
3185
3151
3070
2820
2848
2430
2167
1773
1424
1016
493
110
-356
-793
-1041
-1380
-1504
-1540
-1555
-1320
-1181
-808
-508
33
380
825
1212
1559
1896
2036
2239
2083
2172
1896
1617
1215
724
266
-416
-1114
-1735
-2389
-2924
-3678
-3927
-4452
-4200
-4604
-4411
-4207
-3704
-3233
-3241
-2448
-2588
-2030
-2315
-1892
-2000
-1689
-1596
-1461
-1086
-986
-509
-284
-2
330
624
1090
1193
1675
1922
2105
2415
2558
2850
2842
3075
2997
3067
2855
2794
2629
2263
1956
1556
1263
786
359
14
-450
-734
-1058
-1268
-1404
-1312
-1426
-1157
-982
-538
-282
209
696
1018
1483
1754
2225
2232
2478
2300
2446
2098
1831
1467
931
467
-316
-907
-1647
-2325
-2899
-3651
-4035
-4592
-4305
-4757
-4646
-4469
-3993
-3585
-3640
-2742
-2765
-2059
-2141
-1588
-1596
-1401
-1261
-1167
-878
-876
-375
-192
11
449
841
1454
1605
2141
2396
2558
2883
3003
3295
3224
3471
3402
3441
3169
3140
2975
2588
2252
1873
1565
1051
623
273
-198
-506
-793
-1043
-1173
-1166
-1124
-987
-779
-471
-95
276
715
1053
1464
1754
2074
2228
2333
2270
2298
2054
1771
1394
986
467
-136
-836
-1465
-2184
-2790
-3466
-3994
-4513
-4585
-4615
-4977
-4671
-4540
-3848
-3989
-3172
-2872
-2225
-1941
-1551
-1220
-1098
-766
-792
-439
-485
-77
203
257
400
595
914
1104
1322
1915
2118
2590
2784
3158
3275
3512
3616
3628
3514
3304
3264
2833
2486
2099
1778
1359
806
512
29
-339
-653
-895
-1121
-1123
-1158
-1027
-858
-632
-190
70
572
869
1377
1621
2021
2223
2438
2363
2423
2338
2029
1765
1299
934
358
-276
-878
-1510
-2227
-2752
-3402
-3808
-4335
-4036
-4482
-4386
-4293
-3696
-3535
-3321
-2695
-2611
-2030
-2148
-1543
-1584
-1152
-1030
-742
-565
-463
50
286
452
780
1226
1709
1882
2339
2482
2648
2812
2936
3122
3082
3270
3212
3213
2949
2923
2787
2384
2080
1766
1475
976
598
237
-204
-486
-797
-1024
-1183
-1200
-1187
-1127
-994
-633
-347
-6
338
814
1103
1453
1768
2049
2127
2158
2261
2052
1950
1558
1312
828
339
-227
-851
-1432
-2203
-2691
-3431
-3840
-4430
-4213
-4586
-4734
-4505
-4270
-3832
-3840
-3048
-2761
-2100
-1824
-1251
-960
-652
-365
-262
-69
-142
201
305
160
436
618
1062
1196
1603
2027
2209
2624
2797
3108
3113
3341
3323
3334
3129
3097
3097
2663
2443
2066
1796
1321
887
565
76
-251
-562
-859
-1123
-1142
-1189
-1089
-1130
-773
-444
-162
206
616
1032
1316
1697
1928
2144
2140
2272
2138
1983
1774
1424
1120
603
129
-441
-1049
-1613
-2346
-2880
-3541
-3984
-4485
-4350
-4777
-4737
-4553
-4164
-3774
-3650
-2898
-2709
-2083
-1897
-1307
-1073
-692
-520
-365
-217
-238
159
169
191
472
706
1097
1092
1526
1769
2019
2329
2507
2819
2915
3190
3201
3305
3126
3198
3095
2732
2502
2131
1878
1362
990
610
151
-167
-477
-755
-1007
-1036
-1107
-1005
-1077
-661
-418
-108
205
651
1016
1292
1689
1924
2111
2116
2293
2136
2026
1801
1523
1201
710
269
-194
-859
-1314
-2030
-2510
-3191
-3573
-4106
-4183
-4359
-4670
-4443
-4429
-3874
-4076
-3361
-3153
-2580
-2191
-1782
-1268
-1002
-567
-493
-146
-148
188
386
385
658
853
1221
1327
1533
1900
1997
2368
2490
2794
2923
3132
3194
3206
3149
3093
3139
2812
2593
2274
2018
1619
1131
798
279
-91
-474
-807
-1100
-1262
-1313
-1320
-1332
-1138
-744
-508
-206
190
631
943
1310
1660
1907
2000
2187
2225
2127
2000
1801
1573
1139
776
334
-109
-744
-1215
-1875
-2434
-3001
-3428
-3902
-4155
-4077
-4426
-4221
-4187
-3628
-3655
-3171
-2819
-2404
-2011
-1798
-1340
-1212
-847
-815
-457
-343
-78
299
414
726
1042
1429
1732
1867
2324
2425
2729
2836
3073
3193
3268
3320
3257
3238
3042
3116
2829
2551
2269
1971
1675
1147
837
375
-22
-407
-755
-1051
-1253
-1394
-1453
-1398
-1405
-1080
-864
-551
-260
165
525
931
1280
1596
1768
2008
2158
2096
2103
1921
1811
1478
1121
758
374
-151
-682
-1222
-1812
-2313
-2878
-3259
-3829
-3892
-3918
-4260
-4103
-4060
-3605
-3650
-3248
-3026
-2655
-2431
-2163
-1800
-1645
-1199
-1052
-592
-522
-180
279
379
744
988
1387
1652
1781
2112
2179
2441
2538
2761
2788
2949
3012
3059
3030
2865
3001
2698
2476
2204
1924
1641
1130
790
336
-65
-460
-769
-1154
-1369
-1465
-1575
-1601
-1584
-1183
-1050
-745
-392
62
425
838
1195
1565
1803
1989
2200
2201
2228
2076
1983
1702
1388
1070
672
201
-265
-782
-1370
-1876
-2392
-2891
-3352
-3827
-3774
-3966
-4128
-3998
-3787
-3359
-3394
-2854
-2734
-2377
-2306
-2058
-1913
-1728
-1341
-1211
-745
-686
-122
178
360
724
1010
1473
1612
1942
2281
2438
2697
2813
2994
3008
3183
3188
3233
3097
3032
3058
2724
2520
2197
1944
1564
1117
782
287
-111
-474
-880
-1222
-1397
-1588
-1642
-1711
-1604
-1400
-1148
-859
-524
-99
283
743
1074
1508
1682
2055
2149
2253
2302
2209
2133
1886
1665
1299
986
604
149
-319
-840
-1276
-1821
-2267
-2737
-3141
-3439
-3595
-3583
-3896
-3634
-3508
-3069
-3112
-2739
-2612
-2468
-2443
-2409
-2235
-2114
-1756
-1576
-1158
-874
-321
190
451
865
1247
1642
1868
2027
2355
2403
2622
2630
2763
2756
2888
2908
2907
2846
2771
2820
2524
2309
2049
1807
1495
1055
759
322
2
-379
-724
-1074
-1182
-1410
-1490
-1552
-1506
-1245
-1177
-771
-571
-122
172
649
969
1338
1616
1885
2129
2159
2343
2245
2245
2101
1884
1721
1347
1163
750
386
-77
-454
-867
-1429
-1788
-2347
-2573
-3153
-3176
-3280
-3558
-3425
-3488
-3067
-3179
-2805
-2639
-2484
-2384
-2403
-2110
-2167
-1742
-1742
-1265
-1044
-611
60
265
799
1128
1591
1812
1929
2214
2296
2466
2482
2623
2610
2714
2762
2709
2702
2527
2675
2455
2263
2087
1864
1653
1267
970
610
230
-138
-489
-917
-1143
-1281
-1531
-1625
-1716
-1478
-1427
-1230
-938
-594
-298
114
496
848
1199
1432
1803
1858
2071
2121
2139
2087
1949
1813
1604
1363
1132
787
419
23
-260
-808
-1186
-1722
-2077
-2565
-3007
-3278
-3483
-3635
-3935
-3873
-3846
-3650
-3647
-3318
-3191
-2935
-2713
-2408
-2140
-1754
-1411
-1038
-663
-327
119
450
691
1013
1299
1576
1727
1888
2089
2113
2309
2393
2498
2545
2650
2667
2678
2618
2615
2649
2442
2327
2112
1904
1642
1268
968
489
120
-309
-744
-1178
-1430
-1630
-1919
-2051
-2082
-1822
-1787
-1523
-1160
-860
-385
-36
481
797
1226
1546
1806
2002
2199
2342
2292
2317
2187
2123
1920
1696
1562
1166
904
574
279
-136
-580
-960
-1431
-1870
-2341
-2656
-3173
-3269
-3586
-3824
-3841
-3863
-3548
-3648
-3373
-3265
-3012
-2915
-2697
-2427
-2136
-1753
-1480
-929
-682
-120
367
650
1082
1341
1779
1963
2076
2272
2325
2487
2515
2621
2609
2712
2694
2730
2629
2525
2596
2355
2233
1957
1756
1505
1082
708
263
-139
-537
-954
-1381
-1667
-1897
-2067
-2261
-2287
-2084
-1935
-1781
-1379
-1085
-631
-221
212
626
929
1374
1616
1858
2011
2167
2204
2200
2140
2075
1969
1749
1670
1408
1137
944
659
393
-18
-327
-719
-1173
-1633
-2112
-2567
-2982
-3451
-3594
-3956
-4101
-4136
-3944
-3834
-3642
-3212
-3028
-2640
-2513
-2089
-1961
-1550
-1251
-870
-490
-207
259
598
806
1110
1358
1611
1718
1916
2089
2159
2318
2363
2474
2450
2583
2568
2591
2549
2538
2607
2370
2269
2051
1848
1544
1169
847
372
7
-445
-849
-1298
-1555
-1837
-1931
-2180
-2140
-2019
-1873
-1678
-1387
-960
-684
-180
90
580
794
1256
1431
1650
1835
1922
2097
2025
2055
2034
1980
1885
1790
1705
1518
1383
1222
1010
734
458
183
-246
-607
-1114
-1554
-2071
-2633
-2946
-3461
-3624
-4003
-4008
-4090
-3984
-3776
-3630
-3227
-3087
-2611
-2580
-2135
-2000
-1556
-1204
-866
-375
-77
381
649
944
1222
1394
1623
1723
1885
1987
2124
2230
2334
2525
2591
2762
2727
2840
2833
2808
2756
2539
2401
2100
1834
1456
1048
640
199
-236
-726
-1102
-1511
-1758
-2064
-2160
-2317
-2243
-2114
-1945
-1732
-1397
-1024
-696
-289
20
457
715
1057
1246
1466
1659
1761
1895
1900
1961
1993
2010
1985
1961
1960
1860
1832
1678
1572
1357
1142
873
490
165
-331
-749
-1271
-1830
-2347
-2922
-3229
-3589
-3759
-4055
-4010
-3893
-3746
-3492
-3273
-2826
-2647
-2290
-2180
-1902
-1573
-1173
-762
-441
-10
397
770
1015
1222
1506
1656
1811
1854
1965
2033
2129
2262
2283
2439
2531
2676
2675
2651
2673
2670
2581
2342
2129
1869
1581
1192
754
315
-105
-487
-979
-1379
-1723
-1935
-2191
-2372
-2479
-2326
-2248
-2142
-1903
-1639
-1266
-1026
-584
-320
43
327
653
884
1098
1313
1472
1644
1710
1843
1926
1976
2086
2079
2102
2068
2106
2083
1901
1785
1623
1435
1080
750
373
-26
-496
-979
-1402
-1888
-2262
-2651
-3047
-3223
-3341
-3321
-3439
-3279
-3034
-2738
-2517
-2238
-1961
-1841
-1720
-1696
-1484
-1346
-994
-607
-210
174
608
985
1253
1448
1670
1850
1971
2074
2159
2220
2335
2435
2511
2543
2580
2667
2620
2503
2416
2338
2192
1929
1665
1404
1099
744
375
-25
-376
-723
-1097
-1439
-1735
-1897
-2098
-2280
-2372
-2269
-2234
-2128
-1993
-1716
-1468
-1217
-864
-571
-251
44
370
631
886
1127
1365
1551
1709
1897
2004
2124
2239
2311
2353
2328
2403
2356
2249
2132
1985
1804
1522
1229
869
546
111
-254
-687
-1017
-1324
-1604
-1855
-2070
-2209
-2368
-2407
-2389
-2380
-2465
-2399
-2364
-2380
-2489
-2640
-2678
-2585
-2426
-2134
-1710
-1121
-515
15
450
809
1223
1536
1775
1928
2102
2173
2219
2250
2250
2286
2248
2260
2200
2189
2173
2159
2110
2008
1975
1899
1776
1560
1370
1138
889
592
247
-112
-468
-810
-1179
-1558
-1865
-2118
-2336
-2567
-2712
-2742
-2655
-2577
-2441
-2234
-1943
-1528
-1261
-852
-519
-49
250
607
891
1185
1453
1629
1818
1926
2117
2191
2269
2307
2319
2361
2361
2323
2305
2181
2116
1928
1809
1543
1277
1017
662
336
-77
-347
-714
-930
-1195
-1380
-1466
-1561
-1561
-1687
-1713
-1812
-1912
-2026
-2210
-2485
-2787
-3241
-3555
-3715
-3637
-3505
-3128
-2595
-2020
-1356
-714
-59
443
954
1334
1724
2034
2187
2299
2377
2420
2431
2365
2319
2252
2215
2161
2093
2053
2014
1993
1914
1817
1715
1625
1491
1246
1015
710
434
73
-325
-725
-1143
-1505
-1894
-2245
-2544
-2773
-2945
-3076
-3171
-3138
-3078
-2878
-2712
-2474
-2184
-1771
-1382
-1111
-623
-281
176
409
835
1084
1372
1613
1801
2004
2103
2275
2350
2450
2472
2537
2568
2538
2510
2478
2325
2230
2021
1861
1517
1260
936
573
226
-159
-405
-710
-882
-1048
-1108
-1108
-1082
-979
-961
-829
-780
-725
-803
-982
-1394
-1995
-2661
-3305
-3595
-3667
-3460
-3224
-2899
-2505
-1997
-1443
-857
-348
136
621
1062
1417
1650
1845
2024
2110
2085
2054
2005
1965
1852
1762
1624
1561
1522
1489
1469
1453
1512
1528
1523
1440
1393
1319
1140
901
602
306
-48
-429
-871
-1304
-1703
-2066
-2413
-2730
-2961
-3097
-3161
-3199
-3164
-3031
-2849
-2640
-2357
-2126
-1739
-1346
-1013
-704
-311
78
361
688
982
1251
1478
1723
1917
2101
2250
2396
2537
2631
2693
2798
2824
2830
2820
2772
2657
2510
2364
2098
1795
1487
1163
802
427
89
-179
-388
-566
-613
-586
-471
-255
23
324
591
825
880
723
416
-100
-1054
-2172
-3085
-3556
-3707
-3588
-3487
-3381
-3229
-3022
-2745
-2448
-2070
-1643
-1088
-582
-73
359
769
1116
1416
1580
1675
1744
1797
1721
1600
1482
1407
1321
1222
1162
1115
1139
1144
1194
1208
1250
1292
1285
1209
1099
991
804
534
200
-141
-507
-890
-1302
-1711
-2081
-2392
-2637
-2853
-2996
-3043
-2978
-2911
-2783
-2610
-2360
-2129
-1877
-1645
-1434
-1210
-873
-631
-505
-251
31
311
424
710
930
1218
1378
1620
1837
2048
2235
2386
2499
2583
2675
2738
2660
2575
2511
2340
2140
1883
1672
1315
1003
677
405
98
-150
-296
-393
-458
-428
-268
-57
204
544
883
1225
1517
1745
1789
1680
1414
782
-235
-1276
-2116
-2609
-3033
-3396
-3491
-3592
-3477
-3292
-3096
-2951
-2754
-2483
-2218
-1871
-1539
-1157
-808
-473
-166
89
327
524
694
790
834
928
972
969
981
1027
1125
1178
1239
1279
1374
1453
1510
1535
1532
1515
1456
1342
1159
985
778
496
173
-141
-450
-758
-1074
-1364
-1622
-1829
-1974
-2078
-2148
-2180
-2146
-2069
-1996
-1892
-1769
-1634
-1504
-1394
-1283
-1168
-1056
-929
-784
-600
-514
-251
-11
248
452
764
1090
1349
1638
1870
2160
2348
2527
2620
2708
2725
2722
2637
2498
2317
2187
1946
1697
1433
1195
935
669
461
268
140
31
-9
-6
35
135
295
478
636
851
1033
1224
1395
1530
1584
1614
1571
1339
903
278
-295
-887
-1429
-1871
-2182
-2406
-2603
-2681
-2674
-2534
-2435
-2370
-2264
-2152
-2020
-1836
-1528
-1289
-989
-727
-458
-218
17
203
377
516
670
800
936
1005
1054
1108
1118
1146
1143
1138
1073
1030
978
916
818
723
634
541
421
300
196
78
-59
-208
-350
-486
-608
-736
-898
-1015
-1134
-1218
-1332
-1420
-1473
-1510
-1537
-1570
-1545
-1524
-1474
-1413
-1334
-1263
-1158
-1023
-885
-773
-631
-451
-244
-56
114
350
570
770
984
1189
1376
1544
1729
1839
1940
2032
2105
2121
2109
2079
2043
1951
1842
1712
1584
1414
1246
1108
933
794
659
583
491
468
468
504
569
664
794
949
1116
1286
1432
1564
1680
1769
1783
1655
1352
876
381
-72
-352
-616
-886
-1075
-1280
-1446
-1572
-1740
-1806
-1861
-1957
-2078
-2115
-2033
-1958
-1814
-1662
-1501
-1387
-1249
-1120
-1004
-828
-661
-487
-311
-109
85
274
398
528
652
733
746
781
783
765
720
663
589
507
452
396
342
289
268
255
231
204
201
188
150
95
33
-43
-131
-228
-364
-511
-648
-779
-902
-1034
-1136
-1202
-1248
-1276
-1275
-1239
-1183
-1096
-989
-901
-775
-633
-487
-383
-246
-136
2
132
237
342
459
609
701
826
950
1105
1221
1355
1467
1598
1700
1795
1858
1894
1906
1895
1828
1708
1592
1437
1271
1066
908
744
610
501
448
423
431
486
592
725
873
1060
1264
1469
1664
1856
2031
2191
2319
2335
2232
1975
1648
1292
898
435
-24
-440
-779
-1032
-1246
-1412
-1569
-1667
-1711
-1677
-1629
-1588
-1563
-1559
-1588
-1589
-1607
-1630
-1624
-1622
-1579
-1516
-1408
-1273
-1129
-948
-772
-597
-422
-252
-95
42
155
268
365
428
444
453
427
388
355
312
253
206
176
148
121
105
105
108
112
97
105
89
49
-15
-74
-154
-244
-336
-452
-557
-671
-771
-855
-938
-998
-1027
-1036
-1031
-1000
-942
-864
-775
-665
-562
-440
-314
-195
-83
19
126
218
306
378
469
563
667
777
912
1059
1195
1317
1411
1463
1466
1434
1379
1301
1200
1109
1014
928
834
759
667
575
490
420
366
333
326
336
351
396
463
554
684
855
1057
1286
1529
1765
1974
2132
2194
2182
2035
1746
1358
943
485
38
-306
-547
-723
-834
-957
-1083
-1127
-1127
-1039
-995
-947
-927
-921
-908
-873
-829
-788
-781
-805
-834
-874
-908
-948
-947
-939
-922
-893
-845
-767
-684
-579
-465
-350
-249
-141
-47
26
73
107
119
112
95
70
39
11
-13
-40
-61
-81
-94
-108
-114
-115
-116
-114
-123
-138
-162
-189
-224
-273
-324
-376
-427
-473
-525
-579
-624
-650
-665
-672
-659
-625
-579
-528
-459
-369
-294
-194
-97
8
121
228
335
429
531
631
740
853
956
1065
1156
1204
1217
1201
1181
1129
1052
948
813
671
530
390
269
168
100
68
53
46
72
113
157
213
260
314
376
447
511
591
695
824
970
1095
1198
1255
1229
1112
960
793
634
409
229
76
-66
-188
-411
-547
-632
-714
-720
-667
-589
-571
-554
-554
-611
-602
-645
-646
-616
-615
-625
-658
-697
-748
-811
-838
-831
-826
-817
-812
-787
-771
-747
-710
-666
-631
-589
-535
-468
-399
-345
-306
-275
-249
-223
-207
-184
-157
-124
-100
-88
-79
-75
-75
-78
-83
-82
-93
-96
-94
-102
-112
-118
-133
-157
-179
-204
-222
-245
-257
-272
-286
-294
-289
-282
-279
-270
-254
-230
-210
-174
-136
-92
-43
14
77
145
215
296
383
469
570
676
782
879
976
1072
1164
1217
1260
1255
1192
1088
962
842
732
643
552
464
383
284
214
154
111
84
43
35
53
67
53
48
23
-11
-7
46
131
229
328
423
473
483
503
470
377
265
139
-3
-171
-357
-494
-557
-553
-499
-451
-409
-401
-427
-454
-486
-537
-570
-588
-598
-564
-511
-491
-498
-503
-497
-498
-524
-522
-541
-571
-595
-616
-626
-621
-604
-585
-561
-538
-521
-512
-491
-474
-453
-428
-425
-433
-440
-449
-449
-448
-444
-436
-412
-378
-350
-319
-283
-262
-251
-248
-244
-232
-222
-211
-198
-184
-159
-132
-95
-63
-32
1
31
53
68
74
77
81
70
65
62
56
51
62
75
95
139
192
268
355
462
591
719
849
958
1054
1131
1186
1212
1223
1215
1185
1131
1051
947
833
705
580
497
432
388
347
338
346
364
382
409
456
505
529
543
515
469
437
399
362
329
295
277
242
178
146
112
83
59
19
-37
-87
-146
-202
-253
-311
-347
-402
-444
-467
-496
-527
-545
-549
-547
-551
-580
-601
-608
-602
-613
-631
-629
-631
-640
-636
-635
-638
-658
-677
-674
-684
-680
-678
-682
-693
-705
-708
-703
-693
-671
-656
-628
-611
-581
-544
-524
-499
-478
-447
-416
-393
-374
-354
-335
-336
-323
-305
-301
-289
-277
-261
-244
-225
-208
-189
-169
-159
-147
-139
-131
-114
-93
-63
-28
10
51
91
127
164
201
230
274
314
365
417
477
545
610
673
721
761
781
785
777
764
723
655
569
465
357
256
174
124
120
132
168
199
220
249
224
190
133
82
45
16
1
-22
-40
-91
-133
-135
-97
-35
18
73
116
122
113
69
38
21
-18
-67
-101
-137
-200
-254
-316
-365
-375
-371
-324
-251
-200
-182
-190
-211
-258
-302
-352
-395
-422
-436
-454
-487
-527
-574
-584
-571
-567
-547
-530
-540
-553
-592
-628
-647
-652
-661
-663
-658
-637
-617
-599
-589
-584
-581
-596
-608
-628
-648
-680
-711
-715
-709
-694
-681
-667
-633
-604
-562
-516
-464
-389
-325
-277
-236
-202
-162
-125
-97
-70
-59
-48
-50
-55
-60
-67
-69
-80
-86
-95
-107
-116
-130
-138
-153
-155
-152
-135
-122
-105
-97
-89
-65
-52
-24
5
34
64
112
160
219
298
364
425
458
464
428
373
348
307
256
193
147
98
72
72
61
73
68
62
38
-11
-43
-87
-113
-130
-163
-190
-220
-251
-306
-328
-346
-369
-392
-391
-387
-363
-303
-244
-164
-87
-21
7
22
27
29
23
21
20
-3
-45
-111
-180
-219
-216
-223
-239
-246
-248
-242
-261
-288
-326
-366
-401
-418
-411
-412
-422
-431
-429
-436
-457
-497
-531
-540
-532
-507
-491
-488
-475
-464
-472
-471
-445
-425
-410
-383
-356
-331
-314
-304
-293
-284
-289
-297
-287
-283
-286
-285
-284
-280
-277
-262
-240
-224
-201
-187
-176
-158
-144
-128
-108
-93
-75
-54
-52
-58
-59
-58
-73
-83
-81
-79
-68
-51
-38
-20
5
23
25
21
6
-8
-20
-27
-29
-62
-79
-87
-102
-99
-89
-82
-81
-61
-47
-39
-16
1
9
-12
-39
-62
-85
-89
-95
-106
-109
-120
-135
-150
-186
-226
-261
-288
-336
-358
-368
-390
-387
-391
-393
-376
-354
-358
-352
-355
-327
-300
-279
-253
-253
-246
-251
-241
-201
-160
-125
-85
-57
-26
17
48
70
78
80
56
20
-22
-64
-101
-126
-164
-220
-259
-285
-299
-301
-297
-298
-309
-320
-341
-349
-340
-330
-309
-285
-276
-257
-247
-255
-259
-271
-283
-289
-291
-285
-269
-240
-200
-162
-134
-131
-134
-126
-106
-85
-66
-52
-40
-27
-17
-8
12
28
36
67
98
113
126
138
148
152
155
156
153
146
133
122
115
101
81
60
53
49
47
36
19
0
-20
-60
-109
-150
-176
-204
-221
-229
-245
-253
-254
-251
-249
-241
-236
-227
-218
-216
-212
-203
-216
-229
-229
-223
-210
-193
-179
-156
-122
-70
-18
32
76
113
147
162
175
178
183
196
212
230
251
265
282
284
277
250
214
190
160
126
97
84
73
69
65
51
37
32
18
-1
-24
-39
-51
-69
-69
-71
-60
-65
-78
-80
-98
-100
-103
-103
-89
-68
-42
-40
-37
-26
-27
-32
-36
-49
-65
-85
-110
-142
-163
-161
-147
-120
-88
-40
-3
22
53
93
124
141
153
164
163
166
177
188
193
200
214
214
212
215
205
203
190
173
145
108
79
40
32
46
53
52
51
39
14
-16
-39
-65
-104
-128
-160
-173
-197
-221
-238
-242
-238
-254
-271
-284
-297
-301
-290
-286
-284
-289
-291
-286
-273
-262
-232
-195
-158
-118
-69
-28
-6
30
48
64
75
101
125
143
169
188
208
216
207
193
175
148
124
103
98
77
55
33
3
-19
-37
-54
-73
-94
-107
-127
-151
-167
-186
-209
-228
-240
-247
-260
-267
-261
-254
-240
-226
-211
-191
-168
-136
-113
-93
-73
-49
-33
-26
-21
-12
-8
-5
-11
-27
-48
-59
-63
-58
-46
-42
-27
-10
5
24
32
38
39
32
17
-7
-29
-60
-98
-127
-156
-179
-199
-219
-230
-242
-239
-226
-198
-163
-122
-74
-26
20
60
94
125
149
159
168
181
190
174
149
121
84
44
22
7
-6
-9
-12
-9
1
11
26
33
46
63
76
89
95
113
125
125
123
114
108
95
86
79
65
60
54
32
10
-7
-30
-58
-82
-101
-126
-155
-181
-192
-201
-216
-216
-221
-220
-210
-200
-184
-169
-153
-133
-102
-69
-40
-13
19
46
69
81
97
101
104
111
113
123
130
136
132
136
143
153
155
146
135
122
98
87
71
43
37
11
-4
-16
-26
-39
-52
-62
-66
-71
-78
-79
-71
-70
-66
-58
-50
-41
-39
-37
-43
-44
-43
-52
-62
-67
-76
-85
-95
-96
-104
-108
-110
-109
-111
-118
-122
-120
-115
-98
-83
-73
-70
-69
-66
-74
-63
-66
-70
-65
-65
-68
-77
-84
-85
-91
-92
-91
-95
-98
-100
-102
-108
-111
-109
-103
-109
-117
-120
-112
-109
-107
-103
-95
-100
-109
-122
-131
-140
-161
-177
-192
-209
-224
-227
-233
-229
-229
-227
-232
-241
-245
-245
-248
-246
-238
-232
-226
-227
-228
-211
-199
-193
-179
-171
-158
-154
-152
-149
-149
-147
-150
-157
-148
-138
-134
-127
-124
-123
-111
-110
-103
-95
-90
-83
-79
-76
-75
-79
-78
-78
-81
-77
-78
-64
-49
-32
-24
-21
-11
-4
-3
10
21
31
38
36
42
37
32
27
23
28
28
36
40
46
54
63
74
77
84
84
80
76
73
79
66
59
64
66
69
64
60
60
62
59
59
62
57
59
61
53
53
50
46
42
36
30
23
14
9
1
-2
-8
-19
-25
-34
-35
-41
-46
-51
-52
-48
-46
-48
-50
-52
-60
-67
-66
-61
-67
-69
-70
-76
-80
-75
-76
-82
-84
-90
-90
-97
-103
-105
-108
-111
-115
-121
-121
-125
-129
-130
-134
-133
-133
-136
-141
-142
-145
-147
-143
-142
-141
-138
-136
-135
-130
-126
-122
-118
-115
-112
-107
-100
-89
-87
-87
-76
-69
-66
-64
-65
-59
-56
-53
-48
-49
-33
-35
-34
-26
-26
-23
-21
-15
-17
-17
-10
-5
1
4
4
9
13
18
22
25
25
26
30
34
34
38
40
42
47
51
52
55
64
64
64
63
67
74
69
73
73
72
78
77
74
73
73
74
73
71
71
69
71
77
72
70
71
65
68
71
72
69
67
67
64
63
65
59
59
58
58
61
57
57
53
57
58
61
62
66
67
70
73
76
75
73
75
75
76
76
82
82
81
83
80
83
85
83
84
81
87
91
87
85
79
86
79
77
82
76
81
87
84
84
83
90
90
90
90
90
91
93
91
86
87
88
86
87
85
86
86
85
84
82
85
82
86
86
86
86
87
85
87
89
86
86
85
85
79
81
80
80
80
78
79
75
73
73
72
71
66
61
66
56
54
64
70
70
69
66
65
68
65
65
66
64
63
63
61
61
61
66
63
63
62
64
67
63
64
63
63
64
65
63
67
68
70
69
73
73
72
73
73
75
74
79
81
82
82
82
86
90
87
89
88
86
86
87
87
79
82
86
82
83
78
82
84
84
85
84
89
88
92
91
95
98
97
99
97
97
97
100
98
98
100
102
101
103
105
103
104
104
107
109
106
109
111
109
105
107
116
114
113
115
114
116
117
118
118
123
120
118
119
123
125
117
122
125
125
125
129
130
129
127
126
127
126
125
124
125
123
119
118
120
119
117
118
121
120
121
122
122
122
125
126
124
130
126
130
131
132
136
130
134
133
133
134
136
134
134
143
145
141
149
145
144
142
139
140
138
138
139
142
140
138
140
140
141
143
143
144
142
139
139
144
143
144
143
146
150
152
152
154
154
153
153
151
152
153
155
158
156
156
155
157
156
153
159
159
156
155
155
155
157
158
153
158
159
157
160
162
160
156
156
158
157
155
155
152
152
152
154
154
152
153
152
149
150
150
148
149
150
149
146
149
149
146
143
143
144
144
141
142
143
143
144
143
144
137
141
148
148
146
141
141
140
136
131
130
133
130
126
133
130
131
129
131
131
130
130
125
125
122
122
120
122
120
118
120
121
122
122
120
120
119
119
119
119
119
118
116
116
116
114
115
112
112
112
111
112
107
105
105
107
106
103
105
105
104
103
100
92
97
93
96
103
104
107
108
107
106
108
105
105
105
107
103
103
104
104
103
104
102
106
107
103
108
107
103
104
99
100
101
97
103
100
101
103
102
102
100
104
101
102
102
99
105
106
102
105
105
105
102
104
110
105
108
108
103
96
97
102
98
98
100
103
107
106
104
105
104
103
102
102
104
103
102
102
104
102
102
100
98
99
98
103
103
102
106
101
101
103
101
102
101
107
105
106
109
105
102
103
102
102
101
105
104
108
108
108
109
107
103
102
104
104
101
105
105
104
106
106
107
105
107
106
103
105
106
105
104
101
100
103
101
103
102
101
104
102
105
105
104
103
104
106
106
103
101
106
107
111
108
110
113
108
109
106
109
109
109
117
114
117
116
110
106
104
103
102
99
101
107
104
103
101
102
101
104
105
100
100
99
102
103
103
104
102
105
108
109
109
109
113
109
110
110
109
111
107
108
112
112
113
112
111
115
113
120
120
115
117
120
122
122
124
122
121
122
125
126
123
125
126
126
125
124
127
125
128
126
126
123
123
122
120
118
121
124
123
121
124
123
121
123
118
117
115
117
118
117
115
117
116
114
115
114
116
110
110
118
119
122
117
112
116
113
109
106
110
109
111
112
111
113
112
114
114
112
112
110
109
110
109
110
112
111
109
109
108
107
110
109
107
105
107
104
106
106
104
103
103
105
102
104
100
98
98
94
98
97
95
91
95
93
90
92
92
92
95
90
79
82
91
89
94
100
100
100
100
102
101
98
102
102
102
103
103
100
98
100
99
101
100
98
97
96
99
97
94
93
91
92
87
89
89
89
92
88
88
88
87
89
86
87
88
91
95
89
88
93
88
90
94
99
99
94
99
96
86
87
91
91
90
88
87
88
87
86
86
91
87
88
88
87
89
87
85
86
88
85
87
83
83
85
89
86
86
88
88
86
86
86
85
87
84
90
87
86
86
81
83
79
81
78
81
82
84
87
86
85
85
82
82
82
77
81
79
81
83
84
85
82
83
82
83
80
83
86
83
85
83
82
81
83
84
84
84
86
88
84
84
87
88
85
89
91
90
86
88
93
94
96
95
93
94
91
92
92
91
93
101
102
94
97
88
85
87
87
85
85
82
88
88
83
80
80
83
82
84
83
82
83
82
82
83
85
81
83
88
88
85
85
86
87
85
85
82
81
83
80
81
82
83
85
81
84
81
81
86
82
86
82
80
80
81
85
79
80
85
87
85
81
84
81
81
82
78
82
79
79
80
81
79
79
77
74
75
78
78
75
76
80
81
76
79
78
71
73
72
74
75
70
73
70
71
69
66
70
70
68
68
72
74
68
67
67
65
65
62
57
59
62
63
61
59
61
63
62
62
60
59
61
58
57
60
57
57
56
56
55
57
58
55
55
54
55
52
51
52
53
53
51
54
55
55
52
53
50
50
48
49
46
42
44
43
47
44
40
40
42
37
34
32
29
36
47
51
50
46
44
49
45
48
49
47
51
45
43
44
44
44
38
42
40
41
41
40
40
37
36
34
33
31
30
32
32
32
32
33
34
31
29
31
29
29
34
33
31
29
27
29
31
30
29
28
27
28
33
26
19
25
28
26
26
24
24
27
27
26
27
27
27
28
28
33
35
34
30
32
35
33
32
31
34
36
31
36
41
39
39
38
39
41
42
43
41
43
41
38
30
29
37
40
40
40
43
43
43
44
47
46
43
39
44
39
36
39
35
38
38
37
39
40
39
38
35
36
38
39
36
37
33
35
35
35
36
35
34
33
33
33
30
29
33
33
32
34
35
33
34
40
38
38
40
40
39
38
37
39
37
45
49
49
52
47
36
30
39
38
34
31
37
40
36
37
35
35
39
38
39
39
37
37
36
38
36
38
38
40
42
42
41
44
44
38
36
38
37
36
40
37
39
39
39
39
35
36
33
39
38
33
35
31
29
32
37
35
28
31
33
35
35
34
33
33
35
34
31
32
31
28
33
33
32
31
33
30
31
33
28
31
29
31
31
31
29
25
24
24
26
24
25
25
24
23
25
21
21
22
23
26
23
21
22
19
21
15
16
14
13
15
9
14
14
10
13
12
11
10
9
9
9
4
3
6
6
8
4
2
4
6
4
4
2
1
2
2
4
1
5
3
3
2
0
-1
-1
-3
-3
-4
-2
-9
-12
-9
-11
-11
-12
-7
-8
-8
-9
-12
-14
-15
-21
-17
-11
-2
-4
-5
-9
-6
-4
-7
-7
-4
-5
-8
-10
-10
-9
-10
-10
-9
-6
-9
-6
-7
-10
-9
-13
-13
-12
-11
-16
-11
-8
-7
-10
-9
-13
-12
-14
-14
-8
-17
-11
-11
-10
-14
-12
-7
-11
-10
-11
-10
-10
-9
-7
-8
-17
-14
-6
-8
-12
-13
-11
-9
-9
-10
-9
-9
-12
-7
-9
-10
-8
-6
-7
-8
-7
-8
-7
-9
-9
-10
-10
-10
-6
-5
-5
-7
-10
-5
-5
-3
-5
-2
0
-7
-3
-11
-10
-2
-3
-1
-5
-2
-1
-1
2
3
0
-5
-1
-2
-9
-7
-8
-7
-8
-5
-8
-9
-5
-4
-4
-5
-1
-4
-6
-7
-8
-9
-5
-8
-9
-7
-9
-6
-8
-6
-7
-4
-4
-2
-3
-2
-5
-4
-4
2
6
2
1
2
1
3
3
1
1
7
11
8
9
13
7
1
-1
-1
-5
-2
-1
0
1
-4
-2
-5
-1
0
1
1
2
1
1
1
1
1
3
3
7
9
9
11
13
12
9
7
6
7
10
9
9
11
7
9
9
10
7
7
6
4
4
5
7
11
-2
3
4
1
7
4
6
2
2
4
7
3
2
5
6
5
4
3
4
3
3
3
4
4
4
2
5
4
6
7
3
3
0
0
-1
1
2
-2
0
0
-1
1
-1
-2
-1
-3
0
0
-4
-2
-4
-3
-10
-9
-8
-13
-10
-9
-4
-9
-7
-8
-8
-7
-8
-9
-13
-10
-12
-10
-10
-9
-12
-11
-11
-9
-7
-8
-9
-9
-10
-14
-12
-12
-11
-14
-16
-13
-16
-18
-15
-17
-19
-22
-19
-20
-21
-24
-23
-23
-27
-26
-25
-28
-24
-28
-34
-27
-36
-37
-29
-19
-17
-18
-18
-21
-18
-22
-20
-19
-16
-19
-24
-25
-24
-23
-23
-22
-24
-23
-26
-23
-24
-24
-27
-33
-30
-33
-34
-33
-29
-30
-33
-29
-29
-33
-31
-34
-32
-33
-35
-31
-29
-32
-34
-30
-25
-28
-29
-26
-32
-33
-30
-28
-32
-33
-29
-27
-33
-31
-28
-27
-27
-29
-26
-25
-26
-25
-25
-28
-24
-19
-20
-18
-18
-19
-22
-23
-21
-22
-20
-22
-18
-17
-19
-17
-18
-17
-19
-14
-17
-18
-22
-22
-18
-16
-20
-18
-13
-11
-12
-15
-14
-12
-9
-11
-11
-12
-19
-14
-13
-17
-14
-13
-13
-12
-11
-11
-11
-7
-11
-12
-10
-6
-7
-8
-9
-11
-11
-10
-12
-9
-9
-10
-9
-9
-11
-8
-8
-7
-8
-7
-7
-7
-3
1
2
-1
4
4
-2
-3
-2
0
0
5
12
8
8
16
8
1
-3
-2
-6
-9
-2
-2
1
2
-2
-3
0
1
3
2
1
1
-1
-4
-6
-5
-4
-1
-4
2
0
-1
6
2
1
0
-2
0
-2
-2
-4
-4
-1
-5
0
2
1
0
-2
0
-4
-1
-4
1
0
-6
-6
-7
1
-1
-4
3
1
-1
1
-1
1
1
0
-4
-3
1
0
1
0
-1
0
0
0
-1
0
2
3
-1
1
-1
-5
-4
-2
-4
0
-1
-4
-1
-4
-1
-1
-6
-5
1
6
1
-1
3
-2
-1
-7
-8
-8
-9
-4
-3
1
2
-2
-1
1
3
4
-2
-1
-3
-3
-4
-2
-2
-7
-6
-8
-9
-2
-3
-4
-8
-6
-4
-9
-9
-10
-9
-10
-9
-7
-10
-10
-12
-14
-11
-13
-14
-15
-19
-17
-19
-19
-18
-19
-20
-21
-20
-31
-26
-30
-35
-25
-24
-14
-17
-22
-22
-25
-23
-26
-25
-24
-23
-25
-28
-27
-31
-30
-29
-28
-28
-28
-31
-31
-31
-36
-37
-35
-33
-36
-37
-35
-31
-33
-34
-29
-30
-34
-32
-34
-32
-32
-34
-32
-31
-34
-36
-31
-31
-31
-31
-30
-34
-33
-33
-37
-36
-32
-35
-37
-34
-37
-30
-34
-34
-35
-33
-28
-32
-30
-31
-28
-28
-26
-25
-29
-30
-29
-27
-27
-28
-26
-25
-25
-20
-21
-25
-24
-27
-24
-25
-22
-23
-24
-26
-30
-31
-27
-22
-23
-27
-23
-21
-20
-16
-19
-15
-23
-24
-21
-22
-21
-22
-23
-24
-21
-22
-19
-16
-15
-19
-20
-22
-22
-21
-21
-18
-20
-22
-23
-23
-22
-21
-21
-21
-19
-18
-19
-19
-21
-17
-18
-16
-10
-15
-16
-15
-9
-7
-11
-11
-10
-13
-13
-8
-9
-12
-4
-5
-8
0
-4
-12
-15
-17
-16
-15
-19
-18
-13
-17
-23
-22
-20
-20
-16
-19
-15
-19
-18
-15
-20
-15
-14
-15
-11
-10
-11
-11
-6
-6
-7
-9
-14
-8
-9
-9
-8
-8
-6
-9
-10
-11
-9
-5
0
-6
-12
-11
-7
-8
-2
-1
-5
-10
-8
-5
-7
-6
-4
-4
0
-3
-2
-3
-3
2
-3
-1
-2
-3
-4
-3
-3
-4
-4
-4
-6
-4
-5
-5
-4
-5
-6
-9
-11
-9
-10
-11
-11
-15
-12
-16
-13
-16
-17
-13
-10
-11
-15
-14
-17
-18
-25
-21
-21
-24
-24
-19
-16
-19
-22
-18
-20
-19
-17
-22
-25
-24
-23
-24
-25
-24
-22
-24
-20
-20
-19
-19
-21
-19
-20
-22
-22
-22
-23
-22
-22
-24
-23
-21
-24
-26
-27
-27
-28
-29
-33
-30
-31
-31
-34
-31
-32
-35
-37
-35
-38
-44
-41
-43
-37
-28
-30
-28
-31
-32
-32
-28
-30
-32
-29
-27
-29
-32
-31
-32
-31
-29
-30
-32
-33
-33
-30
-32
-34
-36
-40
-37
-38
-40
-38
-38
-34
-36
-37
-39
-39
-37
-40
-40
-37
-41
-39
-34
-42
-41
-41
-36
-38
-39
-36
-41
-43
-39
-41
-46
-42
-39
-43
-46
-46
-44
-44
-42
-42
-43
-41
-40
-43
-39
-40
-37
-37
-39
-40
-43
-42
-41
-43
-41
-41
-39
-38
-40
-36
-42
-41
-41
-42
-39
-37
-37
-37
-39
-38
-38
-42
-42
-42
-39
-42
-37
-36
-38
-34
-32
-30
-34
-36
-33
-38
-37
-38
-40
-39
-37
-38
-35
-34
-38
-37
-39
-38
-38
-36
-37
-39
-37
-38
-38
-38
-39
-41
-40
-39
-40
-38
-37
-35
-37
-33
-34
-34
-29
-32
-34
-29
-25
-28
-28
-26
-28
-26
-26
-27
-26
-25
-19
-21
-18
-16
-21
-26
-28
-28
-31
-32
-27
-25
-31
-31
-31
-29
-29
-27
-24
-23
-25
-23
-24
-24
-24
-24
-24
-22
-19
-18
-18
-15
-16
-19
-18
-16
-20
-17
-18
-20
-16
-19
-17
-21
-17
-20
-27
-19
-24
-23
-24
-20
-18
-24
-15
-19
-22
-20
-19
-20
-22
-19
-17
-16
-18
-19
-16
-15
-17
-15
-14
-13
-17
-17
-20
-21
-23
-15
-18
-19
-19
-17
-17
-21
-23
-25
-23
-28
-22
-21
-25
-22
-23
-22
-22
-24
-18
-22
-19
-17
-19
-19
-21
-23
-23
-25
-27
-25
-26
-31
-28
-22
-24
-25
-21
-19
-22
-24
-21
-24
-27
-23
-25
-26
-25
-25
-26
-27
-24
-24
-23
-23
-25
-24
-26
-26
-27
-28
-26
-26
-26
-28
-27
-28
-28
-30
-30
-31
-31
-31
-33
-33
-35
-32
-34
-33
-31
-32
-30
-34
-44
-40
-38
-39
-29
-24
-25
-26
-31
-29
-26
-30
-27
-25
-28
-29
-31
-32
-31
-32
-31
-30
-31
-32
-30
-33
-33
-36
-37
-38
-41
-42
-43
-43
-42
-41
-38
-39
-39
-39
-44
-43
-45
-42
-42
-39
-38
-42
-43
-40
-40
-41
-43
-41
-41
-45
-45
-43
-47
-47
-45
-46
-46
-47
-48
-43
-44
-44
-44
-42
-42
-44
-40
-41
-43
-40
-43
-45
-42
-45
-44
-46
-44
-44
-43
-40
-41
-40
-40
-44
-41
-39
-41
-38
-39
-38
-35
-40
-43
-46
-40
-40
-44
-38
-37
-37
-36
-34
-32
-33
-33
-38
-36
-36
-39
-39
-38
-39
-35
-35
-35
-38
-35
-36
-37
-34
-36
-33
-35
-36
-38
-35
-33
-33
-33
-35
-35
-36
-36
-34
-38
-38
-37
-36
-33
-34
-34
-35
-36
-30
-29
-32
-33
-31
-32
-36
-33
-33
-33
-33
-24
-25
-25
-20
-26
-32
-29
-31
-36
-36
-35
-28
-34
-35
-33
-35
-33
-31
-27
-30
-33
-31
-32
-31
-30
-28
-30
-29
-25
-24
-23
-25
-21
-24
-26
-28
-27
-24
-24
-24
-21
-23
-25
-24
-23
-26
-28
-24
-22
-25
-28
-32
-30
-27
-31
-23
-21
-20
-20
-21
-21
-21
-21
-21
-18
-20
-20
-20
-19
-17
-17
-19
-15
-20
-20
-22
-23
-18
-18
-17
-16
-19
-13
-14
-16
-16
-20
-18
-23
-19
-15
-18
-18
-22
-16
-16
-18
-24
-20
-12
-12
-15
-18
-18
-18
-19
-24
-25
-27
-25
-23
-19
-16
-20
-18
-20
-17
-16
-18
-19
-20
-21
-20
-19
-19
-22
-25
-24
-23
-20
-22
-23
-21
-22
-20
-23
-21
-22
-21
-25
-23
-23
-24
-25
-28
-26
-28
-30
-31
-33
-34
-34
-34
-32
-34
-34
-34
-34
-32
-36
-44
-40
-46
-49
-37
-33
-31
-33
-34
-38
-33
-35
-37
-34
-35
-36
-39
-40
-41
-42
-40
-40
-41
-43
-42
-40
-42
-39
-43
-48
-47
-48
-49
-49
-48
-49
-47
-49
-49
-51
-51
-48
-48
-49
-50
-46
-42
-46
-47
-47
-46
-45
-46
-40
-40
-44
-44
-46
-47
-47
-45
-45
-47
-48
-47
-48
-45
-46
-43
-43
-45
-43
-44
-42
-43
-41
-40
-42
-39
-41
-42
-42
-43
-43
-40
-41
-40
-40
-38
-41
-40
-38
-38
-33
-36
-39
-34
-32
-39
-42
-41
-34
-35
-40
-37
-33
-33
-33
-32
-34
-35
-34
-37
-30
-35
-37
-38
-38
-35
-36
-31
-33
-33
-32
-31
-34
-31
-31
-33
-35
-35
-33
-36
-38
-36
-37
-36
-34
-32
-34
-33
-30
-30
-30
-31
-26
-25
-27
-27
-24
-19
-19
-19
-20
-22
-22
-23
-21
-23
-21
-11
-18
-10
-8
-16
-18
-19
-22
-19
-23
-22
-18
-22
-21
-23
-22
-21
-18
-17
-19
-17
-17
-17
-18
-16
-17
-14
-14
-14
-12
-10
-9
-9
-8
-11
-11
-13
-11
-11
-10
-9
-9
-11
-10
-10
-13
-9
-10
-6
-12
-16
-12
-13
-9
-11
-17
-18
-15
-11
-16
-17
-11
-9
-10
-11
-11
-11
-12
-12
-14
-13
-12
-15
-12
-13
-15
-13
-15
-11
-12
-13
-12
-14
-12
-15
-14
-17
-19
-19
-18
-14
-18
-17
-17
-19
-18
-19
-17
-18
-14
-13
-13
-14
-15
-15
-17
-19
-21
-21
-20
-22
-23
-20
-20
-20
-18
-21
-20
-23
-22
-24
-25
-23
-24
-25
-23
-25
-23
-23
-25
-23
-22
-18
-21
-21
-22
-21
-19
-20
-23
-25
-21
-23
-23
-23
-20
-20
-24
-21
-21
-27
-24
-26
-27
-24
-29
-27
-27
-29
-25
-35
-32
-28
-37
-29
-26
-17
-16
-15
-21
-17
-16
-17
-17
-19
-17
-22
-24
-26
-23
-21
-19
-19
-20
-21
-22
-21
-25
-26
-32
-29
-29
-32
-31
-31
-30
-29
-26
-32
-30
-27
-31
-31
-33
-33
-35
-32
-33
-33
-33
-30
-34
-30
-30
-29
-29
-34
-29
-35
-37
-34
-30
-33
-38
-35
-32
-35
-34
-32
-33
-31
-31
-30
-32
-32
-31
-30
-34
-35
-30
-34
-34
-36
-36
-34
-35
-34
-31
-34
-31
-33
-33
-30
-33
-32
-36
-39
-40
-35
-34
-39
-37
-36
-34
-33
-34
-31
-28
-30
-27
-30
-30
-32
-29
-29
-32
-29
-31
-29
-30
-29
-29
-29
-29
-33
-33
-29
-32
-28
-27
-31
-31
-33
-32
-30
-33
-33
-31
-28
-29
-29
-30
-30
-28
-26
-26
-27
-26
-24
-22
-20
-20
-20
-19
-18
-21
-22
-23
-20
-20
-14
-11
-17
-7
-5
-13
-19
-19
-18
-20
-23
-20
-14
-21
-21
-20
-20
-20
-17
-18
-21
-20
-19
-19
-17
-16
-20
-14
-17
-15
-14
-16
-11
-12
-11
-11
-12
-14
-18
-17
-12
-13
-12
-14
-17
-13
-19
-17
-18
-15
-14
-18
-21
-24
-16
-14
-11
-13
-14
-13
-16
-14
-11
-13
-10
-12
-13
-11
-11
-12
-12
-10
-13
-11
-13
-18
-16
-15
-12
-15
-13
-12
-12
-14
-15
-15
-18
-20
-19
-20
-19
-16
-16
-14
-14
-16
-13
-15
-13
-10
-12
-15
-16
-12
-16
-19
-20
-18
-19
-23
-25
-19
-20
-20
-19
-20
-16
-18
-17
-18
-17
-19
-19
-18
-17
-15
-17
-16
-14
-11
-12
-13
-13
-13
-10
-12
-14
-10
-13
-13
-11
-16
-10
-9
-10
-10
-12
-10
-14
-10
-12
-19
-15
-15
-13
-13
-13
-11
-16
-11
-19
-26
-16
-23
-20
-15
-10
-7
-11
-14
-13
-12
-19
-15
-11
-9
-14
-17
-17
-16
-16
-18
-16
-17
-17
-16
-17
-19
-19
-24
-25
-25
-26
-28
-26
-26
-26
-23
-26
-25
-30
-30
-28
-28
-29
-26
-22
-25
-25
-31
-29
-26
-25
-25
-27
-25
-31
-23
-25
-32
-30
-27
-29
-31
-32
-30
-30
-32
-33
-30
-30
-32
-28
-31
-28
-24
-24
-25
-27
-24
-26
-26
-26
-23
-26
-24
-24
-22
-19
-25
-22
-26
-24
-22
-23
-20
-20
-19
-22
-30
-29
-25
-20
-22
-25
-20
-23
-19
-20
-17
-17
-19
-21
-22
-24
-22
-20
-22
-20
-22
-21
-25
-20
-23
-19
-25
-26
-22
-22
-22
-24
-24
-23
-23
-24
-20
-23
-23
-23
-21
-20
-21
-20
-21
-18
-18
-17
-23
-24
-19
-20
-14
-16
-16
-15
-20
-19
-20
-18
-17
-16
-8
-13
-4
-7
-16
-18
-21
-19
-20
-21
-20
-13
-18
-24
-22
-22
-21
-19
-21
-24
-21
-20
-19
-21
-20
-21
-19
-18
-17
-11
-14
-10
-11
-9
-13
-15
-15
-13
-13
-11
-10
-11
-8
-13
-13
-15
-16
-13
-13
-14
-18
-15
-17
-21
-15
-16
-17
-17
-10
-10
-9
-10
-11
-11
-11
-8
-8
-12
-9
-9
-8
-8
-12
-6
-11
-9
-9
-8
-9
-11
-10
-9
-10
-10
-11
-13
-11
-13
-11
-10
-9
-7
-6
-8
-10
-9
-10
-8
-1
-4
-8
-9
-7
-6
-11
-13
-16
-17
-17
-21
-16
-14
-16
-17
-18
-15
-12
-15
-14
-17
-15
-16
-16
-15
-15
-15
-18
-19
-18
-16
-16
-19
-20
-18
-19
-17
-21
-23
-23
-21
-24
-25
-23
-24
-23
-25
-23
-26
-26
-23
-27
-26
-27
-27
-23
-26
-26
-28
-28
-27
-33
-32
-38
-40
-34
-23
-21
-23
-25
-27
-28
-27
-25
-23
-23
-28
-25
-26
-24
-26
-26
-24
-25
-25
-28
-28
-25
-27
-32
-32
-32
-35
-38
-32
-34
-32
-34
-38
-35
-36
-35
-34
-34
-35
-34
-31
-29
-32
-30
-26
-24
-25
-27
-24
-25
-30
-29
-23
-32
-34
-30
-33
-34
-34
-34
-33
-35
-30
-32
-30
-26
-26
-24
-22
-19
-18
-21
-22
-22
-24
-25
-28
-28
-31
-34
-30
-29
-26
-30
-25
-29
-30
-24
-27
-27
-30
-34
-33
-28
-26
-29
-29
-23
-26
-25
-24
-22
-22
-20
-16
-21
-23
-21
-19
-24
-26
-25
-22
-21
-23
-25
-26
-27
-30
-31
-30
-28
-30
-30
-29
-30
-32
-29
-32
-31
-31
-31
-28
-30
-28
-30
-29
-25
-27
-27
-26
-23
-27
-27
-22
-19
-20
-24
-22
-22
-23
-24
-23
-24
-25
-14
-16
-18
-18
-22
-22
-26
-25
-25
-27
-28
-22
-22
-25
-28
-26
-29
-25
-23
-26
-27
-30
-29
-30
-30
-28
-29
-26
-25
-22
-22
-25
-17
-19
-20
-21
-23
-19
-20
-17
-19
-21
-20
-19
-24
-21
-25
-23
-26
-30
-28
-34
-29
-27
-29
-30
-28
-34
-31
-26
-28
-26
-29
-27
-24
-24
-25
-22
-22
-24
-23
-23
-23
-28
-26
-26
-28
-27
-28
-27
-31
-30
-30
-28
-28
-31
-32
-36
-34
-33
-35
-33
-33
-37
-34
-37
-38
-41
-37
-29
-33
-33
-37
-37
-39
-40
-42
-46
-44
-43
-48
-46
-44
-43
-45
-47
-45
-47
-45
-47
-47
-46
-49
-46
-45
-45
-45
-43
-42
-43
-40
-39
-42
-43
-44
-41
-39
-43
-41
-43
-42
-42
-42
-38
-39
-43
-43
-41
-37
-40
-44
-51
-54
-59
-73
-74
-80
-89
-86
-87
-97
-86
-81
-69
-52
-43
-32
-33
-33
-35
-33
-40
-42
-44
-49
-56
-56
-56
-56
-54
-52
-47
-43
-40
-41
-42
-41
-47
-53
-57
-64
-68
-70
-72
-72
-69
-68
-62
-57
-51
-49
-44
-43
-43
-44
-48
-44
-51
-57
-58
-56
-52
-53
-48
-47
-48
-44
-42
-45
-49
-48
-45
-52
-55
-62
-62
-59
-64
-62
-65
-63
-58
-59
-57
-50
-49
-50
-48
-45
-45
-45
-45
-47
-47
-48
-46
-43
-43
-41
-39
-41
-40
-40
-39
-41
-41
-42
-46
-48
-50
-47
-47
-48
-47
-47
-45
-44
-41
-38
-41
-40
-41
-41
-37
-40
-43
-42
-42
-43
-39
-37
-37
-36
-38
-36
-38
-36
-34
-33
-33
-37
-38
-39
-41
-38
-37
-38
-38
-35
-35
-35
-34
-33
-33
-32
-32
-33
-34
-31
-30
-30
-26
-26
-28
-27
-25
-25
-27
-27
-26
-19
-16
-21
-17
-21
-25
-26
-25
-24
-26
-25
-22
-20
-20
-24
-25
-24
-23
-23
-22
-23
-20
-23
-24
-27
-26
-25
-25
-21
-21
-17
-19
-14
-15
-18
-17
-18
-15
-14
-16
-13
-15
-15
-13
-13
-13
-15
-16
-13
-13
-13
-13
-17
-14
-15
-14
-13
-13
-16
-13
-11
-15
-11
-14
-12
-11
-12
-11
-10
-9
-11
-9
-8
-10
-11
-13
-13
-10
-13
-11
-11
-11
-12
-11
-11
-14
-15
-16
-18
-16
-16
-17
-12
-13
-13
-13
-12
-12
-14
-5
-1
-9
-10
-9
-10
-10
-11
-14
-16
-15
-19
-16
-14
-13
-13
-14
-9
-12
-14
-11
-12
-12
-12
-8
-8
-7
-5
-7
-8
-6
-2
2
-1
0
0
2
1
3
2
1
0
-1
1
0
1
-1
-3
-6
-3
-1
-7
-7
-5
-3
-6
-4
-3
-2
0
1
-8
-16
-13
-13
-5
2
5
0
-1
-4
0
0
-5
-3
-3
-1
-3
-4
-6
-7
-10
-10
-6
-12
-9
-7
-8
-7
-11
-14
-13
-15
-18
-17
-18
-16
-19
-16
-18
-20
-20
-21
-21
-22
-23
-23
-21
-19
-25
-23
-19
-17
-17
-19
-18
-26
-22
-13
-18
-25
-21
-19
-19
-20
-21
-19
-20
-19
-23
-22
-20
-20
-16
-18
-19
-15
-16
-18
-18
-17
-19
-22
-19
-20
-17
-15
-13
-13
-12
-12
-15
-15
-16
-15
-13
-13
-12
-12
-12
-17
-20
-19
-17
-14
-16
-16
-16
-15
-12
-10
-12
-11
-16
-14
-12
-15
-13
-18
-14
-16
-13
-13
-13
-12
-14
-14
-14
-14
-15
-15
-15
-16
-16
-13
-17
-16
-18
-18
-17
-15
-13
-14
-15
-14
-12
-10
-9
-13
-12
-10
-7
-4
-5
-4
-6
-5
-10
-9
-8
-7
-3
-1
-1
4
-2
-12
-14
-13
-9
-13
-13
-9
-5
-3
-8
-9
-8
-8
-6
-3
-1
-2
-6
-4
-4
-7
-5
-5
-1
1
1
3
1
1
2
1
2
5
4
5
4
4
6
8
8
4
7
6
8
6
3
4
1
3
7
8
5
-2
3
9
6
6
6
12
10
9
8
8
8
10
9
10
11
12
10
9
11
10
14
12
14
13
14
14
14
17
12
14
10
12
10
10
11
10
8
10
11
11
13
11
18
15
14
14
12
13
9
9
10
4
5
9
11
9
5
9
7
12
7
2
2
2
3
2
1
2
0
0
2
3
5
5
6
5
8
6
8
10
6
7
8
6
9
7
6
5
6
3
3
3
-6
-4
-3
-7
-6
-7
-4
-5
-7
-4
-8
-11
-8
-14
-13
-5
2
7
1
-1
0
-1
-3
-1
0
-1
-1
-1
-3
-5
-3
1
-1
-1
-2
-3
0
-2
-2
-6
-6
-5
-7
-6
-5
0
-2
0
-1
-1
-1
-6
-3
-6
-6
-4
-2
-1
-7
-9
-4
-2
-1
-3
-2
-2
-5
5
5
-2
-3
4
3
1
-2
2
4
2
2
0
5
1
-1
0
1
-1
-1
3
-4
-2
-2
-4
-2
-4
-3
-2
2
3
2
2
2
3
3
0
5
4
1
5
-1
1
-1
-1
0
-1
1
3
1
2
3
6
2
-1
-1
-3
3
-4
-2
-6
-1
0
0
5
3
4
2
3
4
2
2
2
-1
-3
-3
1
-1
-5
-4
-4
-6
-6
-2
-3
-4
-5
-3
-1
0
-1
4
-2
1
9
6
7
8
3
3
4
5
5
5
11
3
11
14
5
1
-1
-3
-4
-3
-6
2
2
-3
-4
-2
-3
-1
2
2
1
3
0
0
0
1
2
2
5
7
4
6
6
4
7
5
5
5
10
9
8
13
9
11
16
13
9
10
13
13
13
17
15
16
18
16
6
9
15
17
15
15
16
15
16
13
13
14
12
15
13
13
14
16
11
11
12
15
19
16
20
18
17
17
16
14
12
13
10
8
9
10
9
9
8
9
9
11
12
10
15
12
12
13
13
10
7
11
11
11
10
13
14
10
14
14
14
13
13
13
8
8
7
8
5
7
6
5
7
9
8
9
11
7
9
11
8
9
9
11
11
9
13
11
9
9
10
6
6
5
2
3
6
1
0
3
4
4
1
3
-7
-3
-1
-8
-2
7
15
14
12
11
13
10
9
11
12
12
8
7
5
8
8
8
10
9
8
11
9
10
7
5
5
6
4
8
10
12
12
9
13
10
10
9
12
9
8
13
13
9
9
12
13
10
11
9
9
8
10
15
8
4
6
10
9
6
9
9
8
9
7
12
9
9
10
4
8
8
8
5
6
9
4
4
6
3
7
6
11
9
9
10
7
10
11
12
11
10
14
15
9
3
1
9
11
8
9
7
7
8
7
10
6
3
3
4
1
0
2
5
5
5
4
5
5
5
7
3
6
7
8
8
5
4
4
5
7
5
4
4
4
4
4
8
4
3
1
3
5
8
5
4
9
11
10
10
12
9
6
10
10
10
16
11
7
16
18
9
3
4
0
-3
-1
4
4
3
3
1
1
4
6
9
8
11
9
10
9
9
10
13
15
11
14
14
18
14
14
14
13
12
8
15
13
14
13
13
13
9
8
8
10
10
8
9
8
7
9
11
12
9
9
13
13
10
8
8
9
7
7
6
8
10
10
12
9
12
10
6
8
9
10
8
9
13
10
15
15
10
12
9
8
9
13
11
11
11
8
9
13
11
11
12
17
17
15
16
13
10
10
7
8
3
4
9
7
10
8
11
14
9
10
11
7
9
7
7
9
10
10
8
11
14
14
12
17
13
11
13
15
15
12
14
16
14
12
13
13
13
11
11
9
13
9
7
11
7
9
11
12
10
10
12
4
5
3
-5
5
13
15
13
16
11
12
15
12
11
18
18
13
11
9
10
10
12
12
9
9
11
12
7
8
6
6
5
1
5
7
4
6
5
7
7
2
3
2
1
0
1
6
5
2
2
4
2
2
5
7
6
0
3
3
-5
-5
-1
-1
-2
-2
-1
-3
0
-1
-3
-2
-6
0
-1
0
-1
-1
-2
-4
-5
-3
-5
-7
-3
-5
-4
-5
-2
0
-2
0
-2
-1
2
2
1
-1
-3
-3
-4
-2
-3
1
4
4
4
2
6
7
9
8
7
5
4
5
3
5
6
5
7
7
5
4
7
6
5
7
7
6
7
3
3
4
2
4
2
0
1
2
2
0
1
1
1
3
2
7
6
6
5
12
15
9
13
12
7
8
11
14
12
15
20
16
20
21
12
8
7
4
1
5
7
10
7
3
6
2
7
8
9
12
10
8
9
7
4
4
6
8
7
11
10
12
14
9
11
10
10
9
8
10
8
7
10
8
9
5
10
10
3
7
5
8
12
11
8
10
12
9
8
12
13
10
10
13
13
9
10
9
10
7
14
14
10
15
12
8
10
12
11
11
9
9
9
11
10
9
7
5
7
9
11
8
9
6
6
7
7
8
13
9
7
10
8
5
2
4
1
-2
-1
-3
3
3
5
3
3
6
6
5
2
2
2
0
3
1
3
2
-1
-2
-1
0
3
1
2
1
0
4
1
2
-1
-2
-2
0
-1
-2
-2
-7
-6
-6
-11
-9
-11
-11
-10
-12
-15
-14
-12
-12
-13
-20
-24
-19
-22
-19
-16
-9
-10
-13
-12
-13
-13
-13
-15
-16
-13
-17
-17
-19
-20
-19
-19
-16
-17
-15
-19
-16
-16
-19
-20
-23
-23
-24
-24
-21
-22
-21
-22
-26
-22
-21
-25
-25
-23
-21
-26
-21
-22
-23
-24
-27
-22
-22
-20
-18
-24
-21
-18
-22
-24
-25
-22
-22
-22
-22
-21
-19
-22
-21
-24
-20
-18
-21
-23
-21
-21
-20
-24
-21
-17
-19
-20
-21
-19
-20
-19
-17
-17
-16
-17
-21
-17
-18
-18
-17
-16
-14
-20
-16
-17
-23
-24
-23
-16
-20
-15
-16
-18
-14
-16
-15
-17
-18
-17
-13
-20
-22
-23
-21
-20
-15
-17
-18
-18
-19
-17
-23
-18
-17
-19
-19
-25
-22
-24
-26
-25
-27
-25
-25
-23
-22
-22
-23
-28
-27
-25
-26
-25
-28
-28
-23
-21
-21
-25
-26
-24
-24
-25
-24
-26
-23
-14
-19
-16
-18
-27
-29
-27
-29
-33
-30
-29
-27
-25
-26
-30
-30
-28
-23
-26
-28
-23
-24
-24
-27
-28
-27
-26
-25
-23
-21
-24
-22
-19
-23
-22
-21
-19
-20
-21
-17
-18
-20
-18
-20
-18
-21
-19
-15
-17
-18
-22
-21
-20
-17
-14
-16
-19
-19
-17
-17
-17
-15
-16
-15
-12
-16
-16
-17
-13
-16
-17
-17
-18
-18
-16
-19
-18
-16
-17
-16
-18
-18
-14
-21
-20
-21
-24
-23
-22
-21
-26
-23
-23
-24
-23
-24
-23
-27
-25
-18
-17
-17
-24
-23
-24
-28
-25
-27
-27
-30
-34
-26
-25
-27
-23
-27
-27
-28
-29
-30
-31
-29
-28
-29
-28
-28
-32
-31
-33
-34
-30
-30
-30
-27
-31
-28
-26
-27
-29
-29
-29
-29
-30
-32
-33
-32
-34
-37
-33
-37
-40
-41
-40
-41
-41
-40
-39
-38
-39
-39
-48
-46
-47
-54
-38
-32
-27
-30
-35
-31
-31
-33
-32
-34
-30
-32
-33
-33
-35
-34
-32
-31
-30
-34
-34
-30
-29
-30
-37
-35
-35
-37
-37
-36
-30
-29
-29
-29
-31
-31
-33
-30
-31
-33
-31
-31
-28
-32
-35
-34
-32
-30
-32
-27
-26
-33
-32
-29
-33
-32
-27
-29
-31
-34
-31
-29
-29
-30
-32
-31
-33
-27
-31
-29
-30
-29
-26
-33
-29
-31
-33
-32
-31
-28
-32
-27
-25
-27
-24
-27
-24
-25
-28
-25
-27
-24
-30
-32
-27
-23
-22
-29
-29
-27
-28
-27
-27
-25
-24
-22
-20
-26
-28
-27
-27
-27
-27
-24
-21
-21
-21
-20
-19
-22
-23
-22
-21
-17
-20
-21
-22
-20
-21
-18
-19
-22
-21
-21
-21
-25
-23
-22
-20
-23
-19
-21
-21
-21
-19
-18
-16
-13
-14
-14
-16
-19
-16
-16
-16
-15
-7
-9
-13
-12
-18
-21
-24
-25
-26
-24
-25
-20
-23
-24
-25
-26
-21
-18
-15
-18
-16
-14
-13
-16
-16
-15
-15
-15
-11
-9
-10
-9
-11
-10
-13
-14
-11
-11
-8
-10
-6
-9
-8
-6
-8
-10
-11
-12
-12
-10
-15
-12
-12
-16
-9
-7
-14
-17
-11
-12
-18
-15
-14
-14
-12
-15
-13
-14
-16
-15
-15
-12
-13
-16
-14
-13
-15
-13
-13
-14
-13
-13
-13
-13
-13
-13
-16
-14
-17
-13
-14
-18
-13
-16
-15
-16
-14
-12
-21
-11
-8
-14
-14
-13
-14
-17
-19
-18
-17
-18
-19
-16
-13
-15
-14
-12
-12
-16
-13
-13
-14
-11
-14
-14
-13
-14
-12
-15
-13
-13
-10
-6
-7
-7
-6
-6
-4
-4
-6
-4
-7
-5
-5
-5
-5
-6
-5
-10
-10
-8
-12
-10
-13
-12
-14
-13
-12
-12
-14
-14
-19
-21
-20
-23
-17
-14
-6
-5
-9
-9
-9
-9
-15
-10
-6
-7
-10
-10
-9
-10
-12
-10
-7
-8
-10
-10
-10
-9
-14
-16
-15
-16
-16
-16
-11
-12
-13
-10
-12
-11
-14
-15
-12
-18
-14
-15
-10
-9
-17
-18
-15
-10
-9
-12
-11
-14
-20
-12
-15
-18
-18
-14
-15
-20
-20
-18
-17
-16
-16
-17
-15
-17
-16
-13
-14
-14
-12
-15
-14
-14
-16
-13
-13
-13
-13
-15
-10
-8
-10
-13
-12
-10
-10
-11
-9
-7
-7
-15
-14
-13
-7
-6
-6
-5
-4
-1
-4
0
5
4
5
3
-3
1
-4
-6
-1
-1
-1
0
4
3
3
4
3
1
2
3
2
4
3
2
3
1
4
1
2
0
3
3
3
5
2
3
2
8
2
1
2
4
8
7
6
7
8
4
3
3
8
7
11
8
10
12
9
-1
-6
-2
-5
-5
-4
0
1
-5
-7
-9
-6
-3
0
-3
0
1
-3
1
-1
-2
-2
0
-1
0
2
5
5
5
4
0
-1
-1
0
0
-1
1
-1
3
3
-1
4
0
3
0
-3
3
-2
1
-7
-4
2
-4
-5
-6
0
-1
-1
1
-1
-1
0
-4
-6
-5
-5
-4
-4
-1
-6
-6
-4
-3
-2
0
-2
-1
1
-1
-2
-3
-3
-4
-5
-6
-3
-2
-4
-1
-5
1
-1
-6
-4
0
3
0
-1
-1
-4
-2
-8
-10
-7
-12
-10
-6
0
-4
-4
-5
-4
-5
-5
-2
-7
-7
-9
-9
-9
-8
-10
-8
-9
-5
-4
-5
-7
-9
-10
-10
-11
-10
-13
-12
-9
-12
-11
-11
-10
-12
-15
-16
-14
-13
-20
-21
-18
-22
-21
-23
-21
-20
-24
-21
-32
-36
-34
-36
-27
-22
-18
-22
-20
-24
-17
-18
-23
-23
-22
-19
-19
-26
-22
-21
-25
-24
-22
-20
-24
-22
-22
-23
-22
-24
-26
-25
-28
-27
-27
-26
-25
-25
-27
-25
-27
-29
-25
-27
-28
-26
-23
-23
-28
-28
-28
-22
-23
-18
-17
-17
-24
-23
-18
-27
-24
-22
-21
-27
-24
-22
-27
-20
-26
-24
-19
-22
-22
-22
-23
-21
-19
-19
-23
-21
-18
-22
-21
-22
-20
-18
-19
-14
-15
-16
-19
-15
-14
-16
-16
-13
-13
-12
-13
-13
-19
-17
-12
-16
-13
-11
-10
-8
-7
-7
-13
-7
-8
-9
-10
-16
-16
-15
-14
-12
-12
-11
-14
-12
-12
-14
-12
-15
-10
-12
-15
-13
-13
-14
-11
-13
-13
-14
-14
-13
-15
-13
-16
-10
-10
-12
-12
-13
-8
-9
-8
-4
-6
-2
-4
-5
-4
-8
-6
-5
-1
3
-1
6
5
-3
-4
-5
-8
-11
-10
-6
-4
-3
-9
-10
-8
-8
-6
-2
-4
-3
-5
-7
-5
-4
-6
-4
-1
1
2
5
5
3
6
3
5
6
5
5
4
5
5
5
5
7
2
2
5
5
3
5
0
-1
4
-4
7
6
1
3
5
8
4
5
3
4
2
2
1
-3
-5
-1
-3
-3
-3
-5
-3
-3
-2
-5
-6
-3
-5
-4
-3
-5
-10
-11
-8
-12
-8
-5
-11
-9
-9
-12
-6
-11
-12
-10
-5
-6
-10
-11
-15
-15
-18
-19
-22
-19
-16
-18
-14
-9
-15
-14
-11
-12
-15
-15
-13
-17
-18
-21
-19
-21
-20
-21
-23
-21
-20
-18
-19
-20
-19
-16
-17
-15
-15
-17
-18
-17
-17
-16
-15
-14
-18
-18
-18
-17
-18
-26
-20
-21
-23
-23
-21
-18
-21
-19
-21
-23
-22
-32
-32
-20
-10
-9
-14
-13
-14
-13
-12
-13
-8
-10
-11
-12
-13
-12
-15
-13
-14
-11
-13
-14
-12
-14
-17
-17
-17
-19
-21
-20
-16
-17
-17
-18
-16
-20
-20
-20
-20
-20
-20
-23
-18
-18
-18
-19
-22
-14
-15
-15
-16
-16
-19
-16
-17
-19
-18
-19
-21
-22
-24
-20
-21
-20
-19
-24
-21
-19
-20
-20
-22
-22
-23
-21
-22
-25
-23
-25
-24
-23
-23
-24
-24
-20
-21
-20
-23
-23
-21
-22
-23
-19
-24
-20
-21
-29
-29
-26
-19
-23
-24
-22
-19
-18
-17
-15
-17
-18
-19
-17
-14
-19
-22
-21
-19
-14
-14
-16
-17
-17
-17
-18
-19
-18
-16
-16
-17
-17
-16
-19
-17
-21
-21
-18
-18
-17
-16
-18
-17
-17
-17
-19
-16
-19
-20
-15
-16
-13
-10
-9
-11
-9
-8
-9
-8
-9
-5
0
-6
4
3
-6
-10
