-2
-1
1
2
2
2
2
3
2
0
-2
-3
-4
-8
-9
-7
-6
-5
-7
-8
-5
-2
-4
-6
-3
-5
-5
-6
0
-2
-5
-2
-2
0
-7
-5
-8
-8
-12
-8
-9
-8
-10
-9
-7
-9
-10
-11
-10
-10
-7
-9
-5
-2
-3
-1
2
-5
-5
-7
-8
-8
-8
-6
-5
-6
-2
-4
-4
-3
-7
-5
-7
-9
-12
-11
-13
-12
-9
-11
-8
-12
-11
-13
-11
-9
-12
-8
-8
-6
-11
-11
-10
-9
-11
-12
-13
-12
-12
-11
-11
-14
-9
-9
-12
-16
-12
-12
-13
-13
-11
-12
-14
-15
-16
-13
-13
-14
-11
-14
-15
-17
-13
-14
-18
-16
-21
-19
-18
-17
-18
-21
-20
-19
-22
-24
-19
-19
-18
-21
-20
-19
-18
-17
-18
-20
-17
-14
-17
-17
-17
-19
-17
-15
-15
-14
-13
-12
-13
-15
-17
-21
-19
-20
-20
-22
-23
-23
-26
-29
-25
-23
-25
-28
-25
-27
-27
-26
-26
-23
-21
-20
-20
-19
-20
-18
-19
-21
-23
-24
-23
-24
-25
-26
-28
-25
-27
-26
-25
-25
-22
-21
-21
-22
-22
-22
-23
-23
-22
-22
-18
-21
-19
-22
-22
-21
-21
-20
-20
-16
-17
-15
-11
-14
-14
-16
-20
-16
-17
-17
-21
-22
-19
-15
-18
-17
-17
-14
-12
-12
-11
-15
-13
-13
-9
-11
-8
-7
-10
-9
-11
-10
-13
-13
-14
-12
-10
-13
-15
-14
-12
-10
-10
-10
-10
-9
-12
-12
-11
-9
-8
-12
-9
-10
-11
-9
-10
-13
-12
-12
-15
-14
-16
-12
-11
-10
-7
-11
-7
-10
-9
-5
-7
-8
-4
-6
-9
-10
-10
-9
-8
-11
-15
-14
-12
-12
-14
-11
-9
-12
-13
-10
-10
-10
-13
-14
-13
-10
-11
-13
-7
-8
-9
-8
-10
-11
-13
-9
-10
-9
-9
-10
-4
-3
-4
-3
-3
-6
-5
-8
-7
-7
-5
-7
-12
-11
-13
-9
-8
-13
-15
-16
-13
-10
-17
-14
-13
-10
-12
-10
-11
-13
-12
-11
-11
-12
-11
-9
-6
-9
-6
-8
-5
-8
-6
-3
-4
-6
-10
-10
-10
-9
-11
-10
-12
-13
-11
-10
-11
-10
-10
-8
-10
-10
-12
-7
-6
-8
-9
-9
-10
-9
-11
-8
-8
-11
-8
-8
-7
-8
-6
-5
-9
-8
-6
-9
-12
-10
-13
-11
-13
-12
-8
-9
-9
-8
-8
-10
-13
-10
-7
-6
-11
-8
-7
-8
-7
-8
-7
-10
-10
-12
-17
-15
-16
-16
-14
-13
-12
-12
-10
-11
-11
-14
-18
-19
-20
-17
-14
-10
-10
-9
-6
-10
-8
-10
-12
-10
-11
-11
-10
-9
-9
-11
-6
-9
-12
-9
-12
-13
-12
-13
-12
-13
-10
-10
-10
-8
-10
-12
-11
-11
-10
-8
-13
-14
-13
-10
-9
-7
-8
-7
-10
-9
-11
-11
-8
-10
-12
-12
-6
-6
-6
-7
-7
-6
-9
-11
-9
-5
-6
-7
-5
-3
-4
-1
-3
-3
-3
-6
-5
-7
-4
-3
-6
-6
-4
-2
-3
0
-6
-3
-3
0
2
-3
0
1
4
2
1
0
-1
-2
-1
-1
1
0
2
3
1
0
1
3
0
0
-3
3
2
0
4
5
3
1
2
-1
0
3
1
2
-1
2
-1
1
1
1
3
3
2
3
5
2
2
0
2
-1
5
1
1
4
3
4
3
7
9
10
10
7
3
2
4
4
5
7
12
7
9
7
8
9
5
5
2
5
4
2
3
3
5
4
4
5
6
5
3
4
5
3
7
5
9
7
6
9
5
5
7
4
6
5
4
9
7
9
10
6
8
7
7
10
8
8
6
7
4
3
4
6
6
3
-1
4
5
4
4
4
7
6
7
4
3
3
3
1
2
3
1
4
5
3
4
3
-2
2
4
6
4
1
1
2
4
6
7
6
4
3
3
2
0
0
3
7
5
3
1
5
0
-3
1
-3
-2
-1
0
3
4
1
3
5
2
2
2
1
1
-1
-1
0
1
0
0
0
0
3
1
-1
1
4
2
0
1
3
1
4
3
2
4
0
-1
-2
1
-2
-3
-2
-2
-6
-6
-5
-2
-3
-3
-2
0
-1
-2
-6
-12
-2
-5
-8
-5
-5
-2
-2
-1
1
-1
1
-2
-1
-2
-1
1
-3
0
2
1
2
3
5
3
2
1
-2
-2
-2
0
-1
0
3
-1
2
1
0
1
-4
-3
-5
-2
1
0
2
4
4
4
2
1
3
0
-4
0
4
5
4
2
1
1
2
1
-2
-2
0
-1
0
3
-3
-4
1
3
5
0
-2
1
-2
-3
-3
-4
-3
-1
-1
-1
1
-1
3
4
3
1
1
7
5
3
5
7
5
3
7
6
7
8
7
7
9
9
8
9
6
7
4
8
9
8
10
8
6
7
5
9
9
11
13
13
12
10
11
9
13
16
13
13
14
12
13
12
10
13
13
13
10
12
13
15
16
12
13
13
16
16
16
17
15
14
10
11
13
10
16
18
12
11
13
13
12
10
10
9
9
8
8
10
10
9
9
11
11
11
9
3
6
8
5
6
7
8
11
11
11
13
10
12
9
13
12
10
10
9
11
12
14
11
9
11
9
10
11
5
7
9
6
6
9
8
4
7
7
6
9
11
10
11
12
11
14
9
10
9
12
9
6
9
7
8
9
9
7
7
7
6
7
4
3
5
5
4
4
3
7
7
9
8
5
4
5
5
2
5
6
4
5
7
7
8
8
4
4
3
5
7
6
7
6
1
2
4
3
3
5
4
1
3
2
5
3
2
1
2
5
6
5
6
7
4
6
5
6
6
6
8
8
4
3
3
4
1
3
3
-3
-2
-1
1
0
0
3
2
1
1
-1
3
3
3
2
4
3
4
4
4
5
3
4
1
4
5
5
4
7
2
2
5
4
1
2
2
2
1
1
-1
-2
0
0
4
2
5
3
4
2
1
2
2
2
2
6
1
1
3
2
1
2
1
-1
0
0
3
6
2
-2
-2
-1
0
1
-3
-1
1
0
5
2
2
2
0
2
1
-1
-1
0
1
0
0
0
0
1
2
4
4
2
3
4
5
1
4
5
8
10
6
7
5
6
7
7
8
7
4
8
8
8
9
9
8
7
6
5
5
5
4
1
6
4
5
7
5
5
6
7
6
8
7
8
4
4
6
6
7
8
6
6
8
7
5
7
5
6
7
7
9
9
8
7
10
9
13
10
9
10
12
10
11
12
13
19
12
11
9
9
13
10
8
8
7
8
6
6
8
8
6
4
8
9
9
5
6
7
7
8
10
12
13
14
13
14
12
15
12
12
10
10
11
11
13
11
11
11
11
9
7
10
8
8
6
8
7
7
10
10
8
4
6
12
12
11
10
11
11
12
13
10
9
14
13
12
11
7
9
8
7
6
7
7
7
10
7
6
5
4
7
7
7
4
9
9
7
7
6
8
12
9
8
7
4
5
4
3
4
5
6
3
2
2
4
4
3
7
4
4
5
6
5
6
6
3
3
2
2
2
1
0
2
0
4
3
7
4
-1
4
2
2
6
1
4
4
1
0
-1
0
-1
1
2
-1
0
-3
-4
-5
0
0
0
4
3
3
-2
-5
-1
-2
-3
-2
-1
0
1
-1
1
0
-1
2
-1
0
0
-1
-1
-2
-1
2
3
1
0
-1
-2
0
-2
-2
-3
-4
-2
-2
-3
-3
-3
-3
-4
-2
-5
-7
-5
-5
-1
-1
0
-3
-1
-3
-6
-3
-5
-5
-5
-3
0
-1
0
-3
-4
-3
-2
-2
0
-3
-3
0
0
-2
-1
-2
-1
-1
-2
2
-2
-1
-4
-2
-2
-5
-4
-3
-2
-3
0
-2
0
-2
-2
-2
-3
-1
3
-1
0
2
-1
3
-2
1
-1
-1
1
3
2
1
4
2
-1
-1
-3
0
0
3
5
3
2
1
3
1
3
3
3
4
0
4
2
1
1
-1
1
-1
1
0
-1
1
3
2
1
2
0
-2
3
1
4
-1
2
6
5
4
4
3
1
2
4
2
4
4
4
5
2
3
0
3
6
0
-1
-1
-1
1
3
4
2
2
2
3
1
3
0
0
0
3
3
1
4
5
7
8
7
8
6
3
5
4
7
8
8
6
7
7
5
7
4
6
0
2
1
2
3
4
7
4
9
4
-1
3
4
1
3
5
6
7
4
6
8
4
3
7
4
5
3
4
5
7
5
3
7
6
6
8
9
8
5
2
3
3
2
2
1
6
3
-1
-1
0
-1
0
3
-3
3
0
-2
0
-1
0
-2
-4
0
1
-1
3
-1
0
-2
-3
0
0
-1
-1
-1
1
1
-2
0
0
0
-1
3
1
2
0
1
6
2
3
3
2
2
5
2
3
3
0
4
0
-1
-1
-3
-2
-1
-4
-2
-1
-4
-2
-5
-3
-4
-4
-12
-9
-5
-9
-8
-6
-1
0
-2
-2
-1
-2
0
-4
-5
-3
-6
-3
-2
-2
1
2
1
-5
-2
-1
-5
-5
-6
-7
-7
-7
-7
-7
-6
-4
-3
-5
-5
-7
-8
-6
-7
-4
-5
-7
-3
-6
-7
-6
-4
-6
-6
-6
-10
-5
-1
-1
-2
-6
-5
-6
-5
-6
-4
-6
-6
-5
-7
-7
-7
-8
-2
-6
-6
-5
-8
-6
-4
-6
-8
-6
-4
-8
-8
-5
-7
-8
-6
-6
-6
-6
-4
-4
-4
-5
-6
-5
-6
-7
-7
-4
-5
-5
-5
-7
-6
-6
-4
-5
-5
-6
-6
-5
-7
-8
-6
-4
-5
-6
-10
-7
-6
-5
-4
-4
-7
-5
-5
-5
-8
-4
-5
-6
-6
-6
-8
-6
-6
-6
-7
-8
-4
-5
-5
-4
-2
-4
-6
-2
-1
-2
-3
-2
-5
-5
-4
-4
-1
-1
1
-2
-4
-1
-1
-3
-6
-7
-11
-10
-5
-7
-5
-7
-7
-5
-6
-7
-4
-5
-8
-6
-6
-4
-5
-5
-3
-4
-1
-2
1
2
-3
-2
-4
-2
-2
-5
4
1
-1
0
0
-2
-2
-3
-4
-4
-2
-4
-5
-2
-3
-1
-4
-9
-8
-3
-4
-4
-4
-3
-2
-4
-1
-1
-5
-6
-4
-2
-5
-5
-5
-5
-5
-4
-4
-4
-8
-5
-4
-5
-4
-6
-7
-9
-8
-8
-7
-5
-7
-8
-8
-8
-11
-7
-9
-9
-10
-12
-9
-8
-10
-8
-11
-12
-12
-15
-13
-12
-13
-15
-12
-12
-16
-15
-15
-13
-10
-13
-12
-13
-13
-13
-14
-12
-14
-16
-13
-14
-14
-15
-15
-13
-11
-10
-11
-10
-13
-11
-14
-15
-14
-17
-17
-13
-16
-18
-19
-20
-21
-18
-19
-22
-19
-23
-20
-19
-20
-22
-27
-23
-23
-24
-22
-18
-17
-17
-18
-18
-18
-20
-20
-21
-20
-19
-19
-18
-19
-16
-17
-17
-16
-18
-20
-20
-23
-22
-26
-23
-23
-24
-23
-22
-22
-23
-21
-23
-20
-23
-26
-22
-23
-23
-22
-21
-21
-18
-18
-23
-20
-21
-22
-26
-25
-22
-21
-20
-23
-21
-24
-23
-21
-24
-24
-22
-22
-22
-23
-25
-22
-21
-22
-22
-20
-24
-24
-23
-24
-23
-22
-25
-24
-22
-21
-21
-21
-21
-21
-24
-23
-22
-20
-19
-20
-21
-22
-20
-22
-21
-21
-20
-19
-21
-18
-20
-19
-17
-20
-21
-21
-22
-21
-19
-19
-17
-18
-17
-16
-18
-17
-18
-18
-18
-19
-20
-17
-18
-17
-15
-16
-17
-18
-16
-17
-17
-19
-17
-18
-18
-17
-17
-19
-18
-17
-14
-12
-16
-14
-14
-12
-14
-14
-14
-14
-13
-15
-12
-15
-10
-8
-14
-15
-15
-14
-15
-14
-18
-17
-16
-18
-17
-14
-13
-13
-13
-14
-15
-14
-18
-21
-19
-15
-16
-18
-16
-16
-16
-13
-14
-16
-14
-16
-16
-17
-15
-21
-14
-13
-16
-14
-15
-15
-18
-14
-17
-15
-16
-16
-17
-16
-15
-16
-14
-13
-18
-19
-15
-14
-14
-16
-13
-11
-14
-15
-15
-18
-21
-13
-14
-12
-14
-16
-13
-13
-14
-16
-14
-15
-15
-15
-13
-18
-18
-19
-18
-19
-21
-21
-18
-19
-20
-18
-22
-21
-19
-18
-21
-20
-21
-19
-19
-21
-20
-23
-20
-25
-24
-21
-19
-23
-23
-22
-18
-21
-23
-23
-22
-18
-21
-23
-22
-24
-25
-24
-24
-23
-21
-23
-22
-19
-23
-23
-21
-24
-23
-23
-21
-22
-23
-22
-23
-24
-25
-27
-26
-27
-26
-27
-30
-26
-24
-24
-27
-27
-27
-28
-27
-27
-32
-29
-27
-29
-26
-29
-26
-24
-21
-22
-22
-27
-28
-27
-27
-27
-27
-28
-30
-27
-28
-28
-27
-30
-33
-30
-33
-34
-34
-35
-35
-33
-30
-31
-32
-34
-33
-33
-34
-34
-36
-36
-34
-33
-34
-35
-35
-35
-35
-34
-34
-39
-34
-37
-40
-39
-37
-35
-35
-36
-37
-35
-36
-37
-35
-35
-37
-36
-34
-35
-36
-38
-38
-35
-36
-33
-35
-37
-34
-37
-36
-38
-37
-36
-34
-33
-32
-35
-35
-37
-37
-36
-36
-31
-33
-33
-32
-36
-37
-34
-34
-33
-36
-37
-38
-34
-32
-35
-35
-37
-38
-38
-37
-36
-38
-38
-39
-38
-40
-39
-35
-37
-34
-36
-35
-36
-37
-37
-34
-37
-34
-36
-38
-38
-38
-35
-37
-34
-37
-36
-35
-35
-35
-35
-33
-33
-31
-30
-37
-29
-31
-32
-28
-32
-32
-31
-30
-29
-32
-29
-27
-26
-30
-34
-32
-32
-32
-35
-35
-35
-35
-34
-33
-31
-30
-31
-32
-31
-29
-30
-34
-32
-32
-29
-28
-28
-27
-30
-27
-25
-25
-20
-24
-26
-24
-29
-27
-27
-23
-22
-24
-23
-26
-26
-27
-25
-27
-28
-29
-28
-29
-27
-26
-24
-23
-30
-31
-27
-23
-27
-24
-23
-25
-25
-23
-22
-26
-25
-24
-23
-21
-23
-23
-21
-21
-25
-23
-19
-21
-22
-22
-20
-21
-22
-26
-24
-24
-25
-25
-22
-26
-25
-24
-28
-25
-24
-26
-25
-25
-24
-22
-25
-21
-21
-23
-24
-26
-24
-23
-21
-21
-20
-23
-19
-20
-22
-24
-22
-23
-23
-20
-23
-23
-24
-21
-22
-21
-21
-19
-19
-18
-20
-18
-17
-21
-20
-20
-20
-23
-21
-21
-22
-22
-24
-23
-22
-22
-21
-22
-23
-21
-22
-19
-19
-20
-19
-19
-24
-19
-20
-25
-19
-20
-20
-22
-21
-16
-17
-18
-17
-17
-18
-16
-20
-19
-18
-18
-17
-19
-20
-17
-21
-18
-18
-22
-20
-21
-22
-22
-22
-25
-21
-22
-21
-20
-23
-22
-20
-26
-27
-26
-25
-22
-22
-21
-22
-21
-21
-19
-22
-17
-17
-21
-20
-23
-20
-19
-21
-18
-19
-20
-21
-24
-23
-23
-24
-23
-22
-22
-23
-25
-22
-23
-22
-21
-20
-19
-22
-23
-20
-20
-21
-22
-24
-21
-20
-20
-20
-22
-24
-22
-22
-23
-21
-20
-21
-20
-20
-21
-19
-19
-18
-21
-20
-19
-17
-19
-19
-17
-18
-17
-19
-18
-20
-19
-19
-18
-16
-17
-15
-17
-16
-16
-18
-17
-21
-19
-17
-18
-18
-17
-21
-21
-20
-17
-18
-20
-20
-19
-18
-18
-19
-19
-19
-17
-16
-15
-15
-16
-13
-14
-20
-18
-17
-17
-18
-19
-18
-20
-16
-14
-20
-19
-20
-16
-16
-18
-18
-20
-18
-20
-17
-17
-16
-13
-15
-16
-16
-14
-18
-20
-19
-18
-17
-17
-16
-17
-15
-15
-14
-15
-12
-12
-14
-15
-12
-16
-16
-11
-14
-11
-11
-12
-10
-11
-12
-15
-17
-16
-15
-16
-16
-14
-13
-18
-19
-18
-20
-12
-11
-14
-14
-14
-13
-14
-13
-13
-11
-15
-13
-14
-17
-13
-11
-13
-15
-14
-13
-14
-14
-11
-11
-12
-11
-13
-11
-12
-12
-12
-12
-15
-12
-15
-16
-15
-14
-13
-15
-11
-15
-15
-15
-16
-14
-13
-14
-13
-14
-12
-12
-11
-12
-10
-12
-12
-10
-13
-14
-15
-12
-14
-14
-13
-15
-13
-13
-17
-13
-16
-17
-16
-14
-11
-14
-15
-14
-12
-15
-14
-14
-18
-15
-18
-18
-16
-19
-19
-20
-21
-25
-25
-23
-23
-21
-19
-21
-22
-21
-21
-22
-24
-21
-21
-23
-22
-21
-17
-16
-16
-17
-19
-20
-18
-17
-18
-19
-19
-20
-20
-19
-15
-15
-19
-19
-19
-22
-17
-18
-22
-21
-21
-19
-19
-18
-16
-15
-17
-16
-19
-18
-17
-18
-15
-15
-16
-17
-14
-15
-15
-15
-20
-18
-16
-17
-16
-12
-13
-13
-16
-16
-15
-16
-15
-13
-15
-14
-12
-13
-13
-13
-12
-12
-13
-12
-11
-12
-14
-13
-13
-15
-14
-14
-15
-12
-13
-11
-12
-13
-8
-11
-12
-11
-9
-10
-10
-11
-9
-13
-13
-14
-12
-10
-11
-8
-9
-5
-8
-11
-8
-7
-6
-10
-8
-5
-8
-7
-7
-5
-7
-5
-5
-6
-5
-7
-6
-7
-5
-5
-5
-3
-7
-7
-5
-5
-8
-7
-7
-6
-5
-7
-7
-7
-3
-7
-5
-3
-6
-3
-3
2
-2
-1
-1
-5
-1
-3
-2
-2
-3
2
-1
-3
-3
-2
-1
0
-1
-3
-2
-4
-4
-6
-5
-3
-5
-4
-6
-5
-5
-8
-6
-6
-7
-5
-5
-3
-3
2
3
0
1
-1
-2
-2
-5
-4
-3
1
2
2
1
-1
-1
-2
-4
-2
-3
-3
-4
-5
-6
-3
-1
-3
-2
-7
-5
-3
-3
-2
-3
-2
-2
-4
-3
-6
-9
-7
-6
-4
-4
-8
-8
-8
-9
-10
-7
-7
-6
-4
-4
-4
-6
-7
-8
-7
-9
-9
-5
-8
-8
-8
-8
-10
-7
-9
-6
-10
-11
-8
-8
-7
-8
-8
-13
-13
-9
-11
-11
-7
-7
-8
-6
-10
-10
-9
-8
-11
-11
-8
-6
-8
-9
-9
-8
-7
-8
-7
-9
-11
-10
-5
-6
-9
-8
-7
-6
-8
-7
-7
-7
-6
-10
-10
-10
-9
-10
-10
-13
-13
-11
-11
-10
-5
-7
-9
-12
-10
-11
-19
-10
-10
-12
-13
-13
-9
-4
-6
-5
-6
-7
-5
-5
-7
-7
-5
-8
-5
-6
-4
-2
-2
-2
-3
-5
-9
-9
-9
-8
-10
-8
-9
-8
-7
-11
-6
-6
-9
-12
-9
-8
-10
-5
-4
-6
-5
-4
-4
-6
-4
-9
-8
-12
-10
-10
-7
-7
-7
-9
-9
-7
-6
-4
-8
-7
-5
-4
-6
-6
-8
-7
-7
-7
-6
-8
-8
-8
-6
-7
-8
-8
-7
-7
-6
-5
-3
-4
-4
-3
-3
-7
-4
-2
-4
-4
-5
-5
-4
-2
-3
-1
-3
-3
-2
-1
-2
-3
-4
-1
0
-4
-4
-4
-5
-3
-4
-3
-5
-7
-2
-2
-1
-1
-3
-5
-3
-4
-6
-5
-5
-3
-3
-4
-5
-2
-3
-2
-5
-2
-2
-5
-1
0
0
1
-1
-3
0
-2
2
1
1
4
0
2
-2
-1
-1
1
6
-2
-1
0
1
0
-1
-2
-4
-2
-2
-6
-1
1
1
-1
-1
1
-1
-3
-5
-4
-5
-5
-7
-5
-5
-1
-1
-4
-2
-1
-1
0
1
-1
1
1
0
3
3
2
3
2
3
0
-2
-6
-8
-6
-8
-8
-7
-3
-5
-7
-6
-5
-5
-4
-1
-4
-1
-1
0
2
1
1
3
3
2
-4
-2
-2
-3
-3
-5
-4
0
1
3
-1
-1
-2
-3
-2
-2
-3
-1
-1
-2
-2
-5
-3
-3
0
-3
-3
-2
-1
-4
-6
-6
-6
-7
-8
-6
-9
-6
-2
-2
-2
-2
0
-5
-7
-6
-5
-4
-3
-5
-4
-5
-8
-9
-13
-12
-12
-7
-6
-7
-11
-8
-9
-6
-5
-4
-4
-7
-7
-7
-6
-7
-8
-8
-10
-9
-7
-10
-10
-14
-14
-10
-13
-12
-11
-12
-12
-10
-17
-17
-8
-14
-13
-13
-10
-7
-8
-4
-7
-5
-7
-7
-4
-8
-6
-8
-9
-9
-11
-6
-5
-6
-7
-7
-11
-12
-12
-13
-12
-11
-13
-9
-10
-9
-7
-6
-4
-10
-10
-12
-10
-7
-9
-7
-8
-7
-6
-7
-7
-9
-9
-12
-13
-14
-8
-5
-7
-5
-10
-8
-8
-8
-10
-8
-11
-8
-6
-8
-9
-9
-9
-10
-11
-12
-9
-10
-13
-13
-13
-11
-8
-5
-8
-4
-5
-7
-6
-5
-7
-6
-5
-4
-1
-4
-4
-4
-4
-6
-6
-6
-5
-7
-4
-6
-7
-7
-5
-4
-6
-4
-6
-7
-6
-6
-7
-4
-9
-6
-8
-6
-5
-8
-3
-7
-7
-5
-9
-10
-8
-7
-8
-10
-11
-8
-8
-7
-7
-8
-9
-10
-7
-4
-9
-10
-5
-5
-5
-2
-1
-3
-3
-4
-6
-9
-7
-8
-9
-10
-2
-5
-7
-6
-9
-3
-5
-8
-10
-11
-9
-11
-8
-5
-6
-9
-10
-9
-9
-10
-13
-15
-15
-10
-11
-9
-9
-8
-8
-6
-10
-7
-6
-7
-6
-6
-8
-8
-6
-6
-7
-6
-8
-7
-8
-9
-9
-12
-11
-13
-11
-12
-11
-10
-11
-14
-16
-12
-14
-6
-3
-6
-6
-3
0
0
0
-5
-3
-5
-7
-4
-8
-8
-10
-10
-10
-10
-8
-9
-9
-9
-11
-14
-11
-15
-15
-9
-11
-11
-8
-11
-13
-13
-13
-10
-11
-11
-9
-11
-9
-10
-13
-12
-13
-13
-14
-15
-13
-17
-16
-19
-17
-14
-18
-17
-16
-16
-17
-17
-13
-12
-15
-15
-13
-16
-14
-16
-16
-13
-18
-16
-16
-19
-16
-15
-14
-17
-16
-14
-13
-17
-18
-14
-19
-20
-19
-19
-21
-23
-26
-22
-20
-22
-22
-24
-22
-23
-23
-23
-31
-27
-23
-26
-27
-24
-22
-21
-21
-19
-20
-22
-21
-22
-16
-19
-17
-15
-18
-18
-17
-15
-16
-17
-19
-19
-20
-20
-25
-22
-20
-19
-17
-19
-19
-20
-19
-19
-18
-21
-18
-20
-20
-19
-19
-19
-16
-18
-18
-17
-19
-17
-20
-19
-19
-16
-16
-16
-17
-18
-19
-18
-15
-18
-17
-17
-15
-17
-13
-12
-16
-14
-12
-11
-12
-16
-16
-17
-21
-16
-16
-18
-17
-18
-16
-15
-16
-14
-13
-16
-13
-11
-9
-10
-8
-11
-9
-10
-15
-15
-12
-11
-9
-12
-14
-13
-13
-12
-13
-11
-13
-13
-15
-10
-10
-12
-11
-10
-9
-11
-7
-9
-6
-5
-6
-4
-5
-1
-6
-7
-6
-6
-11
-9
-8
-7
-6
-8
-7
-8
-9
-7
-6
-6
-4
-5
-4
-2
0
-2
-1
-2
-1
0
-2
-3
-3
0
-2
-2
5
0
-2
0
-2
2
2
2
-1
0
3
-2
0
3
7
3
3
5
3
4
4
2
3
2
-1
1
2
6
5
4
4
3
7
3
2
4
5
6
8
7
10
8
8
7
7
10
8
7
2
8
4
4
6
5
10
3
4
7
8
6
8
9
8
8
12
11
8
10
10
12
11
9
10
12
12
11
14
11
10
11
9
8
8
7
4
5
2
2
2
4
2
2
3
-3
1
-1
1
-1
-3
-1
-4
-6
-3
-6
-4
-5
-5
-4
-6
-2
-3
-4
-5
-1
-6
-10
-10
-7
-5
-2
2
-1
3
6
4
4
6
9
11
6
3
1
0
-5
-7
-9
-11
-9
-10
-8
-7
-4
-3
1
4
1
-1
4
2
-1
-8
-8
-8
-13
-14
-19
-18
-18
-21
-20
-21
-14
-12
-13
-13
-7
2
1
3
1
-5
-4
1
-2
1
-3
-4
-2
-7
-4
-6
-5
-7
-7
-7
-12
-12
-16
-19
-16
-18
-14
-11
-11
-7
-2
0
3
6
4
5
4
6
5
2
-2
-10
-14
-16
-15
-11
-10
-9
-6
-5
-4
4
-1
0
-11
-16
-12
-11
-13
-13
-12
-11
-7
-3
3
3
5
5
7
4
1
-3
-12
-22
-29
-35
-40
-38
-39
-42
-40
-36
-24
-13
-2
12
22
31
41
43
47
42
33
29
19
13
2
-8
-14
-24
-23
-23
-22
-19
-15
-11
-4
1
9
9
10
10
5
3
-2
-5
-9
-11
-12
-12
-11
-5
-4
-2
-7
-7
-8
-8
-13
-14
-18
-18
-19
-21
-24
-20
-19
-9
-2
2
11
16
21
27
30
26
24
16
11
2
2
-7
-11
-15
-13
-11
-13
-7
-6
0
5
12
13
16
15
14
13
14
13
11
9
5
3
3
6
5
9
15
17
19
14
10
12
13
16
9
6
-1
-3
0
-1
-1
-5
-10
-8
-4
4
9
8
8
8
14
18
21
24
20
24
18
19
21
19
22
23
20
26
19
24
7
-2
-7
-22
-37
-53
-70
-79
-84
-76
-69
-51
-33
-12
14
39
71
88
103
104
101
94
85
67
44
19
4
-19
-25
-36
-38
-42
-32
-29
-11
-1
9
14
12
15
8
-2
-14
-23
-26
-30
-37
-30
-22
-7
4
22
34
50
49
61
60
70
61
52
35
18
1
-14
-35
-51
-74
-91
-103
-116
-119
-126
-126
-123
-96
-63
-22
19
53
75
102
112
139
144
150
136
110
80
57
28
-5
-38
-65
-90
-96
-94
-94
-92
-79
-61
-42
-14
16
42
58
74
78
95
101
96
80
64
40
26
-4
-14
-38
-49
-68
-78
-85
-94
-100
-113
-118
-108
-103
-81
-58
-36
-11
5
23
28
46
47
47
30
13
-3
6
-9
-12
-19
-22
-13
0
19
33
29
30
26
22
9
-27
-52
-84
-90
-87
-96
-87
-81
-65
-41
-20
24
29
64
66
84
89
82
75
60
36
16
4
-8
-19
-45
-52
-46
-26
-12
-1
8
9
9
20
14
22
26
6
3
-6
-14
-15
-38
-60
-83
-103
-111
-128
-127
-141
-137
-138
-142
-129
-131
-127
-134
-120
-76
-31
56
112
177
232
271
305
329
312
295
231
167
75
-6
-100
-180
-254
-324
-365
-377
-354
-290
-225
-130
-55
53
154
248
333
367
390
363
337
269
200
101
1
-109
-194
-270
-302
-354
-339
-334
-281
-235
-170
-99
-36
12
49
86
126
131
151
134
121
125
125
136
152
151
159
137
131
118
106
75
19
-34
-98
-160
-216
-279
-340
-383
-404
-410
-397
-358
-301
-225
-168
-75
7
117
183
253
297
352
378
410
401
387
351
310
244
171
94
22
-54
-95
-147
-172
-192
-202
-193
-184
-165
-143
-133
-116
-112
-100
-103
-116
-118
-144
-149
-192
-165
-142
-79
6
76
154
230
286
342
357
358
309
261
176
87
31
-53
-99
-160
-170
-187
-152
-108
-76
-22
7
33
61
45
44
-10
-60
-140
-199
-253
-320
-351
-388
-394
-362
-315
-224
-107
19
134
240
349
427
506
517
484
408
329
237
147
28
-69
-152
-213
-237
-244
-221
-203
-174
-138
-106
-61
-32
-32
-43
-67
-92
-120
-150
-190
-227
-265
-267
-228
-184
-99
-22
62
155
259
372
423
460
443
411
363
268
165
34
-71
-171
-232
-255
-261
-232
-193
-143
-53
33
135
192
230
243
226
204
136
66
-42
-138
-234
-316
-368
-399
-426
-430
-438
-389
-317
-215
-114
-12
78
155
259
325
399
427
426
420
361
315
221
98
-1
-139
-218
-291
-332
-347
-349
-319
-275
-195
-117
-41
28
63
94
101
118
104
70
38
-20
-48
-90
-104
-133
-158
-167
-168
-169
-138
-117
-96
-79
-48
-11
28
85
111
151
168
208
221
238
237
206
173
116
80
27
-37
-92
-175
-208
-241
-239
-228
-218
-163
-114
-24
52
132
213
244
295
295
308
289
234
195
110
65
-4
-61
-93
-139
-124
-114
-59
19
93
176
218
268
293
298
267
184
74
-82
-223
-342
-468
-527
-597
-581
-557
-427
-294
-112
52
190
351
449
574
627
635
597
494
398
238
91
-69
-252
-385
-518
-559
-576
-529
-442
-363
-232
-98
20
147
187
265
236
264
235
183
149
54
1
-63
-109
-107
-134
-113
-107
-92
-42
-42
5
-21
-13
-23
-43
-34
-65
-61
-81
-85
-63
-54
6
35
82
131
156
209
227
245
254
232
240
210
211
195
190
199
189
217
230
268
293
313
342
364
380
380
372
359
327
298
251
213
161
99
41
-47
-72
-147
-174
-183
-192
-150
-136
-98
-76
-37
-8
-2
-16
-92
-148
-231
-305
-386
-460
-548
-620
-631
-655
-619
-579
-536
-500
-445
-405
-370
-371
-389
-464
-492
-578
-602
-646
-665
-683
-653
-591
-497
-367
-244
-130
-2
87
173
223
228
209
154
112
42
-1
-49
-87
-94
-93
-48
18
85
165
230
291
337
369
379
354
310
259
205
165
122
108
112
134
195
270
373
474
578
659
764
870
952
1030
1060
1089
1088
1083
1045
988
915
816
707
597
476
376
247
149
58
-3
-35
-55
-40
-31
4
49
83
118
124
106
70
-3
-61
-175
-296
-418
-601
-741
-893
-1024
-1131
-1253
-1309
-1370
-1406
-1366
-1408
-1315
-1311
-1250
-1184
-1154
-1070
-1052
-1003
-983
-942
-875
-828
-711
-571
-359
-54
213
572
842
1164
1401
1591
1719
1710
1642
1443
1139
810
365
-57
-533
-964
-1328
-1616
-1767
-1848
-1787
-1630
-1384
-1050
-680
-276
120
467
778
1014
1214
1316
1369
1336
1265
1160
1026
890
736
590
453
324
208
95
2
-93
-191
-274
-358
-399
-440
-450
-441
-394
-305
-188
-42
117
298
487
729
950
1208
1411
1569
1702
1753
1784
1736
1635
1476
1247
1012
728
467
206
-43
-230
-400
-466
-498
-448
-374
-278
-150
-35
93
186
218
231
164
80
-73
-236
-437
-670
-844
-1047
-1168
-1255
-1317
-1311
-1306
-1250
-1237
-1175
-1187
-1180
-1209
-1291
-1343
-1472
-1532
-1650
-1677
-1669
-1587
-1406
-1127
-744
-237
256
826
1310
1808
2188
2462
2596
2553
2389
2038
1584
1017
385
-256
-904
-1478
-1944
-2276
-2431
-2471
-2325
-2092
-1704
-1266
-786
-314
143
534
868
1103
1293
1379
1427
1391
1332
1259
1165
1078
966
875
775
678
564
423
272
95
-101
-305
-517
-685
-846
-946
-1002
-979
-873
-699
-469
-133
248
671
1087
1467
1797
2050
2227
2269
2258
2139
1938
1672
1345
1000
679
352
74
-164
-309
-409
-433
-398
-333
-207
-93
41
160
280
360
413
404
364
288
164
-21
-216
-468
-669
-879
-1069
-1222
-1383
-1453
-1538
-1484
-1465
-1393
-1384
-1370
-1399
-1425
-1476
-1576
-1703
-1835
-1973
-2022
-2063
-1994
-1859
-1591
-1184
-678
-36
598
1260
1854
2381
2794
3064
3155
3053
2755
2304
1678
990
188
-592
-1379
-2051
-2581
-2933
-3083
-3055
-2859
-2498
-2029
-1442
-846
-241
299
764
1157
1438
1643
1748
1765
1718
1622
1513
1393
1255
1119
973
829
670
506
319
116
-121
-366
-613
-849
-1045
-1209
-1316
-1348
-1289
-1132
-868
-507
-28
525
1078
1620
2079
2468
2738
2883
2875
2718
2454
2074
1624
1134
632
174
-251
-566
-776
-859
-828
-732
-542
-327
-59
194
428
612
751
834
851
810
729
580
402
182
-61
-297
-557
-802
-1081
-1269
-1458
-1525
-1593
-1579
-1595
-1542
-1532
-1519
-1514
-1557
-1629
-1778
-1904
-2094
-2176
-2336
-2398
-2479
-2379
-2242
-1867
-1414
-751
-73
693
1400
2153
2779
3293
3584
3688
3574
3280
2773
2086
1265
339
-610
-1532
-2332
-2981
-3406
-3659
-3666
-3474
-3036
-2482
-1791
-1117
-392
257
869
1343
1730
1972
2116
2148
2102
2003
1876
1708
1516
1324
1133
967
775
565
325
83
-183
-453
-734
-996
-1237
-1422
-1556
-1582
-1507
-1325
-1074
-710
-189
409
1059
1666
2189
2645
3004
3236
3286
3207
2955
2567
2076
1528
962
413
-116
-573
-895
-1055
-1084
-1003
-851
-627
-322
-11
286
559
772
918
998
1001
960
879
712
506
254
22
-219
-463
-717
-973
-1131
-1320
-1410
-1490
-1538
-1573
-1626
-1684
-1751
-1839
-1948
-2136
-2306
-2504
-2652
-2787
-2920
-2956
-2982
-2827
-2630
-2233
-1689
-969
-139
704
1544
2375
3103
3732
4102
4280
4218
3938
3428
2680
1789
766
-311
-1409
-2417
-3237
-3847
-4231
-4366
-4253
-3845
-3270
-2521
-1732
-885
-67
681
1320
1831
2207
2455
2550
2548
2450
2317
2123
1880
1621
1366
1125
866
600
315
28
-265
-567
-858
-1121
-1342
-1514
-1630
-1641
-1552
-1342
-1069
-688
-187
360
964
1506
2010
2426
2742
2945
2979
2924
2721
2414
2016
1552
1105
644
231
-139
-417
-567
-636
-600
-533
-380
-190
2
215
388
556
684
753
790
793
772
705
590
457
289
145
-42
-231
-444
-654
-861
-1068
-1274
-1386
-1512
-1590
-1700
-1794
-1881
-1984
-2078
-2281
-2421
-2626
-2770
-2929
-3054
-3153
-3159
-3136
-2958
-2708
-2189
-1576
-727
132
1064
1978
2837
3599
4174
4525
4642
4500
4117
3460
2608
1583
422
-773
-1972
-2992
-3833
-4411
-4752
-4778
-4528
-3995
-3275
-2411
-1502
-557
296
1080
1714
2225
2558
2747
2791
2726
2598
2401
2155
1881
1598
1327
1070
800
525
232
-60
-385
-702
-1024
-1311
-1570
-1774
-1901
-1923
-1821
-1602
-1271
-827
-185
464
1188
1856
2446
2984
3359
3628
3666
3586
3326
2897
2382
1772
1164
548
-56
-520
-908
-1084
-1186
-1118
-975
-748
-417
-113
229
529
781
1000
1099
1188
1181
1147
1021
838
645
398
172
-112
-381
-656
-909
-1148
-1373
-1535
-1668
-1740
-1829
-1880
-1902
-1990
-2060
-2230
-2349
-2548
-2752
-2980
-3209
-3339
-3488
-3541
-3497
-3308
-2855
-2214
-1312
-309
772
1832
2857
3829
4591
5110
5335
5266
4933
4276
3370
2227
939
-466
-1879
-3142
-4188
-4937
-5394
-5538
-5310
-4768
-3952
-2977
-1909
-828
187
1100
1851
2449
2864
3079
3132
3045
2884
2646
2366
2047
1725
1424
1135
872
591
299
-9
-337
-681
-1018
-1322
-1590
-1791
-1917
-1927
-1790
-1529
-1107
-624
-8
627
1274
1891
2407
2841
3100
3246
3214
3054
2781
2371
1910
1394
895
450
41
-245
-491
-575
-607
-528
-402
-235
-29
165
353
526
661
785
838
881
868
856
799
723
609
484
336
171
-15
-217
-422
-653
-875
-1106
-1299
-1471
-1630
-1736
-1821
-1962
-2011
-2225
-2314
-2517
-2640
-2835
-3049
-3193
-3370
-3429
-3492
-3486
-3334
-3103
-2618
-1937
-1053
-9
979
2027
2948
3886
4584
5040
5215
5085
4712
4037
3094
1979
660
-693
-2096
-3321
-4317
-5037
-5429
-5545
-5293
-4721
-3882
-2870
-1793
-723
302
1211
1983
2562
2977
3168
3220
3111
2928
2667
2365
2019
1648
1317
1026
742
476
156
-151
-478
-804
-1120
-1431
-1684
-1902
-2021
-2032
-1887
-1574
-1104
-519
149
861
1575
2225
2807
3233
3503
3601
3510
3253
2847
2328
1736
1095
483
-62
-481
-782
-944
-976
-889
-699
-433
-143
165
445
686
856
985
1047
1054
1003
901
791
656
519
376
213
67
-98
-247
-403
-572
-717
-891
-1038
-1232
-1369
-1540
-1683
-1819
-1999
-2188
-2303
-2582
-2670
-2976
-3127
-3294
-3489
-3527
-3711
-3642
-3639
-3438
-3080
-2600
-1788
-847
176
1284
2247
3327
4155
4898
5268
5400
5282
4799
4091
3054
1833
505
-984
-2375
-3663
-4665
-5346
-5792
-5797
-5526
-4832
-3926
-2873
-1702
-575
513
1474
2238
2861
3222
3437
3435
3306
3074
2758
2413
2009
1612
1240
910
589
265
-52
-369
-666
-978
-1257
-1479
-1680
-1792
-1867
-1804
-1618
-1237
-761
-209
424
1068
1723
2314
2793
3154
3351
3387
3259
2981
2609
2107
1581
975
460
2
-328
-587
-707
-715
-613
-440
-214
19
277
491
671
801
888
943
934
886
801
732
633
547
415
308
182
69
-68
-208
-335
-499
-667
-825
-1027
-1163
-1396
-1588
-1848
-2044
-2244
-2511
-2691
-2974
-3149
-3322
-3495
-3634
-3768
-3828
-3843
-3757
-3619
-3342
-2885
-2257
-1350
-340
788
1860
2904
3888
4708
5337
5623
5640
5367
4759
3896
2743
1419
-49
-1585
-3052
-4318
-5255
-5905
-6183
-6097
-5629
-4799
-3752
-2550
-1289
-79
1051
1992
2784
3336
3671
3797
3708
3511
3182
2791
2363
1881
1436
1005
642
308
-23
-325
-629
-903
-1174
-1412
-1588
-1726
-1804
-1807
-1678
-1383
-971
-469
96
729
1379
2003
2552
2986
3292
3422
3392
3201
2900
2466
1942
1366
797
292
-114
-441
-646
-742
-705
-573
-366
-124
135
388
586
756
877
957
980
951
870
797
712
613
498
376
256
140
17
-109
-242
-400
-544
-719
-877
-1039
-1210
-1423
-1628
-1871
-2056
-2330
-2495
-2796
-3003
-3224
-3432
-3574
-3760
-3845
-3913
-3885
-3816
-3610
-3273
-2696
-1893
-841
236
1410
2465
3590
4513
5301
5736
5913
5773
5327
4543
3493
2184
742
-873
-2444
-3861
-4982
-5789
-6278
-6360
-6039
-5313
-4318
-3131
-1849
-556
635
1705
2564
3244
3657
3864
3833
3673
3370
2994
2558
2085
1619
1196
830
515
210
-80
-357
-624
-892
-1179
-1404
-1583
-1720
-1788
-1748
-1531
-1189
-745
-229
363
1025
1685
2309
2798
3209
3447
3542
3461
3228
2878
2413
1867
1291
743
292
-113
-405
-604
-656
-577
-439
-232
-8
252
480
677
830
942
1013
1014
964
900
821
742
622
494
364
252
124
-27
-163
-352
-486
-662
-832
-1004
-1162
-1353
-1532
-1775
-1975
-2258
-2458
-2745
-2996
-3248
-3522
-3710
-3969
-4068
-4210
-4144
-4068
-3802
-3395
-2679
-1692
-489
695
1922
3063
4246
5187
5898
6249
6309
6060
5438
4493
3268
1843
235
-1482
-3118
-4487
-5536
-6245
-6632
-6547
-6051
-5141
-4028
-2738
-1403
-86
1096
2121
2936
3541
3874
3995
3893
3680
3355
2961
2519
2035
1590
1197
878
571
263
-40
-332
-630
-941
-1272
-1572
-1861
-2088
-2207
-2120
-1858
-1430
-895
-254
495
1299
2057
2769
3328
3734
3962
3993
3849
3512
3040
2400
1727
1045
408
-101
-533
-819
-969
-965
-800
-577
-264
36
361
647
876
1072
1179
1224
1189
1108
1012
884
757
566
397
218
57
-105
-253
-418
-577
-734
-865
-994
-1108
-1244
-1410
-1576
-1748
-1972
-2197
-2503
-2785
-3076
-3375
-3658
-3930
-4132
-4270
-4343
-4331
-4171
-3808
-3200
-2316
-1190
40
1313
2516
3726
4789
5659
6166
6359
6234
5796
4995
3881
2490
949
-762
-2442
-3979
-5190
-6083
-6621
-6761
-6448
-5716
-4678
-3457
-2125
-795
464
1572
2497
3203
3651
3868
3867
3722
3447
3083
2662
2207
1748
1335
980
675
370
63
-248
-539
-840
-1169
-1489
-1790
-2033
-2208
-2258
-2135
-1846
-1402
-847
-165
595
1409
2185
2867
3415
3802
4005
4021
3831
3455
2918
2283
1568
868
223
-339
-778
-1092
-1230
-1202
-1028
-773
-471
-119
228
561
825
1036
1171
1222
1218
1158
1063
927
758
561
339
148
-63
-268
-464
-678
-853
-1024
-1178
-1316
-1427
-1542
-1636
-1799
-1904
-2118
-2335
-2584
-2898
-3139
-3483
-3758
-4070
-4284
-4421
-4497
-4416
-4173
-3665
-2815
-1750
-475
807
2097
3351
4502
5471
6097
6408
6366
5991
5273
4193
2856
1307
-420
-2154
-3791
-5095
-6092
-6717
-6945
-6728
-6051
-5050
-3828
-2476
-1116
196
1348
2321
3081
3594
3854
3889
3754
3497
3144
2728
2275
1805
1378
1007
690
389
77
-235
-545
-866
-1194
-1528
-1841
-2130
-2360
-2493
-2481
-2323
-1998
-1490
-767
84
1031
1964
2830
3604
4185
4578
4724
4634
4295
3725
2986
2123
1216
313
-531
-1202
-1700
-1945
-1981
-1803
-1479
-1041
-518
16
536
971
1312
1556
1672
1704
1630
1483
1276
1006
722
421
129
-144
-439
-683
-932
-1142
-1308
-1475
-1594
-1693
-1763
-1808
-1850
-1897
-1993
-2134
-2375
-2585
-2900
-3157
-3510
-3810
-4089
-4305
-4381
-4356
-4099
-3509
-2587
-1396
-127
1170
2508
3806
4979
5812
6353
6537
6426
5896
5006
3791
2350
670
-1128
-2906
-4403
-5609
-6450
-6946
-6965
-6485
-5622
-4463
-3141
-1737
-345
910
2002
2870
3496
3868
3976
3903
3651
3315
2901
2438
1948
1489
1093
782
489
197
-88
-346
-615
-916
-1249
-1554
-1840
-2099
-2303
-2377
-2282
-2045
-1658
-1111
-383
444
1309
2136
2929
3606
4122
4436
4524
4408
4075
3530
2833
2017
1194
359
-393
-1039
-1501
-1749
-1802
-1678
-1414
-1019
-532
-24
465
892
1281
1563
1736
1801
1781
1694
1519
1274
976
683
378
61
-258
-560
-836
-1057
-1291
-1441
-1576
-1620
-1693
-1716
-1741
-1786
-1813
-1950
-2074
-2286
-2529
-2788
-3133
-3385
-3697
-3887
-4062
-4117
-3943
-3614
-2874
-1922
-757
480
1675
2958
4107
5113
5785
6130
6211
5904
5290
4298
3056
1610
-50
-1720
-3307
-4597
-5584
-6266
-6517
-6369
-5746
-4813
-3672
-2360
-1060
219
1346
2307
3063
3545
3814
3838
3715
3448
3073
2663
2196
1734
1296
936
639
356
73
-204
-449
-708
-988
-1272
-1536
-1770
-1965
-2086
-2076
-1934
-1669
-1291
-722
-12
780
1590
2335
3054
3632
4087
4315
4351
4181
3799
3243
2547
1770
983
182
-512
-1104
-1471
-1677
-1673
-1519
-1238
-822
-361
136
588
1001
1347
1599
1748
1804
1776
1681
1477
1247
948
669
354
22
-305
-615
-877
-1122
-1359
-1531
-1655
-1738
-1773
-1830
-1838
-1921
-1935
-2104
-2287
-2479
-2794
-2984
-3342
-3568
-3836
-3973
-4053
-3993
-3733
-3197
-2364
-1262
-107
1152
2350
3565
4630
5451
5968
6146
6055
5582
4789
3667
2312
779
-875
-2544
-3967
-5146
-5951
-6457
-6518
-6158
-5375
-4333
-3117
-1806
-488
722
1804
2660
3316
3715
3885
3843
3653
3339
2940
2491
1999
1528
1092
738
422
121
-182
-449
-704
-960
-1248
-1484
-1693
-1857
-1963
-1988
-1868
-1623
-1285
-827
-206
512
1263
1966
2599
3151
3591
3854
3952
3864
3606
3171
2622
1972
1302
629
-8
-565
-986
-1239
-1334
-1288
-1139
-890
-543
-153
245
619
943
1230
1427
1553
1601
1602
1517
1366
1158
930
678
413
101
-204
-497
-753
-1012
-1222
-1407
-1556
-1665
-1762
-1832
-1872
-1913
-1978
-2104
-2269
-2446
-2662
-2891
-3194
-3435
-3647
-3755
-3867
-3864
-3720
-3295
-2599
-1646
-559
632
1787
2972
4051
4983
5617
5932
5942
5636
5009
4062
2847
1424
-171
-1797
-3299
-4551
-5490
-6141
-6402
-6236
-5625
-4717
-3577
-2316
-1010
235
1363
2309
3062
3565
3823
3846
3717
3445
3070
2619
2123
1626
1168
778
456
163
-116
-370
-602
-819
-1050
-1284
-1504
-1679
-1834
-1905
-1869
-1714
-1466
-1108
-620
20
748
1468
2172
2810
3358
3767
3994
4039
3911
3600
3110
2498
1820
1112
412
-257
-814
-1196
-1416
-1468
-1388
-1167
-842
-434
-2
425
832
1178
1447
1636
1730
1771
1719
1590
1373
1132
868
579
279
-61
-358
-657
-900
-1132
-1315
-1447
-1556
-1659
-1738
-1773
-1775
-1800
-1900
-2088
-2233
-2460
-2612
-2919
-3189
-3457
-3666
-3737
-3834
-3713
-3479
-2967
-2137
-1150
21
1184
2340
3494
4467
5289
5744
5978
5839
5375
4597
3516
2255
767
-857
-2415
-3831
-4900
-5729
-6178
-6226
-5875
-5106
-4126
-2915
-1620
-359
833
1834
2691
3320
3687
3841
3757
3548
3202
2783
2313
1814
1332
907
560
278
3
-230
-449
-646
-857
-1069
-1277
-1461
-1629
-1758
-1790
-1726
-1539
-1283
-919
-441
142
831
1519
2177
2779
3268
3658
3858
3926
3792
3503
3052
2467
1828
1147
476
-166
-731
-1125
-1367
-1438
-1378
-1189
-870
-495
-64
365
780
1147
1427
1629
1737
1776
1741
1607
1419
1167
905
628
328
31
-272
-517
-757
-963
-1135
-1276
-1369
-1449
-1513
-1581
-1602
-1668
-1732
-1926
-2104
-2364
-2558
-2831
-3088
-3348
-3589
-3732
-3809
-3771
-3586
-3278
-2642
-1787
-717
428
1523
2673
3699
4653
5288
5674
5767
5550
5010
4153
3043
1769
281
-1247
-2767
-4001
-4986
-5669
-6004
-5970
-5508
-4729
-3724
-2541
-1319
-100
990
1938
2716
3256
3590
3675
3605
3369
3028
2628
2177
1700
1245
844
530
238
-26
-288
-500
-710
-931
-1158
-1359
-1530
-1683
-1789
-1798
-1695
-1482
-1186
-786
-247
404
1099
1760
2387
2924
3392
3697
3837
3807
3605
3246
2729
2120
1469
801
159
-448
-920
-1226
-1363
-1360
-1245
-996
-657
-241
174
570
945
1247
1473
1601
1663
1658
1566
1410
1187
958
704
442
156
-129
-377
-604
-808
-1012
-1178
-1307
-1418
-1494
-1596
-1638
-1715
-1800
-1961
-2168
-2404
-2637
-2895
-3165
-3441
-3657
-3834
-3900
-3919
-3748
-3430
-2862
-2016
-981
192
1347
2483
3584
4559
5319
5756
5902
5766
5289
4508
3410
2129
666
-908
-2459
-3824
-4880
-5655
-6102
-6152
-5788
-5042
-4077
-2912
-1655
-407
746
1748
2592
3213
3598
3755
3713
3533
3218
2821
2380
1907
1450
1025
682
380
93
-184
-433
-658
-887
-1128
-1360
-1566
-1731
-1848
-1877
-1785
-1585
-1289
-895
-355
308
1022
1729
2376
2967
3461
3835
4030
4032
3852
3492
2991
2371
1684
966
259
-387
-924
-1280
-1459
-1484
-1367
-1137
-768
-332
133
572
964
1301
1554
1719
1794
1788
1697
1529
1299
1038
782
498
228
-74
-321
-523
-729
-882
-1073
-1178
-1299
-1371
-1505
-1574
-1700
-1809
-2020
-2265
-2507
-2754
-2987
-3271
-3558
-3774
-3904
-3947
-3919
-3810
-3485
-3005
-2184
-1220
-55
1080
2218
3302
4319
5131
5676
5900
5852
5461
4792
3790
2588
1185
-380
-1948
-3403
-4565
-5454
-6054
-6270
-6078
-5466
-4571
-3471
-2216
-962
273
1353
2303
3056
3565
3830
3884
3774
3533
3172
2737
2237
1737
1251
827
463
112
-226
-530
-791
-1030
-1265
-1485
-1674
-1831
-1938
-1960
-1858
-1658
-1367
-994
-445
225
955
1672
2327
2962
3491
3878
4094
4113
3965
3608
3098
2462
1757
1029
265
-417
-985
-1362
-1563
-1616
-1499
-1254
-874
-413
68
544
955
1322
1587
1750
1834
1820
1732
1543
1297
1036
749
479
164
-133
-388
-618
-810
-1018
-1184
-1337
-1449
-1561
-1680
-1781
-1904
-2019
-2230
-2444
-2716
-2942
-3215
-3486
-3762
-3956
-4088
-4112
-4096
-3886
-3499
-2799
-1853
-729
481
1668
2874
3989
4970
5663
6057
6142
5924
5345
4463
3261
1889
284
-1376
-3005
-4362
-5446
-6219
-6631
-6609
-6134
-5282
-4207
-2930
-1597
-258
957
2011
2886
3511
3888
4018
3958
3737
3386
2940
2435
1892
1378
911
528
166
-165
-480
-739
-980
-1210
-1440
-1651
-1836
-1978
-2056
-2032
-1891
-1643
-1311
-862
-249
475
1218
1942
2586
3182
3685
4030
4196
4150
3929
3521
2978
2309
1576
826
67
-609
-1151
-1503
-1669
-1698
-1561
-1302
-875
-395
104
581
1002
1365
1631
1808
1882
1859
1749
1542
1288
1009
714
405
63
-250
-529
-776
-990
-1213
-1387
-1537
-1652
-1750
-1849
-1960
-2050
-2241
-2438
-2674
-2908
-3145
-3459
-3714
-3963
-4061
-4149
-4145
-3990
-3620
-2954
-2004
-915
335
1524
2772
3912
4949
5701
6127
6256
6047
5520
4649
3451
2068
447
-1254
-2914
-4350
-5460
-6303
-6743
-6777
-6310
-5463
-4373
-3084
-1715
-355
914
1998
2914
3558
3959
4097
4044
3827
3469
3016
2490
1934
1406
928
534
184
-154
-458
-722
-952
-1194
-1435
-1657
-1855
-2018
-2126
-2135
-2008
-1787
-1460
-1013
-429
311
1081
1845
2540
3158
3691
4074
4290
4285
4092
3713
3173
2520
1773
1003
235
-493
-1075
-1493
-1693
-1750
-1644
-1403
-1020
-526
-20
481
933
1315
1627
1818
1922
1930
1828
1641
1367
1078
769
439
101
-262
-555
-847
-1068
-1282
-1462
-1607
-1727
-1813
-1862
-1920
-2033
-2137
-2365
-2500
-2759
-2949
-3229
-3499
-3751
-3950
-4027
-4033
-3901
-3567
-2951
-1995
-880
322
1515
2741
3933
4920
5674
6076
6239
6025
5465
4556
3381
1976
370
-1354
-2984
-4398
-5500
-6299
-6713
-6671
-6188
-5325
-4196
-2895
-1510
-170
1075
2140
3008
3613
3964
4077
3970
3715
3317
2856
2321
1769
1234
787
419
99
-193
-454
-674
-876
-1100
-1326
-1539
-1737
-1913
-2042
-2077
-1990
-1796
-1491
-1051
-451
275
1053
1802
2514
3167
3717
4119
4311
4320
4122
3740
3189
2506
1759
969
195
-529
-1111
-1506
-1726
-1769
-1681
-1414
-1026
-547
-44
435
891
1264
1573
1769
1875
1888
1801
1626
1377
1099
792
465
114
-247
-566
-870
-1128
-1360
-1582
-1699
-1799
-1857
-1871
-1907
-1910
-1996
-2089
-2274
-2461
-2674
-2976
-3225
-3532
-3764
-3915
-4050
-3976
-3765
-3171
-2292
-1230
-27
1133
2431
3639
4709
5512
5983
6200
6062
5568
4733
3579
2231
604
-1086
-2751
-4182
-5309
-6176
-6630
-6649
-6199
-5339
-4263
-2964
-1619
-264
984
2047
2924
3515
3876
3982
3873
3614
3215
2749
2219
1668
1167
737
413
112
-146
-368
-545
-709
-906
-1123
-1334
-1543
-1742
-1899
-1971
-1933
-1802
-1568
-1204
-675
1
751
1509
2234
2913
3511
3969
4244
4325
4209
3897
3406
2762
2036
1253
456
-309
-951
-1411
-1695
-1801
-1749
-1533
-1158
-689
-180
326
800
1221
1551
1783
1917
1954
1887
1716
1478
1202
892
568
188
-166
-511
-803
-1081
-1325
-1525
-1660
-1750
-1800
-1817
-1838
-1868
-1950
-2055
-2191
-2385
-2629
-2893
-3232
-3478
-3773
-3935
-4050
-4062
-3870
-3426
-2609
-1557
-418
788
1998
3279
4408
5293
5890
6167
6171
5773
5055
4012
2732
1207
-500
-2170
-3681
-4924
-5862
-6494
-6653
-6378
-5664
-4652
-3438
-2081
-741
551
1700
2640
3363
3792
4003
3973
3766
3436
2987
2491
1935
1405
948
578
268
-28
-278
-480
-661
-848
-1062
-1268
-1479
-1679
-1851
-1936
-1924
-1808
-1607
-1272
-772
-126
620
1356
2086
2769
3370
3853
4146
4269
4193
3921
3474
2871
2191
1447
683
-64
-706
-1183
-1480
-1622
-1617
-1460
-1154
-741
-280
184
645
1053
1391
1644
1816
1899
1883
1763
1580
1339
1082
775
435
74
-271
-578
-859
-1128
-1346
-1531
-1654
-1728
-1790
-1801
-1817
-1863
-1937
-2096
-2256
-2470
-2724
-2980
-3320
-3549
-3837
-3980
-4091
-4031
-3785
-3278
-2453
-1388
-194
1046
2260
3511
4587
5470
6008
6250
6184
5749
4988
3882
2546
1000
-699
-2369
-3879
-5096
-5984
-6543
-6643
-6320
-5556
-4511
-3261
-1901
-551
727
1843
2759
3447
3850
4031
3984
3773
3411
2963
2462
1919
1400
935
561
263
-19
-274
-492
-681
-873
-1094
-1307
-1527
-1712
-1872
-1956
-1931
-1805
-1568
-1217
-702
-60
680
1432
2145
2842
3424
3920
4213
4336
4251
3962
3510
2892
2187
1426
630
-112
-789
-1273
-1593
-1733
-1717
-1550
-1220
-790
-299
204
679
1118
1465
1726
1893
1957
1950
1814
1609
1351
1057
748
388
40
-306
-632
-892
-1190
-1361
-1581
-1664
-1762
-1810
-1838
-1911
-1967
-2104
-2234
-2433
-2657
-2930
-3233
-3516
-3781
-3978
-4098
-4116
-3950
-3605
-2891
-1939
-766
456
1664
2923
4106
5117
5828
6209
6305
6063
5453
4514
3272
1852
186
-1526
-3169
-4544
-5610
-6374
-6728
-6640
-6080
-5173
-4020
-2694
-1328
23
1232
2287
3113
3680
3999
4072
3950
3668
3262
2792
2263
1718
1216
777
448
131
-150
-403
-613
-803
-1030
-1262
-1488
-1695
-1878
-2014
-2048
-1977
-1784
-1489
-1054
-495
199
967
1733
2461
3094
3639
4042
4276
4302
4132
3784
3269
2611
1877
1100
355
-368
-971
-1406
-1645
-1718
-1651
-1433
-1088
-642
-157
318
779
1175
1502
1734
1872
1944
1897
1786
1581
1335
1054
745
419
65
-261
-573
-845
-1108
-1330
-1534
-1659
-1751
-1798
-1850
-1896
-1959
-2046
-2180
-2346
-2540
-2783
-3030
-3341
-3572
-3785
-3922
-3959
-3892
-3603
-3002
-2129
-1017
127
1328
2539
3731
4771
5534
5994
6158
6013
5500
4658
3512
2156
584
-1102
-2731
-4132
-5255
-6058
-6521
-6531
-6090
-5276
-4189
-2939
-1600
-278
937
2007
2853
3473
3832
3954
3877
3620
3253
2802
2298
1768
1260
834
493
192
-77
-329
-526
-714
-921
-1147
-1372
-1585
-1783
-1938
-2005
-1966
-1818
-1571
-1201
-699
-55
681
1459
2194
2858
3437
3884
4166
4255
4136
3849
3375
2772
2053
1302
549
-183
-817
-1306
-1602
-1716
-1687
-1516
-1204
-792
-324
145
616
1022
1380
1628
1813
1893
1908
1809
1635
1403
1145
848
526
182
-157
-482
-769
-1045
-1298
-1505
-1673
-1773
-1880
-1901
-1998
-2003
-2130
-2215
-2367
-2527
-2693
-2933
-3139
-3360
-3578
-3680
-3785
-3704
-3487
-3065
-2273
-1355
-200
900
2062
3205
4259
5089
5645
5876
5881
5488
4814
3783
2563
1103
-477
-2082
-3539
-4712
-5627
-6188
-6361
-6115
-5438
-4510
-3331
-2059
-776
478
1550
2496
3179
3629
3851
3844
3675
3354
2925
2469
1929
1435
953
573
261
-34
-291
-522
-715
-907
-1118
-1326
-1522
-1703
-1855
-1941
-1923
-1788
-1547
-1209
-751
-200
481
1178
1887
2538
3097
3558
3863
4003
3971
3740
3380
2843
2221
1539
839
168
-450
-954
-1301
-1489
-1524
-1422
-1204
-878
-484
-72
353
741
1081
1366
1559
1710
1763
1755
1668
1518
1323
1086
819
524
210
-91
-400
-684
-969
-1205
-1415
-1591
-1734
-1850
-1883
-1962
-2016
-2123
-2260
-2352
-2544
-2736
-2936
-3206
-3313
-3549
-3612
-3653
-3580
-3272
-2796
-1977
-997
93
1220
2323
3441
4420
5174
5642
5814
5717
5252
4524
3453
2201
732
-842
-2368
-3740
-4838
-5632
-6118
-6154
-5844
-5114
-4136
-2968
-1682
-459
740
1773
2631
3272
3635
3815
3769
3562
3233
2790
2332
1812
1312
863
494
187
-98
-367
-584
-784
-972
-1181
-1384
-1578
-1744
-1870
-1929
-1881
-1706
-1411
-1041
-545
31
688
1377
2045
2652
3138
3517
3757
3838
3741
3474
3068
2528
1924
1265
617
10
-541
-953
-1245
-1369
-1360
-1234
-1002
-700
-328
57
434
786
1080
1315
1488
1598
1643
1621
1543
1402
1219
1002
759
504
201
-88
-413
-688
-978
-1241
-1448
-1685
-1808
-1955
-1990
-2049
-2101
-2153
-2259
-2326
-2430
-2605
-2761
-3001
-3164
-3340
-3451
-3473
-3409
-3150
-2630
-1827
-848
212
1273
2397
3480
4434
5116
5548
5685
5549
5027
4231
3153
1884
421
-1164
-2654
-3941
-4963
-5680
-6084
-6035
-5617
-4840
-3805
-2620
-1349
-125
1007
1995
2776
3333
3652
3739
3641
3362
2993
2541
2049
1527
1027
607
283
0
-248
-469
-650
-809
-980
-1159
-1326
-1494
-1648
-1774
-1811
-1748
-1588
-1319
-955
-463
121
771
1435
2083
2671
3152
3515
3713
3763
3630
3348
2917
2364
1759
1100
469
-135
-647
-1022
-1272
-1370
-1343
-1199
-940
-619
-250
113
475
806
1086
1309
1474
1576
1622
1595
1520
1388
1222
999
753
474
171
-126
-450
-747
-1041
-1314
-1527
-1731
-1829
-1926
-1954
-2000
-2022
-2053
-2099
-2194
-2321
-2461
-2647
-2800
-3042
-3143
-3289
-3265
-3188
-2927
-2393
-1631
-688
343
1322
2428
3404
4322
4934
5306
5409
5236
4738
3933
2886
1650
273
-1205
-2592
-3798
-4716
-5361
-5673
-5637
-5184
-4446
-3439
-2328
-1159
2
1058
1986
2702
3192
3499
3564
3480
3198
2835
2421
1950
1474
989
595
285
12
-238
-460
-649
-784
-958
-1120
-1294
-1431
-1546
-1637
-1652
-1555
-1349
-1050
-683
-231
306
892
1487
2048
2558
2995
3331
3520
3545
3426
3162
2778
2267
1679
1081
483
-71
-575
-961
-1193
-1288
-1264
-1145
-900
-579
-207
155
510
839
1119
1354
1498
1597
1632
1608
1521
1372
1199
989
748
471
171
-133
-433
-726
-1028
-1280
-1521
-1701
-1840
-1958
-1982
-2047
-2045
-2129
-2176
-2236
-2353
-2430
-2649
-2756
-2927
-3032
-3075
-3093
-2938
-2656
-2097
-1304
-413
574
1525
2563
3498
4314
4855
5171
5235
4993
4453
3631
2597
1387
4
-1414
-2739
-3852
-4697
-5304
-5529
-5426
-4939
-4169
-3191
-2057
-919
213
1235
2109
2806
3248
3512
3549
3420
3130
2744
2313
1829
1324
846
443
128
-140
-394
-599
-761
-887
-1026
-1157
-1281
-1377
-1458
-1506
-1480
-1369
-1163
-882
-524
-84
421
965
1491
2031
2505
2913
3207
3359
3392
3266
3023
2642
2155
1611
1032
467
-70
-544
-906
-1146
-1255
-1258
-1134
-916
-610
-277
80
431
762
1056
1283
1445
1561
1611
1607
1526
1398
1221
1001
750
452
149
-186
-505
-840
-1142
-1421
-1648
-1822
-1966
-2017
-2046
-2027
-2021
-2031
-2071
-2094
-2210
-2294
-2495
-2655
-2826
-2971
-3042
-3080
-2951
-2586
-1969
-1139
-224
744
1780
2814
3767
4506
5012
5260
5257
4898
4277
3349
2260
944
-488
-1916
-3196
-4235
-5010
-5503
-5618
-5358
-4742
-3851
-2796
-1624
-459
653
1644
2443
3043
3408
3563
3520
3286
2944
2510
2042
1529
1025
576
244
-39
-276
-485
-635
-742
-859
-980
-1110
-1216
-1321
-1415
-1467
-1441
-1321
-1117
-846
-472
-12
512
1068
1605
2131
2587
2961
3217
3311
3295
3122
2845
2432
1926
1380
819
290
-215
-636
-947
-1118
-1186
-1152
-1006
-770
-461
-139
194
526
834
1109
1310
1463
1566
1613
1599
1514
1384
1213
1000
750
473
163
-139
-458
-761
-1069
-1333
-1559
-1741
-1869
-1949
-1991
-1953
-1940
-1870
-1872
-1879
-1936
-2042
-2145
-2328
-2464
-2660
-2782
-2891
-2862
-2665
-2223
-1549
-759
124
1085
2071
3076
3882
4519
4884
5037
4900
4463
3748
2790
1644
333
-1026
-2334
-3451
-4349
-4974
-5303
-5251
-4857
-4135
-3217
-2162
-1057
39
1062
1930
2612
3077
3333
3399
3265
2991
2604
2180
1703
1208
751
375
99
-146
-347
-514
-610
-692
-785
-896
-998
-1088
-1177
-1256
-1281
-1233
-1105
-904
-634
-271
168
660
1151
1625
2073
2476
2786
2985
3036
2987
2814
2531
2154
1693
1215
722
245
-188
-549
-791
-943
-998
-965
-835
-615
-356
-70
212
514
792
1043
1237
1391
1498
1549
1539
1471
1360
1208
1004
763
477
187
-115
-429
-738
-1039
-1308
-1527
-1714
-1855
-1923
-1971
-1915
-1919
-1839
-1831
-1814
-1831
-1914
-2004
-2155
-2298
-2457
-2599
-2695
-2724
-2597
-2246
-1668
-933
-127
754
1670
2638
3455
4128
4547
4765
4724
4392
3797
2972
1947
759
-535
-1793
-2915
-3831
-4506
-4933
-5009
-4760
-4187
-3382
-2433
-1399
-355
636
1521
2230
2754
3072
3203
3136
2926
2602
2229
1789
1322
866
481
193
-46
-255
-421
-533
-616
-698
-797
-891
-984
-1067
-1157
-1198
-1176
-1085
-938
-725
-423
-38
404
847
1287
1718
2126
2475
2710
2836
2846
2766
2571
2265
1886
1451
1004
536
97
-290
-595
-809
-952
-997
-935
-774
-551
-296
-13
292
606
879
1125
1314
1466
1560
1592
1561
1479
1344
1162
934
658
383
85
-218
-521
-820
-1078
-1323
-1513
-1693
-1800
-1849
-1861
-1801
-1783
-1682
-1650
-1587
-1595
-1662
-1767
-1901
-2083
-2237
-2446
-2577
-2674
-2643
-2402
-1975
-1335
-582
218
1131
2051
2937
3690
4208
4555
4627
4466
4024
3346
2440
1374
139
-1076
-2245
-3232
-4029
-4594
-4837
-4770
-4379
-3716
-2884
-1914
-918
66
989
1761
2377
2784
3010
3059
2934
2692
2359
1953
1528
1068
683
348
86
-134
-322
-445
-531
-611
-679
-764
-839
-922
-1016
-1069
-1092
-1051
-964
-816
-587
-273
102
510
918
1318
1665
1994
2280
2462
2565
2541
2441
2263
2000
1688
1316
937
556
170
-137
-406
-600
-740
-814
-787
-687
-522
-316
-73
190
470
740
999
1221
1393
1509
1570
1581
1528
1415
1241
1007
732
432
115
-190
-511
-806
-1071
-1301
-1458
-1608
-1656
-1714
-1693
-1655
-1575
-1479
-1423
-1369
-1389
-1418
-1525
-1675
-1861
-2070
-2282
-2486
-2651
-2702
-2653
-2357
-1912
-1238
-499
337
1226
2153
2992
3685
4172
4463
4525
4319
3842
3140
2250
1183
0
-1192
-2283
-3241
-3975
-4493
-4686
-4575
-4168
-3523
-2708
-1778
-804
135
1015
1739
2308
2685
2884
2923
2786
2539
2207
1822
1401
975
603
306
63
-130
-292
-382
-444
-495
-569
-636
-705
-781
-871
-940
-982
-971
-908
-784
-580
-302
39
419
803
1211
1615
1979
2271
2442
2545
2531
2437
2234
1950
1605
1220
812
405
38
-270
-507
-698
-795
-797
-718
-554
-375
-144
106
378
654
879
1103
1260
1400
1463
1484
1443
1361
1219
1032
802
540
282
-4
-271
-561
-794
-1000
-1170
-1312
-1419
-1480
-1485
-1463
-1426
-1388
-1342
-1295
-1270
-1282
-1366
-1468
-1662
-1850
-2099
-2318
-2527
-2683
-2765
-2713
-2474
-1988
-1359
-593
222
1114
2042
2903
3627
4143
4466
4551
4392
3947
3300
2418
1387
206
-979
-2093
-3058
-3833
-4372
-4649
-4579
-4235
-3615
-2829
-1934
-977
-39
845
1598
2178
2586
2812
2868
2773
2537
2242
1871
1479
1065
709
422
197
15
-127
-229
-279
-333
-398
-477
-569
-665
-779
-882
-956
-987
-959
-871
-711
-460
-146
217
587
965
1367
1757
2096
2345
2484
2552
2520
2401
2172
1866
1516
1122
705
303
-54
-350
-590
-771
-853
-844
-734
-579
-374
-138
136
427
698
936
1137
1294
1401
1446
1434
1369
1258
1089
884
645
401
153
-98
-363
-605
-806
-976
-1127
-1263
-1370
-1436
-1462
-1458
-1430
-1405
-1367
-1354
-1371
-1418
-1515
-1670
-1865
-2067
-2278
-2432
-2604
-2689
-2691
-2499
-2085
-1516
-813
-47
796
1709
2557
3325
3886
4279
4445
4369
4037
3483
2714
1760
645
-521
-1632
-2637
-3467
-4105
-4478
-4549
-4322
-3822
-3118
-2287
-1372
-451
447
1230
1873
2355
2656
2775
2747
2581
2339
2008
1637
1238
873
580
331
138
-27
-142
-221
-289
-360
-438
-527
-625
-747
-856
-947
-992
-996
-947
-818
-601
-305
38
423
822
1253
1642
1993
2251
2424
2520
2486
2368
2137
1851
1504
1109
712
318
-17
-304
-529
-688
-753
-740
-648
-510
-338
-116
116
364
583
787
971
1115
1225
1274
1292
1267
1196
1085
931
750
552
333
99
-149
-375
-588
-784
-962
-1124
-1251
-1348
-1424
-1469
-1498
-1468
-1454
-1418
-1424
-1447
-1474
-1585
-1696
-1905
-2072
-2250
-2405
-2534
-2607
-2559
-2329
-1935
-1359
-689
67
894
1746
2564
3271
3781
4141
4271
4175
3831
3251
2498
1551
483
-646
-1718
-2654
-3446
-4046
-4367
-4413
-4146
-3658
-2972
-2142
-1260
-348
494
1250
1875
2312
2599
2709
2670
2512
2246
1931
1565
1181
838
542
314
124
-41
-143
-221
-275
-354
-442
-526
-628
-738
-856
-947
-986
-986
-925
-795
-589
-300
26
385
750
1144
1542
1892
2166
2337
2428
2443
2356
2178
1911
1589
1243
844
466
102
-203
-452
-662
-784
-806
-749
-619
-470
-262
-21
246
516
754
970
1157
1296
1393
1427
1414
1360
1239
1084
879
661
428
166
-96
-372
-602
-805
-990
-1164
-1310
-1413
-1466
-1491
-1481
-1466
-1413
-1365
-1330
-1301
-1321
-1353
-1448
-1611
-1774
-1962
-2115
-2260
-2413
-2447
-2380
-2085
-1624
-1049
-364
366
1184
2017
2767
3396
3828
4089
4132
3930
3510
2876
2064
1092
4
-1067
-2058
-2907
-3580
-4065
-4256
-4158
-3792
-3211
-2485
-1646
-766
95
890
1553
2083
2438
2626
2655
2541
2337
2049
1703
1334
963
656
409
209
47
-82
-148
-197
-248
-312
-394
-484
-595
-720
-831
-905
-933
-923
-854
-701
-461
-160
180
524
892
1249
1591
1868
2063
2187
2229
2199
2071
1885
1659
1395
1102
775
475
215
-11
-206
-375
-463
-488
-461
-397
-292
-140
46
244
447
660
859
1044
1178
1271
1330
1344
1304
1201
1045
856
642
403
144
-118
-360
-580
-772
-947
-1081
-1177
-1257
-1297
-1354
-1344
-1326
-1292
-1223
-1237
-1208
-1271
-1330
-1417
-1584
-1743
-1966
-2168
-2331
-2497
-2539
-2490
-2239
-1793
-1238
-533
215
1045
1902
2680
3335
3818
4111
4214
4045
3659
3035
2232
1281
197
-903
-1918
-2832
-3536
-4068
-4309
-4254
-3948
-3380
-2685
-1844
-963
-96
728
1412
1967
2359
2571
2652
2555
2364
2086
1755
1404
1033
717
466
251
91
-52
-137
-201
-263
-334
-443
-538
-659
-795
-910
-1003
-1044
-1036
-977
-826
-595
-290
62
423
800
1156
1491
1784
2017
2200
2264
2256
2138
1977
1754
1479
1156
812
471
165
-112
-345
-530
-659
-712
-698
-619
-472
-290
-59
180
430
687
922
1136
1279
1387
1432
1433
1376
1251
1070
864
618
365
94
-164
-405
-627
-803
-958
-1056
-1132
-1193
-1228
-1249
-1255
-1208
-1198
-1128
-1141
-1133
-1156
-1210
-1265
-1421
-1593
-1786
-1983
-2134
-2280
-2406
-2410
-2358
-2065
-1651
-1077
-412
274
1043
1818
2527
3146
3541
3810
3841
3673
3288
2697
1962
1056
57
-941
-1880
-2664
-3302
-3769
-3945
-3913
-3576
-3069
-2394
-1621
-818
-21
722
1353
1876
2206
2411
2447
2360
2185
1918
1617
1273
928
639
388
203
47
-84
-160
-235
-273
-344
-421
-510
-617
-728
-827
-889
-905
-888
-814
-674
-456
-174
139
476
804
1137
1457
1719
1926
2036
2092
2063
1958
1777
1531
1250
927
592
257
-30
-235
-405
-508
-566
-531
-428
-276
-93
101
324
542
744
919
1061
1169
1227
1231
1203
1136
1048
922
751
567
375
199
26
-157
-319
-463
-566
-669
-742
-812
-860
-902
-945
-987
-1002
-1025
-1048
-1106
-1158
-1221
-1291
-1383
-1484
-1629
-1777
-1950
-2107
-2222
-2304
-2337
-2315
-2173
-1845
-1367
-787
-136
519
1270
1968
2643
3150
3501
3683
3666
3443
3019
2405
1668
773
-172
-1140
-2001
-2715
-3276
-3654
-3796
-3698
-3327
-2800
-2145
-1409
-649
121
798
1386
1837
2148
2319
2338
2238
2063
1816
1538
1205
884
608
387
214
50
-85
-178
-252
-320
-416
-511
-602
-707
-813
-905
-946
-942
-892
-788
-617
-367
-61
264
594
912
1213
1511
1749
1929
2023
2033
1981
1848
1672
1428
1162
856
549
248
-4
-209
-379
-502
-575
-556
-466
-344
-169
12
236
449
664
858
1013
1140
1201
1223
1199
1138
1034
885
696
504
302
125
-60
-233
-384
-508
-594
-665
-730
-772
-826
-856
-919
-964
-1018
-1059
-1094
-1160
-1198
-1270
-1308
-1368
-1452
-1559
-1697
-1817
-1917
-2030
-2093
-2183
-2168
-2094
-1880
-1510
-1040
-475
116
746
1443
2079
2660
3059
3310
3421
3325
3071
2606
1983
1231
360
-523
-1373
-2127
-2747
-3238
-3500
-3549
-3358
-2954
-2429
-1774
-1079
-362
348
963
1490
1862
2106
2229
2213
2109
1912
1661
1377
1054
769
516
308
128
-45
-170
-258
-325
-397
-482
-567
-648
-730
-793
-838
-841
-810
-736
-600
-408
-155
124
417
699
974
1225
1465
1635
1744
1777
1745
1670
1537
1390
1182
982
759
544
361
198
73
-46
-130
-171
-167
-126
-69
1
97
209
334
475
597
727
811
889
938
962
971
920
857
746
636
505
374
235
78
-62
-197
-314
-414
-510
-598
-679
-757
-820
-892
-965
-1034
-1111
-1156
-1214
-1251
-1295
-1359
-1411
-1505
-1602
-1721
-1841
-1919
-2020
-2083
-2136
-2132
-2024
-1832
-1458
-1009
-460
138
752
1436
2059
2629
3030
3283
3402
3326
3081
2634
2024
1303
455
-412
-1263
-2023
-2666
-3163
-3462
-3533
-3390
-3024
-2526
-1885
-1196
-477
234
880
1430
1841
2118
2284
2312
2233
2062
1821
1537
1208
894
607
358
140
-61
-220
-340
-430
-503
-588
-649
-719
-768
-804
-823
-813
-772
-697
-577
-411
-195
56
322
601
859
1142
1399
1639
1811
1888
1932
1894
1828
1667
1458
1208
921
639
350
92
-122
-316
-461
-545
-567
-500
-414
-273
-115
74
290
491
697
863
996
1108
1169
1198
1186
1125
1040
897
750
577
402
221
28
-151
-311
-442
-548
-644
-712
-768
-803
-839
-863
-892
-917
-954
-1004
-1043
-1093
-1118
-1193
-1254
-1352
-1441
-1541
-1652
-1759
-1842
-1932
-1987
-2038
-1998
-1895
-1660
-1307
-867
-332
225
817
1445
2023
2532
2879
3088
3166
3068
2801
2335
1745
1038
233
-586
-1373
-2059
-2630
-3068
-3296
-3316
-3113
-2737
-2228
-1605
-935
-243
415
1004
1495
1841
2070
2169
2156
2036
1824
1564
1263
952
648
383
171
-13
-167
-283
-356
-396
-444
-487
-531
-577
-619
-668
-704
-715
-699
-647
-560
-414
-224
3
244
501
754
992
1201
1353
1462
1550
1608
1620
1561
1453
1330
1186
1020
816
605
418
225
29
-134
-270
-343
-405
-414
-377
-270
-116
63
259
462
677
885
1047
1179
1245
1273
1247
1161
1035
863
681
473
259
54
-126
-274
-399
-514
-591
-640
-660
-694
-729
-756
-789
-809
-873
-925
-998
-1062
-1109
-1175
-1203
-1235
-1283
-1338
-1444
-1502
-1571
-1613
-1661
-1747
-1786
-1809
-1725
-1566
-1278
-914
-483
-7
527
1102
1685
2166
2548
2779
2911
2891
2708
2347
1827
1191
470
-288
-1025
-1703
-2270
-2719
-2995
-3060
-2932
-2608
-2160
-1605
-999
-353
281
857
1327
1673
1902
2020
2020
1925
1739
1502
1224
924
645
409
215
47
-96
-202
-265
-303
-340
-386
-427
-476
-524
-575
-612
-633
-630
-598
-526
-402
-233
-31
194
443
695
960
1203
1413
1574
1678
1718
1699
1627
1496
1316
1092
844
585
337
108
-86
-251
-367
-417
-418
-366
-274
-147
12
189
378
564
733
885
1003
1085
1134
1138
1115
1037
940
809
666
516
358
203
52
-86
-194
-293
-372
-431
-473
-512
-539
-565
-597
-633
-699
-758
-832
-903
-980
-1058
-1112
-1180
-1216
-1273
-1319
-1359
-1449
-1486
-1578
-1610
-1656
-1715
-1701
-1707
-1594
-1411
-1138
-743
-352
127
616
1125
1650
2052
2394
2587
2674
2626
2402
2079
1592
1019
372
-323
-944
-1548
-2030
-2412
-2646
-2687
-2591
-2309
-1924
-1456
-927
-392
150
639
1050
1368
1572
1690
1712
1660
1539
1365
1163
931
711
520
345
191
54
-57
-146
-221
-294
-369
-441
-517
-580
-635
-664
-667
-645
-591
-496
-354
-172
33
252
468
681
881
1078
1246
1374
1446
1467
1446
1380
1287
1153
992
812
614
435
263
112
-23
-136
-201
-231
-213
-158
-75
34
161
301
447
592
726
827
909
953
978
965
923
847
747
627
503
378
253
129
13
-93
-178
-256
-318
-371
-430
-473
-526
-563
-621
-694
-770
-852
-905
-970
-1016
-1076
-1118
-1130
-1130
-1117
-1124
-1148
-1185
-1250
-1309
-1368
-1445
-1510
-1612
-1643
-1619
-1525
-1306
-1032
-651
-236
224
744
1253
1745
2135
2405
2567
2601
2503
2250
1851
1334
736
83
-569
-1180
-1713
-2155
-2456
-2610
-2578
-2389
-2069
-1648
-1168
-645
-116
390
835
1179
1428
1579
1643
1626
1526
1370
1176
965
749
554
386
250
128
24
-55
-103
-148
-191
-247
-314
-371
-430
-483
-523
-540
-538
-503
-434
-321
-172
3
185
376
567
783
975
1151
1275
1353
1408
1408
1375
1291
1167
1028
852
669
485
307
154
1
-116
-190
-214
-193
-149
-76
26
157
298
444
582
712
812
890
934
950
947
902
830
728
620
506
376
256
135
22
-59
-142
-196
-255
-294
-321
-356
-379
-409
-439
-468
-521
-583
-656
-721
-798
-875
-949
-1018
-1074
-1119
-1171
-1202
-1268
-1325
-1373
-1438
-1471
-1534
-1543
-1565
-1532
-1471
-1324
-1104
-794
-442
-41
387
845
1281
1691
2006
2247
2359
2366
2248
2008
1653
1190
658
80
-505
-1050
-1528
-1922
-2194
-2354
-2346
-2212
-1945
-1599
-1180
-716
-245
213
625
972
1246
1431
1535
1562
1531
1445
1305
1136
956
775
602
442
293
148
18
-96
-202
-298
-402
-493
-574
-633
-674
-688
-670
-614
-529
-414
-252
-67
134
336
529
737
920
1083
1202
1274
1326
1327
1295
1221
1106
986
831
677
522
367
245
120
23
-62
-102
-106
-96
-53
-11
67
158
253
370
461
570
663
730
800
823
853
835
795
737
650
567
457
346
243
131
48
-43
-109
-161
-208
-222
-251
-261
-273
-295
-308
-344
-396
-451
-541
-611
-713
-796
-888
-974
-1047
-1109
-1163
-1190
-1225
-1238
-1250
-1286
-1283
-1309
-1310
-1316
-1326
-1281
-1231
-1117
-940
-723
-409
-104
252
612
974
1332
1607
1816
1940
1957
1893
1700
1427
1056
620
149
-352
-800
-1223
-1554
-1804
-1943
-1962
-1868
-1663
-1375
-1029
-640
-255
136
487
792
1031
1197
1299
1327
1302
1232
1124
986
830
674
532
399
277
163
60
-35
-114
-194
-264
-335
-400
-451
-494
-507
-501
-468
-405
-324
-210
-71
88
252
412
576
734
882
1013
1096
1159
1189
1180
1139
1055
965
840
714
562
408
281
152
55
-31
-88
-99
-93
-49
8
85
191
289
399
494
587
673
720
761
772
761
741
690
630
552
471
393
303
225
153
89
38
-10
-54
-77
-105
-121
-153
-179
-212
-245
-300
-359
-419
-492
-568
-658
-736
-800
-864
-909
-939
-970
-993
-1014
-1036
-1046
-1091
-1105
-1132
-1180
-1186
-1230
-1220
-1207
-1169
-1065
-929
-707
-449
-158
166
491
817
1128
1382
1581
1696
1727
1663
1516
1276
965
599
185
-231
-632
-993
-1280
-1508
-1634
-1677
-1608
-1454
-1226
-938
-627
-294
29
335
602
819
979
1085
1133
1129
1088
1013
917
800
674
545
424
306
200
94
0
-87
-171
-244
-318
-367
-416
-444
-456
-446
-410
-356
-281
-188
-74
50
179
310
433
544
651
745
824
886
919
942
941
922
884
832
762
678
582
482
382
275
181
90
15
-33
-69
-76
-62
-24
39
108
200
298
397
492
571
631
672
696
698
676
636
569
504
421
338
252
171
99
30
-26
-78
-118
-143
-171
-197
-214
-239
-261
-298
-334
-378
-435
-501
-583
-652
-723
-780
-846
-901
-945
-977
-985
-1011
-1018
-1032
-1060
-1056
-1098
-1097
-1106
-1101
-1072
-1044
-971
-870
-724
-531
-322
-67
185
450
703
925
1119
1240
1309
1297
1220
1083
869
617
309
-10
-319
-622
-867
-1085
-1217
-1283
-1273
-1189
-1053
-850
-615
-361
-105
140
371
566
716
818
879
904
880
829
748
652
551
445
335
230
143
61
-15
-77
-134
-173
-205
-227
-250
-257
-247
-230
-206
-175
-129
-68
4
71
150
232
320
403
488
560
619
677
715
742
748
734
704
656
604
541
469
394
320
254
197
153
123
107
100
109
133
160
198
242
284
328
368
404
437
456
475
481
471
461
440
413
386
342
301
261
219
178
135
97
57
15
-22
-59
-99
-141
-188
-235
-287
-347
-414
-477
-535
-600
-659
-717
-760
-806
-840
-870
-896
-893
-905
-884
-886
-880
-869
-872
-860
-859
-852
-823
-803
-752
-689
-595
-469
-337
-170
12
202
393
557
708
828
902
935
899
828
697
530
326
99
-139
-363
-563
-732
-860
-934
-943
-892
-795
-656
-477
-279
-65
133
321
486
612
701
741
750
726
663
581
482
376
271
173
81
8
-48
-81
-99
-104
-97
-81
-56
-33
-9
10
27
39
50
59
68
79
91
113
148
188
248
298
358
420
475
533
564
583
580
561
539
490
443
384
332
287
238
214
194
186
189
192
215
235
262
279
296
314
321
330
332
330
325
315
302
292
283
270
258
242
223
211
195
180
155
133
114
88
58
28
-2
-39
-81
-131
-187
-242
-305
-368
-437
-507
-563
-624
-678
-726
-778
-800
-825
-839
-829
-837
-821
-813
-800
-789
-781
-774
-760
-762
-745
-726
-692
-635
-578
-504
-397
-293
-147
-19
131
274
395
512
581
626
640
606
546
443
316
176
17
-138
-296
-419
-528
-594
-631
-630
-584
-512
-410
-293
-167
-31
91
208
296
369
419
444
447
426
399
361
318
274
230
192
162
142
125
112
104
101
99
86
77
62
46
26
-1
-22
-39
-53
-60
-54
-38
-5
46
105
185
248
333
407
466
520
546
560
555
534
505
462
404
356
311
271
242
222
214
208
213
221
234
249
258
265
269
263
260
256
248
241
236
230
229
229
231
229
236
234
231
225
218
216
199
181
158
133
100
66
24
-16
-65
-121
-173
-233
-303
-363
-430
-497
-546
-605
-644
-677
-703
-716
-731
-723
-724
-708
-705
-684
-662
-661
-648
-653
-641
-640
-630
-614
-589
-550
-513
-444
-373
-292
-202
-115
2
96
193
276
349
400
416
416
388
337
270
180
90
-12
-107
-193
-278
-331
-374
-383
-371
-345
-287
-222
-139
-60
31
116
186
254
302
347
365
378
380
367
347
320
290
259
228
196
165
136
109
82
58
35
18
-8
-26
-44
-50
-51
-51
-39
-18
17
62
123
179
250
317
371
427
452
473
474
454
425
377
332
282
244
203
181
170
170
186
197
217
242
260
280
288
294
290
274
261
237
220
204
190
183
181
185
192
204
210
221
237
238
245
235
226
210
192
169
135
107
77
43
8
-29
-66
-103
-145
-187
-234
-272
-320
-361
-406
-443
-472
-502
-537
-546
-567
-580
-590
-604
-597
-611
-612
-623
-624
-618
-622
-618
-604
-588
-561
-539
-498
-457
-411
-356
-304
-244
-193
-144
-89
-50
-10
25
59
92
106
118
117
115
105
86
64
38
12
-19
-50
-74
-95
-109
-121
-126
-120
-108
-88
-61
-29
6
44
90
121
153
185
208
224
233
237
233
224
204
188
166
143
119
93
76
58
45
36
29
25
26
33
48
65
98
137
180
221
257
299
323
350
363
361
362
347
333
306
281
262
241
225
215
213
220
223
230
245
254
268
277
282
284
281
278
269
254
246
233
220
207
192
181
171
163
156
150
147
144
146
144
146
144
141
135
128
119
100
82
52
25
-7
-46
-86
-129
-174
-212
-252
-286
-321
-352
-377
-401
-420
-436
-449
-454
-470
-473
-473
-482
-483
-490
-476
-485
-490
-471
-471
-447
-439
-424
-394
-378
-348
-324
-287
-250
-232
-209
-189
-171
-159
-147
-140
-134
-126
-125
-117
-106
-96
-84
-70
-54
-32
-16
4
16
36
49
62
72
80
87
86
89
84
85
80
78
82
88
93
98
109
125
139
156
173
183
194
201
209
209
212
210
201
197
194
194
194
197
201
202
208
214
227
242
253
272
284
295
308
314
324
328
324
320
303
290
274
252
232
217
199
188
182
174
172
174
178
185
196
201
212
217
217
215
210
204
194
183
168
153
141
127
118
109
97
91
82
78
72
63
58
49
37
28
15
0
-20
-40
-62
-88
-114
-128
-139
-143
-126
-120
-104
-107
-120
-120
-146
-160
-191
-217
-239
-270
-291
-311
-322
-332
-334
-320
-296
-277
-259
-247
-227
-212
-209
-212
-210
-204
-203
-206
-218
-226
-236
-240
-241
-253
-243
-236
-218
-204
-195
-168
-155
-122
-104
-85
-54
-42
-31
-23
-21
-16
-17
-22
-24
-22
-19
-12
-4
11
36
61
84
110
133
159
173
186
193
195
193
183
172
157
148
137
133
128
131
134
142
158
172
186
199
219
231
239
244
249
243
236
235
229
220
210
204
197
188
181
181
179
179
179
180
186
178
182
181
178
176
172
166
156
149
139
131
119
114
105
98
90
86
83
82
81
83
83
82
86
84
79
75
64
59
50
38
27
14
-1
-12
-24
-32
-47
-56
-61
-68
-71
-78
-86
-90
-96
-98
-99
-104
-101
-104
-106
-111
-121
-123
-120
-124
-123
-124
-122
-120
-122
-119
-121
-119
-122
-126
-124
-133
-132
-135
-140
-143
-150
-149
-146
-146
-141
-143
-137
-135
-140
-137
-136
-136
-134
-137
-129
-125
-126
-120
-112
-108
-102
-95
-89
-76
-69
-60
-57
-50
-46
-37
-33
-27
-23
-17
-11
-11
-4
-6
-7
-1
2
10
20
32
44
53
65
76
84
93
97
102
108
111
109
106
108
107
107
108
111
111
106
113
118
118
123
130
134
143
147
154
155
161
166
172
172
170
168
166
160
151
146
137
130
124
117
112
103
98
97
92
94
92
89
89
88
87
85
77
74
69
67
62
57
52
45
41
36
35
34
31
30
29
28
29
26
20
16
12
8
4
-2
-8
-16
-21
-27
-34
-38
-42
-45
-45
-44
-43
-44
-44
-39
-37
-38
-31
-33
-31
-31
-34
-34
-42
-47
-53
-61
-70
-75
-81
-83
-83
-84
-82
-83
-79
-79
-72
-66
-62
-59
-59
-60
-63
-69
-71
-74
-79
-85
-87
-87
-88
-88
-91
-90
-80
-73
-67
-59
-49
-44
-38
-34
-27
-20
-17
-19
-19
-22
-24
-31
-34
-39
-40
-39
-41
-35
-34
-28
-25
-20
-12
-6
2
6
13
14
16
18
19
21
25
29
28
31
34
39
36
44
51
58
52
54
55
48
45
40
34
25
21
15
10
1
-4
-8
-9
-9
-14
-8
-8
-6
0
1
4
6
8
10
9
4
2
-6
-9
-13
-18
-22
-21
-23
-22
-21
-21
-23
-25
-30
-34
-38
-46
-48
-53
-58
-61
-64
-68
-67
-71
-69
-69
-63
-58
-52
-47
-46
-42
-43
-41
-42
-45
-47
-54
-61
-69
-74
-83
-85
-90
-94
-93
-95
-96
-90
-92
-87
-83
-83
-80
-80
-82
-86
-87
-92
-93
-100
-101
-103
-106
-107
-107
-106
-107
-102
-100
-96
-92
-91
-86
-77
-76
-74
-74
-69
-67
-75
-81
-88
-91
-98
-107
-109
-112
-115
-119
-115
-114
-110
-100
-98
-89
-84
-78
-74
-68
-65
-62
-56
-60
-59
-58
-60
-59
-57
-58
-56
-54
-50
-46
-42
-43
-43
-46
-47
-46
-47
-46
-43
-38
-40
-39
-35
-30
-30
-28
-24
-22
-23
-26
-30
-30
-32
-41
-42
-44
-44
-43
-44
-42
-40
-35
-32
-28
-25
-18
-14
-8
-11
-15
-11
-17
-19
-24
-33
-39
-43
-50
-54
-59
-57
-60
-59
-56
-52
-46
-35
-26
-20
-14
-8
-5
-2
-4
-11
-12
-14
-26
-33
-33
-40
-44
-42
-41
-36
-33
-28
-20
-9
-10
-6
-3
-2
-2
-6
-12
-17
-22
-27
-33
-42
-43
-46
-47
-46
-43
-36
-30
-24
-17
-10
-5
2
5
7
7
1
-6
-12
-20
-35
-44
-49
-58
-65
-70
-72
-70
-71
-69
-64
-51
-49
-46
-39
-30
-25
-24
-25
-26
-33
-41
-42
-50
-54
-60
-63
-64
-69
-65
-64
-62
-58
-56
-52
-47
-45
-40
-38
-41
-41
-39
-40
-39
-34
-29
-30
-28
-27
-26
-25
-22
-19
-19
-14
-19
-20
-17
-16
-18
-17
-15
-16
-21
-19
-12
-14
-14
-12
-14
-8
-7
-9
-6
-7
-7
-6
-7
-5
-5
-5
-1
1
3
9
10
12
14
12
11
8
4
1
-4
-3
-6
-10
-11
-13
-11
-3
3
11
24
33
42
52
61
66
72
77
78
79
78
70
66
58
50
43
35
30
23
18
18
17
16
18
26
31
34
43
50
58
61
69
70
75
75
76
77
77
75
72
69
63
63
56
48
44
39
37
35
35
39
40
47
51
58
64
74
77
83
83
84
90
85
83
79
73
69
62
47
42
35
29
27
18
8
8
8
12
16
24
30
36
45
53
56
64
66
65
69
65
59
57
50
45
39
30
21
16
11
6
4
3
5
9
11
17
29
32
38
43
44
46
47
40
35
28
21
17
11
7
-1
-8
-12
-11
-11
-5
-5
-3
0
3
5
11
8
7
9
5
2
-1
-4
-7
-12
-17
-16
-15
-17
-21
-18
-15
-11
-10
-11
-4
1
1
0
0
-2
-6
-9
-17
-22
-25
-28
-37
-46
-47
-55
-56
-55
-55
-53
-50
-44
-39
-35
-29
-20
-13
-4
-1
-3
-5
-5
-9
-13
-20
-25
-35
-45
-51
-58
-59
-64
-63
-61
-59
-58
-54
-43
-33
-25
-18
-11
-4
2
3
2
4
5
0
-2
-8
-15
-20
-25
-26
-33
-38
-38
-39
-40
-38
-36
-34
-30
-30
-30
-21
-19
-18
-17
-11
-9
-6
-8
-9
-13
-17
-14
-15
-16
-19
-18
-20
-19
-24
-22
-21
-22
-19
-19
-20
-27
-22
-18
-21
-23
-25
-23
-21
-21
-24
-21
-23
-19
-22
-23
-20
-16
-14
-12
-9
-5
-2
-4
-4
2
-1
-2
-6
-11
-8
-13
-17
-22
-23
-26
-27
-28
-25
-22
-21
-14
-8
0
5
10
14
17
20
20
21
17
10
7
0
-8
-16
-19
-24
-26
-30
-32
-29
-27
-24
-20
-12
-6
-1
8
14
15
21
22
21
20
15
12
6
1
-6
-4
-7
-15
-14
-17
-13
-11
-7
-2
5
12
15
16
25
24
27
31
29
27
25
20
17
18
14
15
13
15
18
17
22
26
26
31
35
41
43
42
43
40
40
39
33
31
29
27
26
24
24
25
31
36
40
48
58
67
68
67
69
67
66
64
59
53
46
42
37
34
32
26
27
25
28
30
33
37
39
44
49
52
56
60
64
64
65
67
66
64
63
64
64
60
62
63
63
65
63
61
60
58
56
54
53
49
51
47
48
48
56
58
54
53
56
63
60
64
67
65
68
68
70
71
72
76
80
75
76
75
77
79
76
76
76
77
75
76
76
68
64
62
61
60
59
59
56
56
57
56
52
54
54
56
62
57
55
58
53
56
53
50
51
49
46
43
44
43
41
42
48
48
49
47
50
53
54
53
50
50
45
43
43
39
35
31
30
25
25
25
20
22
21
26
25
27
30
33
36
35
37
40
35
36
37
34
33
30
28
26
25
23
17
18
12
12
6
3
1
-1
-4
-6
-2
2
4
5
6
10
16
19
23
26
25
28
26
26
26
25
24
16
13
10
4
-3
-11
-14
-15
-20
-22
-22
-19
-18
-16
-14
-11
-9
-7
-6
-1
2
3
7
4
8
8
9
10
6
4
2
-3
-5
-4
-8
-13
-17
-17
-16
-18
-17
-14
-13
-8
-2
-1
0
-2
0
3
4
2
0
0
2
-1
-2
-2
-3
-5
-5
-5
-8
-7
-10
-13
-11
-11
-10
-12
-13
-11
-10
-6
-7
-7
-4
0
0
3
3
3
6
6
5
4
2
2
-3
-4
-3
-4
-9
-12
-8
-12
-14
-14
-13
-13
-13
-13
-11
-8
-9
-4
-4
-3
-3
-2
-1
-1
-1
-6
-11
-14
-20
-21
-25
-28
-31
-32
-35
-33
-31
-36
-29
-26
-24
-23
-20
-18
-14
-12
-17
-15
-16
-14
-13
-22
-22
-22
-24
-24
-29
-34
-35
-35
-36
-37
-39
-39
-42
-44
-44
-46
-45
-44
-47
-43
-44
-42
-39
-36
-33
-32
-32
-30
-32
-33
-33
-36
-35
-34
-36
-38
-38
-40
-40
-39
-39
-41
-39
-39
-39
-36
-37
-37
-35
-33
-30
-25
-27
-32
-27
-26
-29
-28
-28
-32
-35
-34
-36
-36
-40
-39
-37
-36
-33
-29
-25
-21
-20
-15
-12
-12
-8
-10
-8
-14
-18
-18
-26
-28
-26
-27
-36
-33
-27
-29
-28
-30
-23
-24
-22
-16
-12
-8
-12
-8
-5
-8
-7
-7
-10
-8
-6
-8
-8
-7
-6
-4
-5
-6
-7
-3
-4
-2
-2
-4
-6
-5
-8
-7
-11
-15
-17
-19
-19
-23
-22
-24
-22
-21
-23
-20
-19
-19
-16
-13
-12
-6
-6
-4
-4
-5
-10
-11
-11
-14
-16
-18
-19
-23
-25
-27
-25
-34
-31
-24
-30
-27
-25
-22
-17
-18
-18
-19
-20
-19
-18
-22
-20
-20
-21
-22
-19
-15
-11
-11
-8
-5
-4
-2
0
1
0
2
1
2
-2
-4
-8
-10
-13
-18
-23
-28
-28
-28
-28
-24
-21
-20
-16
-14
-12
-12
-10
-10
-9
-15
-13
-9
-14
-18
-21
-23
-24
-25
-30
-29
-32
-32
-28
-28
-30
-29
-26
-27
-26
-23
-22
-25
-24
-25
-25
-28
-31
-28
-31
-28
-27
-25
-27
-27
-24
-24
-25
-22
-24
-18
-23
-23
-23
-26
-25
-27
-27
-26
-26
-27
-26
-25
-24
-21
-22
-21
-19
-16
-14
-11
-10
-12
-9
-13
-16
-17
-17
-20
-23
-22
-23
-23
-24
-22
-25
-24
-17
-15
-15
-13
-12
-12
-12
-12
-8
-7
-9
-8
-9
-10
-8
-6
-9
-8
-7
-7
-5
-3
-3
-3
0
-1
1
2
2
10
6
2
6
1
4
8
2
0
2
2
2
5
5
7
7
7
12
11
11
11
11
10
12
13
12
12
14
17
16
14
14
15
15
15
15
16
17
19
23
22
19
21
20
17
19
19
20
18
18
19
21
21
22
25
22
19
18
18
20
19
13
13
11
6
6
3
1
4
6
7
7
8
11
9
13
13
13
16
14
13
12
12
9
4
-1
0
-3
-8
-8
-9
-9
-9
-8
-8
-10
-11
-9
-8
-5
-6
-6
-7
-7
-10
-10
-10
-15
-16
-20
-19
-19
-20
-19
-22
-21
-24
-24
-24
-23
-25
-28
-26
-25
-27
-26
-25
-25
-24
-21
-22
-24
-21
-23
-24
-22
-25
-25
-28
-30
-28
-32
-33
-35
-38
-42
-43
-44
-45
-46
-46
-40
-39
-35
-35
-31
-33
-33
-31
-34
-39
-35
-37
-40
-45
-43
-44
-43
-45
-50
-52
-54
-53
-56
-55
-54
-52
-51
-52
-56
-50
-48
-48
-49
-48
-48
-51
-54
-55
-56
-58
-56
-54
-53
-56
-54
-55
-53
-55
-56
-58
-61
-59
-59
-58
-61
-62
-63
-61
-60
-61
-60
-61
-62
-62
-62
-59
-59
-53
-56
-54
-55
-49
-54
-53
-49
-54
-55
-56
-54
-58
-54
-54
-57
-56
-55
-56
-58
-54
-55
-55
-54
-51
-46
-43
-43
-45
-45
-43
-44
-43
-42
-42
-39
-39
-38
-36
-34
-36
-36
-33
-29
-27
-28
-25
-24
-25
-23
-26
-27
-27
-28
-28
-31
-28
-30
-27
-25
-23
-22
-21
-17
-14
-10
-10
-15
-12
-7
-10
-8
-9
-9
-12
-12
-12
-12
-14
-13
-13
-11
-12
-11
-7
-9
-7
-5
-4
-4
-4
-1
-3
-2
-3
-4
-5
-5
-5
-4
0
2
9
3
4
7
5
9
9
10
9
10
7
5
6
4
2
1
5
3
-2
2
0
0
1
4
5
10
11
10
13
13
14
13
11
7
7
7
8
8
4
4
5
3
2
4
0
3
0
0
3
1
-1
1
-1
1
-2
-4
-3
-4
-4
-6
-3
-6
-7
-7
-7
-10
-13
-7
-11
-8
-9
-9
-11
-7
-7
-9
-9
-9
-6
-9
-7
-7
-9
-12
-16
-19
-16
-17
-20
-19
-19
-20
-25
-27
-26
-26
-27
-29
-28
-28
-28
-32
-31
-34
-33
-32
-36
-34
-29
-28
-29
-27
-26
-23
-27
-26
-25
-26
-26
-29
-29
-29
-28
-29
-33
-32
-35
-34
-35
-33
-32
-34
-34
-35
-32
-30
-30
-29
-29
-27
-29
-25
-28
-27
-28
-26
-28
-27
-29
-29
-29
-32
-29
-32
-32
-34
-31
-31
-32
-36
-32
-31
-31
-28
-28
-20
-22
-19
-19
-19
-21
-20
-22
-20
-21
-20
-20
-23
-24
-23
-21
-25
-21
-20
-22
-22
-24
-27
-28
-29
-28
-25
-25
-25
-23
-23
-20
-19
-21
-20
-25
-21
-18
-19
-20
-21
-21
-23
-23
-25
-24
-25
-25
-26
-28
-21
-23
-24
-21
-26
-18
-17
-17
-13
-15
-16
-14
-12
-16
-16
-15
-17
-14
-14
-15
-17
-18
-18
-18
-20
-20
-18
-17
-17
-19
-17
-16
-16
-16
-14
-13
-9
-9
-7
-6
-10
-6
-8
-9
-9
-9
-8
-7
-7
-4
-4
-6
-7
-9
-13
-16
-15
-14
-11
-13
-14
-11
-8
-11
-12
-14
-10
-7
-9
-6
-6
-4
-7
-5
-5
-2
-1
-2
0
-2
1
-2
-1
-3
-4
-6
-2
-5
-3
-5
-9
-4
-8
-8
-6
-6
-2
-4
-3
-3
-1
2
5
4
9
8
2
4
1
2
1
-3
-4
-8
-6
-9
-5
-7
-7
-12
-9
-10
-9
-9
-10
-10
-11
-7
-5
-3
-4
2
1
1
0
1
1
-1
-2
-2
-2
-1
-2
-5
-2
-5
-7
-9
-7
-9
-9
-10
-10
-15
-13
-11
-7
-9
-4
-4
-9
-11
-9
-7
-3
-5
-10
-5
-9
-7
-8
-8
-9
-6
-6
-6
-8
-8
-6
-9
-5
-3
-5
-9
-6
-3
-5
-7
-9
-13
-13
-14
-17
-16
-16
-14
-13
-17
-17
-17
-16
-16
-13
-11
-12
-12
-11
-12
-14
-16
-16
-17
-15
-16
-18
-20
-19
-15
-19
-21
-20
-20
-19
-20
-17
-17
-20
-21
-20
-21
-24
-25
-24
-22
-24
-26
-29
-28
-27
-25
-27
-23
-26
-24
-22
-23
-25
-25
-25
-27
-29
-29
-28
-30
-32
-31
-33
-34
-32
-33
-34
-34
-35
-38
-40
-38
-35
-38
-32
-33
-26
-24
-28
-24
-28
-29
-28
-30
-30
-28
-31
-32
-31
-33
-31
-33
-31
-32
-32
-31
-33
-35
-34
-31
-31
-30
-30
-29
-30
-28
-27
-27
-28
-29
-30
-31
-32
-30
-24
-27
-23
-21
-22
-19
-20
-18
-18
-20
-19
-19
-15
-17
-18
-20
-16
-14
-19
-16
-17
-16
-13
-15
-11
-11
-11
-11
-7
-8
-9
-7
-6
-7
-7
-5
-6
-5
-4
-3
-2
-2
-7
-4
-5
-3
-2
-2
-2
3
3
2
4
5
6
5
6
7
9
8
10
11
12
12
12
11
12
14
12
12
13
14
11
11
13
14
16
15
13
14
14
14
17
17
15
11
14
14
15
19
17
18
17
20
22
21
22
24
25
26
25
26
27
24
22
23
23
21
24
20
22
20
20
21
17
24
27
21
24
23
23
24
20
16
18
21
20
17
20
19
21
22
20
21
18
19
18
17
17
20
19
20
20
20
27
23
22
27
24
22
26
24
23
24
24
22
22
21
18
17
16
13
12
11
11
12
9
10
11
12
10
12
10
11
16
11
12
15
12
11
14
14
12
11
14
9
7
6
6
5
5
6
4
5
4
5
6
4
2
1
-2
-1
-2
-1
-3
-3
-3
-2
-7
-7
-9
-7
-8
-11
-7
-12
-10
-11
-12
-12
-14
-15
-18
-15
-11
-15
-15
-18
-19
-18
-22
-23
-27
-25
-24
-25
-25
-28
-27
-27
-26
-25
-28
-28
-26
-28
-29
-31
-32
-32
-34
-34
-37
-38
-38
-41
-42
-44
-46
-46
-45
-46
-47
-46
-44
-48
-49
-45
-47
-47
-47
-49
-50
-48
-50
-55
-55
-53
-53
-52
-49
-48
-46
-46
-47
-51
-49
-48
-50
-50
-50
-50
-51
-52
-53
-54
-53
-51
-53
-52
-51
-52
-52
-50
-49
-51
-51
-50
-50
-51
-52
-50
-49
-51
-55
-54
-54
-56
-54
-51
-52
-51
-51
-50
-49
-49
-50
-52
-47
-50
-52
-49
-48
-49
-47
-47
-48
-47
-51
-52
-48
-50
-46
-44
-47
-46
-47
-46
-47
-45
-44
-48
-46
-48
-47
-47
-46
-42
-42
-44
-39
-39
-39
-37
-37
-39
-39
-36
-37
-39
-38
-35
-37
-38
-35
-36
-33
-32
-32
-29
-29
-26
-26
-25
-25
-21
-23
-22
-21
-22
-21
-21
-21
-21
-15
-17
-19
-20
-20
-17
-17
-20
-18
-18
-18
-17
-16
-16
-15
