-22
-42
-8
16
11
-62
-77
-40
-57
-63
2
21
-40
-1
3
-3
85
84
65
32
-7
16
33
51
2
12
54
35
79
67
8
26
29
-22
-53
-51
-34
-38
14
66
0
-2
-36
-140
-71
-41
-100
-44
3
1
11
27
87
68
48
69
12
1
11
29
80
59
-53
-69
-14
17
23
-25
42
55
20
-42
-100
-25
-14
31
56
72
91
42
21
-19
13
11
4
70
24
-9
-11
29
63
46
25
30
16
-56
-26
2
31
56
-33
-35
16
17
44
15
57
70
17
95
46
0
55
41
30
43
68
24
-10
22
22
44
35
-26
-33
19
-11
18
84
-37
-76
-1
53
33
-75
-45
30
-32
-74
10
6
-102
-89
-17
-20
-23
-24
8
63
40
16
-14
-4
-43
-61
-48
-117
-85
-131
-130
-1
-42
-78
-20
-12
-58
-45
-14
-14
38
9
9
55
-65
-122
-133
-125
-39
-25
-20
-63
-72
-14
-62
-79
-71
-86
-75
-113
-77
-6
-27
-17
13
40
99
112
74
25
30
53
83
71
22
21
18
18
35
44
53
46
23
6
-1
74
78
34
52
71
110
44
-20
51
91
21
-32
44
35
-6
50
-5
-41
-29
-11
-12
-21
60
78
5
-15
30
-12
-37
17
55
11
11
21
62
144
27
9
7
19
110
56
-7
-68
-15
43
27
10
-73
-122
-18
74
8
29
60
-4
-3
-7
-39
-66
-67
-5
34
-13
-52
-13
23
0
-37
-23
5
-25
-51
-76
-69
-15
-15
-4
-29
-24
-52
-124
-94
-17
29
-31
-41
-32
-57
-23
-34
-12
34
-54
-68
-38
-10
56
-45
-74
54
62
47
37
-6
68
102
33
6
77
120
85
101
50
72
122
49
37
27
19
27
16
28
50
58
103
122
93
44
-24
-52
-32
-31
-26
1
-34
-23
-12
-7
-11
-88
-72
-120
-121
2
-68
-79
9
-31
-10
-4
-61
-51
-57
-57
-22
-41
-30
24
-8
7
31
-40
-10
45
51
48
-20
13
98
40
7
63
100
117
61
39
42
63
77
-22
4
5
-8
55
-43
-69
25
42
10
17
10
3
-14
-74
18
15
-71
7
-42
-113
-56
-59
-117
-117
-26
21
-31
-82
-74
-21
18
-8
-93
-105
-63
1
22
27
74
-20
-26
-12
-26
52
5
-40
-33
-27
-64
-66
-15
-23
-54
6
70
15
3
81
56
-8
66
12
-30
23
4
8
-42
31
81
-41
-8
61
58
25
-14
-20
-63
-53
-4
-21
-37
-58
-47
-7
-19
22
45
-28
-45
-20
-39
-33
16
58
85
-41
-84
10
19
44
44
66
10
11
105
82
105
85
42
67
32
97
123
-22
28
5
-75
70
80
33
1
-104
-87
-37
-15
50
20
-23
30
39
24
68
12
-36
46
-31
-90
-36
-56
-26
-9
-72
-87
-26
-14
-30
39
44
49
11
-41
67
-22
-79
3
23
8
-65
24
26
-22
77
40
-35
-23
-51
-33
22
-59
-47
32
-34
-2
34
37
77
3
10
39
4
-22
-24
29
2
-10
32
10
-3
26
73
42
38
71
-10
-53
-76
-96
-11
3
-67
-48
-70
-96
-15
-24
-44
-94
-113
-48
-47
5
-4
-117
-87
40
48
-27
12
63
24
1
-5
3
-20
-13
40
39
43
68
33
22
81
86
71
72
62
-13
-43
61
72
-23
-19
22
35
26
-31
0
24
24
4
-16
-36
-34
20
-43
12
24
-5
13
-71
-25
0
31
7
-51
-13
-2
32
17
-8
25
7
25
83
68
49
-21
-19
42
51
54
-16
2
67
87
65
-39
-74
-66
-60
-28
-48
-77
-61
-51
7
37
-2
-29
-84
-92
-68
-62
-5
-4
18
72
39
69
61
-3
-22
-21
-24
-67
-62
-52
-24
40
67
35
2
5
-71
-47
-18
-70
-36
-85
-93
-39
-30
17
90
110
20
14
61
101
71
-49
32
69
-2
29
0
-25
-46
-131
-87
-50
-60
-2
-53
-89
-68
-96
-61
10
67
124
137
119
20
9
58
8
42
19
6
-38
-46
73
-36
-80
-49
-52
42
65
42
58
82
38
1
-55
-64
-21
-72
-53
4
44
67
37
34
4
-13
65
97
33
13
5
6
67
61
-32
-36
9
-36
-73
-73
-32
17
2
23
36
-57
-65
-55
-129
-34
-12
-64
-27
-73
-50
-35
-22
25
48
81
4
30
101
61
66
83
34
39
42
-40
-32
-96
-77
37
33
82
5
5
96
65
12
-43
22
44
82
126
105
105
46
43
20
-35
4
40
21
0
-39
-40
-55
-76
-20
-66
-51
-22
-21
63
32
2
-4
0
30
-23
-50
-35
-66
-79
18
86
65
66
-31
-94
-35
-36
-77
-49
-11
-36
-5
-27
-66
-100
-107
-17
-35
-101
-90
-16
29
17
38
3
-65
-48
-40
-13
-21
-11
37
18
0
29
21
-87
-64
-51
-54
53
5
-104
-96
-48
-7
-11
9
123
159
113
70
52
49
-29
-46
26
91
133
75
23
12
-50
-11
30
-10
58
114
115
143
155
150
69
-20
-6
16
-23
-18
46
-8
-23
40
27
52
78
85
65
9
9
-38
-65
-51
-86
-78
-28
-9
-7
-8
-40
-45
-27
-47
-49
-54
-56
-46
-88
-98
-98
-25
-30
-105
-44
-34
-13
-2
1
49
2
-22
-22
-58
-36
25
27
-20
-13
20
-12
-26
25
52
54
-4
-64
-22
63
36
47
159
95
7
-22
-4
48
-8
54
71
-10
10
-10
24
58
5
-44
-28
40
46
35
-54
-69
21
-70
-60
-29
-19
54
-39
20
95
51
72
83
51
-53
-74
-26
27
-9
-88
-31
-37
-65
-30
-28
-29
22
74
66
86
33
11
-26
-105
31
58
-11
5
24
69
47
-17
-4
76
69
22
-39
-63
16
24
55
88
-8
-30
44
42
-36
-62
37
45
-33
-56
-93
-77
-55
-56
-16
-4
-48
-58
26
14
-54
-7
-67
-46
16
-22
46
34
-13
-40
13
56
59
92
22
41
75
28
25
20
-50
-55
4
-44
-7
67
-12
-36
-15
5
14
-22
-8
-11
39
31
-25
-4
-69
-40
31
-23
1
-23
-11
53
9
1
-51
-61
-90
-102
8
7
-27
-85
-75
-68
-93
-23
-31
-7
47
-11
-9
15
15
60
27
14
28
33
50
14
79
110
63
68
87
82
58
68
41
43
49
-17
6
14
-3
77
69
56
67
51
43
23
67
7
-18
30
58
73
-5
-7
-38
-21
21
-11
-1
7
66
29
-33
26
27
26
8
-7
29
-10
-81
-52
0
-96
-49
-25
-75
5
-61
-57
-15
-64
-44
-27
-28
-72
-58
18
39
-20
-80
-28
-35
-67
16
5
-31
-5
-4
20
4
21
-21
-31
4
-52
-64
-60
-11
5
-73
-98
-56
-86
-51
-19
-44
13
-20
-73
-96
-83
-41
-30
43
-33
-70
-9
-87
8
37
-21
-33
-78
-43
-31
63
68
29
110
83
111
135
45
-4
-54
-37
55
-9
-32
59
9
35
96
54
78
31
22
90
53
45
34
-18
20
46
0
45
50
18
6
-4
1
7
88
49
61
137
114
86
13
-34
4
-31
-40
25
-95
-77
-51
-113
-16
-76
-39
38
-3
-13
-72
25
64
-21
-1
-59
-114
-55
0
-24
-77
-46
-18
-27
-49
-78
-72
-89
-77
-84
-97
-17
90
105
83
68
-1
18
-24
-62
11
-4
-23
-67
-94
-34
-29
9
41
-8
3
15
32
47
24
40
100
121
74
43
32
80
172
158
71
0
11
64
41
48
139
171
70
64
167
152
124
119
137
130
79
101
108
67
68
122
193
243
215
249
323
300
256
245
268
257
219
205
208
150
108
142
103
3
-31
23
32
37
57
7
-51
-51
5
-56
-160
-182
-227
-316
-353
-338
-492
-498
-508
-647
-564
-669
-734
-711
-702
-612
-585
-436
-361
-268
-142
-60
55
56
27
96
94
23
-34
-209
-222
-172
-190
-197
-270
-235
-153
-89
-144
-226
-165
-210
-293
-263
-185
-120
-16
42
-41
22
72
32
27
-49
-84
-107
-133
-82
-22
25
210
267
240
363
317
355
333
171
143
42
51
98
70
114
190
308
379
432
490
496
491
493
476
407
370
429
585
614
577
620
591
550
499
360
265
257
183
161
159
142
322
348
323
504
476
440
495
423
343
358
353
219
148
129
177
255
207
211
330
455
406
306
278
161
81
50
7
-36
-94
-123
-233
-373
-451
-535
-662
-874
-1070
-1183
-1212
-1213
-1189
-1036
-913
-818
-695
-584
-480
-404
-326
-279
-292
-357
-357
-361
-399
-431
-491
-501
-574
-624
-618
-720
-724
-670
-737
-749
-735
-728
-714
-737
-664
-551
-438
-340
-308
-238
-200
-263
-182
-69
-101
-56
2
0
92
183
200
214
217
269
374
439
464
489
445
343
319
331
305
315
422
569
655
645
700
813
785
791
868
906
987
1086
1161
1203
1167
1118
1104
1061
936
770
661
568
479
402
415
470
429
435
472
562
631
578
528
530
538
448
487
620
621
586
517
522
603
625
564
459
410
423
442
491
571
634
683
666
603
566
433
246
41
-344
-678
-904
-1190
-1381
-1496
-1623
-1649
-1642
-1734
-1783
-1694
-1598
-1546
-1473
-1296
-1040
-821
-638
-471
-285
-170
-183
-229
-383
-575
-768
-1006
-1148
-1297
-1411
-1481
-1567
-1470
-1381
-1373
-1356
-1333
-1280
-1285
-1245
-1162
-1115
-977
-766
-592
-382
-280
-230
-105
-84
-69
-148
-205
-136
-153
-67
154
307
446
539
566
567
440
312
242
156
47
-51
-15
45
190
424
552
692
841
918
1008
1097
1133
1177
1257
1297
1388
1496
1567
1619
1573
1563
1487
1282
1131
926
805
791
732
782
827
869
1050
1167
1175
1211
1246
1170
1062
1058
1040
973
1014
1012
1075
1177
1134
1236
1276
1192
1246
1263
1281
1350
1348
1298
1242
1301
1225
1013
795
395
12
-407
-915
-1279
-1569
-1916
-2126
-2267
-2414
-2380
-2247
-2056
-1956
-1860
-1645
-1509
-1252
-977
-810
-665
-549
-441
-378
-321
-455
-624
-805
-1121
-1380
-1625
-1715
-1829
-2066
-2139
-2149
-2113
-2008
-1980
-1915
-1848
-1726
-1547
-1450
-1204
-1005
-843
-596
-458
-324
-190
-197
-230
-203
-262
-246
-215
-201
-34
49
97
163
106
21
-63
-104
-120
-228
-299
-242
-133
14
127
225
355
568
725
785
912
996
1113
1252
1443
1693
1736
1806
1871
1780
1739
1637
1476
1320
1140
1032
1009
987
975
1007
1117
1207
1237
1258
1311
1376
1361
1339
1297
1298
1357
1402
1424
1524
1665
1652
1621
1566
1570
1654
1703
1839
1957
2055
2248
2370
2386
2291
2053
1854
1540
1022
489
-139
-737
-1267
-1794
-2154
-2464
-2795
-2966
-2976
-2893
-2769
-2647
-2407
-2144
-1913
-1498
-1017
-601
-267
-21
90
34
-70
-293
-624
-1055
-1482
-1816
-2215
-2478
-2641
-2837
-2906
-3008
-3049
-2864
-2710
-2622
-2466
-2283
-2013
-1635
-1279
-864
-472
-215
28
156
150
128
1
-142
-269
-486
-595
-570
-483
-313
-229
-209
-238
-332
-368
-383
-396
-452
-480
-361
-209
-48
188
474
647
705
734
828
966
975
1058
1152
1220
1405
1505
1646
1810
1847
1861
1796
1644
1503
1296
1115
1102
1088
1084
1085
1195
1342
1380
1412
1375
1354
1286
1194
1159
1159
1116
1071
1176
1316
1434
1528
1611
1734
1957
2077
2094
2287
2517
2720
2817
2869
3024
2952
2732
2478
2084
1637
1058
228
-647
-1259
-1760
-2198
-2596
-3060
-3370
-3542
-3514
-3280
-3111
-2857
-2492
-2151
-1720
-1169
-563
-31
254
345
417
314
203
69
-354
-846
-1338
-1781
-2194
-2443
-2558
-2767
-3013
-3190
-3267
-3230
-2972
-2673
-2440
-2133
-1773
-1300
-734
-217
212
434
391
239
190
197
54
-78
-228
-552
-660
-587
-446
-300
-333
-473
-660
-699
-661
-664
-624
-568
-536
-321
-115
45
347
437
425
392
343
333
305
388
472
603
829
1057
1377
1652
1758
1803
1784
1791
1748
1619
1515
1439
1520
1520
1543
1649
1611
1623
1571
1428
1267
1109
958
858
823
815
888
1098
1326
1376
1560
1735
1765
1907
2001
2079
2251
2517
2767
3049
3364
3432
3300
3074
2774
2361
1838
1366
788
28
-758
-1514
-1994
-2299
-2543
-2844
-3333
-3637
-3635
-3394
-3091
-2807
-2364
-1855
-1348
-662
153
732
1000
961
701
473
285
7
-415
-1011
-1708
-2152
-2388
-2538
-2610
-2851
-3088
-3398
-3699
-3597
-3413
-3051
-2620
-2380
-1924
-1369
-677
97
438
536
445
139
-72
-274
-435
-506
-721
-893
-804
-620
-347
-129
-157
-394
-715
-891
-868
-762
-647
-526
-416
-221
147
571
908
972
841
654
435
265
220
282
431
640
879
1254
1676
2006
2233
2321
2164
1946
1785
1577
1485
1399
1241
1271
1291
1295
1455
1381
1202
1055
828
671
453
306
313
355
539
732
920
1141
1370
1598
1719
1883
2020
2078
2211
2464
2873
3293
3605
3754
3697
3482
3196
2764
2261
1617
755
-177
-1111
-1754
-2258
-2698
-3091
-3670
-4091
-4148
-3907
-3540
-3172
-2688
-2224
-1723
-1011
-273
466
920
1022
966
710
552
362
10
-377
-1026
-1608
-1956
-2210
-2372
-2710
-3132
-3551
-3905
-3977
-3877
-3524
-3044
-2644
-2144
-1538
-772
48
535
706
638
386
185
2
-144
-151
-323
-542
-562
-468
-154
98
102
-139
-557
-713
-755
-711
-439
-285
-154
90
375
798
1091
1105
959
529
44
-258
-387
-236
-11
178
497
902
1441
1967
2229
2270
1991
1604
1309
1038
877
818
848
891
935
1118
1298
1404
1421
1254
941
532
278
257
329
485
672
859
1106
1354
1554
1773
1852
1823
1898
2024
2251
2563
2958
3513
4039
4267
4353
4345
4013
3565
3023
2254
1298
307
-587
-1405
-1991
-2473
-3024
-3612
-3992
-4025
-3895
-3577
-3225
-2740
-2091
-1470
-749
45
817
1252
1362
1214
761
319
-14
-301
-724
-1286
-1831
-2185
-2385
-2654
-2901
-3246
-3807
-4323
-4557
-4514
-4204
-3564
-2918
-2225
-1319
-504
272
835
1067
1012
460
-134
-505
-758
-886
-1019
-957
-771
-577
-279
-22
35
-226
-649
-1119
-1421
-1412
-1299
-1003
-524
-93
363
804
1152
1414
1317
989
462
-170
-431
-445
-336
13
403
844
1382
1819
2146
2206
2015
1641
1217
819
594
755
903
1102
1411
1645
1846
1924
1909
1807
1529
1137
773
433
314
433
631
870
984
1092
1266
1405
1521
1564
1580
1679
1914
2264
2752
3304
3858
4363
4653
4767
4634
4257
3657
2867
2041
1071
43
-911
-1833
-2547
-3194
-3837
-4319
-4662
-4620
-4346
-3870
-3184
-2443
-1525
-661
196
980
1529
1803
1648
1310
805
249
-250
-874
-1343
-1730
-2173
-2553
-3011
-3412
-3752
-4216
-4647
-4982
-5089
-4862
-4275
-3362
-2413
-1387
-414
378
1018
1287
1264
930
371
-150
-568
-855
-942
-784
-483
-211
-88
6
-28
-223
-503
-942
-1296
-1445
-1391
-1151
-684
-33
557
1106
1451
1602
1550
1202
836
349
-42
-208
-209
48
440
960
1478
1893
2095
2140
1969
1651
1387
1049
834
756
802
1004
1308
1703
1912
1944
1802
1555
1270
810
541
403
234
275
339
518
758
915
1038
1034
1071
969
904
1085
1311
1748
2312
2931
3476
3855
4104
4146
4001
3594
2994
2179
1308
496
-429
-1258
-1982
-2702
-3399
-4059
-4636
-4974
-4976
-4761
-4306
-3647
-2809
-1741
-546
569
1356
1987
2304
2135
1879
1374
835
429
-126
-650
-1102
-1452
-1715
-2016
-2447
-3055
-3698
-4259
-4694
-4884
-4701
-4127
-3333
-2311
-1038
238
1367
2184
2524
2297
1787
1200
514
-63
-500
-728
-755
-625
-322
4
239
247
-37
-552
-1091
-1516
-1760
-1695
-1358
-843
-262
441
1201
1785
2010
1877
1409
615
-74
-502
-763
-753
-537
-167
395
948
1477
1926
2098
1980
1522
940
479
273
319
425
579
924
1313
1641
1878
1929
1706
1231
754
310
26
-20
1
131
264
393
715
931
1094
1250
1171
993
1002
1269
1656
2197
2754
3266
3731
4005
4118
4079
3746
3101
2215
1160
59
-956
-1835
-2602
-3347
-4100
-4664
-4922
-4920
-4718
-4298
-3832
-3226
-2373
-1449
-407
605
1449
2037
2259
2092
1860
1617
1151
576
-37
-577
-972
-1282
-1676
-2074
-2556
-3198
-3890
-4537
-4900
-4953
-4751
-4285
-3484
-2330
-962
435
1678
2480
2769
2688
2335
1784
1117
505
-109
-543
-572
-496
-333
-86
36
-57
-408
-843
-1210
-1591
-1785
-1700
-1379
-682
123
967
1770
2240
2429
2142
1555
950
198
-354
-689
-814
-573
-101
608
1351
1915
2202
2232
2011
1589
1058
535
307
325
453
748
1225
1796
2140
2178
2113
1713
1043
433
-109
-438
-509
-400
-107
293
727
1098
1286
1313
1148
963
707
518
756
1189
1894
2752
3482
4154
4560
4680
4558
4011
3069
1907
662
-658
-1844
-2684
-3329
-3827
-4282
-4678
-4703
-4401
-4012
-3620
-3226
-2615
-1870
-1126
-193
697
1307
1766
1965
1744
1543
1343
844
326
-378
-1014
-1366
-1688
-1905
-2291
-2795
-3334
-3966
-4533
-4902
-4929
-4715
-4267
-3539
-2525
-1164
309
1472
2223
2531
2408
1998
1442
832
230
-124
-342
-492
-320
-22
228
363
129
-387
-914
-1416
-1690
-1717
-1594
-1205
-586
361
1327
2047
2578
2594
2222
1665
881
215
-244
-429
-392
-139
445
1124
1805
2362
2556
2349
1912
1324
883
586
314
361
573
911
1333
1686
2029
2090
1828
1383
795
201
-225
-385
-353
-119
205
564
967
1260
1428
1407
1146
810
596
648
900
1460
2346
3157
3853
4477
4864
4916
4570
3856
2841
1559
117
-1250
-2405
-3291
-4030
-4636
-4951
-5092
-4927
-4457
-3963
-3407
-2839
-2181
-1296
-434
367
1162
1672
1872
1862
1676
1350
880
325
-453
-1206
-1695
-2073
-2360
-2789
-3395
-3965
-4591
-5198
-5517
-5602
-5474
-4991
-4203
-3209
-1864
-358
951
1909
2340
2459
2274
1810
1234
567
79
-212
-361
-269
31
330
516
421
54
-427
-1026
-1473
-1754
-1798
-1527
-1039
-182
789
1762
2583
2887
2813
2358
1665
1048
421
-93
-204
-27
399
1104
1804
2365
2757
2809
2441
1885
1301
747
391
219
239
473
921
1444
1853
2130
2088
1799
1368
835
387
149
176
240
412
735
1010
1277
1432
1384
1116
915
792
642
872
1368
1999
2867
3653
4296
4811
5072
4988
4506
3673
2516
1198
-213
-1493
-2566
-3548
-4316
-4921
-5306
-5398
-5094
-4630
-4260
-3858
-3326
-2491
-1593
-688
213
869
1334
1539
1552
1534
1253
826
295
-541
-1166
-1565
-1949
-2295
-2739
-3273
-3937
-4683
-5420
-5869
-5916
-5771
-5339
-4476
-3255
-1677
27
1525
2465
2782
2740
2293
1567
706
-97
-613
-786
-666
-333
210
713
1016
856
265
-415
-1150
-1738
-2070
-2126
-1717
-890
205
1356
2400
3224
3405
3020
2294
1285
382
-363
-864
-946
-645
17
875
1702
2409
2801
2674
2205
1563
891
409
184
219
515
1019
1678
2271
2681
2920
2783
2350
1799
1125
560
219
121
214
400
729
1026
1226
1386
1358
1164
888
694
802
1054
1590
2483
3356
4178
4778
5118
5370
5077
4260
3204
1832
534
-709
-1959
-2894
-3639
-4291
-4858
-5236
-5326
-5159
-4836
-4487
-4123
-3607
-2775
-1677
-537
477
1326
1847
2037
1923
1609
1150
480
-285
-1138
-1682
-1916
-2061
-2178
-2507
-2980
-3691
-4506
-5274
-5931
-6252
-6229
-5726
-4697
-3234
-1422
446
1883
2776
3163
3011
2556
1766
780
0
-589
-798
-517
6
716
1249
1331
1060
385
-458
-1277
-2035
-2505
-2598
-2192
-1309
-123
1203
2345
2965
2996
2654
1914
982
43
-715
-1105
-1179
-788
-39
937
1836
2397
2577
2363
1936
1380
860
387
27
47
414
1003
1719
2337
2628
2594
2208
1746
1317
759
329
45
-20
168
544
1093
1516
1691
1750
1674
1374
1154
1065
1199
1582
1984
2662
3444
4167
4807
5135
5110
4734
4030
3073
1994
779
-343
-1435
-2419
-3062
-3687
-4138
-4416
-4564
-4430
-4255
-4079
-3750
-3171
-2434
-1582
-626
341
1164
1692
1975
2048
1869
1309
592
-155
-923
-1378
-1749
-2000
-2166
-2496
-2917
-3600
-4332
-5059
-5784
-6191
-6178
-5660
-4646
-3277
-1471
442
1846
2716
3099
2920
2237
1285
261
-693
-1325
-1539
-1232
-553
181
722
849
596
38
-721
-1608
-2395
-2899
-3028
-2685
-1834
-513
814
1856
2480
2588
2258
1589
779
-38
-759
-1190
-1208
-788
54
1123
2095
2657
2849
2786
2462
1977
1415
948
604
536
848
1437
2162
2726
3039
2964
2621
2283
1887
1288
706
410
277
505
1017
1498
1846
1970
2019
1900
1550
1262
1103
1011
1170
1606
2253
3103
3968
4659
4941
4735
4304
3764
2809
1668
568
-622
-1705
-2658
-3281
-3732
-4268
-4692
-5008
-5118
-5035
-4756
-4356
-3930
-3233
-2222
-1089
-49
733
1402
1812
1741
1454
954
353
-361
-1158
-1721
-1954
-1956
-2077
-2324
-2752
-3411
-4167
-5034
-5817
-6303
-6394
-5966
-5057
-3665
-1830
41
1716
2956
3438
3245
2625
1680
606
-338
-949
-1113
-856
-190
580
1244
1637
1401
759
-38
-952
-1718
-2320
-2508
-2120
-1212
25
1187
2225
2920
3134
2778
1970
1098
187
-555
-1024
-1174
-745
134
1139
2127
2836
3140
3229
3071
2548
1876
1247
768
615
660
898
1491
2028
2267
2326
2062
1634
1265
829
354
92
148
462
935
1355
1722
2049
2062
1859
1495
1153
1041
890
920
1270
1959
2836
3551
4167
4391
4338
4109
3511
2795
1909
988
22
-939
-1662
-2261
-2804
-3381
-4005
-4638
-5004
-5117
-4982
-4564
-4049
-3308
-2385
-1304
-265
588
1231
1373
1213
790
203
-257
-818
-1320
-1792
-2133
-2056
-1883
-1891
-2259
-2886
-3689
-4635
-5511
-6220
-6455
-6129
-5399
-4230
-2504
-468
1274
2571
3210
3115
2533
1608
524
-597
-1372
-1633
-1419
-735
187
1129
1699
1720
1279
461
-430
-1286
-1979
-2349
-2232
-1575
-543
765
1972
2924
3328
3108
2547
1548
466
-432
-1150
-1414
-1176
-434
675
1828
2885
3545
3766
3616
2993
2139
1374
692
169
36
345
1031
1819
2425
2768
2807
2471
1896
1194
448
-143
-423
-356
80
731
1355
1897
2176
2223
1931
1429
1071
794
672
765
1277
2163
3103
3933
4518
4836
4770
4416
3791
2858
1865
915
15
-924
-1748
-2272
-2865
-3567
-4111
-4630
-4946
-4959
-4811
-4540
-4068
-3122
-1963
-825
236
1037
1605
1777
1555
1099
436
-241
-898
-1513
-1965
-2023
-1818
-1696
-1797
-2287
-2956
-3802
-4810
-5733
-6479
-6631
-6088
-5151
-3671
-1664
399
2037
2971
3214
2888
2125
1075
-96
-1152
-1619
-1490
-967
-111
756
1545
1901
1583
875
-104
-1030
-1820
-2587
-2829
-2333
-1430
-256
944
1832
2345
2397
1924
1054
142
-728
-1459
-1825
-1787
-1132
4
1253
2356
3143
3552
3581
3249
2557
1664
878
365
209
432
898
1597
2251
2652
2756
2567
2215
1625
984
392
-6
21
378
910
1497
2006
2262
2431
2336
2035
1813
1495
1423
1547
1814
2511
3275
3936
4399
4599
4614
4363
3862
3088
2141
1207
293
-653
-1564
-2357
-3126
-3870
-4574
-5131
-5384
-5294
-4916
-4525
-4017
-3184
-2118
-980
-58
734
1330
1576
1548
1116
580
74
-586
-1235
-1752
-2048
-2085
-2023
-2109
-2551
-3149
-3870
-4714
-5572
-6317
-6461
-5995
-5073
-3666
-1879
62
1753
2836
3221
3003
2416
1458
244
-846
-1529
-1594
-1200
-434
473
1257
1709
1558
1018
227
-787
-1703
-2295
-2576
-2440
-1684
-553
570
1532
2149
2435
2269
1534
582
-366
-1188
-1701
-1724
-1202
-207
936
1980
2930
3421
3472
3312
2751
1851
1045
486
197
376
967
1649
2272
2791
2966
2835
2428
1780
1104
475
78
-107
107
760
1356
1798
2116
2208
1946
1555
1257
895
768
883
1167
1809
2603
3513
4236
4521
4587
4460
4089
3401
2556
1633
570
-454
-1374
-2258
-3113
-3824
-4548
-5093
-5236
-5278
-5052
-4655
-4300
-3544
-2542
-1466
-344
485
1148
1679
1833
1569
1097
531
-144
-892
-1536
-1855
-1896
-1847
-1936
-2224
-2712
-3421
-4280
-5240
-5924
-6127
-5993
-5242
-3994
-2367
-350
1463
2722
3289
3195
2577
1545
372
-734
-1555
-1761
-1315
-548
342
1208
1772
1793
1180
264
-694
-1664
-2502
-3015
-2863
-2111
-1023
237
1354
2098
2403
2278
1690
775
-216
-984
-1425
-1574
-1136
-178
951
2044
2922
3442
3499
3190
2568
1703
765
139
-84
7
521
1278
2183
2851
3048
3026
2685
2132
1489
637
-117
-408
-157
353
945
1514
1881
2115
2078
1827
1515
1188
960
844
1039
1646
2600
3580
4263
4729
4918
4839
4541
3805
2834
1749
598
-424
-1405
-2302
-3027
-3637
-4255
-4790
-5024
-4945
-4720
-4531
-4154
-3432
-2470
-1374
-307
573
1249
1838
2021
1843
1501
846
200
-560
-1369
-1798
-2055
-2138
-2228
-2607
-3076
-3680
-4508
-5399
-6121
-6428
-6252
-5590
-4378
-2715
-745
1103
2417
3117
3084
2562
1674
462
-762
-1690
-2000
-1726
-1084
-139
781
1429
1683
1299
508
-483
-1554
-2445
-2937
-2910
-2274
-1119
137
1323
2178
2568
2524
2003
1080
-34
-971
-1634
-1793
-1384
-537
688
1954
3028
3736
4001
3816
3120
2160
1234
516
178
251
699
1547
2505
3168
3516
3610
3310
2617
1822
898
17
-354
-238
131
623
1229
1769
1997
1913
1590
1064
550
209
97
366
1076
2060
3155
4214
4849
5106
5067
4542
3753
2920
1968
982
93
-654
-1239
-1857
-2505
-3219
-4031
-4675
-5099
-5260
-5248
-5088
-4548
-3619
-2361
-1079
56
1021
1689
2010
1791
1246
593
-159
-882
-1528
-1961
-2069
-1948
-1803
-1831
-2163
-2748
-3601
-4662
-5651
-6341
-6557
-6196
-5217
-3682
-1781
236
1948
2963
3178
2791
1931
712
-558
-1647
-2170
-2014
-1365
-341
737
1617
2099
1929
1291
331
-861
-1911
-2637
-2863
-2427
-1464
-249
1077
2199
2889
3037
2591
1920
923
-235
-1030
-1575
-1579
-963
0
1259
2406
3279
3748
3712
3268
2518
1576
687
70
-247
7
614
1415
2299
2774
3034
2921
2390
1829
1096
460
41
-111
269
811
1470
2129
2370
2307
1991
1383
734
279
25
137
619
1512
2714
3773
4622
5005
4970
4658
4027
3280
2373
1523
955
493
39
-374
-857
-1552
-2398
-3391
-4369
-5041
-5378
-5412
-5116
-4494
-3519
-2147
-693
462
1221
1623
1724
1384
728
-24
-740
-1319
-1933
-2310
-2227
-2030
-1841
-1896
-2374
-3167
-4107
-5049
-6024
-6665
-6739
-6288
-5213
-3591
-1634
223
1684
2533
2593
2014
1070
-23
-1144
-1999
-2310
-1991
-1144
24
1221
1963
2072
1719
993
-86
-1300
-2263
-2803
-2978
-2527
-1485
-244
1075
2060
2574
2576
2094
1440
564
-305
-955
-1257
-1063
-518
425
1549
2573
3294
3549
3537
3276
2767
2152
1499
1003
893
1101
1605
2260
2731
3035
2993
2639
2099
1456
907
257
-110
-114
165
860
1418
1803
2007
1891
1602
1154
748
568
574
820
1380
2158
3251
4280
4802
4852
4509
4035
3387
2601
1914
1245
718
456
190
-222
-820
-1554
-2515
-3706
-4725
-5431
-5666
-5610
-5383
-4700
-3668
-2349
-1052
9
798
1144
1202
868
295
-256
-765
-1176
-1679
-1993
-1964
-1821
-1626
-1784
-2305
-2943
-3794
-4729
-5635
-6256
-6308
-5806
-4836
-3376
-1523
263
1724
2536
2508
1935
1069
102
-860
-1577
-1802
-1486
-712
306
1247
1846
2026
1663
865
-152
-1134
-1771
-2189
-2244
-1736
-871
242
1234
1949
2287
2079
1626
961
208
-464
-968
-1133
-998
-601
133
1141
1944
2518
2906
2971
2939
2759
2387
1891
1332
1029
999
1154
1453
1745
2009
2161
2119
1881
1567
1129
599
243
34
126
494
850
1271
1552
1569
1437
1223
1133
1082
1147
1430
1898
2571
3318
3959
4340
4433
4150
3598
3108
2646
2178
1808
1460
1121
782
254
-587
-1516
-2573
-3795
-4878
-5650
-5850
-5654
-5192
-4377
-3301
-2054
-827
156
774
1240
1326
1016
595
-25
-525
-972
-1441
-1728
-1858
-1693
-1568
-1696
-2079
-2791
-3679
-4602
-5365
-5923
-6058
-5577
-4598
-3216
-1520
244
1679
2430
2516
2073
1106
130
-798
-1641
-1900
-1739
-1119
-171
779
1590
1924
1713
1074
209
-641
-1314
-1849
-2164
-1948
-1326
-518
349
1101
1570
1734
1598
1042
418
-179
-743
-1063
-1203
-1021
-360
600
1513
2328
2918
3202
3252
3058
2713
2232
1675
1186
877
871
1155
1530
1773
1837
1778
1614
1339
930
637
441
178
196
456
736
1049
1306
1275
1074
897
641
656
850
1057
1580
2311
3143
3909
4451
4674
4481
3981
3365
2781
2228
1766
1451
1239
1031
782
458
-193
-1306
-2613
-3907
-4965
-5573
-5791
-5511
-4892
-4041
-2846
-1491
-170
826
1359
1427
1118
621
86
-462
-1026
-1467
-1735
-1816
-1626
-1331
-1145
-1297
-1897
-2645
-3507
-4396
-5120
-5575
-5667
-5242
-4261
-2871
-1248
141
1177
1751
1628
1025
205
-678
-1423
-1781
-1809
-1461
-571
503
1413
1981
2051
1688
918
18
-741
-1479
-1886
-1885
-1601
-908
-84
740
1354
1478
1342
961
453
82
-323
-677
-840
-806
-470
109
861
1654
2266
2776
3115
3142
3078
2772
2161
1519
958
713
744
891
1268
1655
1897
2028
1990
1809
1382
848
364
-77
-163
27
286
699
925
990
1139
1111
1065
1239
1382
1636
2088
2632
3346
3898
4220
4322
4055
3613
3203
2892
2553
2212
1853
1437
961
228
-612
-1631
-2844
-3972
-4866
-5391
-5493
-5153
-4581
-3774
-2864
-1961
-946
-204
176
350
350
211
6
-270
-704
-1031
-1239
-1425
-1566
-1625
-1590
-1748
-2096
-2590
-3211
-3850
-4470
-4824
-4909
-4656
-3966
-2922
-1652
-411
577
1102
1172
825
275
-332
-960
-1319
-1493
-1435
-841
-35
687
1274
1492
1361
1036
461
-253
-819
-1181
-1326
-1229
-882
-303
287
874
1251
1360
1327
1022
671
285
-221
-569
-734
-654
-261
294
1021
1772
2408
2820
2994
3108
2956
2523
2012
1435
1064
1046
1119
1331
1698
1867
1942
1956
1776
1413
993
591
217
79
71
231
467
614
773
907
979
975
1079
1340
1588
1855
2333
2948
3469
3866
4124
4031
3742
3454
3140
2785
2320
2030
1723
1284
772
-30
-1060
-2169
-3257
-4457
-5318
-5673
-5677
-5114
-4406
-3640
-2610
-1573
-654
-47
219
273
51
-289
-673
-1046
-1256
-1417
-1606
-1683
-1579
-1425
-1333
-1488
-1865
-2320
-2886
-3514
-4156
-4591
-4645
-4361
-3711
-2768
-1590
-350
648
1213
1264
926
418
-274
-1066
-1611
-1779
-1590
-1147
-410
359
883
1243
1098
694
297
-238
-740
-1154
-1296
-1058
-635
-171
366
849
1101
1136
954
763
456
4
-320
-576
-708
-604
-215
354
975
1641
2309
2857
3151
3197
3027
2596
2018
1496
1046
749
691
878
1122
1382
1632
1652
1624
1512
1223
966
732
552
522
669
900
1029
1312
1523
1396
1412
1525
1771
2218
2649
3197
3819
4323
4695
4807
4668
4280
3648
3131
2670
2188
1788
1385
1012
448
-369
-1280
-2357
-3615
-4776
-5597
-6051
-6052
-5581
-4770
-3718
-2563
-1508
-506
275
595
621
523
149
-399
-911
-1444
-1832
-2151
-2260
-2042
-1826
-1508
-1345
-1478
-1745
-2320
-3071
-3877
-4560
-4875
-4777
-4228
-3315
-2128
-811
271
964
1191
930
405
-387
-1186
-1786
-2141
-1986
-1537
-970
-209
496
897
1017
745
285
-188
-793
-1224
-1443
-1461
-1178
-738
-146
516
1027
1340
1376
1135
764
294
-202
-613
-919
-947
-597
52
944
1878
2762
3409
3772
3951
3802
3373
2752
2055
1424
1015
817
834
964
1104
1318
1372
1351
1274
1029
824
611
392
402
617
884
1116
1310
1491
1639
1760
1992
2362
2660
2990
3346
3711
4130
4450
4550
4332
4087
3774
3272
2881
2507
2050
1597
1033
269
-615
-1580
-2677
-3828
-4872
-5680
-6103
-5954
-5408
-4638
-3600
-2649
-1697
-762
-124
302
294
106
-169
-712
-1213
-1663
-1996
-2135
-2302
-2254
-1877
-1567
-1455
-1637
-2022
-2572
-3248
-3911
-4552
-4745
-4617
-4104
-3101
-1989
-544
712
1293
1475
1233
591
-228
-1061
-1781
-2160
-2095
-1650
-904
-112
588
1150
1309
1013
493
-18
-606
-1150
-1397
-1446
-1236
-661
73
746
1277
1550
1552
1377
888
257
-299
-842
-1172
-1188
-790
-62
911
2020
2917
3666
4158
4217
3950
3376
2593
1822
1089
554
377
353
613
935
1032
1118
1134
1016
676
207
-108
-246
-169
77
439
1004
1534
1974
2391
2651
2796
2895
3019
3170
3324
3564
3948
4311
4440
4354
4130
3870
3580
3127
2625
2173
1609
929
176
-764
-1847
-2924
-3997
-5018
-5616
-5667
-5440
-4921
-4185
-3284
-2158
-1130
-262
396
672
720
561
224
-256
-875
-1384
-1812
-2281
-2449
-2345
-2112
-1860
-1900
-2149
-2562
-3116
-3839
-4494
-4920
-5131
-4701
-3871
-2778
-1300
121
1120
1530
1441
993
308
-598
-1533
-2078
-2279
-2057
-1413
-663
117
842
1267
1265
995
617
112
-520
-1017
-1264
-1246
-861
-230
448
1049
1540
1728
1732
1447
772
112
-581
-1167
-1418
-1251
-665
154
1186
2244
3100
3680
3920
3839
3423
2772
2062
1404
875
482
378
463
530
638
804
894
847
677
275
-188
-490
-533
-397
-247
-15
316
699
1069
1299
1518
1757
1917
2231
2552
2901
3526
4100
4472
4610
4619
4515
4167
3674
3099
2506
1914
1302
621
-88
-984
-1994
-3010
-4102
-4951
-5325
-5324
-5154
-4669
-3882
-2957
-1784
-614
200
716
990
1089
986
648
163
-431
-1010
-1579
-1984
-2161
-2073
-1818
-1736
-1891
-2145
-2434
-2992
-3613
-4229
-4699
-4598
-4160
-3328
-2024
-661
531
1358
1552
1373
897
74
-786
-1561
-2019
-2114
-1840
-1135
-355
410
984
1168
1111
775
345
-134
-666
-1024
-1151
-958
-538
-8
551
998
1361
1434
1249
987
370
-341
-922
-1341
-1369
-1086
-375
551
1469
2435
3213
3659
3710
3481
2893
2067
1343
697
352
334
549
906
1235
1557
1715
1642
1400
974
458
-20
-331
-439
-351
-33
307
586
914
1230
1415
1557
1828
2158
2538
2989
3456
4015
4428
4551
4423
4132
3845
3380
2818
2281
1657
1005
340
-478
-1431
-2484
-3550
-4520
-5385
-5800
-5801
-5566
-5054
-4321
-3358
-2276
-1125
-193
498
1097
1323
1253
970
438
-133
-778
-1417
-1823
-1981
-1881
-1591
-1406
-1529
-1768
-2190
-2913
-3687
-4334
-4808
-4815
-4262
-3375
-2060
-610
677
1549
1880
1854
1384
591
-340
-1191
-1794
-2048
-1846
-1293
-508
267
840
1196
1182
902
530
-76
-699
-1094
-1282
-1099
-614
46
815
1473
1941
2108
1856
1366
686
-208
-943
-1376
-1520
-1216
-519
389
1299
2186
2951
3348
3489
3282
2857
2281
1538
1112
835
711
914
1168
1452
1688
1816
1798
1525
1083
606
90
-371
-651
-715
-533
-145
321
663
948
1164
1276
1440
1589
1934
2399
2891
3494
3972
4341
4430
4288
3998
3429
2868
2295
1728
1269
708
23
-858
-1870
-2889
-3967
-4899
-5622
-5973
-5786
-5251
-4478
-3520
-2406
-1326
-449
258
735
1023
1057
795
397
-78
-602
-1119
-1535
-1819
-1829
-1667
-1567
-1463
-1541
-1864
-2413
-3235
-3994
-4559
-4775
-4496
-3765
-2532
-1057
415
1579
2197
2270
1725
798
-254
-1352
-2207
-2471
-2242
-1673
-897
-91
585
991
1189
991
527
10
-497
-922
-1261
-1209
-880
-382
240
872
1488
1782
1818
1576
973
273
-517
-1153
-1426
-1340
-807
-25
905
1890
2739
3297
3479
3355
2921
2270
1581
988
587
461
509
832
1302
1563
1785
1864
1720
1414
923
521
154
-151
-215
-120
182
553
822
1081
1397
1597
1683
1869
2116
2439
2875
3354
3781
4143
4317
4237
3992
3541
2960
2358
1715
1152
746
154
-712
-1627
-2555
-3643
-4704
-5443
-5834
-5835
-5528
-4843
-3830
-2712
-1549
-425
445
957
1179
1180
987
554
59
-472
-1060
-1534
-1820
-1889
-1820
-1720
-1761
-1935
-2254
-2808
-3450
-4125
-4727
-4962
-4692
-3979
-2817
-1404
15
1195
1829
1974
1540
702
-323
-1408
-2137
-2504
-2407
-1832
-993
-41
727
1219
1368
1134
729
210
-380
-802
-1014
-960
-484
151
829
1540
2027
2285
2204
1835
1294
571
-276
-953
-1201
-1193
-750
50
937
1885
2766
3400
3691
3641
3214
2619
1954
1299
902
646
578
783
1074
1350
1561
1598
1400
1164
795
296
-43
-300
-353
-229
-132
58
311
556
755
977
1116
1274
1594
1902
2293
2795
3328
3697
3840
3887
3836
3502
3092
2816
2366
1893
1409
834
114
-878
-1936
-3136
-4307
-5249
-5789
-5789
-5643
-5195
-4279
-3167
-1985
-932
-70
595
970
1100
956
603
199
-299
-830
-1345
-1793
-1980
-1948
-1868
-1877
-2025
-2319
-2800
-3386
-3943
-4476
-4773
-4565
-3958
-3020
-1741
-419
702
1483
1691
1451
870
-85
-1080
-1849
-2276
-2263
-1866
-1127
-300
439
1065
1322
1229
897
460
35
-375
-624
-627
-439
-86
532
1101
1540
1863
1897
1762
1310
650
-33
-650
-1025
-1058
-662
-90
723
1665
2474
3190
3572
3653
3443
2911
2215
1538
1020
606
478
582
697
860
1079
1281
1246
1035
865
582
255
16
-145
-146
-44
116
304
483
685
984
1167
1256
1597
1967
2380
2892
3290
3649
3832
3862
3881
3715
3410
3074
2670
2240
1768
1043
221
-673
-1849
-3097
-4286
-5200
-5692
-5891
-5637
-4980
-4214
-3219
-1978
-824
128
843
1252
1360
1259
994
508
-84
-672
-1209
-1626
-1868
-1857
-1737
-1727
-1862
-2128
-2593
-3182
-3858
-4493
-4724
-4642
-4137
-3084
-1836
-537
698
1532
1811
1620
988
87
-900
-1760
-2285
-2412
-2104
-1447
-653
213
915
1185
1182
963
508
-55
-566
-947
-1047
-812
-333
264
816
1390
1850
1906
1627
1061
341
-306
-987
-1464
-1450
-1023
-326
501
1495
2444
3104
3464
3459
3213
2710
2015
1447
1037
841
890
998
1145
1311
1392
1321
1123
904
669
380
186
123
95
220
345
372
513
572
527
629
730
806
1027
1427
2095
2772
3371
3906
4134
4189
4043
3692
3229
2743
2280
1820
1545
1215
720
107
-806
-1986
-3247
-4412
-5317
-5885
-6038
-5719
-5021
-3992
-2743
-1426
-166
723
1154
1282
1180
911
361
-327
-853
-1308
-1587
-1619
-1539
-1344
-1183
-1174
-1323
-1756
-2439
-3238
-4028
-4651
-4797
-4488
-3742
-2469
-1099
266
1381
1902
1966
1490
589
-366
-1206
-1941
-2281
-2026
-1555
-785
79
733
1142
1108
921
558
51
-469
-929
-1063
-969
-550
-22
397
868
1167
1240
1089
669
143
-482
-1075
-1432
-1520
-1235
-682
17
893
1837
2650
3196
3501
3482
3127
2663
2128
1683
1246
955
1006
1068
1118
1149
1223
1203
985
865
704
490
413
384
429
483
583
695
668
757
897
1042
1259
1491
1996
2529
3028
3647
4013
4224
4225
3971
3652
3208
2845
2416
1974
1650
1184
552
-199
-1063
-2164
-3361
-4490
-5437
-5971
-6059
-5741
-5111
-4157
-2933
-1768
-701
247
769
973
926
594
119
-457
-909
-1238
-1460
-1500
-1456
-1367
-1293
-1414
-1850
-2503
-3246
-3940
-4560
-5024
-5061
-4659
-3867
-2678
-1380
-96
969
1494
1578
1236
569
-229
-976
-1550
-1849
-1770
-1341
-644
59
718
1127
1174
969
539
137
-296
-687
-736
-496
-142
365
931
1357
1604
1595
1383
945
337
-233
-696
-1069
-1129
-799
-287
371
1114
1943
2583
3016
3314
3285
3179
2870
2450
2179
1837
1656
1610
1479
1530
1565
1410
1240
992
792
555
299
192
99
100
109
157
217
235
339
349
404
647
944
1329
1818
2395
2952
3407
3779
3899
3693
3418
3125
2691
2280
1911
1497
1126
642
-147
-1191
-2229
-3289
-4441
-5295
-5801
-5880
-5539
-4964
-4082
-2952
-1717
-608
198
728
1033
1090
943
598
74
-363
-841
-1276
-1394
-1397
-1257
-1174
-1224
-1418
-1916
-2519
-3156
-3838
-4354
-4479
-4195
-3441
-2344
-1094
214
1213
1715
1792
1444
748
-127
-970
-1596
-1943
-1866
-1424
-836
-172
408
771
825
585
243
-194
-631
-898
-1056
-971
-628
-165
331
709
981
1098
946
574
31
-471
-984
-1433
-1475
-1283
-790
-41
781
1636
2291
2771
2917
2711
2395
1982
1546
1230
1085
1085
1247
1515
1742
1877
1960
1917
1694
1389
1028
728
422
185
203
268
403
534
635
819
914
911
999
1218
1578
2067
2537
3132
3697
4021
4243
4240
4027
3767
3367
2834
2324
1814
1145
403
-381
-1426
-2547
-3635
-4600
-5237
-5554
-5503
-5166
-4486
-3491
-2430
-1321
-323
387
854
1049
1063
891
463
13
-503
-1038
-1368
-1677
-1827
-1854
-2055
-2246
-2572
-3040
-3479
-4027
-4498
-4691
-4523
-3988
-3074
-1841
-571
611
1530
1938
1846
1376
586
-343
-1071
-1569
-1743
-1453
-979
-343
305
701
816
660
338
-70
-470
-832
-1020
-964
-627
19
625
1149
1609
1752
1639
1388
977
368
-301
-780
-1082
-1170
-865
-281
351
1064
1821
2376
2743
2767
2452
2037
1486
1058
812
657
767
982
1248
1649
1897
1921
1795
1453
1064
755
510
376
340
400
546
638
576
496
439
344
269
247
410
810
1381
2140
2970
3576
3947
4178
4057
3733
3410
3015
2589
2194
1719
1121
420
-494
-1497
-2615
-3767
-4679
-5375
-5689
-5499
-5093
-4370
-3294
-2162
-943
33
731
1272
1499
1510
1187
630
28
-625
-1231
-1638
-1911
-2009
-1899
-1908
-2007
-2274
-2756
-3290
-3991
-4595
-4901
-4797
-4088
-2975
-1503
121
1436
2357
2833
2617
1867
879
-233
-1288
-2067
-2201
-1828
-1109
-270
519
1106
1203
1018
513
-47
-669
-1326
-1493
-1361
-1028
-418
418
1194
1657
1887
1786
1436
850
27
-695
-1275
-1518
-1289
-836
-108
794
1633
2291
2694
2793
2536
2043
1374
747
293
63
272
602
1033
1577
1989
2318
2372
2167
1841
1345
854
572
472
503
634
780
896
961
846
664
435
197
169
276
731
1390
2175
2978
3632
4152
4329
4281
3827
3227
2600
1911
1324
586
23
-671
-1624
-2434
-3469
-4368
-5064
-5653
-5646
-5407
-4847
-3898
-2844
-1539
-344
588
1307
1684
1775
1590
1100
468
-191
-906
-1478
-1827
-2019
-2024
-1942
-1975
-2168
-2567
-3187
-3861
-4551
-5090
-5165
-4674
-3740
-2376
-691
808
2036
2875
2972
2540
1655
417
-682
-1553
-2042
-1850
-1302
-535
377
1052
1401
1225
687
88
-731
-1462
-1789
-1729
-1251
-419
570
1532
2248
2591
2645
2202
1534
710
-265
-929
-1348
-1257
-741
-40
911
1810
2643
3174
3175
2847
2190
1396
660
4
-252
-196
103
836
1591
2153
2503
2531
2296
1787
1143
590
187
66
227
531
932
1267
1381
1296
994
546
68
-264
-230
-49
479
1376
2312
3273
3955
4365
4456
4192
3629
2843
2155
1374
496
-255
-1002
-1777
-2564
-3334
-4016
-4596
-5050
-5266
-5135
-4837
-4278
-3314
-2214
-1083
-91
735
1370
1677
1547
1177
675
-94
-877
-1562
-1874
-1840
-1802
-1649
-1555
-1670
-2001
-2523
-3167
-3988
-4616
-4920
-4742
-3934
-2801
-1283
387
1792
2783
3178
2980
2347
1271
6
-1030
-1800
-1996
-1648
-1074
-266
615
1146
1234
887
104
-774
-1664
-2377
-2612
-2318
-1634
-692
369
1399
2190
2375
2194
1673
689
-225
-988
-1564
-1602
-1168
-405
580
1591
2470
2931
2983
2691
1927
1099
348
-341
-551
-289
234
1047
1961
2665
3053
3114
2839
2170
1381
638
92
10
139
486
999
1441
1812
1860
1604
1134
518
68
-154
-101
339
1138
2214
3326
4272
4968
5282
5158
4621
3769
2677
1344
-33
-1280
-2345
-3131
-3660
-3953
-4087
-4029
-3995
-3983
-3777
-3546
-3131
-2591
-1956
-1097
-206
758
1518
1818
1976
1780
1189
410
-475
-1227
-1895
-2248
-2376
-2489
-2521
-2588
-2847
-3408
-3946
-4454
-4884
-4960
-4701
-3981
-2814
-1392
192
1620
2608
3148
2989
2297
1312
119
-864
-1554
-1830
-1677
-1192
-459
134
537
646
290
-359
-1135
-1906
-2483
-2664
-2341
-1545
-513
605
1674
2380
2627
2430
1828
983
53
-704
-1148
-1219
-832
-86
871
1827
2527
2904
2903
2459
1786
896
71
-366
-539
-235
462
1361
2357
3064
3480
3493
2994
2254
1308
481
-15
-308
-167
325
882
1522
2047
2213
1986
1525
1026
494
206
187
477
1296
2296
3402
4471
5144
5432
5250
4496
3381
1924
297
-1183
-2619
-3671
-4236
-4484
-4346
-4072
-3664
-3269
-3041
-2792
-2604
-2468
-2198
-1808
-1276
-507
362
1065
1538
1702
1528
1097
337
-445
-1085
-1705
-2148
-2420
-2569
-2621
-2748
-2987
-3287
-3737
-4136
-4361
-4421
-4087
-3468
-2499
-1216
13
1076
1856
2204
2124
1601
753
-113
-920
-1467
-1516
-1281
-761
-91
456
905
861
475
-75
-915
-1586
-2051
-2250
-2042
-1451
-597
361
1313
1904
2081
1935
1417
693
2
-490
-648
-514
-2
755
1505
2166
2504
2486
2124
1490
741
50
-426
-528
-208
395
1171
1902
2540
2999
2998
2604
2003
1340
672
62
-206
-81
195
653
1289
1661
1875
1897
1497
1109
656
282
333
564
1178
2114
3229
4436
5328
5813
5819
5263
4096
2527
710
-1265
-3016
-4283
-4996
-5231
-4963
-4332
-3544
-2886
-2427
-2038
-1871
-1730
-1622
-1526
-1076
-452
210
995
1648
2024
2117
1810
1200
394
-562
-1458
-2249
-2850
-3261
-3544
-3647
-3720
-3836
-3991
-4231
-4418
-4432
-4227
-3667
-2847
-1819
-604
507
1374
2048
2231
2046
1542
644
-122
-709
-1046
-1097
-849
-354
140
634
849
740
284
-502
-1244
-1750
-2031
-2111
-1725
-961
-38
947
1687
2185
2344
2070
1577
990
474
169
167
486
1009
1578
2085
2481
2577
2388
1929
1193
542
62
-176
-98
212
843
1545
2107
2474
2541
2270
1800
1373
819
265
44
79
258
614
1143
1570
1828
1895
1677
1352
983
704
597
720
1093
1714
2635
3465
4141
4664
4810
4500
3628
2399
911
-870
-2595
-3970
-5027
-5616
-5579
-5112
-4350
-3470
-2585
-1843
-1396
-1043
-822
-773
-673
-395
75
601
1056
1394
1539
1376
942
240
-644
-1461
-2152
-2677
-2904
-3032
-3201
-3247
-3275
-3467
-3701
-3816
-3843
-3675
-3224
-2386
-1286
-230
841
1627
1990
2046
1605
903
100
-755
-1387
-1659
-1514
-1057
-442
214
734
915
800
372
-431
-1252
-1971
-2409
-2404
-2152
-1599
-669
370
1195
1730
2032
1932
1402
775
263
-87
-254
-96
348
934
1544
1987
2220
2161
1729
1236
682
36
-218
-196
107
792
1469
2130
2698
2925
2857
2657
2153
1501
1037
631
447
514
695
1034
1354
1614
1839
1802
1564
1345
1136
1000
1052
1355
1913
2702
3574
4394
5032
5278
5116
4401
3185
1634
-259
-2117
-3757
-5113
-5868
-6087
-5736
-4916
-3978
-3073
-2332
-1644
-1196
-1035
-945
-825
-513
23
611
1079
1501
1762
1682
1153
397
-429
-1322
-2076
-2709
-3148
-3492
-3647
-3695
-3950
-4129
-4283
-4386
-4286
-4069
-3554
-2680
-1572
-313
834
1653
2229
2377
1942
1283
511
-325
-884
-1179
-1248
-913
-353
232
795
1076
1045
637
-156
-936
-1589
-2077
-2259
-2023
-1385
-420
651
1498
2138
2455
2336
1925
1218
421
-95
-314
-259
181
825
1506
2118
2463
2419
2041
1462
736
76
-258
-242
10
553
1303
2096
2644
2837
2811
2515
1984
1281
653
185
-95
-93
39
300
650
959
1235
1370
1288
1132
1010
903
886
1177
1709
2402
3224
4016
4731
5016
4834
4253
3110
1659
-96
-1924
-3535
-4877
-5687
-5907
-5638
-4994
-4083
-3257
-2506
-1818
-1356
-935
-694
-528
-239
141
672
1113
1470
1671
1545
1137
489
-218
-958
-1673
-2295
-2689
-2955
-3203
-3322
-3518
-3785
-3971
-4181
-4306
-4191
-3806
-3002
-1908
-775
362
1398
2087
2338
2108
1406
482
-363
-1066
-1556
-1638
-1406
-863
-175
418
835
864
502
-156
-950
-1710
-2237
-2430
-2208
-1544
-622
403
1284
1932
2314
2235
1787
1105
398
-84
-403
-381
-3
576
1366
2054
2565
2864
2712
2307
1731
1014
566
359
281
510
1002
1623
2211
2554
2656
2534
2153
1713
1193
628
256
50
-20
164
458
733
963
1056
1080
1014
858
741
774
1008
1422
2031
2800
3572
4168
4563
4628
4151
3251
2081
595
-1073
-2627
-4035
-5065
-5551
-5606
-5248
-4663
-4046
-3391
-2738
-2260
-1820
-1407
-978
-410
240
1075
1822
2358
2666
2602
2290
1597
585
-463
-1465
-2252
-2766
-3088
-3311
-3421
-3410
-3558
-3931
-4242
-4452
-4506
-4217
-3537
-2512
-1264
45
1235
2171
2695
2697
2151
1181
82
-836
-1396
-1670
-1599
-1105
-452
274
804
1000
1012
539
-158
-857
-1566
-1928
-1868
-1464
-708
242
1085
1803
2299
2323
1923
1290
534
-145
-604
-739
-470
113
959
1806
2502
2947
3013
2790
2235
1523
823
282
109
140
437
1011
1622
2184
2495
2546
2325
1800
1189
622
119
-234
-273
-74
271
662
874
1071
1060
809
633
395
372
669
1094
1762
2559
3455
4307
4832
5033
4791
3950
2717
1263
-485
-2152
-3572
-4756
-5406
-5618
-5384
-4719
-3945
-3204
-2502
-2002
-1664
-1345
-1082
-810
-472
20
709
1416
2010
2327
2212
1753
978
55
-990
-2042
-2813
-3341
-3712
-3918
-3847
-3834
-3902
-3990
-4191
-4196
-4011
-3569
-2820
-1823
-609
530
1482
2225
2431
2104
1459
488
-461
-1203
-1632
-1646
-1419
-831
-89
509
953
1031
767
204
-545
-1242
-1735
-1805
-1551
-964
-27
874
1638
2213
2415
2282
1811
1145
472
-79
-280
-102
419
1133
1877
2546
2985
3074
2731
2138
1544
828
200
49
144
523
1176
1793
2373
2730
2730
2424
1876
1252
648
128
-188
-182
43
320
686
1007
1138
1194
1099
890
752
706
847
1225
1757
2357
3011
3696
4134
4229
4083
3517
2601
1374
-132
-1701
-3220
-4554
-5529
-5942
-5850
-5393
-4667
-3845
-2987
-2162
-1540
-984
-539
-210
234
608
1063
1497
1766
1939
1754
1266
551
-288
-1125
-1883
-2493
-2916
-3056
-3146
-3235
-3337
-3606
-3898
-4235
-4498
-4483
-4145
-3433
-2374
-1022
353
1604
2514
2931
2844
2134
1056
31
-921
-1748
-2017
-1715
-1135
-420
293
858
1141
1016
570
-85
-797
-1347
-1708
-1579
-1059
-324
579
1346
2085
2498
2425
2088
1396
584
-137
-630
-719
-519
-85
624
1316
1840
2308
2479
2257
1852
1381
976
701
631
775
1119
1577
2089
2542
2663
2574
2282
1825
1317
733
272
-6
-112
-54
105
362
745
1125
1252
1270
1230
1052
1029
1127
1367
1768
2269
3034
3764
4244
4559
4520
3963
2943
1548
-165
-2038
-3738
-5048
-5875
-6073
-5673
-4895
-3927
-2922
-2113
-1531
-1089
-917
-927
-864
-698
-298
352
961
1459
1677
1511
1112
426
-490
-1479
-2382
-3019
-3402
-3578
-3498
-3451
-3552
-3693
-3985
-4214
-4401
-4429
-3971
-3184
-2089
-770
520
1663
2376
2670
2486
1726
744
-238
-980
-1455
-1616
-1298
-699
11
610
1026
1125
775
70
-694
-1237
-1717
-1936
-1728
-1112
-187
729
1502
2054
2275
2081
1615
955
279
-218
-455
-321
151
809
1516
2129
2535
2666
2431
1974
1316
687
355
245
377
701
1250
1826
2291
2565
2525
2276
1749
1205
771
355
229
248
365
695
1000
1207
1276
1246
1111
874
734
697
864
1223
1723
2394
3072
3817
4393
4649
4600
4083
3302
2157
647
-965
-2582
-3969
-5013
-5574
-5589
-5222
-4596
-3869
-3102
-2386
-1857
-1500
-1146
-744
-414
96
754
1270
1732
1997
1895
1499
802
-84
-964
-1737
-2375
-2793
-2961
-3010
-2999
-3068
-3359
-3795
-4340
-4834
-5034
-4871
-4268
-3220
-1809
-221
1256
2367
2870
2830
2295
1262
72
-1009
-1734
-1986
-1773
-1158
-360
429
981
1229
1042
403
-405
-1252
-1955
-2203
-2049
-1549
-527
593
1459
2131
2475
2322
1734
952
116
-543
-803
-675
-171
592
1486
2405
2985
3126
2882
2271
1561
849
310
161
322
673
1236
1921
2483
2780
2787
2500
1951
1293
666
214
-7
59
350
683
1097
1464
1571
1581
1490
1300
1118
907
800
975
1483
2106
2845
3657
4250
4686
4866
4531
3855
2802
1393
-106
-1634
-3073
-4267
-4978
-5391
-5471
-5025
-4400
-3758
-3173
-2677
-2230
-1823
-1443
-1018
-467
144
843
1406
1773
1998
1717
1148
353
-616
-1423
-2154
-2677
-2886
-2912
-2880
-2898
-3074
-3440
-3920
-4542
-5125
-5257
-4879
-4026
-2627
-1042
543
1976
2906
3308
2932
1939
756
-580
-1749
-2396
-2474
-2042
-1187
-210
636
1181
1300
978
186
-862
-1840
-2473
-2677
-2317
-1410
-283
869
1931
2739
2974
2600
1877
1022
77
-635
-895
-876
-367
502
1391
2279
2795
2988
2963
2432
1760
1077
426
128
96
415
983
1533
2116
2577
2732
2609
2271
1679
993
590
360
295
513
870
1303
1707
1988
2028
1877
1627
1344
1129
1071
1146
1451
2073
2779
3561
4272
4684
4756
4458
3695
2456
1098
-386
-1982
-3274
-4351
-5054
-5167
-4953
-4368
-3714
-3263
-2752
-2466
-2310
-2043
-1807
-1377
-768
-4
837
1549
2080
2202
1903
1275
300
-785
-1795
-2619
-3088
-3270
-3258
-3153
-3136
-3222
-3579
-4223
-4803
-5231
-5376
-5053
-4144
-2804
-1205
530
1879
2812
3216
2783
1946
795
-508
-1506
-2058
-2072
-1724
-1009
-129
505
881
866
434
-313
-1194
-1851
-2208
-2214
-1719
-811
314
1432
2326
2855
2983
2600
1767
829
-120
-749
-954
-870
-285
572
1495
2350
2959
3268
3075
2526
1839
1099
572
321
390
858
1533
2268
2872
3192
3203
2817
2273
1636
906
392
75
7
209
571
1041
1452
1776
1866
1743
1553
1299
1131
1090
1255
1648
2241
2862
3490
4051
4337
4380
3916
3135
2204
969
-510
-1950
-3083
-4083
-4794
-5066
-4990
-4625
-4195
-3821
-3381
-2959
-2637
-2238
-1852
-1342
-695
-111
534
1000
1241
1206
752
117
-720
-1552
-2233
-2692
-2820
-2818
-2723
-2614
-2668
-2972
-3419
-4065
-4800
-5219
-5170
-4619
-3543
-2007
-399
1091
2421
3097
3041
2478
1404
109
-1091
-1894
-2145
-1943
-1268
-283
680
1392
1793
1674
1097
264
-776
-1654
-2147
-2132
-1627
-809
258
1337
2188
2669
2616
2109
1250
303
-618
-1352
-1448
-1092
-364
680
1824
2762
3349
3667
3440
2820
2090
1258
638
324
252
601
1167
1842
2510
2777
2755
2491
1925
1226
523
-45
-339
-387
-246
78
537
978
1226
1469
1585
1464
1333
1226
1329
1551
1901
2473
3064
3719
4177
4423
4396
3917
3240
2181
878
-584
-2117
-3403
-4441
-5055
-5297
-5170
-4774
-4247
-3622
-3049
-2472
-2045
-1654
-1191
-681
-41
635
1270
1739
1919
1752
1320
542
-388
-1198
-1940
-2430
-2645
-2642
-2558
-2612
-2773
-3094
-3674
-4360
-4923
-5262
-5146
-4511
-3344
-1725
-51
1501
2672
3264
3278
2611
1480
166
-1039
-1819
-2057
-1721
-988
-103
812
1506
1811
1629
880
-33
-999
-1919
-2423
-2426
-1912
-1070
18
1109
1920
2397
2387
1847
945
-15
-891
-1462
-1602
-1272
-515
416
1470
2441
3057
3223
3006
2454
1670
942
354
118
291
790
1468
2182
2799
3042
3007
2641
1980
1217
541
18
-267
-194
-72
188
614
1031
1321
1359
1291
1163
1039
976
1008
1249
1710
2329
3097
3824
4334
4632
4607
4176
3329
2146
789
-669
-2128
-3362
-4327
-4954
-5074
-4884
-4499
-3948
-3374
-2794
-2316
-1870
-1442
-1056
-555
39
696
1194
1490
1561
1270
769
13
-890
-1717
-2428
-2811
-2942
-2940
-2743
-2626
-2706
-2993
-3451
-4034
-4632
-4898
-4718
-4046
-3011
-1620
-45
1296
2381
2908
2661
1966
960
-336
-1538
-2241
-2429
-2121
-1306
-213
784
1430
1817
1743
1149
309
-741
-1600
-2115
-2210
-1776
-956
68
949
1729
2218
2085
1525
679
-241
-985
-1376
-1304
-882
1
1157
2237
3224
3786
3785
3387
2675
1828
1065
580
400
578
1121
1820
2505
3061
3251
2993
2541
1831
963
278
-224
-436
-322
35
608
1147
1535
1883
2003
1800
1495
1239
1050
930
1073
1565
2214
2980
3703
4217
4451
4317
3845
2969
1743
289
-1147
-2496
-3809
-4585
-4963
-5166
-4996
-4674
-4177
-3691
-3298
-2831
-2391
-1889
-1277
-665
41
789
1344
1701
1753
1481
885
27
-916
-1705
-2257
-2615
-2602
-2557
-2457
-2387
-2666
-3095
-3763
-4483
-5085
-5390
-5185
-4428
-3195
-1678
-49
1412
2492
2982
2770
1966
816
-502
-1651
-2274
-2332
-1828
-901
128
1132
1833
1965
1633
786
-305
-1385
-2310
-2665
-2454
-1833
-806
376
1487
2332
2695
2482
1702
746
-220
-1111
-1561
-1486
-852
153
1257
2365
3268
3664
3497
2991
2137
1202
399
-91
-150
107
830
1732
2580
3182
3354
3254
2884
2265
1407
675
254
15
71
379
872
1334
1632
1843
1848
1749
1559
1148
917
877
1028
1443
2004
2804
3447
3873
4125
3998
3577
2862
1865
767
-420
-1577
-2541
-3390
-3967
-4256
-4370
-4277
-4079
-3852
-3602
-3246
-2792
-2246
-1521
-725
116
892
1501
1800
1703
1337
635
-237
-1195
-2017
-2445
-2727
-2731
-2519
-2397
-2274
-2394
-2883
-3581
-4389
-4957
-5234
-5177
-4455
-3267
-1732
-49
1290
2298
2743
2371
1566
418
-808
-1763
-2446
-2443
-1807
-817
380
1544
2351
2575
2246
1382
339
-820
-1806
-2335
-2418
-1908
-990
111
1154
1854
2128
2018
1387
482
-436
-1285
-1715
-1682
-1170
-243
901
2058
3074
3736
3810
3422
2708
1874
1086
432
108
185
544
1113
1802
2379
2743
2805
2536
2001
1383
756
173
-116
-158
1
367
788
1193
1502
1572
1471
1307
1093
909
864
1148
1603
2170
2884
3550
4120
4321
4314
4092
3373
2384
1248
88
-1017
-2062
-2948
-3657
-4139
-4382
-4481
-4440
-4302
-4125
-3909
-3529
-2885
-2113
-1252
-306
607
1404
1933
2090
1851
1256
348
-708
-1603
-2288
-2747
-2866
-2713
-2414
-2231
-2328
-2571
-3163
-3889
-4546
-5105
-5131
-4671
-3625
-2116
-534
1109
2335
2900
2851
2093
984
-218
-1461
-2240
-2337
-2008
-1107
159
1360
2331
2776
2643
1973
869
-305
-1275
-1943
-2152
-1826
-1060
-6
990
1754
2295
2308
1794
1012
-48
-1002
-1556
-1796
-1512
-791
200
1400
2543
3413
3793
3659
3165
2328
1378
541
-58
-227
20
538
1160
1870
2344
2468
2285
1833
1269
501
-33
-316
-477
-234
196
685
1213
1528
1531
1403
1187
894
678
545
761
1258
1815
2588
3200
3746
4180
4274
4076
3468
2719
1807
746
-255
-1133
-1956
-2700
-3242
-3657
-3917
-4007
-4015
-3902
-3720
-3443
-2910
-2220
-1304
-285
643
1509
2096
2318
2034
1324
391
-769
-1782
-2525
-2988
-3012
-2765
-2380
-1903
-1686
-1900
-2408
-3158
-4007
-4733
-5056
-4798
-3901
-2534
-847
777
2012
2837
2904
2345
1216
-300
-1606
-2557
-2911
-2672
-1862
-644
523
1510
2119
2224
1695
745
-360
-1438
-2088
-2436
-2319
-1637
-665
499
1408
1930
2146
1912
1253
368
-532
-1257
-1579
-1342
-751
216
1415
2402
3282
3784
3714
3257
2417
1551
778
142
2
222
700
1406
2048
2540
2741
2624
2257
1606
964
413
-27
-74
198
607
1107
1517
1639
1617
1458
1127
810
505
292
387
836
1442
2229
3036
3661
4124
4228
4026
3476
2577
1651
719
-230
-1137
-2029
-2662
-3162
-3619
-3829
-4086
-4303
-4408
-4507
-4339
-3916
-3259
-2291
-1218
-138
929
1820
2293
2305
1986
1206
182
-854
-1856
-2519
-2741
-2649
-2343
-1924
-1698
-1714
-1984
-2742
-3714
-4584
-5090
-5082
-4621
-3505
-1946
-238
1362
2412
2884
2766
2026
764
-681
-1800
-2471
-2496
-1885
-848
451
1560
2318
2618
2220
1288
183
-975
-1996
-2556
-2637
-2153
-1085
100
1230
2093
2404
2242
1607
753
-150
-940
-1450
-1511
-939
-122
892
2103
3036
3644
3792
3424
2768
1805
907
348
-19
32
558
1238
1941
2487
2808
2873
2464
1879
1287
589
90
-102
-54
317
821
1337
1753
1882
1820
1572
1254
872
548
657
982
1433
2113
2849
3472
3886
4078
3890
3344
2680
1915
1077
284
-428
-1146
-1848
-2463
-2986
-3403
-3837
-4166
-4424
-4607
-4604
-4400
-3837
-3071
-2101
-987
-6
856
1482
1708
1397
597
-307
-1210
-2136
-2790
-2996
-2830
-2396
-1823
-1367
-1277
-1528
-2187
-3135
-4148
-4986
-5366
-5141
-4217
-2822
-1125
575
1854
2559
2588
1984
936
-416
-1675
-2420
-2550
-2082
-1030
288
1523
2508
2927
2764
2070
970
-321
-1470
-2206
-2600
-2309
-1469
-514
513
1433
1985
2053
1697
922
-47
-819
-1332
-1579
-1287
-558
365
1509
2577
3284
3580
3441
2916
2086
1258
610
113
-34
229
757
1375
2009
2460
2588
2482
2103
1522
835
295
7
-46
200
560
979
1324
1528
1683
1628
1403
1166
1010
1096
1322
1800
2463
3067
3681
4126
4385
4383
4062
3530
2773
1928
1056
265
-539
-1389
-2115
-2841
-3384
-3867
-4301
-4489
-4643
-4671
-4484
-4055
-3345
-2378
-1341
-371
582
1312
1601
1547
1152
400
-526
-1551
-2411
-2798
-2860
-2762
-2358
-1908
-1759
-1822
-2189
-2798
-3623
-4514
-5068
-5078
-4458
-3377
-1927
-377
1053
2062
2409
2168
1405
308
-894
-1871
-2412
-2349
-1723
-787
436
1629
2491
2877
2544
1854
947
-126
-1027
-1617
-1652
-1237
-493
429
1306
1960
2203
2049
1479
767
-12
-808
-1326
-1482
-1130
-466
398
1402
2164
2706
2973
2835
2329
1618
876
253
-72
-159
145
720
1321
1878
2240
2375
2170
1675
1056
478
19
-319
-432
-227
131
491
846
1083
1204
1156
971
806
719
887
1273
1782
2442
3113
3703
4096
4240
4130
3745
3190
2473
1659
889
90
-634
-1218
-1783
-2360
-2972
-3533
-3990
-4184
-4278
-4288
-4043
-3515
-2623
-1603
-543
490
1317
1777
1948
1744
998
43
-1019
-2000
-2689
-3056
-2914
-2510
-2119
-1759
-1592
-1738
-2251
-2988
-3833
-4575
-4839
-4675
-3952
-2601
-1007
565
1849
2734
2988
2497
1579
278
-1084
-2027
-2487
-2371
-1673
-782
226
1293
1945
2140
1881
1188
294
-617
-1303
-1652
-1629
-1182
-383
516
1351
1921
2082
1953
1562
833
-180
-1005
-1400
-1524
-1258
-586
365
1363
2179
2795
2935
2636
2238
1566
799
298
16
-16
315
888
1496
2004
2334
2360
2001
1511
864
207
-221
-459
-360
-18
367
809
1199
1418
1421
1163
954
758
615
765
1099
1688
2424
3178
3741
4049
4227
4082
3632
2922
2100
1342
630
35
-536
-969
-1339
-1915
-2570
-3246
-3905
-4406
-4705
-4839
-4685
-4095
-3165
-1943
-622
535
1412
1945
1979
1527
792
-165
-1105
-1897
-2393
-2488
-2265
-1816
-1374
-1172
-1298
-1676
-2460
-3488
-4418
-5140
-5357
-5025
-4116
-2750
-1225
213
1388
2068
2078
1580
697
-413
-1478
-2170
-2417
-2146
-1364
-351
682
1483
2006
2126
1741
1034
177
-641
-1301
-1615
-1469
-1037
-352
521
1346
1891
2044
1800
1217
470
-331
-1012
-1367
-1337
-943
-152
874
1906
2766
3280
3494
3316
2750
2079
1389
816
584
585
825
1313
1860
2265
2426
2426
2135
1594
983
430
88
-108
-22
352
706
1038
1342
1427
1315
1164
887
620
620
687
1103
1752
2327
3062
3575
3792
3854
3631
3175
2594
1952
1392
955
399
-173
-637
-1211
-1928
-2757
-3571
-4162
-4635
-4965
-4995
-4640
-3833
-2754
-1560
-423
579
1291
1486
1345
839
3
-849
-1622
-2188
-2476
-2416
-2064
-1611
-1171
-996
-1210
-1723
-2504
-3394
-4246
-4822
-4940
-4561
-3650
-2418
-979
411
1507
2088
1982
1394
488
-605
-1573
-2218
-2400
-2067
-1330
-330
626
1442
1877
1865
1467
605
-313
-1184
-1841
-2107
-2040
-1467
-633
237
1043
1560
1729
1512
1050
354
-370
-931
-1335
-1289
-906
-153
834
1649
2435
3024
3220
3000
2473
1875
1179
547
191
256
627
1127
1664
2078
2371
2443
2271
1945
1480
1002
526
282
395
532
705
899
1093
1233
1119
994
974
912
935
1189
1579
2053
2614
3136
3521
3688
3661
3418
3040
2655
2163
1669
1198
626
-23
-750
-1542
-2458
-3280
-3923
-4456
-4666
-4674
-4443
-3860
-3020
-1944
-893
108
917
1346
1558
1377
879
175
-614
-1300
-1905
-2162
-2115
-1877
-1625
-1462
-1414
-1634
-2065
-2805
-3658
-4364
-4869
-4885
-4386
-3473
-2129
-672
552
1376
1790
1721
1090
180
-739
-1637
-2207
-2209
-1805
-1003
-28
910
1650
1932
1831
1369
603
-201
-947
-1505
-1670
-1466
-885
-116
642
1359
1768
1869
1653
1173
497
-331
-911
-1235
-1213
-800
-87
814
1689
2522
2985
3148
3000
2527
2006
1302
807
538
395
702
1185
1749
2185
2375
2438
2164
1709
1099
506
99
-199
-159
-7
118
381
642
756
831
843
740
842
1021
1175
1565
2032
2600
3110
3409
3643
3583
3353
3052
2563
1969
1279
546
-185
-932
-1699
-2436
-3015
-3484
-3937
-4126
-4044
-3869
-3508
-2961
-2196
-1305
-416
404
1000
1411
1519
1339
893
180
-567
-1251
-1758
-2045
-2122
-2077
-1964
-1857
-1908
-2139
-2598
-3250
-3857
-4400
-4716
-4465
-3847
-2864
-1608
-444
628
1411
1639
1400
805
-41
-884
-1556
-1923
-1807
-1354
-631
278
1099
1661
1840
1718
1251
461
-395
-1090
-1506
-1642
-1411
-929
-186
596
1113
1441
1368
1107
666
-45
-685
-1169
-1278
-1043
-474
390
1258
2174
2813
3005
2895
2370
1714
1005
353
51
-4
306
941
1601
2220
2657
2782
2628
2177
1527
907
405
55
-107
-6
313
669
1012
1213
1207
1161
1075
1034
1074
1197
1595
2226
2938
3598
4125
4429
4492
4341
3954
3394
2584
1682
871
3
-830
-1635
-2465
-3101
-3594
-4034
-4305
-4379
-4395
-4203
-3747
-3132
-2281
-1436
-550
298
875
1340
1526
1279
811
224
-470
-1168
-1762
-2135
-2217
-2253
-2266
-2144
-2227
-2591
-3056
-3628
-4176
-4452
-4398
-3913
-3103
-2085
-814
318
1216
1774
1715
1276
556
-312
-1049
-1504
-1574
-1297
-722
12
771
1385
1656
1545
1018
271
-570
-1330
-1783
-1937
-1699
-1229
-544
289
978
1428
1482
1256
790
107
-518
-1055
-1346
-1283
-873
-73
858
1750
2421
2748
2843
2593
1941
1195
537
135
44
203
758
1364
1954
2602
2852
2772
2476
1893
1205
612
79
-265
-145
205
527
871
1188
1364
1455
1413
1329
1264
1248
1536
1939
2451
3102
3664
4086
4228
4174
3967
3487
2761
1890
1103
249
-707
-1552
-2355
-3138
-3744
-4179
-4470
-4396
-4138
-3814
-3386
-2871
-2180
-1500
-850
-240
252
719
928
850
590
126
-315
-840
-1283
-1537
-1820
-1898
-1834
-1855
-2059
-2440
-2874
-3341
-3758
-4120
-4174
-3819
-3159
-2115
-1040
49
1016
1494
1637
1373
799
134
-537
-1010
-1158
-880
-375
205
834
1325
1537
1342
748
0
-870
-1700
-2234
-2457
-2227
-1736
-1000
-89
684
1233
1461
1372
939
367
-195
-591
-770
-720
-138
665
1426
2173
2759
3095
3025
2573
1897
1164
583
236
101
287
819
1503
2194
2747
3025
3001
2669
2065
1491
969
421
140
103
262
578
831
990
1048
992
879
708
597
720
1125
1736
2302
2806
3333
3696
3868
3796
3390
2817
2078
1134
211
-661
-1591
-2322
-2904
-3488
-3825
-4041
-4113
-4023
-3952
-3692
-3361
-2943
-2312
-1563
-774
-139
546
1080
1280
1257
865
304
-403
-1185
-1794
-2270
-2513
-2515
-2416
-2243
-2179
-2331
-2603
-3061
-3582
-3823
-3883
-3678
-2987
-2007
-825
457
1432
2043
2245
1927
1347
526
-354
-1027
-1360
-1235
-786
-145
624
1313
1597
1513
1146
413
-422
-1122
-1672
-1896
-1756
-1232
-316
595
1458
2118
2264
2080
1558
921
245
-390
-671
-666
-306
336
1175
2073
2734
3013
2923
2495
1821
1079
343
-77
-133
185
931
1727
2473
3122
3411
3331
2874
2113
1253
410
-203
-463
-432
-153
247
659
976
1085
1026
821
497
275
204
227
580
1188
1940
2760
3319
3730
3820
3511
3020
2163
1186
261
-687
-1584
-2330
-2865
-3264
-3484
-3499
-3506
-3507
-3310
-3096
-2857
-2456
-1935
-1286
-557
194
894
1385
1584
1563
1216
634
-84
-854
-1495
-1942
-2190
-2201
-2071
-2033
-2021
-2193
-2645
-3223
-3931
-4406
-4426
-4160
-3502
-2434
-1168
108
1196
1916
2017
1519
777
-160
-1200
-1933
-2179
-1830
-1123
-237
836
1628
2020
1997
1354
382
-695
-1714
-2375
-2712
-2576
-1931
-998
166
1159
1803
2073
1861
1353
648
-170
-843
-1049
-868
-344
526
1489
2427
3154
3489
3347
2844
2081
1175
346
-299
-456
-137
524
1346
2123
2879
3311
3361
3096
2365
1476
665
-25
-333
-278
-3
439
941
1405
1745
1830
1713
1481
1130
963
939
1125
1585
2083
2715
3328
3800
3971
3808
3371
2650
1790
791
-314
-1413
-2343
-2971
-3366
-3625
-3709
-3733
-3623
-3424
-3272
-3022
-2689
-2190
-1622
-970
-177
556
1128
1444
1481
1212
710
-18
-869
-1579
-2150
-2454
-2447
-2362
-2188
-2101
-2208
-2540
-3187
-3817
-4395
-4764
-4602
-4011
-2974
-1648
-241
1039
1799
2082
1932
1218
221
-735
-1554
-2032
-1898
-1292
-436
607
1583
2192
2347
1949
1100
97
-895
-1607
-1974
-1997
-1533
-691
304
1229
1881
2159
2016
1476
694
-114
-834
-1254
-1248
-864
-162
791
1879
2677
3120
3200
2871
2340
1569
841
378
57
86
477
1083
1742
2293
2588
2553
2282
1664
977
305
-282
-524
-537
-251
201
706
1177
1514
1796
1846
1643
1397
1218
1242
1392
1699
2197
2758
3376
3773
3902
3888
3484
2820
1967
825
-284
-1348
-2273
-2904
-3356
-3612
-3660
-3581
-3421
-3207
-2982
-2672
-2342
-1960
-1377
-726
-76
612
1166
1435
1363
1029
463
-294
-1054
-1833
-2332
-2502
-2548
-2483
-2442
-2414
-2560
-2940
-3481
-4093
-4490
-4574
-4306
-3617
-2496
-1144
110
1210
1925
2087
1730
907
-3
-908
-1595
-1894
-1834
-1277
-402
536
1269
1691
1769
1322
571
-340
-1294
-1897
-2108
-1924
-1436
-617
430
1289
1895
2068
1855
1310
525
-235
-846
-1053
-886
-339
487
1386
2257
2825
2976
2781
2261
1565
771
73
-234
-217
149
795
1544
2273
2758
2976
2856
2423
1843
1141
525
22
-212
-164
-40
381
838
1274
1655
1814
1866
1731
1564
1392
1314
1525
1924
2496
3127
3780
4371
4582
4403
3911
2954
1665
359
-1105
-2474
-3348
-3973
-4311
-4221
-3813
-3295
-2856
-2467
-2249
-2070
-1744
-1436
-1004
-398
289
996
1461
1641
1588
1208
551
-308
-1220
-1989
-2518
-2774
-2877
-2860
-2697
-2554
-2622
-2876
-3247
-3636
-3826
-3779
-3419
-2729
-1833
-699
390
1057
1435
1391
1003
403
-509
-1224
-1641
-1771
-1454
-927
-214
549
1097
1423
1320
798
59
-801
-1521
-1960
-2118
-1923
-1370
-537
426
1104
1450
1537
1231
624
-95
-740
-1125
-1203
-931
-269
576
1482
2226
2650
2682
2372
1779
990
364
-152
-403
-119
394
1064
1942
2562
2911
3069
2860
2424
1796
1114
609
315
143
227
591
996
1404
1668
1857
1991
1864
1631
1464
1326
1357
1705
2152
2701
3357
3886
4256
4316
3977
3351
2388
1129
-272
-1614
-2689
-3417
-3803
-4019
-3909
-3406
-2954
-2560
-2197
-2038
-1897
-1615
-1314
-915
-306
283
780
1102
1114
971
521
-254
-1111
-2000
-2624
-2866
-2944
-2869
-2621
-2364
-2226
-2311
-2653
-3109
-3476
-3641
-3613
-3196
-2413
-1396
-253
679
1444
1761
1466
949
142
-708
-1382
-1818
-1715
-1262
-558
405
1348
1949
2073
1816
1079
119
-784
-1706
-2259
-2366
-2070
-1364
-518
315
985
1374
1413
1137
629
58
-419
-644
-580
-204
523
1334
2017
2542
2797
2659
2213
1552
825
155
-336
-463
-171
410
1099
1832
2410
2773
2853
2555
2079
1477
849
391
8
-172
17
419
875
1186
1416
1621
1557
1329
1088
908
880
1061
1573
2188
2867
3666
4196
4433
4402
3866
2970
1831
491
-975
-2406
-3489
-4184
-4537
-4560
-4331
-3915
-3393
-2886
-2475
-2121
-1746
-1351
-884
-336
255
854
1349
1662
1643
1299
740
-32
-936
-1809
-2414
-2797
-2967
-2817
-2567
-2340
-2238
-2370
-2701
-3209
-3648
-3867
-3825
-3331
-2421
-1275
-41
1116
1907
2182
1989
1281
254
-757
-1529
-1960
-1926
-1283
-328
703
1589
2110
2328
2018
1232
225
-865
-1761
-2345
-2426
-2048
-1322
-274
665
1358
1770
1771
1441
877
230
-408
-745
-646
-243
400
1107
1834
2425
2743
2756
2403
1830
1189
605
303
256
436
861
1448
2095
2600
2839
2714
2358
1879
1224
565
31
-292
-320
-156
207
632
1033
1461
1680
1659
1488
1229
1016
923
1019
1291
1710
2326
2982
3451
3766
3742
3209
2285
1051
-337
-1769
-3085
-4072
-4670
-4830
-4533
-3889
-3193
-2510
-1814
-1337
-1125
-1083
-1096
-1020
-786
-459
-23
462
748
905
874
511
37
-658
-1488
-2103
-2536
-2729
-2779
-2705
-2592
-2592
-2751
-3066
-3279
-3451
-3423
-3100
-2520
-1644
-639
428
1249
1623
1624
1274
650
-93
-806
-1333
-1469
-1218
-639
227
1048
1581
1867
1860
1400
659
-148
-866
-1316
-1563
-1404
-904
-296
480
1085
1463
1626
1500
1208
757
406
100
-18
252
588
1126
1687
2055
2389
2440
2172
1821
1446
1049
739
564
614
946
1338
1705
2075
2286
2237
1985
1573
996
333
-154
-479
-619
-541
-263
243
752
1166
1457
1611
1593
1431
1150
927
957
1132
1467
2044
2744
3404
3959
4130
3798
3047
1831
301
-1290
-2794
-3941
-4656
-4936
-4641
-4013
-3149
-2269
-1553
-1025
-801
-684
-696
-851
-877
-678
-262
230
579
869
908
552
149
-519
-1260
-1803
-2290
-2505
-2602
-2618
-2578
-2653
-2956
-3279
-3503
-3775
-3854
-3674
-3126
-2210
-1097
68
933
1549
1814
1557
1014
184
-656
-1285
-1617
-1397
-833
-34
824
1474
1946
1993
1551
797
-184
-1104
-1778
-2125
-2017
-1478
-714
219
1120
1782
2202
2213
1922
1336
680
256
-26
-75
120
672
1291
1727
2131
2245
2078
1693
1100
633
234
-57
-30
198
630
1202
1729
2115
2335
2247
1895
1409
791
229
-215
-428
-401
-127
321
810
1346
1750
1998
1982
1698
1352
1062
908
863
1099
1681
2349
3019
3556
3777
3701
3216
2248
910
-624
-2070
-3288
-4176
-4558
-4485
-3987
-3264
-2489
-1741
-1248
-910
-768
-815
-892
-934
-829
-490
-44
260
532
630
513
294
-218
-813
-1312
-1762
-1945
-1978
-2078
-2120
-2213
-2461
-2792
-3147
-3557
-3761
-3554
-3078
-2303
-1288
-151
852
1625
1978
1861
1433
540
-362
-969
-1413
-1458
-993
-238
688
1546
2053
2174
1794
1126
178
-907
-1693
-2201
-2231
-1773
-1026
-70
807
1567
2111
2181
1865
1268
576
-72
-551
-746
-681
-290
312
992
1563
1987
2218
2033
1615
1175
767
424
285
362
643
1230
1869
2336
2708
2806
2537
2190
1582
776
133
-361
-523
-503
-260
292
834
1328
1619
1723
1719
1484
1099
909
942
1145
1650
2326
3100
3780
4228
4348
3949
3107
1820
175
-1496
-3017
-4221
-4927
-5266
-5117
-4517
-3739
-2931
-2367
-1872
-1482
-1308
-1223
-1206
-1034
-653
-215
195
573
714
666
437
-54
-579
-1172
-1663
-2019
-2278
-2308
-2349
-2504
-2636
-2915
-3387
-3742
-4064
-4202
-3906
-3313
-2394
-1313
-150
896
1500
1816
1626
1022
379
-317
-871
-1039
-815
-379
352
1191
1762
2048
2002
1562
855
57
-686
-1247
-1564
-1495
-985
-232
556
1276
1836
2067
1940
1575
1062
601
215
-64
-27
242
678
1211
1676
2028
2166
2114
1881
1600
1356
986
835
994
1208
1507
1830
2157
2343
2303
2070
1624
1160
687
204
-115
-234
-136
76
433
897
1303
1613
1640
1484
1305
971
732
735
764
1082
1622
2133
2797
3337
3558
3424
2714
1744
498
-1088
-2542
-3751
-4574
-4969
-4883
-4369
-3564
-2605
-1849
-1252
-793
-633
-692
-766
-806
-771
-702
-444
-117
80
252
234
59
-288
-749
-1198
-1648
-2012
-2115
-2114
-2245
-2362
-2432
-2502
-2696
-2933
-3021
-2967
-2703
-2215
-1503
-694
42
673
993
1054
928
496
-19
-469
-749
-759
-529
-137
338
858
1202
1267
1036
616
37
-664
-1149
-1450
-1493
-1228
-841
-230
394
825
1129
1197
1015
789
480
88
10
70
250
724
1175
1586
1875
2005
1981
1824
1615
1246
927
823
984
1321
1617
1937
2301
2452
2350
2107
1625
1049
446
14
-150
-231
-58
311
779
1322
1727
1887
1933
1814
1484
1108
740
647
762
1093
1715
2380
3074
3596
3853
3681
2967
1868
401
-1189
-2694
-3971
-4790
-5156
-4981
-4368
-3555
-2608
-1742
-1069
-782
-731
-762
-983
-1141
-1124
-892
-609
-239
268
533
685
566
92
-363
-881
-1427
-1919
-2228
-2411
-2572
-2561
-2628
-2682
-2700
-2835
-2871
-2877
-2795
-2358
-1770
-1145
-392
188
677
1068
1023
807
401
-47
-241
-368
-290
29
406
753
1079
1194
1005
678
184
-337
-806
-1167
-1345
-1227
-851
-357
275
765
1102
1293
1207
1024
746
442
290
285
409
654
1024
1400
1682
1767
1719
1606
1346
998
721
692
848
1161
1564
1960
2316
2457
2411
2183
1752
1174
562
122
-180
-235
-86
314
931
1370
1685
1868
1800
1529
1236
851
548
638
892
1386
2091
2851
3642
4116
4127
3694
2772
1447
-95
-1712
-3195
-4104
-4598
-4789
-4422
-3705
-2806
-1884
-1095
-559
-308
-230
-329
-511
-627
-619
-432
-238
-42
304
493
496
382
-61
-601
-1071
-1633
-2159
-2479
-2708
-2945
-3079
-3069
-2977
-2962
-2953
-2821
-2704
-2530
-2243
-1804
-1295
-853
-353
30
195
238
158
60
-141
-305
-370
-360
-192
-20
294
542
650
730
567
324
-27
-421
-707
-946
-1010
-858
-579
-230
143
496
804
991
1114
1147
1085
1018
945
949
979
1121
1389
1543
1664
1770
1791
1867
1952
1864
1723
1777
1789
1851
1932
1805
1797
1612
1219
834
479
152
-132
-240
-65
412
778
1182
1646
1892
1924
1671
1333
979
625
487
608
1035
1711
2429
3122
3605
3722
3423
2645
1365
-177
-1745
-3204
-4292
-4968
-5155
-4734
-4004
-3136
-2160
-1238
-634
-314
-144
-257
-462
-611
-701
-721
-553
-203
156
456
584
631
501
152
-296
-838
-1399
-1957
-2388
-2703
-2870
-3052
-3125
-2985
-2965
-2732
-2469
-2277
-1871
-1535
-1187
-795
-360
-5
241
484
556
603
613
578
587
549
534
441
321
306
229
67
-115
-313
-534
-688
-828
-951
-843
-661
-530
-218
112
295
541
723
870
1020
1003
1002
995
997
971
915
959
958
967
934
920
963
963
979
988
1063
1208
1346
1344
1392
1503
1373
1262
1141
945
821
691
728
826
926
1099
1204
1376
1524
1425
1197
994
831
697
638
777
1173
1733
2357
2934
3349
3401
3010
2318
1226
-73
-1397
-2670
-3562
-4173
-4280
-3886
-3308
-2427
-1539
-834
-279
43
72
-100
-297
-513
-704
-799
-684
-385
-136
212
525
552
460
149
-249
-750
-1306
-1749
-2223
-2519
-2644
-2715
-2614
-2421
-2160
-1937
-1842
-1615
-1487
-1420
-1238
-1162
-983
-721
-515
-262
9
268
491
626
631
589
540
321
129
8
-171
-261
-317
-347
-406
-478
-447
-428
-489
-523
-492
-470
-329
-147
69
378
619
927
1193
1386
1544
1555
1485
1360
1183
889
605
428
269
243
397
557
853
1188
1396
1599
1672
1583
1342
1078
822
542
308
133
141
300
549
885
1256
1517
1703
1811
1610
1407
1256
1034
932
978
1259
1709
2209
2702
3022
3014
2757
2182
1209
-6
-1336
-2473
-3353
-3962
-4068
-3774
-3147
-2296
-1427
-708
-224
114
197
-32
-335
-623
-939
-950
-791
-644
-267
80
384
595
567
404
3
-559
-1178
-1759
-2213
-2515
-2602
-2540
-2370
-2197
-2057
-1930
-1834
-1791
-1878
-1989
-1961
-1882
-1836
-1635
-1255
-720
-161
362
860
1191
1317
1240
1081
820
457
115
-219
-497
-547
-501
-490
-351
-168
15
152
140
124
82
-30
-87
-45
152
503
884
1316
1801
2159
2315
2311
2080
1587
1058
564
78
-307
-526
-385
-6
452
1088
1646
1987
2214
2150
1923
1585
984
480
197
75
133
327
752
1201
1560
1855
1953
1912
1680
1332
1009
791
757
891
1132
1567
2121
2483
2767
2686
2220
1472
306
-836
-1998
-2982
-3578
-3898
-3639
-3113
-2436
-1567
-827
-222
104
74
-66
-346
-759
-990
-1116
-1166
-925
-519
-58
329
546
697
548
241
-82
-636
-1202
-1706
-2088
-2332
-2426
-2314
-2181
-1997
-1824
-1788
-1806
-1856
-1910
-1923
-1919
-1831
-1604
-1323
-944
-504
-24
414
644
798
827
702
564
398
177
-33
-114
-121
-161
-191
-232
-283
-321
-428
-479
-521
-616
-543
-389
-224
54
472
882
1261
1660
1964
2199
2320
2273
2096
1733
1261
879
498
113
-131
-234
-90
220
553
861
1153
1348
1491
1537
1321
1092
816
558
494
549
700
970
1304
1508
1673
1688
1456
1168
787
488
323
280
467
818
1315
1773
2120
2294
2127
1658
964
28
-1038
-1914
-2620
-3133
-3271
-3055
-2600
-1955
-1327
-837
-362
-129
-163
-319
-489
-723
-901
-882
-795
-520
-205
81
360
536
649
609
375
37
-328
-653
-1005
-1346
-1561
-1677
-1738
-1870
-1882
-1783
-1793
-1638
-1405
-1301
-1177
-1078
-982
-761
-460
-336
-257
-82
-81
-106
-95
-88
-68
-69
6
24
83
161
159
143
29
-85
-312
-598
-664
-733
-757
-644
-538
-331
-27
316
738
1149
1460
1774
1954
2006
1944
1751
1600
1270
871
606
269
-64
-183
-145
-33
128
353
629
876
1100
1230
1269
1244
1125
1067
1041
943
873
896
951
1073
1191
1173
1128
1004
843
664
491
524
596
743
1041
1226
1392
1536
1480
1192
664
-27
-736
-1398
-1972
-2356
-2546
-2506
-2268
-1894
-1477
-1056
-674
-457
-344
-405
-550
-611
-685
-745
-729
-589
-376
-197
-49
105
157
114
114
-23
-274
-472
-689
-968
-1119
-1205
-1414
-1413
-1430
-1514
-1380
-1344
-1276
-1160
-1046
-855
-665
-529
-460
-310
-166
-151
-196
-197
-196
-225
-213
-147
-63
-17
8
86
236
302
261
198
67
-5
-54
-186
-229
-242
-206
-29
47
208
581
905
1305
1635
1848
2117
2228
2246
2174
1905
1579
1080
545
231
-107
-377
-495
-448
-216
41
309
508
746
909
911
940
911
751
660
695
737
838
937
1013
1084
1005
903
835
683
519
392
430
507
677
899
974
1053
884
599
239
-338
-952
-1547
-2024
-2365
-2485
-2432
-2221
-1812
-1342
-910
-621
-437
-312
-283
-419
-676
-828
-882
-875
-700
-480
-257
56
261
290
215
37
-110
-276
-616
-961
-1198
-1325
-1268
-1152
-1018
-894
-752
-515
-478
-602
-701
-809
-845
-876
-806
-669
-566
-329
-75
205
452
460
388
302
160
-31
-232
-372
-498
-467
-303
-64
272
438
522
575
543
541
382
124
72
103
80
330
706
1020
1453
1765
2069
2238
2132
2019
1723
1343
926
450
71
-342
-521
-464
-412
-205
6
330
669
904
1070
974
964
885
768
726
473
428
511
574
586
494
587
591
448
359
242
158
180
290
404
533
746
886
900
789
506
119
-293
-719
-1170
-1447
-1630
-1767
-1546
-1276
-1074
-789
-645
-507
-388
-502
-655
-793
-1013
-1135
-1153
-1109
-947
-735
-509
-322
-155
-97
-109
-195
-431
-658
-794
-861
-929
-1031
-1035
-931
-827
-615
-471
-466
-467
-556
-601
-631
-786
-863
-914
-931
-793
-640
-425
-314
-317
-162
-65
-11
62
78
123
75
116
138
91
247
387
493
583
526
463
403
307
302
287
293
355
469
678
921
1202
1337
1477
1663
1597
1390
1252
1058
745
415
175
112
111
168
255
335
409
491
578
594
575
466
423
529
519
547
674
676
682
727
664
632
542
308
88
-73
-96
-23
43
196
416
560
662
784
821
738
574
354
98
-192
-399
-562
-696
-767
-777
-737
-755
-835
-896
-945
-1071
-1141
-1197
-1361
-1424
-1373
-1287
-1146
-995
-805
-611
-462
-317
-207
-210
-249
-237
-298
-415
-564
-601
-589
-718
-788
-793
-804
-754
-749
-753
-674
-721
-829
-938
-906
-837
-899
-820
-775
-674
-517
-351
-120
55
306
431
571
737
580
526
603
490
458
466
374
375
437
478
518
559
609
637
632
595
597
584
616
664
687
828
841
884
973
904
851
698
607
569
481
503
567
579
586
685
837
985
977
940
900
769
770
772
657
594
573
574
617
623
584
481
272
55
-71
-194
-233
-165
-121
51
283
343
390
460
447
380
194
42
-12
-115
-281
-463
-538
-566
-671
-715
-781
-935
-1059
-1108
-1128
-1182
-1234
-1249
-1105
-929
-819
-630
-494
-501
-454
-424
-481
-547
-648
-680
-728
-764
-746
-735
-692
-714
-711
-686
-748
-863
-956
-911
-866
-777
-621
-572
-398
-210
-141
-82
-177
-255
-342
-516
-565
-569
-455
-245
-69
202
397
544
669
601
516
485
378
318
420
421
476
662
808
1069
1179
1152
1192
1181
1074
897
830
816
711
589
622
708
654
628
729
792
761
723
763
816
673
610
713
655
587
579
551
488
353
316
321
289
281
259
267
198
143
185
140
97
41
42
54
7
1
-55
-37
-60
-28
128
67
67
178
152
66
-83
-211
-363
-585
-729
-902
-1025
-1014
-979
-910
-840
-742
-634
-637
-649
-593
-605
-667
-710
-792
-756
-623
-571
-497
-414
-372
-487
-551
-557
-671
-645
-726
-854
-755
-655
-520
-302
-170
-76
-7
4
65
31
-129
-246
-313
-318
-270
-234
-168
-133
-57
79
201
290
395
445
355
373
361
302
242
164
186
213
214
283
455
555
588
658
823
872
786
799
751
678
709
710
667
674
699
708
672
549
491
473
409
396
349
276
196
151
150
150
212
219
175
131
178
251
256
301
238
199
222
116
58
13
-132
-217
-207
-220
-176
-58
-64
-44
2
-58
-148
-266
-373
-467
-513
-453
-373
-306
-197
-128
-106
-165
-290
-411
-620
-754
-816
-963
-1022
-926
-768
-560
-372
-245
-228
-380
-498
-574
-689
-813
-888
-820
-664
-407
-115
132
365
383
332
299
73
-59
-214
-388
-333
-231
-82
31
188
350
409
372
206
46
-214
-464
-556
-578
-471
-318
-95
175
339
488
577
501
425
311
229
259
282
350
460
608
696
765
810
827
861
735
581
440
263
182
186
219
177
193
256
211
162
54
-49
-105
-184
-278
-331
-191
17
117
163
214
283
228
104
52
-37
-154
-253
-297
-345
-373
-282
-261
-245
-200
-240
-218
-233
-297
-237
-252
-255
-172
-185
-211
-283
-358
-336
-357
-435
-477
-509
-484
-442
-476
-407
-335
-360
-419
-454
-439
-391
-331
-420
-439
-343
-290
-285
-230
-77
-49
-52
-58
-60
-8
-44
-44
1
52
135
137
115
84
140
204
126
122
182
224
195
255
384
399
420
375
330
355
448
431
374
427
432
454
462
479
407
270
208
211
274
312
363
414
497
503
450
498
485
439
452
416
374
409
449
412
414
392
338
377
326
254
159
16
-33
-104
-89
-44
-75
-38
-47
-77
-64
-138
-183
-191
-301
-293
-208
-195
-209
-267
-273
-354
-445
-609
-769
-803
-888
-785
-742
-716
-544
-395
-247
-271
-229
-178
-329
-435
-501
-553
-617
-590
-522
-528
-473
-455
-407
-322
-328
-323
-378
-486
-414
-348
-340
-328
-247
-69
3
105
129
98
155
147
88
23
64
31
-93
-74
-27
25
92
171
212
263
333
277
239
291
264
240
317
274
280
451
489
466
514
465
417
447
403
378
370
360
345
331
314
225
91
8
84
115
-14
52
238
308
327
290
373
406
377
313
144
199
224
187
238
278
335
336
272
255
222
150
117
-30
-95
-79
-135
-136
-150
-144
-109
-20
16
-104
-159
-114
-102
-165
-224
-179
-129
-272
-385
-364
-420
-399
-362
-374
-385
-433
-352
-254
-274
-292
-280
-229
-241
-261
-214
-166
-89
-23
-25
23
166
84
-18
-21
12
38
-108
-147
-170
-139
-126
-204
-35
10
-41
61
87
140
223
120
-8
-34
-82
-127
-108
-87
-150
-146
-41
-12
-14
19
91
133
126
126
146
164
218
267
260
295
301
233
185
160
93
46
109
180
205
175
219
241
147
72
-47
-70
-79
-203
-229
-135
-24
186
333
371
445
365
307
198
56
7
-87
-37
26
98
196
304
387
292
188
78
-12
-149
-268
-313
-343
-252
-153
38
135
136
152
21
-50
-140
-229
-275
-404
-298
-204
-254
-118
10
54
72
1
-89
-71
-178
-357
-353
-338
-276
-203
-144
-19
108
209
200
96
106
139
63
-7
-48
-110
-140
-122
-149
-53
49
29
106
199
172
212
233
81
57
47
50
81
41
94
118
78
114
85
-26
-92
-222
-262
-326
-336
-254
-249
-80
-3
96
219
173
210
198
59
-33
-110
-177
-164
-199
-151
35
80
166
297
262
225
65
-53
-48
-163
-196
-165
-117
-31
101
187
193
247
243
165
10
-3
8
-97
-59
-13
65
156
244
314
290
282
201
84
77
92
99
154
211
271
246
216
193
106
44
-65
-187
-214
-151
-70
-115
-109
-58
-52
16
-10
-46
-14
-7
-77
-117
-42
4
26
58
22
77
178
145
95
14
14
-7
-74
-47
-18
32
61
76
95
69
116
117
-9
-48
-34
12
4
-9
-32
-156
-121
-85
-114
-125
-231
-269
-194
-164
-173
-215
-309
-324
-226
-113
-101
-190
-196
-160
-140
-179
-185
-127
-122
-75
-100
-68
-9
-37
-37
-95
-177
-222
-204
-163
-71
-11
34
142
169
248
298
274
227
191
184
77
35
44
100
168
169
139
153
240
180
148
85
-36
-12
-38
10
82
58
179
242
214
282
311
334
318
177
131
235
252
152
108
97
146
229
166
99
41
11
99
114
100
73
3
3
-3
-29
16
142
200
111
11
-31
11
40
-18
-17
23
-20
19
42
-74
-63
-66
-115
-70
-133
-199
-197
-225
-203
-112
-44
-68
-112
-123
-174
-312
-361
-370
-420
-442
-451
-389
-311
-225
-215
-167
-130
-177
-144
-147
-186
-227
-234
-223
-179
-171
-147
-91
-100
-88
-112
-110
-85
-112
-110
-112
-171
-233
-88
34
-9
89
130
220
362
329
305
173
17
-6
-42
-52
-60
-54
86
97
21
12
67
73
-86
-65
23
61
111
102
119
110
134
162
202
209
37
2
79
48
76
68
64
137
147
197
185
131
118
95
100
141
99
66
188
278
255
166
118
5
-111
-61
-33
-64
2
77
43
39
43
53
61
46
59
2
-20
4
-39
-49
-11
31
36
-63
-188
-213
-236
-240
-233
-285
-252
-237
-223
-147
-194
-185
-145
-143
-114
-131
-88
-69
-27
-4
-29
-9
-35
3
-53
-67
50
65
87
29
-43
-48
28
184
152
64
70
78
88
126
115
86
39
-45
-95
-160
-188
-183
-134
-97
-105
-90
-76
-62
-34
-12
-22
3
-1
-31
-32
-98
-97
4
29
75
77
40
79
101
115
108
86
63
31
1
-34
-102
-148
-130
-29
80
83
107
159
172
178
110
-2
-9
28
32
3
28
55
59
88
66
48
1
-8
-15
-66
-73
-85
-35
70
109
145
165
121
76
37
-14
-8
47
32
0
-12
4
-41
-28
56
-60
-80
12
-58
-123
-115
-108
-52
49
88
106
116
112
126
77
73
77
19
10
-53
-70
-53
-63
-12
10
63
98
69
89
83
24
-62
-86
-45
-90
-65
59
120
105
112
109
38
-53
-166
-200
-236
-296
-287
-211
-170
-189
-141
-86
-19
11
2
14
-56
-94
-97
-117
-62
16
22
13
14
-29
1
17
-37
-23
-13
-22
-18
31
10
-90
-54
-1
-47
-36
67
126
136
174
175
153
150
90
1
-63
-83
-76
-46
-25
-55
-70
-24
112
95
9
9
13
-22
-156
-122
-6
62
72
77
106
94
143
101
92
190
214
134
75
53
83
113
66
99
75
83
151
134
142
136
116
90
30
13
49
88
71
51
47
-63
-99
-19
14
67
60
40
58
20
83
76
9
31
-3
17
-10
-99
-130
-85
-12
6
20
30
12
-75
-157
-184
-169
-162
-179
-151
-118
-79
-4
-23
-97
-90
-46
-33
-138
-140
-59
-28
-32
-70
-35
-98
-55
19
-24
-9
-96
-77
-22
-33
-22
-138
-91
40
64
31
-81
-32
-33
-129
-98
-105
-103
-93
-63
28
51
73
100
32
-20
-15
-34
-87
-60
-30
-7
81
73
107
108
33
63
87
75
47
-4
1
53
26
14
70
144
218
250
179
71
1
-52
-9
19
-11
15
75
106
112
147
141
95
31
-38
-27
-56
-113
-116
-111
-82
1
62
25
52
60
0
5
-18
-71
-99
-116
-144
-114
-117
-93
10
-47
-88
-14
-34
-22
-28
-113
-65
-36
-68
-101
-122
-39
-3
-14
21
29
49
46
-11
2
46
-3
-54
-23
-35
-43
-26
26
29
12
14
-74
-4
21
-21
-17
-39
33
16
-18
-7
-34
-49
-37
-39
-87
-92
-40
22
22
-20
-30
11
73
102
93
84
95
91
125
191
141
57
56
58
39
-58
-12
96
4
87
132
88
85
13
92
67
-43
-52
7
74
4
30
51
15
23
-42
-55
-108
-142
-80
-107
-111
-82
28
113
36
-45
-32
11
-64
-108
-142
-95
-26
-60
14
44
24
32
0
-33
-16
4
-2
-84
-182
-120
-69
-48
-71
-134
-80
-21
-52
-110
-31
71
48
19
72
176
62
-97
-38
-61
-131
-61
-15
-29
4
70
130
178
109
6
51
8
-70
-44
-73
-61
-39
-29
-9
30
65
46
42
52
61
8
2
-5
7
22
-32
19
48
96
134
94
184
225
135
99
89
77
61
55
-13
-65
14
4
0
69
-5
10
85
39
35
58
81
90
44
44
59
-41
-120
-100
-159
-174
-52
-97
-97
1
-78
-75
-50
-135
-130
-91
-124
-120
-125
-174
-95
8
19
50
61
57
27
-76
-98
-100
-110
-90
-56
-73
-61
-2
-42
-17
34
73
73
2
19
35
-28
-44
-44
-111
-118
21
60
-3
24
49
93
50
8
11
-19
-13
-50
-49
-118
-112
-50
-78
-17
116
209
152
131
155
62
-15
9
4
-7
-17
-34
35
57
26
10
22
32
26
19
14
33
52
48
30
40
24
45
89
40
38
122
104
136
217
166
118
25
-76
-77
-95
-79
-59
-121
-9
69
64
167
73
61
157
83
75
-15
-92
-20
-73
-111
-100
-70
-69
-75
-7
24
38
77
93
66
75
57
52
16
-109
-79
6
-72
-119
-69
-22
85
133
80
-3
-122
-70
6
-100
-161
-126
-98
-57
25
45
3
89
168
164
141
105
108
1
-157
-190
-159
-147
-56
6
-25
51
75
45
38
-15
-20
-36
-53
-82
-107
-99
-74
-5
37
10
25
101
59
-37
-47
-40
-45
-17
-8
-17
-44
-3
34
-13
11
25
39
1
-36
39
72
81
48
43
49
-9
3
39
58
-11
-52
-27
45
109
59
123
136
67
37
7
-22
-78
-121
-115
-14
26
73
172
197
184
103
37
37
-12
-134
-95
-20
-87
-63
-30
-36
-7
25
116
126
46
19
29
42
13
-31
-73
-91
-83
-60
-109
-113
-41
-22
54
1
-21
113
32
-76
-60
-95
-94
-58
-14
-19
-13
45
11
41
24
-8
77
97
77
14
-39
-13
-82
-159
-109
-98
-39
56
52
74
49
52
56
-32
-10
-50
-116
-66
-99
-140
-86
-70
-44
24
-31
-33
26
27
41
-49
-41
55
-8
8
43
-30
7
70
100
147
81
73
122
44
28
43
50
68
57
12
-53
-6
51
28
-15
45
89
102
138
109
123
48
-18
11
1
-12
-25
8
43
37
93
92
14
23
17
-9
-50
-41
-66
-94
-13
-27
-41
-93
-71
-19
-55
35
54
59
21
-92
-73
-62
-108
-104
-87
-85
-88
-70
-21
-32
-45
5
17
-44
-58
-36
-59
-66
-42
-75
-60
18
33
66
90
102
21
6
33
17
8
-94
-30
-15
-78
-63
-49
-42
-98
-69
-54
-46
38
62
63
55
75
34
-67
-21
69
9
-17
-7
-19
-5
-56
-13
1
0
58
24
-6
3
18
41
27
12
52
5
62
101
13
37
34
30
20
19
-66
-113
44
18
-51
-57
-70
10
-39
-57
-63
-44
26
-3
-9
-36
55
76
31
61
-17
-93
-66
-22
-54
-83
-94
-24
1
-19
78
62
-23
-14
-15
-31
-46
-65
-86
-44
6
12
61
119
182
138
77
55
-76
-23
57
-14
47
52
-8
0
37
88
23
23
78
42
-1
-68
-19
56
48
92
86
44
88
68
44
50
-61
-91
14
58
18
30
69
-3
1
-18
-79
6
-35
-78
-84
-98
38
59
61
38
-61
-51
-71
-105
-144
-188
-182
-135
5
92
23
-7
4
-20
-5
14
17
-37
-94
-82
-74
-93
-142
-91
0
-35
-24
-22
-37
-16
-52
-57
-12
-13
-77
-86
-63
-60
-45
-10
45
53
26
56
39
-31
-13
15
-8
-24
8
-12
-6
100
99
22
-38
-47
29
37
97
231
223
163
95
74
26
-30
29
-31
-40
35
79
98
48
184
248
140
55
-97
-102
-75
-85
-4
-18
22
89
78
88
45
82
120
4
-38
-21
-60
-37
-43
-9
3
-100
-113
-123
-94
-4
-21
-25
-6
-17
5
-30
19
13
-97
-92
-80
-110
-100
-27
-9
2
-13
5
22
-72
-75
-58
-107
-174
-151
-61
-14
34
15
14
77
62
23
-36
-20
42
-22
-95
-65
19
-2
-11
61
80
77
19
-15
50
74
13
-12
-2
-17
-27
2
-28
-19
39
-25
23
55
63
86
-17
-1
-12
-15
68
37
72
58
-8
54
44
9
5
-4
15
-4
18
71
6
67
155
74
2
-77
-47
-47
-44
14
2
20
-21
41
98
52
66
-62
-116
-69
-110
-96
-78
-50
11
65
125
118
40
3
-67
-110
-131
-218
-147
-46
7
8
-70
0
24
-29
-46
-80
-27
9
30
18
14
94
50
-34
-51
-66
-96
-137
-82
-36
-2
63
40
74
23
-29
86
42
-67
-38
-5
7
79
68
30
44
-16
-31
-12
8
14
-6
-8
-5
14
10
-33
0
22
-30
0
-30
-17
9
-29
76
79
70
128
34
0
5
-103
-28
52
13
71
51
70
80
1
13
48
20
-4
44
12
-44
4
72
108
64
-16
15
51
43
25
12
65
14
25
108
-22
-102
-57
-80
-81
-50
-48
-14
43
75
64
49
53
4
-35
-16
-51
-141
-116
-15
7
-81
-109
-32
-67
-35
-55
-84
-50
-97
1
-6
-30
-19
-79
-48
-50
-57
-63
-40
34
23
24
96
74
8
-64
-78
-68
-132
-50
-25
-9
140
119
86
131
183
110
-52
-10
7
-42
-37
6
114
63
45
76
51
72
75
133
103
88
99
19
41
-5
-59
-38
-98
8
82
38
124
99
23
103
168
48
33
49
-48
-74
-98
-27
-35
-23
37
-35
-4
10
-42
-103
-40
29
2
30
-27
-7
-67
-139
-79
-161
-153
-57
-3
39
-12
-65
-47
-69
-59
-117
-188
-143
-193
-94
5
-83
-76
27
121
84
75
103
31
-54
-106
-151
-153
-112
-63
2
30
73
130
89
85
141
81
101
114
1
-62
-31
25
55
114
103
94
172
256
176
88
82
45
26
89
109
-4
3
1
-6
43
78
87
38
65
73
26
38
70
-21
-23
-25
-85
-79
-162
-121
-84
-45
84
37
24
41
0
-6
-158
-186
-145
-228
-144
-96
-78
-21
10
52
17
29
37
15
37
-50
-111
-76
-120
-120
-66
-57
-3
54
32
86
117
92
172
124
38
16
-1
-6
-123
-105
-16
13
74
66
107
152
151
94
104
166
43
-4
-53
-145
-126
-131
-46
-19
3
60
7
72
108
58
63
56
-23
-118
-147
-106
-81
-128
-95
-33
-13
18
24
84
132
78
28
-49
-95
-94
-212
-253
-129
-143
-66
116
124
85
97
89
-45
-63
-73
-107
-63
-118
-79
-11
25
77
47
6
45
76
80
66
13
-11
51
39
-81
-57
-48
-76
2
90
142
164
158
181
207
113
34
-8
-43
-1
-25
-69
-53
-41
31
97
117
116
128
135
133
126
14
-51
-101
-128
-113
-125
-26
15
7
44
13
58
147
100
65
17
-81
-120
-140
-145
-213
-251
-134
-72
-44
34
87
33
-11
51
3
-122
-113
-88
-136
-141
-168
-157
-102
-42
11
58
179
126
44
26
-26
7
-89
-175
-116
-152
-113
15
28
33
78
121
153
177
149
93
2
-32
20
-53
-118
-95
-21
40
117
185
125
126
86
25
25
-10
9
-30
-62
14
-27
-30
69
44
67
126
114
89
39
48
23
-19
-82
-99
-42
-90
-50
-19
-47
-2
12
46
95
51
14
1
-33
13
-29
-100
-149
-196
-95
-91
-81
52
108
118
81
106
90
-48
-92
-164
-234
-202
-180
-132
-86
-9
83
63
94
184
124
6
21
-24
-71
-56
-150
-147
-106
-44
7
19
80
79
73
80
92
36
-24
-19
-49
-24
-43
-55
-32
-31
54
34
54
152
136
86
49
83
50
15
-29
-107
-9
-75
-137
32
71
64
76
90
156
180
102
39
30
-6
-24
-39
-82
-70
-27
-61
-62
4
48
107
82
56
31
-22
-10
-45
-107
-121
-71
-57
-107
-74
15
29
12
10
5
10
-67
-144
-139
-168
-167
-127
-68
-31
-20
33
24
41
45
-6
-4
-14
-50
-55
-31
-29
-58
-59
-4
61
51
81
139
56
71
90
36
50
-37
-80
-11
-25
-59
-10
52
55
73
150
177
123
116
76
48
81
-19
-70
-59
-85
24
80
12
24
3
6
56
47
74
83
31
-1
-29
-45
-44
-42
-32
-26
-12
8
6
15
45
75
46
-55
-6
7
-92
-148
-165
-12
27
-23
37
36
77
43
-44
-18
15
0
-86
-46
-35
-126
-18
-1
-22
-8
-52
-6
-29
27
62
44
31
-16
16
-75
-129
-76
-28
-24
-42
39
85
18
-25
17
47
14
-38
-60
-55
-44
-33
-10
27
80
66
23
70
35
-32
43
45
12
53
6
-59
-18
51
81
93
77
18
10
65
15
17
71
-5
16
35
13
58
48
1
-14
97
127
73
75
42
23
-20
-54
-21
-14
-53
-78
-82
-72
-59
-20
26
39
21
-43
-36
4
37
28
-31
-38
-60
-27
-89
-118
-11
-55
-43
1
-1
-57
-93
-27
-47
-32
-37
-51
10
-19
39
35
-3
67
-15
-42
3
-7
12
29
24
36
-8
-26
44
41
38
12
4
53
21
-27
24
18
-33
43
101
97
38
10
63
105
92
78
93
68
114
94
-38
-49
-21
15
13
-2
59
56
31
