-5
-5
-5
-6
-9
-6
-8
-9
-11
-8
-6
-9
-7
-8
-6
-5
-5
-7
-7
-5
-5
-2
-4
-3
-4
-5
-5
-4
-5
-5
-3
-3
1
0
-1
2
-1
-2
-4
-2
-1
-3
2
-3
-2
-1
-1
1
1
3
-1
2
1
1
0
-1
1
3
2
0
3
4
2
0
0
0
0
0
1
-1
0
-1
-1
-1
4
5
1
2
2
2
3
5
6
5
5
8
6
4
3
5
6
7
11
8
8
7
8
7
10
12
13
13
16
19
10
6
7
7
9
9
9
7
8
6
5
6
3
2
2
4
6
9
6
5
5
1
3
8
6
8
6
9
12
11
9
10
12
10
10
6
9
12
10
12
14
11
10
7
8
8
5
5
6
9
9
8
13
11
8
10
8
9
10
13
18
16
15
15
19
12
14
14
14
16
15
17
17
14
12
12
8
12
14
16
17
17
12
11
13
11
14
9
13
14
16
13
10
9
14
8
10
12
7
9
8
11
11
7
8
4
5
8
7
10
7
8
9
5
5
5
5
6
7
6
5
6
7
3
3
4
5
9
7
10
7
7
10
7
8
9
7
9
11
8
11
7
10
7
6
2
3
5
0
4
2
2
3
5
2
4
-2
1
-2
-1
6
6
1
3
4
5
4
5
8
3
6
6
5
1
-1
-2
-6
-6
-4
-6
-2
3
-2
1
1
1
-3
0
-2
-4
-2
-1
3
-2
0
-1
0
-4
-3
-6
-4
-3
-2
-3
-1
-2
-3
-2
-1
-1
-2
-3
-5
-2
-4
-2
-4
-3
-6
-6
-3
-6
-7
-9
-6
-9
-6
-3
-3
-2
-1
0
0
-1
-5
-8
-8
-10
-6
-6
-5
-4
-6
-8
-9
-12
-13
-9
-9
-6
-3
-7
-1
-3
-5
-7
-9
-7
-2
0
1
3
1
1
-2
1
-1
-2
0
-3
-5
-1
-5
-9
-6
-2
-5
-5
-1
-5
-3
-2
-1
1
2
4
4
0
3
2
7
3
4
9
6
5
7
6
8
4
6
5
4
3
5
7
8
14
13
10
11
6
7
9
7
11
15
12
13
14
9
9
5
9
12
11
7
6
10
8
7
8
8
6
7
7
9
8
4
2
1
3
4
3
6
5
7
9
9
8
7
7
6
4
4
4
4
7
8
6
8
9
4
6
6
2
5
0
-2
2
1
6
7
0
-1
1
4
1
0
4
3
-1
1
1
-1
1
-1
1
2
4
2
5
6
7
7
7
8
3
4
5
6
2
0
-2
1
1
1
-1
-1
2
-3
-1
1
2
3
5
5
6
1
4
6
4
6
4
2
-3
1
3
-1
0
0
0
5
2
0
-1
1
0
-1
0
0
-3
-3
1
0
0
0
3
1
2
2
3
1
2
2
1
3
0
-2
-3
-1
0
-2
-1
-2
-3
-3
-5
-5
-5
-3
-2
-3
0
-2
-1
-1
-1
-5
0
1
-4
2
5
4
4
5
6
3
6
5
2
2
2
-1
0
-1
-2
1
0
2
2
0
1
2
3
5
0
-2
-1
3
2
0
3
-1
-4
-3
-4
-3
-7
-3
-3
-3
-4
-3
0
-1
-3
4
3
0
2
2
2
1
1
1
0
3
3
2
0
-2
-2
-4
-1
0
-1
-3
-4
2
2
2
2
3
2
3
2
3
5
2
7
5
5
5
7
7
8
9
4
6
5
11
8
8
7
5
7
6
4
4
7
5
7
4
8
10
8
6
4
6
4
7
10
9
9
11
9
4
5
4
4
5
7
8
5
6
2
2
6
4
5
6
8
10
9
11
12
13
11
13
14
9
9
8
10
8
10
10
13
11
8
9
8
9
10
10
9
17
11
10
11
8
10
10
5
4
0
1
7
6
11
8
5
7
6
6
0
0
5
7
5
1
3
5
3
5
8
9
7
7
5
4
2
2
3
6
6
8
10
13
12
10
12
7
7
6
7
8
5
6
3
8
1
1
1
1
2
1
2
1
1
-3
2
1
1
4
3
5
7
5
6
10
8
7
7
7
7
3
1
4
2
2
6
7
6
1
2
3
4
3
7
7
9
13
13
12
8
8
6
6
9
5
4
4
7
9
8
9
11
9
13
11
14
14
17
20
19
19
16
15
17
17
14
18
17
20
19
21
21
19
19
23
24
24
31
27
29
28
27
27
25
27
30
26
29
27
26
27
26
24
25
24
23
25
24
25
23
23
21
20
23
23
24
25
26
25
26
29
29
27
27
30
29
29
33
31
31
29
28
32
28
26
26
21
23
22
21
24
20
19
20
17
16
13
14
14
9
10
11
11
13
13
11
14
14
14
15
14
13
14
13
10
13
19
17
14
12
11
11
8
12
8
6
10
11
10
6
3
7
6
6
7
12
9
4
2
2
-2
-3
-2
0
1
1
1
2
5
3
6
5
6
6
6
6
3
4
3
6
11
8
7
5
9
10
6
6
7
8
10
8
3
10
4
0
7
6
8
10
11
10
9
11
8
7
9
6
10
9
10
10
10
12
11
10
12
11
7
11
12
10
10
11
13
14
11
14
11
12
11
11
9
7
11
12
16
13
13
17
16
14
15
14
19
16
19
15
9
12
13
17
22
23
18
18
17
18
18
15
16
16
17
18
20
19
14
17
19
18
21
20
20
23
23
20
23
24
22
24
25
26
23
16
20
17
15
14
16
15
14
15
18
24
16
13
15
15
14
13
13
15
15
11
13
13
12
14
14
16
18
15
14
13
14
16
15
14
12
13
14
14
15
14
9
10
13
11
15
15
13
13
9
6
8
7
8
5
8
8
9
10
11
10
7
10
6
6
6
5
6
5
10
6
6
2
-3
-5
-4
-5
-1
-1
-2
2
2
3
1
1
1
0
1
2
0
3
2
-3
-3
-3
-2
-4
-6
-3
-2
-4
-3
0
-7
-4
0
-1
0
-3
-1
-1
-4
-4
-3
-5
-4
-9
-9
-4
-4
-8
-5
-1
-2
-3
-1
-1
1
2
0
1
1
3
3
5
1
4
4
0
2
3
1
-3
-2
-3
-6
-7
-5
-5
-4
-3
0
2
1
-2
-1
-2
-1
2
-2
1
-3
-1
-1
-1
-2
-3
-1
-3
0
-3
-5
-2
1
-1
-4
-2
-3
-1
0
-1
-2
-5
-9
-6
-9
-11
-7
-9
-11
-9
-7
-11
-12
-9
-11
-11
-10
-9
-5
-3
-2
-1
0
-4
-1
-1
2
0
1
-1
-4
-2
-3
-2
-2
-3
-4
-5
-3
-3
-2
-8
-7
-4
-4
-1
-3
0
-6
-7
-6
-6
-5
-3
-5
-3
-5
-7
-5
-3
-4
-4
0
2
0
0
0
2
1
-2
-1
-2
-2
-2
-1
-1
-4
-1
2
1
3
-2
1
3
3
6
4
5
6
2
2
0
3
4
-3
0
10
13
13
7
8
14
5
-6
-6
-2
2
1
2
10
13
9
6
7
9
9
4
6
10
13
13
11
16
18
15
10
6
9
7
7
5
5
10
14
14
13
14
14
9
3
9
6
3
6
6
5
8
9
10
7
6
4
2
7
5
7
6
5
9
7
8
6
6
5
8
9
7
10
8
7
10
12
9
11
9
8
6
8
5
2
4
4
0
2
5
6
7
5
7
4
3
3
1
1
2
4
4
3
0
2
1
-1
2
2
2
1
6
5
6
8
3
4
1
1
3
3
0
0
1
-4
-2
-6
-3
-3
-6
-2
-3
-1
0
0
-1
2
-1
-2
-3
-1
1
-2
-3
-8
-7
-7
-9
-6
-9
-10
-10
-13
-10
-10
-13
-13
-14
-11
-17
-16
-7
-12
-9
-9
-8
-4
-1
1
-3
-7
-4
-5
-8
-8
-9
-9
-9
-10
-11
-8
-9
-10
-8
-6
-5
-5
-7
-10
-9
-8
-5
-7
-5
-3
-5
-4
-8
-9
-8
-10
-8
-12
-8
-10
-6
-8
-7
-7
-9
-6
-6
-5
-11
-8
-3
-2
-3
-5
-7
-6
-5
-8
-6
-5
-11
-9
-8
-8
-9
-11
-10
-9
-6
-11
-10
-6
-8
-6
-4
-4
-3
-3
0
2
4
4
2
1
-1
-1
-3
-2
-1
0
-2
-1
-4
-3
0
0
2
1
0
2
4
2
4
3
-2
1
4
-1
3
4
4
3
7
7
6
6
6
7
8
8
7
8
5
5
3
2
0
1
3
4
2
4
8
5
5
5
4
7
5
4
6
7
5
6
11
8
8
10
10
7
9
12
14
13
14
18
14
12
11
10
13
11
8
5
6
8
7
8
9
3
7
6
8
12
7
7
9
5
5
10
12
12
13
14
13
16
15
17
15
19
15
16
17
14
17
17
15
12
12
8
9
8
6
10
8
5
8
9
10
8
6
8
7
10
7
13
10
11
11
11
8
5
7
9
11
12
9
10
12
8
11
8
8
7
7
7
9
12
9
7
6
8
7
9
5
6
5
4
7
4
9
3
6
8
4
3
2
3
3
9
6
6
6
6
9
8
6
5
5
1
3
1
1
-2
1
2
0
-1
-2
1
1
2
3
7
6
6
5
6
5
5
7
7
5
5
4
3
6
2
2
7
3
5
4
4
3
4
4
5
8
8
7
7
5
5
-2
-3
1
0
1
2
1
0
5
5
9
9
8
8
8
8
11
7
7
9
6
10
13
9
8
9
4
7
4
2
4
4
6
2
5
5
7
6
1
2
3
3
3
3
4
6
3
7
7
4
7
7
5
3
2
4
4
4
4
5
6
4
6
6
5
5
6
8
9
14
9
8
10
11
10
12
8
10
14
10
9
10
11
8
10
11
9
10
14
13
11
14
12
16
19
18
17
14
12
14
13
14
17
19
19
20
16
16
21
17
17
21
17
19
23
17
19
19
19
22
18
19
20
17
20
16
16
17
14
14
16
19
17
20
17
18
19
23
20
21
19
17
15
19
19
18
19
20
22
20
23
26
23
25
24
20
22
24
23
19
27
25
21
22
19
20
23
21
18
17
14
17
19
17
16
14
17
18
21
18
16
15
15
16
18
18
20
25
22
24
20
22
24
22
20
20
20
22
22
24
23
22
21
26
22
19
21
21
20
20
16
17
16
19
16
14
16
16
22
16
21
20
17
18
16
23
20
19
23
23
23
21
18
19
18
18
21
19
19
14
15
19
16
17
17
15
15
15
14
13
16
12
12
15
9
13
15
15
16
14
14
15
14
12
9
10
10
8
10
9
6
7
10
10
8
8
10
10
12
13
11
13
11
10
12
12
6
11
8
8
9
9
7
6
10
11
12
9
11
11
11
11
7
7
10
7
8
10
7
6
4
5
6
8
10
7
8
9
5
2
-2
4
2
0
2
9
3
5
6
9
6
1
5
10
8
5
9
7
8
8
7
12
12
11
10
6
6
7
6
6
8
7
6
7
11
10
9
6
5
6
0
1
0
4
5
4
4
7
5
7
10
10
8
7
9
10
10
9
7
6
5
8
7
-1
2
2
0
5
6
9
4
7
9
8
8
9
10
7
8
8
8
7
6
5
7
9
6
9
11
10
9
11
11
13
13
13
11
10
11
8
11
10
9
10
10
7
10
8
9
9
8
5
7
8
5
5
8
7
10
12
9
9
9
11
10
7
8
8
6
11
12
14
10
11
11
9
13
12
11
13
11
11
11
11
13
13
14
12
16
20
19
17
17
16
18
18
17
18
18
19
24
15
14
18
15
15
17
15
13
15
16
16
17
14
13
17
16
19
20
15
17
19
18
17
17
21
19
22
22
19
19
19
20
15
19
16
16
18
17
18
22
23
18
19
16
20
17
14
15
14
15
14
16
15
20
16
9
15
10
14
19
16
15
18
14
16
16
16
19
19
19
17
12
14
14
13
15
14
15
16
16
17
14
13
14
13
12
13
12
14
13
13
12
10
11
11
10
14
13
11
13
12
14
13
13
8
5
11
12
10
9
10
10
10
11
11
10
12
12
9
13
10
10
11
10
12
11
9
10
9
11
12
12
8
10
10
9
10
9
8
6
8
6
3
9
5
2
5
4
4
5
5
5
7
7
8
10
6
6
5
2
6
6
4
9
5
7
9
6
7
6
7
5
6
7
5
7
6
5
5
7
5
9
8
7
7
2
2
3
0
1
1
0
3
3
3
2
3
2
2
4
3
3
5
7
5
6
7
9
8
8
8
6
3
5
3
6
11
7
7
5
2
3
6
2
5
11
7
5
7
7
9
6
8
10
9
12
10
9
10
8
8
10
10
14
11
10
13
7
10
9
12
12
10
15
12
10
9
8
8
10
9
8
8
10
12
9
10
10
13
12
8
10
11
10
8
13
12
12
12
9
13
8
11
9
10
12
8
9
5
7
7
7
5
7
5
7
9
8
7
9
9
12
10
9
11
9
13
12
7
10
10
9
9
8
11
12
11
11
14
13
10
8
11
7
9
8
5
5
5
4
6
8
7
6
3
5
6
5
3
4
4
2
1
1
1
5
3
5
4
5
7
3
7
6
7
7
8
10
9
8
5
8
2
1
-1
0
0
-3
-1
1
1
0
5
3
0
-1
3
1
-2
2
5
5
3
3
1
2
1
2
3
6
3
2
4
2
3
5
3
4
6
7
5
4
3
-1
4
1
0
2
2
1
-1
-2
-1
-1
1
2
5
2
3
5
2
3
-1
2
3
3
-1
2
5
5
4
5
4
3
4
1
1
3
4
6
6
4
4
6
6
4
6
8
4
4
4
5
3
3
7
4
5
6
7
4
4
1
0
3
-1
0
0
2
1
-2
1
0
-2
-4
-1
0
0
-3
-5
-5
-2
-2
-2
-1
0
2
3
4
6
2
5
6
2
4
1
4
5
3
3
6
2
1
4
2
3
2
1
3
3
3
2
7
5
5
7
4
6
5
5
1
3
4
5
7
4
4
4
9
11
6
3
7
4
9
12
10
7
9
4
8
5
6
7
6
6
5
6
7
6
8
14
5
8
10
5
7
8
6
4
5
4
8
12
11
10
11
14
11
13
14
16
17
17
15
14
14
9
13
10
9
13
11
14
12
11
12
12
14
15
13
9
16
15
10
12
15
12
13
12
11
14
14
14
11
14
11
10
10
11
13
10
12
13
12
10
8
10
12
11
10
12
13
14
13
15
14
11
13
12
15
14
12
11
12
11
13
15
16
20
17
20
16
19
18
18
14
13
12
11
15
13
15
15
18
15
13
14
11
10
12
10
10
11
11
16
17
16
16
19
15
16
14
12
11
10
16
13
14
14
14
12
10
14
13
13
10
8
10
8
10
10
11
9
12
9
7
10
11
13
13
14
11
12
13
12
11
12
10
10
12
11
16
15
11
12
11
12
13
12
13
14
12
10
10
12
9
10
14
16
16
13
12
10
10
12
12
13
13
9
13
13
11
12
10
14
11
10
13
14
11
13
13
12
11
10
9
9
12
15
10
10
10
11
10
9
12
10
9
9
10
10
10
13
12
11
11
11
14
10
13
10
8
10
7
10
10
8
4
9
7
6
10
10
8
8
9
8
3
3
7
8
9
11
11
10
11
11
16
12
11
14
12
10
11
11
11
11
10
12
12
12
13
11
10
10
7
5
9
6
5
10
9
9
9
11
11
10
7
8
8
8
10
13
11
14
13
10
10
14
10
9
10
9
11
12
9
12
12
10
11
9
12
11
11
13
15
12
7
10
11
12
9
11
13
11
10
8
12
12
10
12
10
12
12
13
12
10
10
13
12
13
12
10
13
10
11
12
9
12
13
15
12
13
14
13
17
13
12
14
13
12
13
13
9
11
12
12
11
12
10
10
12
14
12
10
9
7
10
7
6
11
11
11
13
13
13
13
14
16
14
15
13
16
14
12
13
13
19
18
17
12
14
14
11
13
13
15
16
15
16
14
13
12
12
12
10
10
10
11
6
10
11
9
11
14
14
11
12
12
15
13
16
15
18
21
16
19
23
21
22
18
17
18
13
17
14
19
20
20
18
17
16
19
17
15
19
17
15
13
19
16
20
21
16
21
17
20
20
21
19
20
18
19
20
17
19
19
17
17
17
15
19
17
17
17
18
19
18
16
18
17
15
14
12
14
14
14
16
12
17
12
11
13
14
14
13
14
9
13
12
11
12
10
8
7
7
7
7
10
10
8
13
9
8
7
8
7
8
10
6
7
3
5
5
1
3
7
3
6
4
3
3
1
2
2
2
3
5
4
1
0
1
2
2
0
3
-2
-2
-1
-2
0
-2
0
0
-1
-2
-2
-6
-2
-5
-6
1
2
1
-1
2
-2
1
1
-4
-2
-2
-4
-4
-4
-5
-4
-4
-1
-2
-4
-6
-4
-5
-5
-5
-7
-8
-9
-8
-7
-4
-4
-5
-5
-2
-5
-9
-9
-6
-6
-5
-5
-3
-4
-3
-5
-1
-2
-5
-6
-8
-1
-3
-4
-6
-6
-6
-5
-6
-5
-6
-9
-8
-8
-3
-6
-7
-7
-7
-6
-4
-1
-4
-5
-4
-3
-4
-5
-3
-1
-3
-4
-2
-4
-3
-5
-1
-2
-4
-1
-2
-1
-2
0
-3
-3
-3
-3
-2
-3
1
-2
-3
0
0
-1
-1
-5
-4
0
-1
-4
0
2
-1
-2
-1
0
1
2
1
0
-2
-1
-2
0
2
3
1
2
1
1
0
1
3
0
-1
1
6
4
2
5
9
10
10
9
9
9
8
8
7
7
6
8
3
5
12
7
7
8
7
8
7
5
3
1
0
5
7
4
7
5
4
5
5
4
1
1
3
4
5
2
6
6
9
11
8
12
8
8
9
7
9
8
10
11
8
12
12
9
9
10
6
5
6
6
6
5
7
6
4
3
3
4
6
3
6
8
6
5
8
9
6
6
5
6
10
6
2
5
4
3
3
5
5
7
5
5
5
-2
-1
-1
1
0
-3
-1
-1
0
-2
-3
-3
0
-2
-1
0
-4
-3
-4
-4
-4
-6
-6
-6
-7
-8
-6
-3
-5
-7
-5
-5
-7
-9
-6
-7
-9
-7
-9
-6
-9
-9
-5
-9
-9
-8
-5
-10
-10
-8
-9
-8
-10
-8
-10
-9
-10
-9
-10
-13
-14
-11
-16
-14
-11
-14
-13
-15
-17
-16
-15
-16
-15
-15
-15
-15
-21
-21
-19
-22
-22
-18
-18
-15
-13
-12
-14
-13
-16
-16
-12
-16
-15
-18
-16
-17
-17
-16
-16
-18
-19
-18
-17
-17
-18
-20
-20
-20
-17
-17
-18
-20
-17
-18
-17
-15
-17
-18
-17
-17
-15
-14
-14
-11
-10
-13
-14
-13
-12
-12
-15
-15
-11
-10
-10
-14
-16
-14
-11
-13
-16
-15
-15
-14
-12
-10
-13
-15
-13
-11
-9
-9
-10
-13
-13
-9
-12
-15
-14
-14
-14
-16
-9
-13
-14
-12
-12
-13
-12
-9
-11
-8
-8
-8
-10
-14
-12
-10
-6
-8
-7
-6
-7
-6
-7
-8
-8
-8
-10
-9
-9
-7
-9
-8
-7
-5
-5
-5
-5
-7
-5
-5
-4
-4
-6
-9
-9
-9
-6
-6
-7
-5
-8
-7
-6
-10
-10
-9
-7
-3
-6
-7
-5
-4
0
-1
0
2
2
1
1
1
3
-2
0
0
1
5
-3
-1
-3
0
3
0
-3
-8
-4
-5
-3
-1
-1
-1
-1
2
-4
-3
-3
-5
-4
-1
-2
0
3
2
4
2
2
4
2
0
3
3
6
5
3
8
5
5
3
2
4
3
-2
-3
-1
-3
0
-1
1
6
3
-1
-2
-3
-2
-3
-2
0
-3
-2
-1
-2
-3
-4
-2
1
4
1
3
1
2
0
4
9
5
5
6
7
4
4
1
-2
-5
-4
-6
-10
-8
-11
-9
-8
-12
-11
-9
-6
-6
-3
-1
2
3
0
-1
1
0
0
2
1
-1
-4
-2
-3
-3
-7
-8
-9
-3
-6
-7
-6
-6
-5
-7
-6
-6
-4
-3
-4
-3
-6
-2
-1
-2
-1
-3
0
-3
-2
-5
-4
-10
-15
-13
-20
-19
-19
-16
-19
-16
-15
-16
-11
-5
-4
-6
-1
-7
-4
-13
-10
-2
-6
-1
-2
-5
-3
0
-1
-2
-3
-1
-2
-3
-6
-12
-8
-11
-13
-9
-6
-7
-3
-4
-9
-6
-3
-5
-4
-2
-6
-5
-6
-5
-2
-5
-6
-7
-6
-7
-6
-5
-3
-1
-3
0
-1
-2
-3
-4
-8
-6
-9
-11
-6
-7
-4
-6
-5
0
-1
-3
-2
-3
-4
0
-1
-3
-4
-6
-10
-7
-7
-10
-8
-10
-12
-14
-12
-9
-10
-12
-6
-5
-5
-4
-3
-3
-5
-8
-6
-4
-8
-5
-9
-5
-2
-6
-2
-2
0
-3
-1
4
0
7
1
1
2
0
2
-2
-3
-3
-5
-5
-1
-1
0
-2
1
-3
-2
-3
-8
-1
-4
-4
-5
-5
-2
-5
-4
-5
-8
-3
-3
-3
-4
-5
-6
-3
-4
-5
-1
3
-1
1
4
8
8
8
6
6
10
5
2
3
1
0
-4
-8
-7
-11
-9
-7
-10
-8
-9
-5
-4
-4
-3
-2
-2
-1
-2
-3
-8
-10
-8
-10
-10
-7
-8
-7
-6
-2
3
-2
-1
0
4
2
-1
-1
0
-1
2
1
-3
-1
-3
-9
-6
-5
-8
-9
-11
-8
-6
-6
0
2
0
-2
1
6
3
-4
-4
-5
-5
-8
-11
-10
-7
-4
-1
-6
1
-1
-6
1
-8
-5
-9
-9
-8
-14
-7
-11
-15
-10
-10
-9
-6
-8
-5
-5
-7
-6
-12
-10
-13
-12
-16
-17
-15
-15
-14
-18
-14
-12
-9
-9
-10
-1
3
0
-2
-9
-11
-16
-21
-25
-23
-27
-27
-26
-24
-16
-12
-10
-11
-3
4
6
7
5
8
8
11
6
4
7
1
6
3
1
1
-6
-11
-16
-13
-19
-27
-31
-42
-40
-48
-47
-43
-43
-35
-32
-26
-19
-9
-7
-1
-8
-4
2
0
-3
-5
-8
-13
-23
-30
-26
-26
-18
-23
-26
-24
-24
-13
-17
-12
-21
-20
-22
-28
-29
-32
-37
-40
-48
-35
-27
-14
-8
-5
4
10
20
16
14
15
10
9
3
-8
-13
-28
-33
-41
-44
-39
-39
-35
-29
-27
-11
-5
1
1
1
1
5
10
7
5
4
5
13
19
19
24
24
25
26
21
17
12
1
-2
-21
-27
-34
-37
-40
-46
-44
-44
-40
-31
-26
-16
-16
-11
-5
-4
4
-1
-1
4
10
16
16
14
10
14
18
15
2
-2
-11
-21
-28
-34
-33
-33
-32
-35
-35
-27
-16
-16
-12
-13
-8
-4
-4
-7
-4
-13
-23
-26
-18
-9
-4
-8
-5
3
20
28
37
38
33
33
23
20
7
-10
-25
-40
-42
-48
-49
-49
-40
-30
-16
1
13
35
39
42
42
34
30
31
36
36
33
36
42
51
66
72
80
73
70
54
45
28
10
-2
-22
-32
-40
-47
-52
-57
-54
-48
-36
-27
-21
-17
2
27
50
64
77
95
117
132
139
135
119
98
66
37
9
-21
-54
-91
-125
-150
-172
-183
-184
-183
-177
-165
-136
-101
-66
-39
-22
-7
7
33
51
56
47
27
19
17
19
15
1
-5
-13
-22
-27
-33
-41
-65
-86
-98
-104
-103
-120
-129
-142
-139
-119
-94
-69
-56
-41
-12
18
49
63
75
77
82
85
89
100
95
83
70
65
72
69
68
56
46
53
53
61
69
71
78
79
89
104
126
145
155
169
180
208
227
246
257
257
262
259
258
250
231
210
179
154
127
99
68
43
22
-2
-29
-54
-68
-81
-97
-97
-112
-113
-132
-154
-180
-212
-209
-218
-224
-251
-270
-281
-296
-303
-328
-361
-386
-419
-423
-444
-457
-451
-443
-417
-409
-375
-332
-303
-271
-258
-209
-168
-130
-96
-79
-47
-29
-6
3
0
2
-19
-27
-50
-68
-73
-94
-99
-115
-107
-98
-98
-87
-85
-57
-45
-31
-6
14
44
71
98
138
181
234
278
333
398
460
532
584
640
690
725
746
754
752
735
700
653
600
549
492
438
390
344
318
295
286
277
275
274
273
273
266
262
251
226
195
161
122
80
26
-31
-100
-172
-248
-339
-438
-531
-634
-721
-820
-891
-964
-1021
-1066
-1099
-1101
-1090
-1049
-1000
-951
-872
-794
-695
-617
-558
-490
-443
-370
-329
-288
-251
-212
-151
-85
9
116
226
346
426
519
587
641
656
610
537
430
318
174
3
-163
-324
-451
-557
-636
-658
-648
-599
-530
-433
-293
-148
0
125
240
353
445
526
571
601
625
628
625
615
610
591
549
498
446
398
340
269
179
95
23
-42
-97
-135
-149
-141
-102
-47
39
149
301
462
632
782
908
1057
1195
1299
1325
1297
1248
1175
1070
922
757
587
417
263
121
23
-47
-108
-146
-175
-160
-132
-107
-94
-93
-87
-104
-126
-160
-228
-306
-420
-533
-634
-743
-844
-958
-1046
-1103
-1142
-1168
-1190
-1213
-1198
-1209
-1188
-1164
-1112
-1057
-1037
-1005
-961
-903
-823
-751
-611
-431
-194
66
316
594
837
1080
1269
1388
1465
1436
1348
1163
918
649
325
8
-358
-678
-925
-1124
-1252
-1334
-1330
-1244
-1132
-949
-751
-516
-287
-86
118
296
474
613
718
808
877
941
982
1007
1013
992
951
880
790
668
523
354
160
-37
-226
-393
-534
-659
-740
-766
-738
-660
-539
-378
-177
40
295
580
857
1098
1272
1420
1553
1633
1647
1593
1496
1366
1203
1018
811
611
403
208
38
-91
-176
-238
-276
-297
-283
-219
-155
-74
-10
58
125
172
208
216
203
159
73
-26
-135
-257
-399
-571
-746
-886
-998
-1086
-1172
-1243
-1276
-1287
-1278
-1278
-1277
-1276
-1309
-1368
-1440
-1466
-1472
-1500
-1524
-1516
-1395
-1202
-941
-595
-188
263
680
1086
1496
1853
2113
2209
2186
2063
1842
1533
1108
622
102
-405
-862
-1267
-1572
-1782
-1890
-1904
-1836
-1655
-1396
-1102
-817
-555
-271
14
269
464
619
778
912
1019
1108
1200
1285
1331
1329
1304
1267
1197
1048
839
593
336
66
-223
-494
-734
-924
-1054
-1116
-1102
-1006
-849
-652
-419
-161
145
463
761
1011
1233
1461
1685
1855
1932
1951
1932
1867
1740
1554
1332
1077
778
471
175
-64
-271
-456
-591
-659
-633
-555
-441
-309
-167
-1
150
285
385
446
458
417
342
252
145
-12
-216
-424
-605
-752
-902
-1076
-1240
-1384
-1492
-1579
-1623
-1649
-1695
-1772
-1854
-1892
-1892
-1916
-1938
-1938
-1874
-1769
-1615
-1387
-1055
-618
-126
379
894
1396
1893
2305
2586
2717
2723
2632
2384
1987
1470
896
296
-349
-974
-1517
-1930
-2230
-2443
-2516
-2442
-2224
-1936
-1608
-1226
-818
-403
-22
320
627
894
1118
1284
1419
1538
1626
1680
1689
1664
1611
1523
1386
1180
926
641
339
-3
-355
-680
-957
-1174
-1337
-1421
-1402
-1287
-1096
-851
-546
-181
206
604
967
1293
1561
1763
1909
2000
2045
2009
1901
1761
1586
1408
1188
944
696
444
223
19
-159
-296
-419
-481
-513
-494
-417
-315
-178
-51
95
238
378
487
541
562
544
489
406
276
134
-38
-226
-421
-617
-789
-979
-1189
-1388
-1543
-1605
-1707
-1857
-2020
-2143
-2154
-2230
-2306
-2383
-2387
-2326
-2284
-2171
-1978
-1704
-1382
-1040
-529
96
775
1354
1824
2301
2736
3084
3213
3129
2937
2596
2142
1520
814
117
-597
-1294
-1970
-2474
-2759
-2884
-2929
-2889
-2664
-2241
-1741
-1272
-831
-345
139
560
876
1147
1423
1622
1722
1749
1808
1882
1886
1790
1631
1507
1369
1158
857
516
190
-158
-519
-881
-1172
-1369
-1526
-1623
-1615
-1462
-1196
-894
-567
-195
249
702
1096
1417
1696
1936
2099
2166
2173
2153
2072
1912
1687
1463
1270
1047
771
469
209
10
-175
-355
-508
-593
-604
-590
-532
-421
-251
-66
91
253
424
592
706
724
705
656
592
470
283
96
-98
-296
-511
-726
-929
-1133
-1387
-1636
-1864
-2006
-2125
-2239
-2349
-2441
-2492
-2535
-2567
-2551
-2514
-2426
-2331
-2193
-1993
-1736
-1381
-922
-326
359
1006
1618
2160
2719
3205
3495
3567
3443
3216
2827
2243
1510
690
-129
-967
-1800
-2497
-3001
-3283
-3444
-3475
-3299
-2906
-2350
-1778
-1222
-643
-51
505
939
1276
1568
1790
1919
1955
1959
1982
1978
1894
1734
1580
1462
1303
1045
725
394
66
-293
-684
-1042
-1326
-1545
-1724
-1821
-1769
-1575
-1300
-978
-558
-27
570
1119
1563
1973
2341
2626
2758
2752
2672
2508
2251
1893
1497
1134
768
391
22
-275
-464
-589
-677
-751
-743
-650
-530
-400
-284
-115
65
225
341
448
573
643
649
603
542
489
376
208
0
-195
-360
-570
-786
-1036
-1277
-1508
-1734
-1926
-2082
-2170
-2199
-2236
-2295
-2400
-2479
-2483
-2517
-2555
-2650
-2641
-2554
-2408
-2196
-1867
-1306
-575
186
932
1637
2399
3123
3684
3993
4057
3991
3749
3259
2530
1638
740
-233
-1235
-2202
-2972
-3455
-3777
-3944
-3932
-3623
-3063
-2434
-1826
-1198
-517
157
678
1062
1366
1648
1836
1875
1864
1880
1928
1910
1806
1698
1643
1596
1444
1186
888
608
278
-139
-603
-1009
-1332
-1629
-1901
-2055
-2028
-1851
-1629
-1313
-826
-209
419
922
1401
1892
2354
2657
2777
2817
2798
2698
2457
2116
1783
1439
1074
651
256
-33
-265
-475
-705
-861
-883
-851
-792
-750
-627
-426
-215
-28
127
319
497
604
629
621
613
561
412
201
-21
-218
-452
-765
-1100
-1391
-1641
-1858
-2062
-2174
-2250
-2289
-2389
-2501
-2565
-2601
-2646
-2767
-2897
-2950
-2956
-2890
-2822
-2606
-2154
-1508
-696
115
951
1819
2665
3450
4018
4382
4522
4440
4139
3550
2789
1864
856
-254
-1391
-2390
-3188
-3755
-4144
-4345
-4269
-3928
-3372
-2733
-2053
-1332
-625
37
575
1017
1381
1648
1816
1874
1909
1952
1993
1981
1921
1869
1833
1779
1640
1419
1140
823
438
-17
-504
-943
-1336
-1687
-1958
-2096
-2061
-1890
-1618
-1271
-792
-190
434
997
1460
1886
2262
2513
2625
2617
2554
2415
2176
1885
1579
1304
1017
694
397
156
-17
-178
-348
-497
-591
-620
-644
-648
-613
-523
-398
-281
-149
-3
159
279
334
351
345
319
213
34
-186
-437
-694
-975
-1227
-1439
-1635
-1799
-1915
-1963
-1982
-2023
-2109
-2201
-2319
-2440
-2610
-2817
-3021
-3207
-3295
-3307
-3121
-2663
-1966
-1087
-239
647
1651
2712
3683
4313
4679
4880
4874
4611
3976
3129
2152
1038
-177
-1433
-2474
-3288
-3912
-4372
-4606
-4456
-3996
-3374
-2727
-2046
-1294
-536
140
637
1014
1323
1528
1626
1615
1632
1695
1737
1723
1682
1747
1869
1932
1855
1688
1521
1298
955
471
-57
-568
-1092
-1617
-2047
-2274
-2303
-2237
-2066
-1727
-1170
-447
267
914
1498
2042
2515
2827
2974
2987
2884
2687
2371
2019
1678
1336
989
601
290
69
-87
-237
-418
-545
-619
-638
-654
-665
-625
-546
-445
-342
-218
-56
83
174
191
197
192
131
-20
-276
-553
-812
-1043
-1236
-1417
-1570
-1648
-1741
-1789
-1859
-1915
-1966
-2093
-2231
-2443
-2677
-2914
-3178
-3385
-3523
-3552
-3317
-2812
-2021
-1137
-256
699
1760
2888
3834
4465
4855
5045
5014
4674
4007
3128
2113
931
-338
-1610
-2650
-3448
-4078
-4517
-4712
-4494
-3974
-3311
-2632
-1934
-1159
-387
254
726
1072
1363
1541
1572
1536
1534
1607
1630
1590
1575
1680
1855
1933
1890
1777
1657
1464
1116
646
129
-388
-941
-1490
-1916
-2148
-2221
-2199
-2044
-1668
-1043
-335
330
938
1518
2100
2555
2827
2936
2928
2850
2632
2322
1987
1664
1351
978
619
352
179
46
-143
-325
-444
-489
-507
-564
-601
-584
-519
-449
-391
-306
-179
-84
-56
-91
-125
-148
-261
-469
-717
-900
-1026
-1166
-1308
-1416
-1437
-1466
-1575
-1718
-1835
-1886
-2007
-2208
-2484
-2724
-2893
-3095
-3234
-3314
-3221
-2867
-2352
-1600
-786
119
1080
2000
2938
3691
4259
4622
4685
4559
4136
3516
2720
1693
611
-549
-1609
-2525
-3302
-3815
-4136
-4184
-3982
-3570
-2941
-2277
-1568
-878
-238
364
825
1176
1417
1555
1622
1618
1630
1645
1650
1646
1650
1711
1780
1822
1793
1686
1528
1278
954
545
70
-429
-956
-1382
-1692
-1846
-1882
-1816
-1562
-1146
-572
40
629
1221
1738
2198
2528
2723
2822
2768
2628
2386
2094
1815
1502
1202
887
608
412
238
108
-40
-151
-238
-297
-338
-378
-395
-396
-387
-362
-325
-271
-238
-230
-268
-341
-418
-548
-707
-908
-1080
-1203
-1308
-1352
-1355
-1322
-1310
-1407
-1500
-1611
-1688
-1823
-2068
-2350
-2654
-2910
-3138
-3351
-3436
-3375
-3019
-2435
-1661
-795
130
1133
2148
3101
3879
4438
4790
4865
4695
4241
3559
2709
1654
498
-724
-1831
-2759
-3512
-4048
-4377
-4390
-4112
-3624
-2967
-2266
-1498
-742
-56
542
1012
1383
1628
1737
1757
1723
1710
1687
1637
1587
1573
1626
1686
1709
1675
1590
1451
1224
903
507
61
-388
-829
-1220
-1539
-1757
-1806
-1702
-1434
-1049
-584
-37
525
1090
1611
2028
2364
2558
2662
2663
2548
2386
2133
1863
1571
1269
1007
744
528
314
127
-23
-165
-263
-366
-446
-501
-533
-516
-496
-447
-393
-336
-279
-256
-257
-306
-401
-534
-737
-914
-1107
-1256
-1374
-1478
-1509
-1530
-1559
-1621
-1734
-1787
-1858
-1939
-2095
-2338
-2561
-2785
-2969
-3116
-3243
-3181
-2879
-2308
-1576
-816
24
959
1969
2910
3641
4183
4553
4693
4561
4130
3498
2707
1732
597
-602
-1694
-2594
-3348
-3949
-4335
-4395
-4141
-3680
-3096
-2424
-1673
-892
-180
424
924
1345
1653
1801
1824
1820
1836
1825
1748
1649
1617
1668
1708
1683
1600
1507
1392
1191
915
596
261
-120
-522
-881
-1122
-1230
-1268
-1252
-1146
-899
-503
-71
351
736
1129
1510
1809
2022
2148
2230
2242
2151
2035
1897
1766
1588
1345
1108
893
724
525
293
62
-129
-274
-421
-552
-646
-684
-682
-684
-652
-590
-518
-472
-500
-549
-618
-696
-843
-1020
-1150
-1220
-1232
-1276
-1334
-1428
-1499
-1595
-1700
-1854
-2054
-2278
-2553
-2860
-3142
-3398
-3537
-3628
-3557
-3215
-2568
-1648
-742
164
1155
2231
3344
4129
4662
4965
5064
4943
4429
3689
2768
1697
507
-820
-2000
-2959
-3691
-4223
-4631
-4660
-4350
-3740
-3026
-2335
-1568
-768
17
636
1076
1437
1700
1848
1832
1765
1761
1780
1760
1669
1642
1740
1869
1918
1831
1728
1617
1410
1064
591
104
-328
-763
-1156
-1484
-1618
-1573
-1445
-1208
-879
-378
203
728
1197
1597
1992
2295
2434
2473
2405
2332
2182
1953
1735
1497
1322
1105
872
692
538
452
285
107
-37
-138
-207
-333
-437
-493
-494
-467
-482
-451
-420
-377
-381
-458
-532
-630
-756
-921
-1117
-1230
-1272
-1314
-1392
-1550
-1678
-1767
-1859
-1958
-2151
-2348
-2553
-2810
-3008
-3230
-3352
-3415
-3426
-3180
-2667
-1822
-873
-25
902
1864
2972
3916
4528
4902
5027
5008
4662
3996
3143
2099
965
-344
-1624
-2686
-3514
-4110
-4598
-4806
-4634
-4114
-3370
-2648
-1884
-1068
-231
529
1080
1506
1819
2038
2100
2038
1990
1976
1951
1841
1716
1717
1803
1868
1784
1624
1472
1298
1023
597
105
-327
-706
-1053
-1340
-1494
-1448
-1303
-1063
-739
-274
315
837
1273
1645
1992
2312
2451
2461
2369
2251
2122
1887
1651
1406
1214
1034
804
650
519
455
346
174
45
-54
-92
-189
-313
-395
-434
-409
-434
-447
-439
-434
-430
-521
-604
-706
-810
-946
-1122
-1207
-1245
-1245
-1305
-1442
-1565
-1686
-1800
-1968
-2184
-2428
-2699
-2958
-3227
-3451
-3638
-3732
-3687
-3410
-2794
-1934
-940
12
993
2083
3194
4176
4804
5157
5299
5207
4839
4111
3171
2059
797
-551
-1892
-2988
-3853
-4503
-4941
-5119
-4859
-4273
-3494
-2684
-1873
-988
-119
663
1247
1655
1967
2138
2196
2131
2059
2015
1940
1824
1710
1712
1789
1818
1732
1567
1416
1257
1014
639
181
-274
-676
-1016
-1281
-1450
-1504
-1426
-1242
-917
-467
52
577
1032
1445
1848
2194
2436
2507
2482
2401
2272
2105
1864
1617
1356
1093
857
635
471
318
161
-6
-154
-226
-286
-348
-434
-498
-505
-492
-458
-448
-449
-452
-494
-547
-650
-769
-887
-1029
-1107
-1206
-1264
-1355
-1424
-1445
-1505
-1580
-1778
-1982
-2173
-2394
-2671
-3036
-3388
-3616
-3826
-3922
-3920
-3548
-2809
-1892
-914
33
1155
2405
3568
4463
5009
5387
5560
5425
4912
4062
3058
1889
535
-919
-2282
-3341
-4171
-4842
-5282
-5319
-4874
-4178
-3409
-2612
-1694
-678
221
913
1409
1830
2147
2268
2217
2112
2072
2024
1886
1722
1670
1760
1850
1806
1698
1600
1518
1300
946
527
137
-259
-699
-1102
-1370
-1468
-1465
-1407
-1210
-827
-309
223
687
1140
1603
2036
2338
2482
2545
2565
2508
2343
2102
1883
1663
1406
1103
826
625
461
275
46
-137
-238
-303
-399
-515
-568
-560
-532
-537
-545
-513
-487
-520
-624
-745
-834
-938
-1072
-1218
-1301
-1317
-1338
-1399
-1521
-1585
-1688
-1775
-1970
-2182
-2393
-2650
-2939
-3276
-3529
-3685
-3759
-3630
-3249
-2487
-1533
-602
379
1426
2647
3743
4543
5044
5299
5415
5185
4609
3733
2650
1467
88
-1305
-2590
-3613
-4364
-4961
-5262
-5198
-4698
-3929
-3110
-2256
-1353
-369
530
1198
1679
2022
2278
2356
2273
2146
2041
1954
1783
1612
1547
1613
1690
1640
1523
1420
1330
1131
787
380
-15
-414
-845
-1235
-1487
-1521
-1453
-1306
-1068
-648
-45
561
1090
1535
1982
2406
2662
2752
2728
2645
2516
2237
1922
1610
1359
1097
783
523
340
252
142
-17
-146
-211
-208
-261
-344
-398
-395
-366
-391
-419
-444
-448
-509
-659
-814
-944
-1043
-1151
-1313
-1399
-1438
-1436
-1488
-1622
-1730
-1880
-2000
-2216
-2463
-2708
-2994
-3279
-3581
-3793
-3847
-3715
-3301
-2647
-1769
-797
218
1335
2483
3589
4440
5014
5363
5468
5318
4799
3987
2950
1745
416
-985
-2287
-3411
-4298
-4943
-5317
-5313
-4948
-4300
-3505
-2651
-1710
-740
178
923
1478
1904
2200
2356
2347
2267
2175
2072
1936
1784
1706
1720
1734
1687
1584
1483
1364
1154
807
373
-34
-427
-841
-1283
-1646
-1801
-1760
-1583
-1324
-933
-382
240
860
1422
1950
2414
2744
2917
2950
2931
2818
2587
2259
1893
1585
1286
977
656
382
200
29
-109
-246
-330
-366
-411
-446
-461
-403
-335
-306
-292
-268
-223
-212
-288
-423
-571
-715
-860
-1043
-1178
-1292
-1321
-1390
-1464
-1570
-1697
-1843
-2039
-2237
-2479
-2719
-3012
-3326
-3613
-3845
-3979
-3976
-3690
-3073
-2190
-1213
-235
838
2058
3289
4286
4944
5384
5631
5629
5255
4503
3562
2417
1127
-327
-1741
-2930
-3922
-4686
-5275
-5472
-5222
-4661
-3923
-3153
-2261
-1259
-284
534
1134
1632
2025
2260
2323
2260
2223
2182
2086
1934
1830
1877
1932
1923
1803
1697
1621
1450
1127
680
259
-161
-626
-1152
-1585
-1810
-1873
-1847
-1729
-1403
-865
-245
361
925
1529
2118
2575
2853
2990
3078
3066
2909
2626
2297
2008
1689
1321
932
625
420
205
-19
-239
-349
-391
-459
-536
-582
-535
-457
-412
-384
-324
-217
-160
-189
-268
-347
-431
-576
-801
-978
-1097
-1153
-1252
-1372
-1478
-1562
-1662
-1823
-2020
-2202
-2398
-2654
-2952
-3293
-3555
-3798
-3988
-4095
-3922
-3371
-2525
-1583
-633
404
1630
2921
4013
4785
5315
5652
5754
5494
4870
4002
2934
1653
211
-1233
-2494
-3547
-4436
-5125
-5474
-5352
-4885
-4213
-3470
-2615
-1651
-653
217
888
1419
1840
2132
2243
2235
2203
2180
2110
1971
1878
1911
2003
2026
1947
1844
1771
1651
1366
927
455
17
-441
-914
-1339
-1608
-1723
-1731
-1626
-1349
-875
-306
239
756
1294
1842
2303
2582
2730
2807
2832
2745
2533
2285
2033
1780
1483
1168
910
702
513
276
37
-114
-217
-304
-441
-551
-576
-553
-519
-506
-467
-384
-325
-303
-339
-373
-431
-545
-709
-872
-975
-1045
-1155
-1293
-1371
-1438
-1528
-1736
-1954
-2142
-2299
-2550
-2913
-3265
-3524
-3771
-3995
-4208
-4157
-3695
-2898
-1941
-1018
6
1208
2556
3775
4639
5251
5684
5895
5768
5218
4413
3407
2195
739
-786
-2128
-3245
-4209
-5020
-5524
-5521
-5115
-4477
-3763
-2939
-1959
-941
-4
721
1292
1755
2089
2233
2233
2200
2178
2117
1977
1838
1838
1954
2025
1969
1872
1820
1748
1522
1118
635
150
-352
-875
-1370
-1711
-1885
-1900
-1814
-1573
-1113
-497
158
762
1331
1912
2420
2767
2930
2969
2953
2829
2596
2284
1979
1688
1375
1059
771
565
399
221
30
-132
-205
-277
-360
-477
-523
-499
-458
-434
-405
-338
-256
-220
-231
-272
-336
-431
-614
-821
-981
-1093
-1174
-1288
-1399
-1511
-1647
-1805
-2005
-2188
-2375
-2658
-2941
-3276
-3529
-3761
-3994
-4156
-4222
-3916
-3247
-2298
-1272
-327
774
2026
3339
4412
5096
5559
5816
5843
5486
4752
3818
2643
1284
-226
-1687
-2902
-3939
-4782
-5442
-5687
-5443
-4874
-4124
-3345
-2457
-1451
-434
450
1098
1606
1998
2261
2360
2335
2302
2263
2167
2008
1905
1941
2022
2017
1892
1753
1663
1517
1223
789
323
-151
-627
-1096
-1486
-1716
-1828
-1840
-1723
-1396
-877
-292
263
787
1356
1921
2388
2670
2815
2881
2876
2774
2560
2294
2026
1731
1405
1074
808
593
365
105
-142
-291
-378
-480
-608
-710
-700
-642
-568
-518
-449
-335
-254
-208
-203
-223
-286
-432
-632
-830
-954
-1037
-1135
-1243
-1375
-1510
-1649
-1828
-1995
-2206
-2436
-2737
-3048
-3344
-3625
-3899
-4162
-4347
-4289
-3856
-3056
-2063
-1078
-50
1124
2489
3764
4709
5334
5736
5948
5853
5354
4536
3474
2215
754
-776
-2169
-3359
-4359
-5168
-5696
-5747
-5359
-4681
-3906
-3071
-2111
-1058
-31
765
1358
1809
2164
2379
2414
2360
2307
2228
2097
1934
1873
1943
2000
1932
1774
1657
1567
1368
1002
524
52
-416
-894
-1335
-1668
-1838
-1916
-1886
-1668
-1237
-633
-52
489
1042
1629
2200
2588
2802
2901
2948
2922
2759
2515
2237
1949
1639
1278
966
705
483
220
-65
-269
-394
-465
-586
-706
-740
-681
-581
-503
-432
-310
-177
-87
-66
-72
-98
-189
-369
-607
-804
-916
-1023
-1172
-1370
-1534
-1647
-1784
-1942
-2157
-2344
-2540
-2799
-3073
-3350
-3563
-3757
-3956
-4061
-4006
-3593
-2868
-1936
-913
62
1184
2398
3622
4593
5195
5573
5726
5653
5216
4400
3367
2130
772
-708
-2111
-3294
-4273
-5023
-5535
-5646
-5303
-4664
-3865
-3031
-2096
-1070
-68
794
1410
1890
2254
2500
2587
2539
2473
2395
2278
2122
2000
1993
2000
1916
1733
1545
1392
1185
845
379
-87
-497
-875
-1232
-1519
-1669
-1680
-1566
-1322
-924
-390
166
690
1173
1674
2136
2478
2653
2691
2685
2632
2479
2233
1946
1679
1406
1130
856
628
451
250
50
-134
-250
-317
-415
-523
-600
-598
-541
-495
-462
-421
-351
-303
-297
-333
-391
-462
-574
-698
-822
-913
-1037
-1173
-1342
-1493
-1650
-1874
-2119
-2410
-2631
-2883
-3148
-3434
-3735
-3935
-4087
-4154
-4022
-3588
-2732
-1698
-681
318
1426
2773
3991
4872
5371
5681
5868
5713
5146
4200
3095
1845
398
-1125
-2551
-3681
-4593
-5315
-5766
-5762
-5273
-4523
-3686
-2807
-1811
-701
341
1132
1698
2136
2505
2704
2713
2588
2480
2393
2228
2012
1871
1876
1876
1747
1520
1336
1219
1001
605
93
-370
-778
-1185
-1608
-1934
-2027
-1934
-1730
-1425
-919
-247
461
1094
1660
2234
2764
3109
3238
3201
3115
2946
2640
2216
1771
1398
1025
652
305
58
-78
-210
-336
-439
-427
-363
-346
-344
-329
-210
-92
-18
25
72
158
188
143
35
-87
-211
-414
-654
-889
-1041
-1163
-1321
-1490
-1635
-1732
-1860
-2026
-2194
-2374
-2539
-2815
-3077
-3359
-3577
-3818
-4039
-4123
-3984
-3433
-2574
-1558
-524
516
1741
3075
4283
5143
5625
5952
6015
5788
5115
4118
2918
1515
-26
-1623
-3032
-4171
-5119
-5781
-6126
-5947
-5348
-4493
-3539
-2541
-1422
-291
768
1580
2141
2545
2829
2969
2933
2772
2602
2413
2205
1953
1808
1766
1709
1546
1304
1120
952
694
264
-251
-717
-1145
-1550
-1936
-2201
-2278
-2199
-1974
-1596
-957
-133
689
1435
2108
2794
3400
3788
3892
3790
3629
3339
2891
2312
1683
1120
571
64
-368
-641
-772
-879
-931
-911
-752
-533
-375
-262
-127
91
304
435
512
552
633
650
576
430
254
56
-244
-585
-912
-1144
-1314
-1528
-1732
-1900
-1961
-2041
-2182
-2348
-2526
-2626
-2827
-3071
-3343
-3584
-3807
-4033
-4164
-4096
-3706
-2923
-1961
-860
231
1424
2739
4032
5060
5692
6053
6187
6041
5501
4534
3319
1904
355
-1298
-2872
-4178
-5228
-5971
-6414
-6395
-5886
-5033
-4010
-2923
-1776
-572
574
1540
2211
2678
3002
3189
3199
3041
2813
2587
2361
2102
1866
1726
1637
1491
1250
990
762
498
108
-393
-886
-1317
-1708
-2079
-2358
-2449
-2275
-1939
-1469
-871
-104
750
1566
2282
2892
3419
3797
3924
3837
3605
3285
2838
2249
1609
999
504
41
-373
-679
-842
-877
-867
-821
-706
-518
-305
-151
9
180
382
540
621
675
727
767
729
604
441
246
22
-276
-626
-924
-1185
-1367
-1563
-1707
-1837
-1933
-2020
-2162
-2294
-2464
-2640
-2849
-3119
-3365
-3656
-3887
-4102
-4221
-4152
-3801
-3035
-1971
-807
341
1495
2836
4180
5283
5943
6241
6358
6210
5690
4693
3390
1933
344
-1334
-2994
-4379
-5415
-6141
-6560
-6576
-6057
-5129
-4004
-2876
-1727
-502
719
1739
2432
2865
3180
3381
3390
3191
2916
2674
2440
2145
1839
1652
1557
1428
1155
843
600
366
20
-489
-1008
-1428
-1767
-2092
-2368
-2440
-2277
-1909
-1410
-772
28
904
1731
2433
3059
3593
3956
4065
3917
3636
3270
2788
2171
1476
843
305
-147
-552
-841
-960
-975
-926
-856
-700
-467
-241
-65
77
271
486
658
744
781
838
875
845
727
565
403
167
-122
-470
-795
-1071
-1325
-1546
-1730
-1860
-1981
-2124
-2253
-2373
-2442
-2569
-2763
-2965
-3179
-3345
-3589
-3809
-4020
-4038
-3881
-3439
-2657
-1583
-422
716
1849
3127
4398
5417
5979
6189
6215
5990
5385
4316
2951
1451
-134
-1789
-3386
-4699
-5658
-6293
-6595
-6499
-5874
-4881
-3712
-2553
-1370
-133
1078
2063
2716
3112
3391
3551
3512
3271
2947
2656
2363
2024
1682
1452
1303
1112
809
493
246
22
-301
-764
-1218
-1564
-1822
-2030
-2171
-2109
-1852
-1434
-922
-281
497
1295
2012
2593
3087
3500
3750
3748
3538
3207
2823
2348
1773
1154
599
154
-224
-539
-755
-832
-818
-772
-699
-559
-346
-149
-7
113
273
457
615
688
728
776
816
789
678
537
363
137
-153
-484
-787
-1052
-1316
-1570
-1778
-1896
-1971
-2118
-2290
-2452
-2515
-2567
-2712
-2947
-3211
-3393
-3573
-3784
-3975
-4080
-3968
-3533
-2722
-1616
-480
610
1739
3053
4381
5384
5949
6186
6234
6027
5401
4345
3011
1518
-121
-1833
-3425
-4729
-5690
-6370
-6727
-6614
-5966
-4941
-3770
-2590
-1387
-118
1129
2137
2812
3227
3501
3652
3599
3343
3002
2679
2336
1934
1556
1308
1137
911
579
257
46
-149
-456
-884
-1283
-1562
-1780
-1976
-2077
-1977
-1677
-1277
-795
-186
577
1379
2056
2599
3068
3481
3718
3701
3470
3135
2773
2299
1716
1107
571
152
-230
-547
-769
-822
-787
-748
-684
-550
-326
-120
13
127
287
495
652
722
763
819
880
846
733
578
425
201
-98
-438
-729
-995
-1251
-1511
-1718
-1846
-1948
-2089
-2258
-2379
-2477
-2560
-2733
-2917
-3132
-3282
-3490
-3698
-3872
-3938
-3842
-3467
-2754
-1736
-597
487
1580
2817
4110
5168
5800
6072
6148
6010
5510
4538
3259
1821
280
-1359
-2968
-4355
-5381
-6093
-6506
-6535
-6030
-5111
-3975
-2818
-1651
-401
857
1936
2669
3144
3469
3678
3683
3464
3124
2791
2448
2050
1636
1315
1106
889
590
265
39
-122
-356
-707
-1080
-1348
-1535
-1695
-1844
-1824
-1587
-1210
-768
-273
371
1100
1793
2340
2778
3171
3458
3536
3392
3107
2786
2399
1902
1330
800
384
22
-302
-572
-708
-713
-693
-664
-602
-449
-252
-102
19
143
340
532
654
723
788
873
894
819
676
511
339
82
-242
-573
-869
-1110
-1369
-1613
-1833
-1983
-2124
-2261
-2393
-2488
-2575
-2689
-2841
-3006
-3160
-3334
-3530
-3719
-3840
-3841
-3586
-2978
-2031
-972
46
1072
2290
3637
4788
5510
5869
6069
6081
5742
4923
3752
2414
945
-659
-2311
-3772
-4919
-5779
-6360
-6578
-6270
-5485
-4435
-3332
-2195
-947
362
1543
2387
2928
3329
3617
3721
3555
3222
2883
2552
2163
1717
1349
1127
939
661
341
124
0
-154
-462
-830
-1109
-1285
-1459
-1674
-1784
-1677
-1380
-1020
-600
-45
647
1348
1942
2430
2883
3266
3457
3409
3214
2971
2670
2233
1679
1135
695
330
-30
-355
-568
-642
-643
-657
-640
-535
-366
-214
-118
8
202
415
553
624
699
804
879
842
720
576
421
200
-129
-483
-788
-1037
-1282
-1540
-1737
-1873
-1991
-2139
-2301
-2385
-2450
-2529
-2707
-2918
-3074
-3215
-3390
-3630
-3833
-3872
-3677
-3149
-2343
-1344
-319
719
1876
3171
4382
5256
5746
5993
6061
5845
5207
4175
2895
1457
-99
-1705
-3202
-4459
-5435
-6123
-6450
-6313
-5697
-4762
-3685
-2565
-1372
-101
1108
2063
2708
3134
3436
3596
3531
3256
2901
2555
2190
1781
1409
1150
970
749
474
244
113
-34
-294
-630
-926
-1130
-1330
-1560
-1739
-1718
-1512
-1210
-864
-398
215
911
1541
2072
2552
2992
3294
3379
3292
3111
2880
2521
2035
1496
1026
615
214
-174
-483
-649
-715
-768
-798
-760
-621
-461
-320
-190
-4
228
425
552
653
772
864
867
767
619
461
263
-42
-396
-724
-993
-1218
-1466
-1696
-1859
-1991
-2098
-2237
-2326
-2425
-2514
-2677
-2874
-3035
-3185
-3402
-3654
-3893
-3945
-3788
-3308
-2557
-1587
-532
512
1691
2976
4238
5179
5734
6025
6119
5977
5400
4396
3123
1684
155
-1467
-3018
-4361
-5387
-6109
-6490
-6420
-5878
-4974
-3885
-2747
-1546
-276
961
1966
2651
3091
3395
3583
3550
3287
2907
2556
2210
1824
1444
1155
981
802
563
341
193
73
-153
-483
-824
-1076
-1286
-1531
-1753
-1829
-1672
-1385
-1018
-568
17
715
1398
1998
2515
2970
3320
3457
3411
3235
2999
2662
2186
1637
1104
666
263
-128
-462
-686
-767
-799
-818
-777
-652
-472
-320
-172
2
234
449
584
674
766
859
886
798
632
452
255
-27
-366
-701
-987
-1233
-1490
-1698
-1816
-1861
-1958
-2132
-2246
-2285
-2253
-2379
-2596
-2854
-3021
-3173
-3428
-3687
-3884
-3876
-3519
-2864
-1913
-909
96
1216
2464
3806
4849
5546
5926
6080
6023
5560
4716
3559
2171
642
-1006
-2557
-3933
-5034
-5868
-6382
-6450
-6019
-5189
-4123
-2994
-1825
-592
658
1759
2533
3030
3340
3536
3547
3335
2980
2611
2240
1842
1430
1133
958
794
577
333
197
105
-73
-374
-731
-994
-1215
-1434
-1682
-1849
-1820
-1611
-1249
-779
-194
489
1201
1872
2491
3034
3455
3669
3674
3517
3283
2935
2452
1840
1213
665
191
-229
-598
-859
-982
-1007
-964
-867
-698
-493
-294
-102
101
349
574
732
819
892
973
1009
951
808
620
409
160
-153
-480
-801
-1094
-1343
-1545
-1678
-1774
-1878
-2003
-2108
-2171
-2230
-2339
-2499
-2708
-2893
-3106
-3326
-3571
-3768
-3864
-3825
-3483
-2778
-1761
-647
361
1439
2678
4024
5090
5701
5985
6082
6013
5541
4592
3334
1922
423
-1207
-2829
-4214
-5263
-5973
-6439
-6507
-6045
-5124
-3972
-2817
-1665
-424
862
1978
2740
3190
3490
3693
3701
3455
3048
2657
2292
1879
1418
1058
864
709
473
174
-18
-111
-263
-574
-949
-1216
-1364
-1525
-1728
-1856
-1749
-1417
-989
-512
48
746
1483
2117
2633
3071
3445
3637
3581
3347
3031
2692
2232
1632
995
468
70
-282
-614
-857
-946
-906
-836
-748
-597
-362
-115
75
249
458
704
881
963
991
1038
1090
1045
883
665
457
237
-49
-389
-718
-975
-1214
-1438
-1639
-1754
-1792
-1855
-2002
-2138
-2214
-2214
-2306
-2508
-2737
-2937
-3051
-3263
-3479
-3669
-3694
-3539
-3170
-2478
-1480
-368
706
1717
2867
4076
5078
5680
5878
5878
5682
5171
4240
2958
1527
14
-1532
-3054
-4373
-5351
-5974
-6266
-6232
-5747
-4837
-3637
-2429
-1270
-122
1069
2148
2899
3315
3523
3647
3623
3366
2938
2493
2094
1686
1225
843
610
464
261
-15
-235
-352
-457
-701
-1033
-1312
-1470
-1551
-1666
-1746
-1691
-1421
-968
-429
199
870
1582
2243
2794
3266
3607
3794
3736
3464
3093
2632
2121
1471
765
137
-377
-738
-1051
-1248
-1306
-1243
-1065
-869
-603
-289
22
305
512
740
946
1122
1207
1201
1182
1140
1071
900
664
407
129
-143
-467
-780
-1078
-1351
-1558
-1743
-1836
-1899
-1926
-2002
-2086
-2125
-2133
-2155
-2288
-2502
-2708
-2881
-3022
-3241
-3426
-3534
-3496
-3201
-2644
-1737
-687
350
1358
2414
3603
4659
5372
5693
5723
5593
5168
4375
3227
1862
389
-1144
-2661
-4003
-5043
-5732
-6103
-6161
-5800
-5010
-3874
-2628
-1452
-319
820
1920
2790
3308
3560
3655
3645
3446
3037
2565
2114
1689
1222
767
452
261
116
-117
-360
-513
-589
-703
-954
-1227
-1411
-1480
-1518
-1573
-1537
-1317
-924
-419
140
772
1471
2139
2711
3130
3455
3675
3699
3495
3096
2616
2105
1516
866
190
-362
-757
-1034
-1211
-1296
-1218
-1017
-772
-495
-205
144
455
698
873
1023
1183
1280
1288
1214
1117
1032
897
699
454
184
-61
-338
-618
-903
-1138
-1331
-1501
-1641
-1704
-1720
-1669
-1717
-1793
-1911
-1981
-2029
-2167
-2369
-2621
-2832
-3033
-3245
-3421
-3454
-3335
-2960
-2325
-1382
-308
746
1749
2797
3892
4841
5424
5663
5636
5398
4848
3938
2746
1395
-41
-1532
-3002
-4238
-5133
-5672
-5892
-5846
-5399
-4558
-3385
-2143
-976
117
1187
2195
2968
3408
3603
3664
3587
3308
2851
2361
1927
1500
1003
520
202
50
-73
-279
-499
-628
-669
-744
-925
-1147
-1296
-1348
-1368
-1371
-1311
-1093
-730
-278
230
807
1445
2072
2586
2978
3273
3478
3525
3339
2978
2522
2028
1484
858
239
-304
-709
-997
-1203
-1263
-1197
-1000
-757
-504
-197
136
482
734
909
1053
1171
1272
1277
1205
1091
958
817
608
378
131
-116
-360
-627
-867
-1084
-1239
-1396
-1528
-1627
-1660
-1635
-1666
-1738
-1877
-1950
-1991
-2061
-2202
-2425
-2610
-2768
-2900
-3016
-3107
-3059
-2838
-2332
-1578
-666
277
1169
2103
3077
4000
4686
5057
5187
5061
4701
4017
3080
1976
719
-612
-2015
-3264
-4252
-4915
-5291
-5448
-5277
-4752
-3855
-2753
-1634
-566
455
1456
2318
2932
3296
3480
3521
3361
2998
2542
2103
1687
1200
673
213
-61
-221
-379
-560
-711
-755
-772
-825
-932
-1023
-1060
-1070
-1071
-1064
-951
-711
-361
51
483
996
1547
2085
2516
2821
3050
3174
3165
2961
2599
2170
1683
1167
596
50
-393
-730
-935
-1066
-1085
-971
-772
-512
-260
10
290
550
763
892
976
1032
1064
1044
970
863
747
628
492
319
129
-51
-245
-443
-660
-873
-1037
-1200
-1329
-1471
-1567
-1640
-1724
-1798
-1914
-1971
-2033
-2105
-2193
-2328
-2435
-2530
-2609
-2681
-2757
-2725
-2566
-2179
-1567
-812
15
808
1629
2498
3353
4072
4533
4752
4735
4515
4035
3302
2365
1277
93
-1183
-2405
-3464
-4245
-4746
-5028
-5054
-4784
-4146
-3223
-2193
-1161
-174
814
1728
2468
2984
3301
3472
3454
3226
2839
2405
1983
1521
997
454
27
-259
-456
-639
-807
-903
-929
-913
-915
-924
-891
-823
-753
-694
-628
-470
-214
95
392
719
1126
1572
1988
2285
2499
2666
2756
2723
2531
2232
1893
1507
1076
594
142
-219
-487
-678
-828
-885
-818
-659
-470
-291
-96
132
371
567
690
787
877
952
970
927
862
800
726
600
420
221
38
-166
-396
-676
-929
-1143
-1321
-1478
-1643
-1748
-1818
-1842
-1856
-1896
-1919
-1962
-1985
-2036
-2132
-2213
-2332
-2409
-2509
-2573
-2533
-2345
-1888
-1257
-514
235
984
1830
2703
3527
4130
4484
4654
4611
4340
3775
2979
2028
958
-239
-1511
-2700
-3653
-4324
-4768
-5009
-4983
-4598
-3844
-2900
-1893
-898
116
1123
1979
2633
3073
3376
3516
3425
3105
2648
2217
1780
1270
690
147
-229
-472
-660
-831
-939
-935
-877
-821
-793
-744
-639
-533
-472
-464
-416
-264
-28
221
459
734
1077
1450
1776
2034
2247
2425
2512
2469
2301
2074
1808
1479
1077
632
229
-99
-365
-578
-756
-836
-821
-721
-588
-438
-244
-16
215
409
566
724
875
988
1039
1016
980
922
835
683
464
239
1
-254
-540
-850
-1110
-1339
-1521
-1671
-1793
-1833
-1834
-1805
-1802
-1818
-1805
-1793
-1784
-1834
-1922
-2016
-2137
-2264
-2417
-2523
-2489
-2267
-1844
-1271
-600
117
897
1735
2598
3365
3951
4339
4518
4482
4197
3655
2918
1999
938
-254
-1478
-2594
-3521
-4207
-4686
-4909
-4845
-4458
-3751
-2863
-1882
-888
117
1079
1909
2553
3010
3307
3414
3304
2990
2580
2151
1691
1159
602
109
-253
-503
-691
-820
-875
-857
-796
-738
-681
-599
-509
-424
-389
-382
-347
-255
-99
77
290
568
899
1253
1580
1867
2138
2348
2464
2463
2352
2175
1931
1607
1205
768
352
-13
-333
-598
-790
-890
-891
-815
-696
-527
-301
-53
198
418
619
803
967
1088
1128
1118
1071
994
865
680
458
217
-35
-315
-608
-893
-1133
-1326
-1485
-1616
-1714
-1751
-1727
-1686
-1652
-1656
-1667
-1688
-1737
-1800
-1900
-2019
-2164
-2345
-2497
-2614
-2589
-2366
-1959
-1361
-688
33
822
1673
2582
3379
3980
4383
4572
4580
4324
3812
3082
2159
1110
-75
-1297
-2425
-3373
-4084
-4593
-4872
-4852
-4499
-3816
-2953
-2019
-1046
-66
901
1744
2392
2863
3174
3316
3239
2960
2590
2199
1776
1288
756
292
-42
-260
-430
-572
-655
-664
-625
-592
-580
-558
-516
-482
-488
-530
-526
-453
-313
-141
47
321
679
1073
1454
1773
2072
2321
2487
2540
2456
2310
2084
1776
1396
951
535
154
-176
-463
-706
-836
-871
-808
-707
-576
-373
-149
107
332
525
714
884
1017
1079
1089
1069
1029
949
793
599
385
174
-53
-319
-599
-855
-1067
-1249
-1413
-1542
-1592
-1594
-1571
-1572
-1577
-1581
-1578
-1621
-1707
-1830
-1956
-2100
-2270
-2459
-2622
-2698
-2674
-2479
-2088
-1488
-751
25
825
1665
2548
3376
4020
4435
4629
4632
4392
3894
3152
2228
1182
31
-1188
-2352
-3342
-4069
-4552
-4821
-4841
-4545
-3907
-3054
-2118
-1165
-203
750
1599
2257
2731
3047
3214
3186
2951
2593
2210
1821
1386
898
448
100
-132
-301
-445
-544
-579
-575
-568
-586
-606
-596
-578
-574
-610
-617
-551
-411
-240
-46
228
584
995
1372
1694
1983
2240
2441
2510
2455
2319
2118
1847
1485
1079
676
307
-8
-307
-553
-712
-766
-724
-667
-572
-437
-231
3
200
379
545
728
881
977
1021
1039
1055
1018
921
756
575
390
173
-76
-369
-637
-887
-1133
-1355
-1561
-1663
-1689
-1680
-1647
-1633
-1557
-1484
-1427
-1435
-1500
-1558
-1647
-1755
-1925
-2117
-2289
-2421
-2486
-2424
-2152
-1655
-998
-309
400
1180
2031
2899
3581
4058
4328
4402
4290
3883
3260
2435
1476
413
-785
-1928
-2938
-3702
-4232
-4602
-4709
-4527
-3993
-3203
-2321
-1402
-474
464
1329
2027
2536
2893
3093
3102
2901
2560
2192
1806
1389
905
427
66
-177
-321
-452
-546
-573
-552
-502
-493
-487
-477
-462
-461
-500
-524
-503
-403
-261
-84
138
434
808
1166
1496
1769
2005
2212
2304
2301
2182
1997
1767
1446
1096
714
376
86
-191
-406
-580
-651
-645
-599
-517
-428
-270
-78
113
289
440
597
750
867
930
961
974
959
881
732
548
352
149
-100
-374
-649
-908
-1128
-1335
-1507
-1624
-1657
-1631
-1578
-1515
-1452
-1385
-1353
-1356
-1398
-1460
-1543
-1664
-1850
-2061
-2255
-2377
-2453
-2417
-2201
-1771
-1146
-469
227
973
1807
2663
3357
3836
4122
4254
4193
3843
3242
2461
1568
569
-560
-1689
-2685
-3454
-3983
-4348
-4490
-4352
-3874
-3137
-2305
-1452
-575
322
1168
1834
2299
2627
2834
2883
2708
2381
2028
1693
1333
901
478
163
-20
-129
-238
-322
-341
-305
-270
-289
-338
-382
-427
-491
-588
-664
-659
-588
-467
-320
-67
297
703
1104
1430
1738
2026
2252
2381
2352
2242
2058
1801
1482
1089
727
391
85
-193
-441
-567
-610
-586
-530
-473
-342
-177
25
198
336
483
616
742
822
865
898
909
888
807
685
546
402
243
33
-204
-428
-625
-822
-1021
-1219
-1358
-1442
-1478
-1479
-1483
-1439
-1407
-1362
-1345
-1364
-1368
-1433
-1504
-1635
-1783
-1896
-2048
-2134
-2214
-2156
-1895
-1483
-889
-299
347
1045
1792
2565
3158
3594
3840
3923
3816
3437
2878
2149
1321
364
-686
-1706
-2578
-3233
-3709
-4010
-4100
-3908
-3441
-2765
-1992
-1207
-385
420
1156
1743
2159
2466
2618
2626
2446
2149
1853
1545
1218
836
472
215
52
-43
-153
-228
-259
-266
-275
-333
-398
-466
-532
-621
-713
-755
-713
-605
-464
-282
-22
354
782
1187
1525
1800
2063
2248
2334
2296
2153
1959
1675
1333
955
590
289
1
-247
-463
-584
-593
-551
-487
-423
-315
-164
-2
171
305
435
567
674
762
820
876
912
905
854
758
651
533
378
174
-68
-301
-520
-724
-937
-1140
-1306
-1420
-1488
-1530
-1531
-1486
-1411
-1327
-1276
-1245
-1205
-1193
-1198
-1284
-1390
-1507
-1631
-1734
-1869
-1932
-1904
-1731
-1374
-917
-371
206
806
1476
2128
2702
3118
3352
3446
3357
3072
2597
1963
1227
389
-518
-1399
-2178
-2788
-3211
-3489
-3562
-3432
-3056
-2477
-1810
-1094
-403
296
952
1486
1889
2139
2289
2314
2192
1968
1690
1421
1144
819
505
248
92
-9
-105
-191
-253
-271
-289
-330
-392
-454
-512
-573
-638
-659
-617
-508
-378
-224
6
316
702
1075
1393
1650
1853
2027
2111
2109
1999
1804
1551
1225
894
560
258
-14
-282
-477
-615
-646
-599
-542
-441
-334
-174
19
198
390
533
681
792
880
956
992
1016
976
897
780
638
496
317
117
-110
-329
-512
-683
-816
-949
-1054
-1132
-1193
-1213
-1211
-1159
-1093
-1054
-1047
-1041
-1024
-975
-976
-1043
-1180
-1335
-1446
-1552
-1650
-1761
-1843
-1842
-1771
-1569
-1243
-780
-223
312
846
1376
1945
2478
2848
3030
3022
2896
2656
2248
1694
998
270
-485
-1224
-1890
-2416
-2750
-2920
-2961
-2859
-2563
-2066
-1441
-827
-256
284
822
1302
1656
1864
1965
1979
1901
1723
1487
1257
1037
810
547
314
162
84
32
-56
-147
-216
-242
-270
-336
-415
-482
-522
-541
-542
-500
-401
-250
-72
134
391
710
1048
1336
1551
1687
1795
1853
1842
1744
1549
1310
1031
745
467
205
-8
-200
-346
-435
-460
-401
-312
-197
-77
45
202
361
524
640
724
797
849
891
899
878
828
743
637
513
389
257
116
-35
-198
-329
-431
-510
-582
-651
-704
-738
-775
-817
-852
-871
-872
-896
-953
-1018
-1054
-1070
-1079
-1125
-1204
-1288
-1364
-1427
-1471
-1503
-1512
-1516
-1472
-1374
-1161
-822
-406
43
453
872
1334
1794
2201
2438
2541
2534
2414
2183
1792
1315
764
152
-485
-1112
-1630
-2014
-2278
-2433
-2484
-2369
-2072
-1643
-1148
-652
-167
322
781
1184
1472
1661
1769
1777
1694
1538
1354
1175
967
725
477
277
155
55
-44
-149
-233
-273
-305
-337
-389
-423
-443
-460
-450
-423
-345
-231
-90
67
249
484
752
1008
1213
1369
1494
1579
1597
1537
1425
1273
1075
837
584
351
156
-3
-143
-251
-293
-269
-198
-109
-16
97
228
360
468
556
628
685
718
715
691
662
631
578
496
402
319
255
183
97
5
-73
-129
-180
-234
-294
-352
-408
-470
-541
-608
-676
-759
-851
-955
-1023
-1056
-1080
-1093
-1116
-1120
-1094
-1052
-1010
-1005
-1020
-1044
-1084
-1099
-1130
-1125
-1078
-1003
-835
-621
-312
48
392
779
1139
1503
1811
1999
2116
2100
1984
1756
1389
977
487
-20
-542
-1057
-1472
-1799
-1992
-2069
-2050
-1886
-1605
-1225
-786
-356
80
488
852
1145
1336
1462
1513
1489
1393
1222
1043
871
687
500
311
169
70
-16
-81
-157
-198
-226
-256
-286
-324
-332
-324
-307
-287
-256
-182
-70
59
197
338
515
695
867
1009
1115
1202
1242
1239
1178
1100
1010
892
743
568
411
288
184
97
20
-27
-36
-25
0
28
75
141
207
259
299
358
427
484
522
541
562
590
600
582
541
493
438
364
272
168
68
-32
-140
-257
-371
-458
-536
-607
-688
-758
-809
-841
-863
-877
-898
-908
-911
-910
-905
-894
-861
-837
-819
-832
-866
-883
-903
-924
-964
-994
-970
-901
-764
-576
-327
-33
265
585
903
1222
1502
1686
1782
1772
1683
1513
1236
894
473
25
-424
-843
-1192
-1472
-1657
-1735
-1715
-1587
-1353
-1031
-656
-272
90
424
737
998
1171
1262
1274
1220
1131
989
820
658
498
343
198
94
37
2
-12
-34
-48
-55
-62
-75
-109
-157
-208
-247
-258
-252
-234
-190
-116
-8
128
287
469
661
830
980
1094
1190
1244
1236
1167
1060
935
788
621
433
249
76
-65
-161
-231
-260
-252
-209
-137
-51
65
192
321
435
526
602
665
720
737
719
678
621
555
470
371
271
172
74
-27
-114
-184
-236
-279
-325
-366
-395
-413
-444
-484
-545
-606
-656
-713
-761
-823
-857
-899
-907
-906
-875
-827
-773
-721
-693
-637
-604
-572
-572
-606
-629
-650
-642
-596
-548
-433
-301
-112
95
305
551
770
974
1113
1182
1221
1180
1090
897
649
361
63
-235
-537
-795
-1005
-1136
-1202
-1194
-1109
-952
-735
-492
-236
14
257
491
665
794
854
881
869
813
733
621
517
416
312
221
133
84
40
1
-40
-76
-90
-95
-101
-119
-135
-136
-118
-89
-50
-5
65
152
254
352
444
538
625
697
740
763
752
724
670
601
516
431
353
266
195
129
96
86
84
100
115
145
187
228
274
306
334
358
366
375
376
382
382
369
351
328
314
296
272
236
193
148
100
47
-14
-81
-140
-201
-264
-331
-396
-456
-510
-553
-605
-653
-700
-734
-757
-766
-763
-738
-701
-658
-610
-571
-528
-496
-471
-452
-454
-464
-490
-523
-557
-591
-598
-578
-529
-454
-357
-214
-43
140
320
484
638
771
868
915
897
838
738
592
399
187
-28
-235
-430
-601
-731
-795
-808
-772
-695
-587
-435
-257
-79
89
240
370
480
547
584
589
575
543
488
420
354
301
254
204
161
130
116
112
100
96
90
82
74
60
48
38
26
10
-1
6
37
91
149
195
249
319
411
500
546
578
594
611
618
598
571
520
469
406
338
292
252
231
207
173
157
152
176
194
199
202
209
231
244
256
261
258
260
255
241
234
231
227
200
165
132
102
77
35
-19
-77
-134
-185
-247
-309
-366
-412
-457
-508
-556
-594
-617
-635
-651
-662
-656
-631
-603
-581
-572
-551
-513
-482
-457
-454
-448
-442
-438
-433
-435
-415
-380
-334
-281
-226
-138
-35
82
195
288
378
468
541
582
573
541
489
415
316
190
60
-69
-194
-314
-412
-482
-503
-503
-484
-447
-371
-269
-152
-40
65
173
270
353
417
457
481
495
489
464
426
393
357
313
260
201
156
119
84
44
6
-25
-43
-64
-81
-90
-79
-46
-4
41
93
155
225
293
362
423
479
524
547
547
537
526
511
476
425
374
330
288
248
209
177
158
152
145
140
149
168
177
185
192
199
217
235
242
241
248
255
260
255
244
228
208
181
139
96
52
6
-49
-121
-180
-238
-288
-329
-371
-400
-420
-428
-438
-445
-440
-431
-423
-430
-434
-427
-423
-428
-456
-487
-499
-505
-503
-514
-509
-494
-467
-428
-397
-354
-296
-232
-168
-124
-69
-15
41
79
97
123
152
181
187
188
183
186
185
170
139
113
92
69
24
-27
-69
-103
-131
-164
-193
-207
-203
-185
-167
-135
-85
-24
41
105
165
231
296
341
373
389
401
406
386
348
304
260
216
162
103
49
5
-24
-55
-74
-82
-60
-23
18
64
112
176
240
310
371
417
457
480
489
485
471
455
426
386
337
289
253
223
198
172
153
151
158
166
187
205
217
238
246
253
257
259
252
232
207
174
156
134
106
82
56
39
24
12
4
-2
-7
-16
-31
-45
-62
-84
-114
-155
-196
-232
-263
-301
-340
-386
-417
-444
-473
-498
-511
-512
-507
-497
-484
-457
-433
-408
-384
-355
-326
-301
-276
-254
-233
-218
-196
-179
-159
-141
-128
-101
-81
-61
-40
-28
-6
14
31
55
64
77
86
84
80
62
51
32
5
-22
-52
-75
-92
-96
-96
-91
-78
-54
-20
16
58
101
145
177
208
226
239
250
249
240
224
198
174
153
127
104
86
79
67
65
61
69
81
89
103
127
159
191
217
240
266
308
339
357
374
381
391
392
387
364
345
322
292
264
230
208
188
169
149
130
123
136
142
144
150
162
181
199
215
226
241
251
250
248
244
234
224
200
164
126
96
64
27
-14
-51
-84
-109
-132
-159
-170
-184
-196
-208
-222
-229
-238
-249
-265
-280
-296
-318
-330
-338
-347
-354
-369
-376
-375
-379
-375
-369
-365
-357
-350
-329
-312
-290
-273
-262
-234
-215
-190
-170
-152
-132
-118
-104
-86
-73
-54
-43
-29
-16
1
22
43
63
79
90
99
108
113
112
103
86
70
48
29
8
-10
-25
-37
-42
-41
-30
-4
25
55
92
134
179
221
255
283
303
315
318
311
299
278
254
227
204
186
176
167
163
159
161
174
194
217
235
249
258
267
277
283
280
274
265
249
245
235
232
226
217
215
206
209
210
216
222
225
229
226
234
238
243
239
231
223
218
207
193
177
157
129
103
81
60
42
26
11
-1
-12
-13
-20
-30
-35
-47
-57
-74
-86
-107
-128
-149
-171
-194
-215
-233
-252
-265
-278
-290
-301
-298
-294
-288
-292
-298
-298
-299
-294
-290
-288
-280
-277
-279
-271
-264
-244
-233
-213
-194
-174
-137
-113
-84
-61
-47
-19
-3
11
22
29
34
36
30
28
24
26
18
7
-1
-9
-9
-8
-4
11
29
56
87
112
153
192
231
273
301
331
356
366
371
356
345
327
302
275
240
209
188
170
153
150
154
164
176
192
210
229
250
265
278
283
279
279
269
256
237
216
202
182
167
151
140
138
132
128
124
127
133
136
133
138
138
136
127
123
116
110
101
86
69
54
41
27
18
-1
-17
-29
-47
-61
-84
-97
-115
-137
-154
-177
-195
-219
-243
-263
-276
-280
-286
-281
-283
-276
-262
-253
-241
-236
-229
-221
-217
-224
-229
-234
-246
-257
-268
-279
-283
-285
-281
-281
-282
-273
-259
-247
-228
-215
-201
-187
-176
-162
-155
-144
-129
-122
-115
-108
-103
-90
-87
-72
-64
-51
-35
-32
-25
-23
-18
-12
-7
3
12
25
37
53
74
93
111
137
156
170
187
193
203
208
203
198
191
180
173
161
151
145
137
137
137
144
150
160
174
181
191
199
203
209
210
209
206
200
195
188
179
175
164
155
144
135
126
118
114
110
108
105
108
107
111
115
118
118
123
126
124
120
112
102
91
79
61
46
22
5
-11
-30
-49
-71
-89
-102
-120
-139
-148
-159
-168
-170
-182
-188
-185
-180
-176
-170
-165
-157
-153
-146
-141
-139
-137
-146
-139
-158
-175
-185
-200
-213
-228
-241
-254
-267
-269
-266
-256
-245
-227
-211
-189
-170
-153
-131
-116
-100
-91
-81
-76
-78
-75
-76
-79
-76
-79
-76
-73
-72
-66
-60
-57
-47
-43
-32
-23
-14
-3
2
11
21
35
52
69
88
105
119
137
151
164
165
169
174
171
168
160
153
142
132
123
122
116
109
114
114
126
131
136
151
157
166
169
176
181
181
182
182
182
180
174
170
164
155
148
142
136
131
121
113
105
99
94
91
89
87
90
90
88
90
88
90
87
83
78
72
60
52
39
23
9
-4
-13
-29
-39
-53
-63
-70
-76
-79
-87
-97
-102
-105
-103
-104
-109
-116
-120
-125
-131
-135
-139
-143
-145
-151
-155
-160
-161
-165
-169
-168
-173
-167
-171
-164
-164
-157
-150
-150
-137
-137
-127
-123
-122
-116
-121
-118
-119
-123
-120
-119
-118
-111
-106
-103
-97
-83
-76
-68
-59
-46
-40
-36
-34
-29
-24
-22
-15
-19
-10
-6
-5
6
15
26
34
46
55
63
66
67
69
72
64
56
55
52
53
57
67
77
86
99
110
129
144
156
165
174
174
175
169
162
151
137
131
116
107
96
96
96
98
99
102
107
113
113
125
134
126
122
110
109
106
102
99
99
98
89
89
83
78
78
71
65
54
46
39
34
30
24
19
10
8
4
0
-3
-7
-5
-9
-15
-21
-24
-31
-36
-41
-45
-49
-51
-53
-54
-56
-62
-58
-59
-58
-58
-53
-52
-58
-62
-65
-58
-39
-17
18
53
86
105
127
147
151
147
132
117
95
65
33
-1
-20
-38
-50
-54
-44
-30
-16
2
14
27
43
58
62
63
62
62
62
47
38
31
25
18
9
3
3
-1
2
2
2
12
19
24
30
44
51
66
74
82
93
99
101
101
93
85
78
71
59
51
45
37
41
33
41
49
58
74
88
99
113
127
133
144
147
148
153
149
144
141
139
131
119
108
99
90
84
74
76
72
71
72
70
76
81
87
91
94
99
102
103
106
106
104
105
102
96
94
93
91
89
79
73
70
67
62
56
57
51
50
43
36
32
32
30
27
25
21
21
16
14
11
8
7
9
5
4
5
4
10
12
16
14
19
12
11
9
1
-1
-2
-7
-9
-6
-10
-9
-14
-16
-13
-20
-19
-25
-25
-26
-29
-31
-35
-32
-34
-31
-27
-29
-24
-30
-31
-33
-30
-26
-28
-26
-30
-29
-32
-36
-40
-38
-40
-42
-52
-63
-58
-58
-55
-54
-50
-43
-35
-34
-31
-30
-26
-23
-25
-28
-28
-25
-29
-33
-31
-31
-22
-14
-9
-7
2
9
9
8
6
12
11
13
11
7
1
-2
-11
-15
-14
-18
-12
-15
-6
-5
0
5
8
15
16
19
18
17
21
19
17
21
17
13
10
10
11
12
13
12
15
12
11
15
16
15
18
18
20
21
23
22
22
17
16
13
7
10
8
8
8
8
12
12
20
28
31
36
37
36
33
35
31
32
26
18
17
13
10
9
13
14
18
26
30
29
29
33
41
39
39
36
33
34
28
23
22
21
22
21
23
24
21
23
26
22
23
22
24
31
33
37
38
41
40
40
36
41
40
30
30
24
22
15
10
7
1
3
1
0
1
7
9
13
24
31
32
38
46
50
53
54
56
53
52
49
47
44
36
33
30
27
26
24
24
19
21
20
23
27
28
35
36
40
40
36
33
32
33
32
32
33
36
40
36
37
39
37
33
30
27
26
25
22
23
27
28
32
41
43
42
46
47
40
39
36
34
26
23
19
16
14
22
27
30
41
48
57
63
70
74
76
77
73
72
67
57
49
38
32
23
15
12
9
8
6
11
17
20
31
35
41
51
54
59
58
56
55
50
47
41
37
34
32
30
29
27
27
31
29
30
31
36
36
36
38
36
35
31
27
25
22
19
15
12
8
8
10
12
12
17
19
23
26
26
28
28
28
28
25
21
17
15
11
8
7
7
5
6
7
7
12
9
9
4
5
9
2
8
6
3
6
7
3
0
3
3
9
7
6
8
9
5
5
7
2
-3
-7
-13
-12
-18
-22
-26
-30
-28
-31
-31
-31
-28
-25
-21
-24
-23
-24
-28
-31
-37
-39
-38
-44
-49
-50
-54
-55
-54
-51
-53
-55
-52
-51
-46
-44
-46
-49
-48
-48
-54
-55
-59
-62
-71
-76
-81
-84
-91
-88
-90
-96
-98
-98
-97
-98
-93
-90
-94
-95
-90
-87
-84
-86
-89
-88
-90
-94
-95
-97
-103
-108
-109
-118
-121
-127
-135
-136
-142
-142
-144
-143
-144
-144
-143
-142
-141
-143
-142
-139
-135
-131
-132
-135
-138
-136
-140
-140
-145
-146
-151
-156
-158
-163
-164
-166
-165
-163
-164
-160
-158
-159
-158
-155
-153
-147
-151
-152
-152
-153
-153
-151
-154
-159
-155
-155
-157
-154
-147
-145
-142
-137
-132
-129
-121
-122
-118
-113
-107
-109
-113
-111
-114
-117
-123
-121
-123
-124
-122
-118
-117
-115
-112
-108
-104
-100
-101
-97
-99
-96
-94
-98
-94
-93
-90
-92
-85
-84
-82
-79
-77
-71
-68
-61
-59
-53
-51
-48
-44
-42
-41
-41
-45
-44
-44
-48
-49
-48
-48
-51
-47
-43
-40
-40
-37
-30
-26
-24
-17
-12
-13
-8
-4
-3
-3
-5
-2
0
3
1
-1
-1
2
0
1
4
5
6
3
7
5
6
3
6
5
6
10
8
10
13
16
16
21
25
30
31
33
32
37
33
35
36
32
34
33
28
30
34
37
39
38
43
44
45
45
46
51
50
52
51
48
50
49
50
49
51
53
52
53
54
54
55
58
60
64
68
71
71
71
73
76
75
78
79
77
80
73
73
69
66
66
61
64
63
59
57
61
54
56
60
58
58
55
59
61
65
60
62
59
65
64
60
59
60
61
60
63
62
64
61
61
58
56
53
50
48
43
39
41
45
43
42
39
43
44
46
46
44
43
45
49
49
47
47
46
44
48
43
44
43
39
38
34
36
35
32
29
25
21
19
17
12
10
9
11
12
15
14
12
16
19
20
24
25
27
28
27
28
26
27
26
25
26
21
20
18
19
21
19
21
22
27
25
30
30
31
36
36
39
48
49
47
54
54
55
53
54
52
55
58
58
56
58
58
58
59
60
64
62
61
62
64
62
61
60
60
62
64
69
68
71
72
74
77
73
73
72
74
69
69
64
62
61
61
61
53
56
55
53
50
52
53
48
53
49
50
47
50
51
42
44
42
38
37
34
31
29
29
26
22
21
17
13
14
13
12
8
1
1
1
1
1
1
2
1
4
2
2
2
-1
0
-6
-8
-11
-16
-16
-17
-19
-20
-20
-23
-25
-29
-29
-34
-32
-32
-34
-33
-29
-31
-28
-28
-33
-36
-37
-35
-38
-40
-43
-42
-45
-50
-52
-52
-51
-49
-49
-44
-42
-42
-36
-33
-29
-27
-24
-24
-23
-22
-23
-22
-27
-30
-29
-32
-31
-28
-30
-30
-25
-24
-25
-24
-22
-19
-18
-17
-16
-13
-11
-13
-10
-11
-10
-11
-11
-7
-4
-3
-2
3
5
7
8
7
12
9
11
9
10
7
8
12
6
11
14
13
19
23
26
30
35
38
44
45
50
54
56
56
58
62
62
62
60
57
60
57
55
58
55
56
53
55
56
54
60
61
57
62
69
70
71
74
74
78
79
80
78
76
79
78
78
78
80
81
82
83
82
84
86
84
86
85
84
85
82
79
78
75
78
78
78
80
78
81
80
79
83
83
87
94
98
96
100
102
102
104
105
100
99
96
94
94
93
98
97
94
93
95
97
97
101
100
99
105
109
109
110
110
113
114
112
113
116
114
113
112
112
111
109
113
109
109
110
108
107
106
102
106
104
103
102
98
95
91
87
79
78
76
71
69
66
62
59
57
54
50
52
51
53
48
50
50
45
41
40
36
32
29
21
17
14
11
6
1
-5
-5
-10
-11
-9
-14
-16
-16
-19
-22
-26
-24
-27
-33
-38
-39
-44
-49
-49
-56
-61
-66
-70
-74
-81
-84
-85
-89
-91
-98
-98
-99
-102
-109
-112
-118
-124
-124
-130
-138
-143
-146
-147
-150
-150
-151
-154
-158
-160
-165
-167
-168
-174
-175
-179
-185
-191
-196
-197
-199
-204
-208
-216
-214
-215
-224
-220
-220
-223
-225
-221
-223
-221
-220
-226
-226
-224
-227
-232
-234
-237
-236
-240
-240
-240
-235
-236
-235
-231
-232
-227
-220
-217
-210
-210
-210
-202
-203
-198
-202
-203
-199
-194
-197
-197
-194
-193
-189
-189
-186
-185
-179
-176
-171
-172
-170
-173
-174
-171
-177
-177
-178
-178
-178
-180
-177
-182
-181
-179
-177
-175
-172
-171
-169
-164
-162
-159
-158
-156
-155
-156
-150
-150
-145
-143
-144
-142
-144
-144
-143
-145
-143
-139
-140
-137
-140
-141
-138
-132
-131
-131
-123
-124
-121
-119
-118
-117
-115
-112
-112
-110
-112
-110
-113
-116
-113
-116
-115
-116
-115
-113
-111
-109
-106
-105
-100
-98
-99
-99
-101
-94
-98
-102
-99
-100
-99
-97
-97
-96
-90
-88
-90
-85
-83
-75
-77
-76
-70
-72
-72
-71
-71
-69
-69
-68
-66
-70
-71
-73
-73
-75
-74
-71
-72
-67
-67
-65
-66
-64
-63
-63
-64
-65
-66
-65
-61
-61
-60
-61
-61
-57
-58
-60
-57
-59
-59
-52
-48
-49
-51
-49
-52
-50
-48
-52
-56
-54
-59
-63
-63
-64
-67
-69
-65
-68
-66
-68
-66
-64
-67
-63
-60
-59
-58
-55
-57
-57
-51
-55
-56
-56
-57
-59
-61
-61
-60
-58
-60
-57
-58
-56
-50
-49
-48
-45
-42
-40
-40
-39
-39
-36
-37
-36
-32
-36
-37
-35
-32
-31
-27
-26
-28
-25
-24
-22
-21
-19
-18
-19
-19
-20
-20
-17
-18
-20
-20
-19
-15
-16
-16
-15
-13
-13
-14
-7
-7
-5
-4
-6
-5
-6
-1
-3
-2
-1
-4
0
-3
-1
3
1
6
7
6
9
12
14
7
11
11
8
6
6
4
5
6
6
6
1
1
5
5
0
1
1
3
5
7
11
11
15
17
15
14
13
17
17
20
18
19
17
12
12
8
8
3
3
1
-1
-2
-1
-1
-5
0
2
0
-4
-5
-5
-4
0
-3
-5
-4
-6
-5
-7
-9
-9
-12
-13
-11
-13
-15
-15
-17
-18
-21
-17
-23
-20
-21
-22
-22
-22
-24
-25
-24
-24
-22
-20
-21
-21
-25
-29
-32
-32
-30
-28
-29
-30
-31
-31
-31
-33
-37
-38
-39
-39
-38
-38
-38
-41
-40
-38
-40
-40
-42
-40
-42
-43
-39
-43
-40
-40
-44
-42
-44
-44
-45
-48
-52
-53
-52
-53
-54
-56
-55
-51
-50
-54
-50
-48
-51
-50
-46
-49
-49
-47
-48
-45
-51
-50
-52
-49
-52
-48
-49
-50
-47
-49
-54
-53
-49
-48
-45
-45
-44
-45
-34
-34
-37
-36
-37
-35
-38
-39
-41
-43
-43
-47
-49
-52
-54
-54
-57
-56
-56
-53
-48
-52
-54
-48
-48
-49
-46
-46
-43
-41
-40
-40
-45
-46
-44
-43
-41
-41
-39
-39
-41
-41
-44
-42
-41
-41
-43
-40
-35
-35
-35
-35
-32
-31
-28
-28
-25
-24
-23
-23
-20
-22
-24
-24
-24
-23
-25
-25
-23
-24
-25
-26
-30
-26
-25
-25
-22
-24
-22
-20
-21
-21
-23
-25
-19
-18
-17
-17
-17
-19
-20
-21
-23
-24
-27
-24
-27
-26
-26
-27
-27
-27
-28
-31
-31
-27
-30
-32
-33
-37
-30
-34
-38
-37
-44
-45
-48
-46
-48
-49
-47
-48
-46
-47
-49
-49
-49
-49
-50
-55
-52
-55
-57
-56
-59
-57
-60
-61
-61
-61
-64
-63
-64
-65
-68
-66
-71
-68
-69
-71
-69
-68
-60
-64
-63
-65
-63
-63
-62
-61
-66
-64
-66
-65
-64
-70
-69
-70
-68
-69
-69
-68
-72
-64
-65
-65
-59
-59
-59
-59
-56
-53
-52
-50
-50
-50
-48
-47
-45
-45
-42
-39
-37
-40
-40
-39
-38
-42
-40
-41
-40
-41
-39
-41
-38
-39
-37
-36
-43
-45
-43
-43
-43
-39
-43
-44
-44
-41
-43
-38
-37
-34
-36
-35
-37
-33
-33
-34
-30
-36
-35
-35
-33
-32
-37
-38
-35
-41
-36
-40
-43
-35
-37
-34
-37
-38
-34
-35
-35
-34
-34
-31
-35
-39
-35
-34
-33
-31
-31
-29
-28
-28
-29
-28
-28
-27
-26
-28
-26
-28
-28
-28
-28
-28
-29
-27
-27
-26
-28
-25
-25
-26
-25
-26
-26
-24
-28
-26
-24
-24
-26
-23
-24
-25
-21
-23
-21
-24
-22
-24
-25
-25
-26
-22
-23
-24
-22
-19
-16
-22
-18
-20
-27
-21
-20
-22
-21
-18
-21
-20
-16
-13
-15
-13
-13
-15
-14
-11
-8
-10
-13
-10
-8
-9
-8
-7
-10
-9
-9
-13
-16
-16
-18
-16
-14
-13
-15
-19
-17
-17
-20
-21
-19
-22
-22
-21
-22
-21
-20
-20
-19
-22
-22
-26
-28
-27
-27
-26
-26
-27
-32
-29
-33
-31
-30
-31
-31
-31
-30
-33
-29
-36
-38
-37
-36
-38
-42
-41
-41
-40
-42
-41
-47
-47
-47
-43
-45
-47
-44
-46
-43
-48
-48
-46
-44
-45
-47
-49
-51
-52
-51
-48
-49
-54
-56
-54
-54
-51
-51
-52
-51
-50
-50
-49
-52
-53
-53
-50
-50
-53
-48
-46
-46
-47
-45
-42
-42
-41
-39
-40
-41
-36
-37
-35
-34
-40
-38
-38
-40
-42
-39
-39
-36
-35
-34
-35
-32
-33
-34
-30
-32
-32
-31
-31
-32
-34
-35
-34
-36
-34
-34
-35
-35
-42
-36
-38
-36
-36
-36
-39
-38
-41
-42
-40
-41
-39
-37
-39
-37
-36
-38
-37
-42
-41
-46
-47
-46
-50
-46
-53
-49
-49
-53
-48
-51
-54
-48
-52
-55
-49
-51
-50
-52
-49
-52
-51
-53
-54
-57
-59
-53
-59
-59
-58
-58
-53
-62
-67
-67
-59
-57
-60
-59
-57
-59
-60
-64
-63
-61
-66
-62
-63
-60
-63
-64
-68
-64
-63
-67
-66
-71
-70
-69
-71
-73
-72
-80
-76
-77
-77
-79
-80
-75
-82
-81
-79
-81
-80
-78
-74
-76
-75
-78
-76
-75
-77
-74
-80
-81
-80
-79
-77
-78
-80
-81
-79
-76
-77
-77
-73
-71
-72
-73
-71
-66
-67
-64
-66
-67
-64
-67
-69
-71
-73
-70
-73
-71
-72
-68
-69
-73
-73
-72
-69
-70
-72
-65
-68
-69
-65
-68
-65
-67
-66
-64
-62
-59
-57
-54
-56
-55
-60
-58
-53
-56
-54
-52
-45
-48
-45
-44
-43
-45
-44
-39
-42
-37
-38
-37
-36
-33
-29
-30
-30
-29
-31
-29
-30
-35
-35
-35
-38
-38
-34
-34
-36
-38
-35
-34
-36
-37
-34
-37
-33
-34
-30
-27
-30
-30
-26
-30
-26
-22
-26
-26
-32
-26
-27
-29
-30
-27
-25
-31
-31
-33
-30
-30
-27
-26
-25
-25
-24
-24
-20
-19
-24
-24
-21
-21
-26
-27
-25
-28
-29
-29
-28
-32
-28
-28
-34
-32
-30
-32
-33
-31
-32
-29
-27
-29
-28
-29
-29
-29
-29
-28
-27
-28
-28
-28
-28
-27
-33
-33
-31
-32
-31
-32
-32
-32
-30
-30
-29
-31
-27
-27
-26
-28
-31
-27
-30
-29
-28
-26
-24
-26
-27
-26
-28
-28
-26
-29
-25
-29
-31
-30
-28
-29
-31
-29
-26
-30
-28
-28
-27
-27
-26
-25
-25
