36
41
33
34
31
32
28
22
22
24
21
28
30
30
26
25
27
27
28
25
26
27
29
26
28
27
24
25
27
27
27
28
26
27
27
28
30
25
26
27
25
28
29
28
26
24
26
27
22
22
24
26
22
23
21
19
24
25
22
24
21
15
15
9
15
22
28
26
25
24
22
24
24
23
25
26
25
22
22
23
21
22
22
23
19
17
18
17
17
12
13
13
11
12
11
13
15
16
12
15
13
15
11
11
12
11
13
14
13
10
12
13
12
15
13
17
10
12
14
9
8
10
13
13
11
10
12
12
10
9
11
12
12
12
14
13
13
12
10
11
12
10
7
6
7
8
10
11
13
10
6
8
6
11
11
11
9
14
9
1
5
6
8
5
7
6
6
11
11
11
11
10
6
6
7
4
3
7
7
11
13
14
14
12
14
13
15
15
17
16
16
15
14
16
16
19
16
18
17
21
21
18
20
20
20
20
27
24
22
22
28
31
26
27
29
27
26
27
28
28
36
42
37
41
37
36
29
30
30
28
31
27
34
32
31
29
28
31
32
34
33
35
33
32
31
35
32
34
33
36
39
39
43
39
40
39
37
37
36
37
35
35
37
36
38
39
34
37
39
41
38
31
33
34
39
34
38
37
34
39
37
37
38
36
37
35
35
35
36
38
32
34
34
34
34
32
31
32
33
32
33
33
32
35
33
34
32
35
34
34
33
34
35
35
33
33
36
32
32
38
41
35
34
35
33
30
32
30
27
27
27
36
35
34
30
30
35
36
33
33
31
32
31
31
32
33
35
34
33
32
32
37
34
37
39
35
36
35
35
32
34
36
36
35
32
31
33
31
31
33
30
25
27
27
27
28
27
27
28
30
20
13
19
15
19
27
30
29
27
32
30
32
30
29
31
31
31
28
25
24
23
24
23
21
22
22
22
23
19
15
14
14
12
11
12
15
15
16
15
13
12
12
14
11
13
12
15
17
12
12
11
15
19
17
20
17
13
21
21
8
12
15
12
11
8
9
10
15
12
13
12
11
11
12
13
15
18
15
13
15
14
15
14
13
15
16
16
17
17
19
17
17
17
18
21
20
21
16
16
13
22
25
22
20
21
24
20
22
22
26
23
21
22
24
25
21
19
17
21
21
24
23
23
24
21
25
23
23
24
22
24
21
21
21
20
21
20
18
16
19
21
21
20
19
21
22
24
22
23
24
29
31
24
27
28
23
23
24
25
25
28
35
31
30
32
29
23
20
24
21
22
18
22
25
20
20
19
17
23
21
21
18
16
17
16
19
18
16
18
21
25
26
25
28
23
23
25
23
23
20
23
26
25
24
28
26
23
24
29
21
20
19
16
20
21
23
26
26
20
24
26
24
24
23
25
26
24
25
25
26
24
25
24
18
23
22
21
22
19
24
23
24
25
24
25
25
25
23
22
19
22
22
23
22
19
20
16
19
17
16
20
19
18
17
16
16
11
10
7
6
8
8
14
17
12
15
14
15
11
15
15
11
10
8
9
11
10
4
7
9
9
10
11
14
10
11
12
12
12
9
10
10
13
15
12
11
10
11
5
9
11
4
2
3
4
2
3
2
-1
2
1
-11
-10
-14
-9
-1
5
10
1
2
7
6
5
2
1
3
0
0
-1
-2
-5
-5
-2
-4
-3
-5
-5
1
-3
-6
-7
-8
-7
-11
-7
-6
-9
-5
-8
-5
-6
-8
-7
-11
-9
-9
-6
-3
-6
-6
-10
-8
-3
-3
3
4
-3
-2
4
0
-3
0
2
-4
-2
-2
3
5
3
2
3
6
7
8
4
7
7
9
7
11
8
8
8
7
8
6
8
10
13
12
9
9
14
13
12
14
15
12
14
9
5
7
7
10
13
13
11
11
11
16
18
16
11
16
19
13
13
14
16
14
17
18
16
21
16
16
15
13
18
16
14
13
14
13
15
15
13
16
15
15
17
17
15
15
15
13
18
16
14
17
16
21
19
18
20
19
18
18
18
23
22
28
31
31
35
26
25
21
18
21
17
19
19
21
22
20
20
19
21
21
21
23
22
23
22
24
22
22
28
30
31
32
34
39
37
31
34
35
30
33
35
36
36
36
37
33
35
32
38
37
32
30
30
32
33
34
41
37
35
37
40
42
41
40
40
40
39
37
39
37
37
40
39
39
37
33
32
35
35
34
33
33
34
36
38
37
32
30
33
29
32
32
31
31
28
29
28
26
30
26
28
31
31
33
30
29
29
28
23
22
22
22
26
27
24
25
28
25
24
22
23
22
24
23
22
22
17
20
19
16
18
20
21
23
19
21
21
23
25
21
21
19
22
22
21
21
18
16
18
12
17
16
12
11
8
10
9
10
9
10
11
4
4
5
-4
4
15
19
17
14
18
18
16
12
15
16
14
10
11
13
12
10
8
10
10
11
11
11
9
7
8
7
6
5
6
12
11
7
9
10
10
4
4
7
3
8
7
11
12
6
8
8
13
16
12
15
13
10
16
14
13
10
12
12
7
10
9
8
9
10
12
8
7
7
7
9
7
10
10
11
10
9
8
13
13
10
13
13
12
13
12
11
15
11
12
14
15
16
14
13
7
5
9
15
16
15
15
20
17
21
25
23
25
19
22
22
21
19
20
21
23
25
26
22
27
23
25
25
28
27
28
27
25
24
25
26
26
29
29
29
31
31
30
30
33
32
33
38
32
32
35
41
42
41
41
43
40
40
41
42
40
44
48
43
53
50
47
44
38
37
37
35
36
38
36
34
31
32
37
39
36
38
34
34
38
34
37
36
37
41
42
41
42
41
40
41
40
40
39
39
39
38
43
40
41
42
34
39
40
41
38
33
36
33
41
39
39
42
32
34
38
43
42
40
41
39
41
39
40
40
38
41
40
40
38
38
36
35
38
40
37
39
40
40
39
39
43
36
34
32
31
33
32
29
32
30
29
30
27
28
32
31
31
32
32
28
26
27
20
21
21
23
23
28
26
22
28
25
31
27
28
22
22
21
17
23
21
20
19
19
20
25
22
24
22
20
23
21
19
18
17
15
18
19
17
19
16
15
15
14
11
9
2
3
5
3
5
4
7
8
5
1
1
10
-5
-5
3
8
15
13
12
12
11
10
8
6
6
6
5
3
3
3
3
5
3
4
2
3
5
2
-2
3
-5
-3
-3
0
-1
-3
4
0
-1
-4
-6
-6
-6
-8
-8
-9
-7
-10
-12
-6
-5
-3
-2
-1
-1
-7
-3
-4
-8
-7
-7
-2
-3
-7
-4
-2
-2
-4
-5
-3
-4
-4
-3
-2
0
-3
1
-1
-1
1
-2
-2
-4
-6
-4
0
0
0
-1
-1
0
-3
0
1
0
3
4
-2
-4
-4
-4
0
-1
2
3
7
5
7
11
7
5
5
11
10
5
5
7
11
9
10
10
13
11
15
10
9
14
10
8
12
12
10
12
12
13
11
9
10
14
11
10
10
12
13
11
12
9
13
17
17
18
15
16
17
14
14
17
16
19
21
29
22
22
29
24
21
15
15
13
13
11
16
17
18
14
14
16
16
17
15
17
13
13
14
14
19
20
23
26
24
26
28
27
24
24
22
20
18
22
21
22
22
20
24
18
23
21
18
17
16
20
19
20
22
16
20
20
23
24
23
24
25
26
24
22
20
23
23
21
20
23
22
19
19
16
17
20
16
18
18
20
22
20
21
21
20
17
18
16
13
12
12
14
13
12
13
7
7
9
11
15
20
16
11
10
6
3
4
4
2
3
7
8
5
4
5
6
6
2
6
1
2
3
2
1
3
0
-1
3
2
5
2
2
1
2
0
5
4
-1
1
-3
-4
-5
-6
-9
-9
-13
-15
-11
-16
-21
-21
-20
-23
-24
-24
-27
-26
-25
-31
-39
-37
-38
-39
-30
-28
-26
-26
-25
-30
-30
-30
-31
-32
-29
-24
-31
-30
-35
-32
-33
-36
-34
-32
-37
-33
-34
-37
-38
-39
-38
-39
-38
-38
-38
-35
-36
-36
-40
-37
-37
-41
-38
-42
-39
-38
-36
-36
-36
-37
-36
-34
-34
-31
-31
-37
-34
-31
-39
-40
-30
-29
-33
-32
-28
-28
-28
-29
-29
-27
-26
-28
-23
-22
-23
-21
-23
-23
-26
-24
-21
-22
-24
-23
-22
-20
-17
-18
-19
-20
-21
-23
-19
-21
-20
-24
-21
-20
-24
-21
-22
-24
-22
-23
-20
-17
-15
-13
-12
-12
-16
-14
-13
-10
-15
-13
-13
-15
-14
-12
-10
-13
-9
-10
-11
-11
-7
-7
-8
-4
-6
-7
-6
-6
-7
-9
-8
-7
-6
-4
-4
-3
-2
-3
0
0
-6
-7
-5
-2
0
-2
0
2
0
-1
1
3
2
3
10
6
10
17
11
5
4
3
2
0
1
3
10
6
2
1
2
4
7
7
5
8
7
11
13
12
13
11
16
17
15
22
19
17
18
15
20
20
19
19
19
21
17
21
23
15
18
16
22
24
17
19
19
21
17
17
21
18
25
24
24
23
21
26
25
27
24
25
25
22
26
24
19
24
20
21
21
22
22
22
24
23
26
24
24
22
18
19
18
21
21
20
22
17
14
15
16
9
5
5
12
17
13
9
9
8
4
5
8
4
4
7
5
5
6
4
4
5
5
1
3
0
-3
-3
-1
-1
-5
-8
-6
-4
-2
-2
-3
-1
-1
0
0
-2
-5
-5
-8
-5
-9
-8
-7
-10
-11
-11
-12
-15
-19
-19
-19
-23
-22
-22
-22
-24
-25
-21
-26
-26
-28
-33
-27
-17
-12
-15
-16
-15
-12
-17
-22
-15
-16
-14
-13
-16
-18
-21
-19
-20
-19
-18
-19
-16
-15
-17
-22
-23
-19
-21
-24
-22
-21
-19
-20
-21
-21
-22
-21
-23
-22
-23
-25
-23
-22
-24
-26
-28
-26
-22
-22
-21
-18
-22
-22
-15
-19
-27
-21
-18
-19
-24
-26
-21
-20
-18
-19
-20
-19
-20
-20
-21
-21
-19
-17
-18
-18
-18
-17
-15
-14
-14
-14
-8
-9
-8
-5
-5
-8
-10
-7
-4
-4
-6
-6
-2
-7
-15
-12
-9
-6
-10
-12
-7
-6
-4
0
6
5
1
2
2
4
4
3
5
5
7
7
6
8
9
7
6
10
10
9
8
7
7
10
10
11
13
15
15
16
18
18
18
18
21
18
17
20
20
15
15
23
23
23
22
21
21
18
18
18
19
30
31
25
31
29
28
30
28
23
19
21
26
27
24
24
21
21
24
25
28
28
25
25
24
22
25
24
30
32
34
35
34
38
41
41
40
38
38
36
41
39
37
38
39
37
36
36
38
37
37
35
24
25
25
31
34
32
33
32
36
37
34
37
39
36
36
34
33
31
32
30
29
27
28
27
28
28
26
30
26
27
25
25
28
28
25
25
25
26
29
29
29
28
26
27
24
25
21
20
20
27
28
25
24
20
21
18
13
15
13
10
17
20
18
19
24
21
23
22
20
18
15
16
16
13
16
17
14
16
17
19
18
18
19
18
18
17
17
19
17
18
22
22
21
22
23
22
17
13
15
8
7
9
10
6
9
10
7
6
9
2
1
2
-6
3
10
13
12
12
17
17
16
10
13
17
14
12
8
10
6
9
13
10
12
9
5
6
7
4
3
0
4
-1
0
6
4
8
7
12
10
6
8
6
5
6
4
10
8
5
3
1
7
6
9
10
3
-2
1
4
-5
-5
3
2
1
1
4
7
4
4
1
4
2
3
7
6
9
5
6
6
4
7
5
2
1
4
6
5
13
13
13
13
13
16
17
18
16
22
18
15
10
9
15
12
14
16
19
18
19
22
23
20
19
17
19
19
16
21
21
25
23
25
27
27
28
29
25
27
29
26
28
27
27
26
24
29
28
26
23
28
30
29
29
30
30
29
34
35
38
38
37
41
46
41
42
43
39
37
34
40
38
43
46
38
39
39
35
34
32
30
27
27
28
31
36
35
32
30
30
33
29
28
28
28
28
22
26
25
24
27
26
29
28
31
31
24
26
24
22
24
24
26
27
27
28
26
28
20
18
20
18
14
13
6
11
7
11
14
9
8
6
8
6
5
4
3
6
3
3
6
6
5
6
4
1
3
0
-2
0
-1
-5
-7
-7
-6
-8
-8
-9
-11
-14
-15
-16
-16
-16
-15
-15
-18
-15
-16
-14
-15
-14
-12
-17
-21
-19
-19
-27
-27
-29
-33
-36
-38
-39
-35
-36
-39
-39
-38
-41
-41
-45
-46
-46
-50
-49
-48
-50
-49
-53
-56
-55
-51
-52
-53
-53
-55
-55
-55
-61
-62
-59
-62
-66
-67
-66
-68
-68
-71
-71
-73
-75
-74
-75
-73
-79
-73
-75
-82
-75
-79
-79
-83
-90
-85
-91
-91
-85
-82
-81
-83
-80
-84
-82
-80
-87
-80
-82
-81
-81
-87
-81
-79
-83
-80
-80
-80
-79
-83
-80
-83
-85
-88
-86
-88
-92
-89
-87
-88
-87
-88
-87
-89
-90
-90
-89
-87
-87
-86
-84
-87
-88
-90
-85
-82
-85
-82
-91
-96
-91
-90
-95
-99
-98
-96
-98
-100
-105
-102
-102
-104
-102
-105
-108
-105
-105
-106
-106
-105
-107
-108
-107
-107
-109
-109
-111
-112
-114
-113
-114
-114
-116
-117
-117
-117
-117
-116
-116
-115
-109
-116
-115
-117
-114
-106
-105
-105
-106
-97
-94
-95
-95
-93
-95
-98
-98
-99
-103
-101
-100
-102
-102
-106
-107
-108
-115
-117
-120
-125
-128
-130
-131
-132
-136
-139
-137
-139
-138
-136
-138
-141
-141
-141
-142
-141
-141
-140
-143
-139
-140
-142
-143
-143
-134
-137
-140
-135
-135
-131
-131
-131
-128
-124
-115
-120
-120
-116
-118
-124
-128
-126
-127
-127
-126
-122
-117
-119
-121
-122
-115
-106
-105
-106
-105
-106
-100
-96
-93
-87
-90
-87
-83
-82
-79
-80
-75
-79
-83
-80
-83
-81
-78
-82
-79
-79
-79
-78
-82
-83
-85
-77
-79
-82
-83
-87
-81
-80
-83
-76
-80
-85
-81
-81
-83
-86
-87
-88
-86
-90
-88
-90
-89
-93
-93
-90
-91
-88
-92
-94
-95
-90
-90
-90
-87
-85
-87
-84
-83
-86
-87
-88
-85
-85
-85
-86
-82
-84
-81
-80
-81
-81
-84
-82
-79
-75
-75
-78
-79
-79
-80
-82
-83
-80
-80
-76
-72
-77
-75
-74
-72
-76
-78
-78
-79
-77
-82
-80
-76
-71
-73
-76
-71
-70
-68
-65
-62
-64
-62
-60
-59
-58
-54
-52
-53
-52
-51
-49
-50
-52
-51
-49
-54
-51
-54
-57
-52
-53
-50
-49
-47
-48
-47
-43
-51
-51
-52
-52
-42
-32
-28
-32
-34
-30
-32
-30
-31
-33
-29
-30
-28
-28
-33
-27
-29
-25
-22
-23
-19
-20
-17
-19
-17
-21
-20
-18
-15
-15
-10
-9
-5
-4
-5
-1
-3
-1
2
4
5
6
12
16
12
16
17
22
20
23
26
20
28
30
27
26
30
33
30
28
31
34
34
31
35
38
37
35
35
38
38
37
40
37
38
38
38
39
39
39
42
43
44
47
47
45
44
44
44
49
46
46
48
46
48
49
42
40
44
46
45
46
55
56
58
62
63
64
61
66
64
68
70
71
69
73
72
72
75
74
75
74
78
77
80
79
83
82
84
84
83
86
85
91
88
95
97
99
102
102
106
108
109
106
110
111
113
114
111
113
114
114
112
115
115
120
129
130
129
134
133
134
133
127
128
130
130
133
136
137
135
132
134
139
140
137
138
137
139
142
143
143
144
147
149
148
151
149
152
154
150
148
152
154
155
156
158
159
157
161
159
159
156
158
159
156
153
151
152
158
156
154
157
153
160
161
164
165
163
168
171
171
169
170
167
173
169
168
167
165
165
163
164
164
165
162
166
170
167
169
169
171
171
169
168
167
169
169
174
169
173
178
174
177
179
177
180
181
182
180
174
175
170
170
172
166
169
169
172
172
169
171
168
172
171
169
166
167
164
160
160
159
156
153
151
150
153
148
148
148
146
143
143
141
139
136
136
133
134
132
129
129
124
120
119
117
113
111
110
106
105
102
101
98
96
95
89
91
87
75
80
91
95
92
91
92
91
85
85
82
82
83
79
79
73
73
74
74
70
69
67
66
64
61
57
52
52
46
46
42
43
45
43
42
46
41
44
42
45
42
44
46
44
44
40
35
33
35
34
34
36
31
27
33
26
16
21
25
23
20
19
20
23
21
19
21
24
27
26
29
31
29
33
31
26
26
26
22
20
20
18
18
21
21
23
20
18
20
23
25
24
23
25
22
21
18
12
12
15
16
14
13
7
11
12
13
12
11
9
12
11
4
8
4
5
6
8
7
5
3
5
4
3
4
2
4
1
-2
-7
-9
-8
-10
-11
-13
-14
-14
-15
-13
-15
-15
-14
-16
-16
-20
-21
-16
-13
-13
-14
-12
-10
-14
-18
-16
-15
-17
-10
-12
-19
-16
-12
-12
-22
-23
-28
-30
-28
-23
-19
-22
-22
-27
-24
-21
-18
-15
-18
-15
-18
-19
-14
-13
-12
-10
-10
-8
-11
-11
-8
-7
-9
-12
-8
-11
-10
-5
-7
-1
-3
-3
-1
-1
-4
-1
-1
-2
-3
-2
-3
-5
0
2
2
-7
-6
-2
-6
-6
-9
-7
-6
-7
-6
-6
-5
-4
-3
0
0
4
-2
-1
-1
-1
2
-2
-2
-2
-3
-3
-1
-4
-7
-8
-14
-10
-6
-7
-9
-11
-14
-13
-13
-19
-22
-23
-16
-13
-14
-14
-15
-13
-14
-16
-19
-17
-20
-23
-16
-17
-19
-20
-23
-20
-19
-16
-15
-18
-20
-17
-16
-14
-12
-14
-17
-14
-13
-11
-7
-7
-3
-6
-5
-2
-3
-2
-3
-4
-4
-5
-6
-7
-11
-14
-15
-11
-12
-11
-12
-11
-10
-10
-5
-5
-3
-1
-5
-5
-4
-13
-18
-13
-1
-2
-3
-1
-1
-2
-5
-3
-1
-1
1
-2
-1
-4
-4
-2
-1
-3
-3
-3
-4
3
0
0
1
2
-2
-2
-2
-1
-2
-6
-3
-7
-7
-9
-8
-7
-9
-6
-6
-7
-5
-8
-8
-4
-7
-3
0
-3
-14
-9
-7
-11
-16
-14
-14
-15
-19
-20
-18
-21
-20
-24
-19
-25
-27
-27
-28
-24
-27
-28
-27
-26
-27
-28
-28
-25
-27
-26
-26
-25
-28
-33
-38
-40
-45
-44
-41
-43
-43
-43
-46
-51
-52
-53
-51
-48
-47
-45
-47
-45
-45
-45
-49
-53
-56
-56
-60
-65
-65
-62
-64
-67
-68
-68
-68
-70
-70
-73
-72
-70
-73
-74
-76
-79
-79
-78
-82
-83
-84
-87
-88
-89
-92
-96
-95
-93
-97
-98
-95
-99
-105
-104
-101
-102
-105
-105
-105
-106
-108
-107
-106
-106
-102
-96
-101
-93
-90
-94
-98
-103
-104
-108
-109
-110
-109
-108
-110
-110
-109
-108
-109
-106
-106
-110
-108
-108
-110
-108
-110
-108
-108
-106
-100
-105
-99
-101
-101
-101
-104
-101
-103
-103
-104
-104
-99
-104
-99
-98
-102
-101
-99
-101
-102
-105
-102
-100
-104
-93
-93
-102
-99
-94
-91
-94
-92
-95
-93
-91
-90
-88
-90
-88
-89
-85
-85
-86
-86
-90
-88
-81
-81
-80
-79
-80
-77
-76
-71
-72
-73
-70
-67
-63
-61
-62
-61
-62
-63
-65
-66
-64
-68
-71
-67
-55
-52
-61
-59
-59
-62
-64
-65
-58
-59
-55
-52
-47
-48
-47
-42
-42
-39
-39
-39
-41
-41
-43
-39
-39
-41
-41
-40
-40
-37
-33
-33
-33
-30
-31
-27
-25
-25
-24
-17
-18
-16
-13
-15
-14
-14
-13
-16
-15
-14
-14
-15
-18
-14
-13
-13
-10
-12
-8
-9
-13
-8
-15
-12
-2
7
13
10
9
14
14
10
11
15
16
13
10
9
10
10
9
10
9
10
9
6
10
5
5
5
7
11
8
12
16
20
24
23
25
22
22
20
20
17
17
23
22
23
22
22
25
25
26
30
31
24
21
27
22
19
24
25
25
25
27
25
27
27
26
27
25
24
26
24
22
21
24
20
19
19
19
18
19
21
21
23
23
22
23
22
22
23
24
22
27
24
22
16
13
14
19
16
11
14
16
17
14
11
15
11
8
9
6
6
1
8
8
9
7
9
9
8
9
7
7
3
4
1
-1
-4
-5
-6
-5
-6
-11
-7
-7
-8
-10
-13
-9
-9
-8
-7
-8
-2
-4
-7
-8
-7
1
-2
-3
-4
-7
-10
-12
-11
-13
-15
-9
-12
-11
-9
-11
-14
-19
-17
-19
-20
-22
-18
-11
-16
-19
-18
-17
-16
-15
-15
-15
-16
-17
-17
-19
-18
-19
-16
-16
-18
-19
-18
-15
-16
-17
-16
-17
-13
-13
-11
-13
-9
-4
-6
-6
-8
-7
-5
-4
-6
-8
-14
-18
-20
-17
-14
-15
-19
-20
-16
-12
-15
-14
-12
-11
-10
-12
-8
-12
-12
-10
-10
-11
-11
-17
-19
-18
-17
-16
-16
-13
-13
-12
-12
-12
-16
-17
-18
-19
-13
-14
-13
-9
-14
-10
-10
-13
-14
-13
-8
-3
0
-6
-9
-10
-11
-13
-18
-21
-19
-20
-14
-13
-15
-17
-12
-10
-12
-12
-10
-11
-13
-15
-10
-11
-10
-10
-11
-7
-7
-5
-5
-3
-2
1
-3
-4
-3
0
-4
-6
-4
-5
0
3
3
0
5
2
6
3
7
6
4
7
7
6
7
3
5
-3
-9
-5
-6
-3
5
12
11
15
16
15
14
13
16
19
18
19
16
17
16
16
20
20
23
18
19
20
16
14
13
12
11
8
10
11
11
12
8
12
9
13
13
15
17
19
21
29
23
23
26
27
31
28
30
31
29
25
29
24
17
22
23
20
19
22
26
25
25
27
29
28
27
32
30
33
35
37
36
36
38
36
34
35
31
31
32
31
32
31
30
28
30
31
30
31
33
31
36
39
35
29
35
39
40
38
39
42
38
42
41
36
37
32
36
32
28
29
30
29
27
30
29
30
30
34
29
27
29
32
32
31
29
25
28
25
28
23
23
25
23
20
16
18
17
20
18
20
19
18
19
24
29
23
26
23
28
29
29
29
27
38
37
33
34
32
27
21
20
15
18
16
17
18
17
17
15
15
18
20
15
19
14
15
15
16
20
16
18
23
21
24
24
25
25
20
23
19
21
20
20
19
19
16
21
16
17
16
17
24
19
23
21
22
24
25
26
27
26
25
28
30
29
27
30
29
26
29
31
29
29
33
32
34
32
33
32
32
34
36
37
36
38
41
41
42
39
37
37
36
35
39
37
36
38
33
33
33
30
29
36
40
36
33
34
37
34
30
32
33
34
35
33
38
36
37
33
33
35
31
29
26
25
23
23
24
26
27
23
27
27
25
28
25
27
25
24
26
24
23
20
21
21
18
17
17
15
12
13
8
8
7
5
6
5
6
8
5
6
5
7
-2
-7
-3
-5
3
8
14
12
9
13
10
5
6
2
4
5
5
2
1
2
1
4
4
1
4
5
4
3
2
2
-1
-1
-1
-1
2
1
1
5
1
2
-1
0
-1
-2
0
-2
4
2
0
2
-1
3
5
5
7
4
4
9
3
2
8
10
9
5
5
5
7
6
4
3
5
4
2
3
3
4
7
7
7
5
6
7
3
4
5
6
10
8
7
8
6
7
8
6
7
6
9
5
-1
-5
-3
0
3
2
0
4
2
3
5
6
7
3
3
8
8
3
3
5
8
9
11
9
10
8
7
7
4
8
10
6
4
4
8
8
9
10
11
13
14
13
13
15
17
17
15
16
18
20
17
17
21
25
24
23
23
16
20
19
19
23
23
32
30
33
34
29
26
24
25
24
25
27
29
32
30
29
29
28
32
30
28
27
27
31
28
27
28
28
31
33
34
35
36
37
35
35
34
34
36
36
33
39
32
34
33
33
36
30
34
30
28
26
26
26
30
33
30
29
28
33
37
31
34
40
37
39
38
38
36
39
41
39
37
35
37
32
27
32
29
28
28
27
30
32
33
33
33
31
30
32
33
30
30
30
28
30
26
26
31
28
30
31
26
25
24
22
20
20
15
17
14
11
23
21
19
21
18
22
21
22
21
22
20
21
23
19
22
17
19
14
19
18
16
19
16
19
16
18
19
20
19
18
21
18
20
22
23
20
20
20
15
17
16
16
14
16
18
16
14
17
11
9
9
1
7
16
19
23
20
21
26
24
20
20
21
27
23
22
22
21
26
20
22
22
22
18
19
16
11
12
8
6
8
6
9
13
12
12
12
13
10
8
10
9
6
9
8
6
5
5
3
4
7
5
9
11
-2
-1
3
-1
-2
-1
0
-3
-3
-3
-2
2
-5
-2
1
1
1
1
3
2
4
7
3
2
2
0
1
-5
-2
-1
-1
-1
1
3
-1
2
7
2
6
7
5
6
7
5
-2
2
6
5
3
6
7
8
6
9
9
7
3
1
1
-1
0
1
0
0
3
4
4
5
5
4
3
4
5
5
3
1
2
1
3
3
-2
1
1
-3
-2
-3
-4
-2
-2
-1
-3
2
5
1
5
9
9
4
6
6
3
5
2
3
2
10
5
4
13
6
0
-3
-4
-5
-9
-8
-1
-2
-5
-4
-7
-6
-1
1
1
-2
1
-2
2
3
2
4
6
10
7
6
7
6
5
2
2
3
0
3
5
4
6
5
9
6
9
7
6
7
1
4
3
5
4
7
9
1
3
2
3
4
5
5
4
6
8
6
8
5
3
8
7
5
8
6
3
5
8
9
7
9
11
10
10
8
9
7
3
5
6
7
2
5
6
4
5
4
6
10
14
14
10
11
13
6
9
6
3
1
-2
2
3
4
-1
2
5
1
4
2
-2
-1
0
-3
0
3
3
3
2
2
2
3
2
2
4
4
2
5
5
0
-1
0
0
1
-4
-5
-5
-6
-6
-11
-9
-10
-11
-10
-7
-6
-5
-4
-7
-6
-8
-17
-11
-16
-25
-17
-13
-7
-9
-14
-10
-9
-16
-15
-12
-12
-9
-11
-14
-15
-17
-16
-17
-12
-13
-15
-12
-17
-15
-19
-20
-16
-21
-20
-21
-17
-14
-18
-14
-16
-19
-21
-22
-19
-21
-23
-14
-15
-18
-22
-19
-14
-13
-10
-12
-11
-16
-19
-16
-17
-15
-16
-16
-18
-21
-20
-21
-21
-18
-24
-22
-18
-21
-20
-20
-19
-20
-20
-20
-21
-16
-17
-19
-19
-19
-19
-18
-18
-15
-15
-15
-19
-20
-19
-18
-16
-20
-21
-25
-21
-18
-23
-21
-14
-17
-19
-15
-14
-17
-15
-13
-16
-17
-19
-16
-20
-23
-21
-26
-22
-19
-21
-20
-21
-21
-23
-25
-22
-22
-22
-18
-20
-21
-22
-23
-20
-20
-21
-23
-21
-21
-19
-21
-18
-17
-17
-16
-13
-18
-19
-14
-10
-12
-13
-10
-11
-15
-16
-15
-14
-12
-3
-5
-11
-2
1
-2
-10
-12
-14
-14
-16
-14
-13
-11
-15
-16
-15
-14
-12
-12
-11
-11
-12
-11
-9
-13
-10
-9
-6
-1
0
1
3
2
0
-2
-2
1
-1
2
-2
1
-1
1
1
3
4
1
2
-1
0
1
-1
6
2
3
10
7
9
8
11
12
10
11
11
10
12
12
11
11
12
15
11
11
10
9
7
12
16
13
13
15
18
15
17
12
11
12
13
12
15
13
17
13
10
11
12
12
13
15
11
10
7
6
1
3
1
-2
-7
-2
-4
-5
3
-1
0
1
-1
-3
-2
-2
-2
-5
-7
-5
-6
-6
-7
-11
-14
-7
-8
-11
-10
-12
-12
-11
-12
-8
-8
-9
-9
-8
-9
-10
-8
-10
-12
-12
-10
-9
-17
-18
-16
-15
-16
-18
-18
-16
-18
-19
-21
-19
-19
-26
-23
-15
-6
-3
-6
-6
-5
-6
-5
-7
-5
-4
-7
-11
-13
-10
-16
-14
-14
-12
-15
-14
-11
-15
-15
-18
-14
-16
-17
-15
-18
-12
-14
-14
-13
-14
-12
-15
-16
-15
-15
-12
-13
-14
-14
-18
-20
-20
-15
-14
-13
-16
-16
-13
-21
-23
-16
-17
-17
-18
-18
-15
-15
-19
-18
-18
-16
-18
-17
-17
-19
-19
-21
-26
-24
-22
-21
-23
-25
-23
-21
-16
-18
-16
-15
-16
-18
-16
-15
-16
-14
-16
-14
-14
-19
-20
-22
-21
-18
-16
-15
-18
-16
-16
-13
-11
-13
-15
-17
-12
-13
-18
-17
-16
-12
-13
-10
-10
-9
-5
-11
-12
-9
-9
-9
-12
-12
-17
-16
-14
-14
-13
-15
-13
-14
-15
-11
-10
-10
-10
-6
-7
-10
-8
-7
-6
-4
-3
-5
-3
-5
-4
-5
-4
-3
-4
0
6
-2
3
8
2
-8
-8
-10
-11
-7
-7
-3
-1
-7
-6
-4
-2
4
-2
1
-1
-4
-5
-6
-4
-7
-4
-4
-2
2
-1
-1
-3
-2
0
-1
5
1
2
6
6
6
4
6
4
1
3
2
1
0
-2
-1
-4
0
0
4
1
-2
2
0
1
1
2
-2
1
0
-1
2
2
1
1
3
0
2
-1
-2
-2
-2
-3
-3
-2
-4
-5
-2
-2
-8
-8
-8
-4
-4
-7
-5
-2
-6
-3
-4
-2
-1
2
3
-2
-2
-3
-5
-2
-2
-8
-4
-5
-6
-4
-1
-2
-5
-3
-1
-2
-1
-1
-2
-1
0
-5
0
1
1
-1
-1
3
2
1
3
3
3
2
2
3
3
3
2
0
0
2
2
1
0
4
4
6
6
-2
1
3
2
2
3
6
0
2
-2
-11
-11
-11
-1
1
10
7
7
9
8
8
5
4
7
3
1
5
0
1
1
2
1
1
-2
-3
-2
-4
-5
-7
-9
-10
-14
-11
-11
-14
-12
-12
-11
-11
-12
-14
-13
-16
-14
-15
-9
-8
-9
-11
-12
-8
-9
-9
-9
-9
-14
-11
-13
-15
-17
-11
-14
-16
-14
-12
-10
-15
-15
-13
-12
-13
-10
-13
-13
-9
-6
-9
-11
-12
-9
-9
-10
-10
-15
-10
-12
-10
-9
-8
-11
-14
-11
-10
-9
-12
-8
-13
-12
-9
-10
-7
-4
-3
-8
-5
-5
-3
0
2
5
0
-4
-6
-1
-5
-4
-4
-3
0
-1
1
0
-2
0
1
0
0
1
1
-1
0
-4
-3
-4
-1
-1
-2
-3
-1
-3
-3
0
-1
-3
0
0
-4
-4
-1
2
4
2
5
4
1
0
-1
5
2
5
11
8
8
7
2
-2
-3
-2
-7
-7
-6
-5
-4
-8
-8
-9
-9
-5
-6
-9
-7
-10
-7
-10
-7
-8
-8
-4
-6
-2
-4
-2
-1
-5
-4
-4
-7
-5
-4
-1
-3
-3
-1
-3
-5
-10
-6
-4
0
-1
-8
-5
-6
-3
1
3
5
-2
0
2
2
3
4
1
5
2
3
0
1
4
0
3
1
3
1
0
1
2
4
4
4
7
6
6
5
4
0
-1
4
5
4
4
4
4
2
2
2
-1
1
6
8
7
2
-1
-1
-4
-4
-4
-5
-7
-1
3
1
-2
0
-1
0
1
-3
-3
-3
-4
-4
-6
-2
-4
-4
-4
-6
-2
0
1
1
-1
3
-1
-2
2
-1
-1
1
1
2
2
3
-3
0
-6
-4
0
-11
-12
-11
-11
-14
-15
-13
-13
-12
-16
-25
-19
-21
-19
-16
-9
-7
-13
-7
-3
-8
-12
-12
-13
-12
-11
-12
-16
-14
-16
-18
-12
-14
-15
-17
-16
-18
-21
-18
-21
-23
-22
-24
-21
-18
-15
-14
-18
-14
-17
-19
-17
-20
-18
-17
-20
-14
-20
-20
-19
-20
-16
-21
-16
-16
-20
-20
-18
-22
-26
-18
-20
-22
-27
-29
-23
-26
-25
-27
-24
-24
-26
-26
-23
-24
-25
-24
-28
-27
-28
-32
-29
-28
-30
-27
-29
-27
-25
-24
-26
-28
-26
-29
-26
-28
-28
-27
-32
-35
-32
-29
-31
-31
-30
-29
-30
-32
-27
-25
-26
-25
-26
-29
-25
-30
-33
-31
-29
-27
-27
-26
-27
-26
-25
-27
-26
-24
-24
-26
-27
-27
-28
-30
-29
-29
-30
-31
-30
-28
-28
-24
-25
-23
-24
-23
-21
-22
-26
-21
-17
-14
-14
-15
-13
-19
-19
-21
-21
-21
-19
-8
-14
-18
-14
-22
-22
-23
-23
-25
-27
-23
-26
-23
-24
-25
-24
-25
-22
-20
-22
-24
-23
-23
-22
-23
-21
-23
-21
-16
-16
-13
-15
-13
-17
-17
-13
-17
-16
-13
-15
-8
-12
-12
-8
-12
-9
-14
-9
-9
-7
-11
-15
-14
-18
-14
-10
-14
-11
-13
-12
-10
-8
-7
-11
-8
-8
-10
-5
-11
-11
-6
-10
-12
-13
-16
-17
-15
-14
-11
-14
-14
-12
-11
-13
-12
-13
-18
-18
-20
-17
-18
-19
-17
-20
-20
-22
-19
-20
-22
-19
-15
-14
-18
-21
-23
-20
-25
-24
-28
-29
-29
-28
-21
-24
-20
-20
-22
-22
-24
-21
-24
-24
-26
-25
-25
-24
-21
-25
-24
-24
-21
-24
-20
-20
-22
-18
-21
-18
-20
-19
-17
-19
-19
-18
-18
-18
-20
-21
-20
-23
-25
-26
-25
-25
-25
-24
-21
-23
-25
-21
-34
-31
-27
-36
-27
-20
-14
-19
-22
-17
-16
-19
-19
-17
-15
-16
-17
-15
-20
-15
-18
-12
-13
-18
-13
-18
-18
-20
-23
-23
-26
-27
-25
-29
-23
-22
-19
-21
-20
-19
-20
-18
-19
-18
-21
-20
-16
-15
-20
-17
-20
-20
-16
-15
-13
-15
-19
-20
-17
-18
-21
-19
-21
-21
-22
-23
-21
-23
-22
-23
-23
-22
-20
-20
-19
-20
-18
-19
-24
-22
-18
-20
-21
-19
-21
-18
-18
-18
-16
-16
-20
-19
-19
-19
-17
-19
-17
-17
-22
-21
-23
-23
-23
-20
-18
-15
-15
-18
-14
-15
-15
-17
-17
-12
-17
-17
-17
-16
-15
-16
-17
-19
-15
-16
-13
-16
-15
-11
-16
-15
-16
-18
-17
-17
-15
-13
-15
-15
-17
-13
-17
-15
-15
-14
-14
-18
-12
-11
-10
-9
-6
0
-3
-8
-7
-6
-3
-5
-4
-4
3
5
-3
0
0
-5
-10
-13
-12
-11
-15
-14
-9
-11
-13
-16
-12
-8
-11
-9
-11
-11
-13
-10
-11
-11
-10
-10
-5
-8
-5
-4
-2
-2
-6
-6
-7
-9
-7
-7
-5
-4
-6
-4
-4
-4
-6
-7
-7
-7
-6
-6
-7
-1
-5
-2
0
-7
-1
-5
-3
-3
-2
-1
-3
-3
-5
-2
-3
-6
-2
-5
-9
-7
-7
-12
-14
-13
-7
-9
-10
-7
-5
-5
-7
-8
-8
-12
-12
-9
-11
-9
-9
-6
-11
-10
-9
-11
-8
-5
-7
-11
-9
-9
-11
-12
-13
-15
-17
-18
-15
-13
-10
-6
-12
-8
-6
-5
-11
-10
-9
-9
-10
-9
-9
-11
-10
-13
-11
-11
-9
-7
-7
-7
-6
-5
-6
-5
-3
-7
-8
-6
-7
-6
-8
-6
-9
-9
-11
-15
-15
-13
-17
-16
-14
-16
-16
-17
-18
-16
-19
-26
-24
-26
-21
-16
-9
-6
-7
-9
-6
-6
-8
-7
-6
-8
-9
-13
-13
-14
-12
-11
-11
-10
-12
-13
-13
-13
-14
-17
-19
-20
-18
-17
-14
-12
-12
-13
-13
-13
-15
-19
-18
-17
-17
-14
-16
-13
-16
-17
-17
-16
-13
-12
-9
-12
-11
-8
-17
-16
-11
-12
-15
-16
-16
-14
-11
-12
-15
-12
-13
-14
-13
-16
-15
-14
-11
-13
-13
-10
-10
-13
-14
-15
-15
-14
-13
-12
-11
-11
-12
-12
-11
-14
-12
-12
-11
-11
-16
-20
-18
-15
-12
-9
-10
-11
-10
-10
-9
-7
-6
-3
-10
-11
-8
-10
-6
-10
-8
-8
-8
-7
-7
-5
-5
-5
-5
-2
-4
-5
-9
-5
-6
-4
-7
-6
-5
-7
-6
-6
-5
-7
-5
-8
-6
-3
-1
-1
-5
-2
1
6
4
0
3
2
-1
0
4
0
2
8
3
7
10
3
-7
-7
-11
-11
-8
-9
-3
-5
-7
-9
-11
-7
-4
-2
-3
-3
-6
-9
-7
-8
-6
-10
-9
-5
-1
1
-1
-3
-1
-3
-3
-1
-3
-2
-2
0
-1
-1
1
0
0
0
0
2
0
2
-2
-2
2
-2
4
3
3
6
4
4
5
9
5
7
8
8
8
6
10
12
11
8
9
8
11
13
13
14
13
13
14
17
17
15
12
11
10
12
12
14
14
14
11
9
10
9
9
11
12
15
13
12
12
7
4
4
6
1
2
7
6
6
7
2
4
6
6
5
4
4
4
2
2
5
1
2
-2
2
1
4
6
5
4
2
5
6
4
0
0
1
2
1
-2
-3
-2
-4
-6
-7
-6
-6
-7
-9
-8
-9
-4
-8
-10
-9
-15
-17
-14
-18
-18
-12
-3
-3
-4
-1
-4
-5
-6
-2
-5
-3
-2
-4
-5
-7
-4
1
-2
0
-1
-4
-1
-2
-2
-5
-7
-6
-7
-8
-6
-3
-5
-7
-4
-5
-4
-5
-5
-4
-8
-4
-2
-2
-3
-8
-6
-4
2
0
4
0
-8
-5
-3
-11
-10
-4
-8
-8
-11
-7
-7
-9
-8
-11
-8
-10
-10
-11
-9
-6
-10
-8
-10
-11
-9
-9
-11
-13
-13
-10
-8
-7
-8
-8
-11
-10
-6
-9
-5
-8
-8
-8
-7
-11
-16
-14
-12
-7
-9
-7
-9
-9
-8
-5
-5
-7
-11
-12
-3
-8
-11
-9
-8
-7
-5
-4
-6
-5
-6
-7
-5
-5
-5
-6
-6
-8
-9
-8
-11
-12
-10
-13
-12
-11
-11
-14
-9
-7
-10
-10
-4
-8
-5
-7
-5
3
0
2
-1
0
-3
-2
-2
-5
0
8
3
5
7
-1
-2
-6
-10
-11
-6
-8
-9
-6
-2
-3
-7
-2
0
0
1
-2
0
0
1
2
1
1
3
6
9
9
8
8
5
9
5
5
6
6
8
8
9
8
9
9
8
6
8
8
6
6
10
5
7
6
7
8
6
10
12
6
8
6
8
11
5
9
6
8
5
6
5
7
7
7
6
7
9
6
7
9
7
8
6
6
6
2
0
0
1
2
3
3
2
0
2
0
-1
5
7
3
0
3
5
1
0
-2
-1
2
0
-3
2
4
3
5
1
4
5
6
1
1
-1
1
1
2
0
1
3
0
4
2
1
3
2
3
5
5
3
2
0
1
4
2
2
1
-1
-1
-3
-1
0
-6
-5
-4
-3
-5
-5
-4
-7
-7
-6
-14
-14
-15
-16
-7
-1
3
-3
-1
1
0
-2
-4
-2
-3
0
-1
-8
-3
-3
2
1
-2
0
1
0
2
1
-2
-2
1
-4
-4
-1
-2
-1
-1
0
-1
-4
-3
-2
-4
-1
-3
1
3
3
1
-2
3
5
3
6
9
4
-1
8
5
0
6
3
2
-2
-3
0
1
2
1
0
2
0
1
0
-1
4
-1
-2
0
0
0
0
-3
-1
0
1
1
3
1
0
2
-2
-1
3
-2
0
-1
-5
-7
-7
-1
-3
2
1
1
3
1
5
6
8
5
6
8
8
8
3
4
7
9
10
8
9
12
11
11
10
12
13
13
12
9
6
7
11
7
11
10
10
9
9
10
11
11
12
13
17
11
7
12
16
21
18
20
21
16
19
15
17
17
14
25
19
22
27
19
16
11
13
11
9
10
12
18
15
12
10
8
12
12
14
11
10
11
8
8
9
7
11
10
11
12
12
13
12
16
10
10
13
10
11
15
13
9
9
12
11
9
12
13
12
10
7
9
5
9
15
12
11
12
17
13
14
15
14
17
15
16
15
15
18
15
17
13
15
16
15
17
14
14
14
14
20
18
16
21
17
16
13
12
16
14
16
13
12
13
13
17
17
17
19
16
16
17
13
12
7
11
7
8
12
6
11
15
12
13
14
16
14
12
11
9
9
7
8
9
10
11
9
9
13
11
12
13
12
11
10
12
14
13
13
12
16
19
20
20
48
70
101
143
170
230
270
293
351
367
402
419
395
398
369
337
299
250
192
141
100
56
5
-35
-79
-98
-136
-171
-182
-218
-218
-246
-277
-293
-317
-340
-356
-388
-399
-417
-429
-438
-438
-420
-406
-372
-346
-303
-243
-184
-118
-50
15
102
161
232
303
364
437
487
538
590
632
674
707
740
774
838
937
996
1082
1105
1144
1217
1185
1190
1155
1073
1000
793
599
420
210
10
-250
-500
-731
-941
-1130
-1314
-1442
-1588
-1707
-1815
-1935
-1991
-2039
-2038
-2010
-2000
-1946
-1854
-1709
-1543
-1385
-1203
-993
-749
-533
-317
-83
162
395
577
730
898
1057
1189
1286
1339
1406
1449
1456
1459
1435
1406
1364
1293
1216
1123
1030
929
809
674
521
381
236
97
-56
-217
-351
-474
-591
-697
-787
-837
-873
-902
-912
-884
-830
-760
-656
-557
-403
-224
-53
166
385
613
877
1074
1288
1499
1630
1762
1791
1781
1738
1599
1423
1175
904
596
231
-122
-499
-834
-1166
-1489
-1754
-2019
-2166
-2254
-2295
-2256
-2219
-2125
-1990
-1861
-1728
-1576
-1424
-1274
-1141
-1060
-947
-803
-652
-507
-360
-193
17
242
456
695
922
1152
1361
1504
1641
1751
1810
1842
1788
1711
1604
1468
1326
1147
968
776
610
458
315
202
95
26
-42
-130
-190
-245
-295
-362
-453
-527
-602
-664
-724
-761
-770
-732
-679
-592
-464
-294
-71
145
368
598
811
1015
1169
1287
1362
1389
1387
1303
1197
1043
873
680
452
229
3
-214
-419
-633
-833
-1028
-1200
-1349
-1486
-1586
-1658
-1698
-1726
-1745
-1741
-1701
-1637
-1552
-1459
-1356
-1221
-1071
-900
-728
-549
-355
-164
24
206
388
572
731
880
1004
1114
1207
1272
1330
1358
1372
1359
1331
1297
1246
1185
1110
1026
935
843
742
646
546
448
342
243
149
60
-28
-91
-145
-191
-224
-260
-239
-214
-178
-111
-53
45
126
203
306
371
470
535
601
661
689
701
648
600
507
373
235
22
-174
-430
-742
-1012
-1365
-1652
-1962
-2184
-2281
-2387
-2347
-2326
-2192
-1941
-1774
-1467
-1212
-930
-597
-441
-208
-66
81
225
258
317
325
373
448
499
614
694
837
999
1114
1282
1385
1517
1635
1634
1619
1539
1427
1315
1104
867
624
384
177
-67
-255
-389
-485
-542
-604
-587
-545
-479
-399
-368
-292
-241
-188
-108
-94
-36
7
37
154
222
373
549
712
947
1098
1278
1462
1587
1707
1713
1684
1617
1442
1257
964
673
341
-68
-460
-896
-1296
-1677
-2099
-2430
-2764
-2935
-3001
-3050
-2935
-2873
-2702
-2449
-2266
-1954
-1705
-1447
-1140
-985
-767
-609
-416
-195
-63
99
222
409
635
834
1082
1270
1496
1715
1849
2026
2112
2204
2252
2170
2076
1917
1744
1572
1311
1046
777
531
326
121
-37
-171
-260
-323
-404
-428
-440
-432
-414
-446
-452
-450
-435
-399
-387
-324
-233
-126
24
182
400
614
810
1013
1184
1380
1525
1622
1663
1646
1572
1437
1243
996
706
360
-31
-457
-900
-1343
-1770
-2173
-2550
-2876
-3089
-3177
-3178
-3103
-2989
-2790
-2534
-2255
-1982
-1678
-1396
-1098
-874
-698
-514
-344
-164
-23
101
237
401
595
803
1029
1257
1473
1697
1884
2051
2182
2262
2314
2277
2175
2018
1827
1623
1378
1092
800
535
305
104
-66
-197
-284
-342
-387
-405
-396
-379
-338
-324
-301
-279
-256
-189
-129
-66
35
139
294
462
629
841
1029
1220
1384
1520
1639
1725
1743
1685
1584
1401
1177
882
517
131
-351
-852
-1367
-1888
-2334
-2773
-3143
-3428
-3634
-3668
-3647
-3499
-3306
-3063
-2732
-2433
-2073
-1723
-1398
-1039
-768
-526
-309
-139
88
263
430
581
738
949
1153
1390
1605
1828
2061
2236
2377
2482
2543
2579
2513
2377
2181
1932
1679
1378
1051
737
421
178
-40
-227
-368
-475
-531
-577
-598
-583
-545
-482
-423
-392
-344
-295
-227
-120
-19
122
285
460
688
913
1165
1428
1634
1845
1987
2088
2155
2129
2066
1881
1653
1325
937
506
-1
-541
-1108
-1716
-2245
-2771
-3196
-3547
-3856
-4062
-4147
-4108
-4005
-3779
-3572
-3261
-2920
-2599
-2228
-1866
-1505
-1122
-860
-576
-308
-36
251
494
729
941
1177
1401
1654
1905
2113
2327
2491
2602
2695
2696
2689
2624
2459
2247
1963
1675
1383
1073
730
416
117
-129
-340
-525
-659
-745
-826
-892
-935
-947
-924
-867
-834
-755
-660
-558
-368
-205
-2
247
470
749
1039
1304
1605
1837
2054
2209
2297
2340
2313
2212
2022
1779
1439
1057
595
80
-480
-1059
-1659
-2236
-2757
-3222
-3627
-3953
-4252
-4427
-4437
-4433
-4240
-4078
-3837
-3487
-3184
-2807
-2406
-2033
-1578
-1201
-862
-499
-173
206
530
830
1077
1330
1582
1813
2079
2273
2442
2622
2702
2793
2822
2796
2779
2646
2471
2246
1967
1705
1413
1080
763
427
150
-114
-335
-548
-716
-861
-1014
-1096
-1179
-1198
-1153
-1122
-1057
-955
-844
-632
-433
-202
71
341
657
942
1252
1554
1836
2050
2199
2297
2343
2327
2237
2061
1823
1517
1118
683
175
-348
-942
-1510
-2094
-2610
-3071
-3505
-3833
-4142
-4363
-4374
-4405
-4244
-4068
-3906
-3553
-3287
-2929
-2521
-2166
-1699
-1312
-955
-576
-246
179
505
838
1105
1342
1622
1814
2076
2253
2396
2575
2639
2725
2777
2740
2760
2652
2501
2309
2049
1823
1558
1264
935
607
311
35
-208
-441
-658
-828
-1014
-1150
-1261
-1334
-1325
-1316
-1274
-1188
-1079
-879
-657
-413
-131
151
473
775
1085
1385
1651
1876
2023
2108
2150
2112
2042
1845
1607
1292
889
462
-64
-593
-1146
-1739
-2272
-2795
-3249
-3645
-4012
-4306
-4525
-4546
-4556
-4402
-4228
-4026
-3686
-3407
-3065
-2649
-2293
-1823
-1450
-1101
-678
-342
71
392
709
971
1203
1458
1667
1912
2092
2238
2391
2466
2549
2601
2586
2624
2532
2404
2228
1993
1791
1540
1251
959
643
344
64
-204
-450
-672
-869
-1047
-1174
-1264
-1311
-1265
-1211
-1146
-991
-850
-611
-356
-125
181
454
742
1043
1305
1574
1818
1993
2119
2177
2211
2179
2072
1891
1651
1366
966
555
79
-447
-947
-1504
-2011
-2455
-2893
-3249
-3543
-3846
-3951
-4002
-3990
-3825
-3709
-3444
-3142
-2843
-2432
-2007
-1582
-1102
-738
-346
15
387
742
1020
1295
1460
1689
1848
2022
2234
2342
2501
2620
2695
2804
2845
2888
2930
2849
2758
2587
2396
2203
1954
1663
1335
1014
677
365
74
-223
-445
-676
-862
-981
-1067
-1064
-1015
-960
-843
-696
-522
-273
-42
222
485
729
990
1225
1462
1656
1827
1921
1986
1996
1962
1866
1717
1510
1240
890
501
51
-446
-935
-1503
-1969
-2474
-2887
-3267
-3628
-3899
-4036
-4127
-4107
-3994
-3855
-3569
-3283
-2970
-2593
-2179
-1790
-1321
-996
-616
-250
84
429
677
901
1059
1226
1348
1510
1656
1777
1923
2052
2142
2270
2326
2411
2483
2443
2405
2267
2128
1960
1746
1464
1171
844
529
216
-97
-377
-606
-829
-1000
-1118
-1199
-1164
-1107
-1009
-877
-718
-517
-271
-52
204
437
649
872
1032
1226
1377
1493
1562
1588
1567
1516
1408
1263
1052
792
478
95
-302
-774
-1218
-1717
-2174
-2615
-3047
-3407
-3754
-3988
-4063
-4151
-4072
-3954
-3761
-3400
-3107
-2696
-2240
-1815
-1289
-894
-502
-107
209
564
786
1007
1169
1293
1448
1533
1683
1777
1868
2023
2104
2231
2342
2406
2537
2547
2542
2490
2360
2253
2052
1820
1528
1212
901
572
258
-47
-314
-524
-724
-840
-895
-910
-797
-689
-519
-296
-84
207
485
738
1030
1250
1479
1689
1843
2006
2094
2161
2163
2114
2034
1897
1725
1499
1226
925
542
182
-248
-695
-1124
-1600
-1999
-2421
-2799
-3145
-3393
-3516
-3640
-3603
-3553
-3401
-3101
-2839
-2442
-1988
-1580
-1022
-659
-245
139
456
816
1012
1207
1341
1448
1557
1624
1728
1793
1868
1994
2054
2181
2265
2335
2456
2444
2435
2350
2217
2095
1877
1599
1278
897
530
127
-268
-644
-986
-1280
-1537
-1696
-1807
-1817
-1754
-1652
-1499
-1274
-1067
-754
-485
-202
108
320
574
771
953
1104
1200
1225
1249
1184
1115
960
794
588
328
55
-312
-638
-1020
-1423
-1817
-2231
-2621
-2967
-3322
-3599
-3701
-3826
-3773
-3720
-3595
-3313
-3032
-2690
-2250
-1824
-1315
-841
-485
-55
263
590
815
987
1094
1166
1234
1246
1315
1347
1362
1447
1484
1558
1663
1693
1825
1876
1890
1893
1809
1738
1616
1429
1187
915
607
303
-26
-337
-639
-861
-1100
-1217
-1280
-1293
-1182
-1068
-853
-618
-368
-76
256
544
867
1112
1365
1598
1759
1910
1967
2033
1984
1922
1784
1625
1444
1213
937
676
336
8
-353
-770
-1102
-1523
-1871
-2247
-2605
-2907
-3069
-3218
-3255
-3239
-3199
-2962
-2737
-2423
-2035
-1604
-1149
-640
-284
136
475
800
1078
1253
1395
1468
1561
1566
1643
1658
1687
1764
1830
1902
2016
2074
2203
2299
2306
2346
2267
2207
2098
1929
1674
1387
1043
698
335
-47
-402
-714
-1008
-1235
-1382
-1482
-1426
-1376
-1241
-1050
-820
-543
-222
62
380
657
886
1113
1251
1389
1429
1441
1358
1253
1099
890
682
412
146
-136
-462
-795
-1136
-1481
-1807
-2162
-2517
-2852
-3200
-3445
-3593
-3707
-3720
-3697
-3598
-3384
-3111
-2819
-2400
-2002
-1490
-1025
-642
-175
173
573
833
1040
1176
1256
1342
1370
1419
1439
1453
1519
1568
1646
1760
1818
1977
2054
2101
2130
2081
2063
1962
1796
1565
1268
975
630
276
-107
-471
-762
-1064
-1245
-1398
-1442
-1391
-1299
-1121
-905
-662
-343
-8
289
618
863
1132
1328
1476
1572
1591
1569
1456
1312
1112
880
629
330
25
-270
-623
-935
-1279
-1618
-1915
-2256
-2564
-2852
-3148
-3251
-3392
-3418
-3390
-3334
-3098
-2858
-2509
-2110
-1672
-1192
-684
-284
154
514
895
1209
1418
1617
1691
1819
1857
1917
1952
1951
1985
2005
2019
2101
2132
2210
2280
2286
2312
2238
2195
2086
1918
1680
1376
1047
714
342
-18
-401
-713
-994
-1239
-1379
-1482
-1415
-1342
-1150
-936
-672
-325
27
373
716
1024
1313
1562
1699
1851
1859
1869
1744
1574
1370
1082
797
442
123
-222
-567
-918
-1239
-1572
-1821
-2160
-2434
-2745
-2946
-3018
-3143
-3096
-3109
-2974
-2776
-2546
-2230
-1803
-1409
-888
-485
-89
357
688
1099
1300
1519
1626
1714
1766
1788
1806
1772
1703
1675
1620
1583
1593
1550
1626
1579
1582
1512
1416
1339
1209
1029
817
540
245
-36
-380
-678
-1029
-1283
-1550
-1697
-1795
-1820
-1733
-1604
-1418
-1198
-914
-569
-191
154
513
807
1095
1298
1454
1536
1558
1511
1382
1210
971
731
428
119
-228
-556
-906
-1241
-1528
-1813
-2074
-2336
-2614
-2794
-2856
-2975
-2923
-2928
-2790
-2548
-2332
-1999
-1635
-1262
-811
-438
-103
285
587
941
1146
1342
1440
1529
1578
1601
1672
1648
1672
1705
1726
1778
1852
1875
2009
2018
2040
2025
1943
1894
1765
1601
1350
1080
752
448
97
-235
-578
-866
-1125
-1315
-1428
-1487
-1384
-1287
-1090
-869
-599
-237
112
440
774
1079
1352
1571
1693
1789
1797
1722
1563
1350
1103
818
506
154
-184
-526
-904
-1246
-1586
-1872
-2165
-2481
-2760
-2877
-2976
-3028
-3004
-2972
-2777
-2553
-2298
-1940
-1553
-1147
-683
-349
46
429
765
1106
1323
1501
1591
1657
1671
1680
1687
1619
1600
1586
1549
1586
1569
1617
1651
1622
1600
1524
1446
1350
1205
986
758
438
150
-166
-489
-799
-1124
-1388
-1626
-1752
-1852
-1828
-1745
-1605
-1395
-1164
-854
-502
-156
181
505
805
1046
1223
1352
1410
1406
1282
1126
898
638
340
-2
-351
-707
-1092
-1470
-1831
-2131
-2420
-2705
-2950
-3093
-3085
-3139
-3070
-3007
-2857
-2588
-2382
-2044
-1667
-1289
-850
-558
-233
111
389
709
879
1074
1194
1283
1399
1451
1574
1617
1684
1770
1807
1886
1944
2016
2095
2094
2072
2038
1944
1868
1724
1521
1305
996
728
409
103
-206
-530
-784
-1018
-1143
-1245
-1240
-1168
-1048
-860
-672
-407
-107
190
474
737
974
1176
1306
1398
1434
1383
1277
1091
881
627
355
30
-297
-632
-999
-1358
-1716
-1986
-2297
-2570
-2876
-2994
-3063
-3105
-3054
-2998
-2787
-2530
-2290
-1939
-1553
-1159
-691
-410
-52
240
517
791
938
1105
1201
1285
1362
1419
1501
1512
1552
1622
1636
1755
1798
1914
2005
2028
2039
1970
1889
1781
1609
1345
1087
724
439
82
-221
-522
-819
-1025
-1234
-1291
-1352
-1257
-1146
-961
-721
-494
-170
144
467
769
1016
1246
1418
1514
1570
1556
1463
1306
1072
812
533
219
-114
-469
-806
-1173
-1509
-1832
-2116
-2371
-2658
-2914
-3007
-3095
-3108
-3060
-3020
-2764
-2554
-2320
-1931
-1616
-1130
-762
-477
-122
134
472
676
847
983
1053
1140
1167
1235
1287
1283
1366
1415
1487
1594
1638
1792
1875
1904
1930
1873
1832
1761
1575
1382
1093
790
487
126
-162
-496
-733
-983
-1135
-1171
-1205
-1070
-940
-714
-442
-163
170
531
827
1140
1390
1570
1750
1776
1817
1739
1591
1395
1126
846
528
189
-165
-543
-897
-1259
-1613
-1906
-2220
-2472
-2769
-2888
-2958
-2970
-2908
-2830
-2645
-2365
-2142
-1778
-1408
-1010
-498
-227
176
429
726
964
1047
1132
1096
1099
1057
1025
1038
1004
998
1015
999
1052
1065
1131
1204
1205
1219
1195
1152
1127
1005
840
639
363
149
-173
-422
-695
-921
-1096
-1253
-1287
-1290
-1164
-1008
-786
-518
-201
136
502
855
1173
1474
1684
1846
1955
1981
1975
1824
1644
1408
1114
833
474
131
-228
-597
-950
-1282
-1581
-1837
-2126
-2369
-2466
-2556
-2504
-2451
-2308
-2057
-1793
-1491
-1111
-742
-311
97
399
762
1017
1321
1507
1656
1752
1772
1789
1734
1727
1664
1606
1601
1574
1561
1550
1504
1525
1513
1484
1449
1353
1279
1182
1015
813
549
272
-13
-335
-621
-938
-1177
-1423
-1558
-1629
-1664
-1537
-1429
-1201
-943
-677
-325
20
345
680
919
1141
1303
1369
1416
1361
1234
1041
784
492
180
-155
-525
-886
-1242
-1623
-1936
-2236
-2505
-2744
-2916
-2982
-3020
-2949
-2876
-2673
-2410
-2132
-1780
-1413
-1017
-541
-173
211
559
837
1158
1314
1481
1563
1614
1648
1638
1656
1613
1594
1562
1537
1538
1519
1526
1577
1601
1623
1578
1497
1430
1285
1129
920
662
438
150
-116
-379
-643
-832
-1009
-1113
-1165
-1100
-991
-814
-581
-338
-28
282
589
883
1136
1342
1517
1584
1610
1576
1446
1290
1048
789
503
187
-147
-489
-829
-1199
-1540
-1883
-2172
-2440
-2669
-2762
-2853
-2845
-2780
-2674
-2435
-2168
-1878
-1499
-1188
-757
-386
-75
282
506
805
957
1114
1241
1277
1316
1254
1246
1189
1117
1096
1047
1035
1037
1021
1062
1104
1132
1157
1122
1112
1070
943
811
575
370
124
-149
-397
-680
-856
-1066
-1134
-1180
-1161
-1018
-854
-587
-320
-17
316
660
949
1253
1446
1637
1748
1767
1770
1648
1510
1280
1001
698
374
50
-325
-663
-991
-1329
-1604
-1929
-2185
-2408
-2557
-2685
-2725
-2740
-2663
-2528
-2329
-2077
-1789
-1475
-1138
-753
-480
-129
114
392
608
707
851
881
940
958
984
985
976
1007
1036
1116
1177
1243
1319
1358
1397
1402
1360
1307
1233
1109
958
737
480
235
-85
-354
-653
-885
-1062
-1188
-1227
-1239
-1116
-992
-758
-511
-225
97
401
703
971
1198
1344
1475
1477
1478
1372
1205
1014
731
465
160
-143
-490
-816
-1169
-1499
-1801
-2102
-2350
-2556
-2666
-2754
-2760
-2702
-2561
-2323
-2038
-1726
-1338
-1006
-546
-132
213
579
768
1017
1124
1168
1192
1144
1103
1024
967
918
856
836
848
878
935
968
1064
1128
1195
1258
1229
1226
1145
1001
829
569
314
57
-243
-507
-790
-1005
-1183
-1276
-1298
-1267
-1110
-916
-637
-345
-35
317
639
947
1218
1426
1579
1678
1680
1640
1533
1348
1158
876
604
308
9
-312
-652
-988
-1297
-1603
-1910
-2180
-2359
-2467
-2562
-2531
-2485
-2304
-2017
-1712
-1307
-901
-498
3
335
699
990
1181
1394
1435
1505
1496
1476
1453
1404
1385
1293
1257
1239
1257
1338
1403
1458
1543
1567
1633
1626
1568
1551
1437
1313
1126
868
620
327
24
-258
-545
-762
-944
-995
-1020
-975
-819
-635
-352
-71
257
627
966
1297
1595
1785
1976
2076
2073
2049
1871
1697
1432
1109
779
420
77
-318
-685
-1054
-1369
-1675
-1967
-2217
-2313
-2417
-2414
-2379
-2292
-2042
-1777
-1458
-1048
-644
-152
341
668
1064
1254
1440
1557
1594
1658
1583
1518
1392
1312
1174
1033
926
823
773
755
702
727
771
772
850
816
833
808
717
639
483
309
134
-97
-323
-553
-756
-906
-1016
-1020
-1017
-879
-712
-483
-194
82
424
777
1082
1405
1656
1831
2016
2050
2076
2015
1852
1682
1406
1128
797
453
84
-295
-652
-1009
-1330
-1623
-1912
-2054
-2156
-2243
-2213
-2242
-2111
-1910
-1725
-1403
-1066
-755
-303
-25
314
603
759
973
931
916
823
709
621
507
417
251
137
57
18
48
69
81
176
166
229
236
183
198
88
5
-134
-322
-486
-669
-862
-1019
-1187
-1308
-1388
-1384
-1341
-1241
-1051
-837
-527
-249
71
410
731
1007
1275
1422
1577
1661
1626
1605
1413
1256
1002
699
412
94
-221
-577
-926
-1247
-1547
-1834
-2116
-2286
-2357
-2459
-2433
-2407
-2281
-2005
-1767
-1426
-1036
-709
-258
5
281
524
568
695
638
650
586
463
346
178
94
-76
-163
-199
-211
-156
-119
-78
46
110
215
305
316
397
371
328
261
117
8
-156
-325
-489
-661
-792
-902
-889
-878
-779
-598
-404
-113
164
439
786
1063
1305
1572
1662
1821
1834
1765
1719
1493
1312
1025
701
415
62
-268
-628
-964
-1241
-1546
-1771
-2012
-2089
-2132
-2183
-2125
-2062
-1905
-1622
-1375
-991
-578
-266
171
346
605
770
848
941
860
861
745
649
553
494
460
371
352
371
394
460
506
553
652
663
736
767
768
807
760
705
604
423
263
58
-144
-351
-541
-694
-776
-774
-767
-647
-487
-256
31
313
657
993
1274
1541
1752
1854
1982
1943
1879
1760
1523
1308
985
673
336
-32
-423
-812
-1151
-1466
-1757
-2023
-2191
-2232
-2289
-2289
-2241
-2122
-1921
-1702
-1512
-1200
-953
-628
-343
-140
175
330
535
628
680
735
709
719
705
766
767
771
840
904
1017
1132
1218
1342
1408
1458
1504
1440
1363
1236
1064
899
657
404
164
-106
-328
-576
-772
-911
-963
-975
-922
-779
-603
-331
-111
187
461
736
966
1136
1247
1307
1317
1207
1098
881
689
405
122
-180
-512
-865
-1267
-1595
-1928
-2224
-2499
-2688
-2742
-2805
-2818
-2744
-2619
-2356
-2059
-1788
-1392
-1072
-686
-390
-231
1
46
151
213
191
182
38
-55
-198
-283
-279
-302
-187
-83
75
275
411
604
715
801
878
890
887
842
725
604
410
183
-40
-295
-489
-697
-837
-929
-909
-838
-715
-504
-247
104
430
781
1142
1487
1763
1993
2127
2216
2239
2131
1994
1772
1523
1200
837
502
152
-185
-552
-881
-1173
-1491
-1792
-2078
-2207
-2313
-2380
-2376
-2314
-2116
-1872
-1671
-1352
-1050
-736
-426
-275
40
232
457
624
697
850
862
924
900
885
900
842
821
824
832
841
844
950
1033
1097
1175
1158
1150
1081
938
773
559
306
56
-237
-482
-734
-960
-1110
-1163
-1114
-1042
-858
-635
-297
30
378
741
1103
1426
1671
1853
1945
2023
1931
1824
1606
1339
1053
667
325
-79
-477
-905
-1295
-1627
-1922
-2207
-2433
-2483
-2524
-2501
-2460
-2347
-2148
-1911
-1706
-1432
-1129
-824
-493
-336
-69
91
219
305
273
310
249
193
110
75
82
34
73
137
213
338
397
525
620
699
769
758
759
701
585
446
271
34
-172
-431
-638
-856
-1037
-1155
-1178
-1108
-1016
-802
-556
-200
145
516
913
1300
1642
1899
2097
2215
2297
2208
2091
1880
1604
1294
876
496
83
-334
-830
-1256
-1645
-1985
-2304
-2589
-2622
-2666
-2641
-2582
-2470
-2234
-1949
-1712
-1361
-1019
-688
-334
-207
77
225
362
454
421
473
416
387
364
362
404
362
382
426
487
613
660
801
887
918
993
999
1024
996
897
783
632
417
234
-23
-213
-412
-573
-699
-753
-694
-646
-461
-268
37
363
677
1024
1379
1669
1930
2122
2204
2297
2193
2110
1924
1637
1353
954
582
137
-354
-854
-1321
-1768
-2153
-2551
-2831
-2885
-2973
-2949
-2915
-2766
-2497
-2247
-1974
-1614
-1267
-876
-556
-358
-71
62
195
184
101
24
-119
-208
-308
-317
-291
-307
-219
-143
-14
156
256
469
596
745
857
888
930
864
752
611
424
191
-18
-267
-457
-656
-800
-866
-822
-708
-584
-338
-69
320
671
1026
1438
1809
2132
2365
2504
2606
2648
2504
2367
2121
1848
1513
1113
713
291
-164
-648
-1043
-1441
-1732
-2094
-2252
-2309
-2354
-2357
-2309
-2138
-1875
-1619
-1375
-966
-656
-185
28
324
615
765
958
907
973
947
890
820
734
700
646
579
578
560
632
697
744
888
938
1026
987
955
887
745
570
380
144
-100
-367
-627
-806
-1037
-1131
-1194
-1134
-1026
-854
-595
-276
115
506
925
1315
1729
1968
2222
2351
2429
2418
2244
2136
1835
1528
1132
699
271
-251
-799
-1271
-1722
-2096
-2443
-2734
-2735
-2830
-2778
-2763
-2639
-2304
-2009
-1697
-1314
-959
-525
-229
-91
213
298
486
480
467
518
438
404
327
328
307
285
303
376
444
582
617
768
851
884
928
846
856
723
571
397
177
-61
-300
-549
-708
-861
-1014
-1014
-970
-814
-640
-386
-56
341
718
1099
1500
1873
2202
2392
2545
2628
2642
2504
2342
2103
1804
1449
1030
615
138
-414
-958
-1448
-1893
-2267
-2645
-2719
-2759
-2725
-2643
-2537
-2217
-1866
-1546
-1162
-715
-270
220
403
744
947
1101
1210
1110
1161
1056
992
877
801
799
733
677
666
675
733
741
786
861
845
867
761
703
604
386
180
-67
-347
-606
-921
-1155
-1356
-1570
-1663
-1663
-1545
-1388
-1140
-830
-434
-39
346
761
1140
1511
1747
1931
2042
2110
2016
1878
1666
1380
1054
611
194
-297
-831
-1377
-1885
-2347
-2699
-3154
-3329
-3384
-3405
-3307
-3297
-3049
-2736
-2482
-2183
-1824
-1498
-1016
-853
-590
-322
-189
25
-15
85
103
108
87
55
101
112
153
251
364
569
713
856
1094
1196
1352
1368
1384
1416
1302
1175
1019
791
582
322
88
-70
-260
-333
-362
-262
-102
117
383
730
1119
1470
1849
2191
2526
2756
2933
3015
3061
2977
2810
2620
2277
1952
1489
1008
516
-55
-592
-1138
-1603
-2019
-2462
-2747
-2854
-2990
-2993
-3047
-2911
-2639
-2412
-2126
-1808
-1467
-1039
-841
-621
-336
-166
104
116
207
282
321
377
358
436
449
484
557
669
835
1014
1153
1354
1450
1570
1600
1566
1553
1360
1151
880
556
237
-122
-459
-720
-982
-1188
-1267
-1224
-1101
-906
-648
-285
134
530
954
1366
1749
2092
2266
2389
2492
2416
2286
2052
1742
1402
946
442
-2
-569
-1081
-1586
-2077
-2437
-2863
-3127
-3181
-3274
-3219
-3188
-3083
-2761
-2523
-2293
-1978
-1746
-1303
-1094
-940
-643
-525
-283
-280
-228
-112
-55
89
136
305
431
558
763
909
1146
1354
1492
1713
1817
1901
1919
1814
1770
1594
1356
1112
773
490
162
-163
-403
-630
-801
-918
-888
-814
-643
-430
-129
262
642
1039
1399
1773
2083
2356
2476
2609
2624
2534
2412
2111
1822
1419
985
479
-48
-623
-1143
-1639
-2070
-2498
-2743
-2810
-2873
-2797
-2781
-2558
-2304
-2013
-1749
-1412
-1053
-588
-320
-98
196
319
556
512
513
503
422
347
241
220
247
270
366
509
695
946
1146
1406
1561
1749
1808
1822
1825
1691
1540
1316
1029
748
439
126
-88
-358
-489
-571
-540
-393
-226
35
358
734
1109
1516
1835
2214
2472
2673
2797
2836
2823
2677
2479
2180
1831
1408
944
419
-132
-712
-1227
-1756
-2183
-2677
-2902
-3058
-3157
-3110
-3106
-2882
-2630
-2318
-2037
-1670
-1374
-895
-712
-508
-249
-176
8
-112
-115
-182
-264
-329
-382
-367
-343
-270
-183
-59
112
310
489
707
855
1035
1112
1156
1207
1124
1021
896
672
497
239
5
-157
-372
-466
-543
-455
-348
-144
84
429
820
1207
1626
1974
2381
2659
2903
2980
3082
3011
2879
2647
2294
1961
1472
995
449
-123
-683
-1202
-1723
-2108
-2576
-2723
-2823
-2888
-2834
-2814
-2591
-2324
-2037
-1733
-1344
-1052
-578
-485
-250
-54
29
181
18
30
-60
-100
-167
-221
-191
-137
-50
82
228
436
660
845
1086
1204
1394
1440
1458
1466
1328
1181
976
693
457
140
-144
-367
-628
-718
-793
-745
-630
-441
-204
126
464
856
1255
1573
1969
2184
2432
2531
2594
2536
2377
2190
1850
1504
1050
646
84
-451
-1053
-1578
-2111
-2601
-3092
-3347
-3500
-3649
-3630
-3667
-3386
-3131
-2802
-2452
-2028
-1540
-1031
-775
-429
-118
80
302
276
355
313
245
127
34
-12
4
46
135
280
441
639
805
989
1077
1212
1200
1227
1177
1002
814
561
272
-30
-370
-670
-886
-1120
-1220
-1308
-1222
-1075
-890
-624
-278
139
555
972
1340
1729
2010
2235
2309
2360
2272
2141
1904
1571
1221
805
383
-147
-683
-1161
-1613
-2069
-2473
-2935
-3067
-3240
-3344
-3407
-3471
-3266
-3089
-2864
-2580
-2234
-1857
-1435
-1336
-1038
-822
-630
-415
-430
-288
-258
-179
-132
-61
67
186
309
464
664
910
1155
1426
1710
1936
2180
2279
2376
2386
2258
2113
1892
1574
1280
908
620
338
29
-140
-241
-207
-140
4
213
549
869
1231
1606
1947
2317
2567
2737
2845
2906
2813
2681
2403
2082
1700
1182
721
130
-440
-994
-1544
-1992
-2426
-2880
-3059
-3185
-3299
-3302
-3369
-3162
-2922
-2684
-2388
-2068
-1676
-1228
-1045
-750
-453
-226
29
57
198
300
369
403
443
546
631
727
851
1005
1239
1437
1648
1868
2017
2191
2200
2230
2210
2074
1910
1687
1398
1133
795
482
238
-53
-191
-343
-337
-254
-144
52
325
644
978
1323
1611
1988
2198
2442
2535
2607
2583
2457
2286
1955
1613
1175
728
159
-411
-984
-1480
-2019
-2420
-2878
-3093
-3159
-3285
-3233
-3263
-3029
-2736
-2464
-2174
-1740
-1379
-853
-588
-326
58
198
457
443
497
565
545
523
493
489
520
521
574
670
814
987
1096
1279
1352
1467
1450
1400
1364
1207
1008
793
463
168
-167
-523
-760
-1093
-1273
-1409
-1390
-1306
-1147
-930
-582
-184
202
643
1022
1470
1803
2076
2225
2373
2384
2288
2123
1817
1526
1094
634
151
-383
-892
-1383
-1871
-2262
-2680
-3102
-3243
-3465
-3581
-3633
-3652
-3443
-3235
-3003
-2650
-2244
-1802
-1340
-1123
-719
-388
-152
94
173
383
515
576
648
710
837
903
1010
1139
1315
1532
1641
1825
1954
2087
2183
2162
2141
2067
1891
1716
1470
1142
894
507
206
-117
-434
-627
-795
-782
-753
-636
-444
-111
220
595
966
1351
1783
2057
2329
2436
2590
2549
2450
2221
1891
1562
1081
574
9
-565
-1125
-1670
-2191
-2582
-2996
-3332
-3438
-3622
-3677
-3683
-3651
-3408
-3192
-2929
-2511
-2133
-1666
-1228
-1015
-587
-314
-42
225
312
543
610
644
681
710
794
782
840
895
1044
1190
1275
1447
1559
1695
1763
1740
1730
1681
1507
1338
1061
787
549
180
-77
-381
-638
-795
-886
-918
-836
-713
-476
-153
147
562
942
1339
1744
2036
2294
2511
2618
2616
2523
2306
2047
1666
1195
752
216
-331
-887
-1401
-1851
-2299
-2733
-3174
-3431
-3637
-3816
-3888
-3904
-3689
-3468
-3233
-2874
-2435
-2049
-1493
-1186
-741
-285
-25
385
497
741
912
972
1095
1178
1302
1392
1473
1576
1720
1803
1904
1994
2070
2110
2143
2099
2020
1935
1726
1516
1227
863
551
147
-207
-523
-879
-1105
-1283
-1329
-1277
-1188
-975
-642
-313
87
522
948
1430
1774
2131
2340
2532
2609
2558
2433
2165
1879
1440
985
499
-62
-621
-1183
-1704
-2111
-2586
-2985
-3359
-3523
-3724
-3858
-3923
-3847
-3674
-3472
-3188
-2882
-2450
-2123
-1649
-1441
-1022
-697
-446
-102
19
336
475
608
764
912
1064
1196
1329
1503
1689
1844
2031
2182
2338
2467
2534
2554
2547
2503
2378
2194
1962
1649
1363
975
646
286
-60
-296
-484
-557
-594
-507
-359
-94
151
517
886
1279
1692
1988
2307
2502
2684
2709
2664
2530
2277
1960
1527
1115
607
73
-507
-1061
-1543
-2037
-2482
-2860
-3242
-3411
-3626
-3788
-3809
-3847
-3731
-3616
-3466
-3126
-2815
-2491
-2020
-1828
-1379
-1094
-828
-499
-400
-162
-92
-8
70
176
278
386
493
644
829
1016
1225
1395
1574
1684
1807
1817
1834
1819
1707
1573
1334
1028
771
417
96
-224
-583
-787
-989
-1073
-1049
-977
-775
-494
-214
213
616
1045
1508
1859
2248
2490
2695
2813
2836
2759
2554
2273
1915
1533
1052
544
28
-494
-990
-1479
-1946
-2310
-2703
-3076
-3219
-3481
-3506
-3562
-3553
-3355
-3214
-2942
-2607
-2324
-1873
-1448
-1196
-750
-533
-207
19
121
326
413
555
669
776
865
943
1033
1146
1262
1392
1506
1648
1744
1845
1899
1878
1889
1836
1686
1509
1236
951
687
287
11
-340
-639
-849
-1069
-1087
-1094
-1006
-833
-578
-287
116
484
910
1321
1673
2034
2232
2460
2540
2573
2451
2254
1992
1600
1219
700
211
-347
-889
-1407
-1912
-2362
-2747
-3120
-3452
-3540
-3743
-3717
-3766
-3699
-3538
-3402
-3125
-2802
-2458
-2018
-1599
-1296
-829
-556
-170
88
278
516
632
759
867
998
1095
1186
1281
1407
1528
1680
1797
1947
2037
2132
2170
2147
2153
2071
1932
1754
1499
1230
974
606
338
-5
-296
-514
-715
-775
-781
-704
-549
-317
-46
340
686
1079
1485
1821
2158
2410
2602
2728
2779
2703
2553
2302
2001
1642
1192
710
223
-309
-780
-1279
-1702
-2079
-2446
-2856
-3096
-3283
-3476
-3514
-3658
-3530
-3399
-3195
-2896
-2581
-2211
-1724
-1411
-1042
-645
-375
22
185
404
598
714
828
920
1002
1075
1139
1192
1300
1392
1495
1574
1667
1710
1780
1760
1756
1741
1618
1481
1278
1018
780
460
106
-186
-572
-837
-1095
-1269
-1317
-1310
-1237
-1042
-790
-466
-68
291
748
1161
1544
1895
2168
2370
2521
2557
2487
2353
2108
1825
1451
995
535
55
-445
-896
-1391
-1798
-2162
-2502
-2848
-3118
-3217
-3353
-3408
-3529
-3453
-3314
-3129
-2920
-2610
-2279
-1816
-1445
-1120
-630
-291
181
439
677
944
1101
1241
1352
1438
1513
1556
1547
1612
1610
1642
1642
1669
1687
1708
1694
1655
1619
1509
1386
1209
985
757
504
173
-86
-412
-681
-932
-1139
-1232
-1279
-1269
-1150
-934
-688
-342
-36
374
779
1154
1534
1824
2074
2271
2367
2371
2305
2143
1940
1653
1254
851
413
-80
-545
-1103
-1574
-2022
-2456
-2827
-3226
-3493
-3544
-3696
-3756
-3781
-3713
-3489
-3366
-3133
-2798
-2459
-1998
-1647
-1317
-863
-520
-134
104
293
527
648
751
824
926
1027
1085
1158
1237
1323
1443
1507
1615
1690
1758
1825
1791
1790
1721
1605
1473
1243
1011
765
449
191
-121
-422
-651
-850
-973
-1042
-1024
-924
-734
-525
-234
79
441
809
1170
1508
1819
2057
2235
2384
2389
2377
2239
2053
1826
1501
1121
747
311
-110
-603
-1100
-1499
-1923
-2301
-2695
-3076
-3240
-3375
-3553
-3574
-3607
-3451
-3312
-3186
-2902
-2555
-2165
-1721
-1384
-954
-487
-148
228
459
723
948
1042
1134
1218
1315
1345
1354
1384
1426
1500
1556
1614
1703
1771
1873
1900
1883
1872
1789
1678
1520
1276
1062
779
473
190
-173
-457
-699
-899
-1018
-1109
-1091
-992
-837
-626
-348
-26
348
708
1043
1390
1686
1965
2146
2291
2335
2347
2269
2106
1925
1631
1335
969
580
175
-261
-711
-1135
-1551
-1939
-2314
-2677
-2988
-3157
-3331
-3444
-3464
-3457
-3313
-3176
-2980
-2681
-2351
-1990
-1540
-1226
-773
-375
-53
306
497
769
952
1074
1221
1334
1424
1496
1544
1613
1692
1751
1818
1880
1959
2004
2043
2026
2009
1980
1866
1720
1514
1250
1006
673
349
29
-339
-619
-910
-1138
-1283
-1358
-1364
-1297
-1179
-972
-719
-457
-111
197
549
866
1158
1399
1621
1781
1840
1867
1794
1717
1559
1311
1047
754
428
76
-335
-714
-1087
-1504
-1867
-2276
-2610
-2943
-3241
-3392
-3566
-3617
-3646
-3647
-3523
-3378
-3165
-2850
-2562
-2138
-1747
-1418
-965
-644
-254
58
293
574
739
886
1043
1145
1285
1358
1433
1545
1610
1734
1806
1909
2016
2103
2164
2162
2184
2164
2064
1919
1708
1467
1230
879
572
215
-138
-446
-770
-1007
-1192
-1335
-1363
-1323
-1227
-1021
-797
-493
-166
160
524
878
1194
1509
1732
1923
2048
2098
2098
2015
1891
1706
1475
1184
904
588
235
-134
-509
-888
-1275
-1657
-2045
-2360
-2737
-3031
-3206
-3445
-3486
-3595
-3601
-3494
-3409
-3195
-2934
-2648
-2220
-1839
-1502
-1042
-676
-231
114
382
705
916
1106
1276
1415
1533
1617
1690
1767
1843
1931
1986
2073
2121
2192
2222
2198
2213
2164
2058
1909
1689
1464
1221
865
566
223
-122
-405
-712
-944
-1131
-1249
-1314
-1297
-1246
-1090
-887
-656
-363
-81
244
563
856
1120
1388
1580
1761
1865
1901
1955
1916
1830
1705
1526
1376
1139
851
574
256
-64
-460
-876
-1259
-1629
-2031
-2433
-2819
-3059
-3219
-3399
-3459
-3501
-3374
-3256
-3094
-2830
-2491
-2104
-1702
-1346
-961
-521
-163
229
502
763
1014
1163
1328
1463
1589
1700
1758
1835
1912
1986
2060
2110
2188
2221
2266
2271
2245
2200
2100
1976
1800
1571
1328
1063
752
463
112
-188
-462
-716
-915
-1089
-1174
-1214
-1187
-1135
-1013
-843
-640
-428
-197
54
341
574
787
1018
1194
1369
1483
1562
1668
1680
1663
1631
1527
1465
1295
1097
899
657
401
45
-324
-695
-1074
-1523
-1937
-2344
-2706
-3019
-3239
-3450
-3509
-3531
-3489
-3344
-3193
-2917
-2594
-2290
-1885
-1479
-1122
-681
-358
19
323
527
782
923
1056
1174
1267
1357
1429
1484
1572
1656
1752
1834
1926
2005
2073
2133
2109
2113
2071
1962
1819
1590
1361
1108
772
451
104
-239
-534
-857
-1109
-1313
-1471
-1530
-1578
-1545
-1447
-1322
-1147
-941
-724
-455
-212
45
298
522
765
964
1165
1313
1458
1586
1673
1732
1751
1765
1746
1669
1544
1412
1230
1018
713
377
38
-374
-806
-1259
-1710
-2091
-2475
-2850
-3063
-3257
-3325
-3366
-3353
-3185
-2984
-2737
-2433
-2096
-1698
-1257
-932
-529
-178
156
468
672
890
1050
1183
1293
1399
1496
1583
1658
1746
1848
1961
2046
2140
2234
2289
2342
2322
2298
2239
2100
1930
1710
1443
1178
835
501
183
-169
-480
-781
-1031
-1219
-1374
-1455
-1481
-1463
-1377
-1277
-1130
-956
-767
-562
-359
-131
88
277
473
656
824
994
1109
1271
1387
1491
1586
1641
1718
1739
1717
1666
1587
1452
1282
1020
741
413
16
-420
-889
-1348
-1795
-2240
-2666
-3022
-3296
-3474
-3623
-3653
-3624
-3475
-3289
-3060
-2780
-2445
-2077
-1720
-1349
-1015
-643
-342
-37
212
420
643
791
933
1059
1161
1264
1350
1435
1541
1627
1730
1806
1870
1927
1962
1964
1920
1854
1761
1631
1459
1244
1014
778
504
234
-51
-319
-544
-769
-949
-1111
-1226
-1281
-1311
-1308
-1275
-1195
-1096
-977
-859
-704
-547
-369
-192
-28
171
350
548
715
907
1087
1264
1423
1551
1680
1784
1856
1876
1867
1819
1720
1564
1352
1091
794
431
43
-376
-798
-1216
-1644
-2055
-2413
-2733
-3006
-3239
-3365
-3413
-3418
-3354
-3254
-3093
-2904
-2698
-2466
-2199
-1927
-1609
-1341
-1028
-712
-422
-131
94
346
577
772
965
1145
1307
1464
1577
1702
1795
1879
1955
1998
2052
2064
2070
2034
1971
1893
1782
1645
1484
1289
1101
879
651
430
186
-38
-258
-462
-643
-817
-956
-1065
-1139
-1187
-1205
-1185
-1130
-1051
-959
-841
-685
-513
-333
-142
56
280
496
696
910
1105
1305
1472
1600
1737
1838
1908
1935
1935
1906
1834
1701
1538
1325
1077
799
462
129
-219
-570
-941
-1289
-1636
-1969
-2297
-2593
-2829
-3047
-3188
-3259
-3294
-3266
-3211
-3138
-3014
-2871
-2674
-2428
-2170
-1842
-1496
-1149
-777
-418
-59
281
565
851
1094
1296
1471
1591
1694
1754
1800
1818
1834
1852
1844
1829
1811
1789
1759
1706
1649
1577
1475
1366
1216
1055
882
662
435
197
-54
-296
-543
-781
-993
-1194
-1362
-1504
-1605
-1651
-1670
-1639
-1574
-1465
-1328
-1169
-985
-793
-580
-373
-169
37
247
438
626
796
957
1116
1236
1357
1458
1542
1612
1651
1671
1659
1615
1545
1436
1287
1117
884
638
367
70
-229
-537
-830
-1122
-1404
-1677
-1924
-2161
-2395
-2585
-2733
-2867
-2925
-2994
-3009
-2992
-2962
-2860
-2717
-2521
-2248
-1949
-1630
-1242
-889
-499
-124
212
569
846
1095
1314
1473
1613
1698
1748
1787
1798
1810
1801
1797
1787
1777
1774
1748
1748
1724
1693
1655
1569
1475
1362
1202
1031
815
572
331
50
-212
-487
-746
-968
-1166
-1328
-1449
-1537
-1585
-1576
-1532
-1459
-1338
-1205
-1021
-835
-642
-431
-229
-20
169
361
535
734
885
1049
1193
1331
1470
1576
1683
1766
1852
1895
1923
1922
1896
1839
1737
1600
1435
1233
1003
730
435
151
-148
-435
-712
-977
-1205
-1424
-1630
-1800
-1970
-2093
-2225
-2363
-2465
-2572
-2633
-2688
-2720
-2696
-2641
-2524
-2358
-2139
-1858
-1520
-1173
-790
-423
-44
330
649
964
1215
1426
1599
1710
1805
1844
1859
1859
1812
1778
1725
1685
1645
1600
1572
1529
1492
1443
1391
1332
1265
1162
1047
886
712
516
293
60
-194
-440
-682
-902
-1105
-1279
-1414
-1516
-1575
-1601
-1572
-1500
-1403
-1271
-1123
-947
-754
-552
-356
-147
47
243
421
582
749
905
1040
1178
1296
1421
1541
1634
1726
1797
1870
1910
1927
1920
1893
1836
1728
1589
1406
1210
979
722
445
174
-102
-375
-629
-858
-1049
-1233
-1385
-1514
-1617
-1690
-1771
-1859
-1936
-2028
-2125
-2237
-2356
-2442
-2510
-2548
-2541
-2485
-2367
-2181
-1946
-1660
-1336
-971
-578
-200
174
537
877
1182
1427
1624
1773
1860
1898
1897
1863
1803
1716
1628
1545
1468
1406
1353
1320
1282
1259
1245
1207
1162
1099
1010
882
721
535
318
74
-191
-476
-756
-1022
-1268
-1478
-1647
-1769
-1842
-1863
-1849
-1785
-1678
-1543
-1381
-1213
-1032
-844
-647
-456
-272
-102
62
220
359
501
631
771
903
1028
1159
1281
1403
1530
1647
1737
1815
1867
1898
1893
1863
1799
1693
1547
1367
1165
937
684
415
154
-99
-334
-549
-731
-878
-992
-1083
-1157
-1205
-1239
-1265
-1298
-1340
-1382
-1428
-1496
-1573
-1657
-1752
-1839
-1926
-1986
-1990
-1961
-1863
-1725
-1530
-1268
-976
-654
-314
25
363
672
925
1159
1342
1488
1581
1615
1619
1584
1523
1450
1366
1281
1205
1121
1044
987
968
949
949
949
946
938
885
819
724
601
452
273
72
-142
-372
-599
-812
-1019
-1193
-1340
-1445
-1507
-1529
-1514
-1467
-1382
-1278
-1148
-1007
-858
-716
-580
-458
-341
-233
-135
-49
31
106
187
272
357
455
556
677
790
911
1030
1153
1258
1341
1416
1457
1488
1472
1433
1363
1260
1132
976
800
616
417
229
48
-133
-275
-405
-500
-572
-620
-646
-657
-662
-675
-682
-693
-723
-767
-831
-906
-980
-1078
-1175
-1278
-1370
-1446
-1511
-1554
-1561
-1539
-1494
-1389
-1246
-1073
-868
-672
-443
-219
-2
208
397
575
725
844
930
1005
1046
1082
1095
1096
1091
1084
1072
1060
1064
1066
1077
1080
1077
1069
1057
1024
984
909
826
713
571
431
268
99
-77
-251
-415
-567
-707
-821
-909
-972
-1008
-1028
-1020
-987
-936
-873
-797
-723
-636
-551
-470
-393
-317
-247
-185
-115
-43
38
118
211
313
407
508
614
719
823
913
992
1069
1116
1153
1162
1152
1123
1081
1016
921
819
704
584
464
350
232
126
27
-59
-126
-181
-214
-240
-263
-283
-306
-336
-361
-397
-432
-471
-518
-557
-598
-635
-681
-707
-731
-743
-740
-736
-706
-661
-618
-549
-478
-413
-330
-251
-163
-79
6
93
170
241
309
376
435
494
545
596
638
677
718
753
781
805
824
830
837
828
813
790
765
723
677
626
562
502
436
371
296
227
151
76
9
-47
-97
-147
-191
-226
-248
-268
-277
-280
-274
-264
-253
-230
-201
-166
-133
-94
-47
-1
51
106
162
219
269
325
372
415
454
487
510
531
541
537
539
524
502
475
440
406
361
314
267
220
176
125
79
39
-1
-42
-81
-118
-144
-169
-202
-235
-267
-295
-331
-367
-400
-431
-454
-483
-510
-528
-543
-560
-572
-574
-573
-563
-545
-527
-502
-480
-457
-428
-411
-384
-363
-341
-326
-314
-294
-278
-262
-247
-224
-192
-156
-121
-81
-38
7
51
89
125
162
194
218
234
240
243
234
219
198
164
131
92
52
18
-22
-57
-87
-112
-133
-158
-157
-157
-170
-168
-160
-150
-145
-140
-133
-121
-115
-109
-101
-89
-72
-53
-31
-6
26
65
103
149
199
241
276
312
344
369
387
399
401
388
370
350
327
306
272
239
201
170
146
113
86
70
57
34
13
1
-11
-24
-39
-60
-75
-91
-108
-119
-135
-151
-172
-185
-195
-208
-206
-207
-204
-195
-176
-157
-135
-110
-93
-69
-52
-36
-28
-20
-16
-23
-34
-49
-65
-78
-95
-117
-132
-144
-147
-154
-149
-138
-128
-111
-95
-71
-49
-32
-9
8
14
17
17
15
-1
-10
-32
-58
-77
-105
-112
-118
-122
-123
-115
-104
-95
-75
-54
-31
-12
16
38
52
66
76
85
86
86
80
70
59
50
40
36
29
25
26
25
32
45
55
65
72
81
88
93
96
91
86
73
60
44
27
3
-17
-37
-52
-69
-84
-95
-109
-113
-117
-122
-127
-120
-115
-113
-115
-115
-114
-114
-111
-112
-116
-121
-128
-135
-138
-142
-142
-147
-153
-154
-156
-154
-151
-150
-148
-145
-139
-140
-135
-134
-139
-142
-150
-155
-164
-181
-189
-206
-224
-240
-256
-263
-271
-276
-281
-284
-283
-278
-278
-271
-264
-256
-248
-246
-238
-228
-224
-217
-208
-200
-202
-199
-199
-201
-198
-200
-203
-198
-196
-193
-183
-179
-163
-148
-133
-110
-96
-73
-54
-33
-11
2
21
35
43
56
65
73
80
88
89
96
111
120
126
137
148
160
169
184
195
198
218
217
225
231
225
213
209
202
185
177
169
161
154
142
134
127
120
121
119
116
122
122
121
123
126
126
129
133
131
134
130
134
140
142
149
153
159
164
169
180
185
195
202
209
215
213
218
215
209
203
200
190
184
179
164
156
149
137
128
122
107
98
84
75
69
58
51
45
43
29
22
12
1
-8
-18
-23
-33
-38
-40
-46
-48
-51
-53
-60
-60
-63
-67
-73
-76
-78
-85
-91
-102
-107
-118
-127
-136
-149
-155
-157
-163
-176
-179
-182
-183
-182
-180
-175
-168
-160
-155
-141
-129
-119
-112
-99
-84
-79
-75
-72
-64
-63
-59
-49
-39
-32
-27
-17
-4
6
19
28
38
51
59
66
78
86
87
93
94
92
96
99
103
97
94
99
96
98
99
103
107
109
118
123
129
137
138
147
146
152
155
153
163
174
182
183
184
187
183
180
176
177
178
176
171
166
159
154
150
146
139
128
120
113
104
95
84
73
62
60
57
58
58
57
60
57
65
65
69
71
69
70
70
71
77
71
68
66
66
70
64
69
71
66
71
74
76
82
93
95
94
95
97
101
101
94
87
87
76
71
60
51
44
36
29
16
8
-3
-10
-18
-27
-35
-45
-52
-57
-64
-76
-84
-96
-103
-110
-115
-118
-125
-127
-134
-137
-144
-150
-149
-144
-143
-146
-144
-140
-138
-139
-133
-136
-136
-139
-140
-140
-147
-143
-140
-140
-139
-130
-128
-123
-122
-112
-106
-100
-92
-82
-77
-68
-58
-53
-43
-38
-27
-22
-19
-12
-7
-4
-1
0
1
2
7
9
7
9
12
23
25
22
26
25
26
23
24
24
20
28
24
21
30
20
13
13
11
13
11
17
24
30
36
42
45
51
60
71
76
80
84
88
90
97
99
95
100
101
104
103
102
104
100
94
93
88
86
83
80
77
69
66
62
53
47
38
38
34
26
17
9
7
3
1
-2
-4
-15
-16
-13
-19
-24
-22
-26
-28
-27
-29
-31
-33
-34
-34
-38
-37
-40
-41
-46
-46
-47
-49
-53
-54
-53
-55
-55
-57
-61
-66
-62
-64
-60
-62
-60
-59
-62
-61
-62
-59
-58
-56
-55
-58
-61
-62
-61
-66
-69
-69
-72
-72
-66
-67
-63
-55
-57
-58
-53
-52
-52
-50
-49
-50
-48
-47
-43
-43
-41
-39
-37
-34
-33
-27
-22
-18
-14
-10
-4
2
6
13
21
26
32
40
45
49
51
53
55
61
60
58
53
56
57
52
55
52
47
44
43
33
28
24
20
29
31
32
31
33
35
30
28
28
28
29
31
28
27
24
24
24
25
28
26
31
28
31
31
28
30
30
30
28
32
36
38
41
44
47
47
45
42
41
39
39
37
36
34
29
28
22
23
21
20
21
19
20
24
22
18
24
29
28
31
33
36
41
38
39
43
46
47
45
47
50
46
48
46
45
43
43
43
42
41
40
42
41
43
43
46
41
41
43
45
45
48
48
51
50
44
46
55
58
61
63
64
68
68
70
68
66
66
67
65
62
62
60
58
57
56
55
55
55
53
50
49
47
48
47
47
44
42
42
41
38
38
39
35
33
34
33
31
32
29
31
29
26
26
27
29
29
30
28
25
24
20
18
16
14
11
13
13
9
7
3
-6
-13
-14
-16
-21
-22
-15
-16
-19
-18
-17
-19
-20
-16
-13
-15
-17
-22
-23
-24
-26
-25
-28
-28
-24
-27
-29
-28
-28
-33
-33
-33
-32
-28
-28
-24
-22
-21
-18
-18
-14
-15
-15
-9
-12
-14
-15
-14
-17
-19
-7
-9
-13
-6
-4
-5
-6
-3
0
1
0
-1
-1
0
-3
0
-4
-5
-6
-13
-15
-16
-17
-16
-17
-19
-20
-19
-19
-18
-18
-18
-19
-25
-25
-21
-23
-28
-28
-28
-29
-32
-35
-36
-36
-35
-36
-36
-39
-44
-44
-45
-46
-46
-46
-46
-46
-45
-41
-44
-45
-43
-45
-45
-48
-48
-48
-48
-55
-52
-53
-52
-56
-54
-49
-52
-47
-48
-47
-46
-43
-43
-43
-40
-40
-43
-42
-36
-36
-39
-38
-38
-39
-39
-41
-43
-48
-53
-51
-54
-56
-57
-56
-56
-61
-64
-74
-66
-69
-70
-68
-61
-55
-53
-51
-55
-54
-55
-51
-49
-47
-48
-51
-53
-55
-52
-53
-53
-54
-55
-56
-58
-59
-61
-63
-68
-70
-70
-73
-72
-72
-72
-71
-71
-69
-72
-71
-71
-70
-67
-63
-60
-59
-62
-61
-57
-54
-51
-50
-47
-46
-56
-51
-46
-52
-54
-50
-47
-52
-52
-55
-55
-55
-55
-51
-49
-54
-53
-52
-52
-52
-52
-51
-56
-57
-55
-54
-58
-59
-56
-59
-57
-57
-56
-54
-53
-51
-51
-48
-50
-50
-51
-52
-52
-55
-61
-62
-57
-56
-58
-61
-62
-68
-62
-64
-66
-70
-73
-70
-68
-74
-76
-74
-71
-71
-68
-66
-68
-68
-67
-67
-66
-63
-65
-62
-64
-64
-64
-65
-62
-63
-66
-61
-62
-59
-57
-59
-58
-58
-57
-56
-52
-53
-52
-50
-46
-43
-43
-42
-39
-41
-41
-39
-41
-41
-35
-25
-29
-29
-26
-29
-32
-28
-35
-33
-34
-32
-26
-30
-29
-32
-30
-30
-26
-25
-30
-29
-32
-33
-36
-38
-37
-40
-37
-35
-40
-40
-40
-38
-41
-43
-41
-40
-40
-40
-41
-41
-35
-34
-33
-33
-30
-32
-29
-29
-31
-28
-28
-28
-23
-28
-24
-21
-27
-30
-26
-22
-25
-26
-24
-23
-25
-22
-18
-19
-21
-15
-18
-21
-19
-21
-20
-20
-17
-16
-17
-17
-15
-12
-12
-10
-7
-11
-8
-7
-3
-1
0
0
-3
3
-1
0
1
-1
1
4
5
4
1
-1
-2
-3
-1
-4
-1
-4
-2
1
4
0
1
0
-1
-1
-2
-5
-6
-8
-7
-7
-6
-9
-8
-9
-10
-7
-7
-6
-8
-8
-11
-11
-12
-12
-13
-14
-13
-14
-13
-12
-16
-15
-17
-9
-8
-11
-9
-9
-8
-6
-3
-5
-8
-3
-3
-11
-13
-9
-7
-3
-1
2
6
6
3
5
1
2
3
1
2
-5
-9
-9
-10
-11
-13
-15
-15
-18
-20
-18
-19
-23
-23
-22
-21
-20
-14
-9
-6
-5
-5
-5
-5
-3
0
-2
-5
-2
-5
-3
-5
-9
-9
-11
-11
-11
-13
-9
-12
-18
-20
-20
-23
-20
-19
-21
-21
-21
-19
-19
-17
-19
-19
-19
-20
-17
-17
-11
-13
-11
-8
-12
-10
-10
-8
-9
-8
-4
-5
-6
-4
-2
-7
-6
-10
-11
-10
-11
-10
-11
-16
-18
-21
-20
-18
-13
-12
-13
-14
-15
-10
-8
-8
-10
-10
-10
-7
-13
-12
-7
-8
-4
-7
-3
-3
-3
-3
0
0
0
2
-2
0
-3
-4
-8
-9
-7
-8
-8
-6
-9
-10
-7
-11
-8
-5
-7
-4
-3
-4
-3
2
6
4
3
7
5
2
4
5
6
7
16
14
16
21
15
12
10
12
8
4
3
7
8
7
3
-1
-1
5
4
2
2
5
3
4
5
5
10
9
9
13
13
16
19
19
18
14
14
17
16
18
14
16
15
14
11
14
16
12
13
11
11
13
7
7
9
7
11
7
9
9
8
11
10
7
3
4
6
6
8
9
10
15
16
15
18
17
18
17
19
21
19
20
20
20
19
19
15
13
16
14
18
11
11
13
9
12
10
8
9
13
12
9
5
2
4
5
0
-1
-3
-4
-6
-2
2
-4
-5
-2
2
0
0
1
-3
2
0
0
4
4
4
2
3
6
0
5
4
3
5
2
4
-1
4
3
5
3
7
9
10
10
6
8
6
7
1
4
3
0
-1
-1
-2
-5
-6
-5
-12
-15
-21
-25
-13
-4
3
-3
0
-1
-4
0
-2
1
0
5
2
2
3
-1
1
1
3
3
3
4
5
3
2
0
1
-1
-2
-2
1
1
4
-2
0
3
1
-2
-2
-4
-6
-3
-2
2
-5
-8
-2
2
-3
-4
0
0
-1
4
-5
-4
2
2
-3
-2
3
4
9
11
9
11
16
14
17
15
19
22
18
21
15
15
14
13
14
13
9
7
9
10
11
9
8
10
9
8
11
9
10
11
9
5
2
7
13
12
10
13
13
14
15
18
18
9
9
8
9
8
10
10
11
7
10
11
9
12
11
9
12
10
15
14
14
15
11
12
14
17
13
13
14
18
19
17
19
19
22
25
28
22
24
26
34
37
36
40
38
36
32
30
30
32
36
35
31
38
31
24
22
26
25
15
20
23
24
30
32
30
32
36
37
38
37
39
37
33
36
34
34
34
38
41
37
39
40
39
37
35
31
32
32
33
33
31
32
32
30
30
27
27
30
29
26
22
21
18
27
32
30
23
23
26
24
28
26
27
26
24
24
26
27
27
27
28
28
25
28
25
25
27
28
30
30
30
29
28
33
29
26
25
26
27
27
26
24
27
26
26
26
22
20
21
29
29
24
22
23
21
16
14
16
14
13
20
25
21
17
19
18
21
19
17
16
16
15
13
14
13
11
10
14
12
18
18
17
16
16
19
17
21
20
19
19
19
19
20
17
16
14
14
12
10
7
8
9
3
3
2
4
3
2
1
-2
-7
0
-8
-9
-5
7
5
5
11
6
4
7
6
6
8
3
-1
-1
2
0
0
4
3
2
-1
1
1
0
-5
-6
-4
-7
-6
-7
-4
-4
-5
-5
-8
-11
-7
-9
-8
-8
-11
-3
1
-2
-6
-3
3
-3
-3
-3
-2
-5
-5
-6
-13
-9
-6
-9
-12
-15
-12
-10
-10
-11
-11
-8
-9
-11
-8
-6
-4
-3
-4
-3
-2
-3
-2
-1
0
1
2
3
3
7
3
3
4
3
7
7
9
4
-4
-7
-2
3
-4
-3
-4
-6
-2
-8
-5
-4
-4
-6
-11
-11
-15
-16
-15
-13
-13
-11
-9
-7
-9
-7
-6
-5
-7
-8
-5
-2
-2
-1
-1
-2
-2
-2
-1
0
-3
-1
-1
-2
-1
2
1
-1
-2
-1
0
-3
-2
6
8
3
4
8
8
7
8
8
10
15
20
16
20
23
18
12
12
18
11
9
11
14
16
14
12
10
14
13
15
14
10
10
8
8
8
7
9
11
15
16
13
12
13
10
12
12
13
15
10
16
12
14
18
14
14
10
10
12
12
9
10
11
10
7
13
15
10
11
13
16
12
13
16
17
17
14
16
15
18
14
14
15
13
16
13
11
13
13
17
17
18
18
17
19
18
17
15
15
17
18
16
16
15
19
18
19
24
18
24
22
25
20
20
21
14
18
12
14
10
10
12
14
12
11
11
15
14
12
12
11
12
8
8
8
11
12
10
10
11
13
12
15
14
14
17
16
18
14
12
13
11
13
15
12
15
12
8
11
7
7
4
7
7
10
9
10
10
10
11
8
2
7
4
4
5
11
16
12
11
14
9
7
7
8
7
7
6
0
3
3
3
6
2
5
7
3
5
3
1
-1
2
-1
-4
-2
-1
1
-2
-4
-1
-3
-3
-3
-4
-4
-1
-1
0
-4
-7
-5
-2
-2
-5
-3
-3
-14
-10
-6
-12
-18
-17
-12
-16
-14
-14
-12
-13
-10
-9
-10
-9
-8
-10
-13
-5
-6
-9
-8
-8
-9
-7
-9
-4
-8
-9
-2
-1
-1
0
1
0
3
5
7
4
3
0
-4
-4
1
4
-4
-4
-3
-3
0
0
0
5
5
1
-2
2
3
0
-1
2
4
5
5
5
7
6
6
3
2
5
4
1
1
-2
-4
-3
-3
-4
-5
-6
-3
0
-3
0
0
1
5
5
7
8
9
7
11
18
18
15
16
14
15
15
14
15
16
22
18
20
25
17
11
9
7
2
0
0
5
6
2
2
0
0
2
5
5
7
8
5
9
11
9
12
14
15
18
18
17
22
20
18
21
16
19
19
19
21
21
22
18
21
19
17
22
21
16
17
15
19
24
13
17
23
17
17
21
21
21
23
21
25
23
27
27
25
30
28
29
30
31
28
24
28
30
27
30
30
29
29
30
31
28
23
25
25
27
25
25
24
22
25
21
19
15
20
28
24
19
21
18
17
15
14
11
7
9
9
15
17
13
12
14
11
16
15
12
13
12
12
10
11
11
9
11
9
9
11
11
11
10
7
5
7
6
5
7
9
6
9
7
7
6
6
7
8
8
7
8
8
7
6
9
8
5
8
6
-1
-5
1
3
9
12
16
19
17
16
17
17
17
19
21
23
17
18
18
18
20
19
22
21
22
19
19
18
15
16
14
13
9
10
10
11
11
8
12
13
11
8
10
11
11
13
14
13
10
11
14
18
17
15
21
19
10
10
16
11
10
13
15
9
8
11
12
13
11
13
14
14
17
16
15
17
16
13
14
13
14
15
11
13
12
15
14
19
17
16
18
17
21
23
26
25
25
25
24
24
24
26
27
30
29
28
29
28
31
34
33
27
28
32
25
28
28
29
30
28
30
30
28
28
26
26
27
28
24
24
24
27
26
27
25
26
24
26
30
30
32
35
29
30
33
35
38
33
34
37
40
38
36
36
38
35
35
30
36
36
41
44
39
43
38
33
33
31
31
30
27
32
31
30
31
28
33
32
36
39
38
38
39
38
40
44
40
45
42
42
41
42
46
41
39
42
38
37
40
36
39
43
41
45
43
42
46
45
45
39
45
43
42
48
49
46
45
41
41
43
42
43
43
43
43
44
41
43
41
42
41
41
43
41
40
38
38
41
39
41
38
35
35
35
34
31
32
32
30
36
37
31
34
36
35
36
34
37
40
40
38
34
39
35
34
31
27
26
27
26
28
31
32
31
32
32
34
32
33
28
27
28
24
28
29
29
28
28
30
32
29
30
31
30
28
32
31
27
30
27
29
28
28
28
27
29
24
26
23
21
22
18
18
19
18
15
19
19
17
18
9
8
14
8
12
20
22
24
22
19
20
20
16
17
19
20
21
18
17
17
20
18
21
20
20
18
17
20
13
12
12
15
11
8
8
9
11
13
11
15
12
11
14
12
15
16
20
23
19
20
21
21
24
22
22
18
19
23
14
13
15
19
14
11
11
11
12
10
8
9
12
12
13
11
11
13
13
13
9
12
9
10
9
7
5
8
13
13
15
15
12
16
13
13
16
14
15
14
11
7
10
10
12
14
13
13
11
11
11
11
18
14
11
12
13
14
8
8
11
14
15
12
13
13
13
13
13
14
16
18
15
14
15
16
15
15
15
16
13
14
17
15
11
9
11
13
16
10
10
8
11
12
14
15
13
11
9
9
10
11
16
24
16
16
15
11
8
11
10
7
5
4
7
8
5
3
4
4
5
4
4
3
4
3
2
0
0
6
7
4
9
6
5
5
1
1
1
1
2
1
2
4
2
2
-1
2
0
-1
0
-1
-3
-4
-8
-7
-6
-4
-6
-9
-5
-5
-4
-5
-5
-3
-6
-6
-10
-12
-10
-12
-10
-13
-13
-14
-18
-17
-20
-18
-13
-16
-13
-15
-16
-16
-18
-14
-18
-19
-20
-23
-18
-20
-21
-19
-22
-23
-24
-29
-26
-24
-26
-26
-28
-27
-28
-30
-32
-33
-36
-40
-37
-35
-33
-31
-37
-36
-31
-31
-35
-34
-39
-40
-37
-40
-38
-40
-39
-39
-39
-41
-40
-38
-40
-37
-39
-40
-39
-35
-38
-39
-40
-38
-39
-39
-38
-44
-44
-45
-45
-45
-48
-52
-49
-49
-53
-53
-52
-53
-51
-52
-53
-58
-58
-62
-61
-55
-49
-48
-49
-46
-48
-47
-50
-55
-53
-52
-54
-56
-57
-58
-60
-55
-55
-59
-58
-55
-59
-56
-56
-57
-59
-57
-60
-62
-60
-62
-58
-57
-54
-56
-56
-59
-57
-58
-59
-58
-53
-53
-57
-60
-59
-54
-53
-53
-50
-49
-58
-54
-52
-60
-55
-51
-53
-54
-56
-53
-52
-53
-50
-48
-46
-46
-46
-46
-47
-43
-43
-42
-44
-44
-43
-42
-40
-41
-41
-40
-41
-38
-38
-35
-39
-36
-38
-40
-34
-36
-36
-34
-32
-38
-43
-38
-34
-32
-33
-32
-29
-27
-23
-24
-23
-22
-24
-25
-22
-25
-25
-25
-23
-22
-20
-18
-20
-17
-20
-21
-19
-17
-20
-21
-21
-22
-22
-20
-20
-21
-21
-22
-21
-20
-16
-18
-17
-16
-15
-17
-15
-17
-15
-9
-6
-1
-3
-1
-2
-1
-3
-3
3
-1
1
10
4
10
5
-1
-5
-5
1
-5
-7
-9
-2
0
-3
-6
-6
-5
1
4
2
2
2
1
-2
0
5
5
6
10
10
11
13
16
15
13
13
10
11
11
13
13
15
15
14
8
6
5
5
7
3
4
1
-4
-3
-1
4
1
-1
3
1
0
-1
0
-3
-4
-5
-5
-7
-6
-7
-7
-7
-9
-9
-12
-11
-13
-13
-12
-14
-15
-14
-17
-18
-18
-20
-22
-24
-24
-25
-26
-26
-27
-29
-32
-32
-32
-30
-27
-26
-27
-33
-31
-33
-35
-36
-39
-44
-43
-40
-44
-42
-37
-43
-44
-44
-44
-46
-46
-46
-50
-51
-53
-50
-52
-52
-52
-54
-57
-58
-55
-56
-56
-59
-58
-60
-60
-63
-61
-63
-64
-60
-62
-61
-64
-66
-66
-68
-72
-72
-75
-73
-77
-80
-81
-80
-79
-82
-80
-81
-96
-93
-90
-90
-89
-83
-80
-81
-75
-76
-80
-83
-83
-80
-82
-81
-82
-84
-85
-83
-80
-82
-80
-80
-81
-78
-78
-82
-81
-83
-82
-81
-80
-78
-80
-76
-74
-76
-73
-74
-74
-75
-72
-74
-71
-69
-70
-70
-71
-68
-68
-68
-69
-64
-60
-61
-64
-60
-64
-66
-61
-58
-59
-61
-60
-58
-55
-58
-60
-60
-57
-57
-54
-55
-54
-51
-55
-55
-57
-53
-52
-55
-53
-54
-54
-50
-52
-50
-49
-47
-49
-47
-48
-49
-47
-49
-48
-50
-49
-52
-51
-45
-43
-39
-40
-40
-40
-36
-37
-34
-36
-36
-35
-37
-43
-42
-39
-40
-33
-33
-34
-33
-35
-32
-34
-35
-28
-28
-27
-28
-26
-29
-29
-27
-30
-26
-30
-27
-23
-26
-29
-27
-26
-25
-25
-23
-20
-23
-19
-22
-15
-12
-15
-12
-14
-15
-15
-14
-14
-15
-6
-11
-14
-8
-10
-14
-21
-20
-22
-24
-25
-18
-16
-17
-17
-19
-15
-15
-15
-14
-14
-14
-18
-19
-18
-21
-20
-16
-17
-15
-11
-16
-12
-15
-16
-14
-16
-14
-15
-10
-14
-13
-13
-11
-14
-16
-17
-16
-12
-18
-21
-23
-21
-19
-25
-25
-14
-21
-18
-13
-13
-13
-15
-14
-11
-10
-13
-12
-13
-14
-18
-16
-15
-18
-19
-24
-20
-21
-22
-24
-24
-22
-23
-21
-22
-23
-26
-26
-25
-26
-25
-27
-27
-29
-29
-28
-31
-35
-34
-30
-32
-31
-32
-37
-39
-39
-40
-44
-41
-42
-42
-35
-35
-38
-39
-38
-36
-40
-40
-41
-45
-49
-47
-47
-47
-47
-48
-47
-47
-46
-42
-42
-43
-44
-43
-41
-41
-38
-41
-40
-39
-40
-41
-45
-43
-45
-48
-45
-51
-49
-54
-52
-47
-51
-51
-48
-48
-47
-51
-49
-54
-57
-54
-58
-55
-54
-45
-43
-45
-46
-42
-46
-50
-44
-43
-44
-47
-46
-47
-50
-50
-47
-47
-47
-46
-50
-50
-49
-56
-56
-55
-58
-60
-59
-57
-58
-56
-59
-57
-56
-58
-57
-55
-59
-61
-57
-54
-52
-57
-58
-60
-57
-58
-57
-54
-57
-65
-63
-63
-71
-70
-68
-68
-68
-67
-66
-65
-63
-62
-64
-57
-57
-59
-62
-60
-58
-59
-60
-60
-61
-61
-61
-60
-60
-62
-58
-58
-59
-58
-57
-58
-58
-56
-56
-58
-59
-59
-57
-55
-62
-65
-62
-57
-60
-60
-59
-57
-58
-53
-53
-52
-55
-57
-55
-52
-52
-54
-54
-51
-48
-50
-49
-49
-45
-46
-48
-46
-46
-48
-46
-44
-47
-46
-47
-45
-44
-44
-43
-42
-39
-41
-37
-38
-40
-34
-36
-32
-31
-34
-33
-28
-19
-25
-22
-21
-22
-21
-19
-16
-19
-9
-4
-7
-1
2
-4
-8
-8
-8
-5
-8
-6
-1
1
-4
-4
-2
2
2
1
2
-2
-2
1
2
1
0
4
8
10
12
8
13
15
12
14
9
8
10
11
10
10
9
8
4
6
5
2
4
1
-2
-3
-4
-1
-2
-6
2
2
-8
-7
-7
-5
-6
-11
-13
-13
-17
-15
-14
-15
-16
-20
-16
-22
-23
-26
-27
-24
-25
-22
-24
-24
-25
-25
-27
-26
-30
-36
-34
-37
-34
-35
-35
-35
-36
-37
-39
-40
-43
-37
-30
-34
-38
-40
-37
-39
-38
-41
-41
-44
-45
-38
-34
-33
-37
-34
-34
-34
-34
-36
-37
-34
-36
-36
-34
-31
-35
-34
-33
-32
-29
-28
-28
-30
-27
-29
-29
-25
-24
-26
-27
-25
-25
-26
-24
-23
-26
-24
-25
-25
-27
-26
-20
-22
-25
-19
-19
-20
-21
-17
-20
-23
-25
-33
-26
-14
-10
-12
-8
-9
-9
-7
-11
-5
-5
-4
-6
-7
-7
-3
-3
0
1
-2
0
0
4
2
-2
1
-2
0
-3
-6
3
5
3
4
7
6
7
9
8
7
8
12
17
19
16
14
15
15
16
19
23
19
19
19
18
19
15
20
20
21
18
21
26
24
24
23
24
25
27
29
32
33
33
34
33
33
35
35
30
34
35
34
39
40
38
37
39
39
41
41
42
48
39
37
42
42
44
47
48
44
42
46
46
45
48
51
52
50
49
55
53
53
53
51
54
53
54
55
53
51
53
52
53
57
52
54
52
52
52
50
52
52
52
53
52
57
54
53
57
58
59
59
59
62
64
61
62
67
65
61
65
60
63
61
59
61
64
66
62
68
70
62
52
59
56
48
51
50
49
52
54
50
48
47
50
50
50
50
45
50
48
47
49
47
50
50
54
51
51
56
54
54
51
50
48
49
52
53
52
51
48
48
50
44
45
44
43
41
34
33
34
37
38
37
34
35
36
34
35
37
32
34
33
33
35
32
30
31
27
28
25
27
25
23
27
26
28
25
23
26
25
22
24
19
18
16
16
17
17
15
15
13
13
11
7
10
16
16
11
11
9
6
8
7
4
10
5
3
11
12
10
7
7
10
7
6
7
6
7
3
6
8
8
6
9
6
9
9
9
12
14
13
13
14
13
13
10
12
11
13
11
10
11
10
12
16
12
8
11
12
12
14
15
15
19
20
21
13
15
14
11
20
31
33
34
38
39
38
42
40
42
45
47
46
48
44
45
47
50
52
51
51
52
53
51
52
49
50
51
46
50
52
53
53
51
55
53
50
52
52
51
54
52
59
59
54
53
55
55
53
55
56
48
55
56
47
49
54
56
51
47
51
55
51
51
49
55
52
51
50
50
51
49
47
44
45
45
41
44
45
43
42
45
48
49
47
46
44
45
45
50
50
50
49
47
49
47
48
47
47
50
52
56
55
60
62
59
57
57
60
59
61
61
59
58
61
61
64
65
68
66
66
67
64
68
68
67
67
67
66
67
68
65
66
70
68
69
70
70
71
72
73
72
71
72
75
75
77
78
79
76
76
75
78
73
70
75
83
77
79
79
69
65
62
68
60
55
55
56
58
58
52
46
46
46
44
45
45
41
38
37
36
34
32
33
34
32
33
30
33
29
26
24
20
21
21
18
19
19
17
19
15
15
10
11
16
13
13
11
9
8
7
11
6
3
4
6
9
4
6
7
4
2
-1
1
2
-4
-1
-2
-3
-5
-7
-9
-7
-5
-8
-10
-9
-11
-13
-11
-15
-17
-20
-22
-24
-22
-19
-20
-19
-23
-26
-27
-27
-31
-22
-21
-29
-32
-27
-30
-30
-33
-33
-37
-41
-39
-41
-40
-41
-40
-43
-44
-45
-49
-47
-53
-55
-56
-61
-59
-63
-63
-63
-69
-70
-72
-73
-77
-79
-80
-84
-86
-88
-92
-98
-102
-102
-104
-108
-109
-114
-121
-124
-127
-128
-128
-137
-140
-140
-144
-146
-147
-152
-154
-161
-162
-171
-174
-174
-175
-172
-176
-170
-171
-172
-177
-179
-181
-184
-184
-186
-186
-189
-196
-197
-202
-203
-203
-207
-208
-212
-214
-216
-219
-221
-227
-228
-228
-232
-234
-234
-237
-235
-237
-238
-241
-242
-243
-245
-247
-251
-247
-250
-251
-252
-254
-255
-255
-254
-253
-250
-254
-261
-252
-255
-257
-252
-251
-250
-254
-252
-251
-251
-247
-247
-248
-248
-246
-244
-241
-240
-237
-237
-238
-238
-234
-233
-234
-234
-231
-228
-226
-224
-221
-218
-221
-220
-215
-216
-210
-210
-211
-211
-214
-211
-209
-208
-207
-203
-198
-200
-201
-198
-194
-190
-190
-189
-189
-191
-190
-190
-189
-188
-185
-181
-179
-178
-179
-175
-173
-173
-172
-173
-171
-171
-167
-168
-166
-165
-165
-159
-158
-160
-154
-150
-151
-151
-146
-142
-141
-138
-136
-137
-135
-131
-126
-120
-116
-116
-113
-112
-114
-111
-108
-104
-101
-95
-91
-94
-94
-92
-96
-102
-99
-97
-99
-100
-98
-97
-96
-96
-98
-97
-98
-94
-94
-92
-90
-92
-91
-89
-89
-87
-84
-80
-79
-75
-72
-71
-71
-71
-69
-69
-67
-64
-64
-62
-57
-55
-50
-51
-48
-49
-46
-39
-37
-34
-39
-33
-32
-31
-28
-22
-25
-20
-14
-12
-13
-11
-7
-5
0
1
0
7
11
12
17
17
22
21
21
24
28
32
34
36
39
43
44
49
48
48
49
51
55
57
58
62
63
67
69
71
75
75
79
84
89
85
88
88
87
84
86
91
86
95
92
95
98
94
96
98
97
96
97
95
97
92
93
93
93
92
89
86
81
83
82
80
78
73
73
69
66
66
62
59
56
57
57
54
54
51
46
47
45
42
41
38
41
35
39
38
34
34
33
30
24
25
22
26
28
40
40
39
42
40
40
41
44
46
48
47
45
46
46
48
51
51
54
56
52
53
55
55
53
55
59
57
58
62
61
63
62
68
66
63
67
68
69
65
65
64
69
64
61
59
56
58
61
59
58
45
42
47
36
34
37
31
26
23
22
22
17
14
12
8
4
5
3
-2
-5
-7
-8
-13
-17
-19
-20
-24
-22
-24
-25
-24
-23
-24
-23
-22
-24
-24
-23
-21
-21
-22
-22
-26
-26
-26
-20
-19
-18
-14
-14
-13
-9
-5
-1
0
-1
0
3
4
0
3
4
8
14
13
15
17
17
17
21
21
22
24
24
26
24
26
27
28
26
29
27
30
28
31
30
28
27
31
33
32
31
30
32
35
34
34
34
32
30
29
30
30
32
30
31
26
32
31
19
17
14
11
6
6
5
10
9
4
3
0
0
4
3
4
3
-3
-4
-2
-5
-4
-1
-2
-1
1
-1
-2
-2
-3
-7
-5
-5
-6
-6
-6
-5
-2
-3
-8
-9
-7
-12
-5
-9
-12
-15
-19
-15
-13
-18
-14
-11
-20
-18
-16
-14
-15
-15
-17
-16
-19
-21
-21
-21
-20
-20
-20
-20
-18
-20
-18
-15
-14
-14
-14
-14
-13
-12
-10
-10
-13
-15
-14
-11
-13
-10
-10
-7
-8
-10
-9
-7
-6
-7
-6
-5
-4
-4
-7
-9
-13
-14
-15
-18
-21
-21
-16
-16
-22
-21
-22
-22
-22
-24
-26
-29
-26
-29
-27
-32
-31
-31
-32
-29
-31
-30
-30
-30
-32
-30
-35
-34
-36
-32
-34
-37
-34
-35
-32
-34
-35
-33
-35
-32
-36
-36
-33
-36
-34
-29
-31
-30
-31
-28
-26
-35
-28
-36
-37
-23
-18
-13
-13
-12
-12
-10
-10
-8
-8
-7
-7
-4
-6
-5
-5
-2
0
-1
1
2
3
3
3
2
1
2
3
3
7
9
10
12
13
16
18
19
19
21
23
25
28
33
37
35
36
40
43
47
51
56
56
51
56
63
63
64
67
69
72
75
78
77
77
77
82
86
86
91
92
92
96
98
94
98
100
98
97
97
97
95
99
99
96
94
92
91
90
87
87
88
83
82
78
72
66
59
62
62
60
52
49
47
43
45
43
35
25
25
25
15
9
6
4
0
-3
-10
-11
-15
-18
-24
-28
-30
-32
-35
-38
-43
-47
-49
-52
-54
-59
-64
-68
-71
-74
-79
-83
-85
-88
-91
-93
-95
-96
-99
-102
-101
-103
-110
-108
-112
-115
-119
-121
-123
-124
-117
-126
-126
-122
-132
-137
-141
-144
-148
-149
-148
-147
-146
-145
-150
-151
-153
-148
-146
-147
-148
-147
-144
-145
-142
-145
-141
-139
-136
-133
-133
-130
-130
-132
-130
-129
-130
-129
-129
-126
-124
-125
-125
-124
-126
-123
-122
-121
-120
-123
-126
-127
-123
-118
-112
-117
-115
-115
-117
-113
-116
-112
-109
-111
-109
-109
-109
-109
-106
-103
-104
-100
-97
-99
-97
-97
-94
-91
-88
-90
-85
-84
-81
-79
-76
-75
-76
-75
-71
-67
-62
-64
-60
-55
-59
-53
-52
-50
-43
-40
-39
-38
-35
-32
-35
-38
-37
-37
-33
-35
-38
-32
-25
-31
-28
-25
-30
-27
-30
-27
-26
-27
-25
-26
-26
-27
-27
-26
-28
-22
-25
-23
-22
-21
-22
-23
-19
-20
-23
-20
-17
-17
-16
-15
-13
-16
-12
-11
-11
-12
-16
-10
-6
-7
-8
-4
-2
-3
-3
-1
-6
-2
3
0
5
15
19
22
28
31
28
29
31
36
38
40
40
40
40
43
46
48
54
54
57
57
59
60
60
61
63
62
63
65
70
73
74
77
79
75
80
79
76
81
82
83
85
83
83
84
87
94
96
96
100
93
94
100
95
93
98
100
95
96
96
96
96
96
94
97
99
95
96
94
96
95
95
94
93
92
91
90
86
84
87
85
84
84
83
80
78
78
76
75
73
73
67
63
61
57
57
57
60
53
52
53
53
49
51
47
43
42
41
35
36
30
29
30
28
26
29
27
27
28
26
23
24
23
22
21
20
19
17
18
14
18
13
14
16
16
19
18
20
21
18
21
24
25
24
24
29
31
31
32
32
34
33
32
35
32
44
39
35
45
43
37
34
38
34
31
32
35
36
37
34
34
33
35
37
33
37
33
31
31
31
32
33
35
34
37
37
34
39
33
33
36
34
32
32
31
29
30
32
30
28
28
27
28
22
21
17
17
21
22
22
20
19
16
15
14
16
14
17
13
10
7
7
7
4
2
2
1
-1
-2
-6
-8
-10
-6
-7
-8
-5
-7
-8
-7
-8
-10
-12
-12
-11
-13
-13
-11
-11
-15
-14
-14
-11
-14
-16
-15
-10
-10
-12
-12
-15
-12
-13
-17
-17
-15
-16
-14
-6
-8
-8
-6
-7
-4
-9
-9
-12
-14
-10
-11
-11
-10
-12
-12
-7
-7
-8
-5
-4
-2
-3
-2
3
0
1
6
9
7
7
8
11
14
15
16
14
18
20
21
23
26
28
35
37
39
41
46
42
42
49
42
50
58
62
65
69
69
68
69
72
74
73
76
78
76
77
77
78
81
81
85
88
85
88
90
88
86
85
87
83
87
91
89
90
93
94
96
93
95
94
94
94
95
100
102
102
102
102
102
110
110
111
106
100
106
103
97
101
103
99
96
96
98
96
96
95
94
96
90
87
89
88
87
83
78
79
75
72
70
66
66
62
62
60
59
54
52
51
47
46
44
45
36
36
34
31
23
20
19
18
14
11
14
9
12
12
9
6
4
-3
1
-4
-11
-12
-14
-13
-17
-17
-16
-17
-19
-20
-21
-22
-19
-19
-22
-24
-29
-30
-32
-27
-29
-32
-33
-35
-35
-35
-33
-33
-32
-35
-33
-29
-31
-31
-28
-25
-20
-20
-18
-19
-21
-18
-18
-16
-15
-14
-9
-10
-5
-4
-9
-11
-7
-6
-12
-10
-6
-4
1
1
-2
-1
2
5
3
3
4
2
3
5
2
1
2
4
4
5
5
3
5
1
2
1
-1
-1
-3
-2
-3
-6
-3
-5
-5
-12
-12
-9
-14
-17
-23
-24
-23
-26
-20
-17
-23
-24
-24
-24
-26
-28
-28
-27
-31
-35
-33
-34
-38
-39
-39
-44
-44
-45
-51
-51
-52
-52
-56
-55
-56
-57
-59
-56
-57
-59
-61
-63
-62
-60
-62
-61
-65
-64
-60
-69
-69
-73
-65
-61
-65
-64
-68
-69
-73
-72
-72
-77
-73
-72
-70
-66
-66
-66
-66
-61
-64
-62
-60
-64
-65
-65
-64
-63
-62
-61
-60
-60
-56
-52
-52
-52
-49
-49
-46
-45
-43
-40
-37
-41
-41
-41
-41
-42
-40
-40
-42
-38
-41
-42
-46
-45
-43
-44
-43
-42
-40
-41
-39
-39
-47
-46
-47
-47
-41
-31
-29
-31
-32
-27
-29
-35
-33
-30
-35
-36
-34
-36
-38
-36
-32
-36
-37
-37
-38
-36
-36
-37
-39
-39
-35
-41
-40
-40
-39
-39
-37
-37
-37
-38
-39
-41
-40
-40
-43
-39
-37
-40
-41
-43
-39
-37
-38
-37
-36
-43
-43
-33
-39
-39
-34
-33
-40
-37
-35
-33
-29
-31
-28
-29
-27
-22
-19
-17
-16
-14
-13
-12
-10
-9
-5
-2
0
4
8
10
11
17
20
20
24
21
27
29
31
29
27
32
37
40
44
45
42
48
48
51
52
55
55
58
56
53
59
57
53
55
55
55
60
59
58
57
59
59
58
58
58
59
58
57
58
55
55
58
57
55
53
53
54
56
56
55
53
55
54
56
56
55
58
60
62
65
66
67
68
67
68
70
69
71
81
77
74
72
65
65
64
65
61
61
59
61
67
62
61
61
60
62
64
62
62
61
60
60
59
61
61
61
64
66
67
69
71
67
69
66
69
68
70
72
73
78
79
81
80
78
79
84
89
85
83
80
84
94
83
90
101
90
87
91
93
91
94
90
94
92
87
90
86
89
89
87
88
85
83
81
78
80
76
74
74
70
70
68
67
63
60
57
53
55
53
47
50
43
40
43
39
33
37
44
40
30
30
30
27
26
23
24
22
16
21
23
21
24
21
21
22
22
20
18
18
16
13
17
18
17
16
13
17
19
20
22
18
18
20
19
17
17
17
17
17
16
16
15
14
14
14
12
15
16
10
9
6
8
8
5
6
5
5
1
-11
-8
-7
-6
-1
-2
5
3
0
1
-1
-5
-7
-2
-6
-8
-8
-8
-12
-11
-8
-8
-11
-12
-11
-12
-10
-15
-19
-19
-21
-20
-23
-25
-23
-25
-25
-24
-25
-28
-30
-33
-33
-38
-41
-38
-34
-38
-39
-41
-42
-42
-42
-41
-46
-51
-52
-51
-56
-57
-57
-59
-61
-65
-64
-67
-64
-65
-70
-67
-70
-70
-67
-71
-68
-71
-71
-73
-74
-73
-74
-74
-74
-75
-75
-77
-75
-74
-74
-74
-76
-70
-72
-72
-70
-70
-70
-69
-74
-78
-70
-65
-68
-67
-66
-66
-62
-63
-55
-55
-52
-55
-58
-51
-57
-55
-51
-51
-53
-49
-45
-49
-41
-43
-41
-40
-38
-32
-34
-32
-31
-29
-30
-29
-28
-25
-24
-25
-21
-20
-18
-19
-18
-18
-13
-9
-7
-11
-8
-4
-1
1
2
7
5
6
1
6
9
8
18
17
13
14
10
8
10
10
5
5
5
8
8
8
6
5
7
8
12
16
14
12
15
16
17
13
17
19
22
24
22
25
30
27
24
25
26
25
24
25
26
29
29
32
30
30
34
33
33
32
30
34
36
38
39
40
47
41
44
45
48
46
47
48
48
50
49
49
52
54
54
57
55
55
53
54
56
57
60
60
62
64
64
63
63
62
60
61
62
65
68
69
66
66
68
70
67
67
72
76
80
72
73
72
70
74
71
70
71
68
73
73
73
75
72
71
71
73
67
68
67
68
68
66
68
66
66
63
64
63
60
63
63
63
63
58
59
58
56
53
50
52
49
45
46
43
43
42
38
41
35
35
29
30
30
27
29
29
27
26
20
13
12
13
20
22
21
15
18
17
14
15
10
9
9
12
6
6
7
2
2
3
1
0
-1
-4
-4
-7
-9
-15
-16
-14
-18
-22
-19
-19
-21
-23
-22
-24
-27
-28
-28
-30
-30
-33
-28
-28
-33
-33
-31
-28
-29
-32
-31
-35
-31
-32
-34
-35
-34
-31
-36
-37
-35
-32
-32
-32
-30
-32
-28
-32
-30
-28
-25
-23
-25
-22
-25
-22
-22
-22
-22
-21
-20
-18
-17
-13
-14
-12
-15
-10
-15
-11
-10
-7
-9
-17
-9
-3
-3
-3
-2
2
1
1
4
6
14
14
11
13
11
18
19
14
17
17
21
28
29
29
29
31
32
33
31
39
38
40
42
39
41
45
44
46
50
51
54
57
58
57
60
62
62
69
73
71
72
73
82
85
81
82
83
85
84
86
89
88
95
100
99
101
102
96
93
99
95
93
91
95
102
98
97
98
98
101
102
104
104
100
100
101
102
103
103
106
109
108
109
110
114
114
110
112
109
114
112
111
111
110
112
111
113
113
107
104
109
107
111
106
106
110
110
114
112
109
108
107
107
108
108
108
111
111
109
109
109
110
107
107
108
109
108
103
102
102
99
100
96
101
101
104
100
97
96
95
92
92
93
88
89
88
86
84
84
84
82
83
86
81
80
82
81
77
76
74
71
74
73
75
77
78
75
77
76
73
76
74
71
72
71
67
75
72
69
69
68
69
67
71
71
68
71
69
72
69
66
66
66
65
62
64
63
63
59
61
65
63
60
49
57
55
54
56
55
61
56
57
56
53
55
48
47
57
63
65
67
69
68
68
63
65
69
70
69
66
69
66
67
68
71
72
70
71
72
71
69
67
64
67
63
63
66
68
69
66
66
68
69
67
67
69
66
65
70
68
67
71
72
73
75
72
76
79
76
76
77
72
76
81
74
75
73
75
76
78
76
76
79
76
82
80
81
79
81
79
80
81
79
78
76
75
72
74
73
76
74
74
75
71
70
69
68
69
68
63
61
57
56
57
56
54
50
51
50
48
47
49
46
42
42
37
38
37
32
28
28
28
27
26
26
25
24
20
18
19
17
15
15
14
10
7
10
7
3
4
-2
-4
-4
-5
-8
-10
-9
-7
-9
-15
-9
-9
-10
-7
-11
-10
-13
-18
-19
-21
-21
-23
-20
-18
-25
-18
-16
-24
-32
-33
-33
-38
-37
-36
-32
-31
-36
-36
-36
-37
-36
-38
-35
-36
-37
-39
-38
-39
-38
-40
-39
-37
-35
-38
-35
-33
-37
-35
-41
-39
-40
-39
-40
-40
-37
-38
-41
-41
-39
-41
-42
-39
-44
-44
-45
-45
-47
-44
-38
-48
-46
-44
-44
-44
-44
-42
-42
-44
-42
-40
-41
-41
-43
-42
-43
-46
-44
-45
-51
-47
-46
-48
-46
-47
-44
-44
-42
-43
-44
-48
-48
-43
-42
-42
-41
-42
-43
-42
-41
-42
-41
-35
-37
-41
-42
-40
-38
-44
-40
-40
-46
-45
-43
-40
-40
-34
-37
-38
-36
-36
-34
-36
-34
-34
-35
-33
-33
-30
-35
-34
-33
-31
-29
-28
-29
-32
-29
-30
-30
-28
-25
-25
-23
-25
-26
-24
-23
-23
-25
-23
-20
-19
-21
-26
-30
-29
-29
-29
-27
-26
-26
-27
-29
-37
-34
-34
-42
-39
-22
-18
-22
-16
-19
-24
-25
-25
-23
-19
-20
-22
-25
-28
-26
-25
-24
-26
-21
-23
-23
-21
-23
-26
-27
-32
-31
-29
-29
-27
-26
-31
-28
-25
-27
-28
-27
-28
-27
-23
-23
-21
-23
-27
-24
-23
-19
-22
-24
-23
-29
-30
-22
-28
-28
-26
-28
-27
-30
-28
-26
-25
-25
-25
-24
-23
-25
-23
-21
-22
-19
-22
-23
-20
-24
-23
-21
-20
-21
-22
-19
-21
-16
-15
-19
-18
-19
-18
-17
-14
-18
-17
-20
-19
-19
-24
-21
-17
-14
-17
-15
-15
-14
-13
-12
-12
-14
-12
-18
-19
-20
-18
-21
-17
-16
-15
-15
-12
-15
-17
-13
-12
-11
-11
-10
-16
-15
-16
-13
-15
-14
-15
-12
-10
-6
-7
-8
-9
-8
-6
-10
-7
-11
-6
-6
-3
-3
-4
-2
-4
-7
-8
-4
-5
-3
3
-3
1
6
-1
-7
-13
-12
-15
-14
-15
-13
-11
-13
-14
-18
-13
-13
-14
-12
-13
-14
-14
-12
-13
-15
-12
-12
-9
-10
-10
-9
-10
-11
-10
-11
-12
-9
-12
-10
-6
-7
-9
-8
-9
-6
-10
-9
-11
-15
-15
-16
-12
-9
-20
-15
-12
-19
-17
-12
-16
-19
-15
-17
-16
-17
-17
-15
-14
-13
-15
-16
-17
-14
-18
-20
-19
-15
-16
-14
-14
-16
-16
-16
-14
-15
-16
-20
-22
-17
-19
-22
-19
-22
-22
-20
-19
-17
-14
-16
-18
-20
-16
-16
-20
-20
-22
-24
-28
-30
-24
-28
-24
-27
-27
-28
-25
-27
-29
-30
-30
-30
-30
-30
-27
-25
-28
-25
-28
-26
-23
-24
-22
-25
-26
-23
-24
-22
-21
-27
-26
-27
-26
-28
-28
-25
-26
-25
-27
-27
-27
-27
-25
-30
-27
-24
-25
-26
-29
-27
-36
-37
-38
-43
-31
-30
-21
-22
-26
-28
-25
-22
-27
-26
-27
-25
-29
-28
-29
-29
-30
-29
-25
-25
-26
-25
-23
-24
-27
-28
-26
-26
-27
-27
-25
-24
-26
-25
-26
-27
-29
-29
-25
-27
-25
-22
-18
-20
-21
-23
-17
-8
-11
-14
-14
-14
-19
-15
-13
-20
-21
-15
-20
-19
-21
-20
-16
-21
-19
-18
-17
-18
-19
-17
-17
-17
-15
-20
-16
-15
-19
-18
-19
-17
-17
-14
-14
-11
-10
-13
-14
-12
-12
-8
-10
-9
-9
-11
-13
-13
-11
-8
-6
-7
-7
-8
-8
-5
-2
3
-2
-2
-1
-1
-2
-5
-4
-6
-3
-1
0
-4
0
0
0
-3
-5
-1
0
1
0
1
-2
-1
-3
-5
-1
-3
-3
1
0
-2
-1
-3
-4
-3
2
2
0
0
5
4
3
5
4
5
2
5
4
1
12
11
13
15
10
3
0
1
-3
-4
-7
-6
-2
-6
-8
-9
-8
-7
-4
-5
-5
-5
-6
-4
-4
-5
-6
-8
-6
-8
-5
-2
-1
-1
-4
-2
-5
-5
-2
-3
-3
-3
-5
-5
-4
-5
-7
-8
-3
-3
-7
-10
-8
-2
-2
-4
4
2
-1
3
4
3
1
1
-1
0
-1
-4
-1
2
3
3
1
1
0
0
-1
1
0
