-9
-7
-5
-8
-4
-8
-9
-9
-7
-5
-7
-7
-9
-12
-10
-11
-12
-10
-14
-15
-11
-10
-8
-8
-11
-11
-10
-11
-11
-11
-16
-16
-17
-11
-5
-10
-9
-7
-5
-7
-5
0
-1
1
-2
-3
-6
-3
0
-4
-4
-1
2
1
2
1
0
-1
0
-3
-2
-2
-1
0
-2
-4
-5
-1
-2
-3
-6
-4
-4
-3
-2
-1
-3
-7
-3
-3
1
-1
-2
-4
-1
6
5
3
9
4
0
1
-1
1
4
11
7
8
4
2
-4
-4
-3
-10
-11
-5
-2
-9
-8
-8
-6
-8
-5
-2
-2
0
1
1
0
-1
-1
-3
-3
-2
-1
2
3
4
1
-1
-4
-5
-4
-3
-6
-4
-2
-1
-2
-3
-5
-8
-2
0
-2
-4
-3
-5
-4
2
1
-7
-6
1
1
-1
-4
0
-1
-7
-7
-5
-6
-8
-7
-6
-7
-8
-5
-6
-9
-9
-7
-8
-10
-4
-8
-9
-9
-11
-13
-18
-18
-19
-14
-17
-16
-14
-15
-17
-13
-13
-13
-8
-6
-5
-7
-7
-11
-10
-13
-15
-16
-17
-22
-17
-13
-13
-14
-15
-12
-9
-8
-9
-7
-7
-9
-11
-11
-8
-9
-7
-11
-14
-12
-8
-9
-10
-9
-10
-6
-9
-8
-7
-11
-8
-6
-7
-8
-3
-5
-8
-6
-7
-7
-14
-16
-15
-17
-15
-14
-15
-17
-16
-15
-22
-23
-27
-26
-14
-8
-10
-15
-15
-16
-9
-10
-13
-10
-10
-13
-17
-16
-20
-18
-17
-19
-18
-17
-16
-18
-17
-19
-25
-25
-25
-27
-25
-27
-23
-24
-24
-21
-25
-23
-24
-24
-25
-22
-21
-20
-17
-18
-23
-23
-18
-17
-18
-15
-13
-21
-21
-14
-16
-19
-17
-17
-21
-26
-24
-26
-25
-24
-27
-21
-23
-26
-19
-20
-15
-14
-20
-17
-22
-21
-21
-20
-22
-20
-18
-19
-17
-14
-14
-8
-9
-11
-15
-15
-12
-13
-11
-10
-17
-12
-6
-5
-7
-6
-4
-7
-5
-5
-7
-3
-1
-8
-9
-8
-13
-10
-8
-9
-7
-6
-3
-5
-8
-9
-9
-11
-8
-7
-6
-3
-7
-4
-4
-6
-9
-10
-8
-9
-10
-10
-11
-11
-9
-8
-5
-7
-7
-8
-7
-2
-1
-1
-3
-1
-1
-4
-2
1
-1
-2
10
7
6
5
3
1
1
-1
-7
-6
-3
-1
-6
-2
-5
-6
-4
-1
0
-1
0
1
1
2
1
4
5
7
7
11
13
12
15
12
13
12
12
14
10
11
12
11
10
14
16
11
8
12
12
18
13
12
14
13
5
13
12
9
14
15
12
9
12
11
15
10
13
11
10
12
9
8
10
9
9
7
8
5
6
9
9
9
7
11
9
7
5
3
3
2
4
6
4
3
1
1
2
1
9
8
2
4
4
4
3
1
2
1
-1
0
0
1
2
1
0
4
6
4
0
3
3
1
-1
-2
2
1
3
2
3
2
3
0
3
4
5
5
7
6
6
8
6
3
5
4
4
5
1
0
-1
0
-1
-3
1
0
-1
-2
-3
0
-3
-2
-7
-7
-4
-6
-1
3
6
4
2
0
-1
2
5
-1
2
2
-2
0
-2
0
1
2
5
5
3
0
1
4
3
-1
-2
-7
-5
-2
-2
-2
-1
-2
-3
-4
-3
1
-1
-1
-2
3
6
3
5
6
11
12
8
5
0
-1
-5
4
8
-3
-3
-2
0
-4
-6
-7
-3
-2
-1
0
5
2
4
2
2
5
2
3
0
-1
1
-2
0
2
-3
0
1
0
3
3
2
3
6
9
7
12
4
2
6
9
7
6
12
12
7
6
7
9
11
10
9
7
5
11
11
8
7
9
11
15
15
15
14
13
13
9
11
10
12
11
9
7
9
8
10
10
8
8
9
11
10
7
8
8
10
10
9
7
5
11
15
17
14
13
12
13
14
14
18
15
25
30
19
21
20
24
24
19
14
15
14
13
20
19
17
13
9
12
18
16
16
17
14
14
11
16
14
17
17
19
18
19
19
18
18
14
17
15
15
17
16
18
16
15
14
18
18
15
14
14
12
10
8
7
11
10
17
13
11
14
15
14
14
13
15
14
12
15
17
14
10
12
11
9
11
8
7
10
10
7
8
6
6
11
12
11
8
7
6
8
8
4
7
5
7
3
2
4
-1
2
0
6
7
3
1
2
0
-5
-4
-2
-6
-1
2
1
-2
-3
1
-2
-4
-3
-3
-4
-3
-3
-3
-1
-6
-2
0
0
3
5
5
6
6
5
7
7
5
4
3
5
7
4
3
2
1
0
0
4
4
1
-2
-5
-6
-3
-4
-4
-6
-2
-6
-16
-13
-15
-11
-9
-4
-2
-5
-6
-5
-7
-6
-3
-5
-5
-5
-6
-6
-4
-1
0
-3
-2
0
-3
-5
-3
-4
-6
-6
-9
-12
-9
-8
-10
-8
-6
-4
-7
-6
-6
-9
-10
-7
-5
-3
0
-5
-5
-8
-7
-5
-9
-5
-13
-15
-9
-10
-15
-16
-12
-16
-14
-14
-13
-6
-7
-10
-8
-9
-9
-6
-1
-4
-2
-4
-8
-9
-5
-6
-7
-7
-6
-9
-9
-4
-1
4
1
-2
1
-1
1
-1
4
7
3
0
-10
-5
-3
0
6
9
7
4
2
10
7
8
10
9
12
6
7
5
4
7
8
11
9
9
8
6
8
7
10
6
6
5
3
4
4
4
7
4
6
3
3
1
-1
1
-1
0
3
6
4
3
2
5
10
10
10
10
13
12
12
15
12
13
14
14
13
16
11
9
11
4
-3
-3
0
4
3
1
4
3
5
8
4
0
-2
1
1
-1
2
2
2
0
1
4
2
5
3
0
1
4
3
2
2
1
6
5
4
5
4
0
-2
0
-2
0
-4
-1
-2
-1
-7
-7
-2
-3
0
2
-1
0
1
0
3
0
-1
-2
-3
0
-1
-1
3
0
1
-1
-1
7
5
4
6
6
6
6
5
4
1
-1
1
2
-2
-3
-2
0
0
-5
0
1
-1
0
5
7
5
2
-1
-5
-6
-11
-10
-8
-6
-4
-6
-8
-9
-6
-6
-6
-5
-4
-6
-6
-7
-6
-5
-1
-3
-6
-5
-5
-4
-5
-8
-11
-13
-12
-9
-8
-10
-12
-15
-14
-13
-15
-14
-15
-15
-17
-16
-21
-25
-22
-21
-27
-30
-26
-24
-31
-28
-29
-38
-38
-42
-38
-27
-20
-19
-26
-28
-26
-26
-24
-17
-18
-20
-21
-26
-28
-25
-21
-22
-20
-24
-21
-23
-25
-25
-29
-30
-34
-32
-35
-37
-34
-31
-28
-27
-24
-24
-26
-29
-25
-27
-31
-31
-28
-22
-30
-28
-26
-34
-31
-32
-31
-28
-38
-32
-26
-32
-40
-31
-30
-30
-30
-29
-26
-24
-26
-27
-27
-29
-29
-27
-27
-29
-28
-29
-33
-31
-30
-30
-26
-28
-25
-25
-24
-19
-19
-18
-18
-17
-18
-16
-12
-13
-15
-13
-11
-19
-25
-24
-21
-14
-14
-18
-15
-14
-12
-9
-15
-13
-15
-19
-16
-18
-19
-17
-15
-15
-16
-15
-11
-13
-12
-13
-10
-11
-11
-10
-15
-14
-14
-16
-12
-9
-10
-11
-12
-12
-9
-10
-7
-7
-7
-5
-7
-9
-8
-8
-11
-2
-5
-6
-12
-16
-11
-9
-7
-8
-7
0
-4
-8
-5
-4
-4
-6
-7
-16
-14
-11
-9
-13
-14
-14
-14
-16
-11
-11
-11
-13
-10
-11
-14
-9
-8
-8
-3
1
-1
1
0
1
4
1
-2
-3
-3
-2
-7
-6
-7
-5
-5
-7
-9
-8
-5
-10
-12
-11
-8
-4
-4
-3
-4
-6
-4
-2
3
3
3
2
-1
-3
-4
-1
1
0
-4
-5
-5
-1
-4
-5
-5
-5
-3
-5
-6
-4
-2
-1
-2
2
1
-3
-3
-4
-2
-7
-4
-7
-9
-6
-9
-10
-10
-15
-6
-2
-2
0
-5
-3
-7
-12
-12
-12
-18
-11
-12
-14
-16
-15
-14
-13
-13
-15
-15
-16
-16
-18
-16
-15
-18
-21
-21
-21
-18
-18
-17
-19
-19
-20
-18
-20
-22
-21
-23
-23
-20
-17
-19
-21
-20
-21
-19
-25
-26
-23
-25
-27
-30
-28
-26
-26
-28
-29
-25
-32
-29
-25
-33
-32
-30
-23
-20
-22
-19
-20
-21
-22
-21
-20
-20
-19
-22
-24
-22
-21
-19
-21
-21
-19
-20
-19
-19
-21
-22
-24
-22
-27
-25
-19
-15
-16
-17
-18
-21
-20
-19
-18
-17
-15
-12
-10
-13
-16
-20
-18
-11
-13
-11
-8
-14
-17
-11
-20
-24
-20
-20
-21
-24
-25
-21
-21
-17
-17
-17
-18
-20
-14
-13
-13
-15
-14
-15
-21
-16
-13
-15
-13
-15
-18
-14
-12
-12
-9
-7
-8
-8
-8
-5
-6
-11
-8
-9
-13
-12
-10
-13
-18
-15
-15
-12
-14
-13
-12
-8
-8
-14
-15
-12
-14
-17
-14
-13
-13
-9
-14
-10
-7
-7
-14
-11
-9
-9
-5
-8
-8
-10
-9
-7
-8
-10
-13
-11
-10
-11
-12
-10
-11
-10
-13
-12
-8
-7
-8
-10
-3
2
-4
-2
0
-3
2
4
6
4
6
6
-1
7
6
3
4
-1
-8
-13
-12
-8
-3
-5
-8
-8
-6
-3
6
5
4
0
2
0
0
1
0
-2
-2
-1
-3
-6
-6
-3
-4
-2
-2
0
-1
-1
2
3
2
7
6
4
0
1
1
-4
-5
-3
-1
-4
-2
6
-7
-15
-1
0
-2
-1
1
2
0
1
2
5
2
1
1
2
-1
-2
-5
-8
-9
-7
-2
-4
-5
-5
-6
-10
-8
-7
-13
-13
-14
-12
-10
-13
-15
-15
-20
-18
-16
-14
-16
-20
-13
-13
-13
-11
-12
-11
-14
-16
-19
-19
-23
-18
-10
-13
-14
-12
-15
-16
-17
-17
-18
-18
-16
-16
-17
-19
-20
-24
-23
-23
-19
-18
-18
-20
-21
-22
-18
-22
-23
-20
-22
-21
-19
-21
-20
-21
-25
-20
-22
-25
-24
-25
-23
-27
-26
-17
-16
-20
-25
-21
-26
-28
-18
-26
-26
-15
-9
-8
-13
-13
-13
-11
-11
-8
-7
-10
-11
-10
-14
-16
-15
-14
-17
-18
-17
-18
-19
-18
-23
-24
-26
-26
-26
-24
-23
-23
-22
-25
-24
-23
-27
-27
-27
-32
-33
-31
-29
-27
-27
-25
-22
-25
-25
-21
-17
-15
-24
-17
-14
-19
-21
-22
-16
-21
-28
-25
-24
-24
-26
-27
-28
-30
-29
-28
-29
-31
-29
-30
-29
-28
-28
-31
-26
-28
-31
-27
-24
-21
-19
-19
-21
-17
-18
-19
-17
-14
-12
-10
-12
-12
-14
-17
-20
-20
-9
-10
-8
-9
-7
-6
-6
-7
-6
-1
-6
-9
-10
-9
-14
-16
-13
-14
-13
-13
-17
-17
-14
-14
-13
-11
-11
-6
-6
-5
-3
1
-2
-5
-1
-1
2
2
4
1
1
-3
-4
-1
-5
-3
2
10
7
5
2
2
5
0
3
5
9
16
3
9
15
8
7
7
7
-3
-5
-2
0
2
-1
-2
0
-1
1
7
6
6
3
4
5
8
5
6
10
9
7
6
7
9
8
5
2
2
2
1
5
5
4
1
-2
-1
-6
-3
0
1
-1
-1
-4
-3
-6
-13
-5
-6
-7
-3
-2
-2
-4
-6
-4
-4
-4
-5
-5
-4
-2
-4
-6
-6
-5
-4
-8
0
-1
-3
-4
-3
-6
-5
-4
-4
-2
-8
-11
-8
-6
-8
-10
-7
-9
-7
-4
-7
-15
-15
-10
-2
-1
-5
-6
-7
-9
-15
-17
-14
-13
-10
-7
-6
-11
-14
-12
-11
-10
-11
-7
-3
-3
-5
-6
-6
-7
-7
-4
-3
2
2
3
-2
-1
-2
-5
-6
-7
-6
-9
-7
-9
-9
-7
-9
-10
-13
-8
-8
-7
-13
-11
-10
-11
-13
-14
-10
-30
-5
-14
-19
-19
-18
-14
-20
-17
-8
-1
-2
-7
-6
3
8
2
0
5
2
-6
-8
-4
-5
-6
-9
-11
-13
-14
-17
-21
-20
-14
-21
-22
-22
-20
-17
-18
-22
-22
-21
-26
-31
-30
-27
-30
-31
-29
-26
-27
-27
-30
-27
-23
-24
-23
-21
-24
-28
-21
-23
-24
-24
-22
-21
-22
-22
-18
-19
-23
-21
-21
-18
-18
-17
-20
-22
-19
-17
-22
-23
-20
-19
-25
-25
-24
-23
-21
-28
-25
-26
-24
-24
-23
-22
-23
-26
-30
-24
-24
-24
-27
-30
-28
-26
-26
-23
-19
-18
-15
-12
-10
-7
-5
-7
-6
-7
-13
-12
-9
-6
-6
-5
-5
-5
-10
-13
-9
-8
-3
-1
-4
-8
-10
-11
-11
-9
-11
-16
-16
-18
-15
-16
-16
-20
-20
-20
-12
-10
-17
-14
-10
-6
-4
-5
1
2
-2
-4
-3
-1
4
13
10
7
8
4
7
9
5
3
-2
1
3
2
4
6
5
4
4
7
6
3
3
3
3
-3
-4
-1
0
1
6
4
5
8
7
6
9
7
5
9
9
5
5
7
13
11
8
5
8
7
6
9
4
3
2
1
3
7
0
1
3
0
-1
0
0
0
-2
-6
-4
-3
-6
-4
-1
-5
-9
-11
-10
-7
-6
-2
-3
-3
-6
-8
-2
-2
-2
-3
-5
-4
-3
-3
-2
-3
0
1
-3
-4
-1
-8
-8
-9
-6
-13
-13
-16
-18
-22
-25
-25
-25
-19
-20
-19
-26
-26
-22
-22
-19
-20
-23
-27
-26
-23
-26
-28
-28
-27
-29
-30
-26
-19
-17
-19
-18
-16
-13
-8
-9
-12
-8
-7
-5
-7
-6
-13
-2
-24
-1
-21
-3
-21
-20
-18
-19
-22
-23
-19
-20
-19
-26
-27
-36
-17
-34
-9
-21
-8
-27
-17
-26
-19
-27
-13
-15
-14
-18
-19
-20
-24
-17
-18
-10
-16
-9
-18
-7
-12
-7
-10
-5
-10
-7
-12
-11
-8
-8
-4
-7
-5
-9
-12
-20
-18
-26
-20
-21
-15
-13
-21
-24
-21
-18
-23
-22
-18
-18
-24
-22
-28
-32
-32
-27
-23
-24
-21
-24
-23
-22
-21
-17
-11
-8
-8
-6
-4
-3
-1
0
0
2
1
1
-2
-6
-6
-6
-5
-5
-7
-10
-7
-10
-7
-10
-10
-10
-11
-6
-10
-14
-18
-20
-14
-15
-18
-17
-20
-17
-14
-14
-14
-15
-16
-13
-12
-10
-5
-2
5
5
6
11
14
11
14
12
11
13
11
3
3
3
4
1
0
2
3
1
1
2
3
4
3
-2
-3
-2
-5
-5
-9
-9
-4
-5
-7
-8
-7
-8
-8
-4
-2
7
15
18
13
13
15
12
16
17
14
12
12
19
17
11
14
8
7
9
10
13
12
11
8
6
4
5
3
4
4
7
6
3
3
0
-1
-6
-4
-4
-2
-3
-7
-4
-3
-1
-2
1
-3
-3
3
2
0
-2
0
1
2
6
12
10
8
6
9
10
11
12
10
11
10
8
8
6
2
1
2
0
4
7
4
6
3
1
2
6
7
9
13
9
6
2
0
1
3
4
2
-1
0
-2
0
0
1
5
8
12
19
16
12
10
10
8
4
6
4
6
4
3
1
3
3
4
1
0
1
-3
-2
0
3
1
1
2
-2
0
4
5
4
6
4
3
0
-2
-1
-4
-6
-6
-5
-4
-6
-9
-8
-9
-9
-3
-2
-1
-5
-11
-10
-9
-8
-6
-4
-5
-13
-21
-19
-18
-16
-12
-10
-10
-16
-14
-13
-17
-20
-15
-16
-16
-12
-14
-16
-22
-17
-20
-18
-14
-14
-16
-23
-25
-30
-30
-30
-30
-28
-25
-24
-23
-20
-17
-15
-15
-15
-12
-11
-10
-10
-11
-6
-6
-16
-21
-18
-20
-20
-18
-19
-23
-23
-21
-20
-25
-26
-22
-25
-26
-26
-29
-26
-29
-28
-25
-28
-30
-30
-27
-30
-29
-27
-26
-26
-27
-25
-19
-18
-16
-14
-11
-7
-3
-3
-4
-3
0
-2
-1
-2
-6
-9
-7
0
-13
-7
-14
-2
-14
-3
9
-23
0
-8
-21
-13
11
-25
-4
-8
-28
-33
-31
-19
-27
-17
-21
-14
-33
-32
-18
-28
-13
-12
-8
-28
-18
-19
-26
-13
-8
-10
-25
8
-23
-21
3
-15
-12
3
-7
7
-6
25
-19
18
3
8
8
6
16
-3
9
9
-2
5
7
11
-6
2
-4
-16
-6
-12
-16
-23
-17
-13
-24
-20
-25
-26
-21
-11
-14
-19
-16
-20
-18
-15
-12
-9
-10
-1
3
4
8
15
12
12
14
14
16
18
17
18
17
21
21
15
17
13
8
9
8
6
3
7
4
-3
2
-6
-12
-6
-4
-4
-4
-6
-6
-4
-3
0
0
3
3
0
3
3
6
5
10
9
13
17
16
20
21
23
23
24
26
25
24
18
20
17
15
14
12
15
13
12
5
8
6
9
11
13
10
9
6
-2
-5
-5
-6
-11
-8
-4
-6
-7
-4
-3
0
-1
0
2
0
1
1
1
5
2
2
0
0
2
6
6
4
0
1
0
-2
1
-1
-2
-4
-4
-4
-5
-5
-6
-7
-10
-9
-12
-17
-20
-19
-19
-20
-21
-21
-22
-18
-22
-29
-28
-31
-23
-19
-13
-12
-13
-12
-15
-7
-11
-6
-2
1
-1
-6
-6
-5
-7
-8
-8
-11
-13
-17
-11
-11
-9
-8
-9
-8
-18
-25
-25
-21
-22
-18
-9
-5
-10
-15
-25
-27
-31
-27
-19
-13
-8
-9
-8
-11
-11
-16
-11
-5
-6
10
14
7
4
6
4
-1
6
13
13
7
4
-1
-5
-13
-13
-3
-4
-7
-9
-8
-10
-13
-13
-13
-17
-15
-9
-10
-12
-9
-12
-15
-16
-15
-16
-11
-7
-7
-5
-4
-5
0
-6
-10
-3
6
10
13
16
18
21
21
15
15
12
16
15
11
10
7
8
7
3
4
7
3
5
7
5
7
5
4
3
-2
-1
-3
0
-2
-1
-2
-1
-1
-4
-2
-4
-1
-4
0
5
5
4
8
9
10
16
14
18
18
20
19
21
22
23
32
24
27
27
24
26
25
23
15
12
13
18
19
14
17
13
14
18
17
17
20
18
17
15
17
14
13
13
12
17
19
15
17
15
13
13
12
17
21
26
28
27
27
28
28
30
30
34
32
27
29
22
25
26
27
35
29
28
31
39
30
31
32
33
33
31
31
31
26
20
16
20
17
18
15
12
13
10
7
9
10
9
11
12
17
13
12
12
12
14
13
11
13
9
10
9
8
13
12
11
10
10
12
8
8
8
8
6
4
9
4
8
11
3
4
5
5
5
0
1
-1
-6
-7
-7
-4
-7
-10
-10
-8
-8
-6
-9
-8
-11
-12
-8
-8
-8
-7
-8
-9
-7
-7
-7
-7
-6
-5
-10
-7
-4
-10
-13
-12
-16
-17
-14
-10
-5
-5
-4
-13
-9
-11
-17
-10
1
10
7
8
1
4
3
3
5
1
-1
-2
-3
-6
-5
-6
-3
-4
-3
-3
-1
0
-3
-5
-10
-10
-10
-11
-9
-8
-9
-11
-10
-7
-7
-5
-4
-3
-4
-3
-1
3
4
-1
-2
4
6
4
3
6
5
-2
2
4
-2
-2
3
-7
-10
-9
-7
-4
-2
-5
-3
0
-2
2
-7
-5
-4
-6
-11
-7
1
5
-2
0
3
-4
-7
-7
-1
-4
0
1
4
6
8
10
1
-4
-5
-9
-6
-3
7
6
6
4
5
9
5
9
8
8
4
-2
5
1
-1
3
8
10
9
7
5
3
4
4
4
7
9
9
7
5
-1
0
-5
-5
-5
-2
3
-2
-2
-1
-2
-1
3
4
3
2
0
-2
-3
1
2
-2
1
-1
0
3
-4
-4
-4
6
6
0
6
7
11
8
3
1
0
-4
0
5
1
-1
1
3
1
3
7
6
5
8
11
10
10
10
13
14
16
18
15
16
13
11
9
8
8
8
9
7
10
6
7
9
9
6
5
9
4
4
5
0
4
1
1
3
-5
-3
1
7
11
12
14
18
17
15
16
19
19
20
19
16
14
11
10
6
7
7
6
6
5
7
11
6
7
6
3
5
4
3
1
-1
-1
-9
-5
-7
-12
-17
-13
-4
-8
-15
-13
-11
-13
-11
-11
-4
-7
-7
2
1
-2
0
3
7
4
5
0
-2
-2
-3
-3
-1
3
2
2
5
5
5
5
3
0
0
2
-2
0
-1
-9
-8
-11
-12
-10
-12
-12
-16
-16
-18
-18
-21
-20
-14
-15
-16
-14
-15
-15
-16
-15
-16
-19
-10
-18
-20
-12
-9
-3
-6
-3
-5
-4
-3
-1
-1
0
1
-5
-7
-5
-1
-3
-2
-4
-5
-10
-11
-13
-16
-17
-22
-25
-27
-30
-25
-24
-24
-21
-21
-20
-20
-21
-20
-21
-21
-23
-19
-18
-25
-24
-20
-19
-19
-22
-18
-20
-23
-17
-19
-20
-21
-19
-18
-18
-21
-21
-22
-21
-19
-20
-18
-21
-21
-24
-27
-23
-25
-27
-25
-25
-27
-24
-22
-24
-26
-23
-19
-18
-15
-18
-18
-22
-25
-28
-24
-23
-23
-21
-23
-28
-30
-29
-24
-25
-23
-23
-23
-17
-15
-14
-15
-19
-19
-21
-21
-29
-30
-25
-31
-31
-35
-35
-32
-30
-33
-29
-24
-24
-25
-23
-23
-21
-19
-23
-22
-19
-21
-22
-21
-18
-20
-22
-19
-21
-19
-18
-16
-16
-16
-16
-16
-8
-14
-15
-17
-21
-19
-20
-22
-26
-25
-22
-29
-23
-20
-22
-26
-27
-28
-32
-32
-27
-20
-23
-23
-27
-25
-27
-24
-24
-22
-19
-19
-15
-13
-12
-8
-6
-7
-4
-1
1
1
3
-2
-4
-7
-11
-11
-12
-10
-13
-17
-16
-17
-19
-18
-25
-24
-20
-20
-21
-21
-24
-25
-26
-23
-24
-24
-25
-22
-23
-23
-21
-23
-17
-18
-19
-16
-15
-13
-8
-10
-7
-7
-9
-4
-7
-8
-11
-11
-11
-17
-16
-14
-14
-17
-19
-23
-23
-21
-24
-23
-22
-21
-25
-20
-25
-28
-23
-21
-19
-27
-26
-29
-36
-31
-43
-43
-41
-43
-39
-40
-31
-35
-36
-33
-35
-30
-35
-37
-35
-34
-36
-39
-37
-41
-46
-46
-46
-43
-42
-45
-46
-45
-42
-46
-46
-46
-45
-41
-42
-43
-41
-42
-48
-53
-56
-57
-59
-63
-65
-65
-67
-70
-72
-68
-69
-70
-69
-69
-73
-70
-78
-83
-71
-60
-61
-69
-68
-63
-69
-72
-68
-70
-69
-68
-68
-70
-69
-65
-65
-65
-63
-60
-57
-61
-59
-59
-61
-62
-65
-66
-69
-66
-62
-63
-63
-63
-65
-68
-71
-69
-69
-68
-69
-66
-62
-62
-67
-66
-60
-61
-62
-61
-61
-68
-63
-59
-66
-60
-54
-56
-59
-58
-58
-53
-52
-51
-53
-48
-48
-47
-47
-47
-43
-45
-43
-44
-44
-42
-39
-43
-43
-43
-43
-42
-37
-36
-35
-33
-34
-33
-38
-35
-36
-33
-36
-40
-42
-39
-38
-38
-34
-34
-32
-30
-31
-31
-31
-28
-29
-32
-31
-25
-26
-31
-27
-29
-28
-29
-25
-22
-25
-23
-23
-21
-20
-17
-14
-16
-17
-14
-10
-14
-10
-8
-9
-7
-7
-8
-8
-10
-8
-7
-5
-5
-5
-1
-5
-3
5
11
5
7
8
3
6
5
4
11
18
15
14
15
14
14
15
17
7
6
11
15
15
16
12
10
14
17
18
17
21
20
21
18
20
19
20
21
25
27
26
26
28
28
27
25
30
31
33
36
38
43
42
44
46
49
47
49
45
42
41
39
44
44
49
52
50
43
47
50
50
58
58
56
56
55
56
55
51
50
49
53
48
48
49
48
51
49
51
51
54
58
55
60
63
59
61
60
65
67
63
66
68
69
66
71
70
68
80
79
72
73
76
76
72
75
76
72
74
70
71
71
74
72
73
74
75
75
71
69
68
67
62
69
71
71
70
72
70
70
72
75
74
73
77
81
80
79
81
84
86
90
90
89
92
93
89
91
94
94
91
92
95
97
94
91
92
88
88
87
81
78
81
75
80
84
87
94
87
91
89
86
87
87
88
86
83
84
85
88
87
91
89
90
93
91
92
94
93
95
94
94
96
102
103
104
108
106
104
105
100
103
103
102
102
103
103
98
97
95
96
97
98
95
99
93
90
98
94
86
92
94
90
92
88
93
90
90
90
88
92
92
94
96
97
100
99
96
97
100
100
99
98
98
98
102
102
102
102
98
95
95
94
94
96
96
97
97
98
98
92
94
98
99
96
99
99
102
103
101
102
96
97
102
98
98
97
103
104
103
104
105
105
104
105
104
105
107
105
105
102
99
95
94
93
95
91
91
91
90
92
93
95
99
102
102
102
101
106
105
105
112
111
106
101
101
100
101
101
97
111
116
107
109
106
107
109
105
98
97
102
105
104
99
96
88
85
89
91
88
87
86
87
83
82
81
82
83
86
85
85
86
86
86
82
82
79
81
82
81
80
78
80
83
81
85
87
88
89
83
87
86
91
85
82
93
87
83
84
87
86
81
84
83
83
77
77
74
77
77
75
77
75
74
74
69
71
72
67
68
66
65
65
68
71
69
64
65
60
68
65
75
48
74
72
55
66
63
80
62
83
71
65
80
75
79
70
87
82
74
75
73
81
72
74
66
65
69
59
57
48
55
49
53
53
46
50
51
48
44
50
50
43
47
44
38
43
42
38
37
41
38
43
46
46
49
48
53
48
48
46
49
46
43
45
39
44
37
37
41
34
33
39
32
34
39
44
42
43
40
41
42
33
31
31
30
29
23
24
24
23
23
23
23
24
25
25
28
23
21
21
24
21
19
21
24
25
22
22
24
26
28
27
32
30
33
33
35
33
27
30
34
35
36
37
35
25
28
31
25
23
26
26
25
22
22
23
18
21
24
24
25
25
25
26
26
23
22
21
22
21
21
19
22
22
24
26
27
32
34
32
35
36
39
40
37
33
32
34
34
33
35
37
34
31
30
30
32
38
37
40
37
36
37
34
31
29
35
33
32
31
27
28
31
34
35
35
40
41
41
40
37
40
38
38
42
41
44
43
42
40
39
38
41
39
40
43
43
41
40
43
50
45
47
46
49
43
46
42
61
97
97
102
117
133
105
104
107
80
67
42
17
-3
-8
-13
-46
-51
-42
-34
-33
-16
1
10
42
53
51
55
72
76
69
68
56
51
50
48
42
40
57
57
60
73
85
96
104
112
102
102
98
87
66
53
44
23
10
-2
-15
-10
-8
-8
-12
4
21
29
36
41
54
53
59
60
56
50
50
48
41
38
39
38
44
56
59
71
82
89
92
99
102
94
87
80
72
62
47
37
23
15
10
-1
-5
0
3
8
17
23
28
34
34
29
27
24
20
14
13
8
3
-2
0
3
4
10
14
22
30
35
42
50
50
48
47
46
38
33
28
21
15
6
4
-4
-1
-1
1
2
6
11
11
18
16
19
17
12
15
9
-2
-5
-9
-12
-12
-10
-7
-8
-1
0
-3
7
4
9
10
20
26
17
16
10
12
10
4
-1
2
2
2
3
4
6
11
14
16
19
18
19
16
13
8
7
4
-1
-3
-5
0
0
3
5
7
12
12
13
12
17
18
17
21
13
8
8
10
7
2
3
4
0
2
8
10
9
9
15
19
20
20
23
24
23
23
22
18
20
22
20
21
23
26
26
31
30
32
31
30
32
27
31
29
26
25
20
19
15
12
15
9
8
13
11
7
4
2
9
15
16
15
19
18
21
24
25
28
25
26
31
31
30
33
38
41
44
46
50
48
48
46
47
46
41
42
39
35
31
30
31
27
26
21
20
22
20
17
18
16
16
14
17
14
11
12
16
24
19
23
22
24
26
26
27
28
36
41
43
48
47
48
44
44
43
35
37
39
39
40
38
39
35
35
38
38
39
37
37
36
34
33
34
31
30
31
34
33
31
33
30
27
27
27
26
28
30
28
33
35
33
33
33
30
34
34
31
35
32
33
39
36
36
37
35
42
43
42
40
36
35
38
37
32
33
32
35
33
37
37
36
38
37
34
38
37
36
36
33
36
32
31
31
27
24
22
24
21
21
23
25
23
25
27
24
25
31
34
32
30
29
28
25
25
19
19
24
20
26
29
25
23
26
25
24
22
24
24
18
22
20
21
22
20
21
19
20
21
22
22
21
21
19
19
19
17
17
19
18
19
17
20
17
17
17
15
20
17
17
14
18
19
19
22
18
19
18
13
6
8
3
9
18
22
19
19
20
15
21
14
16
17
15
16
10
11
8
10
10
5
6
6
7
6
5
4
3
2
5
3
4
5
5
5
5
8
7
7
7
11
11
8
8
14
14
14
14
15
16
21
20
18
14
19
21
14
10
11
11
9
7
7
10
11
9
7
10
8
7
8
5
5
6
7
5
4
5
3
2
0
-1
4
4
4
3
6
9
5
7
7
8
10
12
10
7
6
7
12
14
18
19
21
26
29
28
32
32
29
30
28
34
28
24
27
22
24
26
26
27
26
26
24
23
22
23
24
24
23
20
20
18
24
21
16
20
17
21
18
19
19
19
22
21
23
19
23
27
30
33
34
36
36
38
38
39
41
40
50
51
45
46
49
48
44
41
34
29
32
32
35
37
35
31
26
30
30
28
26
24
23
22
21
21
20
21
21
21
18
19
22
16
17
17
15
15
16
17
18
19
19
21
21
17
18
18
21
25
23
23
18
21
23
26
32
29
28
28
30
27
28
27
26
25
24
27
28
27
26
28
24
28
25
26
23
23
24
23
23
26
25
20
23
19
17
15
17
18
16
16
14
14
16
15
18
16
12
14
24
25
19
19
19
18
18
15
11
14
16
19
20
25
22
24
30
30
29
28
29
27
27
28
28
28
27
24
26
29
29
27
23
24
26
25
24
26
24
22
24
23
22
19
18
16
13
12
10
10
6
2
-5
-4
-2
-3
-3
-3
-3
0
-5
-9
-1
-5
-4
2
10
12
10
11
9
8
12
12
15
13
14
11
9
14
13
14
16
14
14
13
14
15
11
9
5
5
-1
-3
-1
0
1
0
-2
-4
-7
-8
-9
-8
-9
-9
-6
-5
-6
-8
-7
-5
-7
-8
-5
-2
-3
3
-2
-5
-6
-1
0
-4
-4
0
3
1
2
5
8
10
12
8
12
15
15
19
17
21
19
21
20
20
24
20
20
20
18
18
17
15
11
15
17
15
15
15
9
9
10
10
8
9
14
15
13
14
15
16
16
12
13
12
13
11
7
13
14
15
18
16
20
22
19
21
19
24
24
26
23
26
31
28
25
25
26
25
26
28
27
28
25
23
22
23
28
23
23
23
27
32
25
24
27
22
21
20
20
19
24
23
17
20
22
16
13
9
9
4
2
10
11
11
8
6
4
8
12
17
14
14
14
16
17
18
23
24
24
29
29
29
33
34
34
36
35
34
34
36
35
36
39
37
35
37
33
28
32
33
31
23
21
23
23
28
27
24
21
24
23
21
25
24
25
23
20
22
24
20
21
22
24
22
22
20
24
28
30
31
29
30
26
32
33
34
36
34
33
34
34
34
32
33
30
28
29
31
26
29
33
33
32
30
30
26
29
25
25
25
20
25
26
27
23
23
25
23
23
20
18
19
20
18
16
18
17
15
15
15
17
19
16
17
20
17
17
18
18
15
17
17
18
18
20
16
14
12
13
13
14
9
8
15
13
13
13
17
16
14
9
4
11
2
1
11
18
21
17
14
14
14
13
14
16
14
13
10
8
11
11
12
12
14
16
13
9
10
7
5
4
5
3
-3
1
3
4
4
4
4
5
4
9
7
8
8
10
18
14
14
16
18
18
18
23
23
16
20
24
20
19
21
26
22
18
21
24
25
29
26
26
25
25
23
25
27
26
26
26
26
23
22
21
19
18
18
19
17
14
14
13
12
17
15
14
21
16
16
16
16
17
13
12
15
14
19
21
21
24
20
24
23
21
23
20
22
18
19
20
22
24
24
27
26
28
24
23
23
25
22
23
23
21
23
18
21
18
19
17
18
20
17
19
18
16
15
14
16
11
12
15
20
20
18
20
16
16
14
18
19
16
23
22
25
28
23
22
23
18
18
17
17
20
21
23
20
19
18
25
27
21
22
21
24
25
25
26
29
30
33
33
33
33
35
32
31
31
30
32
28
25
27
27
28
27
28
27
21
23
26
27
26
26
26
23
25
30
23
25
26
26
23
22
26
23
23
22
21
23
22
20
21
21
22
24
20
24
22
22
24
24
22
24
21
22
26
20
17
15
19
19
19
19
20
22
16
16
18
16
19
21
19
17
17
16
17
17
15
13
13
12
9
12
14
14
12
16
14
12
12
7
6
8
8
11
10
10
11
12
13
14
18
18
18
19
17
19
18
21
19
16
18
18
16
17
16
16
13
11
10
9
11
10
11
11
13
17
15
12
12
13
8
8
7
4
6
13
18
17
14
7
11
15
15
16
17
15
14
13
13
13
15
14
13
12
17
16
15
15
10
8
11
7
6
7
7
7
4
3
5
5
1
2
1
4
3
1
9
3
3
6
5
8
4
8
13
11
5
10
6
4
6
5
6
4
3
5
5
7
9
6
4
3
2
1
3
4
4
1
-1
-1
-1
-2
-3
-7
-4
-3
-8
-4
-3
-5
-8
-8
-7
-5
-3
-5
-6
-5
-10
-14
-15
-10
-6
-4
-6
-6
-6
-4
-3
1
1
-3
-3
0
-2
-4
-3
-1
2
3
1
1
1
0
3
3
4
8
6
7
6
6
9
9
9
9
10
13
14
14
11
12
11
11
12
10
15
14
10
9
14
17
15
13
13
12
11
11
11
9
17
18
13
15
9
7
6
8
8
4
5
6
10
7
6
8
3
10
14
15
13
13
15
11
13
16
16
17
20
25
25
25
26
27
24
24
22
24
22
21
25
21
18
21
17
16
14
11
10
10
10
7
0
3
0
-5
-1
-7
-11
-6
-4
-7
-10
-14
-13
-13
-19
-15
-13
-13
-12
-15
-10
-10
-8
-9
-8
-5
-4
-5
-2
-5
-2
0
2
4
1
1
1
4
5
6
6
4
6
5
6
10
7
7
8
7
6
4
7
2
0
-5
-7
-7
-12
-11
-7
-7
-13
-9
-11
-15
-15
-15
-19
-20
-19
-19
-15
-18
-15
-15
-14
-12
-15
-10
-11
-9
-8
-7
-9
-4
-7
-3
-3
-3
-2
-2
1
0
0
-3
-1
-4
-6
-7
-4
-5
-8
-8
-8
-11
-10
-5
-18
-24
-18
-18
-17
-11
-5
-8
-12
-15
-16
-17
-17
-16
-20
-19
-19
-25
-27
-27
-23
-29
-28
-29
-30
-26
-28
-30
-33
-31
-31
-31
-31
-35
-32
-33
-34
-35
-33
-30
-32
-31
-30
-31
-29
-33
-29
-27
-29
-29
-27
-26
-29
-27
-23
-26
-26
-27
-30
-37
-35
-32
-32
-32
-34
-32
-28
-30
-30
-31
-32
-34
-35
-32
-34
-33
-33
-36
-37
-36
-39
-42
-40
-40
-41
-40
-36
-35
-37
-36
-38
-35
-35
-35
-32
-30
-31
-30
-35
-34
-36
-39
-32
-26
-28
-31
-26
-29
-23
-18
-19
-17
-22
-22
-19
-21
-22
-22
-19
-17
-17
-16
-16
-14
-17
-18
-18
-16
-13
-17
-18
-19
-19
-20
-22
-22
-22
-22
-22
-22
-20
-22
-24
-22
-23
-24
-22
-21
-23
-29
-25
-18
-18
-20
-22
-21
-20
-20
-21
-25
-22
-13
-17
-14
-16
-22
-23
-22
-17
-24
-23
-21
-14
-18
-20
-20
-20
-15
-13
-13
-14
-13
-15
-14
-14
-14
-14
-15
-14
-12
-11
-9
-11
-14
-13
-14
-15
-15
-17
-17
-15
-16
-20
-21
-23
-23
-20
-23
-22
-19
-22
-23
-23
-27
-29
-34
-30
-27
-29
-29
-25
-23
-26
-25
-26
-21
-19
-20
-16
-17
-18
-13
-14
-13
-13
-15
-15
-11
-10
-13
-11
-11
-10
-9
-10
-11
-13
-11
-15
-10
-11
-15
-15
-15
-16
-15
-15
-20
-19
-19
-17
-18
-17
-23
-26
-24
-26
-29
-33
-35
-32
-33
-31
-30
-32
-31
-33
-30
-33
-31
-31
-32
-31
-33
-30
-28
-29
-33
-29
-27
-26
-23
-21
-23
-21
-23
-21
-19
-25
-22
-24
-22
-21
-24
-24
-22
-23
-25
-26
-26
-31
-33
-30
-32
-33
-37
-35
-34
-39
-38
-39
-49
-50
-51
-51
-42
-35
-34
-39
-43
-41
-34
-32
-35
-35
-34
-36
-38
-37
-36
-36
-33
-35
-30
-28
-28
-28
-29
-30
-31
-30
-29
-29
-31
-29
-29
-26
-26
-25
-27
-23
-26
-26
-23
-27
-25
-23
-22
-25
-24
-25
-24
-28
-28
-23
-21
-25
-23
-22
-29
-33
-31
-29
-33
-34
-32
-29
-31
-32
-33
-31
-31
-30
-31
-31
-31
-31
-31
-31
-27
-31
-30
-32
-33
-30
-30
-28
-25
-25
-26
-26
-27
-22
-23
-21
-22
-22
-22
-24
-23
-24
-22
-23
-21
-19
-19
-23
-20
-13
-13
-15
-19
-18
-20
-15
-22
-26
-24
-26
-21
-20
-20
-23
-20
-19
-22
-22
-21
-20
-20
-23
-25
-25
-30
-26
-29
-29
-29
-28
-28
-27
-27
-28
-27
-29
-25
-27
-24
-23
-27
-27
-19
-19
-19
-18
-20
-16
-17
-15
-15
-14
-4
-7
-6
-2
-3
-8
-11
-13
-16
-13
-12
-12
-9
-11
-15
-15
-16
-12
-10
-11
-13
-13
-14
-13
-14
-15
-15
-15
-11
-7
-7
-5
-4
-8
-10
-11
-9
-9
-7
-6
-4
-3
-6
-3
-5
-5
-6
-3
-2
-3
-2
-3
-4
-7
-5
-6
-5
-3
0
0
0
4
2
3
6
4
7
6
2
3
4
1
1
-2
-1
-1
-3
-2
-6
-4
-6
-7
-8
-7
-5
-7
-11
-10
-11
-11
-10
-10
-9
-11
-11
-8
-11
-11
-8
-6
-5
-7
-4
-8
-7
-11
-13
-13
-15
-15
-17
-13
-7
-9
-9
-8
-8
-4
-10
-7
-8
-10
-10
-8
-6
-8
-9
-11
-15
-9
-9
-13
-9
-13
-13
-11
-7
-8
-10
-12
-10
-11
-9
-10
-9
-8
-9
-9
-14
-9
-11
-14
-11
-12
-12
-10
-8
-10
-11
-8
-18
-14
-13
-25
-17
-10
-5
2
-2
-1
-4
-3
-4
-7
-2
-2
-2
-5
-5
-4
-2
-3
-5
-2
-1
-4
-2
1
1
0
-4
2
-3
1
1
3
5
2
4
1
-4
-6
-5
-8
-7
-10
-8
-13
-13
-10
-10
-13
-11
-9
-4
-5
-6
-1
-4
-12
-11
-4
-7
-8
-2
-2
-2
-4
-1
2
1
4
4
11
9
12
16
16
16
20
17
18
20
16
16
16
14
13
13
9
9
9
9
8
8
4
6
5
5
-3
-8
-1
3
3
-1
0
0
2
2
5
7
4
7
8
10
11
10
16
21
25
27
35
34
35
40
42
48
51
53
54
57
58
62
63
64
63
64
64
64
66
64
64
60
64
59
64
67
70
73
85
103
112
125
132
146
147
153
159
165
164
168
159
150
153
141
138
118
119
106
91
92
90
99
86
89
76
83
71
78
64
54
48
30
24
1
3
-13
-15
-23
-28
-26
-33
-22
-33
-27
-30
-25
-32
-34
-30
-39
-36
-57
-60
-77
-84
-94
-115
-125
-134
-136
-149
-148
-166
-159
-167
-163
-167
-166
-156
-159
-159
-158
-158
-162
-155
-162
-157
-159
-159
-162
-163
-154
-148
-131
-116
-94
-59
-13
33
91
156
224
287
354
419
479
538
587
636
673
706
736
759
772
787
795
811
816
814
828
820
808
772
743
695
638
559
471
372
262
144
10
-119
-258
-392
-529
-660
-788
-912
-1022
-1153
-1244
-1371
-1462
-1562
-1666
-1736
-1822
-1886
-1933
-1969
-1989
-1972
-1932
-1786
-1677
-1479
-1289
-1034
-769
-493
-218
65
345
601
814
971
1150
1261
1364
1390
1411
1409
1384
1354
1302
1247
1201
1163
1099
1028
959
912
850
773
675
558
448
313
149
-23
-190
-343
-515
-684
-825
-926
-995
-1047
-1083
-1056
-990
-885
-740
-586
-388
-167
43
267
467
691
903
1083
1242
1389
1529
1649
1737
1801
1855
1887
1898
1864
1814
1758
1675
1548
1395
1219
1051
839
609
363
118
-140
-428
-709
-1011
-1290
-1604
-1885
-2184
-2462
-2696
-2923
-3119
-3294
-3427
-3506
-3548
-3549
-3483
-3349
-3088
-2849
-2511
-2176
-1750
-1322
-909
-482
-77
346
705
1015
1262
1548
1731
1936
2043
2138
2223
2254
2275
2251
2214
2168
2111
2014
1907
1759
1639
1489
1306
1097
871
649
408
144
-121
-362
-596
-833
-1067
-1263
-1415
-1527
-1615
-1679
-1690
-1659
-1591
-1493
-1379
-1213
-1031
-828
-614
-371
-86
209
515
823
1138
1449
1765
2037
2303
2525
2729
2861
2944
2974
2959
2889
2739
2559
2320
2097
1812
1533
1204
909
587
283
-22
-330
-601
-905
-1195
-1500
-1799
-2091
-2359
-2678
-2961
-3273
-3543
-3795
-4066
-4246
-4418
-4507
-4548
-4516
-4354
-4016
-3697
-3177
-2701
-2068
-1412
-793
-131
427
1003
1455
1808
2054
2340
2493
2685
2735
2752
2754
2686
2644
2535
2466
2384
2339
2245
2144
2020
1931
1805
1622
1393
1118
860
543
216
-164
-512
-864
-1217
-1563
-1860
-2069
-2189
-2282
-2333
-2285
-2194
-2012
-1825
-1604
-1334
-1065
-768
-483
-204
118
434
734
1039
1346
1681
2021
2324
2623
2885
3136
3333
3459
3540
3555
3514
3384
3191
2937
2670
2341
1970
1564
1158
735
322
-76
-448
-795
-1120
-1401
-1652
-1883
-2055
-2255
-2426
-2619
-2846
-3030
-3269
-3495
-3760
-3992
-4178
-4329
-4449
-4470
-4403
-4098
-3807
-3337
-2787
-2152
-1387
-733
12
672
1366
1950
2412
2698
2993
3134
3222
3234
3098
3037
2866
2756
2608
2494
2430
2386
2361
2314
2271
2233
2242
2119
1963
1698
1429
1087
692
232
-263
-722
-1229
-1705
-2152
-2493
-2737
-2874
-2982
-2962
-2870
-2673
-2415
-2143
-1812
-1491
-1161
-817
-556
-230
66
333
605
843
1126
1408
1691
1953
2238
2469
2713
2861
2981
3073
3050
2996
2833
2615
2347
2008
1601
1165
679
163
-346
-853
-1289
-1722
-2054
-2339
-2558
-2713
-2795
-2836
-2845
-2864
-2949
-3016
-3182
-3352
-3625
-3892
-4179
-4396
-4588
-4746
-4755
-4682
-4314
-4038
-3463
-2917
-2200
-1431
-724
113
796
1533
2054
2503
2710
2926
2952
2963
2846
2605
2435
2152
1981
1767
1639
1515
1483
1452
1388
1347
1328
1370
1262
1140
877
635
301
-68
-530
-1034
-1502
-2021
-2455
-2924
-3231
-3467
-3553
-3607
-3528
-3350
-3072
-2709
-2365
-1944
-1591
-1152
-777
-407
-52
238
602
844
1141
1376
1695
1995
2283
2526
2788
3013
3198
3355
3394
3455
3376
3271
3048
2764
2457
2046
1569
1032
469
-69
-578
-1067
-1411
-1682
-1851
-1922
-1955
-1885
-1918
-1903
-2031
-2225
-2467
-2669
-2926
-3167
-3433
-3702
-3936
-4149
-4160
-3931
-3676
-3232
-2713
-2087
-1309
-627
180
839
1496
2063
2518
2720
2910
2924
2917
2804
2532
2280
1965
1760
1552
1307
1148
1078
1020
951
871
847
921
948
851
667
416
132
-244
-692
-1231
-1714
-2253
-2723
-3220
-3614
-3883
-4030
-4114
-4101
-3969
-3707
-3332
-2971
-2520
-2100
-1596
-1059
-626
-156
267
742
1105
1428
1752
2119
2453
2715
2961
3163
3422
3539
3675
3693
3745
3700
3585
3386
3174
2899
2533
2066
1580
1090
561
84
-337
-645
-895
-1019
-1010
-941
-864
-837
-895
-953
-1134
-1336
-1528
-1664
-1804
-1827
-1874
-1672
-1284
-950
-394
27
710
1314
1879
2414
2867
3206
3344
3440
3396
3421
3302
3209
2955
2656
2443
2110
1863
1566
1315
1051
836
652
515
421
448
525
548
504
337
173
-65
-348
-728
-1091
-1474
-1925
-2345
-2741
-3028
-3260
-3405
-3506
-3451
-3343
-3078
-2756
-2357
-1897
-1406
-894
-350
183
713
1257
1654
2098
2431
2765
3042
3291
3476
3663
3761
3863
3905
3893
3909
3830
3721
3548
3346
3095
2780
2341
1930
1419
931
390
-41
-438
-733
-929
-1073
-1078
-1118
-1196
-1387
-1552
-1788
-1974
-2254
-2413
-2604
-2498
-2418
-2285
-2074
-1840
-1340
-857
-221
363
886
1123
1585
1852
2246
2497
2594
2690
2526
2344
2087
1828
1475
1127
771
453
176
-16
-191
-340
-346
-321
-302
-329
-383
-434
-564
-708
-962
-1252
-1647
-2063
-2541
-2976
-3393
-3715
-3963
-4152
-4198
-4181
-3985
-3770
-3355
-2909
-2437
-1889
-1344
-731
-195
326
823
1289
1649
1998
2265
2520
2737
2842
2983
3003
3066
3040
3000
2894
2820
2660
2448
2184
1874
1588
1139
761
300
-26
-442
-775
-1079
-1327
-1573
-1901
-2104
-2443
-2665
-3018
-3226
-3467
-3373
-3275
-3089
-2715
-2398
-1786
-1411
-764
-186
546
1209
1858
2336
2712
2961
2980
3090
2862
2736
2426
2174
1847
1508
1219
956
834
635
558
409
471
490
524
525
450
421
235
104
-225
-455
-872
-1261
-1697
-2138
-2495
-2886
-3129
-3407
-3440
-3503
-3315
-3144
-2805
-2400
-1994
-1434
-954
-338
118
664
1068
1517
1842
2128
2407
2571
2762
2789
2906
2870
2902
2824
2771
2671
2543
2421
2185
2011
1715
1497
1141
852
520
236
-40
-319
-498
-753
-968
-1333
-1630
-2059
-2401
-2762
-2921
-2937
-3081
-2928
-2852
-2387
-1918
-1250
-476
333
1219
1998
2656
2926
3299
3342
3411
3153
2836
2490
1954
1417
821
432
-61
-295
-563
-665
-793
-814
-693
-642
-483
-446
-295
-305
-284
-428
-627
-855
-1232
-1545
-1959
-2251
-2597
-2811
-3045
-3146
-3160
-3083
-2883
-2694
-2244
-1917
-1428
-984
-467
32
442
879
1230
1612
1834
2127
2238
2431
2471
2521
2539
2478
2495
2376
2324
2154
2081
1895
1737
1529
1348
1141
854
651
379
195
-84
-252
-490
-760
-1079
-1461
-1753
-2130
-2372
-2439
-2570
-2505
-2400
-2111
-1675
-1228
-669
-145
425
940
1374
1435
1447
1132
827
503
81
-211
-647
-934
-1392
-1608
-1792
-1984
-2081
-2147
-2056
-2069
-1805
-1676
-1484
-1363
-1180
-1005
-937
-876
-1028
-1133
-1456
-1732
-2108
-2459
-2815
-3142
-3415
-3652
-3741
-3770
-3624
-3454
-3093
-2715
-2262
-1773
-1273
-715
-228
229
638
1059
1368
1663
1861
2063
2179
2251
2295
2267
2270
2220
2181
2081
2014
1924
1834
1701
1566
1435
1244
1105
876
738
497
300
79
-175
-514
-874
-1267
-1571
-1754
-2092
-2090
-2160
-1931
-1725
-1407
-880
-322
363
994
1600
1975
2368
2368
2344
2108
1791
1669
1298
1065
695
410
8
-375
-685
-888
-878
-860
-614
-515
-265
-138
76
221
314
362
246
176
-110
-336
-691
-1007
-1339
-1669
-1947
-2171
-2263
-2321
-2213
-2083
-1706
-1373
-956
-478
17
577
1004
1454
1827
2211
2455
2691
2805
2934
2976
2951
2903
2767
2719
2567
2431
2257
2134
2005
1859
1739
1586
1498
1319
1241
1072
923
725
423
139
-348
-732
-1264
-1491
-1766
-1994
-1974
-1957
-1577
-1318
-759
-248
363
878
1127
1149
1061
1130
833
736
432
126
-111
-516
-797
-1193
-1327
-1594
-1707
-1873
-1792
-1616
-1373
-952
-710
-245
19
366
543
696
766
778
703
455
247
-128
-446
-881
-1289
-1695
-1992
-2208
-2364
-2384
-2299
-1996
-1713
-1305
-869
-329
193
670
1110
1515
1912
2180
2425
2541
2651
2666
2621
2506
2351
2221
2051
1918
1755
1676
1627
1647
1690
1729
1830
1913
1963
1926
1804
1615
1323
1000
561
218
27
-269
-341
-513
-469
-531
-593
-603
-724
-817
-1019
-1220
-1530
-1575
-1722
-1792
-1860
-2054
-2109
-2255
-2253
-2343
-2284
-2145
-2000
-1802
-1586
-1211
-948
-498
-200
194
539
825
1148
1296
1440
1446
1419
1221
972
652
275
-120
-588
-1023
-1424
-1733
-1947
-2048
-2071
-1922
-1658
-1363
-949
-518
23
549
1004
1450
1874
2226
2498
2642
2689
2733
2620
2498
2264
2029
1822
1589
1344
1157
1064
1031
1071
1042
1192
1239
1310
1251
1130
907
592
160
-313
-619
-1168
-1464
-1903
-2175
-2392
-2668
-2756
-2875
-2837
-2834
-2660
-2569
-2209
-1902
-1674
-1401
-1408
-1213
-1257
-1252
-1262
-1287
-1287
-1445
-1504
-1618
-1572
-1589
-1374
-1144
-886
-501
-197
180
433
696
847
949
894
750
584
271
-43
-467
-896
-1304
-1683
-1940
-2175
-2262
-2172
-1987
-1722
-1348
-841
-302
279
783
1313
1794
2189
2496
2651
2786
2818
2734
2552
2259
1966
1633
1291
923
741
607
585
594
707
924
1011
1180
1170
1151
968
727
553
370
13
-161
-440
-692
-1079
-1424
-1644
-1922
-2125
-2197
-2262
-2324
-2124
-2064
-1819
-1630
-1463
-1221
-1125
-1113
-1161
-1125
-1121
-1271
-1318
-1325
-1274
-1254
-1085
-959
-732
-484
-254
7
168
404
576
708
689
651
563
366
101
-262
-620
-998
-1342
-1624
-1882
-2028
-2045
-1908
-1758
-1457
-1075
-533
-43
403
906
1398
1833
2120
2336
2460
2521
2427
2233
1926
1579
1282
856
542
259
209
159
277
394
620
829
899
994
898
880
821
868
673
701
470
361
56
-270
-604
-1008
-1343
-1595
-1886
-2063
-2019
-2072
-1913
-1831
-1754
-1532
-1408
-1296
-1189
-1122
-965
-1020
-1017
-1005
-855
-795
-628
-551
-366
-137
48
269
396
604
781
870
840
805
760
672
477
225
-26
-245
-510
-700
-922
-1001
-962
-837
-691
-457
-67
397
846
1204
1667
2104
2477
2726
2870
2994
3005
2895
2663
2375
2055
1746
1411
1091
924
808
904
979
1050
1212
1244
1238
1078
882
873
813
676
729
607
569
168
-230
-807
-1388
-2073
-2530
-2890
-2910
-2709
-2608
-2221
-2124
-1873
-1594
-1367
-1114
-907
-668
-499
-388
-300
-248
-147
-87
127
156
334
453
641
770
820
961
1021
1075
971
941
872
762
605
373
173
-13
-211
-353
-483
-511
-438
-293
-145
137
460
873
1238
1518
1924
2229
2479
2651
2709
2750
2668
2488
2241
1941
1600
1305
990
725
556
489
475
374
272
146
-14
-275
-494
-540
-792
-845
-928
-962
-976
-1152
-1081
-1064
-982
-1022
-872
-877
-692
-577
-355
-29
49
382
508
537
620
668
762
667
593
521
536
491
504
611
647
838
853
988
993
996
1041
975
833
586
415
166
-108
-427
-716
-933
-1184
-1318
-1461
-1464
-1400
-1231
-1014
-779
-400
-17
440
721
1060
1403
1666
1820
1880
1907
1859
1707
1435
1157
812
511
256
-35
-198
-335
-313
-406
-493
-647
-742
-994
-1129
-1140
-1395
-1348
-1559
-1446
-1588
-1557
-1451
-1367
-1340
-1447
-1416
-1551
-1437
-1555
-1511
-1537
-1733
-1750
-1974
-2096
-2259
-2238
-2141
-2241
-2145
-2125
-1841
-1695
-1394
-1172
-908
-585
-436
-127
-6
234
399
470
431
300
309
141
-25
-307
-491
-620
-805
-852
-980
-847
-737
-472
-275
31
453
875
1316
1567
1965
2282
2547
2633
2659
2647
2534
2339
2006
1708
1357
1096
815
564
397
347
305
212
58
-81
-273
-485
-460
-734
-723
-838
-752
-840
-947
-944
-963
-912
-1064
-950
-987
-717
-683
-592
-491
-519
-319
-346
-441
-421
-349
-202
-276
-204
-95
212
439
648
829
907
1113
1012
1020
876
835
849
742
620
360
283
87
-152
-439
-703
-826
-1001
-1075
-1234
-1158
-1016
-832
-628
-381
36
440
827
1111
1403
1728
1930
2026
2019
1982
1875
1654
1357
999
726
468
225
23
-137
-209
-299
-370
-504
-666
-770
-669
-815
-830
-832
-747
-659
-749
-616
-517
-293
-240
-61
-96
105
60
55
35
-134
-20
-1
-5
-58
23
275
399
517
638
880
1080
1292
1455
1557
1823
1868
2001
1913
1863
1882
1823
1673
1375
1250
1056
823
506
207
42
-158
-269
-404
-371
-254
-53
131
376
698
1076
1461
1688
1953
2214
2376
2414
2358
2208
2041
1702
1361
938
556
218
-21
-270
-420
-641
-772
-975
-1257
-1563
-1561
-1664
-1820
-1794
-1890
-1680
-1838
-1665
-1571
-1307
-1169
-997
-997
-1018
-909
-1000
-753
-781
-630
-401
-367
-238
-224
-101
0
-87
-94
-93
21
40
188
165
322
406
433
517
397
476
435
327
80
-133
-281
-533
-781
-1128
-1278
-1423
-1570
-1571
-1678
-1422
-1291
-990
-741
-385
103
522
901
1121
1541
1674
1863
1764
1697
1591
1284
985
578
194
-122
-469
-696
-899
-1077
-1175
-1272
-1416
-1577
-1475
-1691
-1529
-1613
-1350
-1219
-1127
-787
-645
-363
-293
-24
16
274
219
136
-24
-345
-492
-713
-886
-915
-977
-873
-843
-720
-525
-294
-57
146
389
532
798
915
1084
1142
1189
1314
1292
1198
1027
960
833
621
367
203
147
-6
-47
-79
26
205
389
625
872
1186
1583
1893
2089
2303
2483
2561
2481
2282
2079
1784
1373
979
509
196
-135
-370
-612
-871
-1037
-1148
-1315
-1329
-1334
-1318
-999
-854
-409
-225
184
579
944
1158
1263
1241
1180
1067
667
462
-66
-431
-845
-1278
-1521
-1790
-1857
-1944
-2079
-2004
-1982
-1820
-1675
-1513
-1400
-1128
-888
-766
-573
-526
-321
-277
-269
-391
-465
-478
-596
-756
-934
-957
-937
-917
-942
-808
-573
-221
-18
298
653
1109
1489
1767
1998
2194
2387
2307
2218
1923
1712
1365
944
516
74
-221
-494
-794
-1008
-1277
-1355
-1570
-1458
-1636
-1651
-1526
-1471
-1167
-1207
-734
-534
-109
29
383
651
959
1333
1407
1699
1587
1530
1317
774
373
45
-174
-455
-793
-916
-1026
-1002
-1056
-954
-880
-592
-359
-205
-16
-8
205
239
193
54
-2
-8
-166
-325
-491
-486
-508
-556
-476
-435
-117
113
417
714
1053
1507
1825
2029
2143
2338
2334
2250
1981
1679
1372
911
476
32
-436
-710
-989
-1201
-1490
-1707
-1916
-1907
-1964
-2149
-1937
-1881
-1497
-1516
-1242
-939
-586
-285
-46
215
486
891
802
840
562
475
460
279
96
5
55
135
22
-35
-85
-88
-164
-225
-317
-339
-277
-403
-414
-574
-520
-532
-634
-821
-919
-935
-1041
-1198
-1360
-1355
-1394
-1306
-1295
-1153
-940
-537
-249
76
407
854
1315
1539
1794
1930
2155
2045
1937
1620
1319
916
449
-7
-525
-849
-1119
-1341
-1628
-1833
-1908
-1760
-1994
-1911
-1797
-1399
-1174
-908
-503
-125
330
581
954
970
1326
1323
1360
1139
781
646
390
-3
-393
-503
-474
-617
-706
-663
-505
-271
-65
99
167
440
553
786
811
934
1097
1077
992
763
756
552
361
107
-35
-59
-96
-96
-54
121
393
663
922
1215
1558
1917
2145
2279
2349
2445
2256
2064
1680
1280
824
266
-218
-794
-1200
-1565
-1852
-2164
-2445
-2499
-2393
-2502
-2295
-2057
-1510
-1228
-788
-322
175
635
986
1410
1582
2023
2090
2287
2035
1593
1241
740
219
-252
-538
-797
-1133
-1345
-1491
-1475
-1501
-1377
-1218
-1004
-652
-459
-163
-135
90
239
271
205
98
163
31
-82
-242
-254
-277
-242
-199
-128
114
428
720
977
1286
1662
1989
2154
2270
2342
2409
2223
1997
1646
1274
816
300
-192
-793
-1143
-1522
-1854
-2181
-2365
-2181
-2335
-2165
-2108
-1731
-1511
-1290
-864
-461
150
541
1167
1401
1831
2020
2215
2193
1901
1789
1563
1226
956
741
681
459
347
251
249
297
338
540
604
906
1001
1194
1179
1226
1345
1279
1160
939
896
704
469
207
39
-108
-178
-235
-205
-60
232
506
749
1056
1396
1774
1920
2087
2098
2185
1993
1726
1380
896
469
-145
-638
-1257
-1655
-2029
-2369
-2692
-2946
-2818
-2995
-2819
-2702
-2263
-1849
-1448
-800
-249
442
949
1629
2032
2504
2696
2846
2804
2541
2366
2107
1584
1081
627
268
-174
-566
-808
-952
-966
-995
-877
-823
-564
-398
-155
-133
-57
9
-108
-271
-507
-583
-781
-956
-1130
-1134
-1170
-1120
-1068
-925
-705
-382
-10
258
625
974
1411
1599
1772
1842
1892
1767
1476
1154
681
236
-368
-884
-1514
-1973
-2381
-2705
-3046
-3139
-3082
-3109
-2868
-2684
-2159
-1807
-1226
-675
-52
465
995
1503
1881
2297
2404
2611
2475
2274
1962
1458
876
299
-169
-530
-1012
-1363
-1616
-1684
-1779
-1774
-1770
-1702
-1549
-1485
-1221
-1157
-920
-823
-772
-828
-837
-742
-865
-963
-1154
-1116
-1092
-1019
-926
-716
-316
1
334
656
1119
1488
1795
1949
2071
2138
2045
1813
1436
969
443
-178
-827
-1509
-2078
-2507
-2961
-3351
-3560
-3472
-3617
-3392
-3247
-2728
-2369
-1825
-1170
-578
86
610
1259
1638
2168
2407
2729
2770
2655
2507
2089
1682
1298
957
702
335
98
-162
-278
-405
-518
-556
-626
-564
-638
-600
-731
-749
-757
-894
-1081
-1223
-1202
-1333
-1433
-1506
-1457
-1403
-1318
-1187
-963
-629
-240
146
479
842
1240
1613
1790
1904
1953
1954
1705
1377
932
457
-137
-732
-1342
-1928
-2395
-2798
-3114
-3201
-3208
-3300
-3063
-2910
-2457
-2163
-1586
-982
-351
261
851
1444
1934
2437
2626
2913
2808
2692
2490
2181
1877
1625
1432
1188
822
597
499
511
463
373
237
138
116
-20
-74
-254
-270
-383
-602
-890
-1110
-1241
-1537
-1747
-1934
-1915
-1855
-1758
-1606
-1328
-887
-420
-64
345
802
1274
1639
1809
1948
2054
2017
1738
1397
880
379
-278
-950
-1643
-2215
-2658
-2989
-3327
-3298
-3403
-3370
-3159
-2951
-2487
-2171
-1502
-968
-253
214
844
1299
1832
2241
2495
2904
3065
3341
3446
3435
3347
3289
3201
2978
2683
2447
2165
1964
1715
1637
1542
1589
1558
1495
1434
1254
1256
1048
826
424
197
-56
-406
-679
-949
-989
-1044
-1075
-1029
-818
-456
-98
198
552
954
1338
1591
1707
1775
1839
1682
1356
925
357
-202
-861
-1558
-2187
-2769
-3115
-3533
-3700
-3727
-3841
-3512
-3275
-2713
-2406
-1761
-1164
-462
139
717
1357
1832
2424
2590
2904
2894
2856
2724
2274
1814
1462
1043
770
353
185
0
-41
-125
-201
-197
-189
-68
-148
-41
-129
40
61
-20
-178
-323
-327
-605
-792
-1001
-1018
-964
-931
-828
-644
-268
115
462
819
1215
1646
1956
2087
2140
2177
2099
1753
1332
716
124
-588
-1383
-2075
-2783
-3163
-3651
-3859
-3897
-4014
-3872
-3698
-3342
-3018
-2562
-1975
-1356
-757
-260
348
742
1309
1551
1798
1922
1860
1994
1891
1739
1643
1593
1583
1421
1364
1428
1539
1597
1601
1671
1653
1740
1611
1497
1234
1067
939
620
270
-157
-340
-707
-1060
-1418
-1577
-1629
-1675
-1617
-1505
-1206
-833
-391
-14
376
825
1291
1549
1676
1765
1810
1631
1252
783
255
-321
-978
-1603
-2202
-2684
-3104
-3444
-3473
-3676
-3683
-3474
-3165
-2711
-2323
-1580
-910
-162
440
1145
1749
2457
3008
3357
3593
3491
3445
3135
2676
2149
1607
1042
365
-192
-468
-686
-739
-806
-635
-471
-174
102
306
509
669
1007
1050
957
750
722
575
292
7
-220
-244
-329
-336
-345
-183
164
512
785
1061
1468
1876
2110
2164
2237
2257
2072
1717
1183
592
-45
-760
-1483
-2215
-2794
-3160
-3525
-3611
-3765
-3776
-3526
-3276
-2853
-2529
-1856
-1213
-456
92
756
1333
1967
2396
2548
2651
2487
2432
2088
1699
1237
992
767
517
263
205
217
322
352
449
653
948
1190
1294
1450
1487
1671
1594
1414
1103
908
698
307
-28
-364
-426
-564
-649
-673
-547
-244
67
385
672
1092
1505
1827
1913
2021
2069
1966
1645
1158
582
-44
-798
-1588
-2304
-2958
-3329
-3790
-3799
-3925
-3951
-3731
-3536
-3131
-2898
-2295
-1699
-936
-391
258
761
1285
1753
1815
1911
1656
1519
1143
573
61
-398
-755
-1140
-1602
-1726
-1718
-1605
-1529
-1363
-1126
-836
-536
-408
-221
-226
-18
-7
-66
-253
-346
-399
-684
-888
-1140
-1117
-1189
-1175
-1102
-911
-592
-210
185
539
964
1412
1807
1952
2093
2197
2193
1944
1568
1099
592
-34
-700
-1293
-1934
-2349
-2792
-2792
-3059
-3170
-2960
-2716
-2304
-2124
-1477
-979
-345
17
569
951
1498
1883
2037
2147
1907
1814
1491
1054
572
249
-74
-419
-871
-926
-1015
-939
-891
-743
-518
-180
180
364
558
622
915
918
812
581
513
384
58
-176
-452
-515
-601
-636
-592
-439
-84
277
603
921
1309
1726
2016
2110
2192
2249
2089
1728
1252
610
4
-772
-1480
-2183
-2792
-3227
-3460
-3475
-3790
-3604
-3437
-2992
-2779
-2304
-1629
-937
-243
301
905
1301
1874
2014
2216
2126
2139
2170
1976
1568
1229
1012
811
566
414
371
296
281
246
356
471
716
859
1011
1066
1235
1368
1234
1014
832
764
453
174
-84
-212
-285
-358
-370
-335
-104
204
492
725
1059
1439
1773
1901
1940
1976
1847
1528
1001
441
-281
-941
-1686
-2320
-2964
-3451
-3617
-3719
-3931
-3903
-3641
-3307
-3065
-2706
-2069
-1424
-742
-71
602
1090
1692
2034
2317
2158
2016
1958
1657
1209
713
322
-227
-821
-1293
-1556
-1731
-1856
-1835
-1736
-1556
-1289
-1069
-896
-869
-671
-587
-676
-889
-1005
-1027
-1224
-1391
-1527
-1529
-1510
-1454
-1323
-1146
-829
-427
-17
347
737
1176
1522
1730
1800
1859
1771
1452
1005
387
-307
-1106
-1847
-2566
-3262
-3705
-3793
-3787
-3987
-3773
-3508
-3024
-2751
-2186
-1484
-680
45
707
1345
1820
2335
2550
2773
2587
2507
2192
1647
965
528
293
-8
-371
-568
-597
-518
-408
-221
61
308
671
903
1080
1106
1289
1345
1191
960
796
642
280
0
-246
-352
-407
-465
-372
-228
86
447
795
1106
1483
1870
2115
2242
2226
2224
2005
1605
1100
471
-190
-903
-1546
-2144
-2689
-2977
-2958
-3096
-3158
-2952
-2567
-2115
-1771
-1128
-522
109
515
1023
1378
1869
2169
2440
2581
2529
2607
2456
2086
1494
1054
574
55
-423
-601
-663
-679
-804
-743
-630
-370
-125
86
246
277
473
471
405
199
162
12
-255
-482
-651
-607
-667
-596
-483
-228
117
459
810
1119
1540
1895
2149
2188
2228
2142
1847
1360
735
1
-745
-1546
-2209
-2857
-3364
-3521
-3530
-3703
-3631
-3350
-2887
-2505
-2037
-1318
-581
125
697
1299
1808
2423
2738
2996
2833
2648
2304
1658
852
124
-384
-883
-1300
-1576
-1560
-1435
-1279
-1149
-924
-697
-417
-238
-50
27
202
379
394
302
250
292
94
-106
-330
-426
-498
-577
-517
-403
-132
198
611
951
1332
1757
2097
2293
2284
2330
2154
1794
1262
622
-100
-816
-1566
-2177
-2800
-3191
-3229
-3282
-3360
-3125
-2657
-2050
-1591
-988
-208
544
1236
1830
2321
2677
2893
2913
2867
2487
2189
1798
1313
689
236
-90
-409
-773
-876
-708
-491
-255
38
454
869
1371
1758
2060
2212
2460
2578
2472
2222
2070
1866
1491
1093
749
589
346
292
259
345
555
874
1194
1450
1818
2196
2481
2508
2541
2424
2194
1662
1039
340
-432
-1223
-1911
-2554
-3079
-3418
-3383
-3464
-3597
-3323
-2968
-2452
-2197
-1546
-921
-156
305
840
1156
1424
1621
1591
1521
1084
841
474
-41
-659
-971
-1199
-1392
-1523
-1321
-947
-468
-59
411
894
1336
1797
2099
2307
2343
2517
2460
2225
1912
1729
1519
1092
742
411
263
78
-11
51
187
504
844
1229
1517
1907
2299
2560
2623
2638
2584
2309
1807
1155
448
-360
-1130
-1832
-2484
-3021
-3427
-3486
-3655
-3811
-3580
-3153
-2629
-2253
-1562
-847
-110
346
859
1102
1301
1374
1238
959
364
37
-293
-788
-1394
-1704
-1832
-1957
-2212
-2218
-2159
-1983
-1856
-1596
-1294
-947
-521
-212
38
143
430
491
368
90
-1
-123
-443
-722
-979
-1026
-1116
-1111
-1058
-882
-540
-114
318
666
1155
1651
2070
2250
2383
2444
2307
1911
1363
690
-41
-801
-1441
-2003
-2484
-2761
-2769
-2778
-3026
-2798
-2569
-2101
-1883
-1358
-776
-94
518
979
1267
1333
1574
1374
1278
946
798
464
-166
-968
-1480
-1688
-1787
-1926
-1858
-1560
-1180
-781
-436
16
432
986
1327
1596
1725
1972
2134
2001
1774
1578
1447
1054
717
371
186
119
-1
28
86
414
743
1109
1409
1819
2261
2568
2722
2710
2756
2542
2150
1597
973
263
-381
-998
-1605
-2110
-2534
-2596
-2582
-2798
-2628
-2450
-2070
-1929
-1572
-1098
-547
-182
149
469
661
969
879
751
277
33
-272
-605
-1100
-1330
-1410
-1562
-1835
-1914
-1755
-1492
-1119
-819
-362
60
618
942
1239
1360
1586
1736
1626
1393
1137
1021
609
288
-66
-270
-370
-502
-483
-476
-212
115
497
765
1154
1606
1992
2195
2223
2312
2192
1875
1355
757
45
-591
-1223
-1743
-2228
-2586
-2795
-2872
-3281
-3324
-3213
-2882
-2619
-2292
-1689
-1086
-481
-85
327
373
495
372
279
-43
-337
-545
-821
-1260
-1629
-1731
-1761
-1818
-1791
-1536
-1289
-1011
-793
-472
-179
302
678
954
1103
1285
1473
1397
1183
940
855
561
211
-98
-295
-384
-436
-444
-344
-108
290
682
1019
1414
1911
2344
2584
2696
2760
2770
2476
2066
1542
939
349
-247
-802
-1277
-1675
-1854
-1795
-1908
-1891
-1616
-1264
-832
-497
120
715
1128
1065
879
544
363
162
-118
-311
-573
-576
-691
-897
-1159
-1173
-1217
-1235
-1263
-1066
-796
-526
-252
116
563
1010
1513
1828
2071
2260
2530
2591
2439
2223
2130
1918
1544
1165
843
689
498
385
372
494
760
1113
1462
1802
2239
2681
3051
3217
3333
3373
3174
2771
2136
1452
714
-31
-718
-1368
-1844
-2250
-2305
-2249
-2421
-2290
-2122
-1831
-1707
-1418
-962
-427
-55
176
504
706
1126
1193
1183
871
520
195
-311
-917
-1347
-1617
-1847
-2029
-2079
-1912
-1705
-1369
-1060
-692
-332
236
658
989
1117
1288
1463
1359
1157
883
778
453
93
-221
-455
-531
-645
-620
-571
-380
43
446
814
1175
1726
2151
2432
2516
2661
2625
2354
1945
1395
846
243
-318
-797
-1215
-1501
-1717
-1741
-1851
-2018
-1863
-1773
-1645
-1736
-1519
-1142
-650
-410
-259
-319
-421
-582
-1059
-1502
-1981
-2152
-2298
-2506
-2691
-2647
-2524
-2294
-2098
-1703
-1193
-687
-262
148
603
1028
1486
1739
1920
2036
2268
2340
2204
1959
1773
1579
1185
806
426
245
53
-139
-164
-89
155
488
873
1240
1694
2158
2573
2807
2938
3017
2877
2600
2119
1487
823
60
-589
-1254
-1799
-2188
-2439
-2364
-2247
-2206
-1882
-1575
-1200
-867
-490
-13
259
349
198
-107
-492
-763
-1395
-1998
-2659
-3017
-3318
-3710
-3923
-4005
-3815
-3544
-3233
-2842
-2272
-1637
-977
-391
192
723
1250
1640
1900
2076
2301
2403
2288
2032
1781
1623
1286
939
546
372
237
67
61
90
329
615
984
1276
1688
2109
2540
2784
2924
3066
3010
2832
2428
1909
1298
596
-43
-640
-1223
-1540
-1807
-1895
-1921
-2101
-2106
-2027
-1938
-1792
-1695
-1371
-1041
-669
-469
-239
-190
-78
-328
-679
-1132
-1599
-1672
-1903
-2042
-2238
-2215
-2393
-2511
-2512
-2224
-1856
-1433
-1083
-705
-271
156
535
763
929
1078
1238
1169
996
749
653
439
108
-225
-521
-542
-662
-668
-573
-364
31
410
820
1187
1704
2176
2581
2776
2969
3080
2988
2794
2339
1904
1398
834
324
-128
-508
-720
-909
-917
-782
-759
-519
-361
-119
18
186
550
848
1031
1031
961
703
598
57
-522
-1287
-1817
-2181
-2582
-2895
-3079
-3043
-3097
-3013
-2850
-2362
-1804
-1094
-447
249
945
1650
2233
2650
2965
3161
3334
3274
3057
2753
2555
2215
1824
1418
1050
930
696
527
473
558
824
999
1288
1582
2040
2403
2726
2866
3020
3074
2902
2707
2204
1762
1188
629
82
-408
-777
-1063
-1303
-1555
-1555
-1651
-1607
-1493
-1359
-1150
-1110
-768
-363
259
687
1044
1069
1086
922
629
172
-613
-1298
-2075
-2748
-3468
-3861
-4231
-4415
-4566
-4412
-4130
-3752
-3361
-2875
-2190
-1592
-911
-417
96
437
835
1089
1147
1105
1092
1040
791
548
246
131
-8
-172
-241
-159
115
384
683
1010
1473
1913
2286
2507
2706
2880
2870
2697
2356
1925
1401
841
188
-359
-801
-1105
-1340
-1551
-1739
-1626
-1664
-1626
-1554
-1383
-1137
-1076
-830
-630
-328
-175
-39
-164
-173
-310
-502
-832
-1228
-1590
-1872
-2041
-2212
-2114
-1972
-1791
-1648
-1323
-985
-488
-101
293
682
1008
1319
1481
1575
1615
1706
1677
1509
1237
1034
813
450
75
-324
-528
-708
-939
-973
-895
-646
-379
-75
285
730
1211
1600
1901
2130
2372
2384
2280
2013
1703
1309
831
314
-133
-473
-780
-996
-1282
-1590
-1639
-1567
-1640
-1368
-1068
-584
-354
-259
-253
-502
-784
-985
-1224
-1483
-1684
-2012
-1987
-2192
-2235
-2175
-2252
-2423
-2576
-2600
-2574
-2564
-2450
-2154
-1763
-1355
-960
-483
-67
355
693
951
1128
1318
1491
1468
1308
1174
1100
903
633
335
118
21
-165
-233
-262
-100
187
454
744
1116
1631
2080
2417
2658
2966
3129
3121
2929
2658
2313
1877
1378
839
391
-8
-278
-541
-766
-1007
-1013
-913
-1076
-1005
-904
-593
-428
-183
202
574
893
1041
1111
949
864
558
396
-82
-581
-981
-1336
-1752
-2127
-2202
-2164
-2076
-1974
-1670
-1343
-969
-677
-297
19
381
711
947
1089
1226
1480
1502
1395
1226
1164
984
684
366
77
-44
-226
-361
-425
-345
-154
106
347
658
1076
1522
1871
2126
2375
2616
2691
2629
2492
2253
1968
1527
1052
515
16
-462
-770
-1089
-1385
-1649
-1661
-1456
-1534
-1372
-1251
-1018
-1024
-1056
-1139
-1252
-1467
-2000
-2447
-2731
-2728
-2995
-3010
-3146
-3180
-3093
-3035
-3016
-2922
-2644
-2336
-2082
-1876
-1485
-1070
-578
-216
241
624
985
1338
1576
1714
1817
2007
1986
1845
1617
1475
1255
926
617
295
152
-78
-162
-246
-190
2
252
558
807
1254
1682
2127
2398
2725
2970
3143
3160
3034
2877
2550
2225
1766
1307
806
497
209
6
-257
-459
-631
-804
-700
-916
-805
-706
-390
-140
127
421
468
431
171
39
-348
-582
-1285
-1911
-2539
-3084
-3342
-3489
-3482
-3467
-3212
-2978
-2622
-2320
-1755
-1164
-478
147
783
1381
1875
2358
2598
2787
2841
2973
2920
2763
2544
2348
2191
1875
1590
1200
1052
802
641
484
408
556
668
888
992
1364
1676
2056
2260
2521
2747
2915
2962
2848
2743
2496
2267
1854
1444
984
635
323
82
-144
-294
-420
-517
-556
-407
-461
-371
-330
-295
-313
-410
-342
-391
-390
-570
-583
-721
-790
-1212
-1424
-1602
-1694
-1661
-1724
-1867
-1954
-1861
-1825
-1687
-1660
-1493
-1331
-1073
-927
-634
-371
-59
206
415
588
666
835
849
804
710
693
666
536
394
200
165
42
-79
-174
-188
-74
25
198
324
624
951
1334
1591
1856
2143
2407
2544
2562
2536
2460
2304
2009
1685
1291
952
607
303
-30
-229
-368
-529
-715
-949
-788
-832
-780
-684
-513
-280
-236
-129
-183
-95
-139
21
-17
16
-192
-309
-376
-628
-706
-844
-919
-1064
-1042
-923
-653
-501
-276
-87
157
363
585
865
1008
1203
1325
1418
1410
1449
1467
1381
1226
1059
946
687
446
142
-35
-231
-468
-591
-724
-720
-705
-579
-496
-262
30
378
670
936
1290
1580
1842
1947
2072
2100
2073
1887
1669
1356
1003
652
235
-105
-488
-649
-873
-1009
-1245
-1393
-1446
-1319
-1338
-1363
-1197
-1138
-947
-1027
-827
-729
-474
-363
-130
40
342
591
725
805
580
513
281
107
-130
-200
-285
-370
-493
-533
-466
-370
-268
-164
-35
106
308
430
483
570
710
810
724
596
472
359
192
-38
-302
-509
-667
-882
-999
-1190
-1132
-1081
-1003
-894
-720
-406
-134
186
425
795
1064
1387
1530
1691
1775
1784
1754
1547
1364
1046
777
389
31
-382
-687
-949
-1152
-1355
-1543
-1666
-1844
-1801
-2038
-2100
-2094
-2010
-1885
-1894
-1706
-1547
-1300
-1213
-987
-919
-726
-705
-699
-692
-844
-787
-853
-923
-1054
-1032
-1067
-1049
-1138
-1163
-1136
-1040
-904
-757
-531
-376
-131
-13
52
68
165
241
172
69
-20
-33
-180
-327
-570
-695
-810
-977
-1067
-1229
-1209
-1195
-1087
-1057
-935
-692
-446
-174
21
362
669
1018
1235
1470
1661
1827
1928
1900
1859
1716
1611
1378
1070
733
439
122
-173
-470
-744
-887
-1101
-1248
-1498
-1482
-1579
-1614
-1516
-1437
-1198
-1174
-951
-910
-685
-642
-447
-389
-289
-224
-204
-127
-309
-262
-350
-451
-678
-744
-854
-873
-951
-954
-852
-752
-613
-485
-275
-164
39
223
362
465
592
724
722
708
628
611
468
311
108
-71
-205
-421
-500
-684
-712
-744
-699
-700
-614
-426
-207
23
180
465
722
1034
1203
1419
1605
1768
1865
1907
1901
1865
1807
1654
1459
1215
1020
788
544
256
16
-182
-375
-541
-745
-879
-1081
-1082
-1197
-1366
-1364
-1429
-1345
-1470
-1412
-1341
-1118
-1003
-832
-671
-474
-268
-219
-66
-147
-62
-97
-174
-386
-533
-608
-615
-694
-761
-790
-770
-698
-673
-528
-441
-218
5
180
346
553
761
831
842
811
851
798
674
479
283
155
-77
-235
-476
-618
-716
-790
-856
-915
-827
-697
-529
-411
-223
17
292
505
714
921
1124
1296
1414
1488
1549
1590
1604
1533
1411
1307
1181
1061
861
636
453
256
46
-162
-384
-530
-717
-883
-1105
-1159
-1285
-1351
-1352
-1386
-1289
-1300
-1152
-1127
-988
-937
-770
-675
-513
-336
-143
103
186
334
390
432
412
487
522
586
587
618
601
602
599
615
648
621
637
632
624
580
537
536
477
417
359
340
245
110
-69
-245
-395
-607
-744
-946
-1053
-1136
-1184
-1224
-1212
-1117
-981
-827
-684
-495
-274
-41
151
359
544
760
910
1057
1144
1249
1342
1394
1394
1361
1349
1296
1237
1100
983
857
694
513
305
77
-125
-356
-593
-873
-1132
-1371
-1500
-1653
-1820
-1834
-1829
-1704
-1686
-1553
-1401
-1208
-1019
-825
-610
-383
-135
49
263
378
532
621
631
553
532
493
476
407
360
342
339
319
276
299
321
416
519
591
645
711
790
789
739
665
580
463
286
84
-132
-320
-557
-764
-991
-1160
-1264
-1326
-1375
-1412
-1332
-1234
-1081
-974
-802
-624
-395
-208
-39
140
320
496
612
755
833
983
1076
1147
1167
1218
1271
1307
1298
1260
1254
1202
1132
1003
866
699
508
281
10
-291
-566
-837
-1112
-1407
-1643
-1760
-1905
-1996
-2027
-1988
-1861
-1758
-1547
-1319
-1025
-738
-413
-142
126
353
575
761
824
921
960
973
913
857
800
735
618
527
447
397
348
316
303
300
354
416
461
468
488
505
479
423
338
263
147
-5
-196
-374
-548
-720
-839
-979
-1066
-1130
-1135
-1123
-1112
-1012
-898
-742
-628
-455
-281
-96
64
207
360
482
623
730
849
928
1052
1157
1253
1336
1421
1528
1596
1634
1675
1709
1694
1677
1602
1505
1364
1182
973
716
432
129
-147
-503
-772
-1102
-1306
-1502
-1703
-1757
-1874
-1846
-1846
-1756
-1650
-1484
-1302
-1066
-851
-674
-447
-301
-88
8
163
266
340
366
363
353
328
313
295
281
243
255
241
288
290
327
388
416
478
513
573
600
614
585
535
457
361
264
101
-48
-246
-375
-525
-651
-755
-843
-893
-952
-961
-963
-910
-873
-807
-729
-644
-534
-449
-323
-244
-128
-53
60
146
243
346
444
559
642
775
856
997
1069
1192
1249
1319
1367
1399
1412
1373
1339
1254
1140
967
791
568
322
65
-195
-457
-703
-917
-1112
-1295
-1450
-1585
-1664
-1730
-1766
-1793
-1763
-1721
-1640
-1546
-1407
-1244
-1067
-866
-707
-527
-381
-207
-69
80
194
331
425
490
551
597
642
634
624
595
600
601
619
639
665
688
696
703
690
670
652
630
584
511
456
393
321
210
88
-46
-181
-325
-466
-611
-745
-851
-953
-1030
-1092
-1114
-1119
-1104
-1087
-1046
-977
-896
-800
-713
-607
-478
-358
-226
-115
20
150
278
385
494
596
696
784
850
919
963
1015
1030
1032
1019
997
942
873
777
676
542
403
246
75
-86
-250
-392
-551
-669
-796
-882
-980
-1057
-1144
-1215
-1282
-1320
-1347
-1384
-1362
-1347
-1260
-1195
-1047
-895
-688
-493
-282
-88
112
302
480
657
776
885
949
987
976
965
938
898
835
770
703
649
599
566
529
491
465
448
424
407
388
374
340
282
200
127
52
-39
-159
-292
-419
-554
-667
-800
-905
-995
-1052
-1103
-1135
-1144
-1111
-1055
-994
-919
-833
-724
-611
-500
-390
-264
-154
-34
68
177
283
394
492
584
666
755
847
922
991
1051
1113
1160
1192
1211
1214
1195
1166
1099
1025
929
816
685
525
357
200
41
-118
-263
-389
-498
-589
-659
-711
-761
-783
-812
-831
-858
-884
-873
-877
-860
-825
-772
-687
-596
-485
-356
-215
-59
103
263
429
600
759
902
1021
1121
1203
1262
1287
1287
1273
1253
1205
1133
1047
968
903
852
799
754
723
705
683
656
618
577
531
475
414
340
255
167
55
-65
-183
-297
-396
-491
-562
-623
-664
-686
-693
-673
-632
-565
-499
-418
-330
-229
-133
-36
48
135
215
276
341
384
436
468
496
512
529
546
564
577
584
591
595
603
599
595
578
561
524
492
435
367
293
205
105
-1
-101
-201
-300
-395
-478
-552
-622
-670
-708
-740
-751
-757
-753
-719
-677
-614
-529
-440
-321
-203
-62
78
224
358
495
616
728
824
913
988
1041
1083
1115
1136
1151
1156
1158
1156
1147
1136
1106
1076
1031
990
942
887
832
759
681
607
518
439
352
260
166
76
-15
-115
-215
-307
-397
-477
-549
-606
-655
-684
-690
-690
-670
-628
-577
-513
-451
-385
-307
-241
-166
-100
-38
22
77
124
168
207
236
270
292
312
327
345
354
370
375
384
387
373
355
334
303
264
215
165
108
51
-4
-61
-121
-175
-217
-259
-293
-320
-340
-350
-352
-343
-328
-308
-285
-261
-233
-209
-177
-147
-121
-91
-64
-26
14
61
107
157
209
267
319
369
403
423
435
435
429
408
375
322
281
227
163
105
48
-9
-72
-126
-174
-223
-258
-288
-318
-348
-378
-405
-427
-449
-469
-484
-500
-522
-538
-560
-575
-587
-602
-607
-616
-609
-594
-569
-532
-482
-430
-366
-295
-220
-140
-57
25
100
175
247
311
361
407
442
472
487
496
502
504
502
492
489
479
467
458
452
443
436
426
417
409
394
387
373
355
333
314
289
259
233
202
178
152
127
110
95
82
84
86
97
110
130
149
169
196
212
231
236
233
216
200
171
146
113
71
38
5
-24
-55
-82
-109
-127
-124
-134
-144
-153
-153
-154
-170
-187
-207
-232
-258
-283
-313
-351
-394
-424
-469
-505
-538
-565
-600
-621
-633
-639
-640
-629
-612
-592
-559
-532
-500
-465
-425
-390
-347
-305
-255
-205
-152
-95
-40
22
80
142
193
250
300
353
395
440
478
502
527
553
582
585
591
589
584
576
567
551
531
520
499
470
456
434
409
386
369
351
340
339
334
333
329
332
332
336
348
356
370
378
390
405
416
421
426
422
411
400
394
382
360
348
328
300
260
218
175
125
66
6
-66
-143
-229
-308
-372
-439
-483
-521
-570
-607
-646
-686
-719
-736
-747
-737
-730
-726
-712
-701
-684
-668
-645
-616
-578
-547
-503
-458
-404
-349
-298
-250
-207
-164
-119
-79
-44
-7
25
55
83
107
129
151
172
193
212
225
246
263
285
305
323
345
363
383
403
415
435
455
469
477
477
483
482
489
489
489
492
495
502
512
523
535
549
566
585
608
632
659
681
695
715
724
734
735
732
733
729
725
717
711
705
703
701
697
686
667
642
608
566
515
441
368
293
195
79
-35
-156
-264
-364
-454
-537
-609
-676
-739
-785
-825
-849
-854
-845
-809
-777
-760
-731
-693
-665
-637
-610
-582
-549
-514
-481
-448
-416
-397
-376
-361
-343
-321
-297
-270
-246
-215
-179
-139
-98
-55
-13
27
63
99
135
165
192
214
234
250
266
276
290
303
313
322
335
350
364
377
397
416
433
451
464
485
493
503
519
527
525
529
540
538
540
536
534
535
534
532
532
534
538
548
556
568
581
595
609
622
634
651
663
672
681
677
673
668
659
644
624
593
569
548
525
503
473
438
399
349
289
223
149
68
-11
-83
-155
-226
-295
-352
-418
-463
-496
-532
-548
-564
-573
-577
-554
-525
-490
-458
-431
-401
-373
-349
-335
-320
-302
-281
-269
-257
-237
-221
-214
-204
-193
-182
-171
-163
-163
-158
-152
-143
-137
-130
-112
-98
-72
-50
-32
-4
29
58
82
108
128
142
157
169
177
190
201
207
222
228
234
231
232
233
233
236
240
254
256
253
254
260
268
275
283
285
285
290
295
299
304
306
309
309
311
315
310
312
311
304
300
291
282
279
269
260
256
253
249
254
255
255
255
252
251
236
219
198
175
152
126
97
67
35
9
-19
-56
-88
-122
-156
-185
-219
-250
-280
-313
-352
-384
-413
-444
-467
-483
-500
-515
-523
-526
-529
-523
-505
-485
-460
-433
-399
-363
-319
-273
-232
-196
-165
-136
-114
-97
-85
-76
-77
-83
-93
-105
-120
-137
-147
-143
-138
-130
-120
-112
-109
-92
-67
-48
-30
-1
27
54
74
97
116
132
151
167
181
193
202
206
216
233
243
255
262
265
268
267
266
262
254
246
239
230
214
197
176
153
133
119
103
96
87
74
67
61
58
60
66
72
76
88
101
107
125
144
162
180
202
222
235
239
244
244
229
220
204
178
151
129
108
94
82
68
52
36
20
5
-11
-30
-50
-66
-82
-100
-115
-134
-154
-174
-198
-217
-235
-247
-260
-271
-276
-279
-276
-272
-263
-250
-239
-217
-192
-162
-134
-107
-77
-44
-17
10
35
47
64
78
83
82
77
67
62
53
42
24
12
-3
-13
-23
-39
-54
-66
-79
-89
-94
-100
-102
-109
-109
-109
-110
-112
-115
-115
-111
-112
-121
-131
-134
-132
-131
-127
-119
-111
-100
-83
-68
-59
-46
-25
-13
-2
6
14
20
29
30
31
33
44
52
62
75
88
100
109
116
118
120
115
112
105
100
94
83
76
74
71
65
62
56
55
52
50
50
44
47
47
48
49
54
59
62
60
61
65
63
54
46
40
28
18
5
-4
-17
-28
-22
-26
-30
-24
-28
-28
-25
-17
-13
-8
-2
6
11
12
16
16
19
24
25
22
20
13
11
6
5
2
0
1
4
12
16
20
27
29
34
41
43
43
43
41
37
28
16
10
1
-5
-19
-22
-21
-30
-39
-46
-46
-55
-57
-58
-64
-70
-73
-72
-79
-81
-82
-85
-86
-85
-90
-87
-85
-81
-83
-82
-83
-86
-87
-91
-91
-85
-87
-83
-79
-73
-70
-67
-64
-62
-62
-63
-61
-59
-57
-59
-54
-61
-66
-73
-80
-84
-87
-90
-93
-98
-104
-105
-108
-109
-111
-111
-111
-117
-115
-116
-115
-114
-118
-115
-111
-111
-113
-114
-117
-118
-121
-128
-131
-133
-136
-143
-146
-145
-147
-148
-151
-151
-152
-150
-152
-155
-150
-157
-156
-155
-160
-159
-159
-161
-167
-169
-176
-176
-181
-182
-181
-185
-185
-188
-183
-180
-179
-173
-178
-175
-167
-175
-168
-155
-143
-139
-138
-140
-136
-136
-135
-132
-132
-129
-128
-123
-120
-116
-112
-107
-102
-94
-86
-80
-76
-68
-65
-59
-56
-50
-47
-41
-38
-33
-33
-30
-27
-27
-29
-29
-31
-36
-41
-40
-40
-49
-53
-56
-56
-56
-58
-60
-60
-67
-77
-71
-73
-82
-81
-79
-85
-84
-83
-84
-80
-77
-72
-71
-67
-62
-57
-54
-48
-41
-36
-30
-25
-22
-18
-15
-11
-8
-8
-4
-2
1
4
1
4
8
5
8
7
9
11
11
12
6
2
2
4
5
-3
0
0
-4
-6
-8
-7
-15
-19
-17
-17
-24
-22
-22
-21
-17
-15
-11
-8
-3
1
4
9
12
15
17
17
17
18
20
19
21
14
15
18
14
16
12
12
11
12
17
18
20
22
23
29
33
32
34
34
31
32
32
34
31
32
38
32
36
31
21
15
19
18
18
18
17
16
15
19
13
13
17
21
20
16
16
18
21
19
17
20
23
21
22
23
24
24
22
17
14
15
12
7
7
2
0
-4
-7
-10
-16
-16
-17
-15
-22
-24
-25
-25
-23
-28
-17
-17
-23
-18
-14
-15
-15
-13
-10
-10
-6
-8
-9
-4
-6
-4
-1
-3
-2
-5
-7
-8
-5
-7
-7
-9
-7
-5
-7
-5
-11
-10
-9
-9
-7
-6
-6
-4
-2
-8
-6
-6
-4
-6
-8
-2
-4
-4
-9
-9
-13
-15
-17
-21
-17
-24
-25
-19
-23
-23
-24
-24
-23
-25
-26
-29
-31
-31
-31
-31
-33
-33
-33
-33
-34
-33
-34
-32
-31
-34
-30
-31
-26
-27
-24
-24
-25
-24
-22
-24
-21
-21
-25
-26
-25
-28
-30
-29
-33
-33
-33
-35
-32
-35
-39
-37
-45
-39
-40
-37
-28
-21
-18
-16
-16
-14
-12
-12
-11
-8
-5
-8
-9
-10
-11
-6
-10
-12
-7
-7
-4
-5
-6
-7
-7
-6
-3
-1
0
2
9
9
10
11
9
11
7
8
6
5
2
5
8
2
0
-2
1
6
1
5
10
4
7
12
15
10
16
18
17
17
14
14
20
18
20
21
15
17
16
14
14
12
11
9
8
9
5
4
1
3
-2
2
5
1
2
0
1
-6
-5
0
-4
-4
-4
-7
-10
-15
-15
-11
-5
-5
-9
-8
-7
-2
0
-4
-3
-1
-1
-5
-5
-5
-6
-7
-3
-4
-7
-5
-3
-1
0
-1
1
5
5
4
5
8
7
8
8
15
13
14
14
13
12
12
16
13
13
14
12
10
9
6
16
13
10
11
10
11
9
9
9
10
17
14
12
14
8
3
-2
-3
-5
-6
-4
-4
-8
-8
-10
-9
-9
-7
-10
-11
-13
-15
-14
-14
-17
-14
-14
-16
-14
-12
-10
-13
-10
-12
-15
-14
-15
-16
-14
-13
-10
-9
-10
-6
-11
-6
-6
-5
-5
-8
-3
-2
-1
-1
-3
2
-1
-3
2
5
5
3
10
11
7
8
10
10
10
10
10
10
6
6
2
1
-2
-4
-4
-7
-9
-7
-5
-9
-9
-11
-14
-16
-15
-14
-18
-15
-13
-16
-18
-16
-19
-18
-19
-24
-22
-19
-20
-27
-29
-28
-28
-33
-32
-29
-28
-27
-23
-25
-26
-26
-24
-22
-24
-22
-26
-26
-27
-28
-24
-25
-26
-28
-28
-24
-20
-18
-20
-18
-16
-15
-10
-10
-8
-9
-8
-7
-7
-8
-8
-10
-15
-16
-15
-15
-21
-23
-23
-25
-27
-25
-25
-25
-28
-27
-33
-32
-31
-28
-24
-22
-17
-17
-19
-22
-18
-23
-27
-28
-28
-32
-36
-37
-39
-39
-42
-41
-40
-42
-42
-45
-46
-46
-46
-49
-53
-52
-53
-53
-51
-51
-51
-52
-52
-51
-52
-52
-49
-50
-48
-47
-42
-38
-43
-37
-34
-30
-27
-27
-26
-31
-27
-27
-32
-31
-31
-34
-35
-38
-37
-35
-37
-40
-41
-38
-40
-40
-41
-39
-39
-36
-33
-36
-36
-35
-33
-34
-31
-33
-33
-29
-29
-27
-30
-29
-27
-29
-28
-26
-26
-26
-27
-31
-34
-32
-28
-31
-29
-26
-27
-32
-36
-34
-31
-34
-38
-39
-42
-44
-44
-47
-42
-42
-43
-41
-41
-39
-37
-33
-34
-35
-28
-29
-28
-25
-27
-29
-29
-29
-27
-31
-30
-29
-30
-30
-29
-26
-27
-26
-25
-24
-25
-26
-20
-18
-16
-16
-16
-17
-14
-15
-13
-12
-14
-13
-7
-7
-11
-8
-14
-16
-19
-19
-18
-19
-19
-16
-13
-17
-14
-17
-15
-15
-11
-11
-13
-15
-16
-16
-18
-17
-19
-16
-16
-14
-14
-14
-13
-11
-11
-11
-10
-8
-7
-7
-4
-4
-6
-8
-12
-6
-8
-11
-10
-14
-13
-13
-15
-8
-10
-11
-6
-12
-13
-15
-11
-6
-7
-9
-9
-12
-11
-13
-12
-13
-12
-12
-14
-14
-14
-14
-15
-11
-8
-9
-10
-8
-6
-5
-5
-4
-4
-4
-7
-5
-4
-6
-4
-6
-7
-5
-8
-11
-12
-11
-4
-5
-11
-11
-11
-14
-19
-14
-14
-18
-11
-9
-10
-11
-16
-9
-10
-9
-12
-14
-10
-13
-17
-16
-13
-15
-15
-15
-16
-15
-14
-12
-11
-13
-11
-12
-13
-10
-12
-11
-11
-13
-13
-15
-16
-15
-14
-15
-19
-18
-20
-19
-16
-21
-18
-16
-13
-15
-15
-16
-21
-25
-21
-23
-20
-17
-11
-15
-16
-17
-17
-15
-19
-13
-16
-17
-19
-21
-20
-16
-15
-17
-17
-16
-16
-15
-12
-14
-13
-15
-17
-14
-19
-14
-11
-9
-9
-11
-10
-12
-10
-10
-10
-9
-10
-11
-4
-5
-7
-9
-8
-7
-8
-6
-6
-11
-8
-5
-9
-12
-11
-9
-12
-12
-14
-11
-12
-7
-6
-4
-7
-7
-3
-5
-4
-2
0
1
0
-1
0
0
1
0
3
5
7
6
6
5
2
3
1
2
2
0
-2
-1
0
1
4
-2
-8
-7
-2
2
1
3
6
11
10
10
11
15
15
11
11
14
15
14
18
20
21
18
20
20
22
26
22
24
22
21
20
19
20
23
20
19
20
24
21
20
23
22
22
21
23
22
21
20
21
25
25
24
26
27
22
23
27
23
27
32
26
29
30
27
23
21
16
16
15
18
19
16
15
14
11
13
19
17
14
15
17
17
18
15
19
19
21
23
26
25
26
30
27
28
25
29
29
31
32
32
34
34
32
34
31
31
33
35
29
29
32
28
29
29
34
31
29
32
31
32
38
34
34
34
33
37
36
35
34
38
35
34
34
32
33
33
35
34
32
35
32
31
35
31
33
26
24
27
28
26
26
27
25
24
25
26
22
25
29
31
28
25
26
24
24
20
21
21
17
22
26
27
23
22
27
27
28
27
27
24
24
24
27
27
24
23
25
29
27
31
31
32
33
29
31
32
31
33
31
33
30
30
26
28
26
25
26
23
20
21
24
21
19
22
21
21
19
23
21
15
21
15
14
20
28
31
34
27
28
31
26
31
29
29
29
26
24
24
24
27
28
29
28
26
33
28
26
27
24
29
24
24
27
23
27
22
24
24
23
24
24
25
23
20
27
27
23
24
20
24
23
22
23
23
17
19
26
18
22
22
21
19
22
23
27
26
26
25
29
30
31
30
27
31
30
29
26
25
26
29
27
23
27
26
24
25
27
25
26
30
27
27
30
33
34
30
34
30
32
34
25
26
30
32
32
34
33
35
36
34
33
34
40
36
30
33
34
35
37
39
40
39
36
37
36
38
38
38
36
36
35
32
37
36
35
34
35
39
37
41
41
41
45
42
43
45
43
41
42
47
48
43
43
41
39
39
39
38
39
45
36
40
47
37
32
34
32
30
30
30
36
40
35
32
35
36
37
41
39
38
41
37
36
40
40
42
41
44
46
47
49
48
46
46
45
43
44
44
43
42
44
43
36
38
36
34
39
39
41
35
33
37
36
44
44
41
41
45
41
42
44
47
44
43
46
43
44
48
46
44
45
43
41
39
40
41
41
41
44
42
42
41
42
42
39
39
34
38
40
36
35
33
33
34
32
30
30
28
24
33
38
33
30
27
29
24
20
23
20
24
28
27
25
25
25
26
24
23
25
23
21
20
21
21
21
19
18
22
22
22
24
25
26
25
25
24
26
22
25
24
24
28
25
25
23
26
26
23
23
19
22
23
20
16
19
21
17
18
18
13
15
14
9
9
17
18
22
21
17
22
21
18
23
22
20
17
13
15
18
17
19
17
14
17
17
14
11
14
10
11
9
5
8
7
11
11
8
10
12
10
8
6
12
8
11
16
12
11
8
12
17
13
16
16
14
8
13
12
10
12
12
11
10
7
11
11
12
9
9
11
11
12
9
13
17
13
10
13
10
12
9
13
13
13
15
15
16
16
16
18
15
14
18
18
18
16
18
13
6
11
14
11
13
13
17
15
17
18
17
15
12
19
14
12
13
11
11
13
11
13
16
17
16
13
10
12
14
14
14
11
11
12
12
15
15
13
13
14
13
15
15
15
16
15
16
16
19
19
12
19
19
17
16
18
19
17
16
16
15
21
23
20
23
18
16
11
14
13
12
14
13
14
12
11
12
9
11
13
11
12
12
12
11
9
11
13
13
17
16
20
19
19
21
19
17
16
19
18
19
19
21
22
22
24
22
16
20
24
21
19
20
20
20
14
15
19
22
19
19
21
16
20
18
17
17
17
15
17
16
17
18
16
17
20
16
16
20
21
19
21
19
19
19
21
20
17
17
17
16
16
14
12
10
11
15
10
9
10
13
16
18
17
13
14
13
11
3
3
7
4
6
5
4
3
5
6
4
4
6
5
4
2
3
2
-1
1
1
3
4
4
7
7
6
5
3
3
3
3
2
1
2
2
2
1
-1
-3
-1
-3
-4
-7
-10
-5
-5
-11
-11
-8
-9
-10
-6
-16
-24
-15
-16
-14
-16
-9
-5
-10
-10
-11
-10
-11
-8
-5
-8
-10
-13
-16
-16
-14
-17
-16
-14
-18
-16
-19
-17
-20
-22
-22
-23
-24
-25
-20
-21
-20
-18
-22
-19
-24
-22
-24
-25
-23
-25
-19
-22
-25
-26
-24
-22
-24
-25
-21
-25
-28
-30
-25
-25
-29
-26
-32
-30
-30
-29
-26
-27
-25
-26
-24
-25
-25
-27
-27
-25
-24
-25
-28
-27
-27
-25
-29
-30
-30
-29
-29
-31
-30
-32
-31
-27
-31
-31
-28
-31
-29
-28
-30
-42
-41
-34
-32
-33
-32
-30
-28
-28
-26
-25
-29
-30
-31
-26
-33
-33
-32
-34
-34
-32
-34
-33
-30
-27
-30
-35
-34
-30
-30
-33
-31
-33
-35
-34
-34
-33
-34
-32
-32
-35
-32
-33
-34
-36
-33
-37
-34
-32
-29
-32
-32
-27
-29
-25
-25
-25
-21
-25
-23
-22
-21
-13
-20
-18
-17
-24
-26
-30
-30
-32
-32
-27
-26
-29
-33
-33
-31
-30
-25
-25
-24
-28
-28
-29
-28
-25
-28
-25
-25
-22
-18
-18
-15
-13
-19
-16
-19
-19
-16
-17
-14
-14
-15
-13
-16
-17
-16
-17
-11
-13
-17
-19
-20
-17
-13
-16
-15
-13
-16
-16
-13
-14
-12
-13
-14
-11
-11
-11
-10
-8
-12
-11
-9
-12
-13
-17
-17
-16
-13
-11
-12
-12
-11
-10
-10
-12
-12
-14
-14
-12
-12
-11
-11
-8
-10
-9
-11
-11
-9
-11
-6
-8
-8
-11
-9
-14
-18
-14
-21
-19
-17
-14
-12
-13
-13
-12
-13
-14
-16
-17
-18
-20
-18
-20
-21
-18
-20
-18
-20
-16
-18
-15
-14
-18
-16
-17
-16
-13
-14
-12
-14
-15
-13
-14
-11
-10
-11
-14
-13
-11
-14
-18
-17
-17
-18
-17
-15
-14
-19
-15
-13
-23
-17
-21
-14
-5
-1
-1
-1
-1
0
0
0
1
3
5
2
0
-2
1
-1
2
2
2
3
5
6
7
6
4
0
-2
0
-1
2
5
6
6
5
4
5
5
7
6
5
3
5
10
3
6
7
7
6
7
13
16
9
14
10
3
7
9
9
5
8
8
11
11
10
13
12
13
9
10
12
11
14
14
13
13
15
14
14
12
13
12
14
16
15
19
16
15
18
17
18
20
19
22
21
18
14
15
17
22
25
25
26
25
31
30
28
27
24
26
26
21
22
22
23
23
21
21
21
23
22
18
18
18
21
22
20
21
19
17
17
18
18
15
18
17
16
18
17
16
17
21
20
15
13
18
16
20
20
19
20
16
14
14
13
13
17
23
17
17
22
12
6
8
9
6
5
7
11
8
6
8
8
8
13
16
15
12
10
11
11
6
8
6
10
9
7
13
7
8
11
3
6
5
4
6
4
8
5
9
7
3
6
2
5
6
4
5
3
0
1
2
6
7
7
8
6
5
8
9
5
9
7
7
5
8
7
4
4
4
4
4
0
-2
-2
-2
-2
-2
-4
-5
-4
-3
-4
-7
-10
-9
-7
-6
-8
-7
-9
-5
-10
-11
-7
-3
-5
-5
-2
-4
-5
-7
-8
-9
-10
-12
-14
-9
-9
-11
-11
-8
-7
-7
-7
-8
-6
-11
-12
-11
-11
-9
-10
-13
-12
-14
-11
-9
-8
-7
-11
-9
-12
-7
-12
-10
-6
-12
-14
-13
-12
-12
-11
-12
-15
-13
-14
-17
-20
-21
-20
-21
-23
-21
-21
-23
-24
-31
-31
-33
-37
-31
-25
-20
-23
-24
-24
-23
-22
-28
-29
-26
-26
-31
-30
-30
-36
-34
-32
-33
-37
-33
-37
-38
-36
-41
-43
-47
-47
-48
-47
-47
-48
-48
-52
-54
-51
-54
-51
-53
-57
-55
-55
-53
-55
-58
-56
-53
-50
-50
-49
-43
-54
-55
-47
-51
-53
-51
-47
-51
-51
-49
-49
-46
-45
-45
-42
-43
-45
-44
-47
-45
-44
-40
-41
-44
-40
-42
-39
-40
-40
-39
-39
-35
-36
-34
-30
-32
-32
-31
-30
-29
-28
-26
-26
-27
-26
-29
-30
-28
-25
-24
-25
-21
-19
-17
-17
-18
-19
-20
-15
-17
-22
-21
-20
-19
-16
-13
-12
-12
-8
-9
-9
-8
-6
-4
-5
-6
-7
-9
-10
-12
-9
-10
-10
-10
-9
-9
-10
-9
-7
-4
-3
-2
-5
-2
6
7
7
9
11
11
9
12
13
10
13
22
22
21
23
21
11
12
15
14
13
13
17
18
17
14
15
17
18
22
26
22
21
18
19
20
24
23
22
26
26
30
28
31
27
30
29
28
28
27
33
31
33
29
30
30
32
31
31
32
29
31
29
25
24
22
25
25
27
31
30
30
32
30
30
34
30
30
27
30
29
27
30
28
29
25
23
24
22
25
23
24
23
27
31
28
27
25
26
28
28
28
29
30
33
32
32
31
31
34
32
37
34
31
32
32
33
29
27
29
28
23
26
32
29
26
28
25
28
28
24
25
28
26
26
27
27
27
25
28
26
28
27
29
32
31
32
28
30
31
28
33
30
30
33
33
31
28
26
22
28
25
20
19
21
16
18
19
19
19
17
14
10
13
6
7
15
23
23
22
20
22
20
18
24
20
21
18
14
16
14
16
13
15
15
13
14
12
8
8
5
6
4
2
1
0
1
0
0
-2
-1
-3
-6
-7
-9
-10
-9
-9
-9
-12
-13
-10
-8
-7
-12
-7
-8
-13
-11
-12
-15
-10
-10
-14
-17
-18
-18
-15
-16
-17
-18
-17
-17
-12
-16
-13
-12
-13
-13
-17
-12
-16
-14
-14
-16
-12
-15
-12
-12
-11
-8
-10
-9
-6
-7
-3
-1
1
4
4
1
-1
0
6
12
9
8
13
9
12
14
14
13
10
11
14
9
6
8
8
6
8
7
5
6
6
0
2
4
2
3
0
-1
-1
-1
-2
-1
-3
-3
-3
-1
-4
-5
-3
-4
-7
-4
-2
-6
-10
-5
2
-3
-4
-6
-7
-10
-10
-7
-11
-14
-9
-5
-11
-9
-6
-15
-20
-16
-17
-22
-26
-24
-17
-20
-22
-27
-23
-19
-20
-20
-24
-27
-28
-30
-30
-35
-34
-30
-32
-31
-28
-29
-33
-30
-35
-37
-37
-35
-38
-37
-36
-37
-37
-39
-36
-38
-37
-40
-36
-37
-38
-41
-43
-40
-39
-34
-33
-36
-38
-35
-36
-33
-27
-27
-25
-28
-28
-29
-24
-22
-23
-20
-16
-16
-20
-17
-20
-17
-11
-12
-13
-10
-7
-6
-2
-2
-5
-3
-3
-2
2
3
3
6
8
7
11
4
7
14
21
20
16
17
15
17
18
15
17
20
19
20
22
30
25
23
25
24
23
24
26
26
27
25
27
25
25
25
25
28
30
33
30
32
32
30
36
36
34
31
30
32
30
29
30
29
29
27
25
22
18
15
19
21
15
14
18
19
14
13
12
6
12
8
7
9
20
26
28
22
20
25
20
25
25
24
23
20
17
20
21
17
17
19
20
18
16
19
18
15
14
10
8
8
7
7
9
5
6
4
4
4
0
2
3
1
4
7
4
0
2
8
7
6
4
10
1
-3
4
-1
2
2
4
-2
-4
-4
-1
0
-1
2
1
-1
1
1
-3
1
4
2
-1
2
2
-2
0
3
0
1
3
1
1
-1
-1
0
-2
-2
-3
-1
-2
-3
0
-5
-9
-6
-5
-5
-5
-5
-6
-2
0
1
-1
-2
1
-2
-1
0
-6
-8
-6
-6
-7
-3
-2
0
-4
-3
-3
-2
-2
-2
-1
-5
-5
-5
-3
-4
-5
-7
-5
0
-3
0
0
-1
-1
-5
-4
-2
1
-2
-1
3
6
5
-1
2
1
-1
-1
-3
-2
6
4
9
8
1
-4
-5
-2
-3
-2
-5
-2
0
-1
-4
-8
-3
-1
3
3
0
2
-1
-2
-3
0
1
0
1
2
-1
3
3
0
2
1
-1
-3
-2
-3
-6
-4
-3
-4
-2
-5
-7
-5
-5
-8
-12
-12
-14
-9
-16
-14
-6
-12
-12
-10
-10
-11
-10
-12
-12
-16
-19
-17
-20
-21
-19
-19
-19
-22
-24
-24
-27
-24
-24
-22
-26
-24
-27
-27
-27
-32
-34
-37
-39
-40
-40
-40
-40
-43
-44
-46
-50
-54
-50
-48
-46
-47
-54
-56
-55
-55
-56
-62
-61
-63
-59
-59
-59
-61
-68
-64
-63
-64
-63
-65
-65
-67
-71
-68
-69
-71
-72
-74
-72
-74
-75
-78
-74
-73
-75
-73
-76
-77
-77
-76
-76
-78
-78
-78
-80
-82
-85
-83
-81
-81
-85
-82
-79
-78
-80
-82
-77
-79
-78
-76
-84
-87
-88
-84
-75
-73
-71
-72
-71
-75
-73
-72
-74
-65
-69
-69
-69
-73
-69
-70
-69
-67
-70
-68
-71
-68
-69
-71
-67
-74
-72
-76
-78
-75
-74
-70
-70
-71
-73
-73
-73
-71
-74
-72
-71
-71
-66
-66
-67
-68
-60
-60
-64
-62
-60
-58
-65
-63
-57
-61
-58
-57
-58
-59
-61
-59
-57
-57
-61
-59
-56
-57
-56
-58
-54
-54
-55
-58
-57
-56
-58
-60
-57
-58
-57
-54
-55
-52
-53
-53
-52
-52
-53
-51
-49
-49
-56
-58
-56
-53
-54
-54
-53
-58
-60
-56
-57
-56
-54
-57
-60
-62
-62
-59
-66
-70
-66
-66
-65
-63
-62
-65
-62
-63
-65
-64
-61
-60
-64
-62
-62
-65
-62
-64
-63
-64
-66
-66
-66
-63
-63
-60
-59
-61
-62
-60
-59
-54
-53
-58
-56
-53
-53
-53
-53
-55
-56
-52
-52
-55
-50
-47
-50
-50
-46
-50
-55
-59
-60
-61
-58
-53
-52
-54
-54
-54
-55
-50
-48
-49
-47
-50
-46
-46
-44
-48
-52
-46
-47
-43
-44
-43
-42
-47
-47
-44
-45
-45
-45
-45
-46
-47
-46
-49
-48
-51
-51
-52
-48
-49
-52
-54
-56
-52
-53
-54
-50
-50
-56
-57
-52
-49
-53
-53
-52
-55
-55
-57
-57
-55
-56
-56
-55
-55
-58
-60
-61
-61
-59
-59
-59
-62
-60
-60
-61
-59
-59
-63
-65
-65
-62
-68
-68
-66
-67
-69
-71
-71
-73
-69
-66
-64
-65
-70
-72
-74
-78
-83
-81
-81
-87
-77
-78
-81
-80
-76
-74
-74
-73
-79
-76
-76
-74
-77
-73
-72
-73
-76
-73
-71
-70
-68
-68
-66
-67
-69
-67
-67
-70
-72
-69
-67
-70
-70
-67
-68
-71
-69
-70
-72
-67
-68
-69
-69
-68
-64
-61
-65
-66
-61
-68
-64
-66
-70
-63
-60
-55
-55
-54
-58
-58
-54
-59
-58
-58
-57
-59
-63
-64
-63
-64
-59
-60
-61
-58
-61
-61
-63
-66
-64
-67
-63
-66
-62
-59
-62
-61
-64
-65
-64
-67
-65
-68
-67
-68
-67
-61
-61
-63
-67
-69
-62
-59
-63
-62
-69
-67
-64
-65
-66
-64
-64
-68
-69
-70
-70
-67
-66
-68
-66
-64
-68
-69
-69
-66
-65
-67
-65
-64
-70
-67
-66
-68
-67
-67
-69
-67
-67
-61
-62
-66
-66
-69
-64
-65
-64
-62
-64
-67
-69
-69
-66
-70
-67
-63
-59
-63
-65
-60
-56
-58
-64
-60
-61
-62
-63
-63
-65
-60
-62
-62
-59
-57
-56
-59
-59
-60
-56
-57
-58
-57
-60
-60
-61
-63
-62
-62
-61
-59
-60
-57
-61
-64
-59
-57
-56
-56
-53
-52
-54
-49
-42
-47
-45
-45
-46
-45
-45
-39
-43
-40
-32
-37
-38
-36
-38
-41
-47
-49
-51
-52
-47
-44
-46
-52
-48
-49
-49
-47
-48
-45
-46
-49
-50
-51
-49
-48
-48
-45
-44
-43
-43
-43
-40
-42
-43
-43
-46
-43
-47
-47
-46
-43
-44
-43
-40
-45
-49
-48
-50
-51
-49
-47
-46
-49
-47
-50
-52
-49
-52
-53
-49
-48
-47
-48
-43
-48
-50
-46
-50
-52
-52
-52
-53
-54
-54
-53
-56
-54
-54
-53
-56
-56
-58
-55
-54
-57
-61
-63
-58
-59
-60
-60
-63
-65
-63
-62
-63
-61
-56
-60
-67
-64
-61
-63
-68
-69
-69
-68
-68
-72
-71
-66
-66
-68
-64
-65
-64
-71
-70
-71
-71
-71
-74
-72
-71
-73
-73
-73
-71
-74
-70
-68
-73
-73
-74
-72
-72
-75
-74
-73
-74
-74
-72
-73
-73
-75
-80
-81
-80
-79
-85
-85
-85
-85
-86
-84
-87
-87
-85
-89
-96
-96
-99
-97
-93
-87
-81
-84
-86
-84
-82
-84
-83
-80
-77
-80
-80
-84
-84
-82
-83
-77
-80
-78
-78
-78
-77
-82
-81
-83
-85
-86
-88
-85
-84
-86
-83
-85
-83
-83
-86
-83
-86
-81
-85
-79
-78
-81
-80
-81
-78
-76
-77
-75
-78
-85
-78
-74
-80
-80
-75
-78
-78
-77
-77
-74
-69
-71
-71
-66
-69
-69
-69
-67
-62
-63
-63
-63
-61
-64
-62
-62
-61
-59
-59
-58
-57
-57
-56
-56
-54
-56
-53
-51
-51
-46
-54
-55
-51
-51
-48
-44
-42
-41
-43
-39
-36
-36
-30
-31
-32
-34
-32
-32
-34
-34
-34
-29
-32
-31
-28
-31
-27
-28
-29
-30
-25
-23
-28
-27
-24
-24
-27
-25
-26
-26
-22
-21
-25
-23
-20
-23
-19
-20
-19
-16
-17
-17
-12
-9
-9
-9
-8
-7
-9
-9
-7
-8
-11
-11
-1
-7
-7
-2
-5
-6
-10
-11
-13
-14
-13
-8
-9
-8
-7
-10
-6
-4
-2
-5
-4
-1
0
1
1
3
2
6
4
8
7
9
10
7
3
8
8
7
9
8
11
11
11
7
10
10
9
13
13
9
8
9
14
15
18
21
17
21
21
22
24
25
28
27
32
27
30
29
32
36
36
36
34
36
39
36
39
43
45
45
46
48
49
51
49
51
51
49
54
57
54
58
61
59
61
61
61
64
66
70
68
69
69
70
69
66
63
62
62
65
66
66
70
64
66
67
66
69
66
64
64
63
61
61
65
65
59
59
59
61
62
62
63
63
62
62
65
63
62
60
62
61
60
61
59
59
57
56
56
56
55
49
49
50
50
48
46
45
46
48
39
40
49
36
35
41
51
54
50
49
44
46
45
46
48
51
47
48
44
44
47
47
48
44
47
43
44
41
36
36
32
34
35
36
35
33
31
32
32
33
32
30
34
33
31
30
35
36
29
33
34
39
35
33
39
36
30
32
32
29
33
30
28
26
25
27
26
30
28
29
28
27
28
27
30
29
28
26
26
27
28
29
29
27
27
26
28
27
28
29
27
28
27
30
27
27
28
23
21
22
22
25
24
26
26
24
22
25
28
28
27
22
23
26
24
18
21
20
21
22
25
22
21
22
22
19
22
21
22
19
18
22
20
20
18
21
17
18
14
16
18
15
16
18
17
19
19
19
18
19
24
22
23
21
22
21
22
22
24
26
25
29
21
27
32
25
19
19
23
18
15
19
20
23
21
18
20
22
23
19
17
19
17
19
20
19
21
22
22
25
24
27
30
26
27
26
27
27
24
26
28
31
29
30
32
27
28
30
29
22
23
25
26
24
22
32
29
24
29
30
27
29
30
32
34
32
30
30
33
33
31
33
32
34
32
29
31
31
35
32
32
31
29
33
32
33
29
26
25
29
27
27
27
24
22
24
23
23
26
22
28
24
23
24
20
18
22
16
15
18
16
18
20
19
17
19
16
20
17
19
18
14
13
11
14
16
13
10
9
10
14
10
10
10
11
11
12
8
6
7
8
5
4
7
2
5
2
3
1
1
2
-3
-4
-3
-4
-6
-3
-2
-5
-3
-11
-16
-8
-13
-16
-11
-5
0
2
-5
-6
-8
-6
-4
-4
-1
-9
-9
-14
-14
-13
-14
-11
-14
-13
-13
-14
-15
-21
-17
-19
-22
-21
-23
-18
-15
-16
-19
-20
-20
-20
-22
-20
-21
-19
-19
-18
-19
-21
-24
-21
-19
-19
-20
-18
-15
-23
-24
-20
-21
-22
-19
-23
-26
-23
-25
-22
-20
-22
-21
-19
-18
-17
-18
-15
-15
-13
-13
-15
-13
-12
-14
-13
-15
-12
-11
-11
-7
-6
-6
-7
-10
-8
-8
-5
-9
-10
-6
-9
-8
-16
-18
-11
-10
-10
-12
-11
-8
-10
-8
-7
-12
-11
-10
-8
-13
-13
-14
-13
-14
-13
-12
-13
-12
-14
-13
-12
-11
-9
-8
-12
-11
-12
-15
-11
-16
-16
-13
-11
-12
-11
-9
-12
-11
-11
-8
-6
-8
-8
-8
1
2
1
3
4
5
4
3
2
3
7
11
11
10
13
7
2
1
3
-1
0
1
7
8
4
3
4
5
5
7
5
6
6
5
9
5
5
8
7
12
12
12
14
16
16
12
16
12
14
12
13
15
13
14
14
12
15
14
14
10
9
11
13
14
16
10
17
20
12
16
12
14
14
16
17
18
15
15
15
17
16
15
15
13
14
12
14
10
16
15
13
15
13
15
14
12
10
11
11
9
10
10
10
9
7
8
12
6
5
9
10
7
5
7
3
3
2
-2
-5
-6
-2
0
-1
0
-3
-4
1
-1
-2
-3
-5
-5
-10
-9
-7
-6
-8
-9
-10
-9
-6
-8
-5
-8
-8
-7
-7
-4
-7
-10
-10
-9
-8
-10
-10
-12
-15
-16
-15
-16
-18
-20
-19
-17
-19
-21
-17
-19
-21
-18
-22
-26
-28
-28
-25
-21
-14
-13
-13
-15
-14
-17
-22
-17
-14
-13
-16
-18
-17
-20
-19
-18
-19
-17
-20
-21
-20
-21
-21
-23
-28
-28
-29
-29
-27
-25
-24
-24
-23
-23
-24
-25
-26
-27
-24
-28
-25
-23
-25
-30
-29
-25
-28
-26
-30
-28
-30
-34
-30
-27
-31
-31
-25
-28
-30
-31
-27
-30
-31
-28
-30
-28
-31
-27
-26
-27
-27
-28
-29
-33
-28
-30
-30
-31
-31
-31
-31
-30
-29
-28
-31
-33
-32
-29
-31
-28
-32
-28
-31
-37
-37
-32
-30
-32
-32
-32
-30
-29
-31
-30
-29
-33
-31
-28
-28
-32
-34
-29
-32
-31
-28
-30
-26
-27
-27
-30
-30
-30
-29
-28
-33
-32
-30
-32
-34
-31
-31
-30
-31
-29
-28
-27
-25
-24
-24
-27
-24
-21
-20
-20
-21
-19
-17
-17
-15
-13
-16
-15
-16
-16
-13
-5
-4
-9
-9
-15
-19
-17
-17
-19
-21
-20
-13
-16
-20
-21
-21
-23
-18
-15
-20
-20
-19
-20
-19
-17
-19
-18
-18
-17
-14
-16
-14
-13
-15
-14
-17
-15
-15
-13
-13
-16
-13
-13
-14
-18
-13
-13
-16
-15
-15
-18
-13
-14
-15
-13
-14
-11
-14
-13
-12
-12
-10
-11
-11
-11
-12
-13
-14
-11
-15
-12
-12
-18
-11
-15
-15
-15
-19
-17
-18
-15
-19
-19
-20
-20
-20
-25
-27
-29
-26
-26
-27
-27
-26
-29
-26
-26
-30
-28
-24
-23
-26
-28
-27
-28
-33
-35
-34
-32
-38
-40
-34
-30
-31
-34
-35
-32
-34
-38
-40
-43
-40
-42
-42
-40
-39
-41
-41
-42
-42
-40
-40
-38
-38
-39
-41
-39
-39
-40
-40
-37
-38
-40
-39
-40
-41
-40
-41
-46
-43
-42
-43
-45
-43
-42
-42
-40
-45
-43
-44
-51
-49
-47
-46
-40
-36
-37
-37
-34
-41
-36
-36
-37
-33
-34
-35
-35
-34
-36
-38
-38
-35
-35
-35
-36
-35
-37
-39
-39
-43
-42
-47
-46
-43
-43
-41
-43
-43
-43
-42
-41
-41
-42
-45
-43
-41
-39
-38
-37
-42
-40
-38
-36
-32
-34
-42
-39
-32
-41
-43
-36
-35
-43
-40
-42
-39
-41
-41
-40
-41
-39
-39
-38
-38
-34
-31
-33
-37
-37
-38
-36
-37
-36
-39
-40
-37
-36
-33
-35
-34
-35
-36
-34
-35
-33
-35
-35
-35
-36
-36
-36
-36
-36
-36
-33
-32
-32
-28
-25
-27
-24
-28
-25
-22
-24
-27
-27
-25
-24
-21
-20
-18
-18
-20
-18
-19
-17
-15
-17
-16
-15
-15
-15
-14
-14
-14
-14
-14
-12
-12
-10
-12
-12
-10
-9
-9
-6
-11
-12
-8
-4
0
1
4
3
3
3
4
5
3
12
15
8
9
12
7
2
8
7
4
4
5
11
12
8
4
5
8
8
9
7
5
6
6
6
7
4
7
7
11
10
7
16
12
13
13
9
12
12
13
12
13
14
10
13
14
8
10
11
11
11
12
9
9
12
9
11
8
5
8
9
6
9
8
7
5
5
5
5
6
4
7
4
0
-2
-5
-1
-1
0
0
0
-1
-2
-1
-3
-2
-9
-9
-10
-10
-9
-9
-9
-11
-11
-15
-14
-16
-18
-9
-12
-14
-15
-14
-13
-17
-21
-20
-21
-20
-22
-16
-12
-16
-16
-14
-12
-11
-13
-12
-11
-13
-13
-11
-12
-10
-11
-13
-10
-10
-10
-9
-10
-9
-8
-9
-7
-6
-8
-9
-12
-7
-9
-9
-10
-12
-14
-11
-11
-15
-14
-15
-12
-13
-15
-14
-14
-15
-20
-11
-15
-23
-17
-21
-21
-17
-5
-5
-10
-9
-9
-5
-11
-8
-2
-5
-3
-8
-8
-6
-6
-6
-6
-4
-2
-8
-5
-6
-7
-7
-9
-7
-10
-12
-5
-8
-7
-6
-7
-6
-11
-10
-11
-9
-11
-12
-4
-3
-6
-6
-9
-2
-2
-1
3
3
-2
-1
2
0
3
4
7
5
2
3
6
8
9
9
12
11
12
12
9
15
12
14
14
13
14
11
13
14
14
16
18
17
20
17
20
22
20
23
22
23
23
20
17
21
27
30
26
28
30
29
29
30
35
34
37
34
28
28
27
30
27
27
29
28
31
30
32
31
30
33
32
32
33
35
32
29
30
29
29
31
31
29
29
31
33
32
32
30
33
35
37
35
36
35
36
41
38
37
37
36
37
34
38
37
38
43
37
43
43
36
30
31
29
26
22
27
28
28
28
23
26
25
29
28
28
28
26
26
23
25
28
28
26
27
31
31
30
30
27
28
28
27
29
26
28
25
26
27
26
28
23
22
24
20
23
22
17
14
12
19
19
15
15
16
16
14
14
17
16
18
15
15
13
16
14
16
16
13
16
13
12
10
14
14
13
15
13
11
13
13
12
10
8
9
8
8
10
10
11
9
8
10
12
13
9
8
12
10
9
10
8
8
1
1
2
3
8
12
11
12
9
15
13
10
10
7
7
6
10
11
11
10
9
8
9
10
8
9
9
10
9
11
10
9
8
10
9
10
8
7
7
8
4
5
5
-2
-2
1
-2
-2
-2
-3
-5
-4
-3
-12
-2
-8
-17
-10
-6
6
5
1
0
0
-3
-1
3
1
0
-1
-6
-4
-6
-2
-1
-5
0
-2
-1
-4
-4
-4
-7
-7
-9
-11
-8
-3
-5
-3
-5
-4
-7
-9
-6
-5
-3
-3
-2
3
0
-5
-5
1
5
1
0
1
2
2
4
-1
-3
3
5
0
-2
2
2
4
1
2
4
5
3
3
8
6
9
9
10
9
12
12
12
11
12
13
17
19
19
23
21
23
23
22
27
26
25
26
27
24
17
18
25
29
31
29
33
33
36
36
34
36
33
33
36
34
30
32
36
34
35
38
36
36
38
34
39
37
35
36
37
36
37
35
32
36
33
33
37
35
34
34
35
33
36
36
37
37
35
31
34
35
35
34
34
34
31
34
32
32
31
38
37
34
40
37
34
29
25
23
22
23
26
25
25
22
23
21
26
25
24
24
18
23
21
22
26
23
25
25
26
29
27
29
26
25
29
23
24
26
25
27
26
30
29
25
28
22
21
22
23
25
22
22
17
20
28
25
23
26
24
24
24
27
28
25
26
23
24
26
25
25
25
24
22
24
23
19
21
21
24
27
24
23
26
23
20
20
17
15
19
17
14
16
18
16
13
11
13
11
13
15
16
16
11
10
9
9
3
1
6
5
5
9
3
5
4
3
5
2
4
1
-3
-5
-2
-3
-4
-7
-7
-5
-7
-6
-8
-6
-8
-7
-9
-10
-11
-11
-13
-11
-12
-13
-14
-14
-16
-17
-19
-22
-16
-19
-21
-23
-18
-17
-18
-21
-20
-20
-20
-28
-26
-19
-28
-30
-31
-20
-12
-17
-17
-18
-19
-18
-16
-14
-16
-17
-19
-20
-17
-16
-15
-16
-15
-11
-16
-16
-15
-18
-12
-16
-16
-19
-18
-14
-12
-8
-9
-9
-5
-7
-8
-6
-5
-1
-4
2
2
0
1
-1
3
5
6
9
6
2
8
7
5
6
10
8
4
7
10
10
9
9
11
11
12
11
11
12
14
15
13
16
13
14
15
14
15
18
18
19
22
22
22
23
24
25
25
25
25
22
23
25
31
24
29
31
32
34
30
37
34
34
37
33
27
28
35
30
26
29
28
28
29
28
26
28
28
28
30
29
30
28
30
29
28
29
28
28
26
25
30
28
26
26
27
27
28
23
26
30
25
22
24
31
28
29
31
29
26
26
26
27
24
28
32
24
29
32
28
26
16
14
14
11
17
21
17
16
13
12
15
17
17
17
17
17
14
13
13
17
17
19
20
20
22
23
23
21
17
18
20
16
18
18
20
17
19
20
20
19
15
15
14
15
14
6
12
13
6
17
16
12
9
10
9
9
11
10
10
8
8
8
7
6
8
6
4
2
3
3
1
3
0
2
-1
-2
-1
2
-1
-5
-6
-10
-8
-7
-8
-10
-11
-13
-12
-14
-14
-13
-13
-12
-17
-16
-20
-21
-20
-22
-21
-26
-27
-27
-27
-25
-26
-28
-24
-26
-22
-25
-24
-24
-30
-28
-30
-29
-28
-30
-29
-29
-31
-27
-26
-25
-27
-29
-26
-26
-26
-29
-28
-28
-28
-27
-28
-29
-29
-32
-32
-35
-33
-30
-36
-37
-32
-38
-35
-34
-36
-34
-34
-36
-40
-34
-40
-38
-34
-25
-18
-21
-21
-18
-22
-23
-21
-16
-11
-15
-18
-19
-16
-13
-12
-12
-8
-9
-7
-8
-4
-7
-8
-7
-8
-7
-6
-1
-3
2
3
4
6
7
8
6
9
3
5
12
11
8
8
13
11
11
13
16
17
13
17
14
14
15
16
17
12
14
13
16
17
13
15
16
17
17
17
17
20
17
17
17
19
20
16
15
14
16
15
18
19
16
17
12
14
13
15
17
18
16
15
16
11
10
10
15
15
17
19
17
17
18
21
18
17
12
12
18
10
8
11
11
12
13
12
10
10
9
9
11
10
9
12
9
9
7
9
10
7
7
7
7
9
6
7
7
8
9
7
12
12
11
10
15
20
20
16
18
18
15
17
19
16
22
28
24
26
26
23
18
18
15
14
13
15
21
14
10
10
9
10
14
18
10
12
15
11
12
13
11
11
10
13
12
12
15
18
15
10
12
13
11
12
13
12
10
9
9
10
11
5
8
10
2
4
2
4
7
4
7
3
1
1
3
4
1
4
2
3
1
1
0
-3
-1
-1
-2
-1
-4
-7
-4
-5
-2
-1
-4
-1
-1
-1
-1
-3
-4
-5
-4
-9
-9
-6
-8
-6
-8
-12
-11
-13
-8
-3
-7
-11
-10
-7
-10
-13
-14
-16
-14
-18
-20
-12
-11
-11
-17
-13
-10
-12
-11
-12
-14
-14
-13
-16
-16
-15
-11
-13
-13
-13
-11
-9
-10
-8
-9
-7
-6
-6
-4
-8
-6
-4
-3
-5
-5
-4
-4
-6
-5
-1
0
-5
-7
-6
-5
-4
-4
-4
-6
-5
-6
-12
-9
-11
-14
-9
-3
-1
2
4
1
6
1
5
6
7
8
3
6
3
5
8
8
9
11
15
14
11
14
9
8
10
9
7
9
15
13
12
15
10
12
11
11
12
9
11
14
12
13
11
11
14
15
15
10
12
8
15
15
10
13
14
13
11
9
11
14
14
12
13
14
14
15
13
15
19
18
16
20
18
17
19
18
18
18
19
19
21
21
18
20
19
17
19
18
20
18
15
14
13
16
17
17
17
18
18
16
20
24
25
23
20
18
18
23
20
16
21
19
19
23
22
24
26
25
25
24
27
26
25
26
25
24
21
22
21
23
20
23
25
23
23
25
23
24
27
28
26
21
26
28
30
30
31
30
29
27
27
26
25
29
36
36
32
30
28
26
27
26
20
22
17
26
29
25
24
21
21
24
24
25
21
23
23
24
23
23
29
24
24
29
27
26
26
24
26
23
25
24
22
23
21
25
22
20
20
18
23
18
19
14
13
11
13
18
16
13
15
13
10
12
13
11
12
11
8
9
6
5
5
6
3
8
7
6
5
1
0
2
5
1
5
2
1
4
0
2
0
-3
-3
-2
-5
-6
-4
-3
-6
-7
-4
-6
-5
-3
1
2
-5
-4
-7
-5
-6
-9
-7
-11
-11
-5
-5
-7
-5
-7
-4
-4
-5
-7
-5
-3
-6
-4
-4
-4
-6
-8
-7
-2
0
-5
-3
-1
-5
-2
-2
-1
-3
-3
-1
-1
0
-2
-1
-4
-4
-3
-6
-3
-6
-5
-6
-7
-6
-5
-1
-4
-5
-4
-12
-15
-10
-9
-11
-5
0
2
-1
1
-2
-1
0
-2
0
2
0
-1
-5
-1
2
-3
0
1
-2
-1
2
2
-2
-3
0
-5
-2
0
-3
3
3
-1
-1
1
2
-2
0
3
2
3
4
5
2
0
1
4
6
8
11
10
3
8
7
3
6
8
9
3
6
8
9
10
7
10
11
8
10
11
12
15
13
12
14
12
12
11
14
13
14
16
13
17
20
23
22
20
20
23
25
24
21
22
19
21
30
27
26
27
26
28
30
32
35
36
37
33
33
31
34
32
29
32
33
34
33
35
32
27
28
29
26
29
28
28
27
26
28
27
24
25
24
26
26
27
29
26
27
29
27
25
28
26
26
30
33
32
30
31
30
29
26
28
25
24
30
36
27
27
28
24
17
20
19
16
13
18
22
18
16
11
11
13
16
16
10
13
16
9
12
10
8
12
11
13
14
15
13
13
14
13
11
11
10
13
15
12
15
14
13
12
5
9
10
12
10
4
6
3
6
8
8
1
3
8
8
6
5
8
7
6
5
4
2
4
3
5
3
3
4
4
1
3
5
4
3
2
4
5
6
4
3
2
1
3
3
5
6
4
1
3
3
-5
-4
6
6
3
0
-2
-2
-4
-4
-7
-8
-9
-9
-4
-6
-5
-7
-8
-6
-7
-8
-8
-8
-10
-11
-11
-11
-13
-11
-10
-9
-11
-13
-9
-12
-9
-11
-10
-11
-13
-9
-13
-12
-14
-18
-15
-17
-16
-17
-20
-21
-19
-21
-25
-19
-22
-24
-22
-22
-21
-23
-23
-27
-29
-25
-27
-29
-28
-18
-11
-12
-18
-17
-18
-20
-15
-15
-14
-16
-16
-18
-19
-15
-14
-15
-14
-15
-16
-15
-14
-14
-17
-19
-17
-19
-21
-19
-16
-15
-17
-19
-17
-20
-19
-16
-18
-17
-17
-13
-13
-14
-14
-15
-10
-13
-12
-11
-8
-14
-18
-9
-17
-15
-11
-13
-14
-17
-17
-16
-15
-15
-18
-14
-16
-16
-17
-16
-12
-14
-14
-14
-13
-13
-13
-16
-12
-17
-16
-14
-13
-6
-10
-8
-10
-11
-7
-11
-7
-9
-6
-8
-10
-9
-12
-16
-18
-12
-11
-6
-7
-8
-6
-6
-11
-8
-9
-12
-8
-10
-9
-12
-11
-13
-11
-11
-14
-11
-10
-14
-12
-10
-13
-12
-14
-15
-15
-13
-16
-16
-14
-16
-15
-15
-15
-14
-14
-14
-13
-13
-16
-13
-16
-18
-13
-13
-14
-16
-16
-17
-20
-14
-17
-17
-8
-13
-15
-14
-18
-21
-27
-27
-28
-29
-31
-28
-27
-29
-33
-36
-29
-26
-31
-29
-33
-35
-34
-35
-34
-34
-33
-31
-29
-29
-30
-31
-27
-28
-27
-32
-32
-29
-30
-27
-30
-30
-30
-30
-31
-35
-34
-31
-27
-29
-37
-36
-34
-38
-34
-27
-33
-34
-29
-29
-30
-30
-26
-30
-28
-29
-30
-27
-27
-26
-25
-23
-27
-25
-26
-29
-25
-24
-21
-23
-24
-20
-21
-19
-21
-26
-24
-26
-26
-24
-23
-25
-22
-22
-22
-23
-24
-26
-25
-19
-18
-16
-20
-21
-22
-21
-22
-27
-25
-26
-27
-22
-20
-24
-21
-19
-19
-20
-22
-19
-20
-21
-22
-19
-17
-20
-20
-23
-24
-20
-21
-21
-19
-20
-19
-23
-17
-19
-17
-18
-19
-14
-15
-17
-17
-18
-18
-18
-20
-18
-23
-20
-20
-20
-19
-23
-22
-19
-20
-24
-27
-24
-31
-28
-22
-16
-9
-12
-12
-12
-15
-14
-13
-10
-12
-11
-12
-11
-10
-14
-14
-11
-11
-10
-10
-10
-11
-12
-10
-15
-13
-12
-17
-14
-10
-9
-9
-11
-9
-10
-9
