-14
-18
-19
-16
-15
-16
-15
-14
-13
-12
-14
-18
-20
-18
-15
-19
-20
-20
-24
-21
-19
-17
-17
-19
-18
-21
-22
-17
-17
-20
-19
-18
-20
-18
-16
-15
-17
-16
-17
-17
-16
-18
-17
-21
-19
-19
-18
-18
-19
-19
-19
-19
-22
-21
-24
-23
-25
-23
-25
-27
-23
-24
-22
-20
-27
-30
-26
-25
-25
-26
-25
-21
-24
-22
-23
-30
-25
-25
-23
-22
-24
-22
-26
-27
-25
-27
-24
-26
-25
-25
-23
-26
-27
-28
-27
-27
-28
-26
-28
-27
-31
-29
-32
-33
-32
-32
-32
-33
-34
-34
-38
-39
-36
-36
-38
-32
-35
-39
-34
-35
-33
-33
-35
-34
-36
-38
-33
-36
-38
-35
-36
-38
-35
-36
-35
-37
-37
-36
-36
-31
-33
-33
-32
-32
-32
-29
-28
-30
-30
-32
-35
-32
-37
-35
-38
-38
-35
-39
-39
-37
-36
-33
-35
-34
-34
-33
-38
-39
-39
-38
-34
-39
-39
-31
-31
-30
-30
-32
-30
-31
-27
-29
-27
-26
-26
-28
-26
-22
-23
-22
-21
-17
-20
-20
-22
-25
-24
-26
-25
-23
-22
-22
-15
-20
-19
-19
-22
-22
-23
-19
-18
-18
-17
-20
-19
-17
-14
-12
-12
-13
-17
-15
-14
-14
-11
-8
-11
-13
-17
-13
-12
-14
-15
-15
-12
-9
-9
-10
-8
-8
-7
-5
-4
-7
-10
-9
-7
-9
-7
-8
-8
-4
-8
-10
-4
-6
-6
-5
-3
-6
-6
-1
-1
-1
1
0
-3
2
2
0
2
3
4
8
9
7
4
6
6
4
2
7
6
8
10
11
11
9
10
10
10
10
6
6
9
5
7
5
7
7
8
11
9
9
6
6
7
3
6
10
8
12
8
10
15
15
17
18
16
14
12
12
14
16
15
15
14
15
23
18
15
18
15
15
16
15
14
14
13
14
15
17
15
14
14
15
16
16
15
14
18
16
14
16
16
19
18
19
18
16
19
15
16
17
15
16
16
13
15
17
13
14
12
10
11
10
11
14
13
12
9
14
17
12
8
10
11
11
14
15
13
11
10
8
8
7
10
5
7
9
6
6
4
4
6
7
6
8
8
8
8
8
4
-1
4
3
3
3
0
1
0
-2
-2
-1
0
1
-1
1
1
-1
2
0
-1
-1
-1
-1
-2
-2
1
3
0
1
0
0
-5
-1
1
-3
-1
0
1
-1
0
-2
0
-3
1
2
-1
0
0
0
0
-3
0
3
2
4
3
1
0
-1
-3
-4
-3
-5
-4
-7
-7
-8
-7
-7
-8
-6
-7
-9
-8
-12
-16
-10
-11
-12
-7
-9
-10
-9
-9
-10
-9
-10
-10
-10
-13
-10
-12
-13
-14
-11
-10
-10
-12
-13
-12
-17
-19
-19
-20
-22
-21
-22
-24
-22
-23
-20
-18
-21
-19
-21
-25
-19
-19
-20
-19
-18
-14
-20
-17
-17
-16
-14
-20
-22
-19
-20
-21
-20
-20
-22
-22
-19
-22
-19
-22
-20
-17
-17
-17
-21
-19
-17
-15
-16
-16
-16
-17
-16
-19
-16
-16
-17
-16
-19
-13
-17
-17
-16
-16
-17
-15
-14
-15
-10
-11
-13
-15
-12
-14
-14
-13
-14
-12
-15
-12
-12
-16
-12
-12
-14
-15
-17
-19
-15
-14
-15
-12
-14
-14
-12
-18
-18
-15
-16
-16
-15
-15
-19
-18
-16
-19
-16
-17
-18
-18
-19
-18
-18
-18
-18
-18
-14
-14
-15
-16
-16
-14
-18
-13
-14
-15
-15
-18
-19
-18
-15
-17
-18
-19
-11
-14
-16
-16
-18
-15
-17
-13
-15
-18
-17
-19
-20
-18
-19
-20
-22
-20
-23
-19
-20
-23
-19
-17
-17
-15
-14
-13
-10
-10
-14
-12
-12
-13
-13
-16
-12
-15
-13
-12
-14
-10
-10
-14
-16
-15
-12
-14
-14
-13
-16
-12
-17
-13
-13
-20
-21
-18
-15
-20
-17
-14
-16
-15
-16
-16
-13
-20
-16
-13
-14
-12
-17
-16
-16
-16
-16
-15
-12
-14
-16
-15
-16
-15
-19
-22
-19
-20
-20
-23
-23
-24
-27
-24
-24
-24
-24
-20
-20
-20
-25
-21
-24
-22
-22
-29
-27
-28
-29
-29
-26
-27
-23
-21
-24
-23
-25
-26
-24
-26
-22
-26
-29
-25
-28
-26
-27
-27
-27
-24
-23
-25
-22
-24
-20
-19
-21
-19
-20
-20
-20
-23
-21
-23
-22
-24
-23
-26
-24
-24
-26
-24
-26
-26
-25
-25
-24
-24
-29
-28
-31
-29
-25
-27
-29
-27
-30
-29
-27
-24
-25
-27
-24
-24
-24
-24
-26
-28
-29
-28
-24
-24
-26
-26
-26
-28
-29
-32
-32
-31
-29
-30
-30
-29
-26
-24
-29
-27
-26
-26
-27
-29
-29
-29
-24
-22
-27
-26
-25
-29
-31
-28
-30
-29
-33
-29
-26
-25
-27
-30
-28
-29
-29
-29
-29
-29
-28
-27
-23
-23
-24
-25
-25
-23
-22
-23
-24
-25
-23
-22
-25
-27
-22
-24
-22
-18
-21
-21
-19
-21
-18
-17
-20
-15
-14
-17
-17
-18
-15
-15
-14
-17
-15
-15
-15
-16
-15
-13
-12
-15
-14
-16
-20
-16
-16
-17
-17
-18
-15
-19
-17
-15
-18
-16
-15
-16
-14
-12
-13
-12
-14
-13
-14
-15
-15
-16
-15
-15
-16
-18
-16
-15
-17
-11
-13
-12
-12
-14
-10
-12
-10
-9
-9
-11
-11
-11
-12
-12
-13
-10
-3
-10
-10
-10
-8
-8
-11
-11
-12
-13
-13
-13
-12
-13
-13
-11
-11
-11
-13
-11
-11
-13
-13
-13
-11
-10
-10
-9
-8
-5
-7
-8
-10
-8
-8
-10
-7
-7
-3
-4
-2
-5
-9
-7
-7
-10
-7
-9
-12
-10
-10
-11
-9
-6
-4
-8
-10
-10
-7
-9
-7
-4
-4
-5
-5
-2
-5
-5
-8
-7
-6
-7
-10
-7
-11
-12
-10
-9
-6
-9
-8
-7
-8
-9
-12
-14
-12
-12
-15
-13
-11
-14
-11
-14
-16
-13
-13
-12
-16
-13
-14
-13
-14
-16
-15
-17
-17
-20
-21
-18
-17
-16
-18
-17
-20
-20
-20
-19
-19
-20
-19
-22
-22
-17
-22
-25
-24
-25
-22
-23
-22
-26
-23
-23
-25
-25
-25
-23
-23
-24
-25
-25
-26
-26
-26
-28
-26
-27
-28
-27
-30
-31
-29
-29
-28
-30
-31
-29
-26
-27
-34
-29
-26
-28
-29
-26
-25
-29
-27
-26
-28
-24
-24
-26
-25
-26
-25
-26
-25
-24
-22
-23
-18
-23
-23
-23
-24
-24
-28
-26
-27
-29
-27
-25
-27
-27
-24
-27
-29
-27
-26
-26
-28
-24
-27
-26
-24
-26
-26
-26
-26
-27
-24
-26
-22
-21
-22
-19
-22
-19
-22
-22
-21
-21
-22
-22
-18
-20
-20
-20
-20
-19
-18
-16
-18
-19
-21
-20
-18
-14
-17
-15
-12
-9
-9
-13
-12
-12
-9
-9
-5
-5
-7
-6
-7
-7
-6
-7
-7
-7
-9
-5
-4
-4
-5
-4
-4
-4
-4
-4
-4
-6
-7
-6
-6
-4
-1
-2
-3
-5
-5
-8
-6
-5
-8
-3
-3
-2
-6
-7
-9
-6
-4
-5
-5
-5
-3
-4
-3
-3
-1
-1
-1
0
0
2
2
0
1
5
4
1
2
-4
1
-1
-6
0
-3
-1
3
-4
-5
-6
-5
-6
-9
-8
-6
-7
-10
-11
-9
-7
-10
-8
-12
-15
-13
-11
-13
-14
-13
-12
-14
-17
-15
-13
-13
-15
-18
-21
-22
-20
-25
-27
-24
-24
-26
-23
-25
-24
-22
-25
-22
-25
-27
-26
-24
-28
-27
-30
-30
-28
-30
-35
17
73
120
130
118
139
161
162
120
57
19
-31
-93
-158
-210
-237
-268
-299
-295
-247
-194
-140
-109
-45
29
99
139
156
176
184
175
146
107
82
40
-16
-56
-81
-86
-97
-116
-120
-109
-85
-70
-74
-70
-62
-59
-60
-72
-64
-62
-74
-79
-66
-32
-13
0
21
49
80
102
113
116
111
143
190
263
320
331
342
354
377
376
333
264
178
90
10
-77
-160
-245
-318
-354
-349
-322
-268
-210
-143
-53
46
145
212
283
362
440
509
545
580
599
595
581
546
517
455
358
234
127
19
-95
-226
-336
-420
-466
-484
-476
-439
-362
-278
-180
-56
83
222
325
412
477
526
537
509
453
386
302
217
114
21
-65
-131
-205
-258
-312
-343
-387
-420
-452
-471
-487
-484
-465
-414
-346
-285
-234
-177
-115
-67
-25
3
17
9
-31
-91
-155
-223
-308
-414
-505
-578
-612
-647
-665
-676
-651
-617
-562
-507
-442
-388
-342
-311
-282
-259
-239
-232
-219
-198
-137
-52
60
184
318
465
613
747
854
922
946
933
873
786
657
508
345
193
56
-44
-106
-126
-105
-44
62
200
355
507
651
777
883
958
996
997
956
886
791
681
562
433
306
177
63
-35
-116
-183
-238
-269
-282
-286
-297
-297
-322
-329
-346
-380
-427
-499
-556
-647
-735
-849
-953
-1044
-1132
-1181
-1207
-1201
-1172
-1118
-1033
-922
-807
-708
-607
-518
-440
-387
-362
-363
-382
-397
-414
-379
-276
-145
14
157
338
549
764
919
1001
1029
1021
931
770
537
274
-19
-337
-644
-883
-1049
-1148
-1205
-1177
-1039
-828
-569
-307
-34
247
496
704
851
944
991
966
900
807
714
612
498
383
299
247
211
170
129
105
95
69
30
1
-25
-40
-31
18
99
194
319
563
853
1166
1407
1580
1745
1853
1883
1797
1591
1336
1006
652
286
-53
-341
-592
-768
-832
-779
-650
-478
-321
-114
78
258
363
366
319
203
28
-187
-460
-748
-1053
-1346
-1574
-1736
-1841
-1914
-1933
-1877
-1731
-1555
-1381
-1227
-1063
-913
-776
-690
-636
-611
-599
-593
-550
-432
-231
3
271
547
863
1194
1477
1673
1762
1745
1639
1414
1081
652
163
-365
-893
-1357
-1727
-1989
-2132
-2149
-2022
-1744
-1367
-922
-460
7
446
832
1150
1374
1492
1525
1469
1364
1212
1031
835
628
448
298
178
87
2
-70
-136
-196
-255
-325
-396
-474
-533
-571
-562
-515
-367
-159
113
429
761
1151
1525
1858
2106
2239
2306
2252
2089
1825
1470
1084
661
239
-133
-429
-646
-768
-812
-746
-591
-388
-155
63
279
466
607
687
695
663
575
425
235
21
-203
-437
-688
-926
-1143
-1316
-1476
-1616
-1743
-1829
-1892
-1921
-1949
-1925
-1890
-1828
-1763
-1688
-1580
-1460
-1323
-1188
-1050
-862
-658
-397
-89
258
654
1023
1368
1671
1937
2129
2202
2138
1965
1668
1290
804
246
-345
-930
-1470
-1932
-2286
-2491
-2557
-2479
-2266
-1924
-1469
-956
-424
99
584
1026
1387
1649
1813
1874
1862
1773
1623
1426
1201
964
719
470
250
41
-151
-335
-503
-639
-748
-839
-906
-940
-923
-858
-742
-571
-347
-18
330
732
1164
1598
2035
2370
2613
2749
2771
2692
2449
2099
1661
1165
647
122
-350
-720
-989
-1148
-1164
-1077
-846
-567
-255
72
378
665
873
995
1042
1002
904
721
461
179
-119
-447
-772
-1126
-1423
-1666
-1861
-1986
-2109
-2140
-2172
-2167
-2096
-2036
-1942
-1895
-1884
-1820
-1783
-1693
-1651
-1588
-1498
-1347
-1127
-827
-443
38
561
1085
1595
2063
2479
2783
2896
2859
2652
2310
1816
1147
419
-380
-1144
-1874
-2500
-2957
-3231
-3323
-3211
-2926
-2451
-1856
-1195
-526
132
752
1295
1713
2011
2185
2258
2228
2100
1916
1683
1427
1148
861
599
352
116
-115
-345
-546
-736
-908
-1072
-1209
-1293
-1325
-1296
-1193
-1023
-757
-417
85
641
1260
1837
2359
2836
3187
3413
3457
3316
3021
2560
1995
1354
681
28
-578
-1079
-1401
-1545
-1531
-1360
-1102
-710
-282
168
583
924
1194
1356
1416
1394
1274
1079
812
465
137
-196
-532
-855
-1181
-1446
-1666
-1868
-2029
-2160
-2224
-2256
-2290
-2283
-2283
-2291
-2282
-2301
-2265
-2221
-2176
-2109
-2042
-1906
-1717
-1476
-1155
-729
-192
414
1036
1631
2191
2684
3074
3298
3336
3206
2875
2380
1700
905
33
-872
-1752
-2559
-3192
-3614
-3837
-3839
-3629
-3194
-2575
-1862
-1079
-290
466
1149
1708
2143
2446
2607
2633
2539
2361
2127
1838
1514
1170
834
518
211
-76
-358
-616
-853
-1072
-1257
-1413
-1514
-1565
-1561
-1469
-1294
-995
-618
-136
435
1084
1784
2419
2969
3380
3665
3794
3716
3449
2995
2399
1697
940
188
-501
-1088
-1528
-1769
-1819
-1658
-1356
-947
-468
33
534
962
1302
1521
1624
1631
1523
1333
1067
741
380
-1
-355
-679
-983
-1282
-1541
-1752
-1919
-2056
-2164
-2245
-2313
-2371
-2405
-2411
-2427
-2453
-2522
-2542
-2538
-2495
-2432
-2357
-2230
-2032
-1768
-1399
-920
-268
443
1173
1827
2460
3050
3532
3797
3820
3646
3293
2748
1984
1059
57
-978
-1991
-2922
-3647
-4120
-4357
-4365
-4148
-3633
-2898
-2057
-1180
-308
554
1348
1978
2457
2762
2935
2958
2832
2616
2340
2016
1647
1238
858
524
217
-97
-418
-696
-937
-1158
-1374
-1567
-1689
-1749
-1751
-1674
-1491
-1201
-800
-272
400
1155
1910
2611
3215
3725
4075
4221
4133
3831
3341
2689
1912
1070
214
-570
-1250
-1733
-2004
-2027
-1860
-1530
-1081
-535
54
610
1085
1446
1700
1822
1832
1714
1521
1230
889
505
137
-215
-555
-872
-1172
-1407
-1595
-1777
-1966
-2127
-2289
-2409
-2516
-2593
-2644
-2716
-2746
-2807
-2798
-2803
-2784
-2715
-2600
-2434
-2236
-2014
-1679
-1266
-677
1
745
1468
2144
2775
3346
3763
3977
3959
3712
3290
2636
1817
840
-224
-1320
-2381
-3303
-3990
-4454
-4644
-4610
-4286
-3687
-2903
-1983
-1036
-99
796
1567
2226
2702
3006
3142
3114
2973
2733
2411
2048
1634
1210
806
433
107
-226
-547
-838
-1106
-1330
-1539
-1722
-1828
-1882
-1843
-1709
-1466
-1095
-577
65
786
1533
2286
2977
3567
4000
4238
4270
4081
3691
3119
2390
1580
727
-104
-846
-1429
-1801
-1969
-1920
-1692
-1300
-793
-240
308
814
1243
1560
1751
1821
1773
1621
1379
1065
713
355
-4
-365
-692
-1002
-1254
-1507
-1737
-1954
-2116
-2271
-2408
-2551
-2669
-2745
-2826
-2885
-2970
-3005
-3049
-3026
-2993
-2894
-2745
-2578
-2360
-2036
-1625
-986
-266
560
1365
2121
2865
3532
4050
4356
4391
4217
3825
3179
2339
1298
158
-1046
-2245
-3314
-4149
-4741
-5047
-5121
-4848
-4271
-3467
-2505
-1503
-467
537
1420
2180
2740
3144
3353
3383
3281
3063
2772
2415
1984
1543
1116
720
362
-22
-376
-708
-1008
-1274
-1545
-1771
-1929
-2043
-2058
-1994
-1801
-1496
-1115
-591
56
884
1745
2547
3274
3870
4371
4661
4705
4508
4067
3444
2648
1739
794
-128
-979
-1675
-2151
-2340
-2265
-2008
-1578
-1044
-399
265
860
1356
1708
1942
2033
1984
1822
1553
1208
794
357
-62
-450
-822
-1176
-1497
-1780
-1998
-2206
-2419
-2555
-2689
-2741
-2809
-2861
-2883
-2930
-2982
-3035
-3068
-3036
-2964
-2870
-2720
-2534
-2259
-1843
-1246
-453
399
1238
2053
2844
3611
4200
4552
4636
4496
4131
3507
2634
1591
407
-854
-2123
-3283
-4175
-4817
-5197
-5316
-5107
-4539
-3731
-2768
-1742
-701
341
1287
2073
2693
3115
3380
3448
3355
3175
2907
2584
2178
1724
1316
944
582
197
-193
-536
-862
-1182
-1494
-1776
-1984
-2155
-2247
-2220
-2052
-1747
-1342
-841
-188
594
1430
2266
2994
3652
4159
4491
4622
4504
4186
3643
2921
2095
1209
344
-487
-1203
-1743
-2042
-2109
-1968
-1671
-1238
-697
-116
454
948
1359
1648
1818
1868
1803
1643
1390
1053
680
284
-92
-454
-821
-1168
-1522
-1796
-2049
-2253
-2449
-2603
-2700
-2772
-2798
-2847
-2889
-2912
-2977
-2999
-3016
-2995
-2926
-2843
-2686
-2463
-2122
-1653
-947
-134
793
1626
2441
3239
3946
4468
4702
4656
4429
3919
3180
2182
1030
-202
-1501
-2757
-3831
-4625
-5124
-5370
-5327
-4927
-4226
-3279
-2265
-1208
-149
850
1730
2432
2928
3273
3414
3409
3252
3006
2719
2365
1955
1537
1143
819
478
112
-253
-592
-899
-1223
-1554
-1841
-2068
-2224
-2308
-2283
-2091
-1793
-1387
-906
-312
411
1131
1857
2549
3233
3829
4234
4449
4473
4343
4018
3474
2772
1970
1121
257
-561
-1272
-1785
-2112
-2251
-2178
-1900
-1421
-871
-280
292
861
1359
1732
1963
2059
2045
1919
1664
1311
920
488
65
-380
-781
-1147
-1477
-1791
-2054
-2271
-2427
-2564
-2694
-2770
-2812
-2854
-2910
-2994
-3078
-3094
-3168
-3143
-3132
-3043
-2870
-2658
-2300
-1797
-1096
-217
686
1596
2449
3267
3999
4537
4806
4811
4572
4084
3356
2358
1230
-29
-1320
-2575
-3692
-4518
-5069
-5348
-5329
-5001
-4333
-3453
-2456
-1418
-389
615
1503
2216
2764
3123
3333
3375
3266
3084
2831
2527
2169
1768
1406
1069
724
353
-56
-424
-786
-1156
-1524
-1872
-2130
-2325
-2456
-2445
-2297
-1985
-1590
-1098
-509
197
936
1697
2424
3120
3767
4212
4514
4574
4486
4213
3713
3055
2252
1399
524
-358
-1107
-1722
-2115
-2333
-2326
-2118
-1689
-1145
-545
73
663
1223
1660
1967
2140
2194
2129
1936
1638
1286
879
466
12
-414
-784
-1142
-1463
-1795
-2044
-2246
-2408
-2563
-2729
-2839
-2924
-2964
-3046
-3111
-3162
-3187
-3181
-3185
-3101
-2981
-2779
-2501
-2145
-1643
-947
-114
811
1676
2486
3255
3957
4490
4754
4734
4505
4029
3322
2362
1247
45
-1214
-2471
-3578
-4423
-4977
-5267
-5313
-5013
-4408
-3534
-2557
-1542
-506
498
1405
2163
2739
3152
3395
3462
3389
3210
2967
2669
2281
1859
1436
1063
686
273
-155
-558
-930
-1286
-1652
-1967
-2199
-2365
-2438
-2418
-2229
-1907
-1484
-996
-406
304
1044
1732
2358
2998
3596
4071
4312
4360
4266
4023
3594
2963
2221
1429
591
-238
-1000
-1566
-1962
-2194
-2260
-2107
-1715
-1190
-617
-49
531
1081
1552
1871
2057
2134
2091
1917
1623
1280
898
483
26
-416
-805
-1126
-1451
-1775
-2046
-2249
-2387
-2571
-2729
-2880
-2946
-3016
-3121
-3199
-3279
-3264
-3307
-3303
-3247
-3114
-2883
-2641
-2291
-1765
-1023
-128
779
1667
2495
3331
4044
4583
4837
4848
4624
4132
3398
2424
1309
82
-1238
-2528
-3648
-4500
-5079
-5420
-5465
-5163
-4527
-3661
-2684
-1640
-571
465
1397
2171
2784
3225
3483
3553
3486
3319
3089
2756
2347
1899
1478
1089
674
233
-215
-625
-1005
-1383
-1752
-2055
-2289
-2450
-2528
-2474
-2263
-1926
-1507
-1005
-409
301
1099
1872
2605
3244
3805
4234
4501
4562
4404
4055
3519
2823
2036
1176
300
-557
-1300
-1854
-2188
-2314
-2252
-1993
-1581
-1017
-400
224
800
1298
1696
1964
2121
2147
2056
1845
1531
1167
784
381
-27
-441
-800
-1137
-1429
-1694
-1929
-2142
-2329
-2504
-2674
-2835
-2962
-3071
-3162
-3251
-3341
-3385
-3389
-3312
-3217
-3064
-2869
-2548
-2110
-1529
-774
83
1009
1898
2715
3509
4176
4688
4901
4848
4577
4077
3339
2349
1187
-70
-1351
-2595
-3691
-4546
-5116
-5403
-5413
-5087
-4448
-3568
-2562
-1520
-450
587
1537
2333
2929
3348
3606
3692
3628
3434
3161
2811
2389
1925
1458
1023
585
126
-339
-759
-1142
-1497
-1839
-2125
-2325
-2430
-2441
-2343
-2109
-1728
-1235
-651
22
729
1535
2306
3003
3573
3987
4291
4393
4302
4006
3524
2923
2185
1387
579
-182
-855
-1398
-1763
-1927
-1876
-1677
-1343
-918
-411
121
624
1054
1400
1665
1822
1866
1810
1677
1471
1196
871
523
204
-135
-465
-789
-1087
-1322
-1573
-1806
-2055
-2263
-2422
-2586
-2705
-2832
-2935
-3027
-3104
-3137
-3159
-3129
-3100
-3025
-2897
-2705
-2408
-2037
-1534
-850
-25
871
1713
2521
3292
3981
4488
4734
4738
4524
4065
3346
2384
1283
79
-1185
-2447
-3557
-4400
-4978
-5284
-5317
-5004
-4374
-3503
-2512
-1464
-387
664
1592
2362
2952
3370
3600
3644
3530
3307
3003
2625
2170
1692
1228
808
398
-25
-422
-773
-1084
-1377
-1648
-1868
-2019
-2111
-2125
-2047
-1842
-1538
-1163
-716
-174
479
1196
1918
2596
3207
3731
4113
4324
4346
4174
3813
3265
2580
1806
983
157
-626
-1289
-1758
-2014
-2075
-1944
-1645
-1208
-663
-85
476
987
1416
1734
1947
2027
2014
1884
1666
1353
1004
629
265
-119
-492
-830
-1129
-1369
-1615
-1818
-2023
-2184
-2347
-2500
-2637
-2743
-2808
-2917
-2999
-3077
-3115
-3085
-3115
-2998
-2901
-2667
-2440
-2108
-1639
-994
-208
604
1431
2227
3001
3704
4238
4571
4638
4512
4130
3529
2701
1683
554
-672
-1883
-3005
-3903
-4575
-4985
-5140
-4954
-4463
-3699
-2803
-1806
-768
272
1225
2045
2702
3185
3479
3586
3541
3374
3114
2752
2310
1846
1379
949
519
99
-294
-650
-956
-1243
-1486
-1698
-1848
-1943
-1959
-1899
-1725
-1474
-1137
-743
-226
385
1038
1653
2208
2828
3364
3803
4007
4039
3957
3709
3307
2713
2037
1323
551
-167
-828
-1288
-1613
-1779
-1789
-1607
-1232
-772
-264
207
695
1149
1520
1765
1892
1936
1883
1717
1481
1195
896
558
191
-157
-459
-702
-950
-1198
-1415
-1584
-1727
-1920
-2113
-2330
-2506
-2679
-2816
-2941
-3034
-3147
-3212
-3218
-3168
-3048
-2929
-2749
-2513
-2190
-1746
-1240
-573
179
1004
1802
2528
3225
3835
4310
4515
4492
4263
3849
3200
2298
1248
105
-1061
-2222
-3284
-4120
-4691
-4996
-5037
-4781
-4198
-3374
-2427
-1418
-386
653
1594
2365
2943
3355
3596
3658
3543
3297
2960
2548
2079
1569
1085
642
232
-166
-541
-840
-1085
-1300
-1508
-1681
-1772
-1805
-1785
-1718
-1559
-1312
-978
-611
-106
464
1121
1769
2362
2947
3420
3807
3989
4008
3866
3544
3081
2458
1751
1015
267
-414
-1019
-1436
-1695
-1744
-1661
-1414
-1025
-551
-39
446
900
1297
1603
1808
1896
1886
1796
1623
1379
1090
800
491
186
-121
-402
-637
-863
-1071
-1257
-1413
-1551
-1747
-1953
-2179
-2375
-2558
-2740
-2921
-3082
-3194
-3302
-3334
-3295
-3217
-3076
-2917
-2671
-2358
-1968
-1475
-884
-119
672
1484
2229
2948
3627
4157
4465
4543
4428
4105
3545
2751
1759
670
-506
-1697
-2824
-3751
-4442
-4890
-5063
-4943
-4494
-3777
-2892
-1914
-879
164
1139
1978
2644
3125
3446
3579
3542
3363
3085
2723
2295
1820
1344
910
515
118
-262
-593
-859
-1109
-1350
-1564
-1721
-1814
-1871
-1870
-1774
-1574
-1296
-953
-531
11
605
1210
1754
2343
2901
3417
3748
3906
3936
3827
3580
3140
2565
1909
1187
466
-254
-845
-1313
-1639
-1809
-1814
-1598
-1248
-787
-323
179
689
1165
1540
1801
1955
2018
1970
1828
1596
1323
1007
649
290
-52
-338
-622
-890
-1161
-1352
-1508
-1661
-1848
-2077
-2253
-2443
-2620
-2758
-2916
-3014
-3140
-3252
-3272
-3267
-3149
-3066
-2925
-2712
-2451
-2059
-1602
-1011
-268
517
1369
2148
2925
3604
4175
4541
4664
4581
4253
3716
2929
1937
811
-397
-1601
-2757
-3737
-4488
-4965
-5151
-5050
-4628
-3933
-3045
-2051
-1008
32
1026
1881
2572
3073
3402
3559
3545
3387
3129
2771
2368
1916
1457
1030
616
235
-144
-489
-791
-1071
-1326
-1582
-1785
-1920
-2002
-2011
-1945
-1765
-1488
-1055
-553
41
649
1271
1938
2547
3096
3501
3786
3924
3879
3701
3333
2872
2276
1594
896
211
-373
-897
-1280
-1525
-1595
-1490
-1268
-931
-533
-84
362
775
1136
1427
1632
1744
1763
1712
1603
1429
1208
949
678
418
155
-88
-336
-568
-774
-993
-1185
-1413
-1644
-1894
-2151
-2377
-2599
-2808
-2971
-3144
-3216
-3311
-3282
-3252
-3138
-3012
-2849
-2636
-2384
-2074
-1732
-1335
-805
-137
635
1400
2105
2768
3389
3953
4300
4426
4310
4021
3503
2781
1831
781
-365
-1528
-2657
-3604
-4310
-4760
-4979
-4925
-4553
-3870
-3004
-2039
-1041
-30
959
1821
2518
3024
3365
3532
3518
3361
3104
2759
2342
1853
1367
911
516
118
-278
-641
-929
-1178
-1398
-1621
-1791
-1887
-1926
-1906
-1803
-1601
-1315
-966
-557
-16
597
1227
1784
2381
2954
3472
3817
3959
3960
3828
3549
3077
2457
1773
1023
290
-423
-995
-1419
-1695
-1815
-1784
-1529
-1151
-676
-226
247
709
1148
1485
1708
1828
1870
1827
1699
1497
1264
989
682
347
35
-239
-501
-777
-1061
-1309
-1525
-1752
-1993
-2258
-2487
-2704
-2892
-3061
-3224
-3314
-3408
-3380
-3348
-3217
-3086
-2920
-2713
-2451
-2112
-1739
-1325
-782
-93
721
1492
2189
2835
3483
4043
4376
4466
4341
4060
3536
2780
1816
763
-376
-1558
-2714
-3666
-4375
-4831
-5081
-5043
-4665
-3978
-3108
-2150
-1138
-92
913
1798
2516
3059
3435
3625
3634
3496
3241
2908
2485
1980
1466
985
549
105
-335
-739
-1062
-1337
-1581
-1805
-1948
-2025
-2024
-1969
-1821
-1565
-1202
-749
-236
360
984
1657
2256
2805
3239
3585
3801
3832
3694
3397
2978
2454
1813
1147
473
-121
-652
-1054
-1304
-1407
-1354
-1202
-929
-577
-176
221
590
896
1175
1384
1521
1560
1540
1469
1360
1201
1015
810
600
376
140
-93
-318
-529
-750
-994
-1213
-1441
-1679
-1975
-2277
-2537
-2782
-2968
-3190
-3313
-3391
-3413
-3382
-3290
-3146
-2935
-2719
-2447
-2159
-1771
-1351
-842
-206
505
1261
1976
2639
3264
3818
4215
4397
4361
4124
3686
3047
2176
1174
59
-1083
-2211
-3212
-4028
-4594
-4904
-4944
-4696
-4140
-3358
-2437
-1443
-429
569
1497
2278
2878
3295
3540
3620
3539
3322
2997
2602
2133
1628
1135
677
240
-180
-584
-916
-1194
-1424
-1628
-1780
-1865
-1879
-1830
-1709
-1504
-1226
-875
-482
54
622
1232
1739
2271
2812
3292
3668
3807
3838
3723
3496
3111
2560
1942
1252
574
-81
-646
-1058
-1385
-1538
-1584
-1412
-1113
-718
-319
80
511
918
1268
1512
1663
1744
1751
1685
1554
1373
1158
885
602
306
39
-242
-513
-810
-1057
-1279
-1518
-1772
-2056
-2304
-2547
-2760
-2960
-3114
-3218
-3293
-3347
-3326
-3247
-3108
-2967
-2801
-2580
-2287
-1937
-1553
-1097
-475
265
1074
1817
2509
3185
3793
4278
4501
4522
4318
3930
3296
2437
1421
301
-878
-2075
-3162
-4034
-4646
-5007
-5120
-4920
-4392
-3600
-2659
-1649
-608
438
1399
2214
2848
3304
3580
3669
3595
3380
3068
2673
2207
1687
1186
713
293
-128
-529
-872
-1152
-1377
-1590
-1758
-1866
-1905
-1883
-1794
-1616
-1348
-1016
-634
-128
452
1078
1664
2256
2811
3334
3706
3910
3958
3863
3609
3184
2625
1966
1252
529
-176
-776
-1234
-1543
-1701
-1700
-1529
-1218
-793
-359
99
537
959
1299
1553
1705
1786
1785
1701
1551
1369
1139
883
606
309
42
-224
-499
-784
-1035
-1278
-1509
-1774
-2022
-2274
-2503
-2724
-2930
-3081
-3184
-3268
-3318
-3322
-3273
-3167
-3039
-2869
-2682
-2415
-2141
-1782
-1347
-729
-7
787
1535
2263
2979
3654
4184
4487
4555
4430
4093
3524
2714
1723
609
-595
-1804
-2941
-3860
-4559
-5006
-5207
-5069
-4602
-3858
-2965
-1973
-931
132
1116
1966
2636
3136
3448
3580
3549
3380
3099
2730
2278
1789
1317
860
439
22
-373
-723
-1009
-1259
-1493
-1695
-1836
-1917
-1930
-1884
-1745
-1517
-1178
-757
-248
316
900
1483
2094
2668
3162
3518
3732
3804
3732
3512
3130
2628
2026
1364
698
75
-479
-932
-1275
-1472
-1512
-1392
-1166
-841
-487
-92
304
691
1020
1280
1469
1585
1639
1620
1551
1419
1242
1014
766
516
248
-24
-324
-611
-881
-1124
-1360
-1601
-1856
-2128
-2374
-2624
-2828
-2999
-3156
-3278
-3380
-3400
-3363
-3289
-3164
-3020
-2787
-2532
-2244
-1902
-1484
-901
-206
550
1314
2050
2766
3426
3988
4355
4507
4453
4168
3686
2971
2066
1008
-146
-1341
-2481
-3464
-4236
-4770
-5054
-5046
-4709
-4087
-3272
-2335
-1319
-293
704
1597
2343
2913
3296
3502
3535
3434
3210
2880
2470
2001
1522
1067
628
205
-208
-575
-890
-1158
-1395
-1605
-1768
-1874
-1916
-1886
-1778
-1595
-1335
-1007
-605
-130
441
1050
1616
2188
2726
3215
3605
3831
3904
3817
3604
3215
2702
2087
1379
662
-47
-668
-1165
-1519
-1730
-1792
-1661
-1388
-989
-538
-75
405
856
1258
1573
1797
1918
1949
1891
1752
1566
1323
1032
713
393
87
-207
-492
-786
-1040
-1267
-1463
-1655
-1856
-2049
-2285
-2485
-2699
-2864
-2990
-3125
-3204
-3289
-3271
-3198
-3070
-2922
-2774
-2530
-2237
-1870
-1480
-1015
-358
397
1193
1874
2539
3200
3801
4228
4376
4341
4130
3726
3070
2188
1185
104
-1031
-2182
-3205
-3981
-4528
-4847
-4932
-4690
-4131
-3338
-2446
-1492
-489
511
1429
2179
2758
3173
3430
3511
3416
3206
2906
2535
2084
1589
1120
695
297
-119
-513
-825
-1066
-1295
-1516
-1700
-1790
-1816
-1801
-1728
-1559
-1295
-980
-613
-182
374
968
1535
2034
2579
3098
3511
3721
3773
3721
3547
3203
2679
2060
1410
713
17
-625
-1119
-1451
-1670
-1737
-1637
-1334
-925
-472
-35
440
905
1316
1609
1794
1911
1944
1886
1731
1530
1308
1048
744
425
146
-103
-352
-617
-876
-1068
-1220
-1385
-1597
-1795
-1959
-2135
-2357
-2591
-2792
-2905
-3023
-3118
-3203
-3169
-3068
-2964
-2837
-2672
-2423
-2146
-1850
-1520
-1076
-474
211
921
1614
2262
2919
3497
3962
4196
4242
4079
3733
3177
2406
1469
426
-693
-1808
-2832
-3668
-4288
-4680
-4833
-4681
-4214
-3509
-2658
-1728
-749
233
1164
1950
2577
3031
3313
3425
3385
3205
2923
2549
2114
1634
1167
732
327
-68
-443
-764
-1015
-1215
-1406
-1577
-1678
-1713
-1694
-1624
-1487
-1276
-990
-660
-266
185
752
1296
1862
2371
2843
3253
3513
3668
3628
3489
3176
2729
2178
1533
870
185
-440
-955
-1347
-1551
-1658
-1558
-1359
-995
-568
-115
345
773
1167
1473
1699
1822
1864
1815
1689
1499
1280
1017
732
426
134
-143
-395
-638
-866
-1079
-1288
-1483
-1666
-1869
-2071
-2301
-2522
-2734
-2919
-3087
-3173
-3227
-3217
-3199
-3138
-2981
-2802
-2560
-2349
-2093
-1784
-1409
-928
-311
385
1099
1759
2405
3046
3642
4048
4245
4214
4022
3640
3041
2223
1228
133
-1006
-2119
-3110
-3933
-4532
-4889
-4975
-4735
-4204
-3437
-2542
-1571
-564
452
1391
2192
2792
3213
3464
3556
3491
3271
2936
2521
2038
1532
1032
568
126
-298
-686
-1001
-1230
-1424
-1606
-1740
-1804
-1789
-1717
-1604
-1426
-1178
-867
-503
-96
417
990
1538
2053
2567
3053
3449
3665
3706
3622
3427
3072
2542
1905
1223
519
-163
-781
-1269
-1585
-1760
-1776
-1626
-1300
-867
-380
83
547
1009
1403
1689
1850
1922
1922
1842
1672
1436
1183
903
598
285
-12
-261
-510
-759
-1007
-1200
-1355
-1505
-1686
-1898
-2099
-2297
-2493
-2701
-2861
-2974
-3079
-3154
-3194
-3149
-3033
-2943
-2811
-2674
-2409
-2131
-1804
-1449
-959
-267
498
1267
1948
2617
3296
3891
4285
4424
4364
4124
3664
2965
2038
1008
-135
-1317
-2502
-3505
-4260
-4769
-5063
-5087
-4762
-4106
-3247
-2296
-1288
-240
783
1694
2441
2999
3382
3573
3591
3447
3185
2826
2389
1874
1347
871
440
30
-362
-723
-991
-1195
-1373
-1541
-1658
-1702
-1697
-1648
-1548
-1370
-1118
-819
-465
-50
484
1047
1578
2046
2521
3001
3384
3611
3649
3582
3402
3082
2605
2020
1389
720
46
-557
-1043
-1362
-1587
-1665
-1589
-1309
-910
-464
-14
442
911
1333
1659
1869
1997
2033
1982
1836
1624
1381
1095
765
418
104
-170
-432
-710
-981
-1177
-1328
-1481
-1627
-1771
-1901
-2068
-2269
-2481
-2645
-2739
-2871
-2974
-3042
-3050
-2985
-2930
-2818
-2702
-2478
-2257
-1975
-1614
-1165
-539
158
918
1636
2345
3038
3647
4137
4391
4436
4282
3919
3342
2525
1547
445
-707
-1880
-2939
-3810
-4454
-4860
-5000
-4823
-4328
-3590
-2700
-1731
-704
318
1267
2084
2719
3183
3458
3566
3510
3316
3002
2597
2139
1641
1155
703
288
-102
-463
-759
-999
-1182
-1353
-1501
-1591
-1621
-1605
-1553
-1431
-1239
-967
-655
-276
156
637
1110
1647
2216
2747
3193
3486
3698
3781
3737
3487
3074
2553
1928
1239
520
-180
-786
-1293
-1643
-1827
-1794
-1592
-1254
-826
-340
216
760
1241
1618
1900
2089
2171
2143
2004
1795
1532
1208
868
524
211
-108
-395
-685
-893
-1051
-1212
-1350
-1512
-1620
-1740
-1862
-2032
-2257
-2469
-2698
-2865
-2961
-3061
-3093
-3145
-3087
-2990
-2797
-2586
-2361
-2072
-1747
-1318
-728
-7
771
1479
2129
2794
3466
4035
4344
4420
4291
4031
3558
2846
1913
858
-279
-1431
-2530
-3462
-4184
-4687
-4972
-4954
-4585
-3918
-3092
-2177
-1213
-188
837
1741
2461
2978
3348
3549
3593
3465
3203
2843
2404
1895
1395
935
507
72
-358
-719
-972
-1168
-1368
-1562
-1683
-1723
-1707
-1653
-1556
-1368
-1117
-813
-458
-28
432
944
1451
1933
2457
2910
3288
3507
3603
3594
3450
3181
2718
2158
1543
886
235
-408
-928
-1347
-1608
-1719
-1654
-1396
-1059
-629
-171
324
822
1260
1597
1828
1975
2033
1984
1850
1627
1365
1067
736
403
96
-204
-486
-743
-979
-1157
-1335
-1485
-1668
-1815
-1969
-2142
-2358
-2566
-2738
-2849
-2972
-3076
-3139
-3129
-3054
-2984
-2840
-2663
-2407
-2136
-1819
-1420
-845
-153
602
1329
2030
2708
3365
3909
4263
4378
4296
4027
3550
2855
1937
895
-241
-1393
-2511
-3465
-4221
-4731
-5027
-5028
-4697
-4066
-3249
-2335
-1359
-329
678
1580
2306
2867
3255
3468
3511
3394
3157
2817
2384
1891
1398
923
487
52
-352
-711
-984
-1201
-1401
-1580
-1697
-1753
-1750
-1702
-1606
-1441
-1206
-915
-574
-178
281
728
1173
1611
2120
2621
3002
3253
3386
3470
3437
3249
2886
2416
1887
1274
628
-3
-589
-1073
-1487
-1737
-1808
-1661
-1414
-1074
-656
-163
394
908
1328
1656
1918
2078
2122
2046
1884
1644
1342
973
604
255
-81
-434
-775
-1060
-1253
-1419
-1588
-1773
-1907
-2024
-2134
-2306
-2505
-2704
-2836
-2927
-2979
-3033
-3080
-3081
-3022
-2887
-2693
-2461
-2196
-1873
-1463
-888
-173
628
1362
2036
2691
3348
3927
4281
4364
4244
3954
3495
2809
1914
866
-259
-1400
-2484
-3408
-4124
-4631
-4917
-4923
-4601
-3982
-3176
-2287
-1351
-371
609
1513
2245
2789
3155
3377
3447
3366
3148
2823
2413
1951
1474
1018
599
184
-233
-611
-906
-1118
-1315
-1512
-1670
-1749
-1748
-1703
-1608
-1450
-1215
-921
-572
-158
296
756
1203
1663
2105
2560
2951
3226
3400
3434
3390
3202
2908
2470
1930
1349
718
112
-464
-954
-1344
-1617
-1710
-1647
-1403
-1073
-654
-172
340
843
1295
1659
1922
2089
2148
2111
1972
1751
1446
1103
727
358
6
-332
-653
-941
-1168
-1342
-1495
-1619
-1770
-1891
-2012
-2129
-2276
-2447
-2600
-2739
-2811
-2880
-2924
-2956
-2947
-2866
-2735
-2523
-2308
-2026
-1678
-1240
-611
94
871
1572
2239
2890
3505
4014
4268
4301
4140
3803
3277
2525
1605
559
-542
-1658
-2677
-3522
-4167
-4592
-4795
-4704
-4298
-3624
-2807
-1913
-972
1
946
1782
2439
2926
3246
3413
3424
3296
3044
2695
2265
1783
1313
871
461
49
-346
-672
-925
-1115
-1300
-1469
-1576
-1620
-1598
-1535
-1428
-1259
-1024
-738
-399
-4
432
936
1429
1912
2397
2826
3179
3385
3478
3441
3284
2999
2543
2011
1417
793
169
-426
-913
-1290
-1518
-1621
-1554
-1337
-1018
-618
-183
284
747
1166
1501
1748
1908
1990
1967
1867
1671
1443
1162
847
525
203
-94
-375
-655
-904
-1098
-1260
-1398
-1541
-1682
-1818
-1926
-2046
-2170
-2360
-2525
-2654
-2734
-2784
-2856
-2912
-2906
-2839
-2713
-2572
-2387
-2159
-1859
-1464
-920
-224
524
1263
1932
2614
3275
3852
4207
4310
4221
3957
3502
2820
1922
887
-228
-1358
-2432
-3356
-4084
-4585
-4859
-4852
-4517
-3896
-3089
-2196
-1249
-260
721
1604
2316
2830
3184
3378
3421
3297
3049
2703
2279
1810
1333
891
486
103
-274
-593
-833
-1003
-1167
-1331
-1460
-1523
-1532
-1509
-1448
-1325
-1137
-893
-587
-232
187
605
1065
1521
2051
2544
2935
3228
3382
3481
3425
3233
2871
2386
1829
1188
548
-90
-660
-1137
-1517
-1710
-1746
-1570
-1308
-941
-509
-17
511
987
1384
1683
1902
2023
2044
1960
1795
1553
1255
916
585
267
-49
-366
-657
-909
-1078
-1227
-1368
-1526
-1684
-1812
-1951
-2079
-2245
-2405
-2574
-2722
-2800
-2856
-2882
-2909
-2908
-2816
-2668
-2463
-2280
-2063
-1769
-1398
-886
-240
478
1188
1825
2457
3095
3676
4060
4182
4104
3875
3479
2865
2012
1015
-63
-1164
-2234
-3166
-3911
-4447
-4771
-4828
-4551
-3976
-3200
-2337
-1407
-430
561
1468
2211
2758
3136
3361
3429
3338
3104
2763
2344
1869
1378
918
500
109
-277
-622
-865
-1035
-1183
-1347
-1469
-1525
-1521
-1480
-1421
-1312
-1134
-899
-615
-266
134
554
950
1368
1806
2241
2616
2933
3154
3286
3299
3178
2941
2590
2126
1563
957
348
-232
-747
-1192
-1516
-1680
-1682
-1519
-1247
-864
-416
97
592
1056
1455
1777
1986
2084
2085
1990
1813
1542
1210
848
488
138
-211
-535
-829
-1057
-1243
-1400
-1536
-1661
-1772
-1894
-2011
-2157
-2302
-2436
-2564
-2673
-2756
-2810
-2814
-2798
-2736
-2681
-2545
-2384
-2177
-1937
-1649
-1265
-719
-63
652
1332
1973
2609
3236
3749
4032
4105
4000
3727
3238
2528
1631
637
-436
-1545
-2587
-3447
-4111
-4559
-4799
-4733
-4341
-3684
-2876
-1980
-1019
-19
940
1771
2434
2926
3257
3398
3375
3202
2917
2534
2071
1572
1078
638
244
-143
-491
-770
-960
-1102
-1246
-1365
-1432
-1455
-1444
-1414
-1331
-1189
-998
-771
-490
-135
271
727
1167
1601
2000
2411
2741
2983
3108
3108
3020
2807
2486
2060
1565
1038
474
-51
-522
-894
-1166
-1338
-1375
-1282
-1053
-769
-413
-35
376
773
1141
1428
1651
1791
1852
1823
1713
1549
1317
1053
734
429
117
-178
-460
-723
-952
-1130
-1287
-1413
-1532
-1647
-1760
-1892
-2036
-2186
-2333
-2460
-2582
-2679
-2723
-2726
-2685
-2655
-2580
-2475
-2274
-2066
-1855
-1637
-1336
-871
-272
375
1002
1588
2195
2806
3346
3709
3859
3835
3637
3266
2687
1928
1031
29
-1024
-2039
-2906
-3596
-4121
-4445
-4513
-4257
-3724
-3012
-2208
-1324
-391
542
1389
2088
2624
2989
3185
3220
3123
2902
2578
2166
1701
1242
830
454
90
-259
-542
-745
-891
-1020
-1156
-1252
-1303
-1326
-1318
-1273
-1172
-1034
-848
-607
-287
98
477
862
1225
1644
2078
2465
2783
2982
3115
3138
3061
2853
2521
2098
1576
1011
440
-101
-586
-1034
-1352
-1537
-1521
-1389
-1151
-815
-411
63
534
982
1360
1666
1877
1992
2008
1943
1784
1551
1245
920
601
287
-29
-340
-626
-845
-1018
-1172
-1311
-1451
-1575
-1688
-1818
-1955
-2133
-2280
-2441
-2574
-2655
-2701
-2680
-2671
-2627
-2551
-2390
-2172
-1970
-1772
-1567
-1301
-947
-469
104
703
1275
1793
2354
2916
3387
3648
3688
3588
3354
2957
2343
1535
615
-368
-1363
-2297
-3095
-3712
-4156
-4387
-4341
-3981
-3380
-2640
-1818
-930
4
913
1718
2349
2807
3106
3253
3254
3093
2815
2438
1989
1515
1053
629
236
-138
-484
-751
-929
-1057
-1176
-1292
-1356
-1362
-1318
-1266
-1183
-1052
-868
-636
-347
-14
377
821
1292
1780
2220
2601
2866
3060
3149
3105
2941
2624
2212
1717
1180
624
58
-438
-865
-1165
-1344
-1390
-1301
-1124
-851
-520
-133
268
642
971
1236
1460
1619
1692
1705
1638
1520
1354
1146
922
676
412
136
-137
-376
-605
-811
-1019
-1229
-1380
-1511
-1614
-1750
-1852
-1974
-2070
-2194
-2301
-2380
-2432
-2434
-2447
-2453
-2443
-2417
-2352
-2268
-2154
-2015
-1828
-1559
-1167
-595
64
758
1385
2037
2693
3317
3762
3964
3970
3811
3467
2898
2114
1184
159
-917
-1977
-2917
-3657
-4191
-4516
-4589
-4350
-3813
-3070
-2236
-1343
-407
523
1373
2070
2582
2934
3116
3152
3033
2799
2475
2081
1648
1207
813
469
147
-166
-434
-638
-779
-912
-1059
-1187
-1280
-1323
-1351
-1339
-1277
-1144
-954
-710
-392
-1
424
841
1249
1643
2007
2326
2644
2872
3007
2997
2881
2701
2440
2087
1608
1086
559
53
-405
-829
-1161
-1390
-1493
-1460
-1296
-1010
-666
-263
152
590
1017
1393
1672
1847
1951
1978
1915
1757
1505
1211
882
522
161
-201
-541
-852
-1136
-1357
-1533
-1652
-1783
-1887
-1952
-2000
-2018
-2099
-2158
-2255
-2273
-2305
-2292
-2294
-2294
-2278
-2255
-2170
-2057
-1893
-1712
-1500
-1181
-713
-102
558
1154
1738
2307
2913
3379
3665
3709
3613
3345
2902
2246
1437
521
-463
-1470
-2396
-3151
-3710
-4087
-4271
-4183
-3799
-3162
-2418
-1600
-748
134
978
1707
2278
2687
2932
3027
2976
2808
2538
2193
1764
1324
898
535
204
-123
-420
-657
-813
-927
-1039
-1157
-1231
-1263
-1254
-1225
-1152
-1024
-854
-634
-367
-30
339
718
1056
1445
1900
2307
2604
2733
2823
2854
2809
2597
2246
1848
1396
904
393
-94
-506
-869
-1151
-1326
-1323
-1192
-994
-752
-466
-80
342
725
1030
1276
1495
1653
1732
1720
1637
1513
1315
1070
813
558
291
-14
-315
-576
-766
-947
-1132
-1295
-1411
-1458
-1521
-1564
-1636
-1689
-1748
-1833
-1888
-1943
-1978
-2068
-2144
-2185
-2176
-2142
-2145
-2136
-2083
-1948
-1766
-1565
-1270
-845
-263
354
952
1542
2149
2726
3175
3436
3530
3486
3265
2816
2171
1407
557
-361
-1329
-2220
-2953
-3482
-3848
-4009
-3912
-3552
-2979
-2295
-1526
-703
135
906
1553
2068
2453
2688
2764
2695
2517
2269
1952
1588
1199
831
517
239
-18
-249
-425
-556
-669
-793
-899
-978
-1037
-1088
-1121
-1098
-1021
-889
-718
-492
-199
147
502
865
1211
1607
2002
2336
2582
2700
2779
2742
2625
2371
2020
1622
1150
664
181
-261
-638
-962
-1188
-1292
-1234
-1087
-862
-579
-239
154
544
906
1204
1444
1624
1721
1742
1681
1548
1358
1101
813
515
216
-91
-399
-660
-880
-1042
-1190
-1310
-1371
-1391
-1363
-1373
-1378
-1419
-1451
-1489
-1576
-1663
-1780
-1932
-2051
-2157
-2222
-2252
-2298
-2303
-2249
-2105
-1914
-1668
-1318
-815
-201
457
1065
1673
2290
2850
3267
3496
3547
3466
3198
2720
2063
1292
448
-466
-1390
-2232
-2909
-3397
-3711
-3848
-3721
-3354
-2793
-2125
-1408
-631
152
866
1476
1945
2303
2530
2610
2552
2395
2190
1924
1598
1252
922
641
388
124
-113
-307
-467
-622
-782
-922
-1033
-1115
-1178
-1217
-1182
-1081
-935
-738
-479
-144
225
592
964
1333
1734
2103
2365
2537
2623
2644
2577
2387
2105
1743
1340
897
434
12
-367
-688
-945
-1097
-1123
-1023
-856
-630
-345
-10
353
702
999
1242
1429
1556
1607
1579
1488
1336
1137
883
629
374
125
-133
-373
-570
-716
-826
-936
-1019
-1067
-1091
-1108
-1156
-1206
-1274
-1341
-1416
-1514
-1589
-1670
-1722
-1812
-1886
-1941
-1967
-1955
-1967
-1950
-1901
-1799
-1669
-1517
-1286
-925
-448
83
605
1126
1679
2216
2668
2970
3104
3122
2983
2666
2167
1538
812
8
-829
-1629
-2311
-2847
-3233
-3457
-3464
-3234
-2800
-2243
-1610
-924
-196
501
1117
1611
1990
2254
2382
2387
2281
2109
1879
1590
1267
955
682
439
199
-33
-224
-366
-489
-624
-759
-861
-933
-998
-1044
-1046
-991
-890
-740
-538
-276
48
382
722
1073
1430
1768
2021
2192
2305
2365
2339
2203
1979
1700
1385
1029
647
277
-44
-319
-554
-710
-775
-738
-638
-493
-301
-51
229
501
737
932
1108
1237
1305
1308
1266
1179
1052
877
684
487
293
87
-120
-300
-445
-561
-679
-777
-869
-930
-985
-1046
-1111
-1184
-1249
-1342
-1450
-1539
-1645
-1679
-1761
-1780
-1835
-1873
-1850
-1864
-1792
-1775
-1714
-1634
-1544
-1398
-1225
-914
-499
-32
451
914
1440
1950
2425
2722
2896
2948
2869
2632
2203
1641
982
240
-549
-1331
-2006
-2556
-2977
-3244
-3325
-3163
-2813
-2318
-1746
-1103
-415
278
902
1416
1823
2121
2298
2345
2279
2142
1926
1672
1354
1041
763
506
262
15
-185
-331
-451
-584
-706
-801
-862
-912
-948
-957
-909
-815
-692
-526
-297
-19
275
562
849
1138
1438
1715
1936
2075
2156
2171
2121
2002
1799
1543
1232
893
544
219
-63
-313
-517
-637
-667
-603
-486
-321
-115
120
368
611
825
996
1117
1186
1207
1188
1125
1024
890
731
566
407
255
93
-54
-195
-312
-400
-495
-582
-667
-744
-816
-890
-979
-1066
-1166
-1269
-1385
-1482
-1558
-1618
-1695
-1731
-1792
-1800
-1817
-1832
-1815
-1793
-1726
-1684
-1617
-1500
-1334
-1081
-723
-296
199
677
1170
1669
2154
2536
2784
2877
2855
2683
2357
1872
1262
567
-183
-942
-1639
-2243
-2717
-3037
-3194
-3137
-2893
-2476
-1948
-1347
-702
-39
588
1151
1598
1927
2140
2245
2246
2143
1964
1735
1459
1167
878
611
379
148
-57
-231
-358
-464
-583
-691
-774
-836
-875
-902
-892
-840
-750
-613
-428
-194
77
356
633
911
1228
1534
1790
1972
2082
2158
2161
2087
1913
1687
1407
1082
737
392
77
-206
-453
-631
-724
-708
-638
-507
-339
-120
133
389
618
809
970
1087
1156
1172
1146
1077
977
835
675
526
374
211
32
-126
-253
-373
-476
-588
-683
-777
-862
-943
-1018
-1102
-1197
-1308
-1389
-1455
-1524
-1596
-1665
-1686
-1709
-1708
-1717
-1713
-1700
-1688
-1643
-1583
-1504
-1427
-1320
-1131
-826
-428
-4
434
866
1343
1816
2218
2505
2648
2672
2563
2321
1940
1426
814
120
-600
-1278
-1867
-2343
-2703
-2934
-2980
-2814
-2472
-2014
-1492
-911
-297
315
869
1325
1683
1933
2063
2090
2029
1903
1714
1456
1172
900
664
444
224
20
-141
-258
-361
-460
-564
-645
-719
-776
-813
-818
-791
-737
-644
-505
-309
-66
188
449
735
1041
1350
1598
1782
1930
2024
2066
2011
1884
1704
1459
1182
858
541
247
-34
-285
-484
-600
-634
-608
-535
-417
-235
-18
208
419
614
798
948
1053
1107
1127
1110
1043
937
802
672
521
361
184
16
-126
-256
-389
-519
-633
-711
-794
-879
-963
-1050
-1119
-1207
-1283
-1363
-1429
-1489
-1553
-1599
-1623
-1626
-1650
-1667
-1684
-1667
-1643
-1628
-1582
-1525
-1422
-1294
-1103
-783
-394
54
482
921
1391
1852
2252
2503
2627
2639
2532
2276
1869
1336
728
52
-651
-1321
-1894
-2354
-2688
-2892
-2909
-2730
-2375
-1909
-1394
-816
-211
390
921
1350
1684
1914
2034
2044
1966
1829
1634
1378
1097
832
600
400
195
8
-147
-254
-345
-445
-542
-625
-691
-744
-781
-798
-775
-725
-636
-507
-319
-78
166
424
711
1012
1320
1566
1762
1918
2024
2076
2017
1888
1709
1467
1179
842
510
194
-96
-360
-572
-696
-734
-702
-625
-487
-290
-47
208
445
664
872
1036
1155
1213
1231
1204
1127
1003
848
688
523
335
138
-53
-205
-347
-469
-587
-683
-758
-817
-876
-925
-971
-1032
-1101
-1179
-1242
-1306
-1365
-1424
-1475
-1490
-1491
-1485
-1474
-1483
-1462
-1453
-1421
-1405
-1368
-1325
-1257
-1161
-981
-686
-315
79
457
862
1316
1756
2107
2322
2423
2438
2312
2056
1646
1147
570
-74
-734
-1337
-1835
-2229
-2520
-2663
-2629
-2399
-2027
-1575
-1072
-523
48
580
1042
1404
1665
1828
1886
1845
1731
1570
1356
1106
845
611
421
253
100
-44
-150
-214
-274
-348
-425
-494
-553
-614
-665
-687
-675
-636
-564
-436
-252
-23
215
470
755
1062
1362
1595
1774
1905
1974
1980
1880
1716
1493
1220
919
584
279
7
-230
-429
-566
-616
-583
-493
-372
-208
-14
212
432
619
786
923
1023
1084
1093
1080
1028
934
804
653
516
369
212
45
-114
-232
-348
-448
-551
-627
-697
-759
-827
-895
-946
-1005
-1071
-1165
-1216
-1285
-1321
-1394
-1425
-1429
-1437
-1432
-1451
-1447
-1408
-1371
-1342
-1342
-1313
-1266
-1181
-1071
-912
-652
-325
64
421
806
1204
1605
1930
2133
2227
2246
2142
1914
1532
1073
553
-20
-608
-1181
-1649
-2013
-2265
-2404
-2394
-2208
-1893
-1495
-1045
-558
-47
437
858
1183
1438
1601
1688
1666
1578
1439
1267
1068
845
633
453
301
153
14
-107
-185
-262
-338
-430
-507
-564
-615
-659
-684
-661
-594
-498
-364
-190
31
271
502
749
1003
1262
1465
1605
1712
1765
1776
1706
1556
1375
1150
908
626
348
96
-121
-300
-442
-512
-503
-430
-325
-184
-6
200
419
608
771
908
1016
1074
1080
1044
978
883
750
588
430
286
143
-2
-141
-251
-334
-407
-479
-535
-582
-627
-680
-736
-788
-836
-906
-989
-1082
-1136
-1195
-1254
-1310
-1350
-1347
-1322
-1303
-1269
-1267
-1250
-1229
-1213
-1187
-1189
-1174
-1157
-1095
-956
-718
-413
-75
258
621
1024
1434
1777
2013
2133
2176
2101
1909
1592
1169
671
110
-472
-1007
-1475
-1844
-2124
-2294
-2302
-2155
-1862
-1493
-1070
-616
-139
329
747
1080
1326
1479
1550
1539
1460
1341
1177
975
766
563
398
273
150
31
-62
-121
-163
-215
-281
-345
-404
-452
-501
-524
-528
-502
-462
-384
-252
-73
133
333
521
751
1006
1253
1441
1551
1629
1672
1659
1581
1428
1236
1010
743
477
225
10
-179
-349
-457
-481
-425
-319
-203
-58
121
321
521
685
812
915
974
991
968
910
829
707
554
395
248
132
-2
-141
-263
-341
-395
-439
-488
-522
-539
-560
-583
-632
-675
-740
-830
-923
-1024
-1086
-1150
-1212
-1256
-1285
-1252
-1225
-1185
-1162
-1123
-1073
-1032
-1032
-1056
-1059
-1060
-1043
-1018
-941
-755
-505
-204
108
448
839
1225
1572
1818
1977
2060
2030
1871
1584
1203
752
238
-317
-851
-1315
-1689
-1966
-2146
-2184
-2063
-1816
-1469
-1074
-640
-178
267
662
972
1215
1380
1452
1438
1352
1232
1085
910
714
534
393
291
198
106
38
-7
-42
-95
-159
-226
-292
-362
-439
-504
-533
-530
-498
-424
-304
-145
47
245
464
710
969
1203
1374
1490
1578
1624
1612
1520
1367
1192
986
751
512
289
98
-71
-217
-306
-331
-293
-223
-137
-27
115
274
422
542
645
728
783
805
792
764
716
633
526
410
314
221
111
2
-108
-182
-251
-320
-395
-454
-500
-556
-610
-665
-708
-752
-811
-865
-915
-945
-973
-998
-1027
-1044
-1049
-1048
-1038
-1040
-1037
-1059
-1071
-1081
-1095
-1105
-1121
-1131
-1087
-985
-811
-573
-302
13
347
689
1045
1363
1631
1805
1867
1839
1722
1513
1201
795
335
-139
-611
-1033
-1399
-1680
-1857
-1930
-1891
-1730
-1465
-1126
-758
-382
1
363
689
939
1114
1221
1265
1253
1187
1086
958
818
670
529
409
311
221
131
44
-32
-89
-153
-231
-315
-391
-448
-502
-535
-531
-494
-420
-317
-180
-5
202
429
668
906
1123
1311
1453
1545
1578
1553
1473
1336
1148
929
690
448
220
10
-164
-290
-368
-389
-365
-291
-179
-57
89
241
383
509
612
691
733
746
734
694
632
553
456
361
263
161
65
-30
-107
-180
-251
-325
-402
-469
-547
-604
-663
-707
-749
-821
-867
-927
-951
-959
-973
-968
-976
-971
-949
-932
-907
-900
-907
-905
-931
-950
-991
-1044
-1078
-1083
-1044
-952
-804
-578
-308
-4
317
649
974
1292
1515
1674
1725
1685
1577
1336
1026
635
205
-227
-665
-1059
-1377
-1611
-1743
-1782
-1713
-1527
-1259
-927
-579
-225
141
464
742
947
1078
1161
1174
1124
1037
915
803
667
521
404
298
232
166
96
49
0
-44
-97
-172
-234
-294
-353
-398
-435
-430
-399
-337
-243
-129
31
210
407
608
816
1004
1165
1282
1357
1393
1374
1311
1192
1040
866
670
467
265
91
-55
-163
-241
-281
-258
-204
-124
-19
94
217
343
458
556
630
682
705
695
666
614
552
471
376
274
178
74
-30
-112
-190
-241
-287
-342
-379
-401
-405
-422
-474
-546
-597
-633
-676
-729
-803
-867
-907
-950
-968
-990
-983
-972
-976
-956
-946
-915
-898
-901
-906
-896
-856
-788
-689
-551
-365
-137
102
368
621
881
1100
1269
1371
1388
1355
1230
1021
752
426
85
-276
-627
-934
-1183
-1345
-1437
-1439
-1352
-1188
-953
-673
-379
-73
223
485
694
846
946
999
986
934
842
734
621
499
387
287
212
150
99
60
29
3
-25
-65
-104
-147
-187
-226
-264
-283
-286
-257
-209
-139
-44
79
226
385
548
700
853
982
1080
1136
1140
1119
1057
965
839
691
532
371
215
84
-19
-95
-139
-150
-129
-75
2
93
184
278
370
449
518
561
589
590
573
538
486
427
352
271
187
95
13
-59
-130
-168
-212
-248
-280
-331
-374
-411
-436
-471
-520
-572
-631
-673
-719
-757
-801
-832
-852
-854
-856
-844
-843
-829
-826
-835
-834
-828
-825
-826
-839
-841
-800
-741
-632
-500
-335
-134
82
312
536
726
915
1031
1109
1107
1044
934
758
523
261
-13
-287
-545
-784
-957
-1076
-1127
-1109
-1033
-891
-706
-491
-248
-28
191
387
546
665
733
767
770
736
681
593
515
439
354
281
211
163
121
79
38
3
-33
-69
-112
-149
-184
-209
-220
-225
-209
-163
-104
-21
74
178
311
443
585
700
800
887
943
977
971
932
875
792
687
567
433
316
213
114
38
-15
-37
-26
-4
40
98
177
254
324
388
442
490
517
514
502
477
431
380
313
252
183
115
55
-10
-66
-117
-169
-194
-227
-259
-287
-340
-379
-415
-444
-460
-501
-533
-579
-632
-681
-723
-743
-765
-803
-835
-848
-854
-849
-868
-887
-878
-870
-848
-842
-845
-793
-737
-642
-544
-410
-219
-32
168
359
549
745
885
978
1024
1020
971
855
683
476
237
-9
-250
-493
-694
-853
-957
-1002
-1003
-931
-794
-626
-436
-238
-12
199
375
521
630
712
752
750
715
657
589
508
421
333
251
181
126
73
25
1
-20
-38
-63
-79
-85
-99
-107
-111
-111
-89
-58
-19
42
118
212
326
445
570
683
777
839
866
869
848
799
726
621
510
400
295
192
106
52
29
32
49
95
160
226
285
339
396
440
468
470
460
440
403
358
307
253
203
161
120
87
57
34
13
-12
-34
-48
-60
-82
-119
-147
-184
-218
-265
-331
-378
-428
-479
-525
-583
-625
-639
-682
-703
-729
-744
-739
-759
-761
-766
-767
-770
-770
-776
-756
-751
-728
-715
-694
-631
-568
-486
-381
-274
-124
11
162
303
438
561
646
693
713
697
632
538
390
251
83
-99
-267
-423
-547
-645
-709
-720
-701
-631
-534
-417
-268
-124
28
175
288
398
473
521
549
543
517
479
428
366
299
235
186
132
91
52
27
12
-10
-24
-29
-34
-33
-34
-25
-7
10
28
41
67
97
142
189
252
321
390
457
516
572
613
632
645
639
617
584
530
469
414
344
287
241
209
207
197
210
231
254
287
303
318
338
333
324
302
269
240
199
160
132
99
88
77
75
81
80
92
92
84
75
53
23
-35
-104
-161
-228
-288
-361
-436
-489
-564
-614
-669
-707
-722
-736
-729
-732
-744
-725
-729
-723
-699
-698
-665
-655
-663
-626
-620
-609
-573
-552
-478
-435
-369
-265
-177
-84
11
104
230
306
378
445
465
479
445
396
347
242
139
41
-77
-182
-297
-370
-413
-459
-470
-453
-399
-322
-263
-163
-50
47
137
214
296
363
391
413
415
411
397
358
325
286
243
212
175
135
108
76
58
39
17
9
-2
-1
1
9
29
49
73
111
160
222
286
342
389
426
460
478
471
457
441
416
384
351
319
304
277
258
253
256
270
279
295
314
320
327
327
329
313
289
268
250
218
177
155
139
127
107
100
106
111
116
122
132
146
148
146
134
111
80
45
6
-38
-95
-147
-198
-264
-329
-382
-423
-457
-493
-528
-542
-556
-574
-585
-588
-590
-580
-581
-575
-568
-576
-561
-554
-553
-546
-543
-526
-521
-522
-497
-479
-445
-422
-387
-327
-280
-234
-174
-111
-42
15
61
123
164
195
210
213
215
194
154
121
70
16
-42
-98
-138
-176
-202
-221
-224
-202
-181
-149
-98
-45
13
68
123
176
212
246
271
277
285
275
262
248
221
200
175
154
137
123
116
113
110
114
110
120
140
154
186
214
250
287
315
346
371
386
401
406
417
420
400
381
369
350
330
300
297
299
292
297
300
320
344
349
364
373
376
375
350
332
306
268
231
191
149
118
89
71
49
35
42
48
59
71
85
100
100
97
82
64
49
9
-27
-65
-113
-156
-224
-291
-356
-423
-478
-525
-550
-554
-568
-568
-561
-543
-490
-442
-361
-276
-218
-160
-130
-107
-94
-136
-148
-168
-221
-280
-341
-368
-383
-443
-445
-419
-369
-310
-269
-168
-71
13
114
197
273
325
338
355
325
266
218
152
86
-3
-79
-113
-158
-189
-196
-169
-118
-80
-29
42
105
163
203
237
265
269
274
256
227
195
165
139
107
84
82
80
82
90
105
135
158
172
200
219
246
265
282
309
318
328
332
326
329
325
318
314
296
284
274
256
251
243
237
234
227
243
256
259
276
285
305
324
326
347
345
342
337
313
296
267
233
209
180
150
125
99
90
77
67
67
69
80
87
98
111
111
109
103
94
82
56
36
10
-33
-80
-126
-169
-201
-228
-243
-253
-257
-257
-256
-241
-234
-224
-212
-207
-192
-187
-198
-206
-228
-243
-272
-301
-320
-341
-357
-377
-388
-383
-378
-369
-358
-329
-295
-275
-252
-235
-215
-194
-184
-181
-174
-180
-172
-185
-198
-198
-206
-206
-211
-214
-207
-201
-196
-186
-178
-158
-139
-123
-102
-81
-56
-35
-16
13
31
57
75
92
111
125
138
151
157
168
175
182
185
180
185
185
185
188
194
190
195
196
198
200
198
206
217
226
228
233
242
248
251
247
246
249
248
245
245
242
241
242
234
234
235
233
231
223
217
210
199
186
173
163
153
137
123
111
101
91
78
64
51
42
32
26
21
18
19
17
17
19
18
14
10
2
-12
-22
-34
-47
-60
-73
-87
-93
-108
-116
-127
-139
-145
-156
-159
-162
-169
-175
-176
-181
-185
-187
-194
-198
-202
-201
-208
-209
-215
-222
-227
-228
-222
-218
-218
-222
-217
-216
-213
-217
-219
-217
-213
-209
-212
-209
-205
-207
-201
-203
-196
-192
-188
-184
-186
-184
-185
-191
-193
-196
-195
-192
-194
-190
-180
-171
-155
-135
-112
-88
-64
-39
-15
5
28
43
53
64
66
69
67
61
61
59
62
68
70
83
94
103
125
140
159
180
197
219
233
249
255
259
261
258
255
245
236
223
212
203
201
191
187
195
201
211
223
234
250
265
276
285
289
287
279
265
250
226
207
189
165
148
134
123
115
113
115
123
132
140
149
156
164
173
180
181
178
172
161
145
128
107
88
66
48
34
22
17
9
11
14
16
23
24
28
20
14
9
-6
-13
-22
-38
-52
-67
-79
-84
-93
-92
-98
-100
-96
-101
-103
-102
-106
-110
-109
-113
-115
-118
-117
-116
-118
-125
-125
-120
-121
-128
-128
-127
-132
-139
-138
-133
-136
-141
-134
-128
-127
-131
-133
-122
-114
-121
-121
-115
-115
-112
-109
-100
-97
-91
-92
-88
-91
-94
-93
-94
-97
-98
-97
-93
-90
-89
-73
-66
-42
-24
-3
18
37
52
60
74
84
85
81
79
74
65
55
50
38
29
26
23
29
35
42
51
66
72
84
94
106
114
119
121
117
114
109
109
101
96
93
92
86
88
87
86
86
88
91
90
90
84
80
76
70
63
57
46
41
38
28
24
22
18
14
9
5
0
1
-2
-2
-3
-6
-5
-6
-6
-6
-2
1
0
-2
-6
-9
-17
-27
-36
-46
-55
-63
-77
-84
-85
-90
-88
-93
-91
-89
-82
-78
-80
-76
-75
-72
-70
-74
-75
-74
-75
-79
-80
-81
-89
-98
-105
-109
-112
-119
-119
-118
-115
-114
-109
-103
-94
-85
-81
-68
-68
-65
-63
-69
-76
-84
-92
-100
-102
-115
-119
-128
-133
-132
-130
-124
-121
-114
-101
-92
-83
-67
-57
-46
-32
-32
-27
-23
-29
-32
-42
-50
-54
-65
-66
-70
-70
-70
-62
-53
-42
-33
-21
-9
1
14
18
23
23
24
23
17
13
8
-1
-2
0
5
2
9
15
16
22
25
25
28
32
34
44
41
37
33
29
23
17
17
16
12
7
4
7
9
6
5
12
20
21
22
20
15
9
8
1
-3
-12
-14
-19
-25
-29
-30
-31
-31
-29
-27
-25
-21
-16
-20
-18
-15
-15
-15
-16
-19
-24
-29
-35
-41
-45
-54
-57
-63
-65
-70
-78
-78
-72
-68
-67
-63
-62
-62
-62
-58
-55
-53
-58
-56
-53
-54
-54
-55
-57
-50
-48
-51
-55
-61
-59
-64
-72
-75
-85
-78
-79
-79
-81
-83
-82
-81
-86
-91
-93
-95
-89
-97
-102
-101
-97
-95
-91
-88
-81
-74
-67
-60
-58
-52
-46
-45
-51
-55
-65
-73
-82
-90
-93
-101
-104
-108
-106
-97
-95
-92
-88
-79
-68
-59
-53
-46
-39
-35
-37
-40
-45
-41
-46
-53
-58
-60
-52
-54
-55
-54
-50
-41
-34
-31
-32
-28
-25
-25
-25
-29
-29
-27
-28
-29
-36
-33
-25
-27
-29
-29
-25
-27
-27
-31
-36
-32
-33
-37
-40
-44
-46
-46
-42
-44
-36
-36
-33
-30
-30
-32
-36
-40
-43
-45
-46
-45
-46
-49
-46
-42
-42
-47
-47
-47
-53
-55
-58
-59
-55
-58
-54
-52
-48
-40
-33
-30
-27
-23
-19
-16
-16
-14
-20
-21
-24
-28
-32
-32
-32
-34
-32
-29
-25
-22
-22
-21
-15
-14
-13
-13
-13
-10
-10
-13
-9
-14
-12
-8
-10
-10
-6
-6
-9
-10
-10
-5
-3
-3
-5
-7
-6
-15
-21
-28
-31
-30
-32
-34
-33
-26
-22
-13
-8
-2
8
11
13
17
15
11
10
4
1
0
-5
-8
-9
-15
-15
-10
-10
-6
-2
2
5
16
16
19
27
29
32
28
30
32
28
21
20
21
15
19
22
17
23
30
25
26
22
20
20
16
9
2
2
0
1
-10
-12
-8
-10
-6
2
1
2
9
10
12
14
10
11
4
0
-3
-9
-11
-19
-23
-22
-26
-24
-21
-17
-13
-8
2
2
5
9
14
20
21
24
23
24
21
18
14
8
8
-2
-5
-7
-13
-14
-13
-13
-13
-7
3
6
1
5
10
16
14
14
13
8
6
4
-2
-11
-13
-11
-11
-13
-8
-10
-7
-2
3
7
10
15
17
15
18
18
8
3
-1
-6
-8
-12
-13
-14
-19
-14
-12
-10
0
7
12
18
24
25
26
28
23
19
11
6
-3
-13
-15
-19
-24
-26
-23
-25
-23
-17
-10
-5
0
3
6
10
9
9
8
3
-5
-8
-21
-28
-29
-35
-42
-45
-45
-45
-43
-46
-45
-43
-45
-45
-46
-48
-53
-54
-59
-65
-72
-77
-79
-78
-84
-85
-85
-85
-81
-83
-83
-85
-80
-81
-82
-81
-89
-86
-85
-90
-96
-98
-98
-99
-94
-93
-94
-91
-87
-82
-81
-75
-72
-74
-76
-79
-79
-80
-82
-87
-86
-86
-86
-85
-86
-84
-78
-75
-77
-79
-77
-74
-78
-70
-70
-71
-74
-71
-67
-70
-65
-66
-64
-63
-63
-61
-59
-57
-57
-55
-53
-55
-55
-55
-52
-52
-57
-53
-48
-48
-44
-48
-48
-40
-36
-32
-31
-27
-23
-17
-18
-22
-16
-14
-15
-13
-13
-18
-13
-15
-13
-16
-18
-15
-16
-14
-17
-16
-14
-16
-13
-13
-10
-12
-15
-15
-13
-9
-16
-15
-15
-13
-14
-11
-7
-8
-4
0
-2
-5
-5
-8
-9
-10
-17
-23
-22
-24
-28
-30
-27
-23
-24
-21
-15
-12
-7
-8
-7
-6
-7
-9
-13
-18
-22
-23
-22
-25
-24
-19
-15
-15
-5
1
2
4
11
12
11
10
10
8
-2
-8
-13
-17
-16
-18
-16
-13
-14
-9
-6
0
4
4
9
13
11
11
11
3
-1
-5
-8
-10
-10
-6
-8
-4
-2
5
10
10
11
14
13
15
15
11
7
4
-1
-9
-17
-24
-27
-28
-29
-26
-23
-23
-17
-10
2
6
8
15
27
30
28
33
31
28
23
17
11
8
3
-4
-7
-8
-12
-9
-6
-4
0
6
9
12
19
25
26
29
26
26
30
26
27
25
18
17
11
12
8
8
11
15
19
26
28
28
31
33
34
29
26
24
21
20
15
13
12
5
6
8
9
10
14
18
21
26
27
31
31
35
34
29
28
26
24
23
19
19
17
19
18
18
23
22
26
29
30
32
36
32
28
30
30
23
20
14
9
11
4
2
-1
-3
-5
-4
-11
-6
0
4
8
8
16
20
24
21
21
18
19
17
11
4
0
-4
-15
-19
-22
-23
-27
-29
-28
-27
-26
-26
-26
-26
-20
-17
-17
-13
-11
-12
-11
-13
-16
-16
-20
-21
-23
-24
-20
-21
-21
-23
-29
-31
-32
-30
-29
-32
-32
-34
-30
-27
-31
-35
-35
-33
-30
-32
-33
-31
-28
-25
-22
-25
-23
-20
-17
-20
-21
-22
-27
-27
-31
-32
-36
-38
-37
-38
-35
-37
-40
-43
-38
-39
-38
-37
-39
-39
-33
-34
-36
-34
-36
-36
-37
-39
-41
-39
-41
-39
-46
-44
-46
-46
-44
-48
-45
-46
-46
-48
-53
-58
-55
-60
-62
-68
-64
-65
-71
-71
-70
-72
-69
-70
-67
-64
-63
-61
-59
-59
-60
-60
-65
-67
-73
-73
-72
-78
-82
-81
-81
-81
-80
-76
-74
-73
-68
-65
-61
-60
-61
-59
-59
-62
-59
-62
-67
-65
-71
-74
-73
-73
-74
-76
-76
-73
-68
-67
-69
-67
-65
-64
-58
-56
-55
-54
-53
-49
-50
-48
-45
-48
-53
-52
-56
-59
-62
-64
-65
-66
-66
-67
-60
-58
-54
-53
-48
-47
-45
-45
-43
-42
-45
-43
-42
-44
-47
-46
-46
-51
-52
-50
-47
-47
-45
-43
-38
-37
-32
-28
-30
-27
-28
-24
-26
-25
-29
-31
-31
-31
-30
-33
-29
-33
-32
-27
-26
-25
-27
-25
-19
-23
-20
-20
-19
-18
-18
-16
-15
-16
-13
-13
-12
-14
-15
-15
-19
-16
-15
-14
-12
-8
-7
-6
-4
-1
0
3
2
-1
-4
-2
0
-3
1
1
2
2
3
4
4
8
12
13
16
17
16
17
16
17
17
14
14
14
16
17
12
11
14
13
16
16
17
17
19
20
23
18
18
19
19
15
15
16
12
17
15
18
21
22
27
29
30
32
32
31
30
33
31
31
30
27
27
28
31
29
28
27
28
27
27
27
25
29
30
29
34
34
35
36
34
31
37
37
34
38
38
40
44
45
44
47
48
50
50
48
47
47
44
45
47
42
42
37
40
39
40
41
44
40
45
49
47
48
46
48
48
46
45
48
44
46
44
45
48
44
52
53
52
56
54
51
52
51
53
50
48
46
44
41
40
37
39
41
45
48
51
56
57
60
65
67
65
68
66
63
59
58
56
52
50
51
50
48
47
47
48
51
48
50
51
51
53
51
53
47
47
45
44
47
45
48
45
46
44
48
50
51
52
52
55
53
56
53
54
52
51
52
46
47
48
46
46
50
53
50
51
51
49
50
52
48
50
50
47
49
49
48
49
46
48
43
44
43
38
43
43
42
42
44
48
49
48
47
45
50
47
45
47
45
47
48
49
47
50
49
52
50
46
48
45
43
44
42
43
42
39
40
35
33
35
38
41
43
49
50
51
52
55
56
59
55
57
58
54
52
48
47
44
41
41
37
36
36
39
42
40
39
38
42
43
41
46
47
45
47
45
43
45
46
45
45
42
42
38
39
39
34
33
27
27
26
26
26
26
24
25
24
23
26
25
28
31
27
29
27
26
27
26
25
24
23
24
23
21
19
19
15
19
20
14
18
13
15
16
19
16
17
17
18
13
10
12
8
10
8
9
8
6
6
5
7
9
0
4
4
1
4
4
7
4
3
3
3
3
4
7
6
8
3
3
6
3
7
5
5
3
4
5
-2
-2
-5
-4
-5
-5
-3
-7
-4
-5
0
1
2
2
2
3
6
8
9
