-24
-27
-25
-20
-25
-26
-25
-24
-25
-23
-21
-22
-21
-24
-24
-20
-20
-19
-19
-20
-20
-16
-20
-17
-18
-19
-17
-13
-13
-13
-11
-11
-10
-10
-8
-7
-3
-8
-11
-8
-8
-6
-6
-7
-6
-8
-9
-8
-9
-7
-9
-9
-11
-8
-8
-6
-6
-7
-5
-6
-3
-3
-5
-6
-6
-4
-3
-2
0
-2
-2
-7
-4
-3
-2
-2
-3
-2
-3
-3
-1
1
0
-3
1
2
2
3
5
4
3
8
8
9
8
6
7
6
10
9
10
13
16
16
15
14
13
14
16
10
13
13
9
11
14
12
9
13
12
12
14
11
13
10
13
13
12
19
17
18
17
19
17
18
18
16
16
17
14
15
18
13
18
15
14
16
12
12
15
14
13
11
10
7
11
12
13
4
6
10
7
11
6
9
8
8
6
6
8
7
6
5
5
5
3
3
3
2
2
3
1
4
2
4
5
0
-1
-3
-1
-1
-2
-2
-1
-4
-4
-6
-9
-9
-5
-7
-9
-7
-8
-7
-10
-9
-13
-16
-12
-14
-15
-17
-15
-16
-14
-15
-16
-17
-17
-18
-20
-20
-17
-19
-20
-19
-22
-24
-23
-22
-21
-21
-22
-20
-23
-24
-24
-26
-24
-23
-24
-25
-24
-23
-23
-26
-26
-25
-27
-29
-29
-31
-29
-26
-29
-28
-27
-25
-25
-29
-25
-28
-29
-27
-27
-29
-26
-24
-25
-24
-24
-22
-22
-21
-19
-20
-22
-19
-21
-20
-19
-20
-19
-18
-16
-19
-17
-18
-19
-20
-21
-22
-22
-22
-22
-21
-21
-21
-16
-18
-19
-21
-22
-20
-17
-16
-17
-15
-16
-13
-11
-13
-11
-9
-10
-11
-12
-9
-6
-9
-9
-5
-11
-12
-11
-12
-7
-11
-10
-8
-8
-9
-9
-7
-9
-8
-6
-6
-5
-5
-6
-7
-5
-6
-5
-5
-3
-5
-7
-7
-5
-5
-2
-4
-4
-3
-4
-5
-3
-5
-7
-6
-6
-5
-4
-3
0
0
-1
-3
-1
-3
-4
-5
-4
-5
-7
-8
-7
-8
-7
-8
-8
-5
-7
-7
-9
-10
-9
-10
-11
-10
-8
-9
-13
-12
-13
-12
-12
-13
-12
-13
-14
-13
-15
-10
-13
-15
-12
-14
-13
-10
-9
-10
-9
-10
-8
-13
-10
-13
-13
-14
-11
-14
-15
-11
-11
-14
-15
-15
-15
-16
-16
-13
-16
-16
-16
-17
-17
-13
-15
-15
-13
-15
-15
-14
-13
-15
-13
-8
-10
-10
-9
-10
-9
-9
-6
-9
-7
-10
-6
-7
-7
-7
-6
-8
-12
-7
-10
-9
-9
-9
-9
-6
-8
-5
-8
-12
-13
-11
-7
-10
-10
-8
-9
-13
-8
-7
-9
-9
-7
-10
-9
-9
-13
-11
-13
-13
-14
-13
-13
-15
-13
-13
-11
-14
-17
-20
-20
-15
-15
-15
-17
-14
-17
-17
-16
-17
-15
-17
-15
-18
-17
-13
-18
-16
-17
-17
-15
-16
-17
-16
-15
-15
-12
-15
-15
-16
-17
-16
-14
-13
-17
-17
-17
-15
-14
-13
-12
-12
-10
-13
-10
-11
-12
-12
-11
-12
-10
-8
-9
-9
-11
-9
-11
-9
-8
-8
-11
-11
-10
-12
-9
-8
-9
-6
-7
-10
-6
-6
-8
-11
-13
-6
-4
-6
-5
-5
-2
-1
-4
-3
-3
-6
-1
0
-2
-5
-7
-4
-5
-6
-3
-3
0
0
-1
-3
-5
-7
-8
-8
-5
-4
-5
-4
-6
-7
-6
-7
-7
-11
-11
-11
-12
-10
-10
-10
-9
-12
-12
-9
-10
-10
-11
-15
-13
-9
-8
-8
-14
-12
-13
-11
-12
-12
-12
-13
-9
-12
-14
-14
-14
-12
-10
-12
-9
-9
-10
-9
-13
-13
-12
-11
-7
-9
-8
-8
-10
-10
-8
-6
-7
-11
-9
-8
-8
-10
-8
-10
-11
-8
-9
-10
-9
-7
-7
-11
-9
-6
-10
-11
-11
-9
-8
-7
-9
-10
-10
-8
-8
-9
-8
-10
-10
-10
-10
-11
-10
-9
-7
-10
-11
-9
-12
-12
-11
-14
-12
-13
-12
-11
-14
-10
-11
-14
-14
-10
-12
-12
-10
-9
-6
-11
-11
-9
-7
-11
-10
-8
-10
-5
-1
-6
-7
-7
-6
-5
-7
-10
-11
-13
-13
-11
-11
-11
-14
-15
-14
-12
-13
-13
-12
-10
-11
-11
-13
-12
-9
-6
-6
-8
-7
-9
-6
-10
-7
-10
-8
-8
-8
-7
-6
-3
-7
-9
-9
-5
-6
-8
-9
-9
-10
-9
-9
-6
-10
-10
-9
-8
-8
-7
-2
-5
-4
-4
-6
-7
-9
-7
-5
-4
-6
-9
-5
-4
-6
-5
-5
-4
-2
-3
-2
-1
-5
-6
-9
-7
-6
-6
-6
-8
-5
-5
-7
-8
-9
-8
-10
-7
-8
-9
-10
-9
-7
-10
-13
-14
-11
-10
-8
-10
-9
-11
-12
-7
-11
-12
-10
-11
-12
-12
-9
-13
-11
-12
-15
-11
-13
-14
-10
-13
-13
-12
-15
-12
-11
-11
-11
-15
-14
-12
-12
-10
-12
-14
-12
-15
-14
-13
-16
-15
-18
-14
-13
-14
-13
-12
-11
-12
-10
-17
-13
-12
-13
-11
-6
-3
-3
-3
-3
-2
-2
-2
-4
-1
-3
0
-2
-1
-2
-2
1
3
3
0
1
-1
-2
-5
-4
-3
-4
-2
-3
-4
-3
-2
-3
1
-5
-3
-5
-3
-3
-2
1
-2
0
-2
0
-2
2
-2
-3
-2
-3
1
-3
-3
-5
-6
-5
-5
-3
-6
-7
-8
-3
-5
-5
-6
-9
-5
-8
-7
-7
-7
-8
-7
-6
-5
-6
-8
-8
-6
-6
-7
-5
-6
-6
-6
-8
-4
-3
-5
-3
-4
-8
-9
-7
-7
-7
-7
-7
-7
-11
-9
-8
-8
-9
-12
-11
-10
-7
-10
-13
-14
-12
-10
-13
-10
-13
-14
-11
-12
-14
-16
-14
-13
-11
-12
-12
-13
-12
-14
-13
-15
-14
-11
-12
-9
-11
-10
-9
-10
-12
-11
-9
-9
-7
-7
-6
-6
-7
-7
-8
-8
-5
-7
-7
-1
-3
-6
-7
-6
-6
-6
-6
-8
-8
-7
-6
-5
-8
-7
-5
-5
-6
-2
-4
-7
-7
-6
-6
-4
-2
-2
-2
-1
0
-3
-5
0
0
-3
-3
1
1
4
2
4
7
3
3
5
2
2
3
4
2
4
2
3
9
5
1
-1
2
7
8
9
11
9
8
8
10
12
11
11
11
12
13
14
12
11
12
10
13
13
10
12
14
15
13
12
11
11
12
12
12
9
9
14
10
9
10
12
14
12
14
12
15
14
12
11
11
11
11
8
13
12
13
8
10
12
7
11
10
11
10
12
10
10
9
10
11
11
10
10
14
13
14
14
13
13
12
11
11
13
11
9
12
9
7
9
7
12
10
10
9
6
8
10
10
7
10
9
8
8
7
4
6
9
9
9
9
13
14
11
12
14
8
10
10
9
9
9
8
4
7
11
10
6
5
4
6
3
3
2
-1
-1
-2
0
3
0
2
1
0
1
-3
-1
-2
-1
-1
1
-4
-4
-2
-2
-2
-3
1
-5
-6
-6
-1
-1
-2
-1
-2
-7
-6
-7
-9
-5
-8
-8
-6
-8
-7
-10
-10
-8
-7
-7
-6
-5
-5
-6
-6
-6
-6
-7
-3
-4
-3
-2
-1
-2
-1
-1
-1
-1
0
1
0
-1
0
-1
-2
-3
-5
-3
-3
-4
0
0
1
0
-1
0
0
1
3
1
-3
1
3
-1
0
1
2
3
1
1
2
4
1
3
3
0
4
4
4
1
-1
1
0
1
-1
1
3
5
3
3
4
3
4
5
8
8
7
7
6
7
6
2
2
4
7
10
7
8
5
4
7
9
4
3
2
6
3
4
7
4
6
8
4
5
7
4
7
8
5
7
10
8
8
9
14
13
12
10
11
9
10
11
12
10
12
14
14
14
13
10
11
9
9
10
10
8
11
12
14
12
2
6
12
12
13
13
13
10
7
9
11
12
11
11
10
12
11
10
10
10
10
10
8
6
7
6
6
6
5
4
2
4
3
1
2
3
3
2
3
2
1
1
3
1
3
3
3
3
4
2
1
-1
1
3
3
6
5
4
5
2
2
4
5
7
4
4
4
2
6
2
4
4
2
6
5
5
5
7
9
8
7
9
9
8
5
5
5
4
5
7
5
4
2
4
1
1
4
3
6
7
6
5
3
7
1
4
6
3
5
4
9
10
11
12
9
9
8
8
9
8
6
8
8
6
8
8
7
6
6
4
4
4
5
3
1
2
4
2
3
4
1
-1
1
3
1
-1
2
1
0
3
0
2
5
1
3
1
1
3
-2
1
1
5
3
1
-2
1
0
-3
-2
-1
0
2
4
1
2
-1
-1
2
3
3
5
2
2
4
2
0
-1
2
3
5
4
2
8
7
5
4
6
6
6
7
5
6
6
4
7
6
2
5
6
4
5
5
4
6
7
4
5
3
9
7
6
7
6
9
9
7
9
6
6
7
8
7
7
7
5
6
5
5
5
8
7
6
5
8
8
7
9
9
8
11
9
10
10
8
12
12
12
12
10
12
10
11
13
12
18
17
13
12
11
14
15
9
9
13
10
12
13
13
12
10
12
14
12
13
14
13
15
13
16
17
18
18
20
22
20
20
19
21
19
19
19
20
22
21
21
23
22
23
22
22
20
20
22
24
23
19
22
22
25
17
16
17
20
20
18
16
18
18
17
21
16
13
14
15
16
17
14
12
14
15
11
12
13
12
13
12
10
8
4
9
7
8
7
7
7
3
1
1
2
0
1
3
2
1
3
2
0
3
2
-1
-1
-3
-1
2
2
2
1
-1
2
0
-1
2
1
4
4
4
5
4
2
3
4
3
3
7
8
8
7
7
7
7
5
8
9
8
8
7
7
4
7
7
7
2
6
3
1
4
2
4
5
2
4
1
6
3
-5
1
-3
0
3
3
4
2
2
0
1
4
-1
5
0
3
4
1
2
-2
-3
0
1
-1
-4
-3
-5
-7
-8
-8
-7
-6
-4
-4
-4
-2
-5
-6
-9
-10
-10
-10
-7
-8
-5
-5
-7
-6
-8
-5
-5
-5
-7
-7
-7
-2
-1
-2
-3
-3
-3
-5
-1
-6
-1
-4
-5
-3
-4
-2
-3
-2
-4
0
3
2
2
-1
1
1
1
-1
0
3
5
6
4
4
3
8
9
9
11
8
11
13
12
9
10
10
8
12
9
11
10
10
11
11
15
11
9
11
14
10
10
11
8
11
11
9
10
9
8
10
9
10
11
9
6
7
8
8
5
7
7
9
6
7
6
5
4
6
8
7
5
4
6
8
6
7
9
11
9
6
8
6
7
7
7
11
15
10
8
6
6
7
9
10
6
5
7
6
4
7
6
5
6
6
11
8
9
8
8
11
10
8
13
11
14
16
12
14
10
11
10
15
14
13
13
14
16
17
17
16
15
16
17
16
16
14
14
15
17
15
16
14
11
14
17
12
16
18
18
17
18
18
18
17
15
17
17
17
13
14
14
15
13
16
16
12
16
16
13
12
11
12
13
9
11
10
8
11
9
9
10
9
9
6
8
7
9
9
9
7
9
7
4
7
6
6
7
6
5
8
7
4
3
3
3
4
4
1
4
2
3
3
5
5
3
3
2
3
3
4
3
5
3
3
4
3
5
2
3
0
0
-1
-1
0
-2
-4
-2
-5
-2
2
0
1
1
3
1
-4
-4
1
-2
0
1
3
3
5
4
5
6
3
2
6
4
3
4
2
1
4
6
5
4
2
2
0
-4
-4
-5
-4
-6
-5
-2
-4
-5
-4
-2
-6
-3
-6
-10
-6
-6
-6
-5
-8
-3
-6
-5
-2
-6
-7
-7
-11
-7
-4
-7
-7
-11
-11
-11
-9
-8
-12
-8
-10
-9
-8
-13
-10
-9
-10
-10
-9
-12
-11
-11
-11
-10
-12
-11
-9
-8
-8
-9
-8
-10
-8
-5
-8
-6
-6
-6
-6
-7
-8
-6
-9
-10
-9
-8
-9
-8
-8
-8
-7
-5
-7
-7
-6
-10
-7
-7
-5
-5
-5
-4
-7
-5
-3
-6
-8
-8
-11
-9
-7
-9
-8
-8
-5
-6
-5
-8
-6
-5
-7
-7
-7
-5
-6
-7
-7
-6
-4
-3
-4
-6
-5
-4
-4
-4
-5
-4
-7
-7
-5
-6
-6
-6
-1
-1
-6
-3
-4
-4
-5
-4
-6
-9
-12
-7
-7
-7
-8
-10
-9
-6
-6
-6
-6
-11
-7
-6
-7
-5
-1
-1
-3
-1
-3
-5
-3
-1
-2
-8
-6
-4
-4
-2
0
2
1
2
-1
0
0
-3
-1
-2
-3
-3
-4
-1
2
-1
-7
-5
0
-4
-3
0
-3
-3
-3
-1
-2
-3
-3
-3
-2
1
-2
-4
-4
-3
-4
-3
0
-4
-2
-1
-2
-5
-4
-5
-7
-7
-8
-7
-6
-4
-4
-6
-6
-6
-4
-5
-3
-5
-7
-7
-6
-7
-9
-9
-9
-8
-7
-9
-7
-7
-7
-7
-7
-8
-9
-8
-8
-6
-8
-7
-5
-8
-7
-6
-7
-9
-9
-7
-9
-9
-7
-8
-5
-9
-6
-5
-4
-5
-8
-9
-11
-7
-8
-9
-12
-11
-10
-12
-15
-14
-12
-13
-10
-10
-13
-13
-13
-11
-17
-16
-14
-19
-18
-13
-15
-13
-12
-13
-11
-13
-11
-10
-10
-11
-11
-9
-11
-13
-11
-9
-12
-13
-12
-14
-16
-16
-16
-17
-18
-16
-14
-16
-16
-16
-14
-18
-16
-15
-16
-15
-12
-12
-12
-13
-10
-10
-10
-9
-9
-9
-10
-11
-13
-8
-5
-7
-11
-10
-9
-7
-8
-10
-9
-10
-7
-4
-6
-7
-8
-9
-6
-7
-9
-7
-6
-8
-10
-8
-6
-6
-7
-8
-6
-4
-5
-4
-6
-4
-5
-4
-4
-2
3
0
1
-4
-4
-2
-3
-4
-5
-4
-7
-2
-2
-2
-6
-3
-2
-6
-4
-5
-4
-6
-8
-6
-5
-6
-6
-9
-6
-7
-7
-10
-10
-6
-7
-9
-7
-8
-8
-11
-11
-9
-11
-10
-11
-11
-12
-10
-9
-6
-7
-9
-5
-5
-5
-4
-5
-3
-1
-3
-3
-2
-2
-4
-1
-2
1
-3
-5
-1
-3
-3
-3
-5
-2
-2
-4
-7
-3
-5
-4
-2
-5
-4
-5
-1
-6
-7
-3
-3
-2
-4
-2
-2
-2
-1
3
1
-4
-2
-3
-5
-3
1
-1
-2
2
-1
-2
-3
-3
0
-4
-1
-2
-3
-4
-3
-3
-4
-4
-6
-6
-5
-2
0
1
0
-2
0
0
-2
-2
-2
-2
-1
0
-3
-3
-1
-2
-2
-3
-3
-5
-5
-8
-6
-3
-8
-7
-9
-7
-9
-10
-9
-9
-11
-12
-12
-8
-8
-13
-11
-11
-9
-7
-9
-10
-9
-9
-7
-9
-10
-7
-9
-6
-7
-9
-8
-11
-10
-12
-10
-9
-11
-9
-7
-9
-9
-7
-10
-9
-9
-7
-6
-6
-7
-5
-4
-5
0
-1
2
2
3
4
4
3
-3
-4
-8
-13
-17
-19
-20
-23
-26
-23
-24
-21
-16
-19
-15
-16
-17
-21
-19
-15
-15
-12
-10
-8
-10
-7
-9
-6
-8
-10
-9
-9
-8
-10
-11
-9
-8
-9
-8
-11
-16
-14
-16
-17
-17
-19
-17
-14
-11
-9
-10
-10
-7
-9
-6
-6
-11
-11
-13
-9
-6
-3
-6
-5
3
-2
0
0
3
0
-7
-9
-1
-3
-9
-9
-9
-14
-11
-11
-14
-9
-9
-5
-3
0
1
-3
-3
3
1
-2
1
4
2
5
6
6
0
-4
-5
-5
-9
-13
-14
-17
-19
-17
-21
-20
-17
-18
-21
-21
-20
-19
-16
-16
-12
-14
-9
-10
-5
-4
-6
-6
-6
-4
-4
-6
-5
-6
-6
-7
-7
-8
-11
-12
-15
-13
-12
-10
-16
-16
-16
-11
-10
-10
-4
-7
-9
-8
-6
-4
-6
-7
-11
-8
-8
-3
-7
-8
-5
-7
-8
-7
-3
-4
-10
-11
-14
-19
-19
-20
-23
-31
-28
-23
-26
-22
-24
-23
-23
-18
-4
6
11
7
10
14
23
20
22
18
5
2
-2
0
0
-8
-20
-23
-22
-20
-19
-25
-29
-26
-26
-23
-18
-22
-12
-6
0
15
15
27
23
22
20
15
13
7
-5
-12
-10
-16
-16
-26
-25
-22
-30
-23
-23
-22
-25
-19
-13
-11
-4
2
19
32
38
41
41
54
53
54
53
43
49
26
24
21
15
9
-13
-15
-14
-11
-7
-21
-22
-18
-22
-18
-22
-20
-19
-17
-6
16
24
33
30
28
40
30
32
11
-4
-16
-41
-35
-50
-38
-54
-58
-50
-50
-43
-47
-46
-52
-47
-41
-30
-17
-15
-14
-6
-4
8
-4
-5
-23
-32
-40
-41
-46
-45
-43
-49
-44
-38
-38
-31
-41
-26
-30
-30
-26
-21
-20
-24
-30
-26
-11
-7
7
12
29
34
32
42
47
47
41
21
13
-2
-13
-11
-16
-24
-31
-28
-9
4
15
23
23
25
23
26
37
26
8
1
-1
7
2
-6
5
8
15
25
28
49
44
39
27
25
13
1
-11
-24
-7
-18
4
-13
-8
-2
-6
3
-9
-11
-40
-63
-91
-119
-139
-157
-166
-173
-156
-119
-65
-18
15
34
69
73
81
67
53
33
-41
-75
-135
-149
-185
-223
-232
-249
-235
-229
-193
-158
-128
-105
-81
-34
-18
18
16
30
34
27
54
45
57
48
43
61
64
78
79
83
84
78
82
77
76
55
48
32
38
47
44
61
64
85
107
130
162
181
197
212
219
231
233
228
224
207
194
185
173
166
148
129
117
101
85
66
34
6
-27
-70
-99
-135
-159
-190
-208
-210
-204
-177
-170
-145
-145
-131
-120
-125
-109
-126
-121
-159
-175
-201
-233
-240
-287
-294
-331
-345
-345
-342
-311
-308
-279
-256
-222
-201
-174
-146
-136
-108
-118
-100
-87
-77
-68
-71
-50
-39
-25
6
26
61
84
116
145
165
186
201
213
210
210
209
210
207
201
210
216
234
252
272
303
327
341
360
379
392
404
406
402
393
384
377
369
355
344
328
322
302
289
268
239
213
170
132
78
31
-30
-78
-129
-172
-205
-247
-243
-265
-253
-247
-252
-231
-251
-249
-276
-333
-374
-449
-505
-574
-658
-719
-781
-836
-861
-872
-840
-809
-778
-718
-648
-565
-481
-410
-328
-244
-175
-76
25
146
274
381
483
577
662
739
751
744
689
605
480
317
150
-33
-216
-413
-573
-677
-747
-777
-778
-722
-625
-494
-343
-185
-7
143
281
403
501
583
635
652
659
644
630
605
563
521
461
401
342
275
208
130
60
14
43
98
195
263
344
453
541
647
708
753
746
680
613
540
469
354
230
112
37
2
-20
-6
-13
23
40
89
134
156
163
130
87
15
-63
-151
-281
-412
-589
-701
-831
-927
-1032
-1113
-1159
-1204
-1204
-1201
-1150
-1093
-1039
-956
-863
-746
-644
-555
-461
-369
-257
-152
-2
166
353
530
683
823
952
1043
1086
1044
976
832
665
427
173
-77
-345
-591
-825
-974
-1061
-1108
-1096
-1034
-902
-733
-542
-339
-128
69
240
398
531
643
717
768
796
808
808
801
772
735
667
603
517
421
307
180
44
-94
-219
-333
-390
-429
-431
-395
-331
-135
69
333
574
782
1019
1161
1295
1349
1350
1289
1123
937
746
570
368
166
-18
-139
-189
-238
-208
-198
-149
-105
-66
9
50
72
63
10
-26
-82
-137
-216
-324
-428
-538
-614
-714
-778
-890
-960
-1034
-1067
-1093
-1117
-1119
-1139
-1143
-1138
-1118
-1050
-1000
-933
-871
-773
-616
-460
-242
-12
262
523
775
1003
1220
1377
1464
1457
1394
1253
1065
788
498
160
-168
-496
-793
-1011
-1187
-1281
-1321
-1294
-1181
-1026
-819
-600
-378
-140
78
286
465
625
745
847
921
982
1018
1034
1032
999
949
877
778
657
504
345
162
-16
-189
-346
-477
-573
-603
-578
-495
-323
-120
167
423
701
981
1189
1369
1444
1499
1463
1360
1208
1008
816
583
381
194
55
-47
-128
-145
-168
-121
-104
-56
-13
7
45
40
46
19
-14
-60
-123
-200
-282
-364
-472
-587
-685
-800
-875
-993
-1073
-1147
-1238
-1263
-1344
-1321
-1362
-1354
-1348
-1322
-1237
-1180
-1064
-965
-823
-646
-445
-143
122
469
731
1023
1286
1484
1669
1706
1708
1575
1380
1121
787
440
25
-379
-767
-1101
-1343
-1534
-1626
-1660
-1583
-1442
-1221
-956
-683
-382
-107
168
419
638
837
970
1082
1149
1202
1236
1226
1199
1130
1043
926
791
633
439
229
4
-204
-408
-575
-685
-754
-759
-724
-626
-440
-189
85
404
690
998
1237
1420
1567
1625
1642
1547
1403
1226
1025
814
578
365
178
39
-78
-143
-175
-188
-159
-142
-97
-55
-12
21
28
31
20
6
-25
-81
-160
-248
-352
-451
-568
-688
-813
-926
-1066
-1171
-1285
-1339
-1406
-1467
-1516
-1552
-1523
-1524
-1479
-1458
-1375
-1298
-1197
-1041
-882
-615
-343
4
377
729
1128
1439
1744
1933
2065
2093
2000
1794
1472
1110
671
189
-334
-827
-1243
-1608
-1852
-2022
-2061
-1987
-1829
-1564
-1267
-898
-523
-152
192
488
772
1005
1176
1292
1361
1414
1429
1408
1354
1290
1189
1064
913
731
541
317
77
-170
-414
-617
-804
-933
-989
-986
-893
-750
-505
-219
147
517
907
1262
1544
1772
1899
1987
1953
1845
1655
1403
1147
847
578
313
86
-102
-245
-314
-354
-328
-308
-247
-197
-119
-49
8
49
76
86
83
45
11
-54
-144
-257
-384
-503
-626
-799
-941
-1115
-1254
-1378
-1532
-1572
-1698
-1708
-1768
-1767
-1717
-1696
-1596
-1557
-1411
-1295
-1117
-865
-568
-159
207
660
1042
1464
1850
2113
2354
2387
2398
2215
1939
1564
1085
571
-33
-631
-1178
-1639
-1996
-2274
-2416
-2422
-2280
-2040
-1717
-1317
-897
-440
-35
366
716
1015
1261
1406
1528
1590
1626
1627
1562
1497
1383
1268
1111
925
710
463
199
-87
-362
-627
-860
-1058
-1204
-1229
-1205
-1065
-886
-588
-238
157
582
966
1376
1666
1918
2064
2130
2121
1982
1806
1550
1282
980
673
406
134
-54
-232
-324
-402
-422
-408
-374
-311
-245
-173
-88
-37
34
72
102
116
83
57
-27
-107
-233
-356
-516
-712
-911
-1106
-1264
-1432
-1581
-1672
-1779
-1831
-1887
-1881
-1837
-1827
-1792
-1735
-1640
-1489
-1349
-1142
-850
-486
-45
411
883
1350
1790
2168
2465
2623
2682
2590
2337
1959
1472
929
306
-396
-1064
-1650
-2106
-2464
-2708
-2785
-2692
-2470
-2129
-1713
-1224
-708
-223
241
646
1007
1310
1516
1655
1722
1756
1770
1717
1637
1524
1398
1251
1052
836
601
329
32
-282
-584
-854
-1102
-1290
-1390
-1402
-1304
-1145
-852
-500
-63
386
858
1325
1704
2026
2217
2346
2356
2245
2056
1786
1486
1130
777
450
149
-91
-304
-421
-511
-517
-508
-457
-374
-302
-199
-122
-42
28
78
125
135
124
96
22
-56
-158
-291
-442
-643
-849
-1079
-1285
-1482
-1635
-1768
-1892
-1974
-2054
-2028
-2016
-1979
-1925
-1868
-1742
-1626
-1456
-1236
-966
-567
-170
323
780
1278
1747
2151
2482
2681
2783
2723
2509
2161
1683
1148
487
-218
-933
-1578
-2101
-2548
-2826
-2992
-2951
-2765
-2438
-2000
-1506
-955
-405
120
598
1010
1374
1628
1803
1879
1931
1927
1868
1760
1606
1459
1276
1073
835
579
309
3
-295
-601
-884
-1135
-1359
-1514
-1587
-1524
-1372
-1089
-759
-329
176
674
1215
1668
2102
2400
2579
2661
2598
2474
2199
1860
1462
1039
636
240
-72
-360
-556
-691
-740
-720
-668
-555
-449
-312
-185
-49
79
163
240
266
276
263
208
146
30
-112
-266
-476
-672
-928
-1165
-1411
-1621
-1790
-1930
-2021
-2135
-2149
-2190
-2165
-2123
-2071
-1942
-1881
-1741
-1581
-1334
-964
-597
-88
400
924
1439
1926
2403
2743
2942
2996
2905
2669
2276
1757
1126
391
-395
-1151
-1823
-2396
-2834
-3153
-3275
-3212
-2963
-2553
-2061
-1493
-910
-305
279
788
1227
1566
1815
1957
2029
2056
2031
1941
1786
1628
1453
1273
1052
804
543
243
-54
-367
-663
-951
-1234
-1452
-1618
-1660
-1600
-1421
-1153
-816
-395
106
658
1179
1677
2082
2426
2636
2748
2743
2615
2375
2017
1620
1212
790
394
-6
-327
-578
-732
-813
-832
-789
-710
-580
-440
-258
-102
61
180
280
364
413
446
416
336
239
102
-34
-230
-439
-686
-947
-1209
-1475
-1659
-1844
-1961
-2092
-2187
-2217
-2238
-2207
-2200
-2157
-2101
-2033
-1920
-1786
-1558
-1247
-790
-287
286
823
1412
2010
2527
2944
3173
3307
3241
2989
2576
2007
1366
551
-320
-1199
-1956
-2566
-3083
-3435
-3623
-3535
-3252
-2810
-2277
-1670
-991
-321
299
841
1307
1697
1942
2075
2125
2147
2115
2006
1845
1665
1504
1329
1118
875
613
332
23
-291
-622
-931
-1232
-1494
-1691
-1767
-1705
-1518
-1247
-897
-424
130
739
1294
1808
2243
2593
2810
2880
2849
2683
2398
1998
1543
1111
677
271
-138
-446
-654
-753
-793
-791
-731
-626
-470
-316
-145
19
148
263
331
423
475
495
455
362
270
156
24
-154
-368
-653
-900
-1189
-1412
-1641
-1842
-2000
-2150
-2234
-2289
-2309
-2291
-2291
-2238
-2196
-2104
-1988
-1833
-1637
-1361
-931
-407
191
743
1319
1920
2485
2963
3255
3410
3403
3184
2816
2257
1628
838
-59
-983
-1831
-2499
-3063
-3464
-3726
-3725
-3480
-3047
-2489
-1871
-1167
-464
208
799
1304
1750
2035
2193
2245
2259
2238
2132
1964
1760
1573
1380
1185
956
696
412
107
-193
-514
-817
-1119
-1393
-1606
-1716
-1686
-1528
-1289
-970
-547
-19
585
1161
1699
2152
2519
2770
2884
2884
2751
2483
2099
1656
1214
777
354
-52
-384
-626
-746
-801
-774
-727
-609
-467
-306
-136
10
169
260
348
394
452
472
444
374
258
170
37
-101
-310
-557
-809
-1098
-1331
-1596
-1790
-1984
-2119
-2243
-2310
-2335
-2322
-2290
-2302
-2223
-2190
-2046
-1920
-1788
-1504
-1246
-705
-199
424
1000
1544
2197
2687
3151
3354
3457
3388
3071
2634
1993
1333
476
-467
-1389
-2216
-2806
-3331
-3664
-3845
-3747
-3396
-2884
-2264
-1598
-862
-133
531
1109
1589
2003
2238
2349
2345
2327
2273
2112
1910
1648
1457
1247
1018
769
480
214
-102
-409
-708
-1010
-1268
-1532
-1699
-1753
-1681
-1455
-1190
-810
-358
203
824
1414
1944
2369
2695
2914
2992
2936
2742
2425
1999
1515
1034
591
173
-226
-547
-765
-842
-855
-798
-716
-574
-409
-223
-36
132
268
370
438
483
522
530
490
405
285
161
33
-148
-375
-653
-948
-1226
-1500
-1718
-1907
-2065
-2192
-2343
-2352
-2396
-2349
-2331
-2329
-2214
-2213
-2047
-1942
-1721
-1399
-1030
-444
114
752
1361
1970
2600
3065
3420
3569
3585
3390
2990
2436
1735
924
-28
-993
-1898
-2644
-3250
-3691
-3963
-3981
-3727
-3272
-2673
-1994
-1257
-467
259
924
1471
1928
2264
2429
2502
2479
2434
2307
2090
1860
1609
1400
1159
893
620
317
29
-285
-585
-894
-1186
-1447
-1648
-1741
-1712
-1553
-1336
-994
-586
-51
560
1139
1719
2152
2554
2829
2972
3008
2844
2616
2225
1784
1328
864
451
7
-344
-620
-760
-814
-813
-764
-675
-522
-363
-168
-14
145
255
349
427
471
519
483
423
323
209
108
-66
-263
-510
-802
-1071
-1350
-1573
-1791
-2005
-2175
-2316
-2374
-2441
-2447
-2465
-2435
-2398
-2331
-2195
-2052
-1820
-1538
-1073
-507
122
742
1350
2023
2619
3152
3484
3672
3683
3466
3097
2515
1859
1010
56
-943
-1877
-2618
-3252
-3721
-4037
-4075
-3832
-3384
-2790
-2116
-1348
-552
199
882
1467
1969
2306
2496
2561
2577
2540
2395
2187
1919
1681
1443
1191
921
615
327
4
-302
-617
-914
-1206
-1471
-1675
-1778
-1735
-1589
-1337
-1034
-610
-86
530
1125
1667
2131
2527
2810
2966
2981
2862
2610
2230
1792
1336
891
446
8
-351
-621
-754
-818
-819
-779
-691
-532
-367
-180
-32
117
230
314
379
431
456
427
350
253
149
31
-123
-320
-555
-806
-1080
-1339
-1579
-1823
-1988
-2189
-2301
-2417
-2472
-2458
-2498
-2435
-2440
-2302
-2200
-2050
-1814
-1501
-963
-447
197
771
1418
2078
2643
3156
3423
3624
3577
3373
2963
2377
1719
837
-103
-1127
-1983
-2709
-3336
-3798
-4101
-4057
-3795
-3336
-2744
-2064
-1268
-498
268
936
1515
2000
2308
2498
2544
2558
2488
2326
2085
1802
1563
1316
1067
763
465
170
-124
-404
-715
-988
-1267
-1497
-1656
-1731
-1656
-1518
-1269
-953
-551
-13
539
1125
1611
2053
2437
2694
2858
2839
2732
2474
2122
1716
1263
850
401
-1
-357
-596
-740
-813
-813
-789
-683
-549
-367
-215
-62
64
170
270
326
385
388
372
298
212
119
-5
-158
-366
-589
-846
-1116
-1393
-1638
-1880
-2075
-2252
-2361
-2464
-2534
-2565
-2568
-2513
-2470
-2382
-2229
-2061
-1793
-1455
-904
-291
341
920
1532
2206
2805
3258
3495
3613
3553
3297
2828
2222
1507
632
-361
-1362
-2221
-2892
-3467
-3900
-4173
-4095
-3755
-3221
-2616
-1931
-1140
-327
432
1074
1637
2106
2404
2542
2568
2567
2504
2317
2050
1755
1521
1281
1015
701
394
92
-204
-490
-782
-1069
-1337
-1572
-1717
-1756
-1668
-1486
-1236
-889
-458
113
703
1277
1763
2191
2552
2798
2924
2881
2724
2433
2045
1619
1167
738
295
-113
-447
-662
-761
-817
-800
-761
-637
-482
-299
-141
3
124
230
311
377
418
425
382
292
203
95
-9
-193
-383
-633
-850
-1127
-1400
-1662
-1895
-2084
-2287
-2428
-2527
-2589
-2614
-2633
-2574
-2487
-2375
-2233
-2033
-1687
-1206
-639
-22
595
1225
1902
2510
3070
3400
3635
3653
3502
3161
2627
2013
1183
250
-754
-1676
-2432
-3123
-3656
-4035
-4127
-3947
-3572
-3015
-2376
-1632
-843
-62
661
1294
1821
2214
2460
2587
2632
2607
2488
2271
1994
1739
1482
1235
930
605
293
-21
-302
-616
-910
-1195
-1446
-1621
-1721
-1698
-1589
-1387
-1106
-731
-250
309
879
1396
1851
2260
2610
2822
2898
2830
2655
2376
1998
1585
1144
708
269
-132
-425
-633
-738
-811
-817
-758
-635
-451
-300
-129
7
153
277
369
440
475
487
436
369
285
194
77
-123
-329
-555
-759
-1014
-1323
-1593
-1851
-2008
-2253
-2408
-2569
-2613
-2651
-2720
-2655
-2599
-2409
-2277
-2088
-1721
-1253
-588
5
638
1284
1940
2633
3112
3493
3668
3723
3580
3190
2668
2008
1236
295
-742
-1663
-2436
-3063
-3619
-4011
-4121
-3935
-3531
-3006
-2381
-1662
-859
-87
637
1254
1786
2202
2447
2583
2622
2626
2528
2322
2060
1781
1559
1300
995
654
317
13
-293
-606
-932
-1231
-1484
-1688
-1836
-1855
-1748
-1502
-1219
-842
-352
240
860
1411
1913
2357
2734
2963
3044
2991
2820
2529
2119
1645
1167
707
264
-176
-512
-737
-833
-886
-884
-813
-659
-466
-280
-110
63
217
346
435
503
555
572
539
463
373
277
165
4
-187
-400
-632
-839
-1124
-1365
-1671
-1891
-2111
-2300
-2435
-2601
-2640
-2726
-2718
-2686
-2584
-2416
-2241
-1985
-1609
-1043
-384
279
902
1553
2238
2863
3366
3633
3799
3731
3516
3074
2479
1793
909
-51
-1089
-1958
-2682
-3297
-3766
-4089
-4083
-3817
-3361
-2776
-2139
-1366
-585
179
868
1457
1961
2298
2516
2614
2658
2635
2496
2268
1997
1748
1496
1229
895
557
214
-113
-420
-750
-1061
-1364
-1608
-1788
-1900
-1863
-1720
-1461
-1122
-730
-172
419
1059
1592
2076
2522
2855
3065
3090
3010
2805
2474
2043
1539
1078
593
139
-291
-618
-811
-911
-938
-938
-834
-669
-454
-264
-78
102
273
405
498
574
632
648
595
526
439
353
229
55
-119
-326
-492
-746
-981
-1298
-1557
-1829
-2065
-2264
-2486
-2612
-2786
-2834
-2909
-2892
-2794
-2699
-2488
-2280
-1864
-1322
-670
72
712
1458
2130
2837
3398
3742
3953
3922
3772
3360
2782
2076
1204
246
-823
-1791
-2590
-3259
-3777
-4187
-4267
-4074
-3627
-3065
-2425
-1675
-871
-55
666
1306
1830
2248
2516
2656
2721
2710
2630
2417
2160
1900
1653
1396
1055
705
340
6
-327
-680
-1021
-1352
-1621
-1831
-1962
-1991
-1901
-1658
-1324
-893
-399
213
872
1466
2000
2442
2866
3110
3184
3110
2927
2672
2225
1731
1197
722
269
-191
-534
-800
-910
-958
-951
-871
-727
-515
-320
-139
33
222
381
491
551
623
672
668
616
531
461
351
211
34
-160
-341
-595
-828
-1135
-1402
-1698
-1980
-2217
-2449
-2563
-2723
-2782
-2860
-2842
-2777
-2667
-2489
-2287
-1998
-1598
-1053
-361
335
1011
1651
2326
2968
3480
3768
3905
3854
3628
3181
2559
1845
958
-12
-1080
-1999
-2749
-3356
-3841
-4173
-4194
-3923
-3435
-2833
-2178
-1400
-583
220
926
1527
2048
2423
2649
2739
2768
2746
2613
2369
2068
1796
1546
1258
907
542
192
-142
-470
-808
-1115
-1413
-1656
-1828
-1900
-1838
-1672
-1391
-1056
-617
-69
565
1193
1732
2206
2613
2953
3122
3137
3008
2770
2416
1949
1466
984
522
57
-355
-643
-819
-875
-912
-873
-774
-609
-397
-222
-41
121
285
418
513
605
657
684
641
580
522
436
319
132
-45
-255
-472
-734
-1033
-1336
-1649
-1903
-2145
-2338
-2503
-2667
-2747
-2847
-2811
-2771
-2663
-2544
-2411
-2143
-1833
-1352
-776
-115
582
1191
1894
2557
3192
3614
3814
3909
3782
3525
2989
2329
1527
584
-418
-1452
-2303
-3029
-3619
-4060
-4283
-4161
-3800
-3241
-2629
-1905
-1090
-232
571
1239
1812
2267
2599
2768
2828
2824
2727
2535
2237
1942
1679
1400
1077
693
345
9
-302
-624
-954
-1251
-1526
-1717
-1858
-1887
-1817
-1638
-1312
-958
-438
70
761
1349
1901
2374
2757
3121
3199
3195
3007
2766
2395
1859
1369
820
375
-114
-529
-784
-987
-994
-1051
-947
-832
-613
-378
-184
29
211
415
553
644
718
765
784
727
641
556
435
298
77
-95
-328
-531
-817
-1119
-1421
-1722
-1921
-2177
-2346
-2564
-2664
-2726
-2791
-2777
-2746
-2604
-2491
-2392
-2141
-1853
-1359
-881
-267
415
1065
1774
2380
3028
3487
3758
3891
3796
3589
3097
2474
1713
779
-186
-1242
-2106
-2904
-3527
-3991
-4245
-4184
-3913
-3392
-2769
-2039
-1234
-394
432
1135
1731
2203
2566
2773
2843
2827
2730
2561
2272
1979
1688
1410
1092
724
388
55
-247
-575
-903
-1180
-1455
-1658
-1828
-1866
-1817
-1638
-1365
-1008
-537
-1
645
1225
1800
2276
2711
3035
3168
3183
3034
2804
2411
1923
1422
897
423
-85
-481
-792
-962
-1042
-1082
-1011
-884
-674
-457
-241
-27
179
370
516
629
719
778
785
739
669
576
455
293
89
-107
-323
-554
-824
-1125
-1424
-1685
-1914
-2123
-2326
-2507
-2625
-2701
-2719
-2732
-2688
-2623
-2530
-2388
-2200
-1911
-1530
-1018
-408
243
915
1583
2294
2918
3407
3714
3886
3893
3666
3211
2594
1873
997
-24
-1070
-2010
-2785
-3452
-3966
-4267
-4252
-3965
-3492
-2888
-2177
-1339
-479
331
1036
1644
2168
2534
2733
2797
2787
2724
2535
2260
1950
1680
1407
1089
744
406
103
-202
-520
-844
-1137
-1396
-1621
-1793
-1896
-1893
-1738
-1490
-1133
-741
-202
408
1045
1631
2128
2625
2976
3194
3207
3119
2935
2572
2105
1544
1027
524
11
-439
-816
-1009
-1134
-1148
-1110
-972
-754
-517
-278
-62
173
377
537
632
704
777
790
762
676
597
511
373
207
15
-164
-375
-610
-861
-1139
-1421
-1702
-1965
-2200
-2426
-2583
-2730
-2803
-2871
-2866
-2776
-2698
-2547
-2416
-2141
-1821
-1410
-850
-253
463
1072
1732
2378
2971
3459
3675
3810
3710
3486
3027
2379
1644
717
-221
-1246
-2130
-2887
-3515
-3943
-4222
-4178
-3898
-3389
-2771
-2082
-1275
-451
367
1057
1649
2137
2490
2707
2773
2777
2683
2510
2236
1923
1641
1336
1022
647
298
-45
-374
-688
-1016
-1294
-1571
-1775
-1918
-1961
-1894
-1743
-1448
-1097
-640
-118
481
1088
1630
2124
2537
2883
3067
3099
2997
2775
2442
1984
1489
974
471
-14
-466
-789
-1021
-1132
-1181
-1148
-1021
-832
-590
-362
-122
96
315
493
624
734
802
842
815
766
694
601
473
300
113
-74
-275
-493
-751
-1026
-1326
-1619
-1896
-2151
-2394
-2608
-2748
-2841
-2892
-2921
-2852
-2726
-2562
-2404
-2197
-1887
-1527
-1073
-512
129
802
1363
1983
2557
3123
3480
3632
3674
3521
3224
2688
2051
1285
380
-574
-1542
-2340
-3016
-3554
-3932
-4122
-3998
-3653
-3095
-2481
-1780
-993
-170
608
1259
1819
2277
2597
2766
2813
2811
2712
2499
2183
1864
1568
1250
891
485
127
-232
-557
-878
-1168
-1426
-1656
-1808
-1875
-1849
-1734
-1499
-1174
-764
-322
212
781
1353
1855
2275
2642
2914
3048
3015
2863
2631
2269
1830
1322
832
365
-86
-480
-790
-972
-1061
-1068
-1010
-874
-671
-432
-206
15
228
438
607
729
817
888
920
904
829
755
655
517
330
121
-64
-292
-509
-776
-1040
-1325
-1624
-1884
-2150
-2352
-2540
-2692
-2773
-2843
-2808
-2757
-2641
-2510
-2350
-2107
-1836
-1463
-1020
-439
195
829
1425
2045
2648
3172
3507
3684
3713
3583
3256
2720
2050
1278
376
-577
-1544
-2357
-3037
-3575
-3944
-4125
-3980
-3629
-3086
-2461
-1741
-919
-96
672
1331
1890
2355
2653
2821
2854
2819
2694
2461
2147
1803
1479
1136
769
380
12
-325
-634
-931
-1210
-1441
-1631
-1750
-1801
-1774
-1674
-1465
-1147
-763
-310
168
718
1243
1741
2152
2513
2780
2918
2911
2779
2573
2256
1853
1374
884
432
-8
-388
-715
-946
-1060
-1090
-1043
-947
-757
-547
-303
-78
159
380
580
728
830
917
965
963
905
808
696
555
382
177
-38
-252
-489
-712
-964
-1198
-1465
-1684
-1922
-2112
-2301
-2446
-2554
-2632
-2651
-2664
-2597
-2537
-2417
-2275
-2074
-1820
-1526
-1129
-617
-4
634
1211
1811
2392
2948
3331
3542
3605
3521
3238
2746
2120
1392
550
-398
-1365
-2208
-2879
-3418
-3806
-4028
-3949
-3620
-3094
-2483
-1785
-1004
-184
580
1233
1792
2248
2569
2722
2739
2689
2573
2353
2030
1680
1350
1031
697
340
3
-304
-573
-824
-1054
-1261
-1430
-1546
-1608
-1598
-1523
-1353
-1087
-766
-375
44
549
1031
1499
1882
2236
2525
2678
2730
2633
2489
2233
1890
1474
1018
616
194
-167
-498
-733
-868
-948
-935
-889
-743
-565
-363
-156
52
279
474
637
761
858
936
957
936
866
778
643
480
282
69
-136
-351
-567
-807
-1022
-1249
-1481
-1699
-1934
-2090
-2267
-2387
-2496
-2547
-2558
-2555
-2505
-2425
-2279
-2144
-1946
-1712
-1344
-916
-355
242
849
1448
2036
2630
3113
3449
3607
3603
3462
3098
2595
1919
1159
259
-691
-1574
-2353
-2974
-3487
-3807
-3903
-3734
-3343
-2798
-2156
-1439
-666
126
838
1462
1955
2340
2580
2685
2685
2600
2432
2169
1850
1509
1198
896
570
247
-56
-316
-556
-773
-985
-1169
-1322
-1430
-1477
-1470
-1411
-1269
-997
-676
-280
109
597
1073
1537
1928
2258
2549
2680
2704
2594
2432
2176
1802
1380
913
507
109
-253
-553
-797
-906
-963
-916
-844
-693
-498
-285
-71
132
352
538
675
770
847
894
897
844
764
647
508
359
180
-9
-220
-411
-599
-792
-987
-1207
-1415
-1635
-1852
-2037
-2197
-2336
-2474
-2572
-2640
-2647
-2586
-2516
-2384
-2264
-2022
-1751
-1367
-883
-305
366
975
1570
2171
2757
3264
3510
3631
3577
3405
3023
2424
1748
920
59
-909
-1794
-2535
-3129
-3556
-3863
-3916
-3703
-3263
-2678
-2058
-1342
-579
211
900
1467
1933
2289
2519
2591
2569
2476
2317
2059
1740
1426
1132
856
549
238
-54
-315
-535
-764
-975
-1191
-1358
-1473
-1541
-1544
-1496
-1318
-1074
-745
-376
48
539
1013
1474
1853
2213
2479
2633
2662
2569
2411
2141
1808
1385
947
538
134
-211
-540
-753
-891
-946
-937
-876
-722
-547
-335
-142
72
272
457
608
708
799
849
876
849
784
701
580
463
290
115
-69
-266
-457
-683
-886
-1104
-1319
-1548
-1817
-2022
-2208
-2350
-2473
-2598
-2644
-2661
-2608
-2543
-2423
-2254
-2040
-1784
-1478
-1052
-479
146
764
1325
1927
2520
3040
3390
3559
3601
3484
3182
2682
2048
1315
475
-453
-1383
-2188
-2823
-3317
-3688
-3877
-3789
-3453
-2935
-2350
-1684
-946
-170
549
1163
1687
2104
2397
2542
2563
2517
2407
2209
1927
1613
1310
1032
751
446
137
-159
-402
-635
-872
-1102
-1305
-1445
-1544
-1580
-1562
-1434
-1211
-919
-565
-176
303
783
1268
1668
2036
2348
2553
2647
2599
2480
2263
1968
1593
1162
754
349
-3
-348
-614
-792
-881
-897
-882
-776
-630
-430
-242
-51
145
336
505
633
737
818
869
893
857
806
711
616
486
328
141
-47
-228
-442
-655
-885
-1096
-1322
-1568
-1811
-2040
-2222
-2368
-2504
-2598
-2668
-2666
-2639
-2528
-2419
-2226
-2026
-1729
-1403
-963
-418
187
837
1387
1965
2514
3032
3398
3546
3571
3429
3150
2660
2015
1301
457
-400
-1334
-2113
-2768
-3249
-3586
-3787
-3722
-3435
-2927
-2337
-1699
-988
-251
486
1108
1618
2034
2344
2528
2557
2520
2407
2249
1986
1674
1354
1062
783
460
145
-172
-440
-680
-918
-1130
-1334
-1473
-1559
-1576
-1528
-1416
-1181
-883
-509
-109
334
845
1323
1753
2079
2376
2595
2680
2636
2460
2247
1939
1559
1122
673
276
-101
-420
-690
-861
-930
-932
-861
-769
-597
-386
-167
35
208
402
572
707
794
845
890
892
864
791
703
597
467
316
130
-48
-245
-438
-652
-888
-1109
-1364
-1588
-1843
-2088
-2280
-2478
-2545
-2673
-2678
-2684
-2584
-2434
-2298
-2054
-1825
-1473
-1137
-724
-187
374
999
1494
2018
2500
2935
3262
3365
3389
3199
2932
2449
1854
1164
379
-425
-1277
-2022
-2639
-3091
-3391
-3572
-3512
-3252
-2774
-2214
-1592
-906
-206
503
1100
1630
2042
2355
2531
2573
2543
2423
2254
1987
1670
1336
1006
702
369
51
-277
-558
-791
-1008
-1188
-1359
-1457
-1506
-1495
-1411
-1271
-1021
-720
-355
38
459
934
1369
1775
2087
2352
2530
2615
2569
2399
2171
1868
1508
1087
658
269
-88
-387
-643
-803
-884
-877
-821
-720
-557
-371
-149
46
238
414
575
721
807
878
908
922
893
821
732
604
472
299
113
-75
-296
-494
-726
-939
-1154
-1389
-1589
-1848
-2029
-2244
-2345
-2438
-2499
-2515
-2542
-2425
-2337
-2150
-1954
-1743
-1433
-1166
-697
-206
398
959
1445
1996
2449
2937
3203
3357
3347
3164
2875
2371
1812
1108
330
-511
-1369
-2061
-2657
-3066
-3401
-3548
-3469
-3170
-2672
-2126
-1487
-818
-108
559
1145
1654
2042
2331
2450
2477
2430
2314
2136
1841
1528
1190
899
596
277
-30
-340
-586
-816
-1007
-1182
-1324
-1414
-1470
-1449
-1384
-1210
-972
-679
-352
3
444
865
1286
1626
1942
2204
2364
2451
2398
2291
2067
1787
1448
1062
694
305
-20
-341
-589
-749
-839
-849
-841
-743
-604
-412
-219
-30
170
342
516
649
762
835
871
883
840
787
677
579
424
259
68
-126
-293
-490
-667
-885
-1069
-1263
-1451
-1639
-1847
-2007
-2166
-2290
-2400
-2464
-2452
-2438
-2368
-2274
-2088
-1861
-1608
-1308
-916
-401
153
721
1248
1783
2286
2723
3036
3204
3239
3119
2840
2395
1836
1205
475
-312
-1134
-1856
-2428
-2878
-3207
-3399
-3362
-3123
-2718
-2215
-1640
-987
-323
312
874
1366
1780
2072
2243
2288
2263
2173
2021
1788
1503
1209
925
653
365
74
-203
-450
-674
-878
-1059
-1212
-1316
-1378
-1399
-1362
-1263
-1065
-798
-487
-133
249
678
1097
1483
1811
2082
2294
2400
2402
2304
2129
1885
1558
1179
773
399
55
-260
-530
-732
-834
-869
-838
-761
-630
-455
-262
-59
129
318
486
621
724
792
846
862
846
776
688
581
455
314
129
-45
-244
-426
-617
-803
-984
-1180
-1356
-1542
-1710
-1860
-1999
-2108
-2227
-2276
-2320
-2284
-2253
-2166
-2043
-1894
-1665
-1423
-1039
-623
-95
445
982
1538
2032
2530
2888
3127
3217
3140
2972
2582
2107
1461
774
7
-807
-1532
-2198
-2680
-3070
-3286
-3321
-3159
-2794
-2333
-1762
-1155
-502
146
732
1249
1648
1973
2167
2259
2243
2161
2027
1816
1564
1275
1006
736
467
200
-74
-307
-528
-716
-898
-1056
-1170
-1255
-1276
-1268
-1195
-1049
-817
-529
-205
144
532
934
1315
1649
1929
2155
2286
2324
2265
2132
1927
1646
1310
939
582
243
-64
-338
-569
-708
-790
-797
-770
-692
-557
-399
-215
-37
151
334
494
634
734
817
870
880
851
784
687
567
430
254
66
-140
-348
-533
-720
-910
-1100
-1275
-1442
-1611
-1774
-1913
-2033
-2124
-2208
-2230
-2233
-2164
-2106
-2013
-1873
-1698
-1437
-1168
-800
-376
133
678
1171
1691
2128
2568
2862
3019
3068
2945
2738
2310
1794
1166
491
-222
-995
-1673
-2264
-2678
-2983
-3153
-3127
-2929
-2536
-2072
-1528
-933
-300
320
854
1318
1687
1985
2157
2218
2179
2080
1941
1722
1464
1175
900
631
361
100
-162
-383
-580
-753
-911
-1048
-1134
-1192
-1199
-1176
-1098
-954
-739
-460
-164
182
537
925
1272
1597
1867
2080
2234
2262
2222
2079
1890
1634
1300
945
558
222
-108
-386
-616
-786
-863
-894
-839
-754
-592
-409
-209
-1
201
413
593
741
851
926
970
973
935
846
725
580
413
233
30
-164
-357
-555
-749
-921
-1087
-1215
-1365
-1488
-1611
-1727
-1799
-1904
-1948
-2017
-2036
-2017
-2009
-1931
-1878
-1725
-1581
-1386
-1129
-816
-349
111
625
1099
1590
2078
2473
2788
2930
2984
2894
2648
2264
1741
1161
477
-243
-1003
-1673
-2212
-2637
-2936
-3108
-3068
-2837
-2446
-1980
-1443
-839
-220
386
899
1342
1705
1967
2122
2139
2098
1989
1838
1616
1338
1069
805
574
325
84
-140
-333
-494
-653
-789
-914
-995
-1044
-1068
-1057
-997
-858
-682
-442
-168
167
525
876
1218
1517
1808
2021
2167
2208
2165
2051
1849
1600
1275
927
564
214
-101
-383
-589
-752
-819
-840
-795
-680
-524
-327
-132
83
289
493
670
805
906
968
1002
989
932
833
711
559
373
180
-22
-202
-399
-585
-761
-909
-1027
-1144
-1246
-1370
-1468
-1549
-1626
-1671
-1753
-1787
-1827
-1838
-1825
-1818
-1733
-1665
-1547
-1424
-1243
-981
-645
-220
234
698
1165
1624
2072
2448
2697
2827
2833
2718
2448
2040
1539
947
289
-437
-1136
-1727
-2221
-2589
-2870
-2968
-2882
-2621
-2224
-1761
-1228
-651
-52
508
978
1385
1708
1932
2034
2027
1970
1861
1694
1453
1182
930
700
471
242
18
-174
-340
-489
-618
-742
-842
-911
-958
-972
-958
-892
-764
-592
-364
-102
220
540
882
1187
1469
1737
1922
2053
2059
2009
1884
1693
1446
1124
807
463
159
-127
-376
-544
-682
-721
-736
-668
-556
-401
-219
-46
153
328
515
661
770
845
888
904
874
810
710
589
443
273
100
-87
-254
-433
-578
-740
-867
-980
-1090
-1173
-1287
-1364
-1462
-1527
-1616
-1681
-1739
-1784
-1810
-1835
-1805
-1780
-1705
-1626
-1503
-1336
-1121
-779
-398
80
546
1007
1495
1931
2363
2626
2806
2831
2743
2526
2136
1668
1073
433
-279
-995
-1620
-2155
-2543
-2840
-2989
-2950
-2731
-2353
-1909
-1381
-822
-220
345
844
1271
1610
1860
1984
2011
1960
1865
1710
1488
1237
970
742
512
289
72
-132
-299
-458
-583
-711
-818
-903
-963
-986
-993
-939
-849
-704
-523
-291
10
336
689
987
1296
1569
1818
1996
2054
2070
1973
1828
1587
1301
994
630
301
-46
-314
-540
-696
-784
-835
-785
-702
-529
-346
-146
65
268
477
638
781
873
932
947
916
865
760
651
494
330
146
-35
-192
-362
-506
-663
-778
-878
-967
-1043
-1139
-1196
-1272
-1334
-1414
-1496
-1550
-1630
-1676
-1745
-1766
-1764
-1744
-1681
-1609
-1464
-1305
-1076
-782
-410
43
492
946
1376
1809
2201
2478
2651
2677
2607
2394
2047
1599
1055
458
-205
-870
-1486
-1985
-2363
-2642
-2790
-2780
-2584
-2255
-1831
-1344
-811
-247
283
762
1170
1503
1742
1877
1908
1856
1758
1611
1413
1166
912
681
464
262
67
-112
-270
-398
-509
-615
-700
-775
-826
-856
-864
-836
-763
-644
-495
-309
-61
233
546
832
1106
1358
1587
1771
1857
1893
1830
1721
1530
1287
1018
702
407
89
-178
-396
-551
-641
-693
-674
-614
-476
-309
-129
60
236
423
573
705
794
845
864
839
784
699
598
473
334
179
19
-123
-254
-371
-492
-603
-692
-759
-839
-898
-981
-1033
-1124
-1207
-1284
-1386
-1436
-1553
-1589
-1671
-1694
-1683
-1671
-1565
-1521
-1366
-1234
-1029
-753
-467
-40
328
764
1124
1516
1880
2145
2346
2382
2375
2202
1950
1580
1128
622
30
-550
-1130
-1602
-1998
-2288
-2463
-2533
-2421
-2195
-1831
-1428
-966
-469
14
486
869
1222
1475
1642
1711
1690
1639
1520
1371
1165
944
737
532
357
178
18
-127
-263
-372
-468
-551
-626
-685
-731
-760
-759
-728
-647
-542
-401
-224
-9
249
499
765
1003
1233
1441
1596
1704
1723
1705
1605
1457
1252
999
743
463
202
-57
-265
-425
-535
-585
-602
-551
-455
-318
-166
-3
170
333
485
602
701
762
795
788
758
694
608
509
390
255
119
-13
-132
-250
-388
-504
-622
-696
-787
-872
-954
-1036
-1097
-1188
-1262
-1330
-1380
-1428
-1488
-1512
-1533
-1505
-1480
-1433
-1352
-1267
-1136
-994
-794
-543
-226
133
495
847
1210
1549
1862
2087
2206
2234
2156
1972
1674
1295
845
328
-224
-787
-1285
-1704
-2031
-2256
-2382
-2355
-2202
-1916
-1551
-1126
-671
-201
260
674
1029
1315
1518
1633
1658
1616
1531
1408
1234
1029
815
617
436
265
106
-44
-175
-290
-384
-470
-548
-614
-667
-700
-715
-706
-654
-571
-458
-312
-130
104
345
592
829
1051
1258
1423
1556
1619
1636
1592
1488
1332
1127
907
654
405
149
-89
-281
-435
-534
-601
-609
-571
-483
-354
-205
-35
133
307
460
599
713
792
837
840
811
742
651
545
402
252
89
-79
-227
-374
-489
-610
-707
-790
-852
-893
-948
-977
-1030
-1056
-1098
-1144
-1177
-1231
-1260
-1319
-1355
-1380
-1389
-1353
-1328
-1257
-1184
-1063
-888
-678
-378
-65
298
632
977
1315
1617
1868
2003
2058
2004
1858
1617
1283
893
421
-77
-593
-1066
-1462
-1789
-2013
-2156
-2161
-2057
-1828
-1511
-1139
-730
-310
110
482
822
1106
1317
1449
1485
1476
1414
1318
1175
1001
818
627
460
294
152
15
-123
-238
-344
-430
-511
-576
-628
-671
-690
-689
-644
-575
-471
-342
-183
23
241
479
708
925
1124
1290
1419
1491
1517
1486
1396
1252
1062
844
608
366
125
-99
-292
-435
-533
-585
-586
-539
-445
-321
-166
-2
168
334
474
598
691
744
775
771
726
651
551
441
316
176
38
-92
-207
-322
-429
-508
-578
-626
-673
-715
-752
-791
-826
-874
-923
-974
-1033
-1079
-1127
-1161
-1208
-1230
-1240
-1241
-1205
-1179
-1092
-1010
-893
-747
-563
-298
-17
304
593
885
1172
1427
1652
1761
1814
1763
1641
1428
1125
784
385
-31
-488
-915
-1272
-1550
-1735
-1865
-1883
-1798
-1600
-1325
-1002
-631
-257
125
459
763
1014
1207
1335
1374
1356
1278
1187
1062
907
733
548
386
233
105
-20
-132
-225
-305
-370
-432
-470
-499
-516
-525
-528
-495
-434
-337
-214
-81
80
262
463
663
852
1022
1161
1278
1337
1348
1317
1241
1124
956
764
550
354
157
-32
-193
-324
-397
-439
-422
-372
-283
-166
-33
112
243
378
487
583
636
658
661
641
593
517
426
330
230
133
36
-58
-138
-213
-287
-353
-410
-462
-504
-565
-618
-677
-722
-772
-827
-885
-944
-988
-1028
-1052
-1070
-1082
-1083
-1068
-1045
-1000
-952
-892
-816
-713
-585
-409
-192
62
321
566
821
1070
1298
1465
1560
1592
1548
1429
1224
954
645
285
-96
-497
-860
-1165
-1390
-1550
-1634
-1630
-1532
-1335
-1078
-774
-443
-99
234
527
777
982
1144
1237
1247
1197
1118
1015
885
734
570
409
260
135
26
-67
-146
-211
-256
-299
-332
-350
-361
-358
-363
-357
-327
-272
-183
-88
33
158
310
469
624
782
909
1031
1102
1142
1145
1100
1042
929
795
627
462
306
153
24
-104
-190
-247
-265
-252
-218
-147
-74
25
115
203
289
362
424
452
473
469
460
437
384
333
260
200
127
64
-5
-90
-157
-248
-312
-399
-460
-529
-595
-657
-729
-774
-826
-861
-905
-934
-954
-970
-971
-983
-957
-964
-934
-918
-890
-846
-824
-753
-688
-561
-418
-222
2
230
473
701
953
1161
1323
1430
1463
1443
1322
1159
914
631
298
-65
-418
-757
-1035
-1265
-1415
-1494
-1498
-1406
-1239
-1004
-732
-432
-120
178
451
678
875
1015
1100
1116
1087
1023
925
811
674
531
387
257
144
46
-30
-102
-158
-202
-245
-277
-298
-314
-326
-338
-342
-319
-278
-213
-127
-32
82
209
354
500
635
777
885
984
1040
1060
1060
1013
947
827
700
557
408
266
116
-6
-122
-197
-252
-279
-273
-248
-186
-126
-42
40
131
224
301
369
419
465
485
495
481
448
402
339
267
183
103
8
-83
-185
-279
-365
-432
-495
-560
-625
-692
-736
-789
-826
-848
-870
-886
-912
-919
-912
-899
-873
-869
-836
-820
-786
-748
-697
-622
-539
-430
-289
-111
91
299
519
719
910
1075
1207
1282
1300
1256
1141
971
742
482
189
-120
-435
-722
-972
-1151
-1273
-1325
-1304
-1206
-1047
-844
-593
-316
-36
231
467
670
829
946
1011
1030
1000
930
835
721
596
465
346
231
126
35
-36
-88
-131
-163
-196
-222
-242
-260
-270
-281
-284
-275
-248
-200
-127
-38
72
201
339
483
623
762
890
988
1049
1076
1072
1033
955
841
703
542
376
210
55
-71
-181
-263
-318
-329
-313
-259
-178
-87
13
120
231
335
426
495
545
572
577
562
527
477
411
327
238
144
54
-30
-114
-199
-281
-359
-413
-466
-502
-546
-592
-630
-673
-688
-714
-728
-755
-780
-797
-807
-794
-795
-781
-775
-757
-729
-708
-665
-630
-562
-498
-397
-266
-120
61
237
427
596
764
912
1023
1092
1100
1066
966
819
626
398
150
-123
-384
-633
-834
-987
-1083
-1121
-1105
-1017
-884
-695
-481
-245
-10
213
414
577
709
795
848
850
814
751
666
575
476
373
279
180
101
39
-16
-59
-98
-129
-156
-188
-219
-240
-255
-266
-272
-271
-247
-198
-130
-40
69
193
323
458
591
714
821
903
951
957
930
873
788
675
535
385
231
95
-34
-146
-222
-276
-296
-285
-243
-175
-92
4
104
198
282
360
428
472
491
490
481
451
406
346
276
203
131
56
-20
-90
-155
-212
-274
-325
-374
-413
-446
-473
-505
-538
-572
-607
-622
-650
-662
-681
-698
-704
-719
-699
-692
-668
-657
-648
-618
-604
-571
-552
-515
-478
-425
-336
-238
-100
24
182
327
476
620
733
844
887
907
867
788
677
517
341
130
-82
-301
-488
-645
-765
-836
-872
-845
-786
-667
-525
-358
-169
5
177
319
446
544
609
644
640
612
564
507
442
369
300
232
173
119
77
46
19
-8
-38
-61
-88
-114
-134
-155
-179
-190
-193
-185
-145
-92
-6
79
177
288
399
520
628
724
789
826
831
805
763
683
586
468
345
224
101
12
-74
-124
-161
-169
-146
-111
-45
24
104
176
241
300
344
389
406
408
393
364
322
278
230
174
113
46
-10
-66
-105
-153
-186
-224
-264
-299
-335
-359
-395
-440
-474
-514
-553
-604
-635
-676
-705
-727
-733
-732
-726
-708
-684
-642
-604
-560
-517
-474
-422
-377
-317
-248
-172
-80
11
120
224
336
440
538
610
663
685
681
643
574
475
347
199
42
-126
-276
-418
-537
-627
-689
-702
-686
-626
-535
-420
-287
-147
-4
136
262
370
450
506
534
540
524
490
446
393
332
267
211
152
108
68
30
-3
-31
-56
-79
-96
-112
-127
-135
-142
-144
-137
-113
-74
-16
54
120
212
298
396
492
572
645
688
718
718
691
647
576
497
396
294
191
96
27
-31
-75
-99
-95
-76
-38
12
69
129
179
231
273
304
330
336
337
320
295
265
232
195
152
113
67
25
-20
-64
-105
-152
-196
-248
-299
-342
-383
-426
-465
-509
-546
-571
-589
-592
-598
-594
-600
-593
-571
-562
-525
-514
-483
-476
-464
-444
-426
-396
-400
-372
-354
-309
-254
-193
-103
-30
77
163
270
366
439
516
539
567
534
491
422
324
220
75
-51
-186
-298
-399
-477
-518
-550
-532
-500
-431
-347
-244
-135
-31
75
155
240
299
347
365
369
367
346
326
297
269
239
211
188
166
148
130
114
95
72
40
10
-19
-49
-80
-103
-121
-122
-110
-78
-32
21
90
156
239
316
386
455
504
540
549
557
541
513
471
411
355
287
235
181
137
103
74
57
43
53
61
81
98
111
129
140
161
170
179
179
176
167
153
146
121
103
79
56
33
3
-18
-43
-71
-98
-127
-160
-186
-223
-261
-290
-336
-363
-406
-434
-461
-497
-509
-542
-543
-559
-561
-560
-561
-541
-541
-517
-498
-463
-432
-400
-358
-330
-276
-239
-173
-117
-56
12
71
148
201
278
328
372
394
393
394
365
332
267
198
114
12
-77
-171
-241
-316
-369
-407
-419
-409
-379
-324
-262
-183
-99
-12
73
153
230
292
343
367
382
386
379
366
333
301
255
212
168
128
90
52
15
-18
-39
-61
-77
-87
-90
-83
-71
-46
-5
40
93
147
204
263
315
368
415
450
474
485
487
476
455
421
386
337
293
247
205
168
129
102
75
59
48
45
51
57
64
74
87
99
115
128
141
153
161
174
177
184
186
179
166
144
117
84
46
6
-45
-94
-145
-201
-247
-296
-327
-361
-386
-403
-416
-422
-425
-420
-416
-404
-401
-391
-386
-376
-371
-380
-377
-381
-378
-369
-363
-346
-333
-304
-285
-244
-210
-171
-123
-82
-35
0
36
65
100
120
133
139
129
128
106
94
70
45
22
-13
-35
-68
-84
-106
-114
-126
-133
-116
-107
-84
-68
-40
-13
13
47
73
106
132
153
169
185
194
196
202
200
193
184
173
159
151
139
125
110
97
88
80
78
86
96
102
119
136
154
176
192
217
239
258
279
299
312
327
334
331
325
311
298
272
247
219
190
159
129
108
86
76
73
70
75
82
103
115
135
149
159
168
167
170
160
152
128
104
76
45
17
-13
-40
-67
-87
-108
-123
-137
-152
-157
-164
-171
-178
-190
-206
-225
-247
-262
-288
-308
-337
-362
-381
-393
-398
-401
-409
-403
-387
-375
-356
-329
-299
-271
-249
-218
-199
-167
-145
-127
-104
-95
-79
-75
-61
-44
-34
-28
-20
-12
-1
18
30
44
49
57
63
59
61
51
42
25
4
-9
-26
-39
-52
-62
-61
-59
-53
-38
-21
10
39
66
103
134
163
189
213
226
233
224
222
215
206
184
163
144
126
117
101
97
94
90
88
97
109
123
136
147
164
180
198
216
232
247
247
251
248
242
232
218
205
186
165
145
126
115
105
96
90
94
96
107
119
129
140
151
160
160
163
156
149
138
121
95
72
47
20
-8
-33
-58
-84
-95
-109
-119
-122
-131
-138
-144
-155
-162
-178
-195
-213
-235
-250
-267
-279
-290
-299
-305
-311
-308
-306
-305
-303
-296
-289
-285
-281
-278
-269
-260
-251
-236
-226
-206
-189
-165
-140
-121
-101
-86
-67
-54
-46
-30
-13
-10
-4
-2
3
9
3
7
3
2
4
2
6
5
5
7
5
5
8
12
11
9
10
21
29
41
59
75
98
121
145
168
193
213
229
243
252
261
259
259
252
244
236
219
209
205
197
192
187
185
182
184
191
198
201
201
199
199
196
197
192
183
175
169
158
152
149
139
133
129
122
118
116
111
109
107
101
90
81
73
66
53
41
32
19
8
-6
-25
-42
-67
-95
-124
-146
-166
-191
-209
-226
-247
-262
-276
-276
-278
-283
-282
-284
-283
-284
-276
-273
-265
-264
-260
-254
-253
-246
-243
-237
-237
-238
-239
-236
-226
-222
-208
-197
-188
-174
-161
-140
-122
-101
-90
-76
-66
-65
-57
-55
-50
-52
-55
-56
-58
-58
-58
-51
-46
-37
-23
-8
15
33
53
80
101
117
134
148
157
166
161
156
152
144
136
127
127
123
122
126
127
137
146
157
169
182
198
211
224
237
244
253
261
261
256
256
253
250
244
231
224
215
209
200
191
187
185
179
169
165
159
149
140
129
115
104
93
83
74
67
59
56
56
52
43
42
47
49
47
43
37
26
13
1
-18
-40
-64
-88
-112
-139
-167
-193
-214
-229
-243
-253
-259
-259
-261
-256
-247
-244
-238
-234
-227
-217
-210
-196
-199
-194
-189
-187
-185
-185
-178
-177
-172
-166
-155
-152
-141
-134
-124
-115
-111
-93
-93
-80
-72
-69
-68
-71
-70
-70
-73
-77
-77
-83
-81
-79
-78
-72
-68
-60
-52
-40
-21
-7
14
32
52
72
96
116
137
157
177
195
205
216
223
227
228
224
219
213
206
195
184
170
161
154
148
142
141
145
143
152
161
168
186
198
211
221
232
240
244
249
244
237
225
215
196
183
166
143
127
110
93
80
69
58
52
46
44
40
44
42
45
45
44
45
42
42
39
33
25
19
5
-3
-14
-28
-42
-63
-84
-106
-125
-147
-164
-177
-187
-199
-209
-206
-205
-207
-210
-204
-201
-195
-183
-182
-179
-173
-176
-167
-164
-160
-155
-157
-149
-145
-138
-136
-129
-122
-116
-112
-106
-97
-91
-86
-82
-81
-77
-75
-78
-80
-82
-86
-90
-91
-92
-96
-91
-89
-89
-84
-79
-69
-58
-51
-39
-26
-14
-4
6
23
37
54
67
84
97
107
120
130
143
152
160
162
167
169
167
169
165
163
154
149
147
144
139
136
134
133
133
132
140
146
155
163
169
179
185
192
198
202
203
199
192
186
178
169
161
148
136
121
111
101
94
87
75
76
72
68
65
58
57
56
54
50
44
39
36
28
15
3
-6
-15
-27
-40
-50
-62
-72
-81
-86
-96
-104
-111
-120
-127
-133
-139
-148
-151
-153
-156
-155
-158
-155
-154
-156
-158
-158
-154
-152
-147
-145
-139
-132
-126
-119
-112
-102
-99
-99
-92
-84
-81
-81
-79
-80
-76
-81
-79
-77
-80
-78
-78
-78
-73
-74
-69
-61
-59
-56
-50
-44
-36
-37
-32
-28
-29
-22
-20
-15
-9
1
7
19
29
43
54
65
78
90
104
117
123
133
137
141
142
141
139
135
131
128
124
119
115
112
109
110
111
113
116
125
132
139
143
149
156
159
164
165
168
163
159
152
146
140
133
121
115
109
101
94
94
89
83
90
85
84
84
83
77
76
74
63
55
44
37
28
13
3
-6
-15
-20
-33
-42
-41
-44
-46
-51
-52
-55
-56
-60
-63
-70
-76
-82
-91
-96
-106
-111
-115
-121
-116
-112
-111
-110
-107
-101
-99
-91
-88
-83
-81
-77
-81
-84
-85
-89
-91
-99
-107
-106
-114
-111
-111
-107
-98
-94
-86
-78
-70
-68
-59
-43
-15
16
65
96
125
159
167
174
166
157
139
96
56
9
-39
-72
-106
-128
-148
-160
-146
-128
-103
-63
-31
6
38
64
88
110
125
128
117
103
89
77
61
42
26
20
13
15
22
31
46
57
71
82
94
112
118
120
116
110
104
95
83
70
54
39
36
27
23
21
26
35
47
61
77
89
107
121
127
138
141
143
136
125
112
95
79
58
38
18
3
-12
-22
-31
-35
-33
-27
-20
-15
-1
8
19
25
31
36
36
36
31
21
11
2
-5
-13
-24
-27
-40
-51
-56
-61
-61
-62
-62
-62
-60
-59
-55
-49
-48
-49
-46
-49
-48
-52
-55
-59
-64
-65
-67
-67
-71
-69
-69
-66
-59
-61
-52
-48
-47
-43
-40
-36
-31
-35
-32
-33
-35
-37
-43
-47
-53
-51
-54
-50
-49
-48
-45
-41
-37
-31
-35
-31
-23
-21
-20
-17
-10
-10
-5
0
4
6
6
11
15
16
16
17
22
24
22
25
24
24
30
31
33
32
32
32
28
30
32
28
32
32
33
35
35
39
43
48
54
60
59
66
67
69
66
65
64
62
62
61
58
59
56
51
51
44
42
40
41
39
33
34
31
28
23
22
18
12
13
10
11
11
7
6
5
3
5
4
3
1
2
0
-4
-7
-12
-13
-17
-22
-29
-30
-34
-41
-37
-37
-45
-44
-45
-45
-43
-38
-43
-47
-34
-33
-31
-28
-26
-25
-23
-21
-21
-22
-28
-29
-31
-33
-36
-38
-38
-35
-33
-29
-28
-33
-32
-37
-39
-40
-43
-46
-46
-50
-55
-53
-55
-52
-52
-50
-46
-43
-41
-42
-40
-33
-32
-27
-22
-18
-14
-10
-11
-13
-17
-19
-24
-29
-34
-34
-36
-40
-44
-43
-38
-40
-40
-35
-31
-30
-24
-23
-17
-13
-13
-6
-5
-3
0
3
5
5
8
8
12
18
18
19
20
16
18
17
15
13
14
17
18
15
10
11
9
9
8
8
8
8
12
13
17
21
24
25
26
28
30
32
34
33
34
34
35
35
32
30
28
24
23
21
20
20
22
21
25
28
30
30
30
35
33
31
30
28
24
18
15
12
6
9
11
6
11
15
15
20
22
19
20
15
16
18
14
14
15
14
7
2
-1
-4
-2
-4
-6
-5
-7
-3
-3
1
5
6
8
5
12
9
11
12
10
15
15
16
13
13
14
11
10
9
5
5
5
4
4
4
7
7
10
12
15
12
9
8
5
-1
-1
-1
-1
-2
-5
-1
1
3
8
9
11
17
17
19
21
24
27
27
29
27
24
28
29
30
28
26
25
28
24
21
20
19
23
24
23
23
23
23
25
24
24
32
30
31
35
32
36
40
40
43
48
50
48
47
49
44
41
35
33
26
21
21
18
12
10
14
12
10
9
12
14
16
17
15
12
13
15
16
14
15
18
19
22
22
26
27
28
27
27
26
24
20
16
16
12
8
10
6
4
8
7
9
10
10
11
14
14
14
14
12
11
13
7
6
13
15
14
17
20
21
23
21
19
19
18
12
10
7
2
-4
-10
-13
-14
-15
-15
-15
-13
-8
-9
-7
-3
-3
-1
-1
2
3
1
5
5
9
11
14
15
13
14
13
15
14
15
13
12
10
11
12
12
10
12
12
12
14
15
14
15
9
12
13
13
16
17
17
18
22
26
25
31
32
32
33
30
29
27
27
22
21
19
18
20
19
17
17
14
15
17
17
17
17
17
18
20
23
27
29
32
38
40
41
48
49
50
50
49
46
46
40
38
37
33
30
25
21
20
24
21
21
21
23
27
32
38
38
40
43
45
45
40
41
41
38
36
32
27
25
25
24
23
25
26
26
33
35
32
36
37
38
39
37
37
36
32
31
30
32
34
33
27
31
32
32
35
41
39
37
37
38
40
40
40
37
35
28
25
24
19
12
13
17
16
16
20
24
30
36
38
41
45
50
51
50
50
46
48
44
42
39
36
32
32
31
29
29
29
27
29
32
34
37
38
36
34
39
41
41
43
45
47
49
51
53
54
60
59
62
65
63
60
55
52
50
43
37
37
32
29
29
26
25
21
26
25
27
30
31
35
40
39
38
38
33
35
31
27
24
15
15
11
9
4
1
3
4
8
6
9
15
14
14
11
11
10
6
7
5
3
0
-3
-4
-3
-1
-3
0
0
-1
1
-3
-2
-4
-13
-12
-17
-24
-24
-29
-31
-36
-38
-40
-41
-40
-40
-39
-37
-32
-32
-28
-25
-23
-23
-28
-31
-30
-34
-39
-51
-53
-51
-52
-53
-55
-50
-48
-45
-43
-42
-42
-38
-34
-33
-31
-32
-34
-35
-35
-36
-33
-33
-40
-41
-42
-49
-51
-51
-56
-59
-60
-61
-64
-63
-62
-64
-64
-65
-67
-63
-64
-62
-62
-62
-63
-60
-64
-63
-68
-70
-70
-72
-74
-74
-79
-77
-76
-83
-80
-84
-83
-80
-82
-81
-81
-80
-77
-75
-78
-80
-80
-77
-79
-82
-81
-81
-84
-84
-82
-86
-85
-84
-84
-81
-79
-78
-79
-76
-80
-81
-84
-85
-87
-90
-93
-95
-94
-96
-95
-93
-94
-95
-91
-92
-93
-96
-93
-93
-94
-93
-94
-93
-91
-93
-96
-94
-95
-97
-99
-99
-103
-106
-107
-110
-110
-107
-107
-108
-105
-102
-100
-98
-94
-92
-88
-84
-84
-78
-78
-78
-79
-82
-83
-83
-90
-94
-94
-97
-95
-99
-99
-100
-98
-96
-95
-88
-85
-83
-75
-69
-71
-75
-75
-78
-79
-78
-82
-83
-83
-81
-85
-86
-83
-83
-84
-79
-78
-77
-74
-75
-76
-72
-74
-73
-71
-67
-65
-65
-61
-62
-59
-59
-59
-59
-58
-55
-49
-48
-44
-42
-43
-44
-45
-47
-48
-49
-55
-55
-56
-57
-59
-59
-58
-59
-60
-60
-58
-52
-50
-49
-49
-46
-46
-48
-47
-48
-50
-48
-49
-50
-49
-55
-53
-51
-55
-51
-53
-55
-51
-54
-56
-53
-55
-57
-56
-52
-55
-51
-51
-50
-45
-48
-43
-41
-41
-40
-36
-33
-36
-38
-38
-37
-38
-39
-39
-37
-37
-38
-35
-39
-31
-33
-31
-30
-30
-28
-28
-26
-25
-22
-25
-24
-23
-27
-26
-25
-24
-21
-23
-20
-19
-20
-20
-14
-11
-9
-7
-6
-2
-1
5
4
4
9
11
12
14
13
16
19
18
18
21
25
24
26
28
27
26
23
32
35
36
40
38
39
42
45
47
47
45
46
46
47
49
47
45
42
41
43
43
42
38
35
35
32
33
29
28
31
30
32
32
30
35
34
32
31
31
33
28
30
35
34
34
34
34
35
35
34
34
31
35
35
31
33
34
28
28
29
28
27
23
25
23
18
21
21
17
16
19
20
20
22
22
22
23
22
23
24
23
20
21
22
19
18
14
11
7
4
4
4
6
5
4
5
7
6
12
13
15
17
18
19
19
27
28
25
26
25
23
29
31
31
33
33
38
