-12
-9
-10
-12
-12
-11
-12
-13
-11
-12
-15
-15
-14
-15
-13
-7
-8
-9
-9
-9
-10
-7
-11
-9
-11
-9
-9
-6
-4
-7
-8
-7
-8
-7
-5
-3
-2
-2
-1
-3
-1
0
1
0
0
1
2
-1
-3
2
1
3
2
0
-1
0
0
-1
2
2
0
-2
-1
1
-2
-3
-1
-4
-4
-3
-1
-4
-2
-2
-1
0
-2
1
-2
-1
-3
0
3
3
2
2
4
2
5
6
4
2
5
4
6
9
7
11
11
12
12
13
14
15
18
20
19
19
15
17
17
15
17
15
14
16
14
12
12
13
11
11
12
13
11
13
13
10
9
13
11
11
14
13
11
13
11
9
6
7
11
7
9
11
10
9
11
11
11
6
7
10
6
3
4
5
4
7
4
4
2
0
-1
-3
3
3
2
2
-1
1
2
2
3
1
3
0
-1
1
-2
2
1
-1
2
3
1
1
1
1
0
3
0
2
3
0
1
0
1
-2
-4
-4
-3
-4
-4
-3
-3
-3
-4
-4
-3
-5
-6
-6
-5
-4
-2
-4
-4
-3
-8
-5
-8
-2
-5
-5
-3
-4
-4
-7
-6
-4
-1
-2
-3
-5
-5
-5
-4
-3
-4
-8
-4
-6
-5
-2
-5
-3
-7
-8
-6
-5
-5
-4
-6
-7
-9
-8
-9
-9
-6
-7
-9
-11
-8
-8
-13
-18
-16
-14
-17
-14
-14
-12
-9
-10
-12
-7
-10
-10
-7
-8
-9
-8
-7
-6
-7
-7
-8
-8
-4
-6
-9
-11
-11
-10
-13
-12
-12
-13
-11
-12
-11
-14
-15
-15
-16
-16
-18
-17
-14
-10
-13
-15
-11
-12
-11
-11
-15
-15
-15
-12
-14
-12
-10
-9
-8
-11
-12
-15
-12
-11
-10
-9
-12
-9
-8
-10
-9
-11
-9
-5
-8
-8
-7
-8
-9
-5
-5
-5
-6
-4
-3
-3
-2
-3
-7
-4
-4
-4
-1
-3
-1
-4
-4
-3
-2
-3
-5
-4
0
1
0
0
0
2
4
5
7
3
3
7
5
5
2
3
8
5
8
5
7
6
7
7
9
8
5
6
5
6
4
5
3
9
7
4
4
8
7
4
7
8
8
6
7
5
6
9
9
11
10
12
13
9
13
13
13
16
17
15
13
15
17
14
13
11
12
12
12
7
7
11
12
12
10
12
7
8
6
10
8
11
11
14
14
13
19
14
15
16
17
15
15
14
17
18
20
20
18
18
16
16
18
15
11
12
13
14
14
14
14
10
10
9
6
7
10
12
12
8
8
11
11
5
7
8
7
3
5
8
4
6
7
6
5
3
5
6
5
4
5
1
1
-1
-3
1
-1
1
0
-2
-1
2
1
-3
-3
-1
-1
-1
-2
-4
-4
-4
-5
-3
-6
-6
-6
-7
-6
-5
-7
-10
-8
-8
-7
-9
-9
-8
-7
-9
-10
-11
-9
-10
-9
-13
-10
-11
-12
-7
-10
-11
-13
-12
-11
-12
-8
-10
-12
-10
-9
-11
-15
-15
-16
-14
-16
-14
-16
-18
-16
-16
-16
-17
-16
-20
-25
-24
-24
-23
-21
-25
-20
-21
-23
-21
-17
-19
-16
-14
-13
-12
-16
-12
-11
-8
-12
-13
-10
-13
-13
-11
-12
-13
-12
-14
-13
-15
-13
-16
-15
-17
-19
-16
-18
-16
-19
-19
-16
-15
-13
-12
-15
-14
-10
-12
-14
-15
-12
-13
-10
-10
-11
-13
-14
-11
-10
-13
-13
-12
-14
-15
-13
-12
-12
-8
-10
-9
-7
-6
-7
-5
-7
-9
-7
-7
-7
-8
-6
-6
-3
-3
-5
-5
-5
-3
-4
-5
-1
-2
-3
-2
2
2
-1
1
-1
-1
-2
0
1
0
0
1
-1
-2
-3
1
2
0
0
2
2
0
0
1
1
0
-2
-2
3
0
-1
-2
-4
-5
-6
-7
-7
-7
-7
-4
-7
-7
-9
-9
-8
-11
-9
-9
-7
-5
-9
-8
-8
-10
-8
-3
-2
-3
0
2
0
2
1
2
8
4
3
7
4
3
4
2
-2
0
1
-3
0
-2
-3
-4
-6
-2
-1
-3
-2
-2
-2
-1
0
-2
0
-1
3
2
4
2
0
3
4
7
8
7
6
7
8
5
3
5
2
6
7
3
4
2
2
1
1
0
0
2
-3
-2
-3
-3
-1
-3
-3
-3
-4
-5
-4
-4
-3
-4
-2
-3
-1
-5
-7
-3
-3
-3
-2
-3
-4
-4
-8
-4
-5
-6
-7
-10
-11
-9
-7
-5
-10
-8
-9
-8
-10
-8
-9
-11
-8
-8
-8
-7
-7
-7
-9
-11
-8
-7
-9
-9
-10
-8
-14
-13
-13
-11
-12
-14
-14
-15
-13
-14
-14
-11
-11
-11
-10
-13
-13
-11
-9
-12
-15
-11
-12
-14
-11
-13
-10
-13
-12
-13
-14
-14
-14
-13
-12
-13
-14
-15
-14
-15
-18
-18
-20
-19
-16
-19
-25
-21
-23
-24
-25
-26
-23
-25
-19
-24
-21
-21
-21
-18
-18
-15
-19
-16
-19
-18
-16
-19
-17
-17
-18
-16
-17
-21
-20
-18
-22
-18
-17
-17
-13
-17
-16
-16
-19
-20
-17
-19
-20
-16
-15
-12
-15
-14
-11
-11
-10
-10
-10
-9
-6
-8
-10
-8
-9
-10
-9
-11
-10
-9
-11
-12
-14
-10
-10
-11
-8
-4
-5
-4
-3
-5
-9
-7
-5
-9
-8
-5
-8
-7
-3
-8
-7
-5
-7
-5
-6
-3
-3
1
-3
-1
0
-2
1
-1
-4
-1
-2
-4
-1
-2
0
0
-4
1
0
-5
-3
-5
0
0
2
-1
0
0
0
2
-1
0
0
-1
0
-3
-1
4
1
-1
1
0
-6
-3
-2
-3
-2
-5
-4
-4
-2
-3
-2
-4
-4
-4
-4
-2
1
1
0
3
2
1
1
3
5
2
10
9
9
10
8
6
4
5
3
4
4
7
5
2
2
0
2
4
1
-1
1
6
6
7
6
4
3
6
6
6
7
8
6
8
7
7
8
7
7
10
10
10
9
6
7
4
5
3
4
3
2
4
3
6
2
-2
0
-2
-3
1
2
-1
-1
-2
2
2
1
1
2
3
0
1
2
0
-1
-2
-2
-5
-2
-2
-4
0
-4
0
-2
-3
-2
-4
-6
-6
-4
-3
-1
-2
-4
-3
-5
-2
-1
-4
-1
-2
-4
-2
-1
-5
-6
-6
-4
-4
-4
-1
-4
-3
-6
-5
-3
-4
-2
-4
-2
-1
-1
-3
-6
-3
-4
-6
-4
-4
-8
-6
-6
-5
-7
-5
-2
-6
-8
-5
-3
-6
-4
-4
-8
-7
-5
-6
-7
-5
-7
-7
-11
-10
-11
-12
-14
-13
-14
-16
-20
-18
-18
-20
-15
-16
-15
-15
-19
-14
-13
-10
-10
-9
-6
-5
-6
-9
-5
-4
-5
-6
-5
-7
-7
-6
-5
-7
-9
-5
-5
-5
-5
-3
-6
-11
-11
-11
-13
-12
-11
-10
-8
-9
-8
-9
-11
-8
-9
-9
-10
-10
-11
-6
-6
-6
-5
-5
-4
-4
-3
-8
-8
-7
-5
-6
-4
-4
-3
-2
-4
-2
0
-3
-3
-3
-3
0
-3
-2
-2
-2
0
5
4
1
4
3
2
6
2
2
0
4
4
0
5
4
5
4
3
3
3
3
4
3
3
5
2
4
3
2
1
2
6
5
8
2
5
3
1
4
3
3
2
2
0
-1
2
1
2
4
2
2
5
1
1
1
-1
1
0
-1
0
-1
-3
-3
-3
0
1
1
3
1
5
4
1
3
6
5
7
6
11
12
9
11
10
7
6
9
9
7
6
6
5
3
2
5
3
3
2
-1
-2
1
0
1
1
1
1
4
6
5
5
3
6
5
6
6
4
6
9
8
6
9
7
5
3
4
4
4
4
3
3
1
1
-1
4
2
-3
-2
-3
-1
2
2
-1
-1
-1
2
1
0
0
-1
-4
-3
0
-3
-2
-3
-4
-4
-2
0
1
1
0
-3
-3
0
2
3
2
2
5
6
6
4
2
2
-1
-2
-1
0
0
-4
1
0
-1
-4
-7
-10
-7
-7
-7
-6
-6
-5
-11
-11
-11
-7
-6
-7
-5
-8
-8
-8
-9
-7
-8
-8
-10
-11
-10
-10
-7
-7
-7
-8
-10
-8
-10
-11
-12
-12
-8
-8
-9
-8
-8
-10
-11
-10
-12
-13
-11
-13
-15
-15
-14
-15
-15
-18
-17
-16
-18
-12
-14
-15
-14
-11
-9
-12
-7
-9
-8
-5
-9
-9
-8
-7
-7
-8
-4
-4
-8
-7
-6
-7
-10
-12
-8
-9
-10
-9
-9
-9
-7
-7
-6
-5
-9
-11
-10
-11
-7
-7
-6
-7
-8
-6
-8
-4
-5
-6
-7
-4
-1
-4
-3
-4
-2
-1
1
0
-4
-4
-4
-2
-4
-3
-4
-3
-1
-1
0
-2
0
-1
-3
-1
-3
-2
-3
0
-1
-1
-1
-1
-2
0
0
-2
-3
-5
-4
-2
-4
-3
-1
-1
-3
-2
-2
-4
-4
-1
0
-1
0
0
1
1
1
2
0
0
1
3
5
3
3
1
3
4
4
3
5
5
1
2
3
4
4
3
2
1
3
4
3
2
0
-2
2
1
-1
-1
-1
3
2
1
-1
3
5
3
6
7
5
7
9
11
10
12
13
14
13
13
10
8
11
12
8
10
8
4
8
5
1
2
3
5
4
2
0
1
0
-1
0
0
1
5
4
6
5
1
4
4
4
3
6
1
5
8
6
4
1
5
1
0
3
-1
-1
0
1
-1
-2
-5
-8
-1
-5
-9
-5
-7
-4
-6
-6
-6
-3
-3
-1
-1
-1
-1
-3
-3
-6
-1
-2
0
-1
-5
-3
0
-3
0
-2
-5
-3
-1
-1
-1
-2
-2
-1
1
-2
-3
0
-3
-2
0
-2
-1
-1
-2
-2
0
0
0
-1
-2
-2
-3
-3
0
2
-2
-4
-3
-5
-2
-6
-7
0
-4
-4
-5
-3
-3
-2
-3
-2
-5
-5
-3
-3
-2
-3
-5
-6
-4
-5
-2
-4
-7
-4
-5
-6
-7
-5
-7
-6
-4
-7
-10
-13
-12
-12
-12
-12
-16
-17
-22
-21
-17
-18
-18
-17
-14
-12
-14
-11
-10
-10
-9
-9
-7
-6
-7
-8
-6
-9
-5
-9
-11
-5
-6
-8
-6
-9
-7
-9
-10
-8
-12
-11
-9
-10
-9
-10
-12
-14
-13
-11
-10
-11
-9
-7
-8
-8
-8
-10
-9
-7
-9
-6
-4
-5
-4
-5
-6
-2
0
-3
-6
-6
-7
-9
-8
-7
-9
-6
-5
-4
-4
-5
-4
-5
-6
-6
-5
-7
-4
-7
-6
-3
-4
-4
-5
-4
-2
-1
1
-1
2
1
1
3
2
2
1
1
2
1
2
0
1
-1
-2
0
-2
-1
0
2
2
0
0
2
2
3
0
1
-1
-1
6
4
1
4
4
2
-1
0
1
-1
1
1
4
4
5
2
0
3
3
5
1
9
4
5
6
3
5
4
9
8
11
13
14
13
12
14
14
15
17
22
17
19
20
15
17
17
15
15
19
15
14
15
13
13
11
11
11
10
7
8
11
8
10
8
7
12
11
13
14
15
14
12
11
12
12
17
16
16
20
18
15
16
14
17
17
14
13
11
11
10
10
14
14
13
10
7
11
10
12
12
13
13
12
14
18
19
15
19
15
15
13
13
15
12
16
15
15
15
15
18
14
15
15
13
17
18
15
15
15
16
15
15
16
17
16
15
14
13
14
15
16
16
14
14
14
10
9
10
11
12
16
15
14
12
9
9
13
11
11
13
13
11
9
12
11
11
11
9
10
10
10
11
12
11
13
12
10
11
11
8
10
12
10
12
9
9
7
5
6
5
3
0
3
1
-1
-1
-3
-1
-8
-6
-2
-8
-6
-2
-1
-2
-1
-2
-2
0
2
4
2
3
3
2
4
4
3
3
4
2
0
5
3
1
-1
-3
0
0
-2
0
-2
0
0
-2
-3
-4
-4
-3
-2
-4
-1
0
-2
-4
0
1
0
3
0
0
0
0
3
4
3
5
2
-1
0
1
0
-4
-3
-4
-3
-3
-1
-3
-3
-3
-1
-2
-1
-1
-3
-5
-5
-4
-3
0
-2
1
1
-1
-1
-3
-2
-6
-2
-2
0
-2
-5
-2
-4
-2
-2
-4
-4
-6
-6
-3
-2
0
2
1
-1
1
3
-1
-1
2
1
-1
-1
3
1
-1
1
2
0
2
2
2
2
4
5
3
5
3
2
3
3
4
3
3
2
5
5
6
3
5
7
5
8
9
11
10
9
12
13
12
13
15
15
14
13
18
19
17
16
11
14
14
14
9
9
9
11
12
10
9
8
8
9
6
6
8
8
9
8
9
10
6
7
8
8
9
9
7
8
11
9
11
12
11
13
13
12
11
8
7
10
11
5
8
7
5
6
6
3
3
8
1
2
4
3
2
4
7
6
7
7
5
7
6
8
7
6
7
5
9
7
8
7
7
8
10
5
7
7
7
6
6
7
8
7
4
6
7
5
6
4
4
6
5
7
8
8
9
9
9
7
5
5
5
7
8
6
5
2
3
4
2
5
3
5
5
2
3
2
4
5
3
8
5
4
6
5
5
3
5
5
5
6
8
8
6
7
5
7
4
3
2
4
2
2
1
-1
1
-1
-1
-3
-3
-6
-5
-10
-13
-7
-8
-7
-9
-7
-5
-6
-6
-6
1
0
2
3
3
0
2
3
5
5
3
3
1
0
1
-1
-2
-1
-5
-2
-3
-3
-1
-1
-1
-1
-3
-6
-4
-6
-9
-3
-6
-2
-1
-3
-2
0
-2
-1
1
-1
0
1
3
2
2
-1
2
3
0
-1
-1
0
-4
-4
-3
-2
-2
-1
0
-2
-3
0
-1
-3
0
-2
-4
-5
-5
-3
-3
-6
-6
-1
-4
-4
-2
-4
-4
-5
-4
-2
-3
0
-1
0
-2
-5
-6
-4
-4
-4
-1
-2
-4
-2
-3
-5
-4
0
1
0
2
1
1
-1
1
1
2
3
3
3
4
5
4
4
5
3
8
4
5
5
6
1
4
5
4
7
6
5
5
6
8
10
7
8
9
10
13
11
9
12
13
14
12
12
14
17
15
16
14
12
12
13
15
12
12
11
7
7
9
6
6
6
5
6
4
4
3
3
2
-1
0
1
3
2
4
3
5
5
2
6
6
5
8
8
8
7
7
8
7
7
4
5
6
2
0
3
0
0
2
2
2
-4
-2
-1
-3
3
-2
1
1
0
4
3
4
2
4
5
2
3
3
3
3
3
5
3
4
6
6
4
5
5
2
4
4
3
5
3
2
2
2
5
6
0
2
0
0
3
4
1
1
3
0
-1
-1
-3
-1
-2
-1
-2
-1
-3
-2
-5
-5
0
-8
-3
-5
-6
-4
-9
-5
-3
-6
-7
-10
-8
-8
-10
-7
-7
-6
-8
-5
-9
-4
-5
-5
-4
-8
-8
-5
-9
-6
-8
-11
-11
-10
-11
-10
-12
-13
-12
-16
-15
-16
-18
-19
-15
-17
-16
-14
-15
-11
-8
-13
-11
-9
-10
-5
-4
-4
-3
-2
1
1
-2
-1
-3
-4
-6
-3
-4
-6
-7
-5
-3
-1
-2
-1
0
-1
-5
-5
-7
-9
-8
-6
-3
-4
-4
-2
-5
-9
-3
1
0
-2
-1
0
-3
-2
-1
-2
-1
1
0
0
-4
-2
-2
-5
-1
-2
-2
-2
-2
-2
0
-1
-2
3
2
1
0
2
0
0
1
-3
-1
-1
-1
0
2
-1
-1
1
-1
0
-1
-2
1
0
-2
-2
-4
-1
-3
-5
-5
-4
-2
-2
0
0
-1
1
-1
-1
-1
3
1
-1
2
4
3
1
2
2
3
4
3
7
5
5
4
4
2
1
2
3
6
2
4
4
6
4
5
5
6
5
6
2
5
3
6
7
7
7
4
7
8
9
12
9
15
16
11
16
9
12
13
11
10
7
10
8
13
7
6
8
4
4
5
3
4
3
2
6
6
5
6
8
7
9
7
8
6
6
7
7
8
11
13
12
14
11
11
12
12
10
11
11
6
9
8
9
6
5
4
5
3
1
3
5
4
5
5
3
3
6
7
9
5
9
10
5
5
6
9
9
10
11
12
10
8
10
12
11
9
7
7
11
11
8
9
11
8
6
4
6
4
4
1
6
9
7
7
6
6
6
4
3
6
4
5
4
2
7
2
4
1
3
2
1
3
3
4
2
5
1
2
3
5
2
3
0
1
5
1
3
1
2
3
3
2
1
3
3
4
4
2
3
4
2
4
1
0
1
1
-1
-1
0
-3
1
-4
-8
-6
-6
-3
-5
-3
-2
-1
0
0
3
4
4
8
8
7
7
10
10
9
10
10
7
8
7
4
4
4
6
4
2
3
2
2
6
5
0
-2
0
2
-2
-4
-3
1
2
-2
1
1
3
1
0
-1
-1
1
0
0
-2
0
0
-2
-2
0
-3
-1
-2
-4
0
-1
3
4
5
2
3
3
4
3
2
2
2
6
2
6
5
7
5
3
8
5
8
5
6
7
6
10
7
8
10
8
7
6
9
7
5
5
7
10
6
8
12
12
11
11
8
11
11
10
11
10
13
10
13
15
13
10
10
10
9
9
8
10
10
12
11
7
7
7
8
7
10
13
11
14
13
11
9
13
13
13
13
11
14
15
16
17
17
18
17
20
20
24
29
23
23
24
21
25
26
22
24
24
20
20
20
15
19
20
19
20
19
20
23
24
22
24
22
23
22
21
26
27
25
26
25
24
23
26
26
25
25
26
26
24
26
21
24
25
21
20
21
20
20
20
19
20
15
12
16
14
16
14
13
15
15
15
15
16
16
18
15
11
12
10
11
11
13
11
10
12
14
14
13
13
14
15
15
13
11
13
12
12
12
11
9
8
9
7
9
12
8
10
8
12
10
10
12
6
6
9
8
9
8
8
9
5
7
5
6
5
8
9
6
4
1
4
2
3
4
5
3
5
2
4
4
2
5
4
4
1
3
3
0
1
2
2
1
-2
0
0
2
2
-2
-2
-4
-1
-2
-1
-3
-2
-2
-7
-6
-7
-5
-6
-6
-5
-2
-2
-5
-2
-3
-1
1
3
3
3
6
3
6
6
5
8
8
9
6
4
5
7
3
4
4
6
10
3
3
4
4
0
0
4
8
5
-1
5
4
3
7
8
11
9
8
9
7
8
9
10
9
12
13
12
8
8
9
7
8
11
9
10
9
11
15
12
14
10
9
7
8
9
9
10
9
10
9
12
12
14
12
10
12
11
11
13
13
14
15
13
14
13
12
11
14
15
12
11
13
15
13
13
13
12
12
11
12
15
17
17
16
15
16
14
15
15
12
16
16
14
16
15
13
15
17
18
16
17
17
12
17
18
16
17
18
21
22
21
19
18
19
20
21
23
25
26
23
22
25
26
27
26
26
27
28
31
31
27
26
28
27
25
22
22
24
22
21
19
20
20
20
19
18
17
19
21
22
21
19
20
25
24
21
23
25
24
26
27
25
23
25
25
26
28
25
25
27
29
24
24
21
23
22
20
20
22
23
19
19
18
18
18
19
19
19
18
16
20
20
21
21
20
23
20
18
17
17
18
16
17
16
16
18
15
15
19
16
14
16
18
17
15
18
17
16
18
17
16
15
18
18
17
17
19
18
16
17
17
13
13
14
14
14
15
14
14
13
11
11
11
8
9
12
12
13
11
9
11
9
10
11
7
6
6
6
5
9
9
9
10
9
7
8
4
5
6
3
9
5
6
5
6
4
2
2
1
0
-2
-3
-2
-1
-1
1
-5
-3
-4
-9
-8
-7
-5
-5
-1
-3
-4
-4
-5
-3
-2
-2
-1
0
3
1
4
2
-2
-2
-3
2
-1
0
-2
1
2
0
-1
-2
1
3
3
2
2
1
2
1
1
2
3
2
-1
4
4
1
2
1
1
0
3
3
0
2
6
4
3
1
3
5
1
0
3
3
1
2
2
3
3
2
4
-2
-1
0
-4
0
0
-2
-1
-2
1
2
3
1
1
1
1
2
5
4
7
8
8
6
5
6
5
4
6
8
4
4
6
10
9
8
8
9
11
5
8
7
9
9
11
12
12
10
11
11
11
10
11
13
9
12
11
13
13
12
12
11
13
13
12
10
10
12
13
10
10
13
11
13
15
15
15
18
19
18
17
17
17
17
18
22
23
23
20
23
23
21
23
24
21
16
22
18
17
17
15
16
13
17
18
16
15
15
18
15
17
17
18
16
20
21
22
22
24
23
19
24
22
24
25
27
25
23
22
19
21
18
17
17
17
18
17
18
20
20
17
14
18
15
15
19
22
21
21
19
19
19
20
19
19
20
20
16
15
17
14
19
19
18
17
18
22
21
22
19
16
17
18
15
16
17
19
17
14
13
10
15
15
12
13
14
15
14
14
16
14
14
14
11
14
13
12
14
11
9
11
9
9
9
8
10
10
9
9
7
6
6
6
8
7
6
5
5
6
5
8
7
7
8
5
5
3
6
6
4
4
3
7
6
5
2
1
-1
-3
1
-1
-1
-2
-3
-5
-8
-12
-9
-10
-14
-10
-9
-7
-8
-11
-9
-6
-5
-2
0
1
-1
-2
-1
0
-3
-1
-1
2
-1
-2
-1
-2
-1
-4
-1
-2
-4
-3
-2
-5
-3
-2
-4
-4
-7
-5
-5
-9
-8
-7
-7
-8
-7
-2
-4
-7
-6
-6
-2
-4
-4
-2
-4
-2
-2
-2
-4
-4
0
-2
-3
-3
-2
-2
-1
0
-2
-4
-3
-2
0
-4
-4
-3
-4
-2
-6
-1
-5
-4
-5
0
3
-1
-3
-4
-3
-2
-1
-2
-1
1
1
2
1
2
-1
-1
1
-1
3
5
4
4
3
5
5
4
2
6
5
5
5
6
7
8
7
4
5
7
7
7
5
6
7
7
8
8
10
8
8
7
5
11
11
14
10
11
11
10
13
9
9
12
12
14
15
15
15
14
15
16
18
19
16
21
20
18
21
17
20
19
19
14
16
19
16
15
12
10
9
9
12
9
10
9
7
6
5
11
8
9
10
12
8
7
8
9
11
8
13
12
10
12
12
11
14
19
39
60
83
105
106
103
101
100
88
70
47
21
-5
-21
-24
-24
-22
-14
1
14
32
51
66
75
76
77
68
61
52
44
35
28
22
17
17
18
26
29
32
36
38
40
40
40
38
37
32
28
21
18
16
15
16
14
16
20
27
30
29
34
37
34
31
30
24
22
19
16
10
4
4
2
0
0
2
-1
4
9
5
6
8
8
8
4
3
1
-1
-2
-4
-4
-5
-5
-2
0
-2
0
3
3
5
1
1
-1
-2
0
-2
-4
-8
-8
-11
-8
-9
-11
-8
-7
-5
-8
-8
-10
-8
-12
-11
-10
-13
-11
-11
-6
-7
-5
-3
-2
1
1
1
-3
-5
-5
-6
-7
-11
-11
-13
-13
-13
-13
-11
-14
-14
-12
-14
-13
-13
-12
-14
-17
-17
-21
-18
-14
-18
-17
-15
-14
-15
-15
-11
-12
-13
-13
-14
-13
-13
-13
-12
-15
-15
-16
-15
-15
-17
-15
-14
-17
-17
-18
-19
-16
-17
-17
-15
-16
-16
-16
-16
-18
-20
-19
-21
-16
-17
-15
-16
-17
-16
-18
-16
-17
-14
-16
-14
-18
-16
-16
-17
-13
-12
-13
-13
-12
-13
-9
-10
-11
-10
-12
-12
-12
-12
-14
-13
-17
-13
-14
-16
-13
-19
-19
-17
-18
-16
-19
-18
-15
-16
-20
-18
-15
-17
-13
-15
-15
-16
-17
-18
-16
-18
-19
-19
-20
-16
-18
-20
-18
-13
-18
-18
-16
-14
-12
-15
-11
-13
-13
-12
-13
-11
-13
-10
-5
-6
-5
-6
-10
-10
-9
-12
-14
-11
-13
-13
-10
-14
-15
-15
-14
-15
-16
-16
-18
-20
-20
-19
-16
-16
-17
-17
-14
-13
-16
-16
-15
-15
-14
-13
-11
-10
-10
-11
-12
-10
-10
-8
-9
-11
-13
-11
-8
-13
-12
-13
-9
-12
-17
-13
-16
-19
-16
-8
-9
-10
-12
-13
-9
-10
-11
-8
-8
-9
-12
-15
-13
-11
-11
-10
-7
-9
-11
-10
-13
-11
-8
-10
-11
-11
-13
-10
-12
-12
-12
-8
-8
-10
-11
-14
-12
-11
-13
-9
-10
-13
-10
-12
-14
-15
-14
-15
-17
-17
-12
-11
-13
-15
-14
-15
-17
-16
-17
-15
-15
-16
-17
-16
-15
-15
-13
-10
-13
-14
-15
-11
-13
-14
-13
-15
-15
-18
-13
-12
-13
-15
-12
-13
-14
-13
-12
-15
-14
-11
-18
-17
-14
-12
-12
-11
-14
-17
-11
-16
-18
-14
-16
-17
-15
-14
-15
-14
-13
-10
-9
-6
-5
-5
-4
-6
-5
-2
-2
-1
-3
-5
-5
-6
-7
-7
-8
-7
-11
-8
-6
-7
-7
-8
-5
-6
-9
-9
-11
-11
-10
-8
-7
-8
-10
-10
-10
-11
-6
-9
-9
-9
-10
-9
-5
-4
-5
-6
-5
-4
-6
-4
-8
-8
-7
-9
-10
-10
-6
-9
-8
-6
-3
0
1
-1
-2
-3
-4
-4
-7
-5
-6
-5
-4
-4
0
0
-1
-1
-2
0
-1
-1
0
1
3
4
3
-2
2
3
-1
0
-1
-1
-1
4
2
2
3
0
0
3
4
5
3
4
6
5
5
5
4
4
3
5
1
3
3
4
6
5
6
5
3
3
4
-2
1
3
2
1
-1
-1
-2
-2
3
1
1
5
5
4
5
8
5
7
6
7
7
10
14
10
12
10
7
9
6
9
7
7
5
4
8
3
1
0
2
2
2
3
5
3
2
3
4
5
5
6
6
2
4
4
6
8
10
9
9
10
11
11
9
12
10
13
13
8
12
9
8
10
11
11
12
9
11
5
5
11
9
9
9
7
6
8
8
8
10
10
11
11
9
5
7
10
6
8
6
9
9
8
7
9
7
9
6
7
5
5
8
4
7
5
9
5
4
8
7
4
4
4
4
5
4
3
-1
-3
0
0
-3
-1
0
-2
1
0
1
0
-2
1
-2
-1
2
1
-1
1
-3
-2
3
2
3
1
0
3
3
2
3
3
3
-1
3
0
2
5
2
1
0
0
4
3
-1
1
1
0
0
-1
0
0
-2
-1
-1
-3
-9
-5
-4
-3
-1
-2
-1
2
3
-1
8
6
7
2
7
8
7
9
7
10
9
11
9
8
8
3
3
6
5
2
5
3
7
7
2
4
2
1
1
3
3
2
2
7
4
5
5
4
5
5
5
7
5
9
8
9
7
4
9
8
11
8
9
9
4
6
10
12
10
10
13
14
11
10
15
13
13
14
14
14
13
13
11
14
14
15
13
16
16
16
17
19
21
22
20
21
21
22
22
21
21
19
20
20
21
23
25
26
23
22
22
22
23
22
26
25
24
24
24
21
23
25
21
22
22
22
21
23
21
19
18
20
20
14
18
15
17
15
16
13
15
15
13
15
13
14
12
12
14
13
15
16
17
19
16
17
18
17
17
20
25
20
18
18
19
21
17
17
14
12
13
12
10
12
8
12
12
10
13
10
11
9
8
11
10
8
9
10
10
7
9
6
9
9
9
10
9
12
12
17
13
11
11
11
7
8
12
8
11
11
9
9
8
4
3
3
5
2
6
7
5
7
5
2
6
10
6
7
8
10
6
5
5
6
5
7
9
10
12
10
10
7
6
7
6
8
9
8
9
9
8
5
5
3
2
2
1
1
0
3
1
1
2
0
1
0
-2
0
-1
-1
2
-2
0
-1
0
-3
-1
1
-1
2
3
1
1
4
1
0
2
1
2
1
1
-1
2
2
0
1
-1
1
3
4
3
5
4
4
5
4
1
4
6
3
1
-2
1
0
0
-2
-2
-3
-6
-7
-14
-13
-12
-11
-8
-7
-5
-5
-4
-3
0
2
0
4
-2
-2
2
2
4
4
2
2
1
2
4
-1
1
0
2
-1
0
-1
-3
-1
-5
-5
-6
-5
-6
-5
-4
-5
-5
-3
1
1
1
4
4
-1
1
-3
-4
-1
2
1
-2
-4
-6
-5
-3
-4
-3
-2
-4
-6
-6
-4
-3
-6
-6
-5
-9
-6
-5
-5
-8
-9
-8
-8
-5
-4
-5
-4
-3
-1
2
-1
-1
0
-1
-1
-3
1
-1
1
2
2
-1
-2
-1
1
2
0
2
3
4
4
1
3
3
1
0
3
4
8
6
5
5
0
5
4
6
7
8
4
0
1
1
4
3
6
4
0
3
3
3
0
1
1
1
-1
-4
-1
-1
1
0
2
2
1
4
1
1
4
7
6
4
2
3
8
7
8
10
4
5
5
5
3
-2
3
2
5
3
0
-2
-2
-2
-1
-1
-6
-6
-3
-1
2
0
-2
0
0
0
-2
1
1
-1
2
3
2
1
6
7
9
7
5
4
6
7
8
9
7
3
3
3
1
0
-1
-4
-7
-5
-5
-4
-3
-4
-4
-3
-5
-1
-1
-2
-1
0
-1
-4
-9
-7
-8
-5
-2
-2
-2
-4
-3
-6
-2
-4
-8
-5
-4
-7
-6
-7
-8
-6
-6
-7
-7
-3
-8
-9
-8
-11
-10
-9
-8
-9
-10
-11
-13
-12
-13
-14
-13
-10
-11
-9
-10
-10
-13
-13
-10
-16
-12
-11
-14
-15
-13
-16
-13
-12
-14
-14
-13
-14
-12
-12
-11
-11
-13
-13
-14
-11
-11
-8
-8
-7
-12
-11
-13
-12
-12
-11
-12
-14
-17
-22
-19
-19
-15
-16
-17
-18
-26
-26
-27
-26
-26
-24
-21
-18
-18
-17
-14
-16
-14
-14
-10
-12
-15
-15
-14
-10
-8
-10
-9
-9
-13
-12
-10
-12
-11
-10
-12
-13
-13
-14
-14
-14
-16
-18
-18
-21
-19
-16
-20
-20
-24
-23
-20
-18
-14
-14
-14
-15
-17
-21
-17
-16
-14
-13
-15
-14
-18
-17
-16
-15
-15
-17
-17
-18
-18
-18
-20
-17
-15
-15
-16
-16
-14
-17
-15
-14
-14
-16
-16
-13
-14
-14
-11
-12
-13
-12
-12
-9
-8
-10
-6
-5
-8
-9
-6
-4
-9
-10
-11
-14
-14
-14
-13
-11
-14
-14
-10
-12
-13
-13
-9
-5
-3
-9
-10
-6
-11
-9
-6
-3
-2
-2
-3
-3
-2
-6
-5
-4
-5
-6
-10
-8
-9
-7
-5
-6
-3
-2
-6
-8
-7
-7
-5
-6
-6
-4
-3
2
-1
-2
-3
0
4
4
5
3
7
9
7
10
5
6
10
9
6
8
8
3
4
4
4
2
3
5
6
4
1
3
4
2
1
7
4
5
6
9
10
8
11
5
9
7
10
14
14
15
14
14
14
16
16
13
15
16
12
13
11
14
11
14
7
8
9
6
10
13
11
9
8
9
10
9
11
9
13
12
11
11
11
14
8
10
10
10
10
9
12
11
11
10
11
12
12
10
8
11
14
11
10
8
6
5
2
2
4
6
8
4
7
6
5
5
5
3
3
6
5
7
7
3
5
5
2
6
4
1
4
8
5
8
5
1
0
3
2
2
2
6
0
2
1
0
1
3
2
1
1
2
5
2
2
-2
-2
2
1
2
0
-4
-2
0
1
-1
0
-2
-6
-5
-10
-11
-8
-10
-9
-6
-9
-7
-5
-8
-7
-2
-2
0
-1
-4
-5
-1
-4
-3
-3
-3
-4
-7
-5
-5
-5
-6
-8
-9
-10
-7
-6
-7
-7
-9
-9
-9
-8
-9
-9
-9
-11
-11
-10
-7
-7
-7
-6
-7
-6
-7
-10
-9
-9
-5
-7
-7
-7
-8
-9
-10
-12
-10
-10
-11
-14
-13
-13
-13
-10
-10
-6
-6
-5
-4
-6
-10
-8
-8
-10
-12
-10
-10
-9
-9
-7
-10
-8
-5
-11
-7
-9
-7
-6
-2
-1
0
-1
-7
-6
-5
-4
-7
-6
-8
-7
-4
-5
-4
-3
-4
-3
-7
-7
-5
-5
-6
-8
-2
-2
-5
-4
-4
-2
-1
-3
-3
-5
-5
-1
-3
-5
-4
-5
-3
-3
-3
-5
-5
-6
-4
0
-2
-2
-2
-3
-3
-4
-2
3
1
0
-1
0
2
1
3
2
1
7
7
5
8
8
6
5
4
5
3
3
4
4
3
0
-2
-1
-4
-3
-3
-3
2
1
2
1
-1
-1
2
3
6
7
6
10
12
9
7
8
8
8
10
10
12
10
7
5
5
5
4
5
6
6
6
3
8
7
6
7
9
7
8
11
9
10
8
10
13
13
16
18
19
18
13
10
9
9
10
14
13
13
19
16
12
10
11
11
15
13
9
10
11
13
12
12
12
12
12
10
7
10
9
11
15
13
14
12
10
10
8
11
10
7
10
7
7
10
8
8
10
9
7
10
5
3
7
6
5
6
6
5
8
6
1
5
5
7
8
9
9
6
6
6
7
6
5
5
4
2
1
2
2
2
1
1
-3
-4
-4
-3
-4
-6
-8
-11
-7
-7
-6
-6
-8
-8
-5
-4
-9
-6
0
6
8
7
7
4
2
3
6
4
2
5
6
5
7
3
3
1
-2
-1
1
3
3
5
0
-2
-3
-5
-7
-3
-4
-3
-4
-4
2
-1
4
0
-2
-1
-1
-1
-5
1
1
-1
-3
-2
3
3
-1
1
-1
-3
-4
-4
0
-4
-1
2
3
2
2
5
5
5
6
4
0
1
0
2
3
2
4
5
4
3
0
0
3
4
5
7
7
9
10
6
7
5
4
4
3
4
4
6
6
8
6
6
6
6
6
10
12
13
12
9
8
7
7
10
9
8
10
4
8
6
6
8
8
7
6
6
8
6
7
7
6
4
2
4
3
2
5
6
5
7
6
8
9
11
12
10
9
11
11
15
17
17
18
16
15
14
13
15
15
14
14
11
11
12
8
9
10
8
8
10
9
8
8
7
10
12
12
13
10
14
12
12
13
14
16
16
17
15
19
18
17
16
15
13
18
20
21
20
17
13
13
16
17
17
16
12
14
12
11
15
14
16
16
11
13
11
16
17
16
17
12
17
14
16
14
11
14
13
15
16
15
16
21
17
14
12
14
15
15
16
17
15
13
15
16
13
14
14
13
10
15
13
9
12
12
12
8
10
9
12
12
14
12
9
9
6
8
7
13
14
10
10
8
7
9
12
13
10
10
10
7
7
8
9
7
5
6
6
4
7
7
4
8
6
5
3
3
0
3
2
3
1
1
-1
-2
-3
-5
-3
-4
-3
-5
-8
-6
-9
-10
-8
-8
-5
-5
-5
-7
-6
-7
-5
0
2
0
1
3
0
2
0
1
3
5
2
-3
-3
-5
-2
-1
-1
-2
-3
-3
-3
-5
-5
-6
-9
-9
-8
-7
-8
-7
-6
-4
-6
-7
-5
-4
-2
-6
-7
-8
-8
-9
-8
-8
-9
-8
-9
-9
-9
-5
-8
-13
-12
-11
-8
-6
-4
-1
-3
-4
-3
-4
-4
-2
-2
-1
-1
-5
-5
-6
-7
-1
-4
-4
-2
-2
-1
0
2
2
1
5
1
1
1
-3
1
1
1
-1
1
2
2
3
4
5
4
5
5
8
6
5
6
2
7
9
8
6
7
4
2
3
6
5
7
4
6
9
6
9
6
7
4
7
9
7
6
9
8
5
7
8
9
8
10
13
16
13
11
13
13
16
15
13
18
16
22
25
21
23
16
19
21
22
19
15
10
12
12
8
9
9
7
11
10
5
4
6
4
6
8
8
8
5
6
9
10
10
9
7
8
5
9
13
13
12
11
9
12
12
9
8
8
7
8
11
10
7
8
11
8
3
5
8
4
6
7
7
5
4
5
6
4
6
8
4
5
2
0
-1
-1
1
6
4
4
4
5
4
3
4
4
6
0
0
2
0
2
1
2
0
1
3
-2
-4
-2
-3
0
-3
-1
-3
-1
-1
-6
-5
-6
-3
-3
-3
-3
-2
0
-5
-8
-2
-3
-2
-1
-3
-5
-6
-7
-8
-1
-3
-5
-5
-7
-7
-6
-5
-3
1
0
-1
-1
-2
-2
-4
-5
-3
-3
-3
-6
-3
-4
-6
-7
-6
-6
-8
-7
-5
-9
-9
-10
-11
-17
-14
-15
-15
-12
-14
-14
-13
-11
-12
-9
-8
-8
-8
-6
-9
-12
-6
-10
-10
-11
-10
-9
-13
-11
-9
-9
-14
-16
-14
-12
-9
-12
-8
-12
-10
-9
-14
-13
-13
-13
-11
-13
-14
-10
-11
-12
-11
-11
-11
-9
-10
-9
-10
-13
-9
-9
-10
-9
-9
-7
-8
-11
-6
-11
-11
-13
-13
-13
-13
-10
-7
-4
-7
-6
-9
-8
-8
-10
-7
-7
-8
-10
-5
-9
-8
-9
-5
-6
-6
-5
-3
-1
-1
0
-1
1
-2
-1
-3
-3
-3
-1
-7
-7
-4
-5
-2
-3
0
0
0
4
0
0
3
2
0
1
2
5
5
10
10
7
7
4
5
7
7
6
9
8
7
8
8
7
5
6
7
7
7
6
8
8
8
7
5
6
5
6
11
8
11
9
8
13
13
13
11
14
13
17
15
14
15
14
11
11
12
11
11
13
10
10
10
6
7
9
9
9
8
9
4
5
9
8
10
13
12
9
11
12
14
14
14
13
15
16
17
15
16
16
18
18
11
10
15
13
12
15
9
8
8
11
7
7
10
9
12
9
11
10
13
13
11
9
10
13
12
13
10
10
11
8
11
12
9
9
11
11
7
12
11
11
8
10
9
8
11
8
9
4
5
7
6
7
2
4
7
6
5
7
6
7
4
1
2
-1
2
1
1
2
1
4
0
0
2
1
0
1
0
0
2
-1
-1
0
-3
-1
-1
-3
-1
-1
1
0
1
0
-2
-5
-5
-4
-2
2
0
0
-3
-2
0
-2
-1
-2
-3
-3
-3
-3
-2
-5
-3
-5
-7
-8
-8
-10
-12
-11
-11
-11
-8
-6
-7
-1
-2
-3
1
0
1
2
3
2
5
3
1
1
-1
-3
-2
-4
-2
-5
-3
-1
-1
0
0
1
2
0
-2
-1
-5
-6
-4
-6
-6
-6
-5
-6
-4
-5
-5
-3
-7
-4
-4
-2
0
4
2
2
1
1
0
0
0
-2
0
-3
-1
-2
-2
2
4
2
2
-1
0
2
4
4
3
0
1
2
-1
1
1
-2
-2
1
2
4
2
2
4
2
2
3
5
8
0
2
1
-3
2
1
2
-1
1
2
0
3
5
6
2
4
5
4
3
3
3
1
5
3
1
4
2
1
-1
0
1
2
3
3
1
1
-1
0
0
0
0
0
0
-1
0
-2
1
1
-1
1
3
2
3
6
3
2
5
3
0
3
7
13
7
3
2
3
6
4
2
-1
-2
1
2
-4
-4
-6
-5
-4
-2
-2
-4
-5
-4
-1
-3
-3
-1
0
1
0
0
1
0
3
2
5
5
5
7
7
9
8
11
8
7
3
6
8
9
10
7
7
5
6
5
3
7
5
-1
1
5
6
6
8
7
6
9
10
10
9
9
7
5
7
6
6
6
6
6
8
6
6
4
5
4
4
3
1
2
5
2
1
1
2
1
-1
1
-2
2
0
-4
-3
1
-1
-2
-1
-4
-3
-4
-2
-2
-1
-1
-1
1
3
-2
-1
-2
-4
0
-2
-1
-3
-4
-6
-3
-3
-5
-5
-3
-1
-4
-3
-3
-3
-3
-3
-2
-2
-2
-3
0
-4
-3
-4
-3
-2
-4
1
0
-5
-1
-5
-3
-5
-5
-2
-2
0
-5
-7
-4
-4
-7
-3
-2
-4
-4
-4
-3
-4
-4
-3
0
2
0
3
1
5
7
3
-2
-2
-2
-2
-3
0
-4
-3
-4
-3
1
-4
-4
-2
-1
-2
-1
-3
-5
-4
-2
-2
0
3
-1
-1
-1
0
-1
0
-1
-4
-1
0
-1
-2
0
1
1
1
-1
0
1
1
0
-3
-4
0
1
1
3
2
-1
3
6
5
4
6
6
5
7
11
13
13
14
14
18
22
23
29
39
125
244
386
498
595
756
873
976
1038
1077
1120
1018
925
828
729
602
368
220
76
-50
-144
-244
-252
-293
-319
-310
-278
-202
-181
-153
-111
-66
31
112
205
276
299
312
278
234
145
20
-137
-328
-507
-690
-823
-974
-1101
-1208
-1272
-1281
-1288
-1253
-1201
-1129
-1060
-1007
-903
-821
-731
-681
-587
-423
-249
-34
135
355
583
789
1011
1155
1317
1377
1357
1304
1181
1073
842
568
281
-19
-263
-530
-728
-875
-992
-1048
-1063
-978
-854
-715
-569
-423
-242
-71
87
226
345
464
558
662
769
887
1002
1089
1194
1325
1486
1630
1706
1746
1772
1764
1696
1565
1391
1168
853
512
181
-122
-429
-747
-1008
-1182
-1278
-1303
-1287
-1229
-1149
-1061
-956
-867
-775
-709
-705
-743
-832
-917
-986
-1105
-1194
-1296
-1330
-1330
-1324
-1245
-1161
-1036
-899
-783
-596
-432
-258
-93
54
225
384
522
642
736
825
902
929
949
930
882
810
672
536
375
194
-2
-235
-421
-591
-741
-856
-955
-978
-965
-917
-818
-685
-502
-318
-138
62
260
463
629
756
879
986
1068
1120
1151
1174
1181
1161
1132
1097
1069
1018
969
1015
1100
1229
1294
1344
1435
1428
1425
1329
1208
1048
720
454
131
-122
-369
-660
-806
-970
-997
-978
-934
-793
-719
-595
-499
-427
-372
-412
-502
-673
-886
-1091
-1317
-1553
-1792
-2027
-2184
-2299
-2364
-2364
-2337
-2264
-2187
-2054
-1844
-1619
-1350
-1110
-779
-353
104
589
983
1404
1803
2127
2389
2520
2627
2575
2353
2066
1700
1347
844
260
-276
-773
-1180
-1588
-1883
-2041
-2133
-2139
-2088
-1878
-1586
-1316
-1048
-777
-443
-120
153
401
635
874
1063
1240
1431
1626
1782
1858
1932
1997
2038
2008
1887
1744
1540
1318
1084
827
602
335
102
-100
-192
-159
-102
15
95
258
431
583
721
745
789
699
617
547
445
422
284
236
206
211
314
312
380
336
272
200
-25
-217
-567
-954
-1380
-1876
-2290
-2730
-3125
-3465
-3775
-3954
-4024
-4008
-3897
-3718
-3464
-3116
-2756
-2257
-1668
-1037
-321
330
1073
1772
2397
2991
3402
3766
3938
3940
3859
3563
3207
2654
1999
1309
528
-191
-942
-1622
-2184
-2679
-2991
-3213
-3283
-3219
-3068
-2806
-2505
-2115
-1697
-1269
-837
-421
12
420
830
1206
1569
1917
2215
2501
2717
2890
3002
3010
2954
2798
2583
2274
1878
1434
943
481
48
-339
-667
-935
-1087
-1103
-990
-773
-485
-167
175
507
810
1097
1272
1391
1404
1359
1326
1225
1154
1028
919
844
772
759
720
672
587
440
271
40
-231
-607
-1029
-1529
-2018
-2501
-3008
-3413
-3849
-4138
-4363
-4538
-4468
-4444
-4243
-4061
-3861
-3433
-3114
-2564
-2020
-1417
-573
111
997
1777
2533
3332
3835
4345
4609
4724
4736
4384
3992
3355
2610
1779
747
-163
-1108
-1965
-2714
-3367
-3733
-3990
-4062
-3982
-3749
-3344
-2926
-2437
-1937
-1392
-870
-410
51
470
916
1285
1631
1993
2320
2659
2901
3116
3295
3380
3399
3260
3058
2761
2340
1856
1284
745
212
-324
-778
-1173
-1402
-1522
-1532
-1341
-1040
-599
-157
290
783
1203
1562
1790
1928
2025
1988
1912
1774
1611
1433
1221
1021
847
723
628
509
379
208
49
-182
-474
-810
-1217
-1635
-2152
-2654
-3111
-3583
-3953
-4357
-4617
-4745
-4852
-4779
-4723
-4542
-4266
-4022
-3597
-3191
-2633
-1961
-1270
-374
464
1386
2280
3051
3854
4420
4893
5143
5162
5051
4626
4098
3342
2446
1467
345
-681
-1706
-2596
-3339
-3948
-4280
-4492
-4452
-4256
-3913
-3436
-2963
-2391
-1834
-1260
-716
-247
234
652
1076
1465
1838
2242
2589
2926
3199
3438
3636
3706
3691
3544
3289
2927
2418
1852
1200
545
-79
-659
-1119
-1505
-1735
-1798
-1666
-1358
-933
-420
101
628
1134
1590
1956
2186
2315
2312
2246
2110
1937
1751
1510
1301
1105
971
896
797
735
613
495
343
108
-134
-513
-932
-1421
-1982
-2465
-3013
-3495
-3986
-4418
-4697
-4935
-5047
-5083
-5097
-4958
-4824
-4535
-4201
-3873
-3457
-3015
-2416
-1663
-811
151
1067
1997
2922
3807
4592
5169
5553
5691
5608
5265
4752
4043
3112
2001
744
-445
-1577
-2619
-3502
-4261
-4713
-4972
-4975
-4735
-4357
-3809
-3267
-2674
-2024
-1385
-764
-269
173
601
998
1401
1771
2158
2535
2873
3196
3507
3792
3979
4023
3944
3744
3434
2985
2403
1711
960
215
-489
-1073
-1562
-1898
-2084
-2096
-1815
-1393
-795
-171
441
1111
1649
2181
2554
2771
2905
2784
2695
2508
2299
2102
1772
1551
1312
1140
1073
942
869
737
545
378
139
-167
-507
-1034
-1528
-2066
-2662
-3111
-3740
-4212
-4701
-5127
-5255
-5473
-5417
-5397
-5328
-5030
-4877
-4430
-4095
-3706
-3290
-2870
-2132
-1345
-392
503
1427
2420
3356
4294
4989
5610
5924
5986
5833
5378
4899
4022
2954
1691
338
-813
-2091
-3157
-4078
-4795
-5154
-5437
-5285
-4923
-4434
-3830
-3287
-2559
-1814
-1148
-555
-107
374
787
1147
1526
1889
2290
2617
2928
3291
3652
3965
4116
4146
4081
3903
3575
3070
2455
1720
929
107
-649
-1248
-1757
-2097
-2327
-2265
-1866
-1345
-665
-48
670
1403
1961
2504
2837
3106
3186
3020
2948
2731
2573
2306
1933
1741
1479
1361
1244
1060
1015
791
609
377
64
-169
-630
-1107
-1629
-2162
-2609
-3187
-3690
-4165
-4592
-4935
-5279
-5430
-5538
-5524
-5509
-5452
-5242
-5063
-4740
-4503
-4216
-3777
-3270
-2442
-1567
-581
533
1585
2792
3848
4813
5650
6180
6518
6502
6234
5804
5032
4037
2744
1348
12
-1376
-2649
-3787
-4667
-5228
-5637
-5703
-5462
-5005
-4440
-3890
-3210
-2458
-1759
-1178
-702
-239
194
552
884
1275
1706
2126
2515
2941
3445
3901
4242
4439
4526
4520
4311
3904
3331
2629
1819
876
-52
-847
-1519
-2044
-2472
-2599
-2389
-1993
-1403
-797
-41
736
1374
2009
2442
2850
3037
3001
2995
2827
2753
2539
2274
2131
1882
1835
1666
1529
1465
1238
1127
830
586
305
-149
-563
-1150
-1616
-2084
-2654
-3136
-3702
-4113
-4532
-4937
-5211
-5451
-5531
-5625
-5643
-5521
-5374
-5186
-5081
-4902
-4639
-4357
-4007
-3559
-2795
-1826
-832
240
1408
2704
3928
4888
5721
6393
6811
6874
6542
6090
5379
4327
2998
1492
133
-1267
-2672
-3886
-4834
-5346
-5727
-5867
-5628
-5151
-4493
-3926
-3282
-2512
-1801
-1221
-816
-387
68
421
714
1037
1499
1991
2424
2885
3427
3986
4410
4674
4835
4892
4761
4368
3795
3083
2255
1299
284
-610
-1363
-1952
-2411
-2673
-2517
-2120
-1526
-861
-144
728
1448
2099
2599
2970
3278
3276
3215
3078
2902
2742
2391
2151
1930
1774
1671
1473
1405
1298
1168
981
684
429
31
-434
-1007
-1585
-2113
-2737
-3351
-4016
-4599
-5102
-5617
-5960
-6235
-6347
-6351
-6421
-6247
-6085
-5819
-5534
-5367
-4985
-4636
-4062
-3232
-2309
-1090
16
1315
2677
3954
5211
6123
6937
7420
7573
7458
7007
6377
5310
3961
2434
844
-680
-2296
-3705
-4884
-5715
-6259
-6568
-6416
-6023
-5432
-4808
-4105
-3214
-2400
-1692
-1149
-641
-98
303
674
1057
1521
2028
2453
2952
3545
4138
4632
4945
5199
5338
5275
4978
4439
3773
2930
1911
818
-274
-1246
-2093
-2756
-3150
-3236
-2958
-2453
-1750
-942
-48
911
1745
2433
2974
3362
3622
3596
3512
3387
3210
3001
2663
2464
2319
2176
2045
1842
1763
1580
1301
1014
633
317
-191
-786
-1363
-1948
-2492
-3162
-3804
-4367
-4905
-5391
-5877
-6182
-6319
-6410
-6476
-6459
-6270
-6019
-5798
-5626
-5361
-5001
-4583
-4027
-3249
-2128
-968
234
1520
2893
4338
5481
6424
7172
7637
7845
7562
7099
6364
5257
3881
2174
599
-977
-2578
-4007
-5247
-5973
-6468
-6704
-6541
-6119
-5410
-4746
-4016
-3132
-2291
-1553
-1039
-547
-32
389
761
1104
1564
2061
2533
3049
3626
4234
4740
5095
5334
5453
5406
5089
4548
3833
2950
1928
793
-319
-1353
-2268
-2924
-3318
-3385
-3122
-2612
-1822
-916
75
1103
2015
2828
3402
3807
4091
4113
4007
3779
3481
3178
2759
2431
2152
1904
1713
1477
1371
1260
1086
895
598
319
-89
-601
-1164
-1789
-2379
-3098
-3789
-4467
-5133
-5722
-6273
-6636
-6870
-6976
-7000
-6944
-6721
-6499
-6172
-5860
-5512
-5068
-4501
-3671
-2620
-1446
-164
1150
2566
3976
5228
6350
7219
7819
8114
8016
7715
7097
6122
4838
3218
1625
-79
-1776
-3338
-4764
-5749
-6530
-6979
-6988
-6726
-6128
-5529
-4787
-3881
-2997
-2136
-1483
-872
-280
202
651
1067
1551
2061
2520
3023
3590
4205
4746
5135
5428
5613
5629
5416
4971
4338
3530
2535
1405
265
-834
-1848
-2746
-3380
-3623
-3571
-3207
-2620
-1775
-707
308
1346
2276
3103
3789
4137
4416
4473
4396
4198
3784
3459
3031
2632
2287
1894
1694
1419
1203
1007
750
573
234
-129
-546
-1073
-1602
-2284
-2963
-3679
-4426
-5164
-5899
-6462
-6909
-7228
-7408
-7510
-7419
-7245
-6987
-6644
-6290
-5840
-5335
-4657
-3706
-2532
-1208
169
1533
3027
4459
5752
6849
7647
8235
8445
8293
7921
7175
6187
4765
3085
1403
-400
-2071
-3740
-5164
-6175
-6980
-7337
-7397
-7081
-6468
-5852
-5023
-4144
-3191
-2291
-1603
-930
-336
231
743
1201
1739
2274
2796
3332
3907
4524
5047
5423
5667
5787
5747
5474
4959
4240
3348
2287
1107
-85
-1228
-2246
-3145
-3747
-3949
-3837
-3415
-2770
-1835
-693
421
1507
2469
3340
3992
4333
4566
4602
4479
4153
3718
3328
2883
2457
2061
1719
1517
1283
1087
908
716
507
158
-191
-612
-1097
-1675
-2396
-3075
-3791
-4486
-5249
-5954
-6480
-6953
-7235
-7464
-7488
-7322
-7198
-6855
-6599
-6155
-5658
-5153
-4302
-3374
-2112
-823
477
1972
3341
4790
5964
6937
7748
8156
8359
8113
7666
6930
5776
4395
2703
1053
-659
-2384
-3908
-5258
-6176
-6868
-7210
-7143
-6811
-6197
-5548
-4732
-3801
-2908
-2061
-1384
-723
-105
417
926
1387
1918
2448
2949
3501
4061
4637
5106
5437
5670
5736
5648
5315
4762
4032
3107
2056
902
-256
-1339
-2330
-3054
-3516
-3649
-3484
-3076
-2297
-1365
-286
796
1803
2798
3508
4088
4467
4634
4695
4414
4133
3747
3316
2942
2437
2142
1802
1528
1349
1103
1043
802
545
255
-160
-511
-1119
-1718
-2394
-3147
-3840
-4696
-5439
-6171
-6834
-7296
-7687
-7830
-7900
-7803
-7591
-7357
-6973
-6569
-5984
-5230
-4326
-3103
-1783
-261
1250
2740
4316
5644
6875
7777
8378
8776
8712
8421
7737
6745
5526
3862
2173
312
-1466
-3087
-4707
-5872
-6800
-7321
-7456
-7393
-6875
-6264
-5483
-4612
-3755
-2792
-2001
-1276
-627
-44
573
1100
1650
2218
2797
3415
4000
4602
5158
5608
5920
6051
6023
5790
5342
4649
3755
2712
1544
328
-880
-1995
-2900
-3504
-3813
-3830
-3532
-2839
-1910
-865
206
1256
2337
3198
3807
4276
4558
4718
4544
4283
4013
3660
3313
2814
2471
2222
1935
1734
1445
1327
1117
806
491
47
-317
-905
-1572
-2239
-3009
-3654
-4513
-5289
-6013
-6689
-7106
-7618
-7778
-7887
-7854
-7630
-7511
-7109
-6758
-6338
-5704
-5061
-3931
-2725
-1346
204
1641
3288
4765
6112
7305
8086
8703
8906
8760
8376
7526
6486
5011
3263
1487
-454
-2186
-3916
-5424
-6491
-7333
-7650
-7706
-7412
-6783
-6092
-5182
-4284
-3330
-2389
-1629
-921
-335
246
808
1309
1830
2364
2946
3538
4142
4737
5277
5707
5961
6063
5985
5695
5167
4379
3422
2297
1082
-175
-1401
-2427
-3243
-3774
-4002
-3931
-3473
-2650
-1660
-560
542
1643
2667
3453
4069
4493
4712
4759
4508
4257
3957
3552
3143
2625
2308
2015
1726
1530
1278
1166
939
644
394
-16
-399
-976
-1655
-2290
-3031
-3726
-4524
-5347
-6027
-6728
-7180
-7540
-7804
-7796
-7815
-7588
-7323
-7024
-6556
-6229
-5653
-4931
-4007
-2686
-1489
5
1474
2968
4568
5813
7047
7914
8481
8821
8646
8371
7657
6583
5237
3461
1791
-77
-1904
-3572
-5153
-6224
-7110
-7568
-7578
-7356
-6742
-6103
-5255
-4267
-3318
-2373
-1624
-917
-266
293
845
1327
1856
2381
2897
3470
4063
4689
5211
5619
5903
6047
6029
5762
5275
4563
3644
2569
1354
146
-1067
-2168
-3110
-3796
-3995
-3909
-3520
-2817
-1864
-639
549
1670
2735
3616
4350
4703
4914
5019
4847
4554
4096
3670
3285
2802
2436
2084
1833
1640
1388
1273
1071
843
551
106
-316
-876
-1498
-2193
-2986
-3740
-4552
-5321
-6052
-6741
-7209
-7610
-7812
-7905
-7844
-7646
-7391
-7084
-6790
-6401
-5911
-5240
-4320
-3170
-1847
-391
1159
2753
4334
5799
7049
8056
8728
9106
9101
8804
8138
7086
5720
4013
2200
268
-1670
-3458
-5082
-6309
-7247
-7770
-7847
-7612
-7037
-6351
-5456
-4429
-3449
-2508
-1720
-976
-320
219
740
1221
1753
2271
2788
3381
4020
4661
5235
5695
6066
6283
6300
6083
5625
4950
4043
2937
1693
402
-868
-2073
-3116
-3902
-4230
-4210
-3888
-3311
-2463
-1237
-3
1233
2325
3294
4191
4674
5034
5174
5163
5004
4509
4139
3686
3296
2877
2365
2116
1800
1596
1382
1117
968
597
219
-253
-757
-1250
-1989
-2710
-3485
-4227
-4921
-5682
-6346
-6918
-7333
-7625
-7795
-7768
-7654
-7432
-7219
-6943
-6651
-6252
-5732
-5068
-4084
-2897
-1558
-37
1490
3144
4692
6092
7326
8203
8859
9108
9007
8626
7791
6694
5191
3419
1590
-426
-2263
-4045
-5557
-6653
-7508
-7826
-7828
-7472
-6793
-6069
-5092
-4115
-3154
-2241
-1514
-795
-222
278
769
1216
1737
2245
2784
3396
4029
4686
5258
5729
6087
6263
6243
5982
5484
4759
3803
2664
1403
106
-1167
-2328
-3327
-3992
-4243
-4177
-3762
-3056
-2027
-796
409
1596
2645
3604
4324
4710
4982
5032
4929
4607
4165
3806
3377
2995
2591
2244
2074
1843
1685
1485
1279
1095
709
326
-171
-701
-1289
-2061
-2785
-3560
-4278
-4999
-5784
-6363
-6908
-7237
-7494
-7651
-7530
-7429
-7170
-6964
-6720
-6334
-6057
-5544
-4945
-4039
-2781
-1606
-113
1361
2982
4607
5894
7169
8059
8728
9058
8880
8605
7823
6744
5295
3473
1767
-207
-2057
-3819
-5384
-6389
-7286
-7657
-7658
-7341
-6638
-5978
-5047
-4061
-3107
-2198
-1533
-849
-264
222
692
1086
1592
2095
2609
3203
3839
4523
5111
5600
5983
6224
6277
6064
5627
4960
4070
2990
1759
490
-780
-1955
-2971
-3762
-4142
-4109
-3761
-3135
-2229
-1080
199
1398
2489
3436
4227
4778
4985
5085
5018
4750
4372
3843
3450
3022
2585
2248
1885
1776
1572
1387
1256
1005
831
410
-46
-506
-1165
-1768
-2625
-3400
-4152
-5004
-5697
-6456
-6962
-7340
-7662
-7742
-7790
-7584
-7355
-7125
-6776
-6525
-6112
-5610
-4900
-3889
-2738
-1407
17
1540
3179
4694
6088
7274
8166
8808
9066
9005
8667
7906
6816
5340
3660
1885
-43
-1894
-3679
-5170
-6307
-7187
-7582
-7629
-7331
-6778
-6112
-5198
-4244
-3287
-2448
-1736
-1040
-452
64
538
993
1502
2008
2536
3153
3827
4502
5096
5601
6020
6300
6371
6204
5796
5174
4322
3264
2078
816
-448
-1651
-2672
-3384
-3775
-3876
-3667
-3193
-2371
-1298
-180
953
1974
2918
3680
4213
4594
4736
4754
4570
4240
3972
3610
3285
2895
2541
2321
2047
1901
1659
1427
1219
858
531
36
-463
-1040
-1794
-2480
-3308
-4005
-4743
-5549
-6202
-6901
-7286
-7660
-7896
-7931
-8001
-7800
-7707
-7473
-7192
-6916
-6246
-5571
-4462
-3181
-1820
-119
1433
3216
4807
6226
7550
8385
9094
9330
9248
8948
8088
7051
5540
3849
2104
82
-1697
-3514
-5001
-6142
-7117
-7481
-7625
-7386
-6889
-6342
-5454
-4618
-3745
-2939
-2277
-1558
-1015
-477
48
553
1157
1713
2355
3078
3840
4611
5267
5863
6340
6655
6754
6586
6213
5592
4720
3641
2415
1135
-199
-1452
-2593
-3427
-3860
-4002
-3745
-3261
-2438
-1393
-315
839
1821
2771
3520
3966
4341
4431
4505
4359
4055
3823
3443
3219
2912
2645
2526
2285
2214
2005
1812
1646
1242
876
299
-296
-930
-1764
-2504
-3415
-4238
-5016
-5856
-6459
-7057
-7449
-7709
-7915
-7876
-7843
-7660
-7436
-7268
-6984
-6729
-6195
-5431
-4401
-3149
-1809
-239
1414
3151
4789
6246
7543
8488
9172
9450
9427
9115
8325
7216
5686
4015
2210
208
-1696
-3564
-5060
-6278
-7224
-7641
-7764
-7471
-7019
-6409
-5503
-4605
-3680
-2919
-2249
-1536
-986
-462
-11
464
1034
1555
2172
2868
3645
4443
5108
5730
6265
6642
6803
6676
6342
5752
4916
3862
2629
1322
-28
-1309
-2434
-3273
-3784
-4007
-3902
-3525
-2737
-1740
-651
473
1461
2454
3232
3829
4256
4427
4549
4390
4173
3937
3609
3373
2989
2718
2496
2261
2159
1908
1730
1500
1144
829
274
-231
-884
-1661
-2394
-3284
-4039
-4846
-5669
-6314
-7025
-7421
-7775
-8006
-8013
-8096
-7906
-7792
-7575
-7283
-7030
-6387
-5673
-4580
-3256
-1925
-207
1394
3191
4827
6269
7633
8519
9237
9501
9437
9173
8338
7300
5784
4103
2353
322
-1500
-3359
-4861
-6056
-7074
-7483
-7673
-7445
-7006
-6495
-5632
-4822
-3938
-3178
-2532
-1816
-1271
-731
-227
286
922
1491
2163
2908
3720
4561
5258
5910
6439
6816
6980
6853
6519
5921
5080
4013
2770
1458
102
-1213
-2355
-3205
-3713
-3932
-3861
-3470
-2711
-1712
-650
419
1445
2387
3151
3718
4113
4327
4361
4217
3953
3741
3488
3219
2935
2672
2528
2373
2252
2101
1866
1650
1233
820
303
-337
-1007
-1923
-2769
-3671
-4561
-5352
-6244
-6914
-7522
-7942
-8167
-8359
-8314
-8267
-8120
-7872
-7662
-7299
-6805
-6081
-5060
-3836
-2420
-817
876
2660
4355
5900
7321
8393
9202
9615
9669
9492
8844
7873
6499
4842
3107
1090
-853
-2760
-4444
-5763
-6941
-7591
-7878
-7809
-7420
-6970
-6200
-5337
-4464
-3623
-2926
-2180
-1537
-993
-442
79
711
1336
1961
2707
3502
4345
5107
5767
6365
6790
7019
6987
6704
6199
5414
4390
3176
1849
476
-874
-2100
-3076
-3759
-4122
-4158
-3872
-3300
-2409
-1340
-214
877
1869
2783
3504
4053
4387
4515
4552
4377
4130
3877
3570
3295
2939
2662
2445
2223
2068
1773
1515
1218
800
366
-251
-878
-1582
-2430
-3259
-4159
-4949
-5766
-6592
-7199
-7724
-8042
-8252
-8417
-8344
-8216
-7997
-7750
-7488
-6933
-6223
-5198
-3908
-2572
-929
748
2512
4248
5746
7209
8297
9102
9564
9615
9516
8924
7985
6694
5062
3422
1473
-457
-2323
-4028
-5338
-6536
-7267
-7603
-7615
-7289
-6924
-6239
-5398
-4554
-3734
-3066
-2327
-1647
-1067
-499
50
702
1343
1978
2719
3520
4357
5104
5744
6310
6743
6973
6937
6660
6155
5399
4404
3210
1921
572
-770
-2039
-3037
-3695
-4044
-4095
-3875
-3314
-2468
-1402
-271
830
1888
2771
3515
4086
4464
4665
4626
4472
4185
3896
3611
3262
2951
2611
2358
2149
1938
1755
1497
1198
817
356
-136
-769
-1482
-2307
-3167
-4003
-4824
-5650
-6411
-7064
-7607
-7939
-8183
-8247
-8215
-8097
-7908
-7711
-7380
-6900
-6210
-5220
-4054
-2691
-1160
510
2267
3971
5501
6878
8016
8858
9346
9446
9316
8796
7881
6622
5049
3417
1537
-412
-2269
-3963
-5263
-6423
-7209
-7561
-7595
-7270
-6888
-6237
-5390
-4570
-3747
-3080
-2352
-1647
-1075
-523
-5
625
1278
1891
2609
3390
4200
4941
5562
6140
6573
6802
6777
6507
6032
5306
4332
3166
1889
570
-753
-2007
-3028
-3703
-4062
-4120
-3923
-3391
-2590
-1577
-425
653
1733
2663
3423
4045
4447
4731
4762
4645
4416
4087
3841
3485
3140
2782
2450
2237
1944
1709
1435
1136
769
263
-190
-759
-1378
-2108
-2930
-3690
-4467
-5179
-5938
-6578
-7094
-7507
-7736
-7886
-7880
-7816
-7703
-7502
-7303
-6856
-6246
-5357
-4194
-2939
-1454
172
1910
3670
5174
6583
7750
8645
9222
9339
9263
8834
7975
6793
5244
3683
1912
-28
-1864
-3570
-4844
-5982
-6842
-7212
-7291
-6991
-6642
-6092
-5262
-4459
-3674
-3057
-2396
-1679
-1122
-605
-127
478
1147
1748
2432
3209
4039
4798
5422
5995
6469
6740
6744
6486
6039
5367
4432
3300
2042
749
-550
-1786
-2850
-3621
-3979
-4063
-3857
-3407
-2657
-1584
-469
665
1685
2649
3505
4052
4502
4716
4794
4700
4337
4044
3645
3314
2922
2470
2242
1925
1765
1569
1318
1181
818
521
52
-460
-967
-1744
-2483
-3369
-4173
-4889
-5720
-6361
-6970
-7355
-7587
-7754
-7698
-7612
-7431
-7257
-7110
-6741
-6142
-5346
-4303
-3171
-1836
-287
1356
3059
4554
5966
7217
8125
8793
9051
9077
8799
8019
6973
5562
4072
2396
480
-1326
-3063
-4437
-5605
-6561
-7010
-7185
-7011
-6673
-6175
-5371
-4562
-3779
-3111
-2464
-1731
-1145
-632
-138
398
1025
1604
2240
2980
3758
4494
5120
5695
6202
6519
6599
6419
6038
5448
4608
3560
2370
1112
-159
-1388
-2441
-3197
-3634
-3819
-3734
-3358
-2679
-1828
-899
134
1138
2096
2875
3491
4022
4341
4523
4479
4343
4188
3857
3579
3234
2906
2624
2258
2012
1712
1434
1163
741
407
-73
-585
-1124
-1839
-2475
-3243
-3966
-4687
-5441
-5994
-6560
-6974
-7255
-7472
-7470
-7484
-7413
-7304
-7179
-6870
-6372
-5613
-4553
-3340
-1970
-405
1260
3035
4624
6039
7302
8219
8898
9157
9110
8827
8055
6996
5541
3972
2352
471
-1304
-3020
-4390
-5441
-6370
-6790
-6925
-6733
-6361
-5931
-5180
-4411
-3672
-3040
-2499
-1831
-1271
-783
-287
240
899
1524
2191
2978
3806
4610
5269
5845
6350
6663
6737
6528
6104
5477
4597
3520
2304
1035
-239
-1414
-2408
-3094
-3492
-3621
-3452
-3023
-2331
-1405
-412
630
1543
2343
3071
3594
4012
4165
4191
4138
3870
3645
3326
3043
2818
2434
2245
2000
1851
1721
1403
1219
813
413
-40
-736
-1283
-2098
-2898
-3686
-4566
-5167
-5900
-6469
-6919
-7308
-7357
-7532
-7482
-7376
-7347
-7123
-7050
-6598
-5902
-4988
-3771
-2645
-1080
566
2308
4052
5431
6862
7922
8698
9152
9162
9092
8461
7476
6152
4567
3064
1155
-713
-2480
-4032
-5135
-6223
-6794
-7009
-6929
-6558
-6215
-5467
-4655
-3896
-3198
-2671
-1983
-1381
-885
-400
68
710
1313
1945
2709
3514
4362
5048
5658
6229
6625
6804
6678
6347
5798
5001
3993
2807
1554
273
-995
-2072
-2819
-3281
-3451
-3396
-3037
-2346
-1404
-375
618
1564
2431
3086
3648
4018
4198
4213
4014
3757
3443
3163
2866
2519
2254
2005
1855
1729
1562
1426
1164
865
466
-15
-560
-1279
-2050
-2943
-3802
-4641
-5468
-6198
-6891
-7396
-7758
-7965
-8028
-8027
-7933
-7801
-7582
-7191
-6499
-5500
-4290
-3011
-1567
143
1935
3712
5224
6601
7811
8666
9220
9362
9307
8920
8026
6840
5348
3856
2149
217
-1586
-3248
-4523
-5640
-6526
-6909
-7033
-6835
-6571
-6075
-5273
-4528
-3824
-3245
-2583
-1847
-1268
-712
-149
512
1221
1875
2632
3476
4318
5057
5661
6223
6670
6894
6848
6543
6056
5343
4395
3273
2044
805
-385
-1464
-2333
-2928
-3229
-3261
-3033
-2494
-1720
-788
158
1034
1869
2600
3195
3589
3802
3919
3839
3679
3428
3162
2942
2649
2418
2174
2006
1901
1728
1556
1286
960
569
24
-557
-1274
-2064
-2928
-3864
-4725
-5563
-6328
-7004
-7591
-7982
-8212
-8334
-8322
-8277
-8106
-7860
-7460
-6747
-5772
-4472
-3099
-1613
117
1918
3747
5314
6704
7908
8766
9339
9473
9378
8975
8101
6912
5381
3829
2104
204
-1613
-3326
-4631
-5760
-6622
-7043
-7189
-6994
-6719
-6240
-5496
-4744
-4007
-3409
-2747
-2029
-1410
-804
-216
475
1215
1921
2714
3569
4441
5204
5828
6383
6800
7016
6960
6642
6116
5355
4381
3223
1967
670
-591
-1678
-2573
-3161
-3488
-3517
-3262
-2772
-2058
-1162
-141
859
1716
2499
3185
3741
4121
4284
4339
4298
4117
3850
3541
3250
2931
2529
2181
1851
1568
1242
844
464
28
-442
-1003
-1648
-2306
-3042
-3823
-4651
-5446
-6130
-6802
-7410
-7890
-8260
-8457
-8594
-8655
-8571
-8380
-7822
-7027
-5829
-4314
-2751
-927
924
2921
4791
6339
7754
8755
9511
9833
9767
9529
8774
7739
6274
4625
3004
1107
-689
-2490
-3985
-5105
-6143
-6684
-6978
-6932
-6684
-6436
-5856
-5216
-4527
-3930
-3447
-2794
-2176
-1561
-941
-285
552
1367
2209
3141
4121
5078
5839
6470
6983
7314
7397
7162
6690
5985
5042
3897
2595
1262
-88
-1323
-2352
-3116
-3535
-3713
-3564
-3145
-2503
-1594
-646
385
1317
2092
2840
3374
3826
4040
4098
4131
3945
3761
3487
3201
2992
2638
2385
2102
1852
1642
1257
929
494
18
-496
-1214
-1884
-2662
-3477
-4298
-5141
-5848
-6558
-7193
-7672
-8073
-8233
-8368
-8429
-8366
-8214
-7841
-7203
-6224
-4855
-3444
-1849
-86
1801
3737
5348
6811
8013
8902
9484
9591
9506
9086
8222
7022
5448
3924
2205
331
-1472
-3167
-4433
-5553
-6419
-6843
-7008
-6828
-6639
-6241
-5564
-4872
-4199
-3694
-3099
-2407
-1798
-1198
-596
138
947
1712
2557
3482
4439
5275
5939
6515
6977
7221
7176
6853
6315
5548
4548
3355
2073
741
-510
-1645
-2570
-3192
-3563
-3615
-3416
-2959
-2250
-1385
-394
552
1429
2240
2917
3502
3868
4089
4175
4130
3990
3759
3514
3227
2912
2583
2238
1951
1654
1357
986
587
151
-359
-915
-1594
-2302
-3069
-3891
-4699
-5498
-6180
-6870
-7441
-7894
-8187
-8353
-8518
-8517
-8444
-8120
-7526
-6642
-5316
-3881
-2259
-506
1345
3366
5056
6586
7812
8759
9453
9623
9575
9197
8430
7345
5804
4277
2618
828
-943
-2717
-4016
-5124
-6028
-6550
-6830
-6698
-6526
-6239
-5673
-5061
-4372
-3875
-3378
-2732
-2112
-1471
-890
-195
650
1470
2339
3254
4232
5157
5880
6482
6962
7261
7295
7018
6514
5789
4838
3687
2401
1080
-182
-1342
-2321
-3018
-3432
-3528
-3371
-2969
-2257
-1414
-450
458
1282
2100
2726
3263
3601
3804
3950
3867
3775
3605
3405
3232
2930
2708
2456
2199
1996
1652
1376
964
523
22
-641
-1279
-2040
-2825
-3639
-4523
-5268
-6042
-6653
-7215
-7671
-7870
-8069
-8060
-8092
-7991
-7744
-7434
-6684
-5711
-4405
-2976
-1508
287
2065
3916
5501
6824
8029
8836
9365
9463
9310
8908
7983
6757
5225
3662
2008
129
-1646
-3268
-4517
-5549
-6389
-6766
-6855
-6681
-6428
-6014
-5309
-4597
-3951
-3421
-2839
-2161
-1555
-982
-395
315
1093
1839
2655
3558
4486
5302
5941
6504
6935
7164
7102
6767
6223
5447
4448
3258
1980
730
-483
-1568
-2460
-3064
-3344
-3369
-3130
-2619
-1866
-963
-51
823
1675
2414
3034
3458
3755
3949
3961
3866
3658
3448
3216
2903
2641
2339
2105
1863
1583
1329
977
631
191
-362
-919
-1611
-2307
-3117
-3975
-4770
-5588
-6315
-6978
-7556
-7920
-8226
-8401
-8497
-8501
-8314
-8007
-7340
-6309
-4982
-3477
-1873
-78
1845
3743
5424
6843
8052
8955
9496
9626
9500
9080
8243
7029
5506
3968
2296
497
-1276
-2911
-4165
-5247
-6085
-6547
-6714
-6580
-6424
-6090
-5511
-4881
-4261
-3797
-3261
-2620
-2017
-1403
-798
-41
803
1625
2511
3461
4459
5352
6046
6639
7095
7347
7317
6993
6459
5687
4693
3512
2232
988
-229
-1323
-2250
-2888
-3205
-3234
-2951
-2454
-1733
-909
-56
796
1557
2234
2745
3134
3405
3503
3528
3429
3295
3119
2897
2716
2516
2343
2173
1968
1764
1478
1153
752
225
-343
-1024
-1800
-2623
-3525
-4407
-5300
-6129
-6860
-7528
-7997
-8374
-8642
-8732
-8787
-8681
-8451
-7889
-6918
-5677
-4180
-2642
-864
1078
3012
4803
6306
7638
8690
9357
9643
9607
9372
8693
7598
6190
4671
3107
1322
-511
-2215
-3622
-4768
-5793
-6441
-6729
-6742
-6635
-6447
-5962
-5334
-4719
-4212
-3723
-3076
-2411
-1787
-1163
-435
442
1295
2156
3112
4139
5101
5862
6491
7016
7362
7444
7220
6766
6098
5192
4086
2865
1628
409
-738
-1741
-2496
-2938
-3115
-3023
-2663
-2073
-1322
-532
294
1067
1771
2343
2752
3091
3303
3390
3363
3255
3144
2981
2798
2606
2399
2215
2008
1770
1505
1158
767
237
-379
-1037
-1802
-2620
-3509
-4432
-5297
-6200
-6934
-7650
-8200
-8600
-8975
-9149
-9264
-9149
-8767
-8025
-6801
-5380
-3764
-1959
-8
2121
4041
5774
7235
8434
9316
9755
9865
9709
9202
8289
6968
5487
3949
2251
445
-1327
-2846
-4081
-5155
-5967
-6430
-6590
-6566
-6495
-6201
-5701
-5157
-4682
-4271
-3736
-3100
-2466
-1834
-1118
-248
686
1621
2614
3699
4760
5674
6394
6997
7450
7649
7551
7175
6576
5749
4691
3491
2241
994
-177
-1270
-2125
-2707
-2994
-3033
-2860
-2373
-1726
-973
-202
543
1281
1894
2395
2778
3038
3235
3242
3185
3086
2952
2801
2608
2435
2250
2051
1840
1589
1297
919
447
-123
-759
-1490
-2298
-3155
-4098
-5001
-5908
-6718
-7465
-8105
-8602
-8987
-9264
-9389
-9344
-8989
-8216
-7046
-5573
-3956
-2133
-111
1971
3962
5679
7152
8392
9218
9695
9779
9631
9144
8201
6940
5455
3939
2292
503
-1181
-2690
-3897
-4934
-5751
-6198
-6394
-6401
-6363
-6143
-5693
-5213
-4781
-4396
-3902
-3288
-2666
-2010
-1259
-358
614
1583
2614
3724
4811
5738
6465
7058
7488
7669
7554
7157
6540
5697
4638
3451
2210
1003
-157
-1206
-2041
-2551
-2728
-2685
-2435
-2022
-1421
-739
-51
601
1162
1659
2014
2255
2459
2574
2647
2621
2561
2545
2490
2486
2425
2352
2259
2052
1842
1513
1098
593
-100
-832
-1682
-2553
-3452
-4442
-5343
-6266
-7068
-7731
-8295
-8706
-9043
-9289
-9339
-9199
-8581
-7536
-6175
-4621
-2969
-1062
1052
3101
4950
6475
7800
8842
9418
9676
9627
9330
8599
7397
6019
4562
3030
1334
-464
-2008
-3300
-4383
-5285
-5910
-6153
-6241
-6278
-6155
-5799
-5277
-4855
-4542
-4123
-3547
-2897
-2274
-1601
-735
229
1193
2188
3289
4443
5433
6208
6842
7356
7662
7658
7342
6802
6044
5072
3945
2727
1518
348
-761
-1678
-2297
-2576
-2610
-2482
-2141
-1634
-984
-304
315
892
1371
1744
2022
2232
2404
2480
2469
2426
2388
2394
2383
2352
2291
2175
2023
1805
1519
1129
604
-36
-794
-1604
-2427
-3344
-4269
-5239
-6110
-6887
-7567
-8096
-8550
-8889
-9150
-9238
-9027
-8366
-7253
-5898
-4391
-2705
-774
1348
3330
5111
6588
7858
8803
9310
9526
9442
9070
8238
7006
5651
4212
2701
1005
-700
-2130
-3359
-4355
-5176
-5691
-5880
-5995
-6015
-5873
-5492
-5015
-4692
-4391
-3977
-3414
-2792
-2204
-1493
-608
351
1322
2333
3477
4605
5546
6285
6882
7361
7599
7507
7132
6537
5731
4733
3591
2398
1227
102
-933
-1762
-2317
-2518
-2493
-2292
-1911
-1405
-741
-82
528
1081
1490
1852
2070
2223
2369
2380
2390
2286
2238
2236
2168
2178
2068
1989
1866
1601
1376
926
463
-167
-951
-1672
-2583
-3407
-4373
-5317
-6118
-6952
-7566
-8172
-8614
-8951
-9240
-9224
-8914
-7968
-6726
-5287
-3683
-1897
229
2269
4181
5798
7180
8332
8965
9319
9354
9147
8557
7429
6144
4740
3321
1750
22
-1434
-2713
-3762
-4654
-5304
-5522
-5666
-5754
-5743
-5514
-5043
-4713
-4484
-4181
-3725
-3119
-2579
-1949
-1115
-168
825
1797
2910
4104
5162
5996
6624
7148
7500
7539
7261
6723
5990
5072
3979
2796
1631
508
-540
-1442
-2110
-2421
-2456
-2291
-1980
-1549
-936
-279
340
894
1340
1724
1997
2156
2280
2301
2295
2196
2073
2024
1948
1908
1799
1667
1542
1330
1104
730
295
-255
-936
-1687
-2557
-3364
-4287
-5179
-6086
-6927
-7578
-8211
-8641
-9060
-9251
-9111
-8570
-7427
-6092
-4487
-2757
-835
1313
3228
5054
6510
7740
8619
8990
9173
9019
8611
7752
6461
5142
3712
2305
743
-811
-2020
-3115
-3972
-4683
-5075
-5140
-5252
-5312
-5276
-4992
-4598
-4398
-4206
-3904
-3440
-2890
-2358
-1638
-730
258
1246
2263
3436
4589
5551
6273
6814
7234
7405
7263
6831
6184
5344
4322
3197
2056
983
-47
-963
-1701
-2147
-2285
-2206
-1920
-1538
-1018
-406
206
804
1277
1681
1945
2117
2216
2217
2207
2094
1960
1808
1692
1635
1527
1422
1251
1087
885
588
233
-269
-808
-1494
-2261
-3052
-3913
-4718
-5613
-6458
-7185
-7823
-8309
-8776
-8965
-8855
-8194
-7094
-5723
-4100
-2337
-326
1716
3599
5325
6695
7864
8542
8836
8886
8619
8112
7089
5803
4459
3033
1657
127
-1213
-2284
-3244
-3945
-4518
-4726
-4741
-4817
-4813
-4765
-4488
-4192
-4062
-3875
-3624
-3197
-2713
-2196
-1430
-521
468
1454
2484
3656
4751
5647
6305
6792
7119
7172
6933
6421
5709
4813
3779
2659
1572
565
-365
-1148
-1684
-1905
-1858
-1689
-1396
-1011
-529
-6
445
856
1184
1403
1538
1614
1688
1730
1697
1648
1593
1574
1600
1604
1579
1487
1325
1135
847
497
54
-524
-1168
-1941
-2709
-3495
-4284
-5082
-5899
-6608
-7219
-7708
-8052
-8290
-8301
-7841
-6895
-5594
-4129
-2576
-769
1158
2988
4608
5939
7144
7933
8263
8313
8105
7775
6949
5741
4449
3117
1902
480
-876
-1920
-2815
-3495
-4162
-4481
-4449
-4468
-4500
-4567
-4343
-3979
-3804
-3663
-3467
-3038
-2531
-2079
-1430
-560
425
1360
2247
3297
4370
5281
5920
6336
6653
6763
6567
6098
5433
4656
3757
2717
1686
750
-72
-795
-1405
-1690
-1704
-1539
-1286
-1043
-594
-112
338
728
975
1266
1384
1430
1481
1459
1531
1428
1326
1274
1210
1264
1160
1041
891
649
441
35
-379
-841
-1439
-2073
-2861
-3561
-4229
-4975
-5680
-6446
-6993
-7405
-7705
-7820
-7521
-6669
-5495
-4121
-2703
-985
951
2747
4315
5518
6703
7561
7873
7906
7594
7302
6524
5306
4057
2745
1670
339
-990
-1892
-2672
-3128
-3709
-4019
-3898
-3866
-3791
-3899
-3764
-3412
-3315
-3236
-3186
-2858
-2365
-2021
-1481
-733
233
1205
2033
3032
4076
5001
5663
6048
6358
6480
6312
5846
5167
4450
3621
2650
1632
708
-34
-611
-1078
-1344
-1341
-1196
-940
-685
-332
105
423
693
823
942
1041
1000
979
864
809
772
677
679
636
657
640
518
444
269
91
-217
-675
-1119
-1678
-2255
-2921
-3670
-4331
-5086
-5754
-6357
-6788
-6975
-6989
-6520
-5718
-4506
-3134
-1707
-13
1621
3252
4565
5609
6555
6995
7214
6995
6613
6106
5117
4071
2797
1692
696
-471
-1294
-2055
-2486
-2803
-3173
-3124
-3098
-2975
-2970
-3069
-2895
-2839
-2778
-2796
-2773
-2451
-2162
-1741
-1169
-417
538
1398
2296
3238
4149
4948
5445
5765
5919
5868
5577
5046
4436
3736
2935
2051
1185
484
-94
-541
-841
-961
-872
-745
-563
-332
-78
180
307
405
476
508
533
492
492
508
517
558
570
654
719
749
707
615
480
278
-29
-434
-887
-1392
-1963
-2594
-3271
-3907
-4551
-5121
-5605
-5928
-6045
-5950
-5427
-4647
-3556
-2401
-1132
321
1717
3048
4120
5000
5737
6058
6182
5968
5651
5154
4293
3377
2343
1463
618
-317
-999
-1594
-1955
-2263
-2542
-2539
-2532
-2491
-2543
-2609
-2491
-2443
-2408
-2401
-2308
-2013
-1714
-1305
-760
-68
732
1468
2228
3018
3764
4379
4754
4992
5081
5031
4784
4420
3969
3454
2892
2241
1698
1209
784
423
32
-163
-341
-443
-492
-620
-596
-679
-694
-691
-718
-592
-578
-482
-383
-289
-90
-21
101
168
190
226
120
47
-149
-400
-687
-1104
-1459
-1896
-2358
-2806
-3329
-3686
-4029
-4238
-4320
-4258
-3814
-3230
-2431
-1573
-644
479
1486
2455
3228
3881
4426
4602
4642
4430
4147
3715
3009
2291
1510
847
206
-457
-895
-1278
-1475
-1657
-1775
-1695
-1634
-1547
-1551
-1546
-1444
-1409
-1375
-1383
-1307
-1122
-937
-659
-291
206
760
1276
1825
2377
2919
3363
3644
3850
3969
3986
3852
3600
3318
3005
2638
2198
1767
1395
1063
736
428
194
8
-148
-303
-450
-493
-550
-579
-616
-642
-589
-572
-535
-507
-492
-436
-463
-486
-518
-575
-625
-764
-914
-1055
-1233
-1398
-1640
-1877
-2085
-2342
-2550
-2756
-2889
-2906
-2911
-2668
-2288
-1724
-1035
-419
386
1150
1919
2617
3089
3580
3782
3843
3733
3415
3137
2575
1947
1271
565
40
-569
-1020
-1356
-1608
-1675
-1784
-1700
-1534
-1368
-1174
-1082
-917
-751
-629
-518
-461
-327
-181
-22
196
461
817
1173
1517
1868
2227
2578
2850
3034
3139
3195
3149
3011
2770
2498
2267
1958
1658
1319
1026
832
566
385
191
55
-22
-209
-281
-363
-401
-411
-514
-502
-520
-498
-462
-498
-457
-474
-507
-551
-653
-702
-819
-976
-1151
-1360
-1519
-1711
-1951
-2161
-2381
-2521
-2638
-2728
-2698
-2590
-2254
-1817
-1242
-584
72
829
1525
2172
2738
3151
3513
3608
3571
3379
3071
2727
2161
1577
959
367
-123
-637
-979
-1235
-1405
-1465
-1523
-1417
-1268
-1113
-957
-868
-714
-589
-484
-374
-293
-140
14
184
413
693
1044
1374
1696
2014
2329
2616
2805
2920
3002
3052
3017
2917
2718
2492
2238
1905
1577
1220
903
581
218
-57
-340
-503
-632
-772
-817
-839
-778
-697
-626
-488
-405
-308
-260
-256
-217
-258
-307
-433
-588
-717
-891
-1033
-1227
-1397
-1522
-1682
-1784
-1901
-1948
-1958
-1989
-1935
-1904
-1732
-1447
-1109
-632
-205
277
779
1232
1713
2069
2394
2614
2648
2631
2463
2265
2003
1592
1180
698
271
-118
-502
-749
-977
-1112
-1186
-1243
-1155
-1039
-892
-752
-638
-479
-340
-206
-74
34
166
288
412
568
761
989
1208
1409
1608
1851
2077
2291
2402
2497
2579
2563
2556
2406
2239
2049
1722
1440
1036
705
388
-14
-274
-606
-783
-888
-1006
-953
-951
-829
-702
-623
-442
-378
-260
-232
-290
-310
-442
-536
-701
-900
-1034
-1229
-1343
-1465
-1567
-1575
-1618
-1594
-1576
-1532
-1422
-1342
-1235
-1108
-923
-639
-338
-9
313
649
999
1312
1589
1818
2007
2104
2104
2012
1875
1690
1436
1126
768
408
80
-241
-499
-716
-863
-954
-1015
-994
-922
-788
-629
-480
-311
-151
18
181
316
460
588
703
809
913
1049
1187
1316
1437
1563
1702
1835
1945
2041
2124
2213
2236
2195
2100
1949
1753
1489
1174
839
479
151
-192
-490
-718
-886
-973
-1015
-990
-902
-787
-637
-512
-397
-293
-249
-229
-267
-347
-442
-586
-743
-902
-1056
-1165
-1282
-1353
-1378
-1386
-1326
-1266
-1171
-1041
-915
-755
-608
-427
-205
15
261
474
685
899
1071
1231
1347
1434
1483
1468
1410
1307
1168
1011
817
602
379
157
-44
-222
-375
-485
-570
-612
-616
-597
-525
-424
-309
-179
-52
91
228
361
496
612
734
837
927
1019
1090
1191
1269
1348
1421
1462
1518
1553
1615
1666
1701
1706
1640
1546
1400
1219
1017
769
512
220
-57
-310
-535
-685
-806
-873
-896
-895
-832
-752
-632
-523
-454
-389
-378
-386
-411
-482
-557
-673
-782
-902
-1014
-1088
-1152
-1173
-1169
-1155
-1094
-1011
-895
-755
-611
-443
-278
-96
91
268
454
621
762
887
975
1046
1090
1106
1092
1036
960
854
727
592
447
307
161
16
-103
-207
-283
-334
-362
-361
-340
-294
-231
-147
-43
69
180
287
394
508
614
717
806
889
974
1052
1131
1183
1233
1278
1302
1329
1321
1334
1331
1311
1290
1207
1134
1018
872
733
543
379
193
5
-149
-317
-425
-525
-608
-641
-683
-669
-661
-647
-598
-588
-555
-550
-575
-573
-611
-632
-660
-713
-736
-779
-798
-809
-821
-789
-766
-721
-662
-605
-508
-418
-305
-188
-77
59
171
292
404
501
607
677
734
767
774
777
748
708
649
567
490
390
297
212
129
60
0
-41
-66
-68
-45
-8
43
115
192
281
377
483
597
707
817
920
1024
1117
1194
1251
1286
1299
1294
1261
1198
1123
1030
916
784
643
498
355
227
110
8
-81
-153
-210
-260
-299
-323
-351
-375
-406
-447
-487
-532
-586
-633
-685
-735
-772
-804
-807
-801
-772
-733
-684
-620
-559
-485
-414
-358
-297
-262
-233
-214
-206
-182
-170
-154
-129
-102
-51
4
77
157
238
335
415
494
558
600
627
621
595
550
487
418
337
261
192
131
97
82
98
138
197
283
381
497
620
731
846
942
1015
1077
1105
1113
1100
1057
1005
934
853
772
684
597
509
433
371
313
278
241
215
201
188
177
148
111
64
1
-71
-149
-231
-316
-408
-491
-570
-632
-670
-698
-692
-676
-641
-590
-527
-452
-383
-315
-255
-209
-173
-154
-148
-152
-172
-189
-212
-239
-258
-264
-261
-240
-204
-153
-91
-16
68
154
234
302
362
410
440
453
452
431
408
371
333
303
275
262
259
273
301
335
384
437
500
560
618
677
723
756
774
781
776
757
724
686
640
592
547
505
467
434
408
386
371
362
354
345
323
291
250
201
139
64
-13
-96
-179
-257
-329
-389
-434
-468
-491
-490
-475
-451
-415
-371
-331
-291
-253
-220
-196
-179
-174
-182
-191
-205
-221
-237
-250
-252
-246
-227
-201
-162
-116
-76
-22
27
71
124
181
245
312
373
432
472
481
476
457
429
384
331
271
201
142
98
63
52
48
68
99
147
218
285
364
432
493
549
586
618
627
616
596
558
519
469
411
359
303
258
221
193
182
171
172
173
174
182
175
165
145
114
78
25
-25
-81
-130
-172
-211
-241
-260
-271
-264
-246
-214
-172
-128
-81
-42
-9
23
40
49
43
30
11
-21
-54
-83
-113
-134
-156
-163
-161
-150
-124
-91
-53
-12
32
76
114
149
179
199
213
216
217
209
198
188
178
165
155
149
149
156
164
177
195
212
230
250
265
279
288
292
290
288
288
275
268
253
249
235
232
237
240
248
259
273
288
301
312
314
309
299
276
250
217
182
143
99
56
10
-25
-59
-85
-107
-121
-122
-117
-102
-89
-65
-44
-20
3
23
42
49
54
60
61
62
59
56
54
52
53
61
62
69
80
81
93
105
113
116
127
135
135
137
132
126
127
120
116
115
110
116
114
124
134
143
160
173
186
199
212
223
229
227
230
224
218
210
203
191
178
173
164
158
152
154
153
154
152
149
152
153
149
141
136
124
109
92
71
53
34
17
6
-4
-11
-20
-24
-20
-13
-1
9
24
36
37
51
55
56
57
52
47
41
31
24
17
14
12
11
11
16
25
34
44
51
58
66
72
82
88
91
94
89
89
88
88
86
85
90
86
91
94
96
93
96
99
96
96
89
86
81
72
64
54
44
37
33
26
25
24
24
21
24
27
30
37
35
38
42
44
47
46
49
49
52
55
53
55
52
54
48
45
39
33
31
25
21
17
13
5
4
7
11
8
10
9
15
17
22
27
27
30
30
32
35
36
39
39
40
41
41
40
46
44
45
46
40
43
42
41
40
45
46
48
47
47
51
53
57
61
63
66
67
63
66
67
70
72
75
77
78
84
83
83
83
83
85
86
83
84
83
79
71
73
65
64
67
61
59
60
61
60
56
59
64
68
74
73
85
91
95
104
110
115
107
108
114
113
110
111
111
107
103
99
94
79
77
68
68
64
57
55
51
53
52
55
52
57
61
62
60
69
74
83
88
93
103
104
108
110
109
108
104
102
98
93
85
80
79
74
68
66
61
64
65
67
71
71
76
76
78
84
93
99
108
113
117
117
122
128
130
132
132
136
133
130
127
119
118
110
105
100
97
92
90
89
83
78
75
72
73
78
77
81
83
83
85
88
95
96
97
102
104
105
105
104
102
102
100
105
95
97
96
89
87
81
75
66
65
65
60
54
51
49
46
42
46
43
43
43
44
51
56
66
75
79
87
90
93
96
97
102
103
103
108
105
105
100
99
96
96
92
84
87
81
72
71
66
65
63
63
68
68
73
78
79
81
86
84
88
91
89
86
88
91
86
89
83
82
82
83
83
79
79
78
74
74
69
64
58
52
53
45
38
40
39
40
39
39
43
42
49
47
56
55
59
62
66
64
64
63
55
54
51
46
41
36
29
25
22
21
18
14
14
19
20
19
23
25
30
30
33
35
36
38
40
41
42
43
43
46
45
45
48
47
43
45
45
41
47
44
45
43
39
40
35
34
32
27
28
26
21
25
24
32
34
37
39
44
47
50
53
55
57
57
57
55
49
43
43
38
32
26
21
22
16
16
15
16
17
22
30
31
33
38
40
39
41
42
45
46
46
42
38
39
40
40
40
40
43
42
43
45
44
47
48
43
42
39
34
31
26
21
16
8
10
5
3
9
10
17
21
29
34
40
47
55
61
66
68
66
66
70
69
64
59
51
46
38
34
28
19
16
17
19
20
24
25
27
28
35
36
38
44
44
48
44
43
40
41
36
37
38
41
43
42
43
42
40
38
38
39
37
34
33
32
25
22
18
13
15
11
12
10
7
15
19
20
19
27
29
34
42
48
53
61
64
62
64
56
52
49
47
45
40
37
32
31
29
28
25
26
25
25
27
26
28
26
24
25
22
16
11
12
9
10
12
14
17
21
24
27
29
34
39
44
41
42
37
34
28
26
21
15
9
5
2
0
0
-6
-4
-3
1
5
12
14
14
20
23
25
22
26
22
20
17
12
10
5
2
-3
-4
-4
-4
-3
0
3
7
10
13
13
13
13
11
10
7
9
5
2
-3
-5
-5
-10
-9
-6
-2
2
6
13
20
18
21
24
22
19
22
19
18
17
12
9
11
10
5
4
4
2
3
6
7
7
10
16
14
17
20
24
27
25
25
22
21
20
18
18
19
16
13
14
13
14
13
10
12
12
11
11
12
13
10
8
7
4
4
3
2
1
1
3
2
0
3
6
9
11
10
9
14
15
13
16
19
18
20
19
18
18
14
12
7
6
6
2
2
-1
-1
2
4
7
6
6
11
13
16
18
22
23
24
27
30
33
37
41
38
37
37
31
28
32
28
29
26
25
26
23
25
23
26
29
29
30
26
28
26
21
24
25
25
25
28
29
28
29
30
28
27
30
26
24
23
22
23
21
19
16
15
14
15
12
10
9
8
9
8
9
9
9
7
6
3
7
5
5
7
10
9
7
7
4
6
5
8
7
9
8
7
6
10
6
6
12
11
10
7
5
3
0
0
3
1
2
7
8
8
12
12
11
16
19
21
24
24
27
26
27
26
23
24
22
23
21
20
19
17
17
21
24
22
24
18
24
30
27
26
27
24
21
17
15
13
8
8
2
2
-4
-11
-11
-15
-15
-11
-11
-7
-1
0
0
0
2
4
3
4
2
2
1
-2
-1
-1
-2
-4
-7
-8
-8
-10
-10
-6
-5
-6
-4
-8
-8
-3
-7
-7
-7
-5
-9
-15
-11
-14
-11
-12
-12
-11
-10
-8
-4
-1
-1
4
2
5
7
11
13
10
13
10
9
12
9
10
5
4
4
2
2
0
2
0
1
1
3
5
5
6
5
3
6
5
9
6
8
8
4
8
5
4
3
4
0
-2
-1
1
-2
-3
-6
-8
-8
-7
-9
-12
-13
-11
-8
-8
-5
-3
-3
-3
1
2
1
1
0
-1
-2
0
-2
-2
-5
-6
-6
-4
-3
-1
2
4
6
8
13
12
11
12
12
9
10
10
12
12
8
7
6
7
6
7
8
9
8
12
14
13
18
20
20
24
24
25
23
26
24
17
17
15
14
11
12
10
11
12
12
12
18
19
18
21
20
22
25
24
21
21
21
16
15
10
7
5
4
1
-2
1
-1
2
0
2
-1
-1
6
3
3
5
2
1
0
-1
-2
-1
-2
-4
0
-1
0
0
1
2
1
3
2
3
-2
-2
3
1
1
-2
2
-1
0
3
2
3
3
4
3
3
2
3
6
9
9
10
11
13
16
18
25
19
21
21
17
15
17
12
12
10
6
6
1
-1
-2
-1
-2
-4
-6
-5
-4
0
0
1
1
1
4
4
9
7
7
8
9
8
6
8
7
6
3
2
2
0
-2
-2
-5
-11
-10
-12
-13
-12
-14
-14
-14
-13
-17
-19
-22
-22
-20
-16
-14
-17
-18
-17
-14
-10
-8
-7
-8
-6
-8
-8
-5
-9
-7
-8
-7
-6
-6
-8
-8
-9
-10
-10
-13
-12
-14
-12
-13
-13
-16
-14
-17
-19
-17
-21
-14
-13
-10
-8
-5
-6
-7
-3
-3
-3
-4
-6
-8
-9
-12
-14
-16
-20
-21
-25
-26
-26
-29
-26
-28
-28
-30
-31
-27
-25
-26
-25
-21
-22
-22
-21
-27
-25
-26
-28
-26
-27
-28
-31
-33
-34
-34
-36
-36
-38
-37
-35
-38
-39
-37
-37
-42
-40
-41
-40
-41
-40
-40
-42
-44
-43
-44
-45
-42
-42
-41
-43
-39
-40
-38
-39
-39
-37
-38
-35
-36
-33
-33
-32
-29
-30
-33
-35
-31
-33
-32
-34
-33
-35
-35
-34
-35
-29
-35
-35
-35
-36
-36
-35
-35
-34
-27
-27
-24
-27
-27
-26
-26
-25
-30
-31
-31
-32
-36
-38
-35
-38
-37
-35
-37
-39
-37
-36
-33
-34
-29
-29
-30
-25
-22
-23
-30
-25
-28
-31
-29
-27
-30
-35
-35
-37
-35
-39
-34
-36
-34
-38
-37
-32
-38
-35
-36
-35
-37
-35
-35
-32
-29
-30
-29
-27
-25
-26
-26
-24
-17
-18
-18
-14
-18
-15
-17
-15
-16
-15
-16
-18
-16
-22
-25
-25
-27
-31
-29
-27
-30
-29
-29
-29
-28
-26
-24
-23
-22
-20
-18
-17
-14
-15
-12
-14
-12
-10
-8
-7
-11
-10
-10
-9
-9
-11
-11
-13
-16
-15
-12
-9
-9
-8
-2
-3
-1
-1
-5
1
-1
1
-1
-3
-3
-4
-4
-4
-7
-5
-3
-6
-4
-1
0
-1
2
2
1
1
6
5
6
7
3
1
-3
-9
-10
-10
-13
-14
-13
-10
-12
-10
-7
-8
-11
-8
-4
-1
2
3
3
10
7
6
8
2
5
5
1
1
3
0
-2
-4
-2
-4
-5
-3
-6
-7
-11
-12
-6
-10
-9
-9
-7
-6
-4
-4
-4
-3
-2
3
0
0
-1
-1
0
0
2
-3
0
1
2
-1
-4
-2
-7
-1
-2
-3
-5
-8
-8
-10
-8
-9
-13
-12
-9
-12
-12
-14
-13
-13
-13
-9
-12
-4
-1
-3
1
4
6
6
5
4
3
4
3
3
2
-1
-2
-4
-5
-6
-7
-9
-10
-7
-8
-7
-8
-7
-6
-6
-4
-5
-5
-1
-5
-5
-3
-5
-5
-10
-6
-8
-14
-12
-10
-12
-12
-14
-12
-9
-11
-11
-11
-10
-5
-6
-9
-9
-10
-10
-8
-5
-4
-3
-5
-5
-4
-7
-8
-9
-5
-5
-3
-4
-4
-3
-6
-7
-8
-9
-7
-8
-6
-6
-9
-8
-8
-9
-10
-9
-11
-14
-14
-13
-16
-14
-9
-9
-9
-10
-3
-1
-3
-2
-2
2
2
0
1
-3
-3
-4
-2
-1
-2
-3
-5
-9
-12
-12
-10
-8
-8
-6
-3
-4
-3
-1
-1
3
3
2
2
4
1
2
4
1
3
1
0
2
2
2
2
0
3
2
1
1
3
3
2
3
-1
1
2
2
0
-3
0
2
-1
-1
-1
1
1
0
3
3
1
2
2
3
2
2
2
1
3
3
3
5
2
-1
2
-4
-3
-4
-1
1
0
-3
-1
2
2
4
3
5
2
5
5
8
13
11
13
12
14
13
13
9
7
8
4
8
5
3
3
-2
2
0
-2
-1
-2
-1
-1
2
0
0
0
3
3
2
3
2
3
0
2
1
3
5
5
4
2
2
4
4
5
2
7
5
3
7
8
7
7
1
4
0
-4
-4
-1
2
-3
-1
-6
-4
-3
-1
1
2
3
4
4
2
4
2
3
2
1
0
1
0
-1
-2
-2
-2
-2
-3
-2
0
0
-3
-2
-1
-4
-2
-4
-4
-3
-7
-5
-3
-3
-5
-4
-6
-6
-5
-8
-8
-10
-10
-9
-11
-9
-10
-13
-12
-7
-7
-11
-9
-10
-7
-5
-6
-7
-6
-5
-9
-8
-11
-5
-9
-12
-11
-13
-12
-11
-12
-15
-12
-11
-12
-12
-10
-10
-12
-8
-7
-9
-10
-13
-14
-15
-16
-13
-15
-17
-15
-19
-21
-24
-19
-21
-20
-21
-20
-19
-18
-19
-20
-16
-16
-17
-16
-20
-19
-17
-23
-19
-21
-21
-20
-22
-22
-21
-19
-20
-20
-21
-17
-16
-18
-18
-19
-19
-18
-18
-20
-25
-21
-22
-20
-22
-22
-21
-24
-25
-24
-20
-22
-21
-18
-20
-20
-17
-18
-17
-19
-16
-19
-21
-23
-22
-19
-23
-18
-17
-19
-20
-21
-20
-16
-15
-17
-13
-14
-16
-16
-18
-15
-15
-16
-14
-19
-17
-17
-17
-14
-11
-13
-12
-13
-13
-15
-14
-10
-10
-8
-7
-11
-10
-12
-12
-12
-12
-10
-10
-9
-4
-5
-7
-6
-7
-7
-5
-4
-3
-3
-1
-3
-4
-2
-4
-6
-4
-4
-7
-3
-5
-6
-3
-3
-5
-5
-7
-3
-2
-2
-5
-6
-6
-8
-7
-7
-7
-7
-8
-5
-8
-7
-4
-3
1
-3
-2
0
2
4
2
6
8
7
10
9
10
9
5
5
2
1
-1
-1
2
0
-1
-1
0
1
-1
0
1
1
0
3
2
5
5
7
8
8
9
8
7
6
7
8
11
13
13
13
14
12
11
11
10
10
11
10
7
4
8
5
7
6
-2
0
0
-2
-1
0
1
1
1
0
0
6
4
5
7
5
5
5
4
3
5
5
4
2
5
3
1
0
-4
-2
-6
-4
-8
-8
-7
-8
-8
-8
-6
-8
-3
-5
-5
-9
-6
0
-2
-4
-2
-3
-4
-4
-6
-5
-5
-5
-5
-8
-11
-9
-11
-10
-11
-11
-11
-9
-7
-9
-13
-16
-16
-12
-15
-15
-13
-12
-13
-15
-15
-17
-13
-12
-13
-10
-8
-9
-8
-4
-5
-6
-6
-6
-7
-7
-8
-11
-13
-15
-16
-16
-19
-19
-21
-21
-22
-30
-33
-31
-32
-29
-27
-28
-26
-26
-26
-27
-26
-25
-22
-20
-20
-23
-21
-20
-20
-20
-22
-23
-24
-25
-26
-28
-26
-28
-33
-29
-33
-30
-34
-32
-34
-35
-34
-35
-36
-36
-33
-33
-32
-36
-30
-33
-35
-32
-29
-28
-30
-31
-31
-28
-30
-28
-31
-30
-31
-32
-30
-36
-36
-34
-32
-35
-35
-35
-37
-35
-34
-36
-38
-35
-32
-33
-34
-34
-35
-37
-40
-39
-36
-34
-38
-38
-37
-38
-36
-37
-36
-33
-35
-35
-36
-30
-33
-33
-32
-35
-36
-35
-35
-33
-34
-32
-32
-34
-33
-35
-36
-37
-34
-35
-36
-35
-34
-34
-32
-34
-34
-33
-37
-35
-31
-33
-32
-35
-34
-33
-35
-35
-32
-32
-29
-27
-33
-32
-32
-30
-28
-30
-28
-28
-30
-32
-33
-30
-30
-29
-29
-29
-31
-29
-28
-29
-28
-26
-26
-22
-21
-20
-21
-28
-25
-25
-27
-28
-29
-31
-31
-28
-32
-36
-36
-35
-38
-37
-35
-39
-37
-38
-38
-37
-34
-33
-35
-37
-37
-37
-39
-38
-41
-38
-41
-41
-41
-38
-37
-36
-36
-36
-34
-39
-39
-35
-35
-35
-36
-39
-34
-34
-34
-35
-38
-38
-44
-41
-38
-38
-38
-39
-36
-40
-38
-38
-38
-35
-37
-37
-40
-37
-38
-38
-37
-37
-36
-37
-35
-35
-37
-35
-34
-35
-34
-34
-34
-33
-36
-34
-37
-37
-36
-37
-37
-40
-40
-40
-40
-38
-38
-35
-38
-37
-37
-39
-38
-40
-39
-42
-42
-40
-40
-40
-39
-38
-40
-38
-38
-37
-36
-39
-39
-43
-42
-44
-45
-43
-45
-47
-46
-48
-49
-46
-47
-48
-46
-47
-48
-46
-46
-47
-46
-46
-46
-50
-50
-52
-51
-49
-53
-52
-51
-52
-51
-54
-55
-58
-57
-59
-63
-61
-64
-60
-59
-58
-56
-59
-57
-52
-54
-53
-49
-47
-48
-49
-50
-46
-44
-46
-46
-45
-48
-47
-44
-45
-41
-42
-44
-46
-45
-42
-42
-45
-49
-50
-48
-48
-50
-49
-49
-53
-50
-50
-49
-50
-54
-48
-49
-47
-47
-48
-45
-45
-48
-45
-43
-43
-44
-43
-41
-43
-44
-42
-43
-45
-47
-43
-44
-45
-44
-48
-45
-43
-41
-48
-49
-44
-44
-46
-47
-44
-41
-45
-46
-46
-43
-40
-38
-39
-43
-41
-39
-40
-38
-36
-34
-35
-34
-35
-37
-35
-38
-36
-37
-40
-39
-42
-42
-41
-42
-41
-40
-39
-40
-39
-41
-39
-38
-38
-41
-37
-35
-36
-34
-33
-34
-33
-35
-36
-33
-35
-34
-33
-34
-36
-33
-33
-35
-33
-32
-37
-37
-37
-39
-38
-38
-38
-41
-39
-39
-37
-37
-38
-33
-38
-34
-35
-32
-27
-26
-29
-26
-28
-32
-29
-31
-29
-30
-29
-34
-33
-38
-38
-37
-41
-40
-40
-43
-40
-39
-39
-41
-43
-43
-46
-45
-43
-44
-40
-40
-41
-41
-41
-39
-38
-39
-38
-37
-40
-39
-36
-36
-35
-38
-41
-40
-43
-45
-42
-42
-41
-45
-47
-46
-45
-48
-49
-46
-48
-48
-50
-50
-46
-48
-45
-44
-43
-41
-44
-45
-46
-46
-48
-47
-44
-42
-41
-43
-44
-40
-41
-42
-44
-46
-47
-46
-46
-48
-45
-46
-47
-46
-48
-50
-49
-46
-50
-49
-47
-48
-51
-47
-50
-54
-51
-55
-55
-55
-56
-54
-52
-53
-54
-55
-57
-57
-53
-54
-56
-54
-57
-57
-57
-54
-54
-57
-59
-58
-59
-59
-59
-60
-58
-59
-57
-55
-59
-59
-58
-58
-62
-60
-60
-58
-59
-62
-61
-62
-62
-64
-62
-61
-65
-69
-71
-69
-69
-69
-72
-73
-70
-73
-70
-66
-70
-70
-66
-67
-66
-63
-63
-61
-63
-64
-65
-64
-60
-62
-61
-64
-64
-64
-62
-64
-61
-64
-69
-66
-67
-66
-63
-62
-62
-62
-66
-66
-66
-65
-61
-64
-66
-62
-62
-62
-60
-59
-58
-60
-61
-60
-60
-59
-59
-60
-61
-61
-57
-58
-57
-56
-59
-59
-59
-60
-60
-63
-63
-61
-61
-58
-60
-59
-55
-56
-58
-56
-58
-58
-60
-59
-57
-54
-55
-56
-56
-56
-53
-55
-54
-58
-57
-57
-58
-56
-54
-54
-54
-50
-53
-54
-53
-53
-51
-49
-47
-48
-48
-51
-49
-49
-48
-50
-50
-49
-48
-48
-49
-45
-46
-45
-50
-49
-48
-49
-53
-50
-47
-49
-48
-48
-46
-47
-49
-47
-46
-46
-42
-42
-44
-44
-42
-44
-42
-41
-42
-39
-36
-38
-36
-34
-34
-34
-35
-35
-31
-30
-31
-30
-26
-26
-31
-27
-30
-30
-30
-34
-34
-34
-33
-32
-31
-32
-34
-36
-34
-33
-31
-31
-34
-32
-33
-32
-30
-31
-30
-33
-34
-34
-33
-32
-31
-34
-35
-33
-32
-32
-33
-30
-32
-28
-28
-30
-27
-31
-30
-32
-34
-31
-32
-32
-31
-32
-30
-37
-39
-32
-30
-33
-31
-29
-30
-32
-32
-28
-29
-27
-24
-26
-28
-31
-30
-31
-32
-33
-28
-27
-28
-30
-28
-27
-28
-27
-28
-26
-25
-28
-26
-28
-26
-25
-25
-25
-26
-26
-27
-27
-28
-25
-26
-25
-25
-27
-28
-29
-29
-30
-30
-30
-32
-31
-31
-32
-30
-33
-35
-35
-35
-36
-33
-32
-33
-31
-33
-33
-33
-33
-34
-35
-35
-34
-33
-34
-37
-36
-37
-35
-35
-39
-40
-39
-39
-39
-37
-40
-41
-41
-39
-42
-43
-43
-48
-45
-47
-48
-50
-49
-50
-54
-56
-54
-50
-52
-51
-49
-47
-53
-54
-50
-46
-49
-45
-44
-48
-45
-47
-46
-47
-44
-43
-48
-45
-48
-43
-46
-45
-47
-49
-47
-49
-46
-52
-49
-49
-45
-46
-48
-49
-50
-51
-52
-49
-46
-48
-49
-48
-46
-47
-46
-47
-50
-47
-48
-47
-49
-48
-46
-43
-43
-46
-49
-48
-46
-48
-50
-47
-46
-47
-49
-48
-44
-48
-47
-46
-47
-45
-46
-48
-48
-48
-48
-46
-46
-47
-44
-45
-48
-47
-48
-49
-50
-48
-50
-47
-49
-48
-47
-49
-50
-51
-49
-51
-54
-54
-49
-47
-48
-49
-46
-45
-45
-46
-47
-48
-46
-43
-47
-47
-47
-47
-46
-48
-48
-49
-48
-49
-50
-51
-50
-47
-50
-50
-48
-46
-49
-49
-47
-48
-45
-47
-48
-46
-44
-44
-43
-42
-43
-44
-42
-41
-41
-41
-43
-41
-39
-37
-39
-38
-38
-37
-38
-41
-40
-40
-39
-41
-41
-42
-40
-41
-45
-43
-45
-47
-48
-49
-46
-44
-47
-46
-47
-43
-45
-46
-43
-40
-44
-39
-40
-40
-40
-43
-38
-39
-36
-38
-37
-34
-39
-40
-38
-39
-36
-37
-38
-38
-37
-39
-42
-38
-37
-39
-38
-41
-37
-40
-40
-40
-39
-39
-38
-36
-36
-37
-37
-39
-37
-39
-38
-36
-36
-39
-39
-38
-35
-36
-36
-36
-38
-36
-40
-37
-39
-38
-40
-39
-39
-37
-38
-38
-37
-37
-37
-41
-39
-40
-41
-43
-42
-41
-43
-45
-44
-46
-47
-48
-47
-48
-48
-49
-49
-49
-49
-50
-51
-51
-51
-50
-51
-51
-50
-52
-52
-54
-53
-52
-55
-53
-53
-51
-52
-50
-51
-54
-50
-52
-49
-51
-53
-51
-49
-52
-50
-49
-54
-49
-49
-51
-50
-52
-52
-53
-53
-54
-55
-55
-55
-57
-55
-61
-58
-58
-63
-59
-61
-60
-61
-60
-61
-58
-55
-55
-49
-51
-54
-51
-50
-50
-48
-51
-49
-50
-52
-51
-50
-50
-51
-52
-50
-53
-53
-54
-51
-50
-51
-54
-53
-54
-56
-54
-54
-56
-55
-55
-52
-53
-53
-50
-53
-56
-55
-55
-53
-50
-50
-53
-54
-49
-49
-52
