-8
-4
-7
-6
-7
-9
-7
-8
-7
-10
-4
-5
-4
-4
-7
-4
-8
-7
-4
-7
-8
-10
-9
-13
-12
-17
-15
-12
-17
-18
-20
-20
-20
-19
-17
-18
-18
-18
-15
-16
-15
-15
-17
-11
-13
-11
-13
-12
-13
-14
-12
-8
-8
-2
-2
-4
-2
-5
-1
-2
-3
-2
-2
1
0
2
5
2
2
2
1
1
5
3
2
2
1
4
2
-1
-1
0
4
-3
0
1
-7
-4
-7
-7
-7
-12
-12
-10
-11
-11
-12
-15
-15
-15
-18
-17
-19
-19
-16
-15
-14
-13
-14
-17
-12
-10
-6
-8
-7
-5
-2
-3
1
1
0
2
4
7
4
5
5
4
8
4
8
8
12
10
7
11
8
8
6
4
4
3
2
1
0
0
-3
-3
-6
-6
-7
-7
-7
-11
-11
-12
-13
-16
-19
-18
-18
-18
-19
-18
-18
-21
-20
-16
-19
-20
-17
-17
-14
-12
-13
-13
-14
-11
-10
-8
-6
-5
-1
-4
-2
0
-1
-3
0
1
-2
0
2
-2
0
-1
-1
2
-1
0
-2
-2
-7
-8
-9
-10
-9
-8
-12
-13
-13
-13
-15
-22
-18
-21
-20
-20
-20
-17
-20
-18
-17
-18
-21
-18
-20
-22
-19
-20
-20
-20
-19
-16
-15
-12
-18
-14
-13
-14
-14
-16
-13
-13
-11
-8
-8
-5
-5
-3
-2
-3
-4
-3
-4
-2
-1
-3
-3
-3
-3
-3
-7
-6
-3
-5
-10
-11
-9
-9
-12
-16
-17
-21
-19
-18
-18
-21
-19
-19
-18
-19
-21
-22
-17
-21
-22
-20
-21
-19
-18
-17
-16
-18
-19
-16
-10
-10
-8
-3
-7
-2
-3
1
2
0
2
2
1
4
5
6
6
10
9
6
8
8
8
7
9
8
5
4
2
2
0
0
-6
-5
-5
-6
-8
-10
-12
-12
-13
-16
-18
-18
-18
-17
-19
-19
-18
-18
-18
-18
-17
-17
-15
-16
-16
-16
-15
-10
-8
-11
-8
-2
-1
1
2
6
4
5
8
8
9
7
10
9
14
20
14
13
10
11
12
3
5
5
6
5
1
-1
-2
-1
-6
-5
-5
-5
-6
-12
-13
-15
-12
-13
-12
-12
-13
-13
-15
-19
-18
-17
-16
-16
-19
-21
-19
-16
-15
-13
-15
-13
-14
-12
-8
-9
-9
-6
-2
-3
1
2
6
3
0
1
4
9
11
8
8
12
8
7
8
7
5
8
5
6
6
3
1
1
-1
-1
1
-1
-5
-4
-5
-6
-8
-13
-14
-15
-14
-17
-15
-14
-19
-16
-19
-19
-17
-19
-14
-17
-17
-17
-17
-15
-17
-15
-16
-16
-11
-16
-14
-8
-8
-7
-4
-2
-4
-6
-4
1
-1
1
0
0
0
0
-3
-2
-1
-5
-3
-5
-3
-3
-7
-8
-9
-11
-11
-14
-18
-17
-17
-21
-21
-21
-24
-22
-24
-24
-25
-26
-23
-22
-22
-24
-22
-22
-23
-23
-25
-27
-19
-21
-21
-18
-17
-11
-10
-10
-12
-11
-7
-8
-7
-3
-4
-3
-3
-3
-3
-2
-1
0
-1
-5
-3
-8
-7
-9
-10
-13
-10
-11
-11
-12
-13
-11
-13
-14
-16
-17
-16
-18
-19
-21
-20
-21
-19
-18
-21
-22
-24
-22
-25
-22
-20
-18
-19
-16
-14
-17
-14
-15
-14
-12
-14
-12
-9
-7
-4
-7
-3
0
0
1
1
2
4
4
4
3
5
5
7
8
4
5
2
2
2
4
1
1
4
1
2
1
-2
-4
-4
-4
-5
-5
-6
-6
-4
-8
-8
-6
-9
-6
-6
-7
-7
-8
-10
-11
-9
-10
-9
-7
-6
-5
-2
-4
-5
-1
0
1
1
4
3
0
4
5
4
4
7
8
5
7
6
10
9
6
9
7
6
6
9
8
4
2
1
1
1
-1
-1
-3
1
-1
-5
-4
-6
-7
-9
-5
-7
-13
-11
-11
-12
-11
-12
-8
-10
-9
-9
-9
-5
-9
-6
-6
-6
-3
-2
1
1
5
3
5
6
6
9
9
9
9
11
9
11
9
7
9
6
5
6
4
3
5
3
-2
-2
3
-3
-6
-9
-10
-7
-6
-9
-7
-8
-8
-13
-10
-9
-12
-10
-13
-15
-13
-14
-12
-12
-14
-11
-11
-13
-10
-9
-8
-8
-7
-9
-10
-9
-8
-4
-6
-2
-1
-3
0
-4
-3
-1
0
3
1
4
2
0
-1
-2
-1
-3
-2
-5
-5
-4
-5
-6
-7
-5
-11
-11
-10
-9
-15
-15
-13
-16
-18
-18
-16
-18
-20
-20
-19
-19
-20
-20
-22
-24
-22
-22
-21
-21
-21
-19
-19
-19
-22
-21
-20
-21
-19
-20
-17
-19
-16
-14
-13
-13
-11
-11
-11
-11
-12
-17
-15
-11
-11
-10
-9
-8
-10
-10
-11
-11
-13
-12
-13
-14
-14
-14
-21
-21
-22
-21
-20
-21
-21
-23
-26
-26
-26
-27
-27
-28
-26
-26
-26
-24
-23
-23
-21
-22
-23
-25
-23
-22
-20
-19
-18
-17
-14
-11
-12
-9
-11
-7
-7
-7
-6
-4
-2
-2
-1
-1
0
-3
-4
-1
-1
-3
2
-1
-6
-5
-5
-5
-6
-5
-5
-7
-8
-9
-9
-10
-12
-11
-10
-13
-11
-11
-13
-8
-10
-13
-11
-9
-12
-6
-9
-13
-13
-14
-12
-11
-9
-10
-12
-9
-9
-6
-3
-6
-5
-5
-5
-4
-3
-1
2
1
2
3
5
3
3
4
2
4
7
6
7
5
4
4
1
4
2
4
2
1
2
2
1
0
0
0
2
4
3
6
4
2
4
3
3
5
5
2
4
4
3
6
9
10
7
5
6
6
5
6
7
7
8
10
9
8
11
12
12
10
11
13
14
10
10
11
13
15
14
19
17
14
16
14
15
13
13
16
16
14
13
16
15
16
14
13
14
13
16
16
16
14
17
16
15
12
15
17
10
11
9
12
15
14
13
13
18
18
18
19
20
21
19
19
19
19
19
20
15
18
18
17
18
17
19
16
17
11
10
11
13
11
10
11
12
9
8
8
9
9
9
12
6
7
11
9
10
8
6
4
4
10
6
11
11
10
12
8
8
9
9
9
10
8
6
5
4
6
7
10
11
10
11
11
12
9
9
8
12
13
10
11
9
11
10
5
7
8
5
4
4
6
4
0
1
0
1
2
2
1
2
3
-3
-5
-3
3
-3
4
4
5
8
8
11
3
5
9
8
9
6
7
6
4
5
7
6
5
8
5
3
3
-1
2
2
4
5
6
10
7
7
8
6
6
5
5
3
2
5
3
5
6
7
5
4
5
4
5
3
7
7
7
6
4
7
7
6
4
8
8
8
9
10
7
9
9
10
11
11
10
7
8
11
7
6
7
4
8
10
10
8
11
12
8
6
8
7
9
8
11
10
10
7
8
12
7
11
10
9
11
9
9
8
8
8
10
9
6
5
8
7
8
11
10
10
13
12
12
15
14
16
14
15
14
14
14
16
16
15
16
16
13
14
15
15
16
17
17
17
15
18
19
15
19
19
20
15
14
15
14
14
13
14
15
18
18
13
14
16
13
16
13
11
11
10
13
12
12
13
15
15
16
17
17
13
9
14
15
15
16
15
19
20
20
19
19
19
21
21
23
20
19
23
23
24
26
23
25
24
20
21
22
20
22
20
18
18
19
21
16
16
14
17
16
13
18
19
17
16
16
17
18
19
21
20
22
20
21
23
22
24
22
23
21
22
25
25
20
21
20
20
21
20
24
21
23
22
21
18
18
18
17
20
22
20
18
18
16
15
13
15
12
16
13
11
13
11
10
11
10
8
12
9
9
11
7
11
10
8
8
9
8
7
9
9
9
13
11
12
12
12
11
10
13
10
14
14
12
13
11
13
10
10
8
5
6
7
9
7
8
7
6
7
9
4
5
4
1
5
9
10
10
9
10
9
8
8
8
6
6
4
3
7
5
6
6
7
4
4
4
2
5
1
0
0
2
1
4
5
5
7
6
7
5
5
5
5
7
7
8
9
10
14
11
7
9
7
8
8
9
11
10
9
8
7
9
7
5
6
6
8
9
6
2
2
3
8
7
3
5
7
4
4
4
3
-1
2
5
2
8
8
8
7
6
9
9
9
12
10
10
11
15
12
13
12
12
14
18
16
18
18
17
18
16
16
19
15
14
18
15
15
18
12
13
15
12
13
11
14
12
11
6
8
8
8
11
13
10
9
10
10
9
7
8
11
8
8
9
8
6
8
12
8
12
13
12
14
14
13
12
10
13
16
15
18
14
16
16
16
16
15
18
13
11
11
12
16
17
16
17
17
16
16
19
13
11
14
15
16
15
12
16
19
16
15
17
16
11
14
14
12
11
13
16
13
13
12
10
10
13
12
10
10
11
9
8
11
11
15
9
8
11
10
9
9
11
11
11
13
15
14
12
12
14
12
12
12
9
10
12
12
10
10
13
7
9
9
4
6
6
6
4
4
8
6
5
4
4
6
4
6
2
3
3
2
4
3
0
-1
-2
0
1
-6
-4
-3
-5
-4
-3
-3
-5
-4
-3
-3
-4
-2
-4
-3
-5
-4
-6
-4
-1
-2
-1
-4
-3
-3
1
-1
-1
0
-1
0
0
1
2
-1
-4
-8
-7
-8
-7
-7
-12
-11
-10
-7
-9
-9
-8
-8
-11
-13
-15
-20
-13
-16
-17
-16
-14
-12
-13
-13
-12
-11
-16
-13
-11
-11
-11
-11
-15
-17
-13
-11
-9
-9
-10
-12
-11
-11
-12
-11
-13
-11
-11
-10
-11
-9
-7
-5
-7
-5
-7
-6
-4
-3
-1
-3
-4
1
2
-1
0
-3
-7
-4
-8
-9
-7
-7
-6
-9
-9
-9
-8
-10
-9
-8
-9
-8
-10
-10
-11
-11
-10
-12
-13
-9
-11
-12
-10
-10
-9
-12
-10
-9
-11
-9
-9
-12
-10
-5
-7
-5
-5
-4
-4
-2
-2
-2
0
-4
-3
-2
-4
1
-2
1
0
2
2
0
2
-4
-5
-3
-2
-6
-5
-5
-3
0
-4
-6
-5
-6
-7
-6
-7
-7
-6
-7
-7
-9
-8
-8
-9
-8
-9
-11
-9
-9
-9
-8
-8
-6
-7
-6
-2
-4
-5
-4
-2
-2
-1
-3
-4
-1
1
1
-1
-3
3
5
3
2
3
4
2
3
0
0
-1
-5
-2
0
-3
-1
-2
1
-1
0
-1
-5
-4
-3
-1
-2
0
6
1
4
5
3
3
3
2
1
3
2
5
3
1
3
3
5
0
0
0
1
3
2
1
2
2
4
7
5
0
0
1
6
3
4
6
4
2
0
4
0
1
3
3
-1
1
2
1
-1
-2
-1
-1
-1
-2
-2
-1
-3
-8
-6
-6
-9
-8
-8
-7
-11
-7
-9
-9
-8
-9
-6
-6
-5
-7
-6
-4
-8
-6
-5
-5
-7
-9
-5
-7
-5
-4
-3
-5
-6
-5
-3
-5
-7
-6
-6
-9
-5
-5
-7
-6
-7
-7
-6
-4
-8
-10
-10
-10
-12
-12
-10
-12
-11
-13
-14
-14
-17
-18
-16
-16
-19
-18
-20
-21
-19
-20
-20
-21
-19
-20
-19
-18
-17
-26
-20
-17
-20
-16
-16
-12
-12
-14
-14
-12
-9
-11
-10
-11
-9
-7
-14
-9
-11
-10
-5
-8
-8
-8
-9
-10
-7
-8
-13
-11
-12
-11
-10
-12
-11
-13
-12
-15
-15
-16
-17
-16
-15
-15
-15
-17
-14
-11
-15
-16
-15
-17
-17
-17
-15
-11
-16
-15
-15
-15
-16
-14
-15
-15
-14
-14
-13
-12
-12
-14
-12
-12
-13
-10
-11
-12
-11
-11
-7
-8
-9
-10
-11
-6
-8
-8
-5
-4
-9
-7
-7
-7
-7
-4
-8
-8
-7
-10
-11
-10
-9
-8
-11
-12
-9
-10
-9
-10
-11
-10
-10
-8
-8
-9
-7
-7
-10
-9
-7
-8
-5
-6
-6
-8
-6
-3
-5
-3
-2
-4
-2
-5
-4
-6
-4
-5
-5
-3
-2
-2
-2
-2
-2
-4
-3
-2
-2
-3
-4
0
-2
-3
-4
-5
-5
-6
-6
-5
-7
-2
-3
-5
-8
-9
-6
-7
-10
-13
-13
-13
-10
-12
-11
-12
-12
-10
-9
-7
-8
-8
-9
-8
-9
-6
-4
-4
-3
-7
-3
-1
0
-1
0
0
0
3
4
6
1
7
3
5
5
1
0
-2
0
-5
-3
-5
-5
-5
0
-4
-10
-6
-5
-3
-6
-9
-4
-5
-8
-8
-7
-9
-11
-9
-10
-9
-8
-10
-11
-10
-8
-10
-11
-11
-9
-7
-10
-9
-8
-10
-9
-11
-10
-10
-6
-8
-6
-4
-5
-5
-2
-4
-3
0
-4
-3
-6
-3
-4
-4
-6
-9
-5
-6
-6
-4
-3
0
-4
-4
-5
-8
-4
-5
-7
-5
-10
-9
-6
-11
-8
-8
-7
-5
-10
-11
-12
-12
-13
-12
-11
-11
-10
-13
-11
-11
-10
-14
-10
-10
-14
-11
-12
-10
-11
-14
-11
-13
-11
-10
-10
-7
-7
-5
-6
-12
-7
-6
-8
-6
-3
-4
-6
-3
-4
-4
-2
-3
-5
-8
-7
-7
-6
-7
-7
-6
-6
-3
-7
-6
-7
-7
-8
-8
-14
-10
-11
-12
-9
-8
-8
-8
-4
-10
-12
-12
-10
-9
-8
-5
-6
-3
-5
-3
0
-3
-4
-5
-4
-2
1
5
3
3
3
0
4
2
0
1
0
4
4
4
3
3
3
5
5
3
3
3
7
4
6
5
6
8
7
8
9
7
8
9
8
7
8
7
10
9
8
9
5
6
6
7
4
5
7
6
8
8
7
8
11
8
8
6
6
5
2
7
6
10
8
9
6
7
10
9
7
6
8
8
9
11
8
6
5
7
8
7
7
8
8
8
5
5
8
8
9
8
10
9
9
12
13
10
9
7
9
7
5
7
8
14
10
6
5
7
7
7
9
5
6
6
7
6
5
7
7
5
6
6
3
2
3
4
4
4
6
6
6
9
8
7
6
5
9
6
8
9
7
10
6
9
6
8
8
5
5
6
3
4
5
4
2
3
6
6
-2
1
2
1
3
4
6
3
5
3
4
2
3
5
6
5
3
1
4
3
2
2
4
5
3
6
5
5
1
0
0
0
-1
1
2
-2
-1
-2
-2
-1
1
-1
1
-1
-2
0
-3
0
1
-2
0
-2
-2
-2
2
0
-3
-1
-4
-6
-6
-5
-4
-5
-6
-7
-6
-8
-5
-5
-3
-2
-4
-1
1
-5
-2
-3
-4
-4
-1
1
-1
0
-5
-4
-4
-4
-3
-6
-6
-8
-9
-4
-5
-7
-8
-8
-6
-7
-7
-5
-6
-3
-7
-10
-7
-8
-9
-4
-5
0
-2
-4
-3
-2
-4
-2
-1
-1
-1
-3
-1
-3
-4
-3
0
0
-2
-2
-5
-3
-6
-5
-6
-5
-3
-5
-3
-4
-2
-3
-1
-3
-4
-9
-5
-8
-6
-2
-5
-1
-2
-1
-1
-1
-4
-2
-3
-1
-1
4
2
0
1
1
3
3
2
2
2
4
4
5
3
4
4
7
8
6
6
4
0
3
4
3
6
8
9
8
6
7
4
5
4
2
3
3
3
4
6
5
4
5
3
3
2
1
5
3
5
5
3
2
5
4
2
3
1
1
0
1
2
2
4
2
4
4
4
4
4
4
5
4
4
5
3
4
4
2
7
6
5
4
7
6
7
10
9
11
10
8
10
10
10
11
12
11
9
10
8
7
7
7
13
11
8
10
10
12
11
9
6
7
9
9
7
11
13
10
13
9
12
12
8
9
11
14
10
11
11
16
16
18
17
16
16
16
16
14
13
13
15
14
14
13
14
15
12
11
9
8
10
8
10
10
6
9
11
5
4
3
6
8
7
8
5
4
7
8
8
10
10
10
9
8
8
10
8
8
10
8
12
10
12
11
10
10
11
9
9
10
10
9
9
9
6
10
9
11
12
14
14
7
8
10
5
7
7
6
6
4
6
8
7
6
7
8
5
6
4
1
2
4
2
3
5
-1
-2
1
0
2
0
2
2
2
3
0
1
2
3
1
5
4
0
1
2
1
1
4
-1
1
1
-4
-3
-2
-2
-2
-2
-5
-6
-6
-6
-5
-10
-8
-7
-10
-6
-4
-2
-2
-4
-4
-3
-3
-2
-3
-4
-2
-2
0
-2
-3
3
1
1
2
2
2
1
-2
-2
0
-2
-1
-3
3
-2
-2
-2
-1
-2
-6
-6
-6
-5
-7
-2
-5
-6
-2
-2
-3
-3
0
-1
-1
-1
-1
2
1
2
5
1
3
5
4
2
1
1
1
3
1
1
3
0
-2
-3
-2
-4
-4
-9
-5
-8
-11
-8
-9
-6
-7
-8
-8
-4
-3
-2
2
2
7
13
11
14
15
14
21
19
21
24
22
27
24
24
26
23
23
23
20
16
20
14
10
8
6
4
1
0
-4
-4
-6
-7
-12
-14
-12
-9
-11
-9
-6
-4
-1
-2
3
8
9
17
24
26
30
35
39
44
44
45
46
42
42
41
36
33
25
20
15
9
1
-4
-8
-7
-17
-26
-25
-30
-31
-39
-41
-43
-45
-44
-44
-37
-36
-31
-21
-7
2
18
34
45
60
76
88
95
108
113
113
113
105
98
89
76
62
48
35
22
10
-2
-14
-26
-37
-49
-61
-73
-84
-95
-109
-117
-128
-138
-144
-147
-145
-139
-123
-91
-53
-7
39
90
142
186
224
253
270
273
264
243
212
176
132
89
52
15
-13
-39
-57
-70
-81
-87
-89
-93
-98
-102
-109
-112
-122
-124
-131
-135
-141
-147
-145
-145
-131
-113
-84
-45
-1
49
94
147
194
235
266
286
288
278
258
226
189
144
98
50
6
-29
-60
-82
-97
-109
-112
-110
-107
-103
-97
-90
-87
-83
-77
-75
-73
-74
-76
-82
-84
-94
-97
-103
-102
-84
-66
-37
-5
37
80
122
168
201
226
242
244
236
219
191
156
114
68
29
-6
-36
-56
-72
-79
-80
-75
-69
-64
-59
-57
-57
-55
-55
-59
-63
-71
-77
-81
-92
-101
-112
-124
-135
-138
-135
-127
-106
-82
-47
-6
46
99
154
198
234
263
274
274
263
234
196
154
108
68
28
-10
-38
-62
-73
-79
-75
-76
-73
-70
-63
-57
-55
-52
-60
-63
-67
-69
-75
-80
-88
-97
-109
-124
-134
-141
-147
-143
-126
-103
-69
-27
25
76
129
182
225
259
283
290
280
256
222
180
131
82
34
-4
-37
-61
-74
-78
-75
-67
-61
-44
-31
-25
-20
-17
-15
-20
-21
-29
-38
-46
-54
-65
-80
-99
-119
-138
-155
-168
-177
-170
-159
-137
-98
-52
7
68
129
189
241
283
310
319
311
285
250
202
153
103
51
9
-27
-52
-64
-69
-64
-56
-42
-34
-19
-10
-9
-13
-19
-25
-34
-40
-45
-49
-54
-54
-62
-74
-85
-99
-112
-132
-152
-165
-169
-166
-149
-119
-74
-23
39
103
170
230
277
310
326
328
309
276
231
176
124
75
30
-9
-32
-46
-53
-46
-36
-20
-7
1
5
7
4
-5
-17
-31
-40
-46
-46
-43
-41
-40
-37
-40
-50
-60
-84
-115
-142
-166
-186
-191
-187
-170
-139
-87
-20
53
126
197
259
305
337
346
334
307
260
209
150
95
46
1
-29
-48
-53
-47
-36
-22
-9
0
5
1
-4
-10
-25
-39
-50
-57
-51
-41
-29
-15
1
9
11
7
-10
-41
-80
-124
-163
-198
-221
-234
-226
-204
-158
-93
-21
65
146
219
280
325
345
347
330
292
245
191
133
81
39
7
-12
-22
-21
-12
-1
7
12
13
4
-10
-27
-45
-63
-75
-78
-73
-62
-43
-23
3
29
40
41
30
4
-28
-77
-132
-182
-223
-260
-272
-266
-240
-190
-125
-47
32
119
197
263
306
336
339
327
298
255
208
158
114
74
49
33
24
22
20
23
24
17
9
-6
-27
-52
-72
-89
-101
-106
-102
-87
-60
-32
-3
22
44
53
39
22
-16
-62
-115
-172
-218
-251
-268
-271
-254
-212
-150
-79
6
93
173
243
295
323
338
332
306
270
222
174
128
89
54
33
20
13
11
13
12
13
10
-6
-22
-42
-58
-78
-87
-92
-83
-64
-43
-11
15
46
65
73
70
52
20
-23
-74
-129
-182
-225
-258
-270
-261
-241
-193
-133
-59
17
96
169
229
276
304
317
312
291
262
222
186
149
117
96
76
65
59
56
53
48
39
24
4
-13
-33
-54
-68
-77
-77
-68
-51
-31
-4
23
48
68
79
73
57
31
-9
-56
-111
-162
-207
-246
-271
-277
-262
-229
-180
-123
-55
20
88
162
222
267
301
316
319
305
288
263
228
196
166
139
115
91
71
55
34
16
-2
-23
-42
-59
-75
-83
-86
-83
-63
-45
-20
13
42
75
103
122
132
135
118
94
57
13
-40
-96
-152
-206
-247
-280
-292
-295
-279
-248
-205
-156
-96
-35
28
91
150
202
243
275
290
300
300
288
274
251
225
197
166
139
106
75
39
8
-11
-32
-51
-66
-76
-80
-79
-70
-56
-37
-11
17
44
72
97
114
129
138
136
127
104
75
29
-18
-72
-130
-189
-245
-293
-334
-362
-371
-368
-348
-316
-268
-207
-139
-61
18
97
172
244
302
345
372
386
385
369
338
298
254
202
147
91
40
-9
-52
-89
-113
-130
-138
-135
-133
-121
-101
-78
-48
-14
16
51
90
123
153
176
202
214
218
217
208
184
147
102
44
-24
-96
-174
-251
-323
-383
-432
-469
-491
-489
-465
-431
-377
-312
-234
-143
-54
41
131
215
294
359
412
443
464
461
437
401
350
292
220
148
75
2
-59
-117
-161
-191
-211
-216
-209
-192
-165
-128
-86
-44
6
53
102
146
185
225
261
290
307
317
318
309
288
252
209
149
77
-2
-88
-180
-271
-362
-444
-511
-560
-595
-604
-594
-558
-508
-440
-356
-261
-159
-59
48
152
242
333
403
455
494
514
523
502
465
407
341
264
173
82
-6
-90
-168
-232
-277
-300
-303
-288
-259
-211
-151
-86
-18
56
125
190
248
292
333
361
381
390
393
388
375
353
320
280
230
174
107
29
-51
-136
-222
-308
-390
-462
-530
-577
-606
-617
-600
-571
-522
-460
-383
-298
-207
-109
-17
76
166
241
301
359
403
437
456
462
445
415
372
311
238
156
71
-24
-111
-190
-257
-305
-336
-342
-319
-276
-217
-142
-57
38
127
212
286
345
388
418
434
438
426
407
386
354
325
289
256
218
172
127
75
22
-39
-104
-168
-237
-301
-366
-420
-467
-508
-534
-539
-534
-512
-475
-430
-374
-313
-247
-185
-121
-57
2
55
105
151
191
232
263
289
308
318
316
294
266
219
163
98
27
-43
-108
-167
-211
-238
-238
-222
-190
-140
-77
3
79
153
218
267
306
334
345
350
342
324
308
288
278
265
252
241
231
218
198
179
146
107
63
6
-60
-132
-204
-273
-341
-401
-451
-486
-513
-529
-526
-505
-482
-454
-421
-385
-339
-301
-254
-209
-159
-106
-63
-2
50
110
167
220
271
308
337
343
328
305
263
213
138
61
-14
-100
-156
-204
-233
-245
-239
-213
-179
-122
-62
-2
55
109
155
194
226
243
253
264
266
273
286
297
305
304
309
307
305
292
265
243
203
161
113
64
17
-37
-88
-135
-174
-207
-239
-275
-307
-335
-365
-390
-420
-442
-450
-464
-482
-495
-489
-467
-438
-408
-369
-310
-251
-186
-118
-53
20
87
154
226
287
336
356
369
372
366
344
295
235
166
92
15
-57
-126
-191
-242
-275
-288
-280
-264
-232
-194
-144
-84
-27
34
87
138
183
220
252
279
302
319
326
330
335
335
328
316
301
283
260
236
219
202
178
148
116
89
66
40
8
-25
-59
-89
-118
-153
-186
-223
-253
-289
-325
-354
-374
-393
-402
-402
-401
-396
-392
-385
-373
-354
-340
-324
-303
-270
-235
-197
-150
-95
-20
61
144
226
299
351
389
416
422
409
370
312
236
158
80
0
-72
-134
-181
-206
-210
-199
-180
-144
-108
-67
-20
27
66
100
127
145
170
195
221
247
272
302
332
362
384
396
401
400
390
381
361
322
275
225
183
140
94
39
-7
-50
-88
-124
-167
-205
-242
-280
-316
-347
-374
-402
-434
-451
-456
-461
-461
-450
-437
-414
-391
-363
-327
-299
-262
-228
-193
-161
-129
-94
-56
-11
34
82
132
174
205
228
248
265
262
244
209
171
129
80
29
-25
-69
-106
-134
-147
-145
-130
-112
-87
-49
-9
36
71
104
131
156
179
195
216
229
238
251
263
281
291
308
317
320
325
331
329
325
319
312
310
298
277
255
229
209
172
138
95
42
-11
-74
-133
-197
-255
-315
-371
-419
-461
-487
-512
-533
-549
-547
-531
-516
-496
-479
-453
-421
-382
-350
-310
-281
-251
-217
-183
-142
-117
-86
-54
-6
36
72
109
137
147
156
169
171
169
146
114
81
60
37
8
-17
-42
-53
-59
-57
-50
-39
-30
-14
4
28
51
68
83
99
115
135
158
172
184
202
232
256
277
295
314
332
348
366
379
391
398
396
401
410
406
388
362
336
303
268
221
168
106
38
-29
-96
-166
-242
-318
-391
-458
-520
-584
-644
-704
-751
-768
-757
-736
-713
-683
-635
-568
-490
-415
-347
-280
-235
-188
-159
-125
-111
-111
-119
-119
-105
-81
-58
-29
3
41
83
131
177
201
209
196
188
166
135
85
33
-14
-51
-76
-96
-99
-96
-84
-57
-22
14
52
78
100
120
141
157
169
168
177
189
208
232
252
279
310
343
376
409
441
463
470
475
470
466
454
433
406
383
372
365
367
366
366
363
347
330
304
256
192
108
23
-76
-174
-285
-387
-475
-552
-613
-657
-673
-671
-669
-663
-655
-639
-616
-587
-560
-540
-532
-523
-507
-489
-465
-447
-417
-397
-368
-329
-283
-226
-174
-112
-34
46
134
207
272
334
381
422
426
418
394
351
288
221
150
73
-6
-89
-152
-193
-222
-240
-241
-220
-182
-138
-79
-19
51
117
184
253
315
368
413
451
480
511
538
551
562
565
566
566
551
540
531
522
510
495
486
494
511
523
534
550
563
568
567
560
551
528
494
451
406
360
298
231
154
79
1
-88
-178
-265
-347
-453
-566
-680
-803
-925
-1051
-1174
-1273
-1341
-1372
-1375
-1339
-1268
-1165
-1026
-891
-732
-572
-413
-271
-160
-62
6
59
90
111
155
218
314
412
499
583
657
726
754
731
659
536
379
187
-23
-239
-446
-639
-794
-890
-914
-876
-795
-663
-497
-291
-77
121
300
450
562
636
679
690
678
641
596
550
518
491
464
441
425
411
393
362
319
259
194
136
78
35
3
-1
26
88
184
326
519
729
939
1131
1293
1422
1489
1488
1422
1306
1137
925
700
468
250
46
-117
-234
-296
-317
-323
-297
-259
-218
-195
-211
-251
-336
-452
-609
-791
-962
-1166
-1351
-1525
-1626
-1644
-1645
-1607
-1560
-1414
-1239
-1058
-911
-783
-639
-530
-442
-384
-342
-295
-253
-179
-44
158
384
578
765
951
1138
1267
1289
1222
1079
873
604
281
-60
-406
-734
-1021
-1218
-1302
-1309
-1248
-1130
-937
-686
-416
-162
59
247
399
518
595
632
649
644
632
636
662
699
727
752
766
777
770
723
625
485
328
152
-38
-221
-380
-510
-600
-629
-585
-484
-329
-131
107
378
701
1083
1442
1717
1904
2019
2088
2075
1965
1747
1461
1136
781
450
138
-137
-378
-551
-641
-632
-555
-458
-348
-226
-97
23
99
136
128
55
-72
-222
-393
-611
-846
-1101
-1327
-1495
-1619
-1670
-1669
-1646
-1598
-1493
-1363
-1238
-1157
-1149
-1160
-1149
-1158
-1163
-1175
-1184
-1134
-988
-729
-370
49
445
841
1249
1630
1935
2085
2088
1975
1758
1417
997
521
-3
-531
-1008
-1379
-1613
-1745
-1799
-1757
-1600
-1346
-1055
-757
-489
-237
-7
172
334
469
573
657
740
845
978
1117
1222
1305
1376
1420
1416
1329
1153
918
640
318
-22
-350
-655
-912
-1098
-1191
-1159
-1036
-837
-566
-226
175
633
1119
1550
1903
2167
2352
2456
2454
2330
2096
1806
1453
1087
723
363
45
-233
-436
-544
-569
-539
-476
-379
-256
-108
20
103
157
162
126
52
-63
-223
-429
-653
-873
-1065
-1265
-1485
-1684
-1815
-1899
-1901
-1848
-1800
-1765
-1768
-1751
-1719
-1684
-1720
-1758
-1771
-1751
-1683
-1578
-1371
-1072
-648
-163
386
944
1470
1947
2328
2591
2706
2671
2453
2097
1611
1039
414
-238
-875
-1440
-1889
-2208
-2375
-2401
-2311
-2115
-1819
-1472
-1085
-710
-363
-46
231
470
681
875
1044
1191
1325
1463
1606
1707
1765
1770
1720
1602
1406
1135
796
400
-29
-451
-838
-1173
-1438
-1601
-1647
-1580
-1400
-1123
-770
-372
126
708
1281
1776
2160
2490
2765
2923
2939
2797
2568
2235
1839
1395
933
495
59
-308
-586
-719
-765
-746
-672
-536
-324
-107
94
256
376
438
463
437
362
220
24
-207
-451
-679
-915
-1147
-1350
-1543
-1672
-1789
-1869
-1955
-2018
-2082
-2163
-2205
-2284
-2362
-2455
-2521
-2520
-2482
-2407
-2287
-2068
-1719
-1234
-618
46
732
1414
2027
2608
3063
3372
3457
3346
3054
2610
2047
1329
540
-294
-1088
-1783
-2344
-2756
-3023
-3124
-3064
-2844
-2487
-2057
-1594
-1119
-654
-195
243
627
958
1238
1484
1709
1918
2086
2204
2269
2264
2215
2098
1893
1586
1193
735
246
-255
-755
-1218
-1615
-1912
-2079
-2105
-1998
-1771
-1451
-1053
-548
48
639
1229
1811
2340
2793
3116
3319
3398
3349
3141
2806
2399
1901
1366
793
232
-244
-626
-897
-1068
-1097
-1019
-841
-595
-324
-20
257
478
653
764
807
770
664
502
288
61
-203
-486
-753
-982
-1186
-1370
-1564
-1734
-1896
-1991
-2068
-2106
-2195
-2334
-2481
-2636
-2745
-2846
-2943
-3048
-3088
-3026
-2837
-2529
-2113
-1559
-819
15
911
1757
2544
3237
3788
4140
4242
4139
3806
3254
2497
1590
620
-373
-1353
-2274
-3010
-3522
-3823
-3914
-3825
-3534
-3071
-2510
-1896
-1263
-633
-45
484
932
1331
1676
1952
2161
2336
2472
2575
2613
2575
2466
2281
2014
1647
1199
668
97
-500
-1093
-1626
-2069
-2398
-2599
-2639
-2514
-2233
-1821
-1323
-761
-162
441
1019
1600
2168
2670
3079
3375
3581
3682
3647
3472
3158
2754
2232
1644
1005
364
-224
-768
-1189
-1478
-1573
-1517
-1336
-1048
-676
-232
197
582
901
1136
1281
1315
1263
1113
901
640
335
29
-256
-528
-795
-1076
-1352
-1592
-1803
-2024
-2260
-2476
-2694
-2875
-3060
-3240
-3408
-3550
-3644
-3669
-3627
-3495
-3334
-3071
-2739
-2247
-1601
-801
119
1051
1958
2762
3503
4136
4572
4743
4623
4282
3750
3013
2069
972
-180
-1319
-2377
-3288
-3982
-4418
-4631
-4625
-4374
-3880
-3201
-2459
-1700
-943
-179
547
1172
1685
2093
2426
2683
2856
2972
3026
2995
2871
2676
2429
2113
1697
1168
570
-50
-671
-1279
-1858
-2353
-2721
-2937
-2975
-2829
-2494
-2000
-1364
-629
150
950
1698
2347
2877
3273
3547
3677
3659
3507
3241
2883
2437
1957
1458
969
506
77
-271
-533
-711
-811
-843
-782
-647
-457
-241
-10
234
461
660
818
929
1003
1006
963
869
747
592
396
197
-5
-205
-427
-662
-906
-1162
-1446
-1787
-2130
-2462
-2813
-3149
-3448
-3644
-3805
-3929
-4011
-3989
-3819
-3643
-3405
-3159
-2775
-2311
-1815
-1244
-547
382
1300
2122
2797
3467
4116
4579
4721
4593
4303
3830
3103
2122
1025
-99
-1246
-2417
-3455
-4201
-4656
-4900
-4970
-4738
-4184
-3411
-2586
-1757
-871
15
830
1487
2022
2471
2800
2983
3048
3081
3067
2961
2747
2490
2221
1922
1534
1060
546
14
-527
-1073
-1580
-2015
-2357
-2594
-2685
-2595
-2354
-1976
-1517
-911
-159
625
1382
2064
2699
3260
3675
3955
4072
4057
3844
3474
2997
2438
1865
1190
523
-105
-575
-922
-1186
-1322
-1338
-1174
-932
-635
-290
79
448
730
964
1152
1283
1318
1235
1094
926
731
481
185
-99
-338
-561
-829
-1139
-1483
-1812
-2112
-2401
-2714
-3038
-3319
-3570
-3753
-3922
-4030
-4102
-4109
-4105
-3995
-3800
-3522
-3242
-2908
-2445
-1729
-725
356
1397
2289
3184
4090
4877
5365
5493
5364
4993
4355
3456
2305
1039
-360
-1812
-3170
-4245
-4977
-5488
-5783
-5780
-5345
-4556
-3626
-2666
-1691
-677
314
1175
1887
2456
2888
3151
3277
3358
3389
3351
3158
2875
2603
2333
2000
1521
958
365
-237
-850
-1469
-2033
-2521
-2904
-3113
-3104
-2868
-2461
-1929
-1263
-473
397
1234
1985
2622
3152
3563
3810
3894
3797
3565
3216
2782
2307
1798
1293
776
320
-53
-321
-511
-667
-736
-735
-628
-485
-322
-137
50
259
438
605
754
861
917
899
874
831
747
596
390
210
34
-155
-391
-688
-1021
-1425
-1855
-2310
-2733
-3109
-3481
-3797
-4053
-4225
-4268
-4337
-4330
-4285
-4129
-3905
-3708
-3410
-3106
-2611
-2019
-1180
-73
1044
2096
2958
3876
4792
5476
5798
5691
5421
4889
4087
2940
1563
135
-1380
-2867
-4203
-5160
-5738
-6083
-6170
-5886
-5145
-4096
-3016
-1963
-904
183
1185
1970
2566
3000
3310
3450
3456
3434
3377
3235
2968
2654
2378
2098
1733
1226
652
67
-531
-1137
-1751
-2304
-2762
-3078
-3204
-3091
-2764
-2247
-1585
-811
51
954
1816
2589
3227
3705
4012
4152
4107
3886
3526
3048
2504
1925
1343
797
306
-113
-438
-641
-755
-796
-752
-654
-493
-316
-128
68
258
424
557
685
782
839
843
781
705
594
453
263
41
-196
-476
-794
-1192
-1624
-2040
-2433
-2782
-3118
-3396
-3652
-3862
-4050
-4196
-4255
-4306
-4339
-4325
-4236
-4049
-3844
-3526
-3007
-2101
-911
309
1475
2549
3712
4831
5702
6183
6301
6196
5746
4959
3813
2459
970
-697
-2395
-3921
-5029
-5799
-6335
-6593
-6413
-5704
-4711
-3653
-2568
-1435
-275
750
1577
2250
2795
3173
3344
3404
3464
3506
3445
3233
2988
2790
2578
2242
1735
1162
548
-106
-831
-1570
-2237
-2819
-3276
-3561
-3597
-3381
-2950
-2376
-1657
-787
275
1396
2348
3134
3765
4310
4668
4750
4619
4278
3850
3222
2527
1830
1118
488
-192
-664
-995
-1124
-1174
-1199
-1058
-860
-529
-244
18
298
522
735
857
975
1037
997
893
711
564
383
139
-145
-475
-764
-1082
-1457
-1862
-2246
-2528
-2853
-3156
-3446
-3685
-3843
-4046
-4199
-4332
-4403
-4453
-4513
-4417
-4272
-3955
-3487
-2644
-1400
-61
1204
2307
3554
4813
5840
6407
6552
6510
6153
5423
4249
2863
1342
-351
-2131
-3806
-5033
-5862
-6451
-6809
-6732
-6063
-5036
-3952
-2894
-1764
-542
563
1427
2097
2663
3115
3340
3402
3456
3545
3552
3367
3131
2944
2798
2503
2001
1413
795
148
-613
-1419
-2173
-2831
-3365
-3751
-3882
-3737
-3350
-2787
-2071
-1141
-25
1106
2101
2932
3662
4287
4691
4828
4719
4453
4017
3429
2758
2065
1404
714
79
-433
-740
-906
-1023
-1078
-1021
-821
-568
-330
-98
142
380
578
742
888
986
1004
938
835
735
601
387
86
-253
-582
-934
-1313
-1711
-2099
-2459
-2816
-3107
-3313
-3512
-3719
-3955
-4135
-4262
-4379
-4493
-4598
-4602
-4518
-4245
-3749
-2848
-1635
-279
1004
2247
3586
4909
5987
6588
6810
6765
6427
5688
4499
3063
1438
-312
-2151
-3851
-5140
-6063
-6683
-7021
-6874
-6168
-5130
-4005
-2901
-1717
-488
615
1493
2140
2662
3062
3277
3360
3395
3452
3451
3330
3170
3035
2927
2677
2238
1684
1085
442
-347
-1196
-2035
-2778
-3382
-3847
-4062
-4024
-3717
-3209
-2482
-1543
-425
830
2023
3067
3926
4620
5149
5400
5380
5079
4583
3941
3132
2303
1406
581
-205
-844
-1269
-1504
-1532
-1502
-1328
-1054
-685
-268
75
404
673
906
1075
1162
1200
1125
999
809
588
352
49
-296
-686
-1077
-1379
-1663
-1956
-2300
-2601
-2820
-3085
-3301
-3541
-3769
-3986
-4294
-4503
-4675
-4760
-4843
-4859
-4565
-4054
-3001
-1756
-345
1029
2342
3778
5098
6213
6832
7065
6999
6564
5816
4605
3134
1442
-419
-2265
-3946
-5218
-6165
-6813
-7093
-6908
-6163
-5133
-4003
-2841
-1684
-493
577
1468
2127
2612
2977
3169
3306
3400
3474
3491
3395
3307
3230
3151
2915
2498
1961
1323
626
-185
-1073
-1977
-2822
-3512
-3998
-4229
-4213
-3941
-3410
-2617
-1595
-414
848
2085
3176
4085
4814
5337
5601
5547
5221
4690
4022
3215
2312
1370
479
-292
-915
-1351
-1590
-1641
-1555
-1352
-1034
-629
-189
196
530
801
1047
1228
1299
1292
1186
1037
841
600
317
-25
-360
-728
-1086
-1423
-1725
-2014
-2336
-2590
-2840
-3041
-3228
-3479
-3724
-4002
-4232
-4454
-4672
-4832
-4953
-4838
-4619
-4085
-3139
-1798
-277
1094
2436
3833
5287
6416
7030
7235
7157
6791
5975
4687
3136
1431
-415
-2374
-4155
-5475
-6374
-6981
-7315
-7117
-6308
-5178
-3988
-2844
-1623
-356
766
1635
2252
2767
3134
3323
3373
3399
3475
3476
3365
3216
3143
3086
2875
2468
1931
1354
704
-94
-979
-1873
-2692
-3383
-3908
-4189
-4199
-3919
-3404
-2648
-1639
-452
787
1949
3000
3949
4733
5285
5537
5529
5292
4848
4221
3446
2592
1704
824
2
-669
-1155
-1464
-1640
-1669
-1536
-1250
-880
-492
-99
285
647
944
1171
1327
1388
1341
1200
1010
771
484
125
-283
-707
-1140
-1516
-1831
-2098
-2323
-2526
-2762
-2988
-3174
-3377
-3655
-3994
-4348
-4633
-4905
-5205
-5446
-5496
-5306
-4804
-3797
-2329
-661
875
2323
3916
5574
6881
7598
7819
7793
7439
6614
5239
3542
1696
-354
-2508
-4489
-5947
-6937
-7639
-8017
-7819
-6895
-5607
-4291
-3044
-1736
-346
886
1797
2432
2931
3299
3458
3466
3476
3548
3551
3408
3248
3213
3222
3048
2627
2090
1520
872
47
-915
-1878
-2770
-3542
-4144
-4483
-4521
-4266
-3737
-2951
-1902
-647
690
1939
3006
3967
4800
5426
5729
5705
5477
5071
4504
3750
2899
2039
1160
344
-407
-946
-1306
-1544
-1678
-1673
-1439
-1098
-721
-365
4
428
797
1107
1314
1447
1503
1433
1296
1075
825
500
107
-308
-725
-1137
-1557
-1925
-2217
-2473
-2673
-2958
-3273
-3565
-3798
-4022
-4303
-4650
-4982
-5246
-5407
-5505
-5420
-5102
-4403
-3160
-1639
35
1553
3100
4698
6168
7261
7784
7985
7817
7239
6159
4643
2955
1002
-1128
-3313
-5137
-6416
-7350
-7957
-8160
-7679
-6629
-5360
-4035
-2705
-1281
61
1168
2033
2692
3220
3513
3604
3631
3675
3743
3660
3480
3333
3272
3184
2857
2370
1790
1161
410
-507
-1456
-2362
-3176
-3898
-4413
-4594
-4469
-4064
-3432
-2523
-1352
-11
1316
2498
3560
4481
5215
5679
5815
5695
5366
4834
4115
3273
2394
1492
621
-196
-822
-1246
-1512
-1671
-1705
-1550
-1244
-855
-485
-125
272
649
974
1204
1361
1443
1426
1313
1119
914
634
269
-143
-569
-970
-1391
-1803
-2179
-2503
-2836
-3156
-3413
-3628
-3851
-4129
-4391
-4602
-4788
-5012
-5241
-5374
-5357
-5126
-4560
-3564
-2148
-605
910
2387
3975
5564
6800
7549
7815
7828
7477
6661
5327
3654
1804
-266
-2412
-4409
-5955
-7047
-7840
-8233
-8050
-7185
-5936
-4631
-3307
-1898
-423
867
1845
2576
3151
3557
3734
3760
3767
3771
3694
3493
3299
3193
3084
2839
2382
1845
1272
617
-191
-1117
-2018
-2844
-3548
-4100
-4403
-4409
-4126
-3557
-2734
-1599
-281
1060
2303
3390
4358
5148
5664
5856
5740
5421
4870
4180
3323
2404
1485
590
-179
-820
-1213
-1463
-1579
-1560
-1410
-1091
-725
-351
-9
319
655
925
1148
1264
1311
1267
1135
964
744
468
122
-293
-724
-1168
-1559
-1934
-2285
-2631
-2982
-3240
-3436
-3616
-3811
-4023
-4201
-4361
-4509
-4698
-4867
-4956
-4986
-4789
-4306
-3254
-1860
-371
972
2335
3928
5502
6704
7327
7569
7593
7255
6407
5042
3429
1611
-437
-2601
-4535
-5944
-6973
-7770
-8190
-7921
-6933
-5648
-4356
-3060
-1619
-109
1169
2117
2815
3368
3738
3850
3823
3781
3748
3596
3305
3065
2946
2860
2576
2097
1568
1060
475
-291
-1163
-2012
-2758
-3394
-3893
-4143
-4110
-3780
-3149
-2201
-1033
263
1575
2784
3843
4719
5375
5744
5773
5496
4989
4340
3538
2602
1625
712
-43
-647
-1081
-1330
-1390
-1308
-1146
-882
-553
-187
128
371
592
807
977
1045
1038
976
881
749
544
287
-11
-362
-767
-1177
-1537
-1864
-2201
-2586
-2908
-3050
-3167
-3372
-3648
-3893
-4028
-4165
-4370
-4596
-4799
-4944
-5036
-4911
-4391
-3384
-2001
-617
751
2175
3809
5412
6598
7271
7557
7638
7326
6497
5175
3547
1723
-346
-2515
-4446
-5931
-7030
-7883
-8280
-7990
-7037
-5761
-4458
-3096
-1607
-90
1224
2201
2913
3448
3796
3913
3858
3768
3653
3467
3179
2910
2768
2648
2397
1954
1464
994
457
-244
-1076
-1885
-2600
-3210
-3695
-3958
-3941
-3661
-3141
-2378
-1294
23
1315
2472
3492
4427
5194
5655
5766
5576
5199
4625
3868
2977
2010
1093
225
-515
-1073
-1395
-1526
-1553
-1445
-1215
-824
-400
-41
271
563
861
1085
1218
1239
1189
1095
918
695
427
116
-258
-710
-1178
-1590
-1914
-2274
-2672
-3059
-3289
-3364
-3476
-3639
-3876
-4018
-4080
-4232
-4376
-4607
-4713
-4817
-4803
-4478
-3720
-2417
-1044
323
1638
3150
4817
6186
7058
7421
7574
7450
6835
5686
4112
2381
414
-1750
-3835
-5524
-6720
-7647
-8258
-8273
-7528
-6256
-4920
-3590
-2143
-573
900
2008
2794
3377
3808
4023
3983
3861
3725
3564
3270
2930
2707
2584
2401
2001
1504
1033
574
-17
-808
-1625
-2339
-2939
-3446
-3805
-3911
-3725
-3256
-2542
-1588
-449
811
2102
3246
4210
4994
5558
5838
5754
5397
4844
4150
3278
2248
1269
372
-350
-977
-1420
-1612
-1593
-1421
-1209
-858
-438
7
372
635
919
1169
1329
1348
1283
1209
1076
886
604
304
10
-349
-749
-1195
-1546
-1853
-2162
-2488
-2834
-3094
-3309
-3515
-3729
-3947
-4128
-4357
-4566
-4778
-4932
-4974
-5005
-4819
-4409
-3425
-2079
-556
872
2244
3777
5301
6572
7337
7648
7675
7346
6580
5312
3729
1914
-132
-2271
-4295
-5852
-6972
-7780
-8227
-8108
-7284
-6019
-4634
-3252
-1826
-312
1059
2136
2914
3495
3919
4078
4049
3941
3858
3717
3408
3073
2825
2688
2441
1986
1434
901
360
-322
-1122
-1914
-2611
-3195
-3670
-3928
-3893
-3580
-3055
-2329
-1371
-167
1127
2312
3341
4244
5019
5573
5791
5709
5388
4906
4220
3372
2445
1502
630
-205
-877
-1346
-1573
-1646
-1621
-1435
-1099
-628
-171
206
580
924
1249
1441
1530
1533
1451
1297
1037
745
425
68
-354
-822
-1254
-1629
-2003
-2389
-2733
-3032
-3220
-3364
-3553
-3742
-3920
-4043
-4178
-4341
-4563
-4755
-4819
-4836
-4658
-4231
-3299
-1943
-455
962
2312
3868
5405
6653
7348
7609
7653
7332
6515
5154
3514
1702
-334
-2502
-4543
-6063
-7105
-7859
-8255
-8042
-7101
-5760
-4363
-2988
-1516
40
1389
2388
3093
3629
4013
4111
3994
3834
3716
3543
3206
2855
2629
2515
2270
1811
1290
808
294
-399
-1213
-1995
-2659
-3224
-3700
-3953
-3900
-3556
-2997
-2222
-1179
95
1455
2646
3657
4557
5317
5812
5912
5694
5258
4648
3847
2844
1837
846
-18
-800
-1395
-1691
-1756
-1665
-1519
-1208
-743
-224
240
570
896
1200
1433
1537
1524
1479
1359
1179
905
615
346
32
-359
-790
-1206
-1549
-1896
-2208
-2531
-2784
-2956
-3179
-3378
-3601
-3803
-4003
-4259
-4471
-4714
-4889
-5090
-5247
-5135
-4811
-3911
-2661
-1110
412
1845
3428
5052
6539
7444
7835
7936
7714
7092
5853
4221
2373
307
-1906
-4109
-5829
-7057
-7932
-8468
-8474
-7661
-6341
-4889
-3461
-1997
-391
1066
2209
2993
3563
3995
4142
4081
3921
3795
3644
3329
2974
2719
2629
2445
2033
1506
1002
517
-136
-966
-1799
-2530
-3148
-3689
-4029
-4059
-3803
-3307
-2615
-1642
-446
854
2084
3124
4051
4863
5492
5796
5742
5451
4973
4356
3531
2595
1651
750
-72
-809
-1302
-1583
-1675
-1670
-1555
-1222
-757
-266
130
493
884
1253
1510
1623
1678
1668
1574
1379
1096
826
514
131
-295
-714
-1050
-1424
-1810
-2186
-2486
-2731
-3008
-3287
-3506
-3653
-3836
-4072
-4284
-4436
-4549
-4741
-4935
-5008
-4886
-4584
-4042
-2977
-1539
53
1449
2814
4340
5866
7007
7528
7679
7585
7154
6190
4683
2972
1097
-970
-3156
-5084
-6432
-7353
-7983
-8264
-7848
-6725
-5329
-3930
-2554
-1054
463
1719
2628
3268
3786
4090
4130
4003
3850
3748
3532
3175
2840
2649
2509
2175
1666
1114
611
44
-709
-1526
-2270
-2895
-3429
-3822
-3947
-3779
-3354
-2729
-1837
-671
591
1818
2910
3911
4801
5444
5769
5761
5521
5060
4390
3562
2595
1632
692
-147
-828
-1305
-1538
-1622
-1547
-1347
-985
-521
-81
324
663
991
1262
1454
1556
1568
1539
1431
1268
1059
808
546
219
-136
-491
-856
-1255
-1663
-1981
-2251
-2550
-2876
-3190
-3360
-3490
-3707
-3974
-4214
-4328
-4452
-4619
-4763
-4830
-4751
-4545
-4042
-3012
-1620
-81
1258
2614
4094
5623
6814
7411
7608
7530
7155
6302
4923
3257
1400
-631
-2766
-4706
-6124
-7111
-7787
-8140
-7857
-6846
-5474
-4069
-2725
-1280
234
1552
2533
3208
3733
4061
4139
4039
3896
3780
3563
3201
2839
2617
2471
2171
1683
1130
620
94
-583
-1370
-2118
-2747
-3265
-3658
-3822
-3699
-3332
-2782
-2002
-929
302
1518
2626
3620
4513
5196
5601
5690
5522
5115
4494
3717
2818
1876
932
56
-679
-1201
-1507
-1633
-1605
-1443
-1132
-707
-255
159
522
840
1126
1352
1496
1549
1527
1444
1290
1097
860
587
277
-81
-445
-795
-1181
-1575
-1882
-2115
-2363
-2662
-3003
-3281
-3507
-3686
-3936
-4167
-4427
-4661
-4814
-4928
-4935
-4879
-4653
-4148
-3187
-1775
-252
1232
2555
3958
5425
6622
7348
7553
7478
7069
6264
4976
3349
1562
-434
-2530
-4462
-5930
-6897
-7572
-7932
-7765
-6890
-5587
-4202
-2846
-1469
-42
1266
2281
3017
3552
3911
4031
3973
3858
3756
3604
3287
2914
2660
2504
2251
1800
1235
686
150
-509
-1282
-2027
-2681
-3227
-3642
-3834
-3738
-3390
-2875
-2193
-1264
-147
1074
2243
3225
4067
4795
5354
5622
5562
5264
4785
4181
3387
2487
1592
715
-79
-796
-1286
-1566
-1645
-1632
-1517
-1195
-771
-288
123
485
869
1225
1514
1653
1731
1739
1670
1514
1263
999
704
349
-73
-507
-912
-1327
-1741
-2130
-2426
-2630
-2871
-3149
-3423
-3564
-3651
-3760
-3949
-4136
-4263
-4399
-4526
-4622
-4571
-4347
-3921
-3056
-1785
-256
1162
2442
3828
5257
6507
7192
7434
7373
7019
6237
4919
3332
1546
-406
-2489
-4449
-5881
-6870
-7511
-7863
-7672
-6784
-5496
-4076
-2713
-1317
126
1408
2425
3118
3629
3956
4051
3969
3797
3660
3463
3145
2793
2524
2383
2148
1737
1216
704
204
-430
-1156
-1895
-2549
-3103
-3535
-3745
-3689
-3393
-2918
-2259
-1346
-262
889
2032
3066
3995
4760
5318
5630
5656
5437
4978
4356
3576
2663
1737
795
-46
-801
-1367
-1711
-1867
-1838
-1702
-1373
-940
-455
37
461
896
1269
1577
1771
1862
1890
1804
1659
1405
1107
783
399
-2
-444
-875
-1324
-1772
-2126
-2413
-2615
-2851
-3100
-3353
-3545
-3670
-3794
-3938
-4143
-4346
-4500
-4636
-4665
-4646
-4467
-4113
-3298
-2010
-483
970
2239
3605
5083
6369
7145
7421
7425
7124
6394
5154
3595
1890
-46
-2147
-4154
-5675
-6681
-7397
-7841
-7779
-6997
-5731
-4343
-2987
-1617
-173
1152
2215
2974
3527
3905
4038
3978
3833
3704
3554
3256
2887
2603
2457
2263
1871
1338
815
313
-288
-1027
-1783
-2457
-3034
-3502
-3770
-3769
-3514
-3072
-2465
-1610
-532
610
1733
2774
3679
4445
5036
5426
5554
5406
5014
4470
3811
3004
2115
1223
375
-374
-1007
-1440
-1682
-1765
-1740
-1569
-1210
-758
-280
152
576
1012
1408
1705
1870
1961
1967
1880
1690
1410
1108
756
358
-94
-516
-922
-1339
-1772
-2184
-2487
-2715
-2884
-3104
-3347
-3556
-3715
-3853
-4014
-4187
-4361
-4493
-4601
-4705
-4642
-4453
-3977
-3147
-1886
-384
1058
2402
3748
5212
6448
7202
7468
7429
7116
6365
5117
3529
1775
-152
-2231
-4190
-5719
-6764
-7463
-7861
-7736
-6951
-5707
-4320
-2942
-1534
-113
1218
2278
3039
3580
3930
4082
4045
3900
3743
3569
3293
2940
2658
2473
2261
1874
1335
791
273
-331
-1080
-1850
-2540
-3106
-3558
-3834
-3847
-3591
-3127
-2481
-1635
-587
550
1683
2791
3773
4584
5160
5514
5647
5526
5159
4565
3830
2964
2019
1099
205
-558
-1216
-1671
-1899
-1932
-1797
-1564
-1170
-701
-201
293
734
1166
1500
1756
1912
1989
1998
1878
1691
1419
1120
799
426
41
-370
-762
-1156
-1578
-1963
-2285
-2518
-2791
-3087
-3334
-3517
-3626
-3803
-4009
-4189
-4335
-4421
-4537
-4572
-4584
-4470
-4181
-3534
-2366
-919
519
1765
3040
4522
5931
6919
7306
7382
7236
6738
5745
4298
2652
818
-1203
-3262
-4994
-6200
-7071
-7682
-7908
-7437
-6314
-4960
-3623
-2305
-863
589
1832
2736
3357
3826
4101
4148
4041
3894
3747
3488
3112
2745
2530
2360
2021
1493
930
444
-70
-747
-1527
-2253
-2842
-3325
-3675
-3815
-3687
-3333
-2798
-2072
-1139
-57
1062
2157
3134
4003
4734
5254
5523
5514
5290
4886
4311
3553
2657
1763
882
60
-689
-1285
-1666
-1861
-1902
-1810
-1519
-1094
-625
-158
297
787
1248
1601
1836
1991
2101
2105
1994
1784
1517
1223
855
461
59
-335
-718
-1142
-1557
-1936
-2221
-2471
-2733
-2998
-3254
-3446
-3620
-3799
-3997
-4198
-4334
-4459
-4521
-4580
-4554
-4409
-4133
-3546
-2556
-1174
274
1585
2831
4175
5560
6615
7164
7282
7156
6744
5895
4597
3010
1259
-653
-2638
-4425
-5778
-6713
-7352
-7655
-7410
-6547
-5286
-3947
-2632
-1275
130
1444
2472
3191
3701
4057
4235
4205
4065
3902
3695
3357
2946
2614
2367
2045
1534
918
352
-169
-789
-1520
-2238
-2824
-3263
-3580
-3722
-3615
-3269
-2736
-2043
-1175
-166
891
1939
2875
3665
4325
4868
5216
5278
5097
4749
4305
3706
2926
2077
1243
485
-244
-879
-1345
-1619
-1734
-1758
-1601
-1275
-822
-359
60
515
992
1439
1751
1938
2069
2127
2105
1947
1714
1446
1115
746
334
-43
-407
-774
-1177
-1615
-1964
-2234
-2439
-2701
-3047
-3343
-3565
-3661
-3792
-3966
-4162
-4303
-4340
-4361
-4322
-4261
-4136
-3865
-3339
-2321
-988
424
1627
2753
4038
5374
6455
6964
7053
6899
6512
5734
4479
2947
1215
-646
-2582
-4340
-5655
-6575
-7213
-7565
-7374
-6514
-5243
-3889
-2606
-1279
153
1516
2587
3308
3824
4182
4350
4308
4131
3926
3653
3234
2741
2344
2063
1717
1170
530
-6
-450
-960
-1604
-2243
-2740
-3076
-3291
-3370
-3241
-2908
-2412
-1766
-965
-24
922
1837
2690
3455
4119
4609
4910
4981
4862
4581
4153
3600
2868
2066
1261
498
-176
-801
-1263
-1583
-1725
-1721
-1562
-1234
-848
-405
40
506
1000
1426
1749
1956
2097
2166
2143
2011
1769
1481
1146
762
370
-33
-434
-854
-1255
-1669
-2012
-2281
-2500
-2703
-2955
-3137
-3286
-3411
-3556
-3722
-3813
-3914
-4007
-4119
-4179
-4120
-4021
-3763
-3324
-2464
-1247
95
1366
2507
3760
5044
6115
6721
6879
6803
6452
5730
4534
3041
1402
-382
-2253
-4035
-5413
-6339
-6957
-7278
-7142
-6381
-5167
-3839
-2542
-1213
185
1502
2543
3274
3776
4123
4264
4178
3966
3711
3421
3019
2537
2118
1812
1503
1061
528
43
-365
-805
-1351
-1914
-2372
-2703
-2936
-3062
-2998
-2734
-2307
-1756
-1069
-232
657
1487
2251
2958
3595
4083
4370
4482
4442
4286
3984
3544
2988
2355
1709
1058
428
-141
-626
-994
-1273
-1420
-1421
-1262
-1005
-701
-325
117
608
1065
1439
1740
1971
2130
2172
2092
1919
1654
1324
925
502
75
-350
-779
-1201
-1565
-1870
-2139
-2373
-2592
-2790
-2948
-3100
-3223
-3361
-3467
-3587
-3711
-3857
-3976
-4007
-3989
-3919
-3779
-3436
-2694
-1566
-275
935
2066
3280
4558
5685
6368
6651
6645
6386
5758
4704
3345
1804
103
-1732
-3493
-4885
-5861
-6522
-6925
-6890
-6253
-5155
-3905
-2662
-1398
-61
1207
2232
2957
3459
3798
3929
3846
3645
3411
3150
2783
2347
1988
1764
1554
1209
773
366
32
-351
-867
-1430
-1933
-2340
-2682
-2923
-2987
-2849
-2536
-2085
-1463
-666
215
1064
1849
2617
3355
3961
4341
4493
4497
4384
4122
3685
3103
2445
1767
1078
401
-206
-706
-1087
-1358
-1499
-1467
-1267
-978
-654
-284
161
653
1107
1458
1723
1943
2095
2141
2071
1904
1672
1374
1011
622
243
-119
-514
-903
-1235
-1508
-1737
-1992
-2233
-2408
-2503
-2612
-2763
-2928
-3048
-3166
-3302
-3488
-3646
-3741
-3829
-3894
-3902
-3800
-3513
-2942
-1992
-800
438
1578
2723
3979
5137
5972
6365
6449
6294
5814
4927
3676
2238
628
-1116
-2842
-4323
-5387
-6122
-6588
-6675
-6228
-5288
-4115
-2901
-1669
-414
835
1890
2667
3197
3543
3732
3714
3536
3288
3035
2727
2344
1983
1719
1521
1251
866
473
127
-239
-707
-1246
-1762
-2193
-2543
-2808
-2920
-2837
-2574
-2158
-1576
-841
-6
838
1657
2457
3178
3744
4116
4337
4400
4300
4020
3588
3046
2418
1744
1064
423
-166
-672
-1051
-1293
-1386
-1357
-1211
-949
-615
-223
191
611
1003
1337
1603
1793
1908
1946
1889
1751
1547
1296
999
675
338
-6
-344
-679
-991
-1282
-1573
-1859
-2129
-2320
-2462
-2616
-2788
-2982
-3095
-3185
-3249
-3337
-3456
-3546
-3622
-3633
-3597
-3524
-3366
-3071
-2467
-1524
-368
789
1832
2889
3999
5052
5779
6095
6092
5848
5310
4412
3183
1770
212
-1434
-3041
-4376
-5313
-5935
-6286
-6297
-5807
-4852
-3687
-2496
-1339
-152
1008
1993
2732
3213
3514
3646
3598
3424
3184
2923
2600
2216
1853
1585
1380
1098
716
307
-59
-412
-848
-1351
-1829
-2220
-2511
-2694
-2740
-2601
-2288
-1836
-1244
-525
274
1064
1813
2535
3190
3721
4065
4198
4165
4023
3762
3367
2828
2191
1535
922
329
-205
-658
-991
-1207
-1301
-1255
-1072
-794
-494
-164
212
630
1025
1342
1567
1733
1869
1921
1865
1732
1530
1291
997
682
352
39
-291
-643
-965
-1235
-1474
-1725
-2019
-2304
-2502
-2650
-2850
-3081
-3291
-3417
-3513
-3633
-3750
-3799
-3758
-3731
-3663
-3513
-3233
-2830
-2271
-1412
-264
951
2000
2923
3925
4939
5705
5997
5928
5677
5201
4360
3140
1733
261
-1280
-2851
-4245
-5220
-5810
-6150
-6223
-5874
-5026
-3871
-2678
-1552
-419
752
1814
2618
3143
3478
3687
3734
3602
3364
3116
2834
2451
2018
1658
1395
1098
661
164
-265
-638
-1056
-1554
-2037
-2403
-2639
-2775
-2775
-2601
-2256
-1768
-1164
-445
354
1149
1887
2598
3231
3731
4069
4236
4229
4058
3757
3332
2806
2177
1480
820
216
-320
-778
-1117
-1306
-1357
-1270
-1079
-763
-382
-1
393
785
1170
1493
1710
1836
1902
1927
1864
1718
1508
1258
998
713
410
114
-185
-475
-770
-1044
-1304
-1566
-1847
-2158
-2411
-2624
-2826
-3069
-3331
-3494
-3552
-3602
-3657
-3720
-3671
-3578
-3436
-3285
-3060
-2745
-2346
-1701
-745
394
1462
2334
3213
4187
5097
5642
5745
5615
5291
4708
3745
2500
1136
-322
-1853
-3341
-4519
-5293
-5779
-6047
-6006
-5465
-4477
-3325
-2188
-1094
51
1192
2161
2859
3310
3612
3759
3726
3550
3304
3025
2662
2209
1777
1439
1145
748
255
-222
-609
-964
-1395
-1845
-2231
-2492
-2632
-2658
-2535
-2260
-1847
-1317
-677
70
841
1555
2176
2749
3277
3679
3878
3871
3762
3572
3287
2872
2345
1788
1232
702
192
-252
-598
-861
-1018
-1085
-1016
-819
-567
-296
-2
369
776
1142
1421
1619
1798
1923
1972
1915
1779
1606
1373
1106
794
502
209
-106
-432
-731
-975
-1206
-1454
-1739
-2021
-2270
-2459
-2668
-2903
-3142
-3298
-3394
-3426
-3458
-3467
-3435
-3372
-3265
-3109
-2929
-2738
-2494
-2087
-1395
-464
523
1414
2257
3149
4092
4865
5310
5420
5308
4981
4364
3451
2283
971
-464
-1938
-3283
-4346
-5095
-5610
-5863
-5728
-5136
-4185
-3102
-2018
-906
238
1343
2251
2918
3356
3627
3728
3657
3464
3192
2842
2413
1945
1521
1180
841
434
-19
-410
-729
-1037
-1384
-1737
-2018
-2188
-2260
-2235
-2090
-1825
-1448
-972
-395
264
930
1539
2136
2699
3206
3593
3802
3855
3776
3595
3282
2853
2323
1704
1092
496
-50
-513
-887
-1134
-1270
-1243
-1093
-821
-485
-135
252
653
1050
1392
1640
1802
1899
1943
1906
1793
1627
1396
1147
864
578
296
7
-300
-602
-878
-1120
-1339
-1587
-1854
-2122
-2317
-2465
-2635
-2813
-2984
-3138
-3217
-3265
-3259
-3247
-3248
-3233
-3154
-2961
-2757
-2543
-2291
-1868
-1110
-136
867
1737
2525
3403
4280
4978
5287
5292
5101
4667
3963
2936
1747
450
-966
-2400
-3667
-4553
-5127
-5502
-5625
-5373
-4621
-3592
-2514
-1451
-387
712
1701
2494
3043
3385
3579
3588
3459
3230
2935
2590
2143
1674
1268
958
648
236
-194
-561
-835
-1097
-1421
-1727
-1951
-2049
-2063
-1995
-1799
-1498
-1092
-625
-79
537
1152
1740
2282
2761
3151
3432
3596
3616
3506
3273
2950
2560
2063
1519
973
461
0
-410
-726
-934
-1019
-1008
-897
-677
-391
-62
281
628
980
1303
1553
1722
1836
1899
1888
1791
1627
1412
1170
886
586
276
-38
-338
-628
-901
-1155
-1378
-1596
-1824
-2061
-2293
-2458
-2585
-2739
-2912
-3042
-3083
-3070
-3057
-3072
-3040
-2943
-2840
-2720
-2584
-2406
-2182
-1857
-1307
-513
400
1235
1989
2794
3650
4415
4867
5002
4914
4647
4126
3297
2234
1017
-292
-1640
-2918
-3949
-4678
-5151
-5387
-5298
-4785
-3923
-2891
-1845
-815
253
1289
2173
2806
3207
3451
3538
3461
3229
2922
2570
2148
1681
1248
903
617
290
-82
-407
-638
-843
-1087
-1356
-1585
-1717
-1776
-1771
-1681
-1493
-1202
-826
-364
172
737
1300
1879
2442
2944
3318
3554
3661
3634
3482
3195
2802
2299
1702
1081
487
-35
-509
-898
-1155
-1273
-1227
-1070
-809
-469
-86
325
729
1123
1463
1721
1891
1977
2007
1965
1848
1659
1412
1148
868
576
276
-21
-291
-557
-777
-992
-1190
-1353
-1514
-1680
-1856
-2048
-2206
-2354
-2518
-2684
-2861
-2992
-3092
-3112
-3097
-3099
-3073
-3024
-2883
-2689
-2486
-2221
-1846
-1198
-327
630
1501
2267
3093
3938
4644
5017
5069
4938
4600
3983
3049
1915
707
-606
-1962
-3225
-4182
-4782
-5167
-5330
-5168
-4567
-3639
-2618
-1603
-598
441
1420
2198
2759
3118
3339
3399
3284
3059
2778
2481
2106
1676
1283
988
738
411
27
-319
-580
-824
-1132
-1445
-1692
-1839
-1914
-1925
-1818
-1581
-1238
-826
-342
225
830
1407
1939
2426
2845
3145
3317
3361
3293
3122
2826
2443
2000
1501
1001
511
65
-328
-640
-839
-937
-929
-835
-647
-378
-75
252
592
929
1241
1490
1675
1788
1845
1832
1742
1576
1369
1138
868
593
300
37
-212
-441
-651
-828
-973
-1111
-1249
-1417
-1593
-1764
-1937
-2115
-2297
-2473
-2642
-2822
-2966
-3063
-3095
-3109
-3122
-3125
-3041
-2872
-2661
-2446
-2188
-1739
-1006
-61
866
1662
2407
3238
4081
4686
4936
4920
4732
4336
3631
2647
1522
319
-980
-2327
-3485
-4299
-4814
-5145
-5272
-5013
-4319
-3367
-2376
-1419
-431
584
1507
2222
2713
3048
3238
3261
3123
2896
2647
2343
1943
1510
1148
891
623
263
-133
-451
-682
-934
-1240
-1543
-1760
-1876
-1940
-1914
-1770
-1509
-1162
-754
-255
318
907
1425
1846
2239
2621
2919
3040
2992
2864
2709
2498
2170
1755
1345
947
555
177
-144
-395
-587
-724
-798
-735
-565
-355
-154
60
364
707
1020
1251
1416
1567
1672
1699
1630
1502
1356
1153
895
628
377
145
-114
-384
-612
-764
-894
-1051
-1211
-1341
-1424
-1550
-1716
-1868
-2007
-2126
-2318
-2494
-2633
-2681
-2713
-2842
-2941
-2995
-2924
-2806
-2708
-2562
-2368
-2001
-1431
-642
280
1116
1896
2652
3471
4216
4664
4798
4673
4387
3875
3083
2089
929
-292
-1563
-2763
-3694
-4359
-4773
-5000
-4931
-4471
-3691
-2741
-1809
-873
86
1006
1814
2400
2792
3025
3106
3060
2881
2653
2367
2021
1629
1259
985
738
448
105
-223
-463
-687
-947
-1233
-1488
-1663
-1776
-1802
-1735
-1570
-1313
-974
-542
-32
518
1039
1500
1901
2228
2530
2767
2859
2788
2620
2453
2260
1981
1602
1204
861
537
218
-75
-301
-466
-598
-670
-643
-490
-294
-106
97
368
711
1029
1263
1423
1567
1686
1719
1659
1525
1357
1150
896
626
379
153
-85
-331
-530
-657
-749
-870
-1040
-1178
-1270
-1357
-1483
-1658
-1842
-1992
-2089
-2183
-2290
-2369
-2420
-2451
-2496
-2531
-2517
-2455
-2379
-2319
-2190
-1939
-1527
-942
-230
527
1271
2014
2783
3514
4065
4336
4390
4257
3921
3329
2477
1488
410
-741
-1894
-2894
-3648
-4177
-4491
-4550
-4273
-3667
-2888
-2036
-1148
-233
656
1430
2033
2454
2723
2845
2828
2694
2470
2205
1910
1589
1276
1006
799
583
333
84
-141
-331
-559
-831
-1094
-1311
-1466
-1574
-1609
-1544
-1370
-1099
-758
-322
179
690
1167
1586
1949
2236
2471
2611
2618
2498
2313
2124
1910
1629
1292
969
702
450
216
7
-150
-265
-362
-406
-377
-267
-132
7
175
391
660
900
1088
1230
1355
1455
1486
1448
1346
1210
1040
825
603
385
176
-35
-251
-428
-573
-696
-850
-1010
-1151
-1289
-1418
-1553
-1699
-1822
-1943
-2017
-2067
-2093
-2115
-2119
-2070
-2041
-2028
-2039
-2033
-1996
-1964
-1920
-1837
-1608
-1163
-579
80
689
1350
2080
2812
3405
3752
3927
3933
3734
3278
2578
1744
804
-246
-1345
-2339
-3095
-3646
-4023
-4194
-4051
-3565
-2890
-2123
-1321
-476
371
1110
1710
2142
2430
2577
2569
2444
2246
2021
1755
1451
1156
915
749
590
397
194
13
-140
-327
-559
-807
-1029
-1205
-1353
-1439
-1431
-1319
-1125
-855
-492
-47
433
886
1281
1642
1961
2209
2349
2372
2308
2177
2014
1807
1561
1297
1022
765
530
327
157
12
-119
-232
-299
-297
-258
-196
-113
25
216
435
654
859
1053
1224
1359
1434
1454
1419
1317
1155
952
727
495
247
-8
-240
-425
-567
-693
-812
-921
-1010
-1085
-1158
-1239
-1335
-1453
-1556
-1648
-1719
-1770
-1814
-1847
-1883
-1857
-1821
-1781
-1754
-1762
-1747
-1727
-1678
-1591
-1449
-1161
-740
-191
362
906
1501
2115
2704
3107
3321
3387
3301
3033
2518
1839
1062
205
-696
-1610
-2369
-2927
-3304
-3503
-3513
-3240
-2735
-2085
-1384
-688
45
736
1327
1764
2050
2234
2288
2228
2068
1866
1659
1419
1162
911
729
607
466
289
107
-36
-180
-364
-578
-790
-959
-1096
-1197
-1232
-1177
-1032
-817
-532
-177
227
642
1029
1355
1646
1893
2077
2153
2103
1988
1831
1651
1438
1193
949
709
495
301
150
46
-48
-114
-169
-176
-127
-51
30
123
264
441
620
784
929
1070
1179
1238
1252
1221
1152
1022
847
644
436
240
32
-171
-346
-476
-572
-667
-747
-810
-845
-882
-940
-1020
-1126
-1213
-1295
-1384
-1485
-1587
-1645
-1676
-1697
-1702
-1682
-1622
-1588
-1581
-1578
-1570
-1529
-1494
-1419
-1216
-834
-339
126
565
1056
1645
2228
2622
2839
2930
2925
2754
2355
1795
1136
411
-388
-1205
-1901
-2422
-2780
-3036
-3132
-2967
-2550
-1998
-1427
-850
-222
425
992
1405
1692
1895
1995
1981
1861
1707
1540
1335
1089
847
678
558
418
233
53
-86
-204
-358
-550
-729
-869
-978
-1048
-1071
-1030
-915
-740
-509
-221
118
465
784
1050
1279
1467
1609
1679
1669
1596
1470
1322
1153
971
791
624
479
347
237
162
112
72
29
22
50
91
141
179
254
357
477
596
696
798
881
943
962
948
904
815
695
552
407
273
132
-7
-140
-233
-290
-346
-392
-438
-482
-530
-602
-673
-773
-888
-992
-1091
-1172
-1273
-1371
-1437
-1468
-1471
-1468
-1426
-1380
-1346
-1312
-1273
-1221
-1203
-1219
-1246
-1206
-1016
-714
-372
-64
267
701
1207
1677
2007
2224
2363
2403
2298
2032
1640
1157
570
-93
-737
-1281
-1715
-2090
-2388
-2504
-2389
-2099
-1729
-1321
-848
-320
211
677
1052
1349
1552
1657
1669
1614
1525
1388
1196
976
784
648
520
370
197
57
-48
-147
-270
-412
-539
-646
-724
-780
-791
-756
-674
-552
-379
-153
111
373
607
814
1002
1165
1273
1328
1329
1301
1233
1132
1015
881
752
619
499
411
351
312
268
226
204
209
224
229
234
237
267
301
331
369
413
476
537
592
640
684
706
697
669
627
568
479
367
241
122
9
-103
-224
-337
-419
-481
-541
-613
-676
-728
-774
-849
-920
-948
-959
-971
-1011
-1044
-1046
-1051
-1041
-1053
-1046
-1054
-1071
-1086
-1127
-1152
-1198
-1210
-1188
-1100
-882
-594
-270
40
391
822
1244
1606
1839
1996
2079
2046
1885
1582
1200
748
225
-315
-827
-1238
-1575
-1842
-1998
-2004
-1837
-1570
-1252
-888
-490
-58
350
690
956
1149
1280
1333
1324
1261
1169
1051
896
743
616
516
411
295
177
75
-1
-89
-200
-315
-422
-502
-564
-608
-620
-593
-526
-419
-276
-99
101
295
470
630
775
896
978
1018
1030
1024
1010
966
898
830
761
697
614
527
459
391
322
235
163
111
70
36
5
9
38
92
151
223
313
414
510
582
643
695
713
714
682
623
558
467
362
240
130
23
-87
-199
-311
-386
-447
-500
-571
-635
-645
-628
-623
-651
-684
-689
-680
-682
-701
-713
-737
-767
-819
-865
-887
-911
-954
-1017
-1045
-1017
-980
-965
-987
-970
-876
-699
-471
-238
8
264
542
835
1102
1308
1427
1466
1444
1356
1202
967
655
286
-94
-432
-723
-970
-1182
-1326
-1368
-1307
-1160
-963
-733
-484
-215
64
325
551
719
836
907
946
961
944
892
809
715
631
559
483
388
274
168
76
-12
-107
-213
-311
-389
-448
-477
-467
-432
-377
-294
-173
-11
158
315
458
589
712
811
876
916
931
922
887
825
763
692
612
517
421
353
298
249
197
161
144
146
166
183
214
252
300
354
405
461
505
540
560
575
586
580
557
511
462
412
347
275
200
125
50
-23
-96
-156
-204
-257
-314
-356
-386
-414
-470
-525
-572
-612
-651
-660
-676
-708
-752
-791
-780
-786
-796
-814
-821
-806
-823
-825
-805
-780
-751
-745
-706
-658
-581
-477
-353
-180
0
203
399
589
776
926
1041
1088
1088
1040
928
767
551
307
57
-200
-437
-652
-813
-914
-961
-956
-895
-768
-597
-408
-220
-19
188
363
507
612
695
748
753
739
702
652
586
516
445
378
309
241
172
109
46
-15
-70
-127
-170
-206
-223
-225
-214
-185
-135
-65
17
106
198
287
369
444
507
574
638
683
709
717
719
716
690
651
598
550
504
446
398
348
311
271
236
229
230
244
252
269
299
333
379
408
430
448
465
475
466
451
424
387
343
287
237
183
127
56
-21
-84
-135
-184
-245
-318
-374
-406
-445
-506
-561
-574
-566
-586
-615
-630
-632
-640
-664
-662
-665
-676
-706
-745
-746
-771
-769
-786
-816
-807
-787
-713
-670
-619
-530
-416
-247
-91
98
290
457
617
738
866
947
968
930
832
734
578
397
184
-53
-257
-447
-595
-720
-800
-829
-825
-765
-659
-518
-360
-207
-44
114
269
411
512
583
625
656
670
658
627
572
515
450
386
327
252
173
93
19
-44
-107
-156
-205
-241
-263
-255
-225
-189
-136
-73
9
98
182
267
343
424
521
611
684
721
741
766
773
754
701
647
592
529
459
395
342
286
235
199
185
191
200
211
225
248
285
320
341
351
365
381
391
387
376
367
349
324
289
257
218
165
98
19
-45
-108
-176
-262
-354
-440
-502
-533
-566
-604
-652
-661
-650
-645
-646
-655
-651
-657
-669
-684
-695
-693
-717
-750
-780
-786
-755
-732
-703
-675
-620
-537
-453
-359
-259
-130
0
130
270
400
523
607
660
697
703
678
606
497
365
220
70
-92
-246
-392
-512
-600
-657
-669
-652
-598
-522
-417
-289
-153
-18
108
227
331
420
485
527
548
549
534
513
482
443
394
338
281
230
173
110
49
-12
-70
-120
-166
-198
-215
-223
-218
-184
-131
-72
2
81
164
260
342
417
514
614
693
729
744
765
773
759
703
634
566
495
422
342
273
209
161
127
114
130
155
189
217
257
310
360
396
405
413
422
414
395
358
313
269
213
158
109
64
13
-35
-84
-127
-165
-206
-245
-285
-327
-372
-414
-449
-475
-500
-489
-480
-499
-572
-661
-700
-715
-743
-814
-871
-886
-889
-877
-874
-837
-795
-756
-702
-649
-556
-483
-412
-358
-298
-180
-61
62
159
265
391
502
598
650
689
696
652
580
469
349
189
-3
-201
-390
-533
-656
-757
-829
-841
-784
-691
-565
-415
-244
-60
113
282
434
550
629
671
688
679
643
580
493
400
306
223
146
70
-3
-70
-117
-144
-163
-180
-193
-191
-180
-161
-129
-93
-49
1
51
117
198
283
365
433
506
594
672
722
728
724
705
670
615
543
465
382
310
238
173
126
88
70
58
71
105
145
186
218
267
311
352
384
400
418
415
411
396
363
328
280
225
166
111
60
5
-50
-113
-171
-226
-282
-319
-356
-393
-436
-477
-503
-526
-531
-550
-572
-588
-606
-611
-614
-624
-627
-644
-647
-647
-653
-646
-662
-662
-672
-672
-640
-627
-583
-562
-529
-467
-405
-300
-223
-117
-9
104
233
323
416
476
523
548
525
501
431
346
234
100
-18
-145
-254
-361
-446
-499
-524
-508
-482
-430
-349
-253
-145
-42
68
169
256
323
381
425
455
463
449
428
410
378
340
295
247
202
161
114
74
35
-3
-31
-62
-80
-89
-86
-78
-64
-31
11
60
113
163
232
327
426
507
547
587
637
676
686
653
623
582
533
477
405
359
293
238
189
162
169
170
186
187
208
254
291
321
329
340
352
360
358
336
321
294
256
214
178
149
108
60
9
-36
-70
-113
-162
-216
-272
-321
-367
-398
-430
-457
-486
-495
-495
-514
-547
-578
-574
-588
-615
-654
-673
-686
-726
-741
-753
-730
-718
-733
-711
-694
-635
-580
-541
-483
-429
-330
-247
-166
-68
27
159
251
336
421
486
546
544
528
497
438
358
224
95
-36
-164
-281
-405
-492
-546
-562
-551
-524
-453
-354
-245
-126
-6
118
234
331
406
456
491
506
507
482
436
394
349
294
236
178
134
93
51
10
-22
-41
-60
-84
-101
-98
-91
-81
-63
-45
-9
46
105
168
241
325
415
493
555
604
647
677
678
648
609
565
507
443
365
302
247
198
167
146
152
163
182
202
227
267
297
320
332
335
342
340
324
303
281
260
228
192
159
123
96
59
28
-14
-44
-76
-118
-162
-218
-271
-316
-357
-388
-412
-444
-486
-519
-539
-553
-574
-596
-613
-616
-643
-681
-713
-732
-736
-769
-777
-786
-779
-737
-709
-647
-611
-554
-477
-405
-309
-244
-146
-62
10
91
167
263
323
356
386
408
425
413
369
317
240
152
57
-38
-128
-227
-311
-380
-429
-442
-432
-404
-362
-303
-210
-111
-3
96
184
266
333
393
428
446
450
432
403
364
325
285
233
178
129
85
54
23
-5
-29
-45
-58
-61
-61
-60
-54
-38
-18
8
40
86
146
214
290
373
465
542
608
652
688
719
721
699
652
597
529
446
364
285
225
170
127
103
93
108
125
150
174
208
246
278
300
306
317
316
306
290
262
240
208
176
140
109
78
46
6
-36
-72
-107
-151
-208
-275
-336
-389
-442
-500
-559
-581
-595
-613
-643
-683
-683
-687
-687
-688
-690
-670
-694
-701
-701
-680
-646
-646
-631
-612
-564
-508
-457
-410
-369
-313
-255
-176
-119
-47
25
77
143
181
244
285
306
309
281
269
234
189
124
34
-42
-129
-192
-255
-310
-343
-373
-365
-350
-304
-239
-175
-97
-25
50
130
207
266
299
320
334
341
331
307
277
248
212
170
133
101
73
40
5
-17
-31
-37
-44
-53
-52
-49
-34
-18
2
23
59
114
183
267
337
412
474
527
575
601
625
624
601
560
500
447
375
309
238
180
139
101
92
87
110
125
145
180
209
243
268
286
293
290
287
271
251
215
182
150
119
87
51
26
-9
-39
-76
-115
-150
-186
-219
-263
-318
-374
-416
-442
-467
-510
-548
-581
-609
-623
-633
-643
-655
-669
-686
-691
-702
-694
-694
-706
-703
-715
-678
-650
-615
-564
-539
-470
-426
-360
-285
-232
-149
-110
-36
20
87
160
203
247
257
281
290
285
265
212
156
81
4
-80
-155
-225
-301
-351
-397
-402
-386
-357
-303
-245
-165
-81
18
114
194
266
319
362
378
386
384
357
322
274
226
180
140
97
61
22
-3
-14
-26
-29
-32
-24
-20
-14
-2
12
30
53
83
132
195
260
328
387
437
487
519
544
555
550
540
503
465
411
355
310
253
209
176
155
151
148
157
167
178
202
226
248
262
268
268
261
249
231
215
194
170
144
112
90
71
55
33
13
-4
-29
-48
-75
-122
-172
-228
-274
-304
-327
-364
-413
-466
-514
-525
-529
-536
-541
-560
-552
-546
-540
-526
-528
-523
-546
-561
-561
-549
-531
-534
-531
-524
-493
-454
-409
-369
-331
-282
-239
-181
-135
-79
-21
20
69
94
138
165
178
192
175
164
146
124
84
35
-13
-60
-97
-136
-163
-183
-186
-186
-181
-151
-113
-61
-15
28
79
122
170
202
223
234
236
240
231
212
192
171
154
128
102
90
83
79
69
62
67
68
73
73
71
72
82
100
126
151
178
213
245
284
315
341
362
377
396
405
409
413
397
379
354
326
311
288
265
243
227
215
202
197
190
187
189
187
186
184
183
172
158
139
121
104
85
69
45
31
10
-3
-16
-29
-35
-48
-64
-96
-128
-153
-183
-208
-242
-285
-331
-378
-413
-451
-482
-510
-533
-547
-561
-571
-571
-568
-569
-570
-559
-545
-532
-516
-500
-476
-461
-436
-409
-382
-354
-323
-282
-251
-222
-199
-164
-129
-108
-83
-52
-23
-5
14
36
50
56
64
67
61
42
24
6
-23
-60
-89
-107
-122
-140
-149
-135
-119
-104
-74
-33
10
51
97
140
178
210
234
245
246
237
232
212
183
153
122
97
69
46
28
17
13
15
21
31
43
67
105
145
191
226
263
296
322
343
350
353
346
346
330
307
289
268
249
220
201
199
202
196
190
204
216
225
227
232
244
239
229
214
200
175
150
127
100
73
52
38
26
17
12
9
4
-2
1
4
4
-8
-34
-66
-115
-168
-221
-262
-300
-331
-340
-346
-343
-342
-356
-370
-406
-420
-431
-447
-461
-493
-497
-519
-536
-532
-535
-506
-495
-474
-438
-417
-379
-357
-322
-296
-287
-259
-247
-234
-235
-234
-226
-225
-222
-214
-189
-172
-156
-135
-117
-98
-80
-58
-37
-28
-24
-22
-15
-15
-17
-21
-21
-13
-15
-14
-10
1
14
26
35
51
69
84
92
98
108
116
121
113
115
116
112
109
105
110
111
116
129
152
174
215
265
300
338
369
405
430
432
426
413
395
358
310
266
217
176
135
105
90
89
104
123
149
175
210
243
267
283
288
293
279
255
222
184
149
107
68
31
3
-20
-41
-56
-61
-65
-66
-68
-73
-79
-88
-104
-121
-152
-178
-202
-225
-248
-272
-283
-294
-301
-313
-323
-335
-341
-338
-347
-353
-350
-345
-344
-363
-372
-364
-356
-351
-354
-350
-320
-266
-196
-103
-19
32
69
91
107
102
68
31
-19
-76
-163
-245
-293
-324
-348
-369
-354
-301
-239
-188
-138
-83
-35
-3
17
27
25
9
-18
-49
-87
-115
-122
-130
-130
-108
-69
-22
18
73
138
192
234
264
292
305
299
284
264
241
204
168
137
113
95
79
79
88
99
110
130
156
183
206
220
241
259
270
276
276
274
268
256
241
223
206
186
165
148
134
123
110
101
100
99
98
102
105
107
106
107
104
92
81
68
54
40
25
10
-1
-11
-18
-24
-22
-24
-25
-33
-46
-57
-68
-85
-101
-118
-138
-157
-179
-192
-194
-190
-183
-171
-159
-145
-135
-126
-112
-117
-130
-148
-162
-172
-201
-221
-237
-244
-255
-274
-261
-246
-221
-209
-192
-162
-147
-133
-133
-136
-140
-153
-161
-179
-196
-208
-216
-222
-232
-227
-223
-211
-202
-191
-171
-166
-158
-157
-158
-158
-161
-172
-177
-184
-188
-188
-192
-183
-175
-157
-136
-115
-95
-77
-52
-26
-2
14
24
40
50
57
57
56
61
59
61
56
59
68
71
81
88
96
107
112
125
131
139
151
158
163
167
170
169
168
162
160
160
165
167
167
169
178
181
182
186
193
194
189
183
174
162
153
142
127
114
98
86
72
60
49
47
45
48
54
61
68
75
76
74
70
64
59
44
31
12
-2
-13
-21
-29
-36
-39
-41
-46
-55
-61
-71
-77
-86
-88
-91
-91
-92
-89
-87
-81
-66
-53
-53
-50
-49
-56
-66
-84
-100
-111
-123
-134
-138
-144
-146
-149
-143
-137
-137
-129
-116
-113
-110
-113
-116
-117
-122
-125
-132
-135
-140
-141
-145
-146
-150
-153
-154
-157
-155
-154
-154
-152
-156
-151
-149
-147
-139
-134
-123
-115
-107
-96
-92
-85
-78
-67
-60
-55
-48
-45
-35
-37
-33
-31
-26
-17
-17
-14
-10
0
8
14
25
32
38
45
52
66
71
76
78
85
88
91
88
90
92
95
99
100
104
105
103
103
105
104
104
103
107
107
103
100
95
90
86
83
76
71
69
59
54
52
53
51
52
55
57
59
57
55
55
57
50
52
52
49
46
41
39
34
25
20
12
4
-1
-9
-10
-15
-17
-22
-20
-15
-15
-12
-12
-8
-6
-3
-3
-6
-3
-10
-13
-14
-17
-20
-19
-19
-22
-20
-22
-26
-29
-32
-39
-47
-59
-67
-72
-77
-81
-78
-70
-59
-51
-42
-36
-28
-24
-23
-19
-16
-18
-25
-26
-27
-35
-43
-51
-51
-51
-54
-55
-56
-51
-51
-52
-44
-35
-24
-15
-5
2
8
11
17
21
28
31
30
32
27
28
27
26
26
23
34
28
26
31
36
42
46
55
64
63
66
76
83
83
85
92
93
91
89
89
86
85
80
79
77
76
79
81
81
84
92
97
98
106
113
119
119
115
117
114
111
104
98
81
72
69
63
61
59
65
68
76
84
94
104
109
115
119
116
114
114
108
96
85
77
71
67
67
67
69
70
69
69
75
80
82
79
77
76
72
72
66
60
54
48
43
38
35
34
33
35
41
43
48
54
62
68
74
76
77
73
64
51
37
25
13
1
-6
-11
-18
-21
-20
-18
-15
-9
1
11
17
20
21
21
25
19
18
14
8
3
-4
-10
-15
-19
-24
-23
-16
-6
-1
2
5
7
9
8
6
2
0
-3
-13
-24
-37
-44
-44
-44
-41
-37
-31
-24
-19
-12
-7
1
6
9
14
16
11
10
3
4
4
-2
0
-3
-7
-17
-28
-35
-42
-46
-51
-59
-62
-61
-60
-57
-50
-46
-37
-32
-30
-26
-26
-23
-28
-34
-41
-45
-54
-57
-63
-72
-76
-80
-82
-83
-81
-84
-82
-80
-80
-76
-76
-75
-75
-73
-79
-84
-85
-82
-80
-85
-80
-80
-80
-81
-85
-88
-92
-94
-102
-109
-116
-122
-123
-122
-117
-117
-116
-110
-109
-107
-108
-107
-106
-107
-105
-104
-107
-111
-113
-112
-115
-114
-112
-109
-105
-106
-103
-100
-96
-94
-95
-101
-101
-103
-109
-112
-116
-123
-124
-125
-126
-124
-118
-110
-101
-91
-84
-75
-66
-60
-53
-50
-52
-54
-53
-58
-57
-59
-63
-61
-59
-57
-50
-52
-49
-43
-46
-41
-42
-38
-40
-37
-37
-39
-34
-36
-36
-32
-26
-25
-17
-10
-5
-2
-3
-4
3
4
3
1
2
0
-6
-8
-9
-7
-4
-3
-3
3
3
8
12
10
14
9
4
2
-6
-5
-3
-8
-8
-5
0
5
8
12
19
24
29
26
21
18
14
6
0
-10
-19
-25
-29
-36
-40
-38
-37
-37
-34
-29
-24
-21
-18
-15
-15
-18
-16
-22
-26
-29
-37
-40
-47
-50
-54
-59
-61
-59
-55
-58
-54
-48
-46
-44
-46
-52
-53
-53
-59
-65
-70
-76
-80
-83
-85
-91
-94
-92
-96
-92
-93
-90
-85
-83
-80
-77
-74
-74
-71
-71
-68
-68
-75
-75
-77
-81
-88
-93
-92
-93
-92
-94
-89
-88
-88
-85
-84
-83
-84
-82
-79
-80
-81
-83
-80
-79
-80
-77
-75
-71
-69
-71
-72
-74
-78
-80
-87
-90
-92
-97
-102
-102
-101
-103
-103
-102
-99
-97
-95
-91
-87
-82
-77
-70
-67
-62
-60
-58
-54
-53
-53
-54
-63
-66
-70
-76
-79
-84
-84
-81
-80
-73
-72
-67
-53
-53
-45
-37
-32
-35
-37
-39
-40
-42
-47
-51
-60
-62
-65
-68
-67
-65
-62
-59
-52
-50
-47
-43
-43
-46
-48
-55
-64
-70
-76
-85
-92
-93
-99
-97
-101
-103
-97
-94
-90
-89
-84
-79
-73
-71
-69
-74
-73
-77
-81
-83
-89
-91
-95
-97
-97
-100
-102
-104
-104
-100
-100
-97
-96
-98
-100
-101
-99
-101
-101
-100
-99
-96
-97
-95
-94
-91
-88
-84
-81
-82
-79
-74
-76
-77
-77
-79
-77
-73
-73
-74
-71
-68
-69
-68
-67
-69
-70
-75
-78
-79
-84
-85
-86
-84
-87
-88
-84
-85
-78
-75
-72
-61
-56
-51
-44
-43
-38
-40
-44
-42
-48
-55
-57
-62
-62
-67
-67
-66
-62
-59
-58
-56
-51
-50
-49
-40
-41
-41
-37
-39
-39
-39
-38
-35
-35
-37
-27
-24
-28
-24
-20
-19
-21
-19
-23
-26
-27
-25
-27
-28
-31
-27
-25
-25
-23
-25
-29
-29
-26
-28
-27
-30
-28
-27
-26
-25
-22
-17
-13
-3
0
6
10
14
18
17
15
12
7
-3
-9
-14
-21
-27
-31
-30
-29
-28
-25
-21
-10
-1
4
7
16
20
19
23
22
19
18
15
12
8
11
11
16
18
20
27
31
33
34
35
34
35
29
24
21
18
14
9
11
10
11
15
22
29
34
42
47
51
54
55
58
57
50
49
45
43
36
34
34
31
31
31
37
37
39
43
44
47
50
53
52
51
52
49
49
49
51
54
54
58
61
63
68
68
71
71
70
70
66
60
58
53
50
47
45
45
41
39
40
39
42
43
48
51
54
60
58
58
61
56
57
55
49
47
42
36
34
34
31
30
28
29
28
28
29
26
28
28
23
20
18
14
12
11
6
3
-3
-4
-5
-3
-2
-2
-2
2
7
8
5
6
5
1
-6
-8
-14
-21
-23
-27
-29
-32
-33
-34
-33
-32
-28
-24
-24
-21
-18
-13
-11
-10
-13
-17
-21
-22
-26
-30
-33
-37
-37
-37
-36
-36
-32
-35
-31
-29
-30
-25
-27
-23
-25
-25
-28
-31
-27
-29
-31
-33
-35
-37
-39
-36
-35
-34
-32
-35
-33
-27
-26
-21
-23
-21
-21
-24
-22
-20
-20
-20
-22
-22
-20
-26
-26
-24
-25
-19
-21
-19
-18
-16
-19
-16
-15
-15
-11
-13
-12
-15
-15
-16
-16
-15
-14
-14
-16
-15
-12
-8
-6
-2
-3
-1
0
0
1
1
-1
-3
-3
-6
-6
-8
-10
-11
-12
-10
-11
-11
-10
-4
-2
0
9
7
10
8
6
7
4
5
-3
-1
-4
-9
-5
-2
-4
-3
-1
-1
1
1
1
3
4
7
10
11
12
10
14
15
12
14
12
11
12
14
14
13
15
17
19
17
17
15
15
13
12
11
9
10
6
8
9
9
11
3
6
13
11
12
14
15
18
16
18
21
19
19
20
21
20
20
20
20
19
18
18
17
21
19
19
20
18
21
19
17
19
19
19
19
21
21
19
19
17
18
15
14
13
10
11
10
10
14
13
9
10
11
12
17
13
17
20
20
16
19
19
15
17
18
19
15
14
12
13
10
12
14
14
14
17
16
17
16
13
15
10
11
10
7
9
9
9
6
6
5
5
6
5
3
4
5
6
7
7
7
7
7
8
3
1
5
6
2
-2
-1
1
1
-1
-2
-5
-4
-1
-3
-1
-1
1
2
4
6
6
9
9
10
13
9
5
6
2
2
-2
-2
-1
-4
0
0
0
-4
-1
-1
-1
4
2
9
11
15
17
18
16
15
14
13
14
12
13
11
13
15
11
10
15
14
14
10
11
10
12
10
11
11
10
16
13
13
15
17
18
16
15
17
19
17
20
15
16
16
15
17
12
13
11
9
11
15
14
15
14
15
13
12
14
11
10
11
15
14
15
15
15
13
13
15
14
11
16
13
15
16
15
15
13
10
8
9
6
5
7
7
5
5
6
6
7
8
9
13
12
13
13
11
12
16
14
15
15
12
14
13
12
12
8
8
9
8
6
8
12
10
15
20
19
16
19
18
18
18
18
12
12
11
15
15
16
17
14
14
15
17
16
18
14
13
15
13
15
14
13
14
11
11
14
15
14
12
15
16
18
17
23
20
20
18
14
14
10
12
5
8
7
7
7
9
11
11
12
12
14
16
19
18
17
16
15
16
16
13
11
11
10
9
7
5
5
8
9
10
12
12
15
17
19
20
18
18
18
18
18
16
14
15
15
13
8
8
6
8
10
7
5
5
9
6
8
9
7
5
5
7
7
10
7
6
10
6
3
6
3
3
4
5
4
8
6
5
5
3
1
0
-2
-5
-4
-9
-9
-10
-11
-9
-8
-5
-6
-6
-6
-6
-6
-5
-6
-8
-10
-12
-16
-21
-21
-23
-20
-21
-19
-18
-18
-18
-18
-22
-19
-17
-20
-18
-22
-21
-21
-20
-19
-21
-23
-23
-26
-25
-22
-22
-24
-25
-25
-21
-19
-21
-20
-21
-23
-24
-26
-25
-29
-25
-24
-25
-24
-23
-25
-23
-25
-24
-22
-24
-24
-23
-20
-21
-24
-22
-24
-24
-22
-24
-25
-24
-26
-28
-20
-21
-22
-20
-21
-21
-21
-23
-19
-22
-19
-20
-22
-22
-23
-22
-22
-20
-24
-25
-24
-25
-23
-23
-24
-20
-22
-21
-20
-20
-22
-21
-22
-25
-27
-26
-26
-25
-28
-25
-23
-26
-25
-26
-23
-24
-23
-24
-23
-20
-23
-21
-22
-21
-23
-25
-26
-26
-25
-25
-23
-24
-26
-25
-21
-23
-25
-26
-25
-23
-25
-27
-24
-24
-27
-24
-24
-24
-23
-20
-22
-20
-18
-15
-17
-13
-13
-13
-14
-15
-11
-16
-12
-16
-16
-14
-12
-11
-15
-16
-14
-15
-11
-15
-11
-4
-11
-10
-10
-12
-10
-9
-13
-15
-11
-10
-9
-10
-7
-6
-7
-3
-4
-4
-4
-6
-7
-8
-7
-10
-6
-4
-3
-2
-4
-4
-2
-1
-1
-4
-4
0
-1
-1
1
4
4
3
0
-4
-4
-5
-6
-4
-5
-6
-8
-6
-7
-4
-8
-10
-6
-9
-6
-4
-2
-6
-6
-6
-7
-10
-11
-11
-14
-14
-13
-11
-12
-13
-14
-16
-16
-13
-10
-10
-9
-10
-13
-13
-13
-13
-15
-15
-15
-14
-17
-18
-19
-18
-20
-21
-19
-20
-23
-21
-21
-21
-21
-24
-24
-24
-25
-27
-25
-27
-22
-24
-25
-24
-24
-27
-27
-24
-26
-25
-26
-25
-26
-25
-26
-27
-27
-27
-27
-30
-30
-33
-32
-31
-31
-34
-32
-32
-35
-32
-34
-35
-36
-35
-34
-37
-38
-37
-39
-39
-37
-36
-35
-35
-33
-34
-37
-33
-37
-37
-35
-40
-36
-36
-37
-34
-32
-34
-34
-37
-36
-36
-35
-37
-35
-35
-32
-35
-36
-30
-31
-30
-34
-33
-33
-36
-37
-36
-35
-37
-37
-36
-37
-36
-36
-37
-38
-36
-39
-40
-35
-35
-34
-32
-29
-31
-30
-29
-30
-28
-31
-31
-31
-29
-25
-22
-24
-29
-27
-27
-28
-28
-26
-27
-26
-26
-26
-23
-26
-26
-26
-26
-25
-24
-25
-25
-25
-23
-23
-28
-26
-25
-22
-23
-23
-24
-22
-21
-22
-21
-22
-21
-18
-19
-19
-18
-21
-18
-21
-21
-19
-21
-21
-19
-18
-15
-18
-18
-17
-20
-16
-18
-15
-13
-15
-16
-16
-14
-15
-14
-17
-17
-17
-14
-14
-18
-16
-19
-18
-14
-16
-15
-11
-11
-10
-11
-11
-7
-9
-11
-12
-12
-8
-8
-13
-10
-8
-7
-9
-4
-5
-5
-5
-7
-6
-6
-5
-6
2
-2
-4
-4
-4
-2
-5
-10
-10
-9
-10
-9
-7
-5
-6
-8
-7
-5
-6
-4
-5
-8
-4
-2
-4
-5
-7
-6
-5
-5
-3
-5
-2
-4
-4
-3
-4
-5
-3
-1
1
1
2
2
0
2
