-16
-17
-18
-20
-17
-17
-18
-17
-18
-18
-16
-17
-19
-18
-18
-18
-18
-20
-20
-20
-23
-23
-24
-20
-21
-22
-23
-20
-20
-21
-21
-20
-18
-20
-21
-21
-19
-20
-21
-19
-22
-20
-20
-21
-21
-19
-19
-19
-15
-14
-17
-15
-13
-13
-12
-7
-10
-11
-10
-12
-13
-11
-10
-12
-10
-11
-9
-9
-13
-10
-10
-13
-15
-15
-13
-13
-14
-16
-17
-14
-14
-14
-12
-12
-13
-14
-13
-13
-14
-12
-14
-12
-13
-10
-10
-9
-10
-11
-8
-9
-13
-13
-12
-12
-11
-8
-9
-7
-8
-13
-12
-10
-9
-15
-11
-11
-11
-11
-11
-8
-10
-14
-14
-12
-11
-12
-10
-8
-11
-9
-10
-8
-8
-9
-9
-8
-4
-12
-9
-8
-8
-8
-8
-8
-11
-7
-9
-8
-11
-10
-12
-11
-8
-11
-12
-12
-13
-12
-13
-15
-15
-12
-13
-14
-15
-14
-15
-15
-14
-17
-18
-18
-18
-20
-19
-15
-18
-18
-18
-17
-19
-18
-20
-16
-15
-14
-16
-17
-20
-18
-18
-19
-18
-17
-16
-17
-18
-16
-17
-17
-14
-16
-16
-18
-18
-19
-19
-19
-22
-23
-20
-22
-23
-25
-23
-26
-25
-22
-25
-23
-24
-18
-18
-21
-21
-22
-27
-27
-24
-26
-24
-21
-21
-21
-19
-25
-23
-22
-21
-22
-22
-23
-24
-21
-25
-25
-23
-20
-25
-21
-23
-23
-26
-28
-29
-29
-27
-28
-26
-27
-26
-27
-26
-26
-28
-28
-31
-30
-28
-28
-25
-24
-26
-28
-28
-29
-28
-30
-29
-29
-27
-24
-24
-25
-25
-26
-29
-29
-29
-26
-28
-25
-26
-24
-27
-30
-28
-26
-29
-28
-27
-29
-28
-24
-28
-28
-29
-28
-25
-26
-24
-25
-24
-22
-25
-22
-21
-20
-20
-21
-20
-20
-23
-22
-18
-21
-22
-21
-19
-21
-22
-20
-22
-19
-19
-14
-17
-18
-16
-17
-16
-20
-17
-17
-16
-17
-17
-17
-14
-13
-15
-16
-14
-16
-17
-13
-14
-15
-16
-17
-14
-15
-15
-15
-15
-15
-14
-16
-15
-15
-15
-13
-12
-13
-12
-9
-10
-12
-13
-12
-14
-15
-14
-14
-12
-11
-8
-11
-13
-7
-13
-14
-16
-17
-19
-15
-13
-16
-15
-15
-18
-16
-13
-18
-19
-16
-15
-16
-17
-18
-14
-15
-13
-11
-12
-11
-14
-14
-14
-16
-15
-14
-16
-14
-14
-14
-12
-15
-15
-18
-16
-16
-17
-17
-15
-18
-16
-13
-17
-14
-18
-26
-17
-17
-23
-16
-18
-15
-16
-17
-16
-20
-24
-21
-19
-18
-18
-21
-20
-20
-19
-17
-17
-18
-17
-16
-15
-16
-19
-23
-23
-24
-21
-16
-22
-22
-22
-23
-22
-21
-24
-23
-22
-21
-21
-22
-21
-25
-25
-23
-21
-25
-25
-27
-25
-22
-24
-23
-23
-22
-22
-23
-23
-24
-20
-19
-23
-23
-23
-22
-22
-24
-24
-23
-23
-24
-24
-25
-21
-21
-22
-22
-25
-23
-24
-22
-24
-23
-28
-27
-24
-25
-24
-28
-26
-26
-27
-28
-25
-26
-27
-28
-25
-25
-27
-28
-32
-28
-30
-30
-27
-23
-21
-22
-22
-26
-27
-24
-21
-24
-24
-23
-23
-22
-21
-23
-26
-24
-23
-25
-25
-28
-27
-27
-28
-28
-27
-28
-31
-25
-27
-28
-31
-31
-30
-31
-32
-28
-27
-26
-27
-26
-25
-26
-27
-29
-29
-29
-28
-30
-25
-25
-26
-29
-31
-30
-27
-29
-30
-30
-27
-25
-25
-23
-25
-30
-26
-27
-27
-28
-28
-29
-28
-26
-29
-29
-29
-29
-29
-26
-26
-26
-26
-24
-24
-27
-26
-25
-27
-26
-25
-29
-30
-30
-28
-30
-29
-30
-30
-29
-30
-28
-31
-30
-28
-31
-31
-30
-31
-33
-29
-32
-31
-30
-33
-32
-32
-32
-33
-31
-30
-30
-30
-32
-32
-34
-32
-32
-32
-33
-35
-35
-35
-35
-35
-36
-36
-32
-34
-36
-33
-32
-31
-31
-33
-32
-31
-31
-34
-31
-32
-33
-32
-34
-32
-30
-25
-27
-27
-29
-30
-30
-31
-29
-32
-29
-28
-26
-27
-32
-31
-28
-28
-29
-27
-25
-26
-24
-23
-27
-25
-25
-22
-25
-23
-21
-19
-21
-24
-24
-23
-22
-20
-21
-20
-19
-21
-20
-25
-23
-23
-25
-21
-22
-22
-21
-20
-21
-17
-20
-25
-24
-23
-17
-18
-16
-14
-16
-17
-14
-13
-14
-18
-18
-17
-14
-15
-15
-11
-12
-12
-12
-14
-12
-11
-10
-13
-12
-15
-14
-17
-18
-16
-16
-16
-15
-17
-18
-16
-19
-16
-17
-15
-16
-17
-16
-15
-18
-17
-18
-20
-19
-22
-21
-19
-18
-18
-18
-17
-18
-22
-20
-19
-14
-16
-16
-17
-17
-17
-18
-18
-17
-18
-20
-18
-21
-20
-19
-17
-17
-16
-17
-19
-16
-16
-14
-14
-16
-18
-17
-17
-18
-20
-23
-20
-21
-20
-22
-21
-17
-20
-20
-20
-21
-20
-20
-25
-20
-22
-22
-21
-21
-19
-19
-20
-23
-18
-15
-16
-16
-16
-17
-18
-17
-17
-15
-16
-17
-18
-17
-16
-17
-19
-20
-22
-21
-21
-20
-18
-21
-19
-19
-18
-18
-21
-19
-18
-17
-15
-16
-16
-17
-19
-17
-17
-16
-19
-17
-19
-16
-10
-14
-15
-14
-14
-19
-17
-15
-15
-14
-16
-17
-15
-12
-15
-16
-17
-15
-10
-14
-13
-15
-13
-14
-11
-14
-18
-16
-12
-12
-15
-14
-14
-11
-11
-12
-11
-11
-10
-11
-8
-11
-11
-11
-11
-13
-15
-12
-11
-12
-15
-12
-14
-11
-11
-11
-12
-11
-9
-12
-13
-12
-11
-10
-10
-11
-11
-12
-10
-9
-4
-5
-5
-7
-9
-5
-8
-5
-5
-5
-8
-5
-6
-8
-7
-6
-6
-8
-6
-8
-4
-5
-1
0
2
2
1
1
-1
4
1
2
0
-3
-1
4
8
4
4
4
3
0
-2
2
3
2
3
3
2
0
1
0
-2
1
3
1
1
2
-1
0
-1
3
1
0
4
3
2
3
4
3
5
6
8
6
6
7
6
4
2
0
3
2
1
4
3
3
4
2
1
3
1
-7
-2
2
2
8
4
2
5
4
3
4
4
5
7
4
4
3
6
3
6
11
5
5
9
7
7
5
4
4
4
5
2
2
4
2
0
0
0
1
3
4
-1
0
1
0
-1
0
-1
-2
-1
-4
-3
-4
-2
-1
-3
0
1
0
1
-2
-2
3
0
0
-1
-2
2
1
-1
-1
0
1
-1
1
-1
-2
-2
-1
1
-1
-1
0
2
2
0
2
0
-3
-2
0
-2
1
0
-4
-4
-4
-4
-1
-1
-2
0
-3
-4
-9
-6
-5
-8
-7
-7
-4
-3
0
-6
-7
-2
-2
-3
-2
-2
-3
-3
-3
-2
-1
-1
-3
-6
-3
-3
-5
-5
-7
-10
-9
-8
-5
-5
-7
-7
-4
-7
-6
-7
-7
-7
-5
-4
-6
-3
-4
-4
-3
-4
-2
-4
-5
-6
-2
-2
0
1
-2
-6
-9
-5
-8
-7
-6
-7
-7
-8
-7
-6
-10
-9
-10
-11
-9
-11
-10
-10
-7
-9
-10
-11
-11
-8
-10
-11
-9
-9
-12
-8
-10
-9
-9
-8
-9
-10
-11
-10
-9
-10
-11
-9
-8
-6
-6
-5
-5
-1
-2
-3
-3
-1
2
0
-1
-3
0
2
-1
-3
0
1
4
0
3
2
4
5
0
6
5
9
7
6
9
9
11
10
13
11
14
13
17
14
13
17
20
20
21
22
23
22
19
22
19
23
22
20
23
23
30
29
22
23
25
24
24
17
20
24
23
25
24
23
21
20
21
21
24
23
22
21
25
24
24
26
27
27
28
29
27
28
25
24
28
28
25
28
26
28
29
29
29
25
26
27
27
28
27
27
27
24
23
27
22
20
20
22
23
24
27
27
28
28
28
25
24
25
27
29
28
27
25
28
27
26
26
28
28
26
30
29
27
25
24
26
25
21
20
24
23
20
20
18
19
19
21
22
22
20
19
20
20
18
19
20
16
19
14
16
17
14
17
14
15
13
11
13
15
15
12
12
12
13
12
12
12
11
12
11
11
10
12
13
11
12
11
13
13
13
14
11
11
9
10
11
8
6
6
6
5
7
8
7
8
10
7
8
6
9
4
7
9
3
8
9
10
13
11
8
8
10
14
11
13
11
9
8
6
7
8
7
7
6
5
3
3
2
2
2
4
3
3
2
4
2
2
0
2
0
0
4
4
3
3
5
5
5
6
7
6
3
5
5
5
7
6
6
5
4
1
4
4
3
3
4
6
8
9
5
5
7
5
8
7
8
9
8
8
8
7
8
9
8
8
11
10
7
10
10
11
13
9
11
14
13
13
11
9
11
15
14
10
15
15
14
14
15
16
13
13
12
14
15
15
16
14
13
13
14
17
14
18
17
17
18
16
16
15
17
15
13
15
14
11
17
16
14
16
16
17
16
21
19
18
21
22
23
23
24
26
27
26
23
26
28
25
26
27
27
33
31
28
30
29
27
26
27
26
24
25
26
25
20
25
25
27
25
29
30
28
29
25
27
26
28
28
27
32
33
28
29
30
30
30
28
32
30
32
31
34
34
31
30
30
28
28
29
29
31
31
29
30
30
28
25
24
30
29
30
31
31
30
31
29
27
28
28
27
30
27
24
27
31
31
29
30
30
29
29
32
27
28
27
30
29
28
26
25
28
26
27
26
27
25
25
23
25
25
23
24
26
25
21
22
20
22
23
20
24
22
21
19
19
19
20
17
19
21
21
19
18
19
18
21
21
19
19
20
20
19
15
16
15
18
18
19
19
17
18
14
15
17
15
14
13
12
11
9
9
7
9
7
7
8
10
10
8
11
9
4
10
8
7
12
15
15
16
15
12
11
15
15
17
15
15
13
11
12
14
14
11
14
13
13
12
12
10
7
8
6
10
10
10
9
9
9
9
6
7
7
6
8
8
10
11
11
11
11
11
10
13
11
12
15
14
15
13
13
11
11
13
13
12
14
16
17
14
14
16
13
14
15
13
15
15
16
15
12
16
14
18
17
18
18
14
16
18
20
19
19
19
19
19
21
21
20
19
19
18
19
19
20
24
19
20
22
22
24
24
21
20
22
23
24
20
23
22
20
22
24
25
25
21
23
23
23
21
21
23
24
22
20
22
24
22
22
22
24
25
24
25
28
26
26
27
29
29
30
31
29
30
29
26
26
28
29
28
28
29
36
28
27
30
31
30
24
26
28
28
30
32
30
26
26
29
26
24
25
29
27
26
30
29
31
29
28
28
29
32
30
29
31
28
28
31
32
31
34
33
31
34
33
30
31
31
29
32
29
29
29
27
30
28
22
22
25
26
30
29
30
31
30
30
31
27
28
30
29
29
29
27
26
28
29
27
28
29
28
30
30
31
28
25
26
27
25
27
27
28
26
25
24
22
25
25
28
30
28
29
28
26
28
31
28
27
25
27
27
27
28
28
27
26
27
28
25
27
28
27
26
26
25
26
24
24
25
27
29
26
29
28
26
30
29
27
29
30
29
32
32
30
33
31
34
31
29
30
28
29
29
30
31
34
39
36
42
40
71
109
135
176
187
216
265
284
317
314
306
307
274
265
214
194
148
97
52
8
7
6
16
22
39
101
163
221
260
281
312
312
302
270
218
161
78
-12
-107
-189
-252
-317
-375
-420
-435
-422
-409
-374
-351
-320
-277
-245
-219
-206
-211
-227
-263
-311
-361
-406
-435
-474
-494
-510
-487
-426
-354
-269
-164
-54
72
193
313
427
511
580
609
627
619
596
554
484
407
327
257
209
167
150
148
164
218
283
377
465
557
646
723
784
826
838
838
793
729
636
529
415
283
150
9
-114
-228
-316
-396
-462
-518
-553
-595
-629
-669
-713
-769
-846
-938
-1047
-1163
-1283
-1374
-1434
-1467
-1479
-1461
-1400
-1245
-1059
-835
-613
-364
-75
202
463
677
886
1059
1177
1226
1240
1243
1222
1146
1030
898
798
706
605
512
444
410
382
359
343
350
353
338
277
215
146
65
-55
-198
-342
-488
-620
-739
-833
-893
-930
-909
-823
-704
-489
-287
-50
225
486
784
1032
1242
1459
1574
1689
1700
1696
1645
1528
1393
1174
996
767
569
347
124
-60
-236
-399
-530
-665
-775
-900
-1029
-1162
-1309
-1462
-1640
-1796
-1942
-2042
-2151
-2215
-2260
-2195
-2059
-1878
-1646
-1394
-1042
-669
-290
88
428
792
1080
1302
1466
1580
1697
1715
1681
1583
1487
1400
1263
1134
993
899
821
737
688
646
633
604
540
476
397
321
204
51
-119
-298
-486
-674
-856
-999
-1119
-1186
-1200
-1156
-1040
-876
-647
-386
-81
240
551
859
1148
1396
1604
1722
1817
1837
1814
1721
1579
1410
1204
987
740
499
274
63
-137
-336
-524
-674
-829
-976
-1137
-1305
-1472
-1647
-1831
-2022
-2154
-2275
-2362
-2442
-2479
-2433
-2289
-2103
-1865
-1591
-1260
-846
-460
-42
324
709
1034
1301
1495
1649
1770
1844
1830
1754
1648
1560
1452
1305
1173
1038
964
877
812
756
726
687
626
541
453
366
246
87
-104
-297
-502
-697
-904
-1066
-1207
-1281
-1306
-1267
-1162
-989
-757
-469
-147
194
541
864
1192
1471
1705
1865
1977
2019
2017
1938
1819
1642
1451
1222
975
722
472
250
14
-207
-424
-616
-778
-952
-1125
-1303
-1486
-1666
-1887
-2099
-2328
-2534
-2649
-2758
-2802
-2835
-2811
-2653
-2396
-2086
-1720
-1356
-871
-373
122
556
944
1344
1635
1865
1957
2039
2091
2076
1958
1770
1599
1487
1337
1177
1003
906
871
816
776
734
746
727
657
529
405
278
116
-125
-390
-646
-879
-1098
-1322
-1476
-1589
-1586
-1532
-1413
-1203
-922
-574
-184
198
613
995
1370
1695
1935
2137
2237
2313
2282
2202
2063
1869
1657
1402
1142
863
586
343
93
-141
-356
-555
-723
-903
-1051
-1212
-1391
-1576
-1814
-2049
-2295
-2553
-2811
-3021
-3166
-3237
-3263
-3243
-3104
-2776
-2345
-1878
-1373
-862
-226
348
881
1306
1690
2036
2248
2333
2313
2300
2241
2091
1832
1570
1388
1263
1098
939
811
801
816
804
774
781
816
782
664
486
333
146
-117
-468
-808
-1125
-1384
-1645
-1875
-1996
-2026
-1946
-1808
-1580
-1237
-812
-364
113
559
1026
1470
1847
2144
2354
2495
2562
2546
2449
2291
2093
1847
1564
1262
956
687
403
149
-106
-327
-494
-681
-838
-1002
-1165
-1303
-1470
-1634
-1874
-2142
-2430
-2763
-3093
-3351
-3498
-3563
-3581
-3518
-3322
-2905
-2395
-1838
-1252
-654
53
682
1246
1674
2067
2388
2562
2597
2530
2451
2337
2122
1813
1502
1270
1123
952
800
690
705
742
774
779
818
868
845
723
525
335
110
-178
-579
-971
-1329
-1622
-1900
-2133
-2271
-2266
-2153
-1952
-1655
-1270
-746
-216
312
816
1312
1796
2213
2481
2690
2773
2838
2776
2628
2408
2137
1864
1512
1177
830
543
266
-11
-263
-478
-623
-729
-885
-998
-1114
-1179
-1306
-1498
-1731
-2053
-2363
-2742
-3142
-3418
-3607
-3692
-3701
-3666
-3403
-2937
-2359
-1736
-1138
-443
302
974
1535
1946
2349
2629
2769
2722
2587
2478
2285
2016
1629
1283
1078
912
745
582
496
558
626
682
698
760
836
800
664
446
253
10
-353
-804
-1254
-1655
-1985
-2335
-2584
-2718
-2689
-2532
-2322
-1983
-1518
-969
-394
132
659
1184
1672
2055
2306
2467
2543
2552
2437
2217
1946
1643
1292
924
518
171
-146
-421
-671
-914
-1097
-1206
-1317
-1386
-1456
-1481
-1520
-1656
-1885
-2215
-2570
-2953
-3382
-3719
-3980
-4138
-4157
-4186
-3978
-3595
-3033
-2381
-1750
-1024
-229
527
1202
1692
2170
2533
2764
2813
2698
2598
2401
2156
1766
1400
1167
979
826
671
580
648
737
828
896
979
1108
1128
1062
876
691
466
123
-315
-784
-1206
-1575
-1933
-2212
-2400
-2410
-2286
-2078
-1725
-1275
-672
-71
526
1130
1673
2230
2644
2940
3136
3201
3226
3078
2867
2558
2209
1827
1386
960
548
193
-112
-413
-660
-860
-978
-1042
-1109
-1112
-1152
-1192
-1325
-1551
-1856
-2216
-2628
-2984
-3318
-3596
-3757
-3874
-3750
-3483
-3040
-2502
-1921
-1215
-412
338
1048
1616
2192
2619
2917
3047
3022
2984
2813
2570
2175
1797
1509
1251
998
765
615
623
647
694
744
847
991
1037
1013
901
803
631
318
-107
-549
-967
-1374
-1797
-2152
-2397
-2478
-2468
-2357
-2084
-1666
-1110
-558
-3
605
1211
1807
2238
2583
2824
2984
3043
2920
2720
2423
2098
1661
1180
688
246
-167
-566
-950
-1241
-1429
-1538
-1618
-1665
-1673
-1673
-1723
-1850
-2047
-2295
-2561
-2871
-3140
-3435
-3643
-3805
-3854
-3701
-3465
-3077
-2609
-2050
-1315
-611
133
781
1382
1941
2335
2633
2771
2871
2856
2719
2458
2125
1839
1571
1272
1004
760
656
612
571
582
641
776
861
874
837
806
730
550
224
-128
-491
-850
-1266
-1684
-1990
-2152
-2197
-2192
-2057
-1763
-1286
-737
-188
401
1034
1676
2239
2638
2981
3238
3409
3395
3233
2982
2683
2286
1793
1239
702
225
-242
-684
-1094
-1364
-1530
-1612
-1686
-1651
-1616
-1565
-1566
-1669
-1846
-2068
-2242
-2510
-2767
-3068
-3233
-3227
-3104
-2913
-2619
-2250
-1651
-1008
-335
337
983
1679
2194
2622
2863
3100
3235
3220
3020
2719
2439
2194
1864
1495
1138
904
778
621
519
465
544
599
603
547
542
562
484
242
-67
-365
-652
-1007
-1446
-1821
-2096
-2201
-2303
-2298
-2155
-1816
-1356
-872
-356
272
926
1590
2082
2495
2861
3147
3315
3250
3099
2857
2551
2108
1564
981
459
-81
-591
-1106
-1494
-1726
-1852
-1944
-1977
-1926
-1838
-1748
-1788
-1878
-1989
-2044
-2209
-2391
-2648
-2809
-2770
-2704
-2549
-2386
-2076
-1542
-974
-377
198
813
1507
2037
2472
2754
3059
3282
3335
3198
2948
2752
2532
2202
1797
1404
1140
940
694
483
340
351
350
295
219
224
272
230
47
-192
-406
-609
-903
-1298
-1634
-1896
-2019
-2158
-2229
-2142
-1879
-1478
-1069
-612
-26
611
1258
1758
2178
2594
2914
3140
3132
3032
2861
2583
2186
1646
1081
553
-4
-567
-1152
-1621
-1935
-2135
-2295
-2391
-2357
-2231
-2084
-2049
-2054
-2020
-1999
-2038
-2164
-2335
-2371
-2298
-2216
-2121
-1994
-1696
-1228
-756
-265
222
820
1432
1938
2327
2657
3005
3255
3321
3213
3065
2949
2754
2432
2045
1698
1463
1203
910
627
464
409
335
227
149
178
225
172
17
-130
-237
-358
-588
-891
-1099
-1225
-1331
-1429
-1487
-1362
-1077
-757
-403
-9
512
1115
1600
2051
2410
2791
3064
3179
3155
3026
2860
2550
2111
1541
968
408
-199
-844
-1459
-1934
-2257
-2521
-2683
-2776
-2741
-2600
-2518
-2420
-2352
-2232
-2171
-2206
-2281
-2260
-2130
-1995
-1886
-1819
-1544
-1208
-800
-433
-38
456
969
1421
1769
2125
2476
2754
2858
2833
2791
2761
2623
2369
2001
1696
1431
1137
817
498
293
120
-61
-257
-365
-394
-408
-500
-615
-707
-743
-820
-985
-1145
-1235
-1302
-1339
-1387
-1345
-1148
-900
-616
-308
65
574
1049
1468
1852
2165
2514
2715
2825
2799
2712
2525
2210
1778
1243
727
143
-505
-1155
-1753
-2202
-2526
-2818
-2989
-3106
-3072
-2980
-2862
-2698
-2568
-2416
-2349
-2272
-2122
-1933
-1728
-1566
-1456
-1179
-910
-529
-198
139
541
916
1327
1648
2012
2346
2607
2760
2809
2856
2898
2819
2666
2390
2149
1893
1609
1312
971
708
432
147
-114
-299
-432
-549
-731
-872
-974
-1009
-1063
-1148
-1201
-1246
-1232
-1230
-1182
-1072
-882
-678
-454
-214
138
504
890
1194
1483
1755
1994
2182
2241
2245
2154
1979
1690
1323
889
418
-148
-758
-1392
-1951
-2413
-2828
-3166
-3469
-3632
-3685
-3648
-3505
-3366
-3196
-3043
-2907
-2683
-2410
-2123
-1856
-1672
-1375
-1092
-742
-420
-117
244
539
867
1139
1455
1783
2039
2224
2329
2440
2578
2621
2595
2465
2325
2183
1977
1757
1483
1240
961
644
325
53
-154
-362
-621
-849
-1008
-1093
-1134
-1203
-1230
-1223
-1158
-1059
-936
-742
-501
-256
-32
208
509
856
1160
1407
1601
1802
1989
2115
2159
2111
2035
1856
1629
1303
942
533
71
-480
-1018
-1519
-1939
-2324
-2695
-3025
-3260
-3351
-3308
-3235
-3142
-3001
-2868
-2625
-2364
-2054
-1757
-1497
-1168
-855
-526
-194
125
468
718
957
1158
1408
1681
1877
2016
2083
2194
2331
2404
2425
2389
2354
2298
2180
2058
1903
1756
1553
1272
976
715
512
267
-39
-340
-576
-746
-890
-1022
-1063
-1060
-1007
-921
-793
-549
-234
79
346
593
930
1282
1585
1805
1976
2114
2219
2245
2218
2108
1967
1739
1424
1052
665
308
-165
-674
-1192
-1624
-1990
-2305
-2628
-2901
-3103
-3124
-3089
-3048
-2968
-2884
-2700
-2486
-2256
-2004
-1742
-1436
-1067
-811
-478
-182
222
528
764
985
1190
1483
1690
1844
1893
1967
2078
2130
2092
2046
1987
1963
1822
1663
1497
1367
1228
977
693
419
233
24
-248
-557
-774
-968
-1119
-1320
-1401
-1420
-1369
-1295
-1249
-1076
-783
-460
-167
63
381
761
1076
1365
1512
1712
1828
1898
1861
1742
1629
1440
1154
769
360
-8
-432
-934
-1438
-1926
-2259
-2592
-2872
-3146
-3304
-3249
-3188
-3083
-3014
-2829
-2538
-2209
-1952
-1692
-1458
-1049
-717
-430
-180
83
488
729
934
1072
1311
1570
1755
1833
1881
1989
2152
2186
2145
2087
2088
2082
1941
1776
1597
1497
1326
1062
760
521
340
130
-187
-473
-664
-791
-932
-1059
-1103
-1078
-973
-899
-780
-543
-226
85
317
559
887
1204
1494
1637
1768
1868
1949
1943
1826
1678
1494
1254
899
486
64
-332
-811
-1314
-1816
-2231
-2540
-2859
-3159
-3342
-3329
-3221
-3106
-3037
-2878
-2613
-2235
-1968
-1693
-1452
-1039
-671
-394
-141
98
487
739
930
1045
1262
1503
1691
1738
1780
1885
2049
2094
2047
2001
2011
2023
1908
1758
1599
1513
1347
1104
799
581
388
166
-137
-412
-584
-690
-773
-889
-905
-855
-704
-555
-377
-119
205
521
824
1067
1403
1702
1949
2108
2171
2264
2278
2233
2060
1829
1565
1245
848
371
-108
-592
-1083
-1575
-2062
-2452
-2759
-3072
-3225
-3279
-3220
-3081
-2972
-2773
-2484
-2096
-1719
-1409
-1122
-712
-358
-17
232
497
798
1028
1227
1331
1520
1705
1874
1946
1987
2114
2262
2333
2338
2303
2326
2305
2212
2067
1886
1758
1536
1253
925
651
408
110
-221
-518
-718
-854
-938
-1007
-1011
-918
-761
-563
-311
-8
348
648
921
1224
1491
1791
1948
2049
2069
2066
2039
1894
1680
1389
1090
716
287
-176
-667
-1154
-1647
-2150
-2592
-2977
-3276
-3495
-3580
-3589
-3533
-3422
-3256
-2973
-2620
-2279
-1947
-1652
-1237
-857
-508
-199
56
391
619
838
960
1153
1344
1475
1535
1570
1675
1805
1839
1813
1777
1784
1785
1678
1554
1391
1280
1084
812
508
264
23
-265
-604
-914
-1121
-1261
-1380
-1512
-1508
-1430
-1251
-1037
-805
-474
-80
281
625
917
1267
1580
1776
1894
1900
1912
1864
1701
1429
1088
737
332
-139
-672
-1221
-1697
-2190
-2664
-3095
-3481
-3722
-3816
-3820
-3790
-3666
-3497
-3201
-2817
-2465
-2075
-1781
-1362
-962
-630
-279
-22
330
581
782
941
1119
1368
1531
1642
1687
1783
1969
2060
2073
2046
2050
2077
1986
1864
1696
1568
1396
1114
790
501
270
-6
-358
-707
-942
-1090
-1233
-1315
-1351
-1250
-1080
-891
-662
-335
59
481
777
1114
1441
1760
2045
2141
2251
2227
2251
2113
1909
1601
1273
913
419
-94
-660
-1167
-1664
-2198
-2692
-3122
-3480
-3613
-3715
-3715
-3668
-3562
-3318
-3001
-2606
-2236
-1863
-1521
-1047
-700
-307
-16
311
620
815
1026
1165
1405
1588
1725
1776
1856
2015
2174
2217
2225
2212
2257
2222
2121
1990
1839
1701
1435
1124
784
521
235
-130
-522
-830
-1046
-1189
-1300
-1381
-1322
-1192
-970
-728
-425
-34
413
745
1105
1408
1764
2064
2211
2307
2269
2271
2173
1971
1657
1296
921
456
-70
-631
-1183
-1670
-2194
-2688
-3119
-3504
-3688
-3767
-3810
-3766
-3705
-3487
-3189
-2804
-2407
-2062
-1723
-1280
-865
-487
-127
178
549
784
1034
1193
1438
1667
1835
1930
1975
2128
2296
2375
2357
2336
2348
2355
2246
2113
1915
1781
1542
1228
881
582
336
-4
-393
-752
-973
-1105
-1221
-1354
-1352
-1271
-1048
-806
-547
-186
232
629
1001
1315
1698
2031
2254
2375
2369
2404
2357
2221
1933
1556
1177
750
245
-349
-952
-1480
-2019
-2531
-3036
-3449
-3731
-3877
-3888
-3922
-3829
-3651
-3391
-2996
-2641
-2235
-1868
-1501
-1004
-671
-251
60
418
754
961
1208
1397
1675
1879
2015
2095
2201
2380
2521
2525
2520
2501
2522
2439
2291
2120
1937
1762
1458
1118
781
520
220
-141
-553
-804
-1000
-1120
-1214
-1294
-1198
-1071
-827
-574
-256
152
568
900
1281
1574
1973
2215
2369
2444
2409
2432
2284
2082
1715
1336
912
410
-168
-773
-1392
-1913
-2499
-3012
-3496
-3855
-4068
-4148
-4161
-4133
-3999
-3800
-3444
-3074
-2638
-2262
-1864
-1412
-951
-561
-158
168
554
826
1078
1294
1538
1794
1937
2059
2102
2262
2394
2467
2425
2394
2386
2362
2236
2082
1886
1719
1475
1139
803
490
229
-136
-515
-882
-1093
-1246
-1332
-1424
-1400
-1268
-1031
-754
-440
-42
406
816
1200
1561
1911
2246
2447
2557
2533
2518
2427
2224
1881
1455
1003
507
-81
-731
-1364
-1944
-2498
-3058
-3579
-3992
-4261
-4304
-4336
-4312
-4175
-3963
-3592
-3178
-2757
-2322
-1941
-1482
-995
-613
-164
157
585
866
1113
1345
1572
1864
2035
2169
2220
2357
2536
2634
2612
2583
2545
2532
2394
2236
2026
1828
1596
1248
897
553
278
-69
-487
-890
-1145
-1320
-1474
-1544
-1549
-1437
-1211
-942
-618
-189
287
759
1132
1531
1961
2282
2605
2681
2776
2723
2683
2509
2203
1814
1324
856
229
-398
-1070
-1656
-2254
-2790
-3366
-3763
-4115
-4158
-4209
-4222
-4119
-4009
-3664
-3336
-2919
-2594
-2216
-1895
-1370
-1062
-592
-291
125
480
715
1047
1266
1646
1862
2064
2137
2304
2494
2670
2654
2652
2607
2626
2518
2353
2162
1934
1726
1366
1025
659
407
84
-291
-710
-946
-1134
-1210
-1332
-1363
-1287
-1123
-855
-590
-231
195
629
999
1379
1738
2159
2418
2608
2659
2698
2681
2587
2336
1978
1548
1108
555
-66
-727
-1370
-1966
-2594
-3162
-3682
-4039
-4252
-4257
-4317
-4216
-4089
-3769
-3387
-2959
-2562
-2165
-1774
-1254
-850
-476
-104
204
604
783
1060
1229
1540
1745
1908
1992
2103
2314
2488
2538
2515
2530
2560
2543
2382
2243
2021
1853
1520
1158
771
471
149
-251
-678
-1010
-1192
-1349
-1450
-1547
-1487
-1337
-1062
-791
-445
-20
452
860
1233
1616
1990
2314
2486
2571
2574
2563
2479
2235
1863
1432
984
464
-154
-822
-1440
-2002
-2572
-3101
-3604
-3952
-4092
-4078
-4099
-4058
-3911
-3624
-3236
-2855
-2484
-2103
-1738
-1232
-870
-496
-150
164
552
721
975
1151
1442
1667
1806
1897
1994
2202
2385
2426
2410
2417
2444
2409
2257
2107
1914
1757
1459
1107
752
474
184
-196
-624
-942
-1123
-1282
-1401
-1478
-1419
-1263
-1025
-761
-415
21
503
899
1254
1666
2039
2386
2567
2643
2682
2632
2571
2290
1941
1488
1036
495
-177
-858
-1497
-2071
-2649
-3237
-3743
-4112
-4225
-4173
-4245
-4154
-4060
-3722
-3322
-2941
-2559
-2207
-1795
-1277
-952
-539
-214
171
530
669
936
1129
1479
1667
1795
1862
1991
2225
2404
2420
2418
2444
2501
2443
2288
2152
1974
1811
1466
1117
784
532
225
-175
-617
-883
-1062
-1206
-1402
-1449
-1343
-1180
-905
-668
-293
206
713
1139
1487
1913
2393
2693
2934
2967
3061
3047
2952
2676
2284
1866
1401
830
127
-575
-1208
-1776
-2417
-2998
-3516
-3840
-4057
-4036
-4123
-4063
-3930
-3698
-3325
-2985
-2576
-2217
-1886
-1473
-1085
-730
-322
-39
357
525
808
1037
1327
1586
1744
1895
1990
2199
2371
2456
2436
2443
2427
2388
2226
2091
1887
1690
1375
1020
677
370
68
-310
-725
-1048
-1231
-1409
-1554
-1650
-1559
-1449
-1213
-982
-662
-209
266
695
1057
1443
1913
2239
2500
2604
2678
2734
2649
2485
2133
1778
1333
838
207
-492
-1130
-1715
-2356
-2975
-3557
-3973
-4253
-4309
-4337
-4348
-4173
-3971
-3597
-3238
-2817
-2404
-2033
-1587
-1125
-754
-311
-11
387
618
841
1104
1339
1615
1757
1903
1981
2152
2331
2450
2442
2457
2461
2451
2342
2214
2053
1864
1612
1264
932
606
304
-76
-495
-901
-1131
-1354
-1520
-1713
-1707
-1626
-1467
-1214
-958
-566
-100
357
783
1175
1626
2077
2328
2579
2654
2779
2768
2651
2409
2032
1659
1197
627
-24
-709
-1340
-1948
-2583
-3133
-3628
-3969
-4220
-4237
-4291
-4204
-4083
-3850
-3528
-3129
-2712
-2309
-1957
-1519
-1072
-721
-285
-13
414
634
912
1126
1383
1639
1835
1975
2073
2253
2439
2560
2560
2601
2595
2595
2466
2357
2168
2001
1735
1422
1073
765
465
88
-318
-695
-918
-1146
-1316
-1509
-1476
-1407
-1251
-1047
-805
-417
49
495
905
1268
1723
2163
2427
2690
2753
2901
2882
2773
2547
2197
1858
1391
834
191
-480
-1101
-1689
-2373
-2916
-3459
-3787
-4094
-4169
-4160
-4075
-3897
-3691
-3410
-3018
-2584
-2212
-1833
-1549
-1008
-740
-265
-29
343
643
865
1158
1346
1656
1842
2022
2096
2244
2397
2565
2526
2554
2484
2476
2358
2211
2029
1783
1544
1197
872
524
240
-127
-483
-893
-1122
-1356
-1514
-1691
-1785
-1704
-1583
-1357
-1132
-812
-405
48
470
916
1294
1786
2128
2406
2619
2739
2867
2815
2701
2442
2123
1777
1300
723
96
-562
-1178
-1814
-2425
-2949
-3406
-3784
-4108
-4162
-4103
-3992
-3869
-3736
-3530
-3170
-2750
-2395
-2083
-1786
-1253
-923
-445
-162
239
620
874
1180
1375
1721
1966
2150
2217
2298
2452
2598
2569
2531
2423
2386
2269
2095
1892
1648
1451
1129
798
445
178
-121
-450
-846
-1124
-1350
-1503
-1676
-1812
-1820
-1777
-1580
-1394
-1164
-822
-406
23
439
833
1317
1712
2074
2331
2495
2686
2733
2708
2505
2211
1915
1482
975
318
-342
-1002
-1671
-2293
-2921
-3412
-3807
-4119
-4348
-4347
-4251
-4057
-3919
-3716
-3440
-2991
-2610
-2262
-1976
-1576
-1111
-772
-348
-113
354
604
924
1139
1432
1760
1998
2186
2267
2454
2655
2791
2783
2769
2716
2715
2567
2431
2176
1984
1714
1384
1038
712
445
114
-232
-604
-833
-1030
-1165
-1348
-1464
-1448
-1297
-1139
-960
-726
-393
5
385
746
1101
1485
1882
2092
2282
2405
2509
2513
2348
2109
1798
1484
1039
497
-144
-759
-1396
-1996
-2634
-3204
-3661
-4055
-4412
-4640
-4594
-4534
-4376
-4293
-4123
-3846
-3408
-3017
-2679
-2397
-1957
-1496
-1126
-693
-395
86
356
693
941
1245
1568
1811
1978
2060
2224
2415
2523
2498
2463
2385
2362
2235
2107
1877
1689
1457
1172
864
570
328
30
-307
-648
-877
-1057
-1185
-1352
-1451
-1449
-1333
-1146
-966
-723
-367
27
445
832
1225
1667
2041
2315
2550
2696
2874
2887
2804
2589
2293
2026
1582
1078
452
-153
-802
-1403
-2031
-2591
-3079
-3519
-3888
-4173
-4186
-4106
-4026
-3944
-3828
-3618
-3204
-2870
-2521
-2277
-1952
-1493
-1181
-744
-485
-46
261
536
813
1084
1449
1691
1885
1960
2093
2285
2430
2418
2369
2273
2242
2108
1955
1741
1527
1315
1015
715
400
159
-116
-436
-801
-1039
-1214
-1340
-1501
-1658
-1693
-1610
-1447
-1291
-1099
-801
-426
-19
373
783
1215
1653
1986
2263
2507
2718
2873
2865
2738
2538
2304
1991
1529
968
362
-259
-925
-1571
-2196
-2699
-3137
-3541
-3825
-4050
-3984
-3849
-3761
-3707
-3618
-3412
-3028
-2726
-2412
-2169
-1839
-1320
-998
-499
-185
309
705
1022
1372
1680
2092
2355
2545
2621
2736
2913
3039
2963
2858
2726
2682
2535
2362
2123
1891
1679
1377
1069
772
561
309
-1
-377
-615
-802
-950
-1183
-1414
-1528
-1532
-1427
-1360
-1241
-1010
-690
-323
51
453
914
1362
1761
2055
2359
2638
2843
2888
2779
2617
2421
2139
1683
1112
494
-135
-795
-1463
-2135
-2682
-3169
-3572
-3953
-4199
-4297
-4184
-4035
-4031
-3917
-3798
-3505
-3156
-2891
-2582
-2353
-1928
-1450
-1106
-591
-269
258
614
984
1374
1731
2165
2396
2586
2682
2858
3043
3092
2970
2852
2734
2648
2426
2195
1921
1682
1434
1100
788
509
289
-14
-356
-706
-877
-1056
-1218
-1468
-1658
-1736
-1693
-1608
-1540
-1396
-1136
-800
-422
-11
456
951
1429
1841
2193
2595
2912
3175
3215
3186
3076
2944
2675
2223
1687
1069
432
-263
-988
-1709
-2282
-2820
-3283
-3712
-3948
-4113
-4080
-3994
-4002
-3893
-3760
-3493
-3246
-2921
-2685
-2359
-2089
-1588
-1262
-795
-421
-27
459
756
1212
1523
1969
2230
2478
2629
2795
2961
3079
3000
2907
2805
2699
2551
2295
2066
1776
1552
1194
885
564
315
5
-310
-665
-900
-1095
-1303
-1542
-1767
-1883
-1966
-1897
-1862
-1738
-1553
-1263
-941
-531
-91
434
877
1374
1758
2187
2583
2876
3082
3082
3088
2971
2820
2457
2003
1453
859
197
-483
-1234
-1866
-2457
-3006
-3467
-3871
-4062
-4252
-4306
-4254
-4206
-4088
-3953
-3790
-3559
-3246
-2943
-2597
-2350
-1874
-1426
-963
-482
-120
471
857
1357
1720
2125
2501
2793
3025
3159
3315
3455
3458
3354
3238
3091
2975
2720
2502
2192
1954
1667
1376
1084
783
511
207
-104
-398
-603
-837
-1025
-1265
-1417
-1551
-1612
-1562
-1497
-1357
-1168
-891
-531
-122
361
844
1295
1777
2220
2631
2985
3260
3447
3471
3449
3360
3150
2824
2359
1864
1267
652
-15
-713
-1377
-1971
-2526
-3023
-3400
-3687
-3865
-4074
-4035
-3982
-3888
-3810
-3763
-3632
-3397
-3157
-2911
-2714
-2438
-1939
-1632
-1108
-788
-188
299
750
1218
1608
2112
2438
2750
2889
3046
3187
3279
3158
3029
2822
2660
2370
2083
1778
1469
1190
828
530
205
-14
-265
-497
-786
-960
-1142
-1279
-1470
-1651
-1789
-1943
-1984
-2004
-1953
-1845
-1669
-1404
-1085
-682
-157
374
905
1403
1894
2386
2830
3180
3388
3460
3514
3446
3258
2918
2497
2009
1408
750
47
-651
-1280
-1899
-2460
-2960
-3320
-3542
-3699
-3800
-3786
-3608
-3515
-3442
-3417
-3307
-3136
-2905
-2758
-2569
-2411
-1956
-1599
-1181
-711
-244
426
865
1441
1866
2405
2830
3183
3398
3542
3678
3771
3708
3526
3337
3110
2881
2550
2254
1895
1640
1334
1057
741
515
302
88
-170
-423
-587
-777
-952
-1219
-1444
-1689
-1847
-1974
-2064
-2096
-1990
-1840
-1585
-1296
-851
-323
269
811
1366
1912
2487
2982
3332
3584
3700
3837
3732
3549
3189
2796
2280
1681
970
290
-416
-1083
-1740
-2385
-2819
-3204
-3406
-3682
-3796
-3932
-3911
-3838
-3799
-3807
-3801
-3764
-3672
-3485
-3398
-3140
-3024
-2540
-2213
-1692
-1143
-592
125
626
1253
1731
2316
2771
3120
3310
3461
3561
3634
3490
3260
2988
2702
2408
2021
1679
1311
1056
724
430
132
-30
-218
-412
-665
-874
-996
-1158
-1328
-1591
-1791
-2003
-2156
-2311
-2436
-2434
-2333
-2202
-1969
-1651
-1157
-577
57
689
1284
1959
2605
3175
3605
3918
4138
4267
4250
4095
3792
3427
2927
2354
1680
991
339
-323
-986
-1618
-2074
-2447
-2695
-2920
-3060
-3173
-3195
-3266
-3326
-3361
-3460
-3516
-3650
-3729
-3698
-3547
-3386
-3212
-3003
-2434
-1932
-1205
-590
113
892
1535
2251
2732
3300
3643
3913
3980
3976
3929
3818
3507
3124
2717
2347
1986
1624
1304
952
715
457
293
126
44
-91
-207
-385
-526
-679
-872
-1102
-1409
-1694
-2036
-2276
-2469
-2662
-2717
-2643
-2504
-2180
-1774
-1213
-594
134
867
1554
2241
2967
3479
3955
4193
4366
4450
4319
4139
3703
3281
2691
2088
1395
684
39
-555
-1190
-1723
-2121
-2377
-2552
-2694
-2755
-2878
-2866
-3005
-3187
-3467
-3632
-3878
-4132
-4452
-4672
-4759
-4646
-4491
-4238
-3840
-3230
-2386
-1625
-702
72
1096
1848
2578
3113
3587
3929
4057
4057
3839
3638
3333
2978
2456
1983
1546
1240
881
613
351
229
131
78
44
-13
-12
-92
-187
-438
-621
-908
-1187
-1604
-2015
-2430
-2779
-3049
-3293
-3446
-3488
-3268
-2926
-2498
-1959
-1235
-435
434
1249
2048
2776
3470
4036
4382
4634
4767
4792
4607
4281
3870
3411
2866
2248
1571
953
377
-95
-562
-973
-1270
-1430
-1541
-1657
-1668
-1648
-1665
-1824
-2058
-2439
-2815
-3348
-3828
-4275
-4752
-5070
-5333
-5314
-5102
-4614
-4019
-3314
-2439
-1301
-298
783
1728
2630
3411
3891
4325
4465
4630
4492
4263
3837
3384
2929
2449
1888
1396
1047
799
629
530
550
566
690
737
820
835
837
699
471
116
-276
-735
-1301
-1918
-2578
-3121
-3665
-4019
-4268
-4371
-4309
-4082
-3624
-2996
-2297
-1478
-636
245
1100
1881
2604
3172
3631
3964
4085
4135
4070
3896
3578
3181
2777
2336
1903
1419
962
550
193
-114
-360
-528
-611
-696
-790
-884
-914
-926
-1019
-1196
-1428
-1798
-2237
-2760
-3296
-3881
-4416
-4671
-4909
-4956
-4883
-4558
-3994
-3209
-2330
-1341
-387
712
1743
2584
3347
3800
4339
4459
4511
4309
4077
3774
3328
2817
2202
1713
1355
1038
705
528
470
585
608
725
826
1024
1136
1148
1065
880
649
279
-227
-875
-1444
-2053
-2599
-3219
-3668
-4010
-4191
-4199
-4103
-3823
-3428
-2875
-2227
-1508
-775
9
726
1390
1925
2443
2853
3162
3343
3386
3375
3302
3233
3015
2780
2504
2260
2009
1743
1481
1272
1076
882
652
442
282
127
-25
-267
-483
-639
-721
-951
-1184
-1472
-1756
-2102
-2491
-2923
-3362
-3732
-4131
-4478
-4742
-4651
-4533
-4273
-3965
-3478
-2783
-1944
-1089
-267
499
1292
2112
2632
3161
3363
3678
3697
3660
3502
3304
3138
2815
2496
2088
1839
1671
1584
1391
1289
1229
1307
1288
1263
1148
1025
847
564
215
-241
-667
-1202
-1759
-2440
-2983
-3493
-3868
-4254
-4539
-4663
-4650
-4425
-4165
-3805
-3388
-2847
-2262
-1691
-1143
-549
-60
392
747
1066
1379
1655
1866
1966
2052
2206
2334
2421
2447
2452
2497
2501
2487
2389
2287
2118
1917
1611
1263
938
626
261
-131
-465
-728
-936
-1079
-1174
-1285
-1332
-1410
-1523
-1713
-1897
-2107
-2340
-2631
-2910
-3140
-3340
-3510
-3654
-3550
-3418
-3154
-2842
-2379
-1791
-1080
-354
363
1029
1732
2443
2910
3403
3653
3993
4059
4052
3952
3802
3666
3380
3124
2763
2544
2374
2239
2056
1944
1866
1812
1676
1569
1403
1235
1008
700
351
-67
-460
-934
-1419
-1985
-2433
-2871
-3212
-3520
-3711
-3799
-3806
-3628
-3406
-3079
-2708
-2254
-1763
-1286
-822
-379
97
498
802
1077
1339
1566
1768
1887
1972
2051
2184
2317
2309
2427
2430
2536
2504
2468
2434
2325
2224
1967
1717
1413
1125
814
471
83
-188
-407
-613
-784
-870
-930
-935
-913
-880
-868
-874
-894
-1014
-1140
-1362
-1539
-1787
-2039
-2300
-2550
-2764
-2948
-2909
-2780
-2605
-2340
-1942
-1439
-784
-142
517
1117
1708
2354
2800
3245
3500
3763
3873
3812
3735
3574
3430
3145
2844
2497
2206
1984
1791
1542
1344
1212
1123
988
857
753
649
515
314
73
-217
-531
-911
-1338
-1835
-2241
-2587
-2873
-3129
-3332
-3404
-3429
-3318
-3142
-2921
-2640
-2316
-1925
-1513
-1131
-736
-371
-38
258
490
721
907
1079
1196
1279
1368
1506
1629
1736
1837
1950
2089
2176
2255
2273
2291
2256
2149
1975
1760
1527
1239
877
487
132
-195
-493
-746
-946
-1097
-1131
-1129
-1073
-980
-845
-719
-647
-624
-639
-677
-765
-937
-1175
-1437
-1694
-1949
-2192
-2410
-2603
-2744
-2718
-2546
-2320
-1984
-1601
-1098
-502
120
708
1233
1734
2258
2616
2890
3041
3160
3212
3072
2901
2643
2452
2166
1862
1515
1219
1064
939
802
657
591
580
533
443
350
226
91
-157
-465
-803
-1129
-1468
-1835
-2243
-2606
-2857
-3063
-3226
-3354
-3336
-3251
-3074
-2818
-2508
-2155
-1771
-1357
-961
-583
-224
92
350
542
662
780
857
924
936
943
967
1041
1144
1232
1339
1462
1632
1786
1912
2009
2109
2153
2146
2035
1897
1724
1498
1207
841
488
155
-150
-458
-717
-888
-952
-969
-940
-847
-686
-496
-328
-187
-61
59
110
64
-72
-271
-493
-758
-1080
-1447
-1818
-2161
-2460
-2720
-2916
-3042
-2966
-2810
-2601
-2322
-1991
-1501
-982
-432
49
487
941
1389
1686
1914
2026
2160
2200
2111
1975
1798
1700
1535
1390
1196
1096
1087
1096
1053
999
1014
1078
1090
1040
967
875
775
566
300
-21
-333
-664
-1036
-1455
-1820
-2105
-2315
-2523
-2681
-2713
-2670
-2512
-2338
-2108
-1845
-1546
-1229
-949
-696
-459
-240
-76
19
71
134
188
236
265
303
361
485
647
793
970
1160
1417
1646
1849
2031
2177
2298
2322
2282
2175
2035
1835
1563
1217
866
531
199
-131
-452
-697
-849
-930
-978
-963
-877
-719
-554
-387
-228
-52
95
177
185
134
60
-108
-334
-628
-932
-1255
-1563
-1859
-2130
-2366
-2525
-2627
-2670
-2616
-2451
-2190
-1960
-1636
-1323
-929
-513
-157
190
417
697
923
1109
1229
1274
1352
1349
1327
1273
1239
1247
1217
1209
1177
1189
1260
1310
1311
1267
1235
1191
1106
942
724
461
172
-150
-509
-870
-1226
-1547
-1864
-2191
-2456
-2624
-2732
-2816
-2856
-2814
-2713
-2545
-2356
-2157
-1936
-1720
-1481
-1272
-1091
-916
-768
-642
-568
-507
-432
-347
-247
-155
-57
65
242
450
656
872
1089
1307
1528
1704
1867
1984
2049
2064
2002
1913
1777
1616
1395
1129
866
610
376
154
-50
-211
-329
-390
-412
-384
-320
-239
-140
-39
66
166
251
299
310
290
251
175
64
-86
-275
-484
-695
-876
-1043
-1185
-1322
-1429
-1514
-1557
-1586
-1561
-1531
-1416
-1266
-1104
-922
-728
-457
-189
125
373
657
911
1203
1452
1672
1852
2020
2187
2275
2353
2376
2423
2403
2362
2259
2147
2045
1930
1787
1608
1415
1249
1077
868
660
443
257
46
-168
-396
-603
-817
-1025
-1248
-1456
-1612
-1741
-1853
-1968
-2043
-2104
-2104
-2109
-2089
-2053
-1985
-1882
-1762
-1621
-1473
-1291
-1106
-914
-747
-561
-373
-192
-40
112
253
395
552
671
796
903
1030
1143
1243
1300
1386
1435
1491
1494
1476
1461
1398
1344
1214
1102
952
830
680
513
366
233
125
17
-72
-124
-144
-138
-108
-77
-14
44
120
178
237
284
333
350
340
307
255
185
87
-21
-164
-308
-474
-608
-759
-895
-1026
-1160
-1264
-1368
-1441
-1502
-1523
-1483
-1390
-1310
-1182
-1034
-812
-552
-302
-26
212
508
783
1028
1253
1424
1617
1732
1798
1818
1814
1809
1725
1601
1436
1281
1148
999
827
642
502
394
294
182
71
-37
-136
-240
-350
-456
-569
-708
-894
-1092
-1284
-1451
-1587
-1724
-1851
-1942
-1993
-1991
-1960
-1909
-1820
-1697
-1545
-1373
-1191
-990
-789
-592
-426
-283
-131
7
135
234
315
406
494
591
679
762
861
976
1095
1194
1291
1390
1496
1549
1588
1593
1594
1570
1487
1386
1238
1108
946
775
585
394
239
91
-44
-159
-237
-278
-306
-313
-295
-259
-194
-140
-83
-34
20
70
97
108
107
97
77
44
-9
-67
-135
-201
-283
-361
-462
-534
-615
-695
-779
-879
-950
-1042
-1117
-1198
-1269
-1298
-1270
-1245
-1184
-1122
-981
-784
-565
-331
-115
155
422
687
920
1113
1314
1470
1564
1601
1592
1582
1524
1425
1271
1098
941
779
610
421
253
123
11
-101
-207
-294
-354
-427
-511
-599
-690
-771
-870
-994
-1129
-1247
-1351
-1449
-1551
-1638
-1701
-1706
-1685
-1642
-1559
-1443
-1285
-1112
-920
-719
-504
-283
-81
92
251
404
546
653
735
796
855
927
979
1017
1054
1107
1175
1222
1278
1338
1392
1461
1481
1510
1494
1494
1454
1381
1284
1156
1042
883
733
548
389
241
109
-17
-117
-185
-216
-226
-215
-181
-125
-50
25
95
158
225
270
308
315
320
305
284
245
193
122
47
-28
-118
-197
-286
-363
-454
-537
-631
-712
-792
-881
-972
-1081
-1178
-1276
-1366
-1444
-1477
-1486
-1459
-1412
-1338
-1215
-1040
-831
-606
-376
-143
131
373
623
820
1013
1173
1289
1371
1407
1433
1416
1381
1289
1189
1090
993
879
753
630
526
437
355
275
200
134
55
-28
-128
-223
-330
-445
-583
-728
-868
-995
-1117
-1230
-1324
-1394
-1422
-1422
-1378
-1311
-1209
-1083
-921
-759
-577
-392
-207
-28
124
272
400
525
619
702
766
818
872
919
962
1005
1039
1081
1126
1164
1202
1225
1252
1256
1244
1213
1166
1108
1025
911
791
648
511
362
201
59
-86
-204
-313
-384
-445
-473
-476
-462
-424
-375
-311
-239
-165
-101
-39
13
58
84
101
102
94
82
57
31
2
-37
-65
-104
-140
-171
-214
-242
-287
-336
-394
-447
-526
-592
-699
-794
-902
-1019
-1130
-1238
-1315
-1374
-1372
-1355
-1289
-1204
-1043
-859
-615
-360
-80
194
484
779
1018
1269
1453
1645
1757
1845
1886
1906
1898
1844
1769
1661
1567
1454
1352
1222
1097
968
857
721
579
432
285
123
-58
-256
-456
-656
-874
-1092
-1335
-1556
-1769
-1942
-2111
-2251
-2346
-2388
-2384
-2350
-2264
-2144
-1977
-1796
-1596
-1399
-1181
-967
-760
-583
-428
-274
-150
-42
41
110
165
224
274
319
360
412
458
511
560
608
658
696
725
726
727
703
666
604
523
416
313
191
72
-57
-178
-276
-376
-439
-496
-520
-520
-496
-463
-407
-333
-246
-159
-72
10
80
151
200
237
253
266
260
250
235
210
181
153
119
90
69
47
29
7
-19
-53
-90
-133
-189
-258
-339
-437
-536
-651
-770
-891
-1013
-1117
-1210
-1258
-1271
-1243
-1182
-1083
-944
-761
-541
-297
-49
204
457
709
938
1130
1295
1427
1516
1556
1567
1550
1524
1466
1390
1298
1216
1147
1080
1016
951
897
848
805
746
691
624
546
446
323
188
38
-126
-312
-510
-709
-894
-1057
-1201
-1326
-1421
-1475
-1484
-1457
-1397
-1301
-1178
-1044
-899
-745
-590
-438
-301
-190
-98
-15
58
111
152
187
216
249
291
332
382
436
501
570
633
699
763
811
837
845
835
807
756
691
595
489
373
256
138
24
-71
-157
-218
-264
-286
-284
-262
-223
-175
-121
-61
2
66
118
156
187
203
214
205
192
170
139
102
71
38
5
-23
-46
-70
-95
-118
-142
-165
-204
-239
-289
-338
-400
-464
-552
-632
-721
-810
-896
-988
-1052
-1126
-1146
-1169
-1136
-1090
-1010
-896
-770
-598
-423
-219
-29
166
349
536
694
838
944
1040
1101
1139
1159
1149
1142
1108
1071
1024
982
944
912
874
845
808
780
741
696
643
575
502
402
296
173
56
-77
-207
-347
-472
-582
-669
-740
-799
-827
-840
-824
-788
-729
-661
-572
-476
-381
-289
-197
-117
-47
11
51
85
107
129
145
162
176
195
212
233
252
279
311
339
364
374
391
397
391
364
325
278
222
148
64
-28
-115
-203
-289
-364
-435
-485
-525
-547
-557
-547
-524
-487
-445
-398
-351
-302
-256
-219
-191
-166
-148
-145
-145
-156
-171
-188
-207
-235
-261
-281
-306
-328
-349
-373
-401
-426
-460
-491
-533
-577
-626
-679
-737
-806
-863
-928
-989
-1051
-1104
-1144
-1174
-1181
-1167
-1127
-1061
-971
-866
-732
-594
-426
-265
-98
72
218
377
500
619
702
772
820
840
856
848
838
808
774
733
694
657
624
589
560
523
488
455
410
360
305
241
165
82
-3
-89
-177
-266
-353
-423
-482
-523
-548
-554
-542
-504
-447
-373
-288
-195
-90
12
120
214
308
390
458
526
573
613
643
672
688
698
710
716
723
729
733
737
725
719
692
668
639
596
546
472
402
325
249
162
75
-8
-83
-148
-202
-251
-283
-303
-310
-304
-293
-266
-233
-197
-168
-137
-108
-80
-62
-48
-45
-51
-59
-74
-89
-110
-133
-152
-177
-201
-223
-247
-266
-288
-311
-343
-371
-399
-436
-477
-525
-570
-624
-673
-723
-772
-821
-865
-896
-925
-943
-944
-931
-902
-853
-789
-703
-611
-496
-379
-254
-118
9
137
255
362
465
546
618
665
702
726
739
734
717
702
676
648
611
574
538
506
466
416
371
318
269
206
141
74
5
-68
-138
-209
-278
-337
-386
-428
-456
-471
-471
-453
-423
-379
-324
-256
-182
-103
-21
62
141
215
287
352
406
462
511
548
583
611
639
662
679
693
698
706
712
705
700
683
666
636
602
560
518
467
403
348
289
232
179
131
86
44
13
-9
-28
-37
-37
-31
-19
-5
9
26
47
66
78
87
92
96
98
92
80
69
52
36
16
-5
-29
-53
-74
-101
-130
-156
-187
-217
-249
-285
-319
-348
-380
-406
-437
-466
-494
-520
-535
-554
-560
-573
-576
-573
-557
-536
-508
-471
-431
-374
-311
-238
-161
-85
-9
70
143
214
274
331
375
406
426
436
441
431
414
383
355
322
289
254
221
186
152
122
90
68
38
12
-16
-46
-74
-102
-131
-156
-184
-209
-235
-253
-267
-275
-268
-265
-246
-214
-181
-135
-81
-27
35
94
151
209
261
312
353
391
417
435
446
454
455
451
440
428
414
395
378
352
331
305
284
258
233
206
179
150
120
97
68
39
9
-15
-37
-52
-68
-79
-87
-91
-93
-93
-87
-82
-74
-69
-63
-56
-51
-51
-51
-59
-68
-79
-93
-109
-126
-143
-166
-189
-215
-235
-262
-285
-304
-318
-338
-353
-368
-378
-378
-382
-385
-386
-382
-374
-363
-351
-335
-320
-296
-275
-245
-216
-177
-134
-93
-44
0
48
100
149
194
235
274
310
337
363
377
389
391
390
381
369
348
331
310
288
266
237
220
197
178
156
136
118
105
89
78
70
59
49
42
42
40
43
46
58
72
87
110
138
169
200
237
273
311
353
391
429
463
491
519
537
553
563
560
561
549
533
518
499
478
460
428
396
371
339
315
292
263
240
219
201
182
161
144
126
112
100
86
75
66
53
44
38
28
25
16
8
0
-3
-12
-20
-30
-39
-47
-62
-73
-84
-96
-109
-117
-127
-142
-154
-165
-170
-185
-191
-202
-211
-220
-225
-232
-234
-238
-245
-244
-240
-227
-222
-211
-195
-175
-153
-133
-109
-87
-62
-38
-10
15
40
67
88
110
131
142
156
167
177
183
185
187
184
180
173
168
162
154
144
140
133
126
122
115
115
111
110
109
105
105
106
101
100
102
105
105
110
115
119
132
140
155
168
181
193
204
219
234
246
260
270
274
281
284
290
285
281
277
268
265
254
243
237
225
215
205
192
183
171
160
146
130
113
99
80
64
48
27
12
-6
-25
-39
-54
-68
-80
-86
-91
-100
-110
-111
-122
-121
-122
-125
-125
-128
-129
-135
-134
-141
-140
-135
-136
-130
-125
-122
-117
-107
-100
-88
-79
-70
-61
-55
-48
-44
-45
-40
-39
-44
-40
-41
-41
-35
-32
-30
-27
-25
-16
-11
-9
1
13
19
26
33
45
55
55
63
66
67
71
70
74
76
77
78
80
77
83
87
96
107
110
121
132
142
150
158
165
176
183
186
198
200
204
207
208
213
214
216
222
230
237
241
245
252
258
262
264
269
268
270
268
264
255
251
249
245
237
228
225
216
211
206
202
200
195
190
185
179
172
164
155
150
137
128
113
100
87
75
60
47
34
18
5
-8
-19
-30
-35
-42
-50
-58
-66
-71
-77
-87
-93
-98
-106
-110
-111
-116
-124
-125
-129
-133
-132
-134
-134
-132
-132
-123
-121
-116
-109
-105
-101
-98
-89
-92
-93
-91
-96
-97
-103
-107
-108
-113
-114
-119
-121
-120
-120
-119
-120
-116
-113
-113
-111
-108
-107
-103
-101
-97
-97
-97
-93
-93
-97
-96
-97
-98
-99
-95
-95
-89
-82
-78
-69
-62
-59
-51
-43
-37
-26
-15
-9
-3
4
10
14
21
21
23
33
37
43
52
57
63
70
78
84
90
91
100
107
111
112
113
116
118
118
117
112
114
116
114
114
116
118
117
118
122
126
127
133
134
135
136
136
136
132
129
126
122
118
115
110
105
98
91
87
80
79
74
68
59
56
46
37
30
18
8
1
-5
-16
-22
-28
-39
-46
-50
-55
-63
-62
-66
-68
-71
-76
-77
-79
-78
-81
-85
-83
-87
-88
-90
-93
-95
-100
-99
-100
-102
-102
-99
-99
-93
-92
-85
-80
-73
-68
-63
-55
-51
-46
-40
-39
-25
-20
-17
-4
-3
3
11
19
22
31
38
42
48
56
62
67
74
78
86
94
100
105
111
115
120
123
129
132
134
138
141
141
142
139
137
137
133
131
131
124
126
126
128
132
134
136
140
143
147
147
149
150
151
152
150
150
143
137
134
126
119
115
107
101
94
93
85
78
74
68
67
61
57
54
50
53
48
47
46
47
51
53
54
57
63
68
74
81
92
100
107
118
128
134
142
150
155
161
162
165
168
170
170
168
167
157
153
148
139
131
117
110
101
87
73
64
51
40
25
14
0
-15
-32
-41
-53
-68
-77
-88
-97
-108
-112
-117
-126
-130
-136
-138
-144
-146
-148
-148
-148
-154
-154
-155
-159
-158
-159
-161
-165
-170
-175
-180
-185
-190
-195
-204
-208
-220
-224
-225
-237
-246
-252
-259
-268
-274
-279
-283
-283
-289
-290
-292
-295
-294
-289
-292
-294
-298
-302
-303
-308
-312
-314
-316
-322
-322
-332
-332
-340
-342
-346
-351
-355
-359
-359
-359
-357
-359
-350
-348
-344
-342
-336
-331
-321
-314
-307
-295
-290
-281
-272
-260
-252
-240
-226
-217
-202
-190
-176
-163
-151
-137
-125
-116
-105
-98
-89
-82
-72
-69
-67
-60
-58
-54
-49
-50
-42
-40
-35
-32
-29
-26
-22
-16
-11
-6
-4
3
12
15
19
22
26
33
37
42
47
51
56
66
74
79
87
94
102
110
120
128
135
146
155
163
166
168
169
170
175
172
168
167
165
162
156
150
147
139
129
120
112
101
90
80
69
60
51
43
32
25
16
10
3
-2
-6
-10
-16
-23
-29
-34
-40
-46
-53
-57
-63
-73
-81
-92
-103
-111
-126
-137
-142
-154
-158
-161
-170
-179
-187
-194
-202
-207
-212
-218
-222
-227
-230
-233
-235
-236
-234
-236
-236
-237
-238
-236
-231
-229
-226
-225
-218
-209
-199
-190
-177
-161
-145
-134
-124
-118
-106
-99
-88
-76
-70
-60
-51
-43
-35
-23
-14
-7
5
14
23
37
44
45
54
56
60
61
61
63
61
62
63
64
60
56
51
49
45
41
35
29
21
14
5
-4
-11
-21
-29
-32
-40
-48
-52
-53
-51
-57
-57
-54
-52
-47
-43
-40
-40
-32
-31
-26
-22
-17
-13
-13
-6
-6
-4
1
2
0
3
1
-1
2
2
-2
-3
-3
-2
-3
-4
0
-2
2
4
0
1
1
4
5
4
9
6
8
14
16
20
27
33
38
47
62
70
80
90
97
105
117
119
126
132
133
134
138
141
136
137
136
137
137
141
144
140
147
147
149
149
145
144
146
147
144
140
137
137
133
127
127
124
124
119
116
115
115
109
109
109
106
105
99
95
92
88
82
75
72
65
61
57
53
49
49
43
36
34
29
26
23
20
15
12
11
6
0
-3
-13
-19
-22
-28
-29
-30
-35
-36
-35
-33
-34
-34
-33
-30
-25
-18
-13
-13
-6
5
7
13
17
21
25
29
29
28
28
26
31
27
26
25
20
23
18
16
13
14
11
11
11
8
8
4
2
0
0
-6
-6
-9
-13
-11
-10
-13
-13
-8
-8
-10
-10
-7
-5
-2
3
5
8
12
14
17
19
19
23
25
27
24
26
26
25
27
23
22
21
18
16
15
9
4
-2
-3
-9
-13
-20
-26
-30
-37
-42
-44
-48
-53
-55
-60
-61
-64
-64
-68
-69
-62
-66
-65
-56
-52
-53
-53
-49
-45
-45
-42
-35
-30
-27
-24
-19
-13
-8
-1
5
9
13
18
21
25
34
34
37
42
46
52
56
59
63
64
67
70
68
68
70
72
77
78
77
83
83
85
83
84
81
83
82
80
80
75
75
69
63
61
57
55
49
48
42
35
34
32
25
17
17
11
5
4
1
-4
-7
-14
-17
-21
-23
-26
-28
-31
-35
-36
-37
-36
-39
-37
-37
-40
-42
-38
-35
-38
-39
-40
-41
-37
-38
-39
-38
-34
-35
-38
-41
-41
-38
-41
-42
-45
-47
-48
-49
-51
-53
-54
-56
-58
-56
-56
-57
-54
-52
-54
-53
-51
-50
-46
-43
-42
-40
-37
-31
-32
-29
-26
-24
-19
-16
-11
-5
-4
0
8
12
18
21
27
29
33
35
39
42
46
50
51
56
64
61
58
60
60
62
62
60
63
63
65
72
72
72
72
76
78
81
86
85
87
92
93
92
93
99
98
100
106
107
110
109
113
114
115
121
123
122
124
123
125
126
122
120
121
121
116
117
116
112
114
114
112
116
108
107
106
107
109
107
108
108
110
108
108
105
106
108
106
108
105
104
102
101
98
94
93
92
91
89
89
85
79
79
73
74
71
67
64
64
59
57
53
49
49
45
45
41
38
37
34
31
31
31
27
26
26
23
23
22
23
21
23
19
19
18
16
17
15
16
15
13
12
11
12
10
10
9
8
8
8
7
6
6
2
0
0
-1
-1
-3
-7
-7
-6
-8
-7
-4
-4
-4
-2
-3
0
2
8
7
9
13
14
17
16
19
19
20
25
24
25
26
27
30
32
31
32
33
38
38
39
37
39
45
46
48
48
52
54
54
53
55
56
55
50
50
50
50
49
47
47
45
42
40
38
40
38
36
41
39
40
40
42
40
38
39
37
34
33
32
35
36
34
30
30
28
29
26
26
28
27
28
29
32
30
28
27
27
28
28
27
29
30
28
30
32
31
33
37
39
41
41
41
39
42
42
40
41
43
42
41
40
40
38
36
36
33
30
29
31
28
27
27
25
25
23
26
24
23
22
21
20
20
17
18
18
18
19
18
21
19
19
18
18
17
17
18
18
18
17
18
18
20
16
14
14
14
13
16
12
13
13
12
15
14
14
9
8
11
8
8
10
8
7
8
11
17
10
6
7
8
6
2
0
1
7
3
3
2
1
-4
-3
-3
-2
-1
-2
-3
-4
0
2
5
6
3
3
5
8
4
6
6
6
2
-2
3
1
1
1
2
5
0
2
2
2
3
4
4
4
6
6
6
10
6
4
7
10
8
11
11
13
14
17
17
14
13
13
16
18
17
13
15
15
13
13
14
13
12
14
13
14
11
9
10
8
9
7
9
7
12
9
11
8
8
15
13
14
14
14
15
15
14
13
14
17
17
14
17
18
19
20
22
19
18
21
20
23
22
24
26
28
29
29
30
30
32
34
33
35
35
38
36
39
40
39
37
38
38
36
40
37
35
36
38
37
35
32
30
30
31
33
35
34
36
38
36
39
41
39
33
34
34
33
41
41
42
43
42
40
39
41
41
41
40
38
34
36
36
38
39
36
37
34
32
31
31
29
27
30
28
28
31
25
29
31
29
31
34
28
29
30
34
36
36
40
37
38
39
35
37
38
37
36
38
38
41
38
34
33
31
32
29
32
33
29
29
28
31
30
29
27
28
28
30
29
25
27
29
27
26
28
23
25
27
25
27
25
27
27
27
29
31
28
25
29
28
30
31
31
32
32
32
31
31
32
32
32
32
31
27
29
30
28
29
31
29
29
26
25
23
25
24
21
23
20
20
21
17
20
18
17
17
16
16
13
14
15
13
13
14
14
15
16
15
16
19
19
20
20
20
20
17
17
14
16
15
15
15
18
23
16
18
18
18
19
18
18
18
21
19
22
19
17
15
17
18
17
15
13
14
15
14
18
16
20
16
16
20
15
13
14
15
15
19
12
15
15
15
17
18
16
12
16
15
16
19
18
19
15
16
18
22
18
15
12
12
14
13
13
18
16
16
15
16
15
15
15
14
18
15
14
12
17
17
12
13
13
16
15
17
13
15
13
12
13
11
11
10
14
11
12
11
10
11
13
11
10
14
13
13
12
11
9
10
8
5
6
7
3
5
7
3
1
1
1
0
3
4
1
3
-1
0
1
3
6
1
1
1
3
3
4
8
7
8
5
3
6
6
2
1
3
2
-1
0
-4
-8
-5
-7
-10
-10
-11
-8
-9
-6
-6
-6
-7
-8
-8
-12
-7
-8
-9
-4
-6
-7
-7
-8
-11
-9
-6
-8
-10
-8
-9
-13
-9
-10
-9
-7
-7
-8
-9
-9
-12
-10
-12
-13
-13
-11
-12
-14
-14
-17
-16
-17
-15
-18
-17
-19
-20
-17
-17
-15
-13
-14
-12
-15
-14
-15
-15
-14
-14
-8
-8
-8
-8
-10
-9
-7
-7
-5
-3
-2
-2
0
0
3
-1
0
2
0
0
0
0
1
-1
0
-1
-3
2
0
4
2
-1
1
4
4
4
7
5
5
9
10
11
10
9
9
8
11
11
11
10
11
10
8
7
5
7
5
2
0
3
2
4
6
6
6
7
7
8
11
8
11
11
9
10
7
11
10
8
8
8
9
12
12
13
15
13
16
17
18
17
14
22
26
20
21
27
23
23
24
22
24
24
22
23
24
25
27
25
25
23
24
21
21
18
22
26
23
26
27
23
23
28
26
29
29
28
30
29
32
32
33
34
34
36
38
40
38
39
39
39
36
36
37
37
38
36
37
34
34
30
32
32
32
32
32
31
31
33
31
31
27
27
32
31
32
34
35
34
33
33
31
30
32
34
32
33
36
33
35
38
34
35
37
36
35
38
40
38
36
33
34
34
31
27
29
30
26
26
24
21
23
24
24
23
21
21
22
23
23
24
23
25
21
18
18
19
20
22
19
18
20
18
20
20
22
20
16
20
18
19
18
18
18
18
18
16
17
14
13
14
11
12
13
12
11
7
8
7
6
6
4
3
0
1
0
1
-1
-2
0
0
-2
-3
-3
-5
-3
-9
-11
-6
-9
-7
-4
-6
-6
-9
-10
-8
-5
-6
-8
-9
-8
-12
-13
-16
-15
-15
-15
-21
-21
-22
-22
-22
-24
-25
-30
-28
-31
-31
-26
-30
-28
-26
-30
-32
-33
-32
-32
-29
-27
-27
-29
-29
-28
-27
-26
-28
-28
-26
-31
-29
-28
-28
-28
-28
-30
-35
-32
-34
-36
-34
-34
-34
-36
-35
-40
-42
-39
-39
-37
-41
-43
-46
-45
-45
-46
-48
-45
-47
-45
-43
-43
-45
-48
-46
-44
-45
-45
-46
-43
-44
-43
-42
-42
-42
-45
-42
-41
-43
-40
-42
-42
-40
-40
-39
-42
-38
-43
-43
-40
-43
-42
-41
-42
-46
-44
-45
-46
-46
-45
-42
-42
-44
-41
-44
-42
-39
-40
-39
-40
-39
-39
-41
-39
-39
-39
-39
-36
-38
-41
-41
-42
-40
-35
-35
-36
-37
-37
-38
-37
-41
-42
-41
-40
-40
-38
-34
-37
-42
-40
-39
-42
-42
-46
-47
-46
-48
-45
-48
-51
-53
-53
-53
-53
-52
-54
-57
-56
-56
-61
-61
-60
-57
-57
-58
-57
-62
-61
-62
-61
-63
-61
-64
-66
-67
-62
-63
-65
-62
-71
-68
-70
-73
-69
-69
-72
-71
-72
-68
-71
-77
-78
-78
-75
-73
-72
-74
-74
-79
-78
-82
-85
-85
-84
-89
-90
-89
-93
-93
-95
-95
-97
-101
-102
-104
-105
-105
-106
-108
-105
-108
-109
-108
-108
-111
-111
-111
-112
-111
-117
-113
-113
-112
-111
-112
-111
-111
-111
-111
-110
-111
-110
-108
-109
-106
-104
-103
-100
-97
-96
-98
-97
-95
-95
-93
-88
-86
-83
-84
-81
-79
-78
-74
-72
-72
-69
-69
-67
-68
-67
-64
-66
