-142
-35
-53
-17
-14
-42
-27
1
63
52
-15
-47
10
30
35
47
7
4
5
18
1
-33
-57
-47
24
64
14
-14
28
52
45
-1
20
85
77
58
28
41
39
-2
27
-17
-21
-10
-44
-12
-46
-76
-57
-27
20
66
10
-1
-52
-137
-30
-53
-91
-73
-44
5
-92
-72
-27
-43
-26
-88
-19
94
22
-91
-66
-12
24
74
33
32
65
39
70
109
58
54
80
51
45
3
19
80
51
16
-18
-22
47
39
21
47
12
45
-18
-60
-33
-47
-10
-40
12
-19
-62
15
-24
-65
-59
-59
-67
-61
-36
-20
-33
-41
60
44
-77
-13
3
14
65
0
-22
13
51
51
10
34
35
65
96
5
31
31
46
98
33
81
129
164
151
43
57
90
76
21
-7
75
22
-49
-35
-90
-72
-34
-33
-10
-20
-47
-66
-87
-92
-117
-95
-22
-75
-149
-127
-127
-133
-38
-30
-100
-68
-132
-155
-58
-65
-86
-89
-63
-71
-84
-57
-38
-14
-86
-58
-39
-60
2
-63
7
72
56
129
50
-7
-10
-5
20
-36
-26
-24
1
61
12
11
18
-14
15
51
28
-19
22
46
28
81
83
29
9
17
42
14
-61
-81
-66
-37
51
102
93
101
46
3
49
74
115
60
-49
-15
41
75
40
5
53
-13
36
154
92
23
-23
12
68
63
40
83
84
-26
44
106
72
49
46
22
-89
-67
-6
33
50
-1
14
37
48
8
-34
-2
-38
-24
-64
-99
-24
-40
-42
-86
-78
-42
-55
25
100
47
38
82
-9
17
49
17
59
0
-25
50
37
-50
-42
-11
-19
78
86
41
69
-19
0
37
10
31
-31
-6
116
109
59
33
1
7
-4
-3
-23
-71
-22
-25
-19
21
-20
-28
-39
-28
37
46
-73
-127
-43
-64
-116
-100
-93
-77
-26
29
-15
-52
-24
-49
-78
-36
-11
-84
-100
15
93
34
3
11
-13
-10
-71
-52
13
16
45
24
26
-1
-39
-44
-103
-61
-14
30
102
-5
-106
-81
-16
35
0
-59
-61
-40
4
79
-9
-63
2
-59
-3
103
13
-46
-3
14
33
79
41
-44
-93
-33
64
20
26
58
26
7
-7
11
17
67
97
58
56
78
51
-23
-1
27
95
173
77
-31
3
75
109
114
25
-106
-96
21
51
-5
-8
66
78
-3
-83
-96
-74
-4
-9
-66
42
19
-31
27
-5
17
21
-20
-24
1
22
7
-9
-46
-36
-78
-152
-14
40
-60
-15
-45
-114
-85
-43
60
41
-24
30
30
20
15
14
42
-9
-31
-27
-50
-28
1
44
63
28
6
-6
-8
-20
-8
-2
-27
11
22
13
56
23
25
78
31
22
45
-12
-26
-5
47
73
18
5
18
28
30
3
-21
-28
-15
19
33
-10
-58
26
94
48
91
68
8
70
50
45
47
1
4
-15
28
25
32
26
-26
46
-26
-72
-59
-117
-29
-6
-84
18
37
-64
-58
-72
-1
-20
-97
-47
-57
-19
-16
-95
-64
-37
-127
-85
12
-49
-56
-80
-99
-14
-38
-75
-73
-100
-64
-26
-7
16
20
-20
19
77
49
58
29
12
12
-2
-28
-44
12
3
61
66
-7
41
4
14
-9
-2
73
-14
31
71
-2
27
40
30
23
8
3
-51
-80
-86
-33
7
7
-13
-68
3
-13
36
78
-86
-70
-76
-46
41
18
12
-63
-105
-40
-14
46
75
-9
17
-48
-88
-22
-98
-56
-29
15
64
-51
-33
4
10
62
66
60
52
50
44
78
81
43
48
95
132
43
33
20
-50
10
59
25
-1
-15
-73
-17
63
112
150
55
-16
56
46
-55
-1
17
-28
-36
-6
52
-26
-99
-78
-47
51
97
42
-2
-29
47
106
1
-74
11
53
30
37
-52
-18
-18
-82
-68
-57
29
15
51
83
-23
-37
-19
-40
-43
85
82
-22
5
-26
25
22
-36
10
19
9
57
88
32
78
71
-84
-73
-53
-25
62
-69
-106
-40
7
75
-14
-20
-30
-49
-7
-59
-8
3
-16
22
30
62
-54
-89
-39
1
79
-9
-8
23
62
150
59
45
19
5
71
65
53
11
70
56
-33
19
-21
-33
-8
-34
-3
-8
-14
-21
9
45
7
0
-46
-67
-8
16
-23
-83
-28
-38
-73
-28
-95
-60
15
29
34
-31
-48
-52
1
24
8
64
17
-5
4
-6
-11
-40
-39
-11
-23
-104
-52
2
-76
-33
47
28
8
-62
-50
6
-16
20
38
104
81
-67
-41
29
25
37
16
36
45
-22
-14
-62
-76
15
43
6
-14
-16
7
66
1
-15
5
6
59
42
42
32
33
-11
-67
19
-2
-59
-38
-22
-12
-66
-80
-56
-17
-7
-23
-26
-50
-3
-54
-71
25
16
6
-22
47
106
10
-1
5
60
97
19
-24
-34
2
-7
21
31
8
68
37
32
16
-81
-100
-56
-46
-17
-14
-43
-42
-69
23
62
-59
-41
43
14
-53
-33
6
-22
-19
-39
-63
-27
-15
-16
20
75
36
-63
-37
18
-26
-28
80
171
113
55
41
-11
19
8
10
43
27
49
-18
44
70
-54
-54
-82
17
62
18
85
72
73
77
71
89
81
-3
5
60
-2
14
66
53
6
-29
12
85
31
-27
50
38
-3
-30
-107
-29
29
-60
-101
-156
-136
-74
-61
-65
-72
28
19
-70
-122
-89
-24
-63
-22
-33
-37
-4
-23
7
24
37
22
7
-4
13
47
26
27
50
95
40
-35
-38
-87
26
115
92
93
0
8
27
41
93
-44
-65
48
82
43
-9
21
7
-40
-52
-27
-49
-57
-13
28
45
15
27
-14
-27
75
55
13
12
-18
27
86
64
-37
9
61
20
92
57
32
55
12
38
52
8
26
17
-36
7
-23
-45
-29
-4
92
47
33
43
-18
22
-67
-53
60
-128
-117
22
-37
-29
-61
-162
-179
-82
41
-49
-60
-1
-80
-37
-12
-49
-31
15
2
-39
-3
-18
-106
-87
-11
-22
4
62
-27
-70
2
-10
16
63
62
79
88
67
-7
-18
9
11
-6
-24
-11
-16
-6
17
-25
5
54
-19
1
68
78
115
19
-112
-71
26
78
31
-20
24
3
8
85
92
34
21
47
-36
26
52
31
79
-52
-86
-78
-46
10
-50
-3
2
-4
70
77
18
-88
2
29
-21
24
21
82
60
36
-30
-22
58
8
36
-5
-33
-14
-49
0
30
-1
-6
-48
-76
-82
-100
-50
-20
-17
-6
-40
-24
38
-2
-41
-45
-74
-69
-31
23
129
168
-41
-85
26
-12
11
32
21
7
-28
10
-30
-31
81
14
-6
27
0
18
8
-17
-30
75
91
45
25
-27
18
14
50
60
-10
13
57
92
46
-44
-22
17
-15
-24
-22
-16
-11
12
-40
-111
-82
-52
1
-26
-53
-57
-93
-128
-153
-46
-4
-95
-49
16
13
21
-51
-19
14
-22
-25
-40
43
-11
-59
69
40
33
17
1
136
87
45
59
11
-4
-74
55
154
34
47
63
103
105
29
68
35
26
49
-34
-54
-54
-50
-2
12
38
-42
-67
38
-26
-23
60
21
4
4
17
39
54
14
-85
-81
-33
-19
-67
-89
-55
-42
-23
-18
4
-25
-59
-45
-76
-53
-56
-77
-46
-46
-58
-89
-50
-31
-27
33
10
-2
44
61
-20
-68
-32
-43
-22
-34
-2
99
58
51
39
42
90
67
75
18
1
75
101
93
62
29
17
20
-16
39
34
-2
51
55
69
29
-58
-112
-99
-51
-20
-41
-17
29
9
-20
-55
14
47
25
18
-20
6
-33
2
43
-58
-8
37
30
27
-24
-21
-13
-9
30
5
-42
8
32
50
3
-77
-4
-16
-9
-7
-65
12
-27
-59
7
-64
-37
-9
-93
5
13
-32
-28
-78
-72
-105
-49
-36
-58
-31
-33
20
1
-14
14
28
6
-38
-10
12
2
-3
25
52
52
62
18
-7
53
71
23
20
14
54
119
54
71
87
43
8
-3
61
35
16
75
91
27
-4
27
-32
-62
19
56
48
-6
-36
41
83
41
3
17
42
36
31
-17
-36
15
-13
-22
1
-4
17
8
-41
-43
-15
-95
-102
-46
-45
-14
-33
-23
17
-50
-82
-17
-13
-60
-98
-35
44
37
21
-11
-9
79
121
37
-30
-19
-26
33
78
-27
-26
35
1
10
41
-2
6
51
24
36
13
2
51
-17
-42
7
-34
-11
-48
-156
-43
-41
-99
-28
-79
-82
-73
-82
2
-4
-43
29
45
34
105
17
-40
43
86
94
31
-16
-61
-23
23
-16
-5
55
12
-6
-16
-70
-10
-5
-17
15
83
71
31
51
12
-40
-52
-10
-4
-5
49
69
44
9
-43
-26
57
-14
-75
0
-23
15
51
46
92
1
14
55
5
52
56
-23
-5
20
-20
7
8
6
36
37
97
74
4
57
2
-42
-6
-20
6
35
58
15
-34
-18
1
25
0
-8
-4
-46
-71
-16
12
-46
-42
-60
-52
-9
-57
-50
-48
-61
13
4
-44
-51
-35
-7
-52
-54
-29
-53
-57
-70
-55
-4
47
46
-43
5
59
14
-17
-6
63
35
87
86
44
-6
-153
-54
43
41
92
54
-5
66
159
112
25
-4
-43
-120
-97
13
30
51
-1
-109
-9
56
-2
-43
-19
-27
0
47
-63
-29
-11
-42
-33
-77
-46
-28
29
36
13
32
-28
-74
-24
-17
-44
11
-9
-63
-39
-32
43
75
26
-4
-40
24
6
12
87
1
34
48
-9
38
-12
31
67
25
11
8
82
24
0
36
8
59
157
119
13
-5
-30
45
82
0
24
31
-5
-32
-60
-20
-8
18
41
28
1
-51
-81
-69
-13
-28
-52
-65
-25
73
42
37
26
-12
10
5
43
32
15
56
0
-17
57
47
12
22
-40
-29
-14
-130
-57
-14
-66
14
-12
-23
-83
-161
-94
-163
-121
-38
-76
-16
-19
-60
-64
-117
-93
-39
-52
-66
-74
-40
-55
-69
24
58
73
74
52
82
44
25
64
10
-9
3
-44
-48
-5
-31
-26
31
-31
0
57
53
87
78
74
15
-23
46
180
165
64
72
60
50
1
-25
23
15
-14
0
82
127
50
69
100
85
48
12
68
49
56
40
37
58
25
62
45
73
159
68
18
104
67
35
-12
-55
-115
-159
-4
27
-6
-39
-30
40
-9
-55
-81
-68
-40
-27
-106
-190
-154
-190
-187
-173
-299
-344
-295
-308
-295
-286
-311
-271
-237
-245
-234
-210
-203
-195
-159
-140
-129
-99
-122
-93
-9
-47
-34
-29
-116
-90
-95
-156
-185
-234
-241
-203
-150
-125
-99
-17
20
98
189
162
150
130
120
195
263
322
351
375
414
399
385
286
255
312
292
303
317
318
418
492
461
583
638
521
472
454
412
446
431
390
488
487
547
656
624
606
583
495
430
400
325
229
147
169
165
168
167
47
-35
-113
-75
-78
-173
-144
-131
-160
-166
-103
-126
-269
-391
-639
-982
-1256
-1557
-1847
-1938
-1857
-1633
-1290
-929
-606
-322
-30
113
86
-30
-158
-199
-361
-535
-500
-378
-296
-174
-30
32
117
155
-22
-299
-520
-644
-772
-860
-800
-676
-429
-102
210
506
699
767
739
527
273
73
-119
-177
-280
-286
-132
-29
157
308
335
251
158
92
-9
-97
-105
-105
-75
179
410
516
682
824
838
740
538
375
244
57
38
119
199
390
674
933
1089
1207
1201
1018
783
448
166
-28
-253
-234
-113
40
307
503
705
787
692
604
385
104
-107
-295
-329
-317
-274
-18
249
488
684
783
911
926
829
650
381
235
185
229
368
540
647
594
662
637
369
193
1
-199
-323
-421
-342
-118
-8
-34
-138
-277
-505
-930
-1327
-1811
-2383
-2683
-2858
-2995
-2893
-2511
-1987
-1514
-1178
-956
-729
-556
-553
-601
-693
-795
-744
-531
-377
-291
-150
-60
-115
-283
-456
-679
-992
-1292
-1479
-1569
-1532
-1330
-978
-628
-410
-22
337
526
689
666
729
707
519
524
483
424
477
436
394
369
316
301
207
154
134
80
145
228
405
635
708
760
855
930
985
998
929
822
805
883
915
1028
1246
1396
1527
1627
1712
1715
1686
1640
1364
1057
911
752
578
471
362
322
359
480
566
674
817
802
776
645
561
508
354
317
251
220
306
439
671
863
1021
1142
1112
1112
1095
1003
987
928
850
895
1121
1339
1384
1428
1349
1125
911
509
-2
-383
-688
-872
-855
-643
-203
235
650
1044
1138
1021
619
-302
-1436
-2497
-3534
-4463
-5182
-5461
-5290
-4841
-4224
-3495
-2698
-2127
-1712
-1438
-1427
-1535
-1689
-1768
-1704
-1407
-1000
-573
-125
130
188
3
-421
-1036
-1747
-2498
-3155
-3540
-3698
-3505
-3018
-2350
-1433
-445
333
944
1463
1714
1682
1596
1411
1171
972
802
828
805
740
796
794
696
437
85
-253
-503
-663
-754
-617
-336
19
514
1054
1527
1865
2111
2294
2308
2156
1961
1704
1512
1429
1375
1508
1760
2022
2282
2359
2357
2236
1888
1460
949
536
287
139
226
509
943
1463
2087
2670
2957
2939
2620
2153
1560
850
258
-123
-381
-464
-291
26
373
634
733
735
673
616
533
432
573
854
1190
1613
1941
2160
2204
1961
1509
869
118
-608
-1203
-1547
-1697
-1671
-1455
-1190
-791
-278
134
482
806
1112
1300
1278
1173
941
436
-541
-1874
-3305
-4834
-6168
-7143
-7830
-8113
-7813
-6888
-5564
-4065
-2535
-1183
-238
279
358
104
-332
-918
-1371
-1792
-2052
-1842
-1504
-1123
-859
-1015
-1397
-1931
-2800
-3791
-4568
-4992
-5004
-4488
-3424
-1797
159
1988
3533
4565
4953
4717
3990
2831
1469
212
-762
-1240
-1275
-841
-104
678
1344
1675
1820
1670
1165
565
-58
-334
-143
396
1287
2258
3205
3943
4373
4398
3894
2995
1768
512
-551
-1132
-1141
-792
55
1232
2299
3233
3893
3958
3646
3065
2163
1245
467
3
-63
173
735
1535
2310
2846
3147
3098
2610
1868
898
-104
-821
-1298
-1330
-968
-421
334
1089
1815
2293
2428
2381
2184
1919
1639
1474
1483
1725
1947
2077
2161
1885
1473
801
-206
-1120
-1980
-2560
-2752
-2668
-2159
-1425
-721
-3
663
1045
1226
1267
1089
921
865
833
765
599
189
-635
-2022
-3860
-5858
-7859
-9475
-10519
-10966
-10647
-9506
-7611
-5338
-2960
-879
568
1343
1375
883
-28
-1034
-1811
-2407
-2611
-2406
-1868
-1179
-703
-548
-908
-1890
-3142
-4521
-5820
-6545
-6663
-6035
-4601
-2557
-20
2495
4752
6375
6972
6801
5808
4275
2420
458
-880
-1588
-1674
-1036
26
1333
2555
3364
3599
3292
2581
1532
472
-198
-254
202
1198
2632
4020
5330
6132
6144
5512
4029
2119
145
-1576
-2648
-3007
-2407
-1133
567
2641
4532
5939
6633
6448
5532
4016
2329
848
-222
-793
-887
-385
451
1373
2353
3027
3247
2900
2053
1045
-4
-761
-1157
-1290
-1034
-498
258
1129
1816
2292
2457
2171
1658
1111
616
316
208
229
454
706
913
1005
773
287
-485
-1455
-2416
-3241
-3647
-3544
-3047
-2299
-1358
-383
385
951
1078
679
79
-617
-1300
-1669
-1589
-1144
-484
209
813
1038
661
-333
-2115
-4558
-7230
-9678
-11385
-12079
-11753
-10488
-8525
-5984
-3130
-564
1364
2542
2829
2239
1124
-207
-1625
-2714
-3196
-3336
-3169
-2609
-1900
-1199
-809
-914
-1318
-2021
-2860
-3573
-3986
-3863
-3221
-2072
-510
1215
2866
4225
5044
5125
4599
3584
2296
1034
2
-544
-549
25
1063
2268
3426
4308
4840
4840
4187
3120
1842
668
-76
-316
29
891
2098
3365
4274
4740
4814
4341
3309
1878
373
-811
-1426
-1331
-392
1197
2834
4476
5925
6739
6995
6621
5513
3699
1620
-193
-1536
-2127
-2002
-1353
-409
679
1867
2711
3145
3194
2709
1739
473
-680
-1454
-1665
-1401
-894
-293
368
1025
1521
1807
1690
1073
114
-797
-1458
-1675
-1356
-870
-140
622
1169
1709
1819
1458
722
-521
-1806
-2884
-3470
-3373
-2707
-1602
-418
630
1325
1604
1497
870
-318
-1936
-3439
-4396
-4725
-4241
-3113
-1705
-346
634
1172
1012
40
-1564
-3879
-6735
-9429
-11292
-11906
-11282
-9895
-8125
-6058
-3888
-1840
-155
763
920
414
-635
-1739
-2505
-2777
-2526
-1966
-1321
-624
4
642
1112
1158
729
-259
-1384
-2390
-3195
-3503
-3270
-2527
-1389
-178
1162
2738
4321
5530
6029
5864
5247
4526
3880
3282
2892
2710
2841
3117
3294
3564
3702
3578
3081
2076
852
-458
-1407
-1736
-1550
-777
390
1869
3449
4849
5966
6617
6581
5727
4252
2533
1078
109
-308
-139
415
1334
2437
3513
4360
4640
4210
2978
1178
-754
-2331
-3185
-3350
-2863
-1826
-384
1315
2889
3984
4456
4080
2764
1008
-733
-2211
-3023
-3185
-2770
-1836
-746
369
1264
1876
1951
1369
364
-837
-1642
-1942
-1582
-628
535
1723
2660
3184
3194
2495
1188
-436
-2251
-3745
-4613
-4594
-3655
-2183
-413
1186
2339
2858
2659
1741
100
-1865
-3763
-5234
-5866
-5478
-4135
-2152
-89
1592
2664
2808
2039
489
-1790
-4543
-7588
-10232
-11819
-12164
-11297
-9745
-7894
-6096
-4423
-2834
-1585
-748
-490
-680
-1073
-1349
-1238
-728
119
788
1200
1294
1077
822
409
-182
-1101
-2314
-3472
-4284
-4567
-4309
-3659
-2741
-1620
-424
933
2493
4099
5553
6504
6831
6764
6546
6258
5879
5448
4915
4244
3620
3187
2907
2627
2282
1773
902
-33
-694
-906
-536
272
1358
2647
4187
5795
7266
8442
8926
8454
7141
5343
3297
1467
83
-908
-1307
-1170
-517
539
1741
2877
3402
3217
2450
1121
-330
-1598
-2476
-2796
-2684
-2129
-1220
-61
1266
2353
2950
2844
1960
671
-812
-2149
-3039
-3570
-3611
-3204
-2562
-1660
-639
122
533
453
-250
-1114
-1889
-2306
-2186
-1679
-778
168
1069
1790
2090
2137
1690
720
-634
-2143
-3306
-3886
-3675
-2901
-1979
-1161
-618
-375
-399
-640
-1178
-2088
-3056
-3720
-3798
-2947
-1417
384
1945
2905
3325
3091
2316
1037
-721
-2978
-5565
-8061
-9972
-10682
-10379
-9445
-8405
-7520
-6414
-4974
-3222
-1424
127
1141
1657
1995
2311
2761
3146
3109
2481
1450
374
-508
-1057
-1399
-1752
-2338
-3139
-3697
-3861
-3759
-3282
-2630
-2003
-1249
-242
1262
3257
5338
7019
8003
8317
8240
8001
7434
6579
5478
4132
2884
1933
1327
1165
1257
1234
864
119
-486
-701
-649
-149
573
1419
2570
3833
5255
6672
7746
8204
7544
5973
4021
2066
470
-674
-1385
-1765
-1676
-1069
-13
1305
2375
2871
2435
1250
-184
-1752
-2912
-3391
-3447
-3135
-2434
-1281
363
2273
3820
4510
4212
2971
1132
-721
-2319
-3541
-4269
-4620
-4535
-3924
-2787
-1400
-179
411
320
-199
-1113
-1726
-1867
-1744
-1104
-239
568
1356
2096
2573
2618
2081
916
-553
-2132
-3491
-4099
-4001
-3453
-2633
-1785
-1030
-499
-88
248
148
-269
-799
-1253
-1400
-1102
-326
544
1407
1986
2053
1781
1236
566
-435
-1890
-3779
-5930
-7831
-9194
-9720
-9503
-8982
-8233
-7290
-5851
-3795
-1517
745
2502
3478
3800
3673
3323
2813
2055
965
-325
-1572
-2340
-2404
-1951
-1327
-869
-785
-1045
-1343
-1608
-1840
-1969
-2083
-2085
-1698
-582
1245
3494
5862
7651
8653
8943
8548
7859
6825
5420
3846
2296
1092
362
351
868
1348
1513
1176
566
18
-376
-541
-427
-8
684
1878
3394
5005
6543
7443
7557
6595
4766
2786
952
-631
-1826
-2508
-2663
-2089
-979
368
1732
2557
2481
1516
64
-1558
-2999
-3794
-4076
-3864
-3070
-1700
160
2056
3642
4445
4220
2978
987
-1113
-3011
-4404
-5157
-5158
-4542
-3547
-2127
-693
573
1326
1220
456
-777
-1915
-2442
-2261
-1541
-490
790
2019
3000
3683
3906
3349
1941
-42
-2187
-3948
-4970
-4969
-4067
-2781
-1403
-243
724
1623
2133
1960
1016
-301
-1570
-2459
-2492
-1615
-221
1174
2334
2988
3192
2977
2174
526
-2213
-5351
-8401
-10828
-11923
-11624
-10442
-8883
-7035
-4920
-2476
4
1989
3096
3380
3005
2258
1691
1434
1423
1349
985
412
-103
-230
-221
-429
-917
-1723
-2777
-3629
-3954
-3858
-3485
-3012
-2386
-1391
5
1954
4182
6082
7499
8217
8178
7789
7261
6429
5256
3896
2402
1110
275
-16
207
329
107
-390
-1003
-1403
-1446
-1124
-549
176
1074
2296
3803
5545
7229
8173
8037
6910
5145
3228
1440
-157
-1495
-2572
-3212
-3050
-2099
-564
1117
2120
2175
1546
318
-1025
-2013
-2878
-3550
-3741
-3440
-2339
-389
1971
4007
5016
4790
3481
1648
-396
-2369
-4038
-5438
-6191
-5965
-4755
-2820
-660
1133
1995
1849
1003
-235
-1357
-2050
-2305
-2092
-1407
-285
1237
2998
4481
5074
4496
2851
512
-1903
-3834
-5072
-5443
-5066
-4189
-2713
-864
1001
2628
3432
3051
1704
-75
-1660
-2594
-2612
-1808
-564
873
2346
3706
4578
4655
3627
1137
-2610
-6804
-10282
-12359
-12855
-12073
-10538
-8501
-6040
-3050
52
2474
3825
3969
3047
1881
1147
960
1287
1666
1714
1516
1346
1462
1559
1274
364
-1238
-3149
-4790
-5593
-5495
-4850
-3924
-2793
-1586
-64
2022
4263
6173
7156
7176
6683
5963
5427
5075
4646
3982
3071
2153
1592
1375
1292
1195
576
-575
-1736
-2623
-3025
-2834
-2286
-1521
-609
447
1812
3504
5237
6352
6684
6151
4963
3672
2337
1195
244
-851
-1870
-2321
-2116
-1267
-89
908
1411
1216
590
-201
-957
-1619
-2352
-2922
-3121
-2671
-1404
475
2616
4263
4973
4694
3763
2476
807
-846
-2391
-3780
-4542
-4447
-3638
-2136
-357
811
1279
1112
444
-270
-808
-1080
-1044
-697
3
1244
2845
4394
5329
5219
4143
2136
-304
-2451
-4061
-4962
-5047
-4547
-3381
-1650
260
2114
3199
3245
2171
332
-1420
-2745
-3128
-2638
-1753
-310
1436
3043
4431
5142
4532
2336
-1189
-5429
-9351
-12049
-13276
-12999
-11718
-9870
-7427
-4462
-1300
1458
3177
3497
2683
1466
469
151
489
1001
1386
1582
1794
2086
2315
2146
1079
-876
-3251
-5411
-6810
-7141
-6633
-5600
-4208
-2623
-613
1832
4305
6245
7185
7020
6097
5053
4338
4018
3948
3899
3682
3510
3475
3507
3468
2980
1782
-9
-1921
-3505
-4382
-4341
-3621
-2571
-1246
353
2106
3878
5562
6729
6969
6269
4898
3494
2332
1427
810
256
-248
-573
-503
-59
518
999
1089
767
63
-727
-1227
-1444
-1547
-1652
-1644
-1472
-961
85
1438
2529
2968
2869
2317
1545
788
114
-503
-1200
-1822
-2288
-2343
-1829
-1059
-327
104
74
-368
-687
-763
-696
-378
-152
151
691
1456
2521
3429
3788
3424
2351
788
-770
-1855
-2476
-2594
-2436
-2066
-1297
-349
782
1704
1971
1452
286
-990
-2097
-2472
-1940
-999
153
1346
2368
3170
3485
2998
1428
-1356
-4842
-8417
-11237
-12465
-12307
-11180
-9416
-7382
-4993
-2472
-211
1474
2098
1656
712
-127
-513
-220
497
1172
1683
1892
1961
1977
1723
1084
-351
-2499
-4721
-6527
-7349
-7081
-6058
-4522
-2754
-878
1317
3707
5864
7254
7501
6799
5586
4452
3773
3607
3656
3563
3379
3119
3016
3072
2856
2114
639
-1346
-3185
-4449
-4844
-4474
-3654
-2395
-1055
481
2533
4607
6330
7233
6980
5907
4448
2990
1872
1054
333
-236
-502
-265
530
1651
2566
2835
2467
1482
221
-836
-1583
-2143
-2544
-2612
-2233
-1166
431
2183
3786
4748
4882
4368
3446
2416
1505
603
-343
-1278
-1974
-2149
-1862
-1371
-966
-896
-1145
-1562
-1878
-1798
-1422
-915
-314
300
968
1847
2775
3415
3494
2839
1644
200
-1091
-1984
-2376
-2339
-2233
-1910
-1384
-677
62
335
152
-540
-1605
-2524
-2924
-2523
-1433
1
1422
2612
3465
3744
3284
1871
-635
-4190
-8079
-11173
-12893
-13089
-12110
-10432
-8354
-6018
-3506
-1177
543
1445
1473
811
95
-194
41
816
1722
2297
2638
2789
2668
2342
1504
-22
-2042
-4392
-6384
-7430
-7578
-6868
-5481
-3727
-1682
710
3298
5579
7076
7648
7330
6418
5444
4674
4205
3988
3772
3589
3611
3773
3886
3810
3274
2136
597
-1023
-2350
-3239
-3646
-3617
-3089
-2027
-596
1283
3320
5012
6186
6610
6294
5406
4176
2926
1666
503
-365
-670
-333
421
1473
2513
3090
3085
2522
1484
205
-1197
-2466
-3349
-3689
-3364
-2317
-744
984
2576
3653
4165
4144
3563
2626
1482
366
-380
-793
-881
-592
-282
-84
-178
-607
-1171
-1719
-2056
-2292
-2287
-1794
-896
401
1878
3201
4131
4307
3746
2632
1248
4
-1070
-2030
-2740
-2856
-2466
-1790
-861
-109
68
-445
-1494
-2484
-3065
-3254
-2872
-2125
-1177
265
1958
3229
3834
3217
892
-2574
-6530
-10036
-12416
-13689
-13886
-13128
-11302
-8337
-4816
-1593
746
1813
1652
768
-249
-994
-1272
-1024
-435
370
1445
2646
3730
4311
3763
2117
-428
-3334
-5665
-7254
-7988
-7914
-7142
-5544
-3156
-150
3012
5805
7638
8175
7619
6592
5669
4883
4284
3806
3431
3368
3763
4467
5080
5417
5043
3711
1969
371
-917
-1865
-2476
-2890
-2965
-2552
-1527
318
2331
3968
5071
5354
5097
4668
4162
3526
2641
1706
1125
1075
1667
2784
3950
4731
4904
4454
3494
2376
1178
-218
-1684
-3012
-3844
-4010
-3459
-2263
-847
361
1319
1916
2127
2307
2233
1855
1474
1085
822
740
704
690
651
312
-410
-1245
-2045
-2762
-3267
-3323
-2859
-2053
-964
114
982
1757
2182
2088
1553
652
-327
-1292
-2064
-2220
-1826
-1078
-303
189
539
673
518
139
-417
-1096
-1815
-2149
-1936
-1206
-233
355
280
-753
-2656
-4779
-6709
-8341
-9905
-11278
-11909
-11446
-9622
-6836
-3920
-1469
78
829
989
668
149
-598
-1456
-2257
-2719
-2302
-1076
621
2147
2824
2449
1190
-372
-2001
-3677
-5202
-6334
-6779
-6217
-4300
-1326
1998
4914
6676
7176
6788
5950
4865
3524
2199
1231
856
1381
2823
4729
6406
7222
6912
5666
3924
2119
502
-837
-1775
-2208
-1836
-529
1350
3334
4858
5504
5180
4156
2881
1638
546
-331
-982
-1155
-511
933
2852
4817
6284
6937
6906
6239
5223
3984
2474
897
-588
-1522
-1744
-1444
-780
-128
185
208
150
30
-193
-556
-874
-1099
-1226
-874
-204
602
1344
1707
1971
2078
2050
1992
1547
729
-265
-1195
-1697
-1798
-1649
-1369
-1168
-1046
-875
-625
-561
-804
-1390
-2324
-3216
-3623
-3337
-2570
-1641
-880
-243
407
1019
1691
2100
2012
1432
517
-295
-850
-1194
-1721
-2786
-4556
-6723
-8596
-9818
-10287
-10362
-10315
-10095
-9349
-7773
-5422
-2924
-1113
-53
204
74
217
501
636
320
-461
-1221
-1632
-1393
-639
-37
25
-553
-1568
-2622
-3284
-3591
-3818
-3929
-3875
-3419
-1951
465
3185
5620
7015
7275
6740
5780
4730
3481
2102
678
-439
-531
304
2066
4145
5603
6319
6017
5277
4414
3277
2136
1002
148
-189
274
1645
3390
5050
5954
5796
4927
3565
2064
621
-695
-1894
-2608
-2285
-985
1167
3628
5659
7010
7500
7243
6483
5215
3545
1579
-291
-1584
-2117
-1830
-1114
-345
343
762
931
928
577
-153
-999
-1823
-2356
-2444
-2118
-1400
-620
14
487
993
1523
1849
1901
1522
919
475
329
380
348
182
-155
-713
-1206
-1543
-1807
-2228
-2966
-3601
-3981
-3883
-3181
-2171
-1244
-888
-793
-615
-375
197
828
1172
1233
1210
1515
1888
1852
971
-1192
-4464
-7945
-10729
-12588
-13446
-13522
-13111
-11963
-9740
-6552
-3046
-197
1375
1758
1286
617
356
411
370
43
-364
-394
98
872
1496
1336
94
-1960
-4143
-5754
-6510
-6580
-6246
-5688
-4594
-2459
560
3978
6917
8558
8742
7891
6677
5461
4416
3315
1821
398
-181
309
1623
3128
4078
4114
3261
2156
1421
965
716
468
156
309
1212
2907
4902
6460
7106
6519
5185
3714
2339
1090
-300
-1801
-2826
-2902
-1905
158
2522
4540
5774
6102
6030
5594
4896
3800
2271
603
-778
-1208
-743
149
1034
1491
1504
1386
1396
1520
1312
724
-37
-840
-1174
-960
-394
155
341
283
185
279
444
527
313
-314
-824
-850
-219
869
1873
2445
2371
1896
1331
746
-37
-1239
-2692
-4145
-4972
-4806
-3873
-2655
-1785
-1490
-1594
-1674
-1510
-1089
-757
-807
-912
-806
-234
718
1437
1081
-728
-3624
-6956
-9757
-11573
-12702
-13423
-13720
-13217
-11428
-8298
-4645
-1531
455
1186
1147
989
919
897
650
-104
-1018
-1435
-945
349
1566
1905
1175
-488
-2505
-4175
-5187
-5836
-6308
-6409
-5787
-3870
-568
3486
7252
9557
10063
9412
8212
6889
5434
3501
1193
-805
-1720
-1123
722
2898
4522
5025
4429
3383
2531
1790
955
-89
-1146
-1434
-497
1730
4459
6786
8097
7960
6898
5498
4012
2445
525
-1433
-2747
-2945
-1648
692
3357
5650
6934
7328
7052
6440
5458
3859
1872
-158
-1635
-2086
-1451
-227
881
1552
1744
1694
1652
1604
1251
540
-333
-1143
-1429
-1052
-332
337
657
657
549
487
516
412
-114
-993
-1799
-2138
-1950
-1301
-373
299
514
537
539
487
143
-629
-1712
-2916
-3729
-3657
-3018
-2286
-1744
-1530
-1556
-1603
-1453
-1334
-1441
-1610
-1746
-1637
-1107
-381
40
-477
-2144
-4589
-7186
-9326
-10665
-11539
-12207
-12277
-11416
-9343
-6378
-3421
-1097
226
672
714
727
805
770
340
-266
-767
-832
-177
743
1290
900
-304
-1963
-3604
-4764
-5470
-5869
-6040
-5734
-4555
-2134
1200
4603
7398
8915
9099
8659
8001
7042
5644
3878
2003
609
213
852
2194
3514
4195
4032
3477
2751
2062
1485
649
-108
-606
-410
891
2730
4775
6350
6829
6437
5382
4287
3208
1749
419
-680
-1198
-655
898
3016
4865
6244
6744
6436
5834
4917
3793
2415
873
-469
-1307
-1274
-661
0
555
717
640
566
404
282
144
-194
-506
-562
-358
192
822
1104
1072
831
541
266
-5
-279
-603
-998
-1309
-1154
-711
-225
106
104
-61
-360
-712
-1104
-1711
-2477
-3291
-3872
-3896
-3443
-2658
-1977
-1707
-1674
-1646
-1470
-1197
-1019
-1080
-1182
-1183
-973
-568
-313
-728
-2153
-4367
-6875
-9090
-10635
-11610
-12158
-12226
-11584
-9880
-7305
-4377
-1686
135
1051
1258
1218
1250
1179
993
486
-280
-646
-461
137
798
699
-195
-1524
-3035
-4224
-4999
-5426
-5550
-5390
-4547
-2680
135
3548
6710
8807
9722
9649
8913
7750
6206
4396
2334
442
-511
-260
952
2479
3722
4240
3970
3337
2649
1941
1099
134
-647
-737
107
1843
4049
5929
6965
6999
6144
4898
3481
1768
19
-1485
-2335
-2106
-736
1510
4034
6143
7355
7740
7383
6444
5098
3425
1638
-94
-1205
-1376
-873
104
1031
1506
1655
1529
1214
745
155
-464
-1078
-1390
-1169
-547
188
802
1143
1185
1037
778
434
-107
-805
-1443
-1882
-1880
-1436
-920
-357
72
185
126
-69
-407
-1169
-2207
-3297
-4085
-4266
-4031
-3379
-2765
-2330
-1868
-1604
-1346
-1062
-1051
-1160
-1371
-1525
-1218
-645
-186
-272
-1244
-3191
-5573
-7706
-9485
-10855
-12018
-12821
-12713
-11401
-8961
-6027
-3356
-1350
-160
301
589
925
1044
851
285
-341
-463
69
1039
1869
1845
845
-733
-2413
-3755
-4792
-5599
-6126
-6405
-5868
-3982
-917
2749
6023
8217
9347
9690
9546
9058
8035
6354
4290
2328
1203
1266
2234
3353
4041
4149
3657
3064
2565
2023
1299
375
-451
-820
-116
1632
3673
5385
6286
6305
5677
4819
3821
2382
618
-1122
-2373
-2662
-1731
90
2144
3933
5105
5810
6118
5930
5210
3948
2316
724
-339
-698
-358
361
1027
1464
1650
1557
1343
998
304
-487
-1319
-1809
-1577
-988
-216
409
741
985
1067
1108
1017
561
-11
-550
-862
-674
-156
397
750
908
830
531
277
-180
-1066
-2313
-3593
-4457
-4694
-4375
-3811
-3210
-2859
-2637
-2255
-1771
-1304
-1042
-1168
-1466
-1503
-1238
-589
49
-100
-1123
-2887
-5143
-7280
-8906
-10252
-11513
-12405
-12619
-11700
-9515
-6785
-4274
-2355
-1237
-653
-41
487
786
780
336
-134
-311
66
1007
1936
2254
1722
494
-983
-2362
-3547
-4506
-5388
-5971
-5798
-4567
-2084
1108
4276
6743
8103
8674
8653
8326
7617
6277
4631
2914
1680
1454
2148
3238
3976
3985
3428
2676
1972
1283
451
-343
-989
-1232
-419
1336
3464
5462
6861
7293
6811
5916
4674
3131
1463
-190
-1450
-1860
-1141
378
2333
4283
5580
6206
6215
5713
4958
3783
2350
892
-290
-711
-441
280
1086
1659
1938
1947
1648
1016
262
-569
-1431
-1994
-2054
-1730
-1091
-304
328
784
976
927
729
157
-516
-1080
-1517
-1559
-1289
-821
-289
164
534
797
809
459
-267
-1380
-2483
-3296
-3812
-3861
-3641
-3354
-3009
-2617
-2071
-1525
-1028
-763
-827
-961
-1040
-899
-645
-634
-1268
-2658
-4578
-6520
-8070
-9257
-10206
-11020
-11458
-11107
-9785
-7794
-5552
-3486
-2092
-1341
-928
-476
37
380
467
253
37
212
796
1596
2258
2144
1167
-262
-1831
-3214
-4217
-4999
-5701
-6018
-5434
-3691
-1043
2021
4834
6792
7895
8357
8418
8132
7396
6264
4752
3355
2652
2635
3207
3889
4153
3869
3100
2234
1440
720
-61
-895
-1379
-1290
-351
1426
3475
5353
6607
6846
6492
5751
4617
3275
1695
62
-1118
-1335
-741
594
2302
3755
4894
5380
5288
4875
4010
2777
1341
-3
-1038
-1417
-1078
-326
668
1349
1698
1815
1611
1218
568
-237
-1063
-1630
-1691
-1367
-815
-111
518
937
1247
1215
899
457
-204
-689
-892
-929
-730
-421
-73
338
728
866
723
228
-642
-1504
-2235
-2762
-3076
-3312
-3400
-3337
-3013
-2597
-2284
-1773
-1241
-898
-696
-570
-374
-290
-515
-1335
-2717
-4472
-6425
-8003
-9193
-10090
-10584
-10803
-10465
-9294
-7686
-5841
-4116
-2989
-2168
-1614
-1201
-705
-288
-25
50
97
359
966
1749
2267
2134
1372
89
-1389
-2637
-3823
-4899
-5683
-6075
-5561
-4041
-1725
1014
3530
5554
6930
7664
7907
7751
7216
6246
5010
3866
3194
3137
3580
4062
4218
3931
3181
2239
1295
441
-421
-1285
-1763
-1589
-546
1274
3322
5090
6287
6930
6852
6220
5171
3611
1905
216
-924
-1267
-910
225
1626
3078
4410
5220
5478
5202
4541
3492
2193
1011
149
-246
-249
171
887
1573
2045
2221
2048
1459
673
-183
-965
-1466
-1667
-1530
-1131
-473
297
988
1496
1588
1359
787
-6
-566
-780
-855
-794
-509
-280
80
663
1123
1130
603
-250
-1401
-2359
-2872
-3138
-3291
-3536
-3700
-3521
-2939
-2088
-1274
-778
-597
-606
-553
-384
-221
-328
-1169
-2690
-4571
-6366
-7725
-8715
-9544
-10346
-10993
-11027
-10066
-8427
-6587
-4979
-3941
-3229
-2597
-1825
-875
-219
162
251
61
219
887
1675
1991
1601
544
-892
-2208
-3269
-4143
-5023
-5817
-6239
-5924
-4455
-2181
409
2919
4758
6025
7056
7764
8110
7908
6907
5653
4486
3705
3689
3807
3923
3913
3449
2905
2394
1871
1256
417
-406
-937
-942
-165
1267
2911
4370
5428
6074
6367
6280
5663
4455
2842
1218
30
-485
-288
510
1528
2627
3810
4848
5596
5836
5390
4309
2934
1725
852
265
-36
-9
261
819
1551
2070
2312
2065
1311
482
-320
-941
-1265
-1361
-1226
-832
-159
664
1336
1631
1610
1180
511
-119
-663
-1061
-1285
-1306
-1231
-971
-522
35
455
361
-183
-956
-1863
-2510
-2819
-3167
-3558
-3954
-4027
-3567
-2621
-1514
-792
-471
-458
-549
-554
-702
-1328
-2610
-4359
-6141
-7533
-8295
-8753
-9177
-9528
-9766
-9494
-8554
-7302
-6053
-5036
-4322
-3797
-3028
-1978
-969
-76
517
803
915
1099
1472
1805
1695
915
-349
-1764
-2933
-3872
-4690
-5455
-6053
-6123
-5507
-3883
-1475
1096
3297
4741
5911
6927
7512
7749
7457
6532
5448
4618
4233
4363
4562
4581
4300
3780
3269
2672
2067
1308
347
-430
-791
-455
547
1913
3394
4659
5686
6461
6813
6632
5808
4461
2848
1401
480
109
354
1110
2052
3148
4256
5099
5545
5262
4455
3376
2049
936
286
-9
-48
243
728
1373
2106
2543
2453
1757
739
-349
-1237
-1758
-2061
-2140
-2058
-1644
-837
108
893
1191
1038
542
101
-59
-150
-223
-291
-378
-364
-178
105
190
-179
-931
-1857
-2611
-3000
-3039
-3030
-3253
-3433
-3349
-3047
-2456
-1631
-967
-584
-429
-399
-236
-139
-412
-1383
-3123
-5114
-6881
-8101
-8892
-9495
-10072
-10335
-9926
-8942
-7383
-5592
-4135
-3286
-2921
-2653
-2163
-1551
-973
-689
-818
-863
-452
368
1213
1669
1371
396
-851
-2155
-3417
-4609
-5733
-6753
-7190
-6658
-4959
-2346
386
2802
4593
5879
6943
7578
7527
6908
5884
4639
3828
3658
3993
4561
4920
4876
4444
3869
3154
2362
1411
247
-750
-1264
-943
270
1915
3566
4918
5872
6528
6923
6774
5981
4761
3071
1576
792
663
1085
1639
2260
2946
3655
4309
4738
4776
4230
3213
2151
1418
1122
1104
1261
1496
1707
2121
2562
2794
2755
2138
1118
-11
-976
-1544
-1829
-1885
-1693
-1267
-724
25
759
1085
1076
744
338
24
-125
-61
36
126
147
157
160
18
-389
-1203
-2239
-3152
-3820
-4038
-3944
-3833
-3733
-3501
-2951
-2182
-1337
-710
-476
-499
-450
-299
-419
-828
-1847
-3578
-5373
-6954
-8129
-8980
-9774
-10371
-10686
-10328
-9166
-7617
-6057
-4919
-4136
-3421
-2802
-2143
-1472
-1046
-896
-836
-582
3
873
1655
1865
1467
533
-660
-1803
-2920
-4012
-5178
-6215
-6617
-5983
-4328
-2007
523
2626
4206
5616
6828
7728
8042
7534
6554
5473
4683
4514
4780
5032
4913
4394
3757
3101
2568
2045
1081
-121
-1072
-1367
-772
587
2165
3518
4558
5350
5941
6276
6235
5461
4113
2652
1380
698
568
798
1342
1824
2235
2837
3431
3891
3994
3620
2970
2188
1676
1632
1734
1874
2001
2125
2420
2738
2925
2766
2170
1273
230
-583
-1113
-1509
-1701
-1692
-1514
-1009
-224
607
1116
1298
1371
1239
1208
1203
1027
835
558
316
207
77
-115
-544
-1306
-2105
-2717
-2981
-3070
-3196
-3335
-3469
-3413
-2982
-2295
-1617
-1143
-891
-701
-449
-63
194
9
-938
-2605
-4495
-6380
-7765
-8726
-9688
-10451
-10895
-10640
-9393
-7620
-5983
-4816
-4221
-4056
-3806
-3210
-2514
-1971
-1793
-1755
-1416
-484
922
2097
2572
1992
744
-588
-1954
-3153
-4440
-5836
-6932
-7399
-6814
-5195
-2822
-330
1791
3474
4707
5892
6969
7514
7396
6558
5371
4489
4203
4414
4736
4732
4419
3885
3331
2918
2543
2026
1059
25
-580
-492
504
1999
3457
4532
5283
5885
6390
6611
6321
5427
3860
2271
1262
814
875
1284
1678
2065
2726
3431
4061
4494
4382
3791
2929
2214
1784
1547
1580
1552
1568
1868
2122
2423
2631
2325
1672
738
-376
-1235
-1851
-2269
-2475
-2530
-2174
-1531
-621
340
927
1215
1193
1182
1183
1150
950
391
-31
-341
-508
-489
-701
-1232
-1879
-2543
-2954
-3006
-2998
-3007
-3132
-3227
-2960
-2333
-1641
-959
-555
-434
-242
-1
304
419
-68
-1343
-3011
-4781
-6514
-7898
-8989
-9947
-10702
-10931
-10469
-9268
-7714
-6281
-5174
-4463
-3930
-3436
-2802
-2050
-1557
-1332
-1153
-875
-165
854
1576
1788
1273
193
-927
-1973
-2935
-3963
-5107
-6162
-6512
-5742
-4127
-1958
273
2193
3776
5131
6334
7219
7546
7116
6188
5210
4439
4217
4398
4623
4763
4658
4453
4151
3681
3109
2259
1176
123
-534
-421
486
1823
3185
4400
5454
6234
6660
6648
5945
4691
3021
1410
437
-25
189
762
1433
2307
3123
4051
4788
4916
4517
3693
2836
2115
1644
1458
1355
1402
1676
2083
2400
2461
2170
1507
646
-294
-1193
-1866
-2314
-2616
-2624
-2168
-1392
-528
342
992
1326
1364
1294
1159
922
699
248
-177
-426
-645
-745
-869
-1099
-1612
-2371
-3020
-3443
-3500
-3399
-3344
-3256
-3147
-2837
-2176
-1354
-816
-646
-571
-458
-290
-81
33
-270
-1017
-2214
-3794
-5388
-6739
-7897
-9021
-9843
-10346
-10267
-9334
-8021
-6594
-5249
-4192
-3385
-2622
-1928
-1366
-973
-822
-809
-800
-533
-1
570
939
858
246
-650
-1596
-2665
-3714
-4870
-5909
-6359
-6146
-4922
-2966
-717
1566
3480
5072
6290
7008
7221
6820
5961
4917
3968
3404
3347
3711
4029
4205
4340
4215
3905
3345
2575
1732
845
269
143
597
1773
3303
4757
6068
6867
7021
6805
6017
4795
3327
1693
443
-218
-247
362
1380
2619
3701
4551
5254
5525
5310
4659
3715
2787
2018
1433
1168
1118
1230
1611
1849
1921
1772
1216
426
-486
-1323
-2109
-2611
-2732
-2614
-2164
-1454
-655
2
454
685
702
552
295
50
-174
-320
-440
-542
-524
-495
-505
-581
-920
-1550
-2212
-2778
-3174
-3343
-3387
-3243
-3023
-2774
-2305
-1807
-1356
-988
-835
-875
-936
-819
-608
-496
-829
-1559
-2646
-4192
-5615
-6826
-8041
-9150
-10138
-10668
-10435
-9496
-8035
-6457
-5063
-3875
-3039
-2404
-1731
-1219
-1109
-1265
-1434
-1370
-890
-203
604
1162
1076
507
-374
-1408
-2548
-3742
-4874
-5793
-6106
-5592
-4181
-1854
715
2995
4768
5953
6747
7214
7277
6699
5753
4685
3825
3596
3894
4608
5095
5145
5040
4643
4093
3419
2541
1487
413
-190
22
1022
2555
4249
5633
6398
6731
6609
6012
5019
3499
1891
440
-540
-624
-46
1043
2364
3537
4485
5177
5552
5511
4966
4007
2716
1554
939
754
924
1265
1575
1802
1952
2001
1753
1110
222
-800
-1704
-2294
-2486
-2216
-1677
-1013
-379
201
777
1105
1061
864
509
65
-230
-402
-457
-447
-468
-570
-705
-838
-1114
-1480
-2029
-2740
-3170
-3412
-3516
-3405
-3280
-3196
-3009
-2717
-2391
-1981
-1727
-1638
-1633
-1553
-1168
-853
-956
-1530
-2575
-3972
-5465
-6908
-8222
-9312
-10325
-11010
-10850
-9957
-8409
-6577
-5032
-3718
-2822
-2212
-1636
-1315
-1213
-1356
-1543
-1404
-932
-78
1004
1795
1941
1518
757
-258
-1451
-2762
-4107
-5286
-5909
-5585
-4314
-2291
101
2467
4455
5892
6891
7351
7347
6747
5620
4460
3464
3132
3425
4019
4717
5087
5094
4802
4327
3669
2693
1493
348
-428
-493
361
1854
3532
5018
6129
6892
7305
7157
6311
4918
3162
1468
317
-109
151
855
1829
2922
3951
4816
5367
5502
5112
4182
3046
1992
1176
820
853
1031
1339
1622
1774
1829
1637
1117
360
-565
-1493
-2220
-2495
-2191
-1721
-1304
-719
41
698
1145
1240
930
498
46
-300
-539
-673
-704
-744
-735
-751
-765
-819
-1260
-1864
-2407
-2952
-3201
-3304
-3443
-3439
-3392
-3287
-2901
-2436
-2142
-1746
-1428
-1370
-1184
-1025
-1019
-1316
-2008
-2998
-4509
-6039
-7274
-8365
-9433
-10364
-10722
-10572
-9784
-8489
-6966
-5453
-4394
-3565
-2802
-2138
-1687
-1385
-1194
-1229
-1045
-455
477
1506
2031
2016
1516
646
-293
-1383
-2532
-3778
-4912
-5332
-5006
-3745
-1727
489
2576
4302
5636
6519
7082
7158
6683
5908
4940
4163
3898
4093
4489
4848
4956
4696
4244
3800
3135
2172
1118
119
-457
-336
480
1799
3236
4487
5468
6120
6352
6168
5525
4385
2979
1678
734
357
564
1039
1768
2637
3383
4105
4553
4606
4333
3658
2775
1849
1187
902
753
765
970
1207
1501
1761
1682
1343
721
-96
-766
-1263
-1530
-1608
-1453
-1063
-592
-21
613
1145
1220
968
595
172
-22
-208
-497
-709
-878
-895
-743
-676
-697
-929
-1434
-2044
-2611
-2885
-2965
-3050
-3261
-3457
-3432
-3132
-2471
-1899
-1444
-1055
-836
-523
-369
-386
-755
-1767
-3112
-4743
-6435
-7798
-8807
-9646
-10280
-10534
-10233
-9253
-7832
-6381
-5184
-4260
-3610
-3020
-2372
-1835
-1361
-980
-712
-453
12
786
1595
1981
1741
1043
10
-1163
-2294
-3415
-4537
-5468
-5806
-5302
-4024
-2172
12
2068
3716
5137
6241
6894
7168
6962
6341
5605
4979
4717
4838
5015
5163
5095
4694
4223
3595
2780
1855
786
-32
-346
-181
588
1811
3226
4571
5586
6321
6717
6615
5986
4862
3458
2202
1364
942
996
1312
1827
2555
3360
4153
4576
4609
4216
3537
2880
2169
1635
1380
1231
1264
1387
1594
1929
2012
1731
1097
225
-672
-1571
-2228
-2521
-2544
-2396
-2052
-1318
-347
499
1092
1270
948
615
311
-48
-252
-475
-648
-850
-993
-861
-743
-812
-1183
-1850
-2572
-3077
-3395
-3581
-3650
-3711
-3667
-3386
-2871
-2150
-1456
-1004
-733
-626
-539
-437
-447
-911
-1986
-3414
-4987
-6391
-7425
-8158
-8832
-9360
-9469
-9044
-8109
-6879
-5725
-4836
-4201
-3820
-3340
-2786
-2264
-1762
-1472
-1170
-714
-89
764
1493
1713
1356
530
-515
-1570
-2593
-3611
-4534
-5246
-5446
-4943
-3716
-1799
226
2053
3596
4755
5739
6433
6639
6436
5861
5209
4800
4775
5081
5402
5653
5605
5229
4732
4185
3463
2373
1286
375
-120
147
963
2119
3342
4441
5369
5992
6239
6066
5439
4353
3072
1978
1297
1070
1342
1932
2473
3107
3771
4320
4682
4638
4174
3357
2445
1756
1257
975
911
880
1062
1336
1581
1817
1603
1015
314
-465
-1078
-1546
-1833
-1951
-1997
-1699
-1153
-491
171
513
503
208
-121
-284
-323
-359
-490
-616
-685
-675
-595
-489
-638
-1174
-1854
-2559
-2990
-3155
-3227
-3293
-3451
-3561
-3474
-3134
-2698
-2171
-1738
-1622
-1416
-1085
-801
-539
-687
-1477
-2811
-4312
-5720
-7001
-7955
-8803
-9508
-9719
-9367
-8321
-6894
-5613
-4530
-3789
-3349
-2830
-2269
-1761
-1431
-1224
-1014
-780
-174
726
1443
1695
1416
771
-62
-998
-2017
-3151
-4231
-5054
-5427
-5066
-3923
-2153
-241
1564
3195
4455
5544
6390
6710
6472
5776
4989
4530
4495
4798
5043
5099
5106
4888
4511
3989
3126
1961
734
-181
-512
-216
578
1701
3012
4260
5370
6228
6561
6426
5699
4400
2983
1752
1063
911
1012
1489
2244
3022
3856
4551
4941
4875
4276
3380
2426
1709
1233
1008
999
1039
1279
1670
2122
2394
2145
1473
641
-326
-1196
-1696
-2019
-2136
-2028
-1697
-1051
-242
486
905
937
645
182
-191
-349
-589
-873
-1044
-1131
-922
-628
-537
-620
-1061
-1777
-2372
-2849
-3179
-3343
-3585
-3753
-3752
-3542
-3036
-2390
-1800
-1319
-1086
-969
-682
-563
-602
-1017
-2083
-3490
-4944
-6085
-7081
-8017
-8756
-9287
-9306
-8697
-7747
-6579
-5436
-4620
-4017
-3555
-2980
-2326
-1874
-1552
-1295
-1022
-553
232
1037
1548
1638
1330
735
-43
-882
-1843
-2948
-4018
-4811
-5054
-4504
-3227
-1593
84
1740
3297
4593
5716
6515
6613
6167
5485
4812
4413
4320
4434
4645
4747
4769
4737
4468
3978
3157
2020
837
-143
-488
-222
459
1388
2483
3771
4897
5728
6138
5934
5121
3965
2768
1656
987
714
748
1223
1851
2720
3751
4448
4725
4467
3860
3070
2183
1497
956
605
469
639
1111
1712
2284
2463
2200
1612
734
-121
-824
-1422
-1821
-2096
-2020
-1545
-814
86
747
998
968
667
292
130
-54
-321
-547
-703
-628
-370
-109
-10
-241
-886
-1744
-2396
-2868
-3311
-3586
-3820
-3956
-3692
-3194
-2512
-1731
-1248
-1019
-881
-685
-523
-538
-822
-1595
-2745
-4151
-5526
-6591
-7513
-8476
-9271
-9700
-9668
-9056
-8024
-6917
-5931
-5090
-4353
-3503
-2658
-1928
-1369
-1092
-857
-461
189
907
1592
1966
1827
1346
575
-318
-1348
-2551
-3754
-4779
-5295
-5109
-4216
-2699
-847
972
2636
4168
5408
6331
6772
6643
6061
5272
4854
4643
4553
4830
5016
4958
4795
4467
4120
3519
2437
1289
235
-470
-580
-108
852
2000
3210
4386
5345
5971
6233
5878
4911
3658
2381
1427
874
735
1034
1622
2336
3099
3818
4230
4362
4164
3491
2698
1927
1387
1150
1014
1099
1331
1610
1894
2091
2056
1629
852
-48
-855
-1584
-2053
-2234
-2239
-1995
-1580
-918
-196
338
640
568
395
192
-53
-216
-328
-330
-295
-240
-152
-134
-291
-559
-1067
-1789
-2392
-2907
-3279
-3420
-3448
-3372
-3096
-2711
-2274
-1732
-1364
-1076
-825
-756
-582
-514
-687
-1244
-2217
-3341
-4725
-6023
-7125
-8110
-8932
-9579
-9590
-9017
-8069
-6823
-5622
-4517
-3617
-2877
-2209
-1741
-1381
-1080
-867
-691
-247
519
1207
1673
1813
1522
886
-10
-1105
-2430
-3713
-4783
-5490
-5501
-4893
-3493
-1560
371
2217
3777
5082
6070
6498
6462
5968
5241
4627
4255
4222
4423
4693
4874
4880
4694
4407
3858
2887
1817
778
-47
-355
-125
742
1981
3137
4314
5407
6152
6553
6399
5527
4225
2816
1623
910
684
833
1186
1772
2572
3376
4063
4532
4507
3962
3172
2352
1711
1241
959
796
715
767
964
1339
1419
1156
718
-154
-1152
-1860
-2264
-2459
-2480
-2356
-2024
-1383
-559
203
685
866
832
651
454
371
368
288
44
-189
-329
-375
-442
-758
-1181
-1782
-2455
-2920
-3201
-3302
-3311
-3277
-3192
-2941
-2453
-1864
-1260
-748
-490
-342
-244
-202
-226
-721
-1775
-3158
-4749
-6215
-7365
-8338
-9186
-9801
-9949
-9413
-8470
-7226
-5879
-4870
-3930
-3144
-2633
-2202
-1794
-1364
-1045
-719
-212
455
1230
1926
2121
1729
902
-215
-1331
-2530
-3840
-4991
-5630
-5528
-4784
-3373
-1443
515
2313
3930
5137
5965
6518
6600
6297
5786
5243
5011
5063
5222
5392
5454
5318
4943
4337
3586
2702
1634
572
-163
-441
-106
797
1875
3053
4199
5102
5687
5754
5288
4382
3159
1923
924
286
48
348
1033
1809
2761
3627
4197
4443
4286
3790
3060
2307
1661
1154
885
862
930
1015
1287
1550
1417
1110
561
-194
-969
-1644
-2017
-2221
-2102
-1775
-1354
-632
115
704
1046
1096
985
738
441
164
53
-85
-300
-390
-489
-572
-744
-1114
-1615
-2210
-2776
-3245
-3534
-3561
-3468
-3266
-2927
-2632
-2265
-1834
-1500
-1171
-884
-696
-542
-388
-302
-315
-621
-1394
-2557
-3947
-5373
-6761
-8057
-9076
-9671
-9801
-9337
-8337
-7055
-5672
-4405
-3336
-2510
-1871
-1372
-1132
-972
-763
-504
-101
551
1252
1756
1986
1674
921
-129
-1499
-2860
-4138
-5176
-5628
-5528
-4715
-3192
-1230
937
2986
4594
5653
6257
6425
6221
5663
4983
4427
4038
4043
4377
4832
5237
5400
5229
4622
3825
2884
1740
615
-302
-685
-453
359
1776
3336
4600
5556
5937
5798
5374
4385
3023
1686
433
-364
-524
-22
1016
2145
3236
4043
4630
4914
4716
4170
3233
2204
1337
720
517
603
781
1034
1202
1266
1218
1020
549
-192
-1064
-1909
-2243
-2203
-1999
-1564
-1059
-555
-91
429
905
1068
922
497
67
-234
-377
-339
-388
-463
-582
-771
-919
-1147
-1471
-1858
-2408
-2861
-3045
-3078
-2889
-2692
-2472
-2338
-2265
-2057
-1832
-1508
-1287
-1122
-887
-654
-389
-294
-424
-955
-2112
-3612
-5226
-6744
-7987
-9063
-9841
-10122
-9753
-8705
-7255
-5660
-4246
-3116
-2278
-1712
-1226
-878
-725
-684
-642
-363
220
964
1705
2131
2037
1520
608
-501
-1645
-2939
-4157
-5058
-5345
-4828
-3639
-1792
312
2178
3784
5119
6038
6572
6620
6078
5269
4586
4106
3989
4365
4825
5167
5377
5275
4949
4470
3602
2479
1229
62
-561
-576
51
1177
2440
3557
4465
5021
5209
5015
4238
3112
1775
485
-278
-228
364
1184
2252
3260
4122
4848
5281
5194
4569
3506
2191
1117
470
100
-88
-105
-9
218
443
613
672
431
-110
-872
-1481
-1759
-1821
-1557
-1205
-868
-359
93
592
1011
1003
600
-45
-601
-968
-1155
-1150
-1023
-901
-755
-528
-418
-472
-649
-1126
-1822
-2476
-2886
-2963
-2909
-2703
-2443
-2246
-1930
-1535
-1221
-1069
-1113
-1253
-1339
-1318
-1113
-752
-571
-799
-1301
-2171
-3313
-4520
-5882
-7255
-8564
-9501
-9836
-9566
-8590
-7248
-5834
-4462
-3184
-2018
-1088
-468
-178
-184
-362
-399
-149
353
953
1421
1637
1583
1248
547
-432
-1696
-3099
-4378
-5304
-5423
-4710
-3396
-1633
392
2412
4207
5757
6824
7126
6854
6210
5243
4373
3908
3694
3772
4088
4378
4651
4748
4565
4088
3183
1994
718
-359
-830
-660
27
1112
2291
3453
4579
5325
5511
5162
4331
3083
1777
776
297
361
793
1665
2640
3646
4590
5192
5356
4856
3929
2733
1546
585
-163
-528
-670
-513
-86
352
765
875
770
441
-150
-789
-1339
-1572
-1536
-1243
-851
-396
152
648
1005
1012
703
134
-500
-934
-1305
-1425
-1227
-1055
-810
-458
-200
-189
-382
-821
-1580
-2340
-3024
-3434
-3484
-3367
-3050
-2651
-2168
-1766
-1533
-1322
-1256
-1323
-1416
-1425
-1419
-1251
-974
-896
-1019
-1533
-2479
-3715
-5064
-6372
-7648
-8821
-9637
-9833
-9283
-8174
-6718
-5082
-3606
-2291
-1255
-609
-126
112
71
41
44
122
494
1037
1426
1556
1376
837
12
-1124
-2339
-3448
-4406
-4867
-4588
-3578
-2051
-215
1723
3551
5080
6149
6665
6601
6167
5377
4459
3791
3403
3458
3770
4085
4413
4562
4476
4037
3313
2368
1143
105
-566
-759
-313
639
1937
3239
4354
5108
5489
5343
4572
3516
2206
976
205
-95
270
1207
2280
3323
4278
4981
5359
5201
4528
3508
2272
1005
-54
-467
-470
-321
-50
138
424
625
621
446
-68
-712
-1184
-1503
-1489
-989
-451
112
664
1044
1367
1513
1436
926
143
-659
-1268
-1478
-1502
-1252
-877
-579
-299
-107
-113
-436
-958
-1583
-2458
-3244
-3613
-3674
-3426
-3082
-2727
-2282
-1929
-1542
-1076
-853
-809
-726
-700
-661
-586
-643
-878
-1486
-2540
-3886
-5325
-6779
-8195
-9370
-10195
-10481
-10138
-9159
-7688
-6100
-4489
-3001
-1783
-921
-375
12
63
8
-26
-25
369
919
1356
1620
1513
1067
303
-750
-1892
-3048
-4091
-4847
-4934
-4139
-2801
-952
1208
3245
4921
6130
6939
7200
6903
6209
5197
4179
3569
3373
3543
3970
4392
4655
4594
4272
3704
2852
1841
754
-218
-636
-340
490
1762
3214
4467
5355
5871
5928
5349
4405
3123
1617
495
-160
-219
310
1255
2383
3472
4403
4940
5134
4770
3922
2834
1534
443
-289
-627
-642
-477
-226
1
223
331
210
-126
-611
-1207
-1594
-1630
-1340
-838
-325
218
664
996
1207
1178
839
269
-438
-1098
-1402
-1346
-1027
-695
-381
-94
85
224
54
-405
-1001
-1840
-2670
-3226
-3427
-3246
-2903
-2638
-2306
-1884
-1495
-1090
-866
-848
-1010
-1192
-1217
-1093
-783
-729
-899
-1434
-2495
-3662
-5086
-6544
-8011
-9470
-10476
-11010
-10755
-9662
-8107
-6457
-4809
-3302
-2062
-947
-204
95
103
-100
-246
-90
267
795
1262
1460
1372
900
203
-741
-1947
-3190
-4189
-4822
-4912
-4184
-2712
-727
1392
3386
5190
6597
7528
7922
7628
6910
5966
4924
4165
3783
3811
4116
4343
4455
4436
4214
3786
2974
1949
895
-39
-488
-336
409
1474
2670
3848
4751
5334
5594
5389
4606
3424
2143
1051
402
293
519
1147
2071
2877
3511
4042
4267
3951
3294
2324
1298
518
-54
-277
-280
-196
11
247
409
383
212
-93
-693
-1303
-1661
-1747
-1547
-1265
-906
-412
-6
280
534
522
288
-113
-627
-1006
-1185
-1124
-930
-610
-280
2
149
54
-134
-547
-1220
-1980
-2671
-3203
-3371
-3283
-3165
-2758
-2296
-1895
-1431
-1197
-1106
-1052
-1157
-1306
-1204
-1029
-883
-553
-425
-725
-1354
-2384
-3831
-5411
-6887
-8358
-9723
-10487
-10420
-9657
-8345
-6704
-4924
-3269
-1880
-774
-50
286
347
275
33
-91
158
401
751
1247
1348
1126
626
-293
-1354
-2511
-3602
-4309
-4624
-4239
-3076
-1432
608
2741
4611
6125
7139
7615
7539
6861
5951
4984
4081
3609
3480
3594
3890
4148
4303
4232
3920
3326
2465
1556
720
206
85
406
1144
2103
3255
4071
4603
4900
4595
4113
3267
2195
1387
782
678
976
1522
2293
3118
3733
4005
4042
3689
3026
2136
1127
335
-284
-633
-592
-402
-203
-34
122
196
105
-208
-687
-1081
-1338
-1339
-1203
-980
-425
93
404
554
461
330
76
-490
-1096
-1633
-2028
-2065
-1830
-1333
-743
-321
105
315
185
-89
-660
-1363
-2182
-2824
-3067
-3186
-2979
-2465
-1884
-1378
-992
-677
-677
-1025
-1370
-1802
-2267
-2473
-2371
-1998
-1572
-1144
-848
-947
-1373
-2148
-3425
-4903
-6386
-7760
-8732
-9170
-8924
-8143
-6943
-5367
-3834
-2483
-1341
-606
-207
-117
-334
-525
-592
-567
-375
-18
503
1068
1460
1510
1231
666
-55
-862
-1717
-2349
-2623
-2439
-1717
-564
904
2556
4107
5336
6195
6566
6496
6011
5228
4361
3498
2901
2658
2719
3029
3445
3847
4047
4143
4052
3611
2925
2033
1260
729
456
593
1133
1783
2312
2856
3260
3420
3276
2825
2216
1529
1042
845
979
1362
1887
2547
3175
3654
3871
3761
3235
2357
1385
360
-486
-1023
-1326
-1344
-1309
-1036
-499
-115
164
344
377
105
-340
-671
-828
-781
-742
-653
-503
-329
-87
36
-48
-332
-729
-1235
-1745
-2005
-2032
-1895
-1590
-1189
-738
-349
10
185
-51
-590
-1315
-2051
-2639
-3012
-3079
-2873
-2618
-2137
-1467
-868
-456
-401
-568
-961
-1515
-2070
-2421
-2498
-2476
-2259
-1910
-1659
-1460
-1647
-2252
-3083
-4386
-5714
-6886
-7752
-8067
-8012
-7365
-6176
-4807
-3229
-1675
-432
375
618
539
167
-338
-673
-812
-784
-465
60
764
1590
2062
2257
2031
1391
617
-237
-982
-1479
-1552
-1347
-604
726
2185
3610
4704
5355
5504
5283
4778
3904
3003
2257
1692
1610
2061
2803
3692
4567
5179
5386
5093
4350
3387
2195
916
-136
-885
-1123
-788
-95
797
1788
2673
3202
3511
3529
3064
2543
2023
1489
1345
1546
1988
2561
3186
3747
4024
3917
3323
2392
1270
50
-1087
-1932
-2362
-2393
-2030
-1364
-583
155
779
1187
1165
937
567
-122
-702
-971
-1095
-1027
-715
-365
27
362
342
127
-409
-1166
-1810
-2389
-2770
-2783
-2517
-1979
-1151
-412
115
478
536
204
-438
-1232
-2092
-2719
-3030
-3122
-2811
-2220
-1544
-796
-236
-42
-202
-594
-1173
-1786
-2306
-2665
-2749
-2500
-1880
-1304
-883
-721
-1102
-1928
-3198
-4677
-6074
-7342
-8213
-8383
-7900
-6833
-5302
-3581
-1954
-675
115
411
276
-206
-748
-1168
-1438
-1253
-600
288
1403
2464
3221
3493
3272
2691
1672
469
-731
-1652
-2014
-1942
-1321
-123
1309
2761
4013
4742
5057
5027
4568
3900
3023
2237
1967
2149
2791
3669
4608
5433
5887
5868
5279
4344
2927
1211
-346
-1637
-2309
-2379
-1886
-835
414
1628
2649
3377
3655
3432
2832
1893
1038
508
360
796
1558
2520
3494
4138
4555
4556
3924
2799
1324
-206
-1559
-2495
-2872
-2770
-2267
-1527
-673
197
829
1039
810
187
-585
-1282
-1801
-2052
-2016
-1628
-1022
-363
291
780
968
715
9
-867
-1695
-2468
-2902
-2845
-2436
-1735
-950
-81
698
1146
1135
631
-277
-1491
-2543
-3266
-3653
-3636
-3097
-2225
-1262
-278
438
794
679
125
-787
-1735
-2471
-2979
-2974
-2567
-1915
-1136
-348
315
380
-292
-1594
-3321
-5125
-6733
-7898
-8510
-8443
-7553
-6149
-4550
-2844
-1328
-276
254
288
-125
-658
-1036
-1199
-1020
-497
437
1665
2911
3943
4471
4416
3788
2679
1321
-108
-1358
-2103
-2411
-2216
-1363
-81
1394
2706
3754
4343
4363
4195
3699
3022
2510
2177
2281
2758
3510
4478
5279
5824
5893
5315
4319
2957
1504
82
-1129
-1762
-2018
-1755
-882
269
1352
2163
2763
2894
2540
1939
1247
619
149
68
390
1163
2221
3233
4086
4499
4447
3983
3098
1952
652
-642
-1698
-2323
-2511
-2303
-1796
-1157
-523
-119
27
-135
-544
-956
-1454
-1889
-1938
-1769
-1378
-619
159
905
1430
1563
1438
912
182
-705
-1546
-2043
-2285
-2009
-1308
-569
197
858
1204
1126
598
-260
-1286
-2403
-3262
-3630
-3608
-3082
-2128
-1033
25
805
1101
953
352
-651
-1669
-2488
-3038
-3066
-2626
-1860
-829
18
414
287
-502
-1811
-3537
-5438
-7089
-8265
-8767
-8540
-7508
-5814
-3948
-2207
-675
428
982
898
329
-302
-884
-1150
-963
-348
726
2067
3359
4287
4730
4578
3739
2376
806
-769
-2084
-2951
-3329
-2941
-1975
-629
1009
2466
3519
4085
4205
3919
3363
2681
2050
1818
1933
2408
3210
4201
5159
5682
5781
5459
4541
3235
1726
269
-878
-1673
-1845
-1516
-833
161
1057
1896
2448
2473
2263
1831
1195
512
56
24
421
1106
1898
2800
3655
4234
4367
4020
3255
2178
921
-359
-1409
-2162
-2533
-2516
-2163
-1654
-998
-252
106
204
67
-331
-735
-1170
-1502
-1651
-1429
-954
-336
436
1052
1333
1248
979
384
-408
-1070
-1669
-2095
-2199
-1845
-1199
-500
177
642
736
445
-223
-1102
-2021
-2755
-3078
-3076
-2679
-1895
-880
82
772
1139
983
431
-350
-1348
-2223
-2762
-2980
-2816
-2333
-1713
-1095
-631
-688
-1311
-2314
-3656
-4969
-6100
-6971
-7199
-6846
-5891
-4474
-3041
-1598
-424
288
497
235
-292
-916
-1431
-1677
-1402
-738
218
1488
2646
3514
3963
3737
3044
1955
450
-868
-1783
-2414
-2397
-1745
-710
673
2070
3199
3943
4210
4025
3393
2565
1904
1512
1454
1772
2472
3388
4320
5211
5781
5802
5255
4228
2971
1664
534
-244
-772
-900
-539
10
654
1254
1609
1679
1445
1012
600
204
-26
76
320
886
1694
2501
3323
3876
4061
3860
3303
2417
1437
519
-496
-1283
-1787
-2053
-2003
-1744
-1332
-976
-715
-624
-644
-688
-933
-1184
-1394
-1435
-1186
-741
-114
486
1087
1521
1658
1572
1179
633
-29
-726
-1207
-1462
-1385
-1080
-699
-244
10
90
-122
-672
-1270
-2053
-2728
-3100
-3258
-2962
-2327
-1495
-624
111
651
810
620
153
-574
-1395
-2098
-2640
-2812
-2712
-2595
-2363
-2359
-2618
-3058
-3647
-4397
-5337
-6063
-6521
-6594
-6152
-5245
-4057
-2833
-1613
-537
130
480
659
465
126
-291
-518
-328
84
748
1478
2080
2522
2759
2640
2171
1369
396
-543
-1302
-1619
-1479
-900
26
1125
2241
3114
3689
3999
3800
3346
2819
2120
1816
1870
2056
2648
3408
4067
4530
4742
4568
3969
3186
2235
1223
421
-61
-139
126
501
984
1456
1769
1913
1780
1487
1193
819
454
421
592
1062
1746
2271
2865
3382
3664
3681
3236
2614
1982
1197
461
-204
-838
-1176
-1322
-1359
-1218
-1027
-854
-703
-639
-712
-910
-1169
-1347
-1458
-1564
-1509
-1237
-811
-338
85
465
779
960
948
674
252
-154
-567
-811
-863
-901
-841
-714
-661
-660
-707
-917
-1292
-1811
-2292
-2551
-2675
-2578
-2246
-1759
-1174
-604
-94
259
473
502
293
-77
-546
-1043
-1616
-2272
-3007
-3815
-4524
-5050
-5524
-5906
-6046
-6003
-5730
-5273
-4697
-3996
-3241
-2530
-1924
-1417
-954
-531
-199
166
383
471
652
816
955
988
956
868
606
370
80
-361
-631
-779
-929
-784
-399
123
942
1759
2403
2814
3109
3405
3401
3197
2887
2612
2490
2475
2655
2898
3208
3603
3737
3608
3514
3227
2729
2238
1686
1287
1080
1054
1263
1554
1837
1937
1920
1749
1415
1099
746
438
316
413
715
1210
1795
2358
2835
3143
3193
2985
2606
2073
1446
902
423
117
-40
-179
-182
-224
-336
-521
-776
-907
-1057
-1334
-1549
-1598
-1515
-1296
-994
-720
-532
-293
-44
46
47
-75
-236
-316
-317
-361
-278
25
240
426
508
462
314
-33
-431
-912
-1438
-1752
-1904
-1992
-1918
-1691
-1454
-1174
-930
-825
-710
-716
-781
-694
-579
-472
-325
-225
-266
-593
-1248
-2129
-3285
-4475
-5562
-6527
-7215
-7527
-7313
-6665
-5620
-4486
-3448
-2469
-1773
-1247
-985
-872
-838
-863
-729
-441
71
582
1083
1516
1726
1769
1358
726
-34
-913
-1732
-2440
-2638
-2377
-1719
-718
484
1747
2829
3625
3930
4017
3824
3194
2508
1784
1363
1331
1539
2064
2585
3197
3705
3770
3634
3172
2446
1605
783
292
159
369
894
1643
2419
3017
3314
3296
2919
2194
1305
482
-111
-353
-220
240
1030
1916
2826
3597
3929
3989
3814
3316
2626
1958
1363
853
613
557
602
746
837
747
450
193
-163
-661
-1095
-1535
-1703
-1617
-1411
-1005
-586
-161
257
404
385
237
-139
-451
-695
-897
-859
-634
-257
167
467
712
801
553
73
-526
-1252
-1934
-2438
-2677
-2525
-2177
-1738
-1259
-885
-628
-495
-627
-841
-1015
-1302
-1356
-1253
-1129
-808
-659
-774
-1233
-2104
-3176
-4461
-5722
-6857
-7736
-7980
-7752
-7090
-5913
-4473
-3092
-1925
-1047
-498
-230
-289
-443
-643
-788
-652
-292
355
948
1385
1713
1558
1152
511
-534
-1500
-2420
-3073
-3133
-2798
-1878
-586
949
2443
3544
4435
4810
4814
4406
3518
2703
1893
1281
1104
1240
1785
2496
3040
3340
3390
3186
2602
1835
1029
279
-77
-55
429
1208
1997
2817
3404
3644
3599
3202
2413
1414
624
94
-182
12
554
1278
2062
2774
3292
3468
3417
3109
2473
1705
1019
557
373
391
519
668
829
917
884
759
410
33
-313
-715
-914
-843
-605
-303
98
456
623
828
890
698
454
51
-348
-613
-826
-769
-536
-328
-2
234
310
367
212
-70
-606
-1268
-1775
-2123
-2266
-2372
-2202
-1901
-1714
-1448
-1284
-1233
-1269
-1526
-1707
-1784
-1791
-1586
-1341
-1071
-945
-1105
-1601
-2409
-3458
-4648
-5816
-6945
-7823
-8050
-7606
-6860
-5851
-4629
-3377
-2235
-1351
-733
-449
-412
-468
-674
-758
-517
-65
558
1072
1447
1662
1556
1117
422
-441
-1469
-2326
-2835
-2958
-2529
-1673
-448
1002
2496
3789
4632
5136
5221
4829
4089
3196
2444
1944
1775
1912
2205
2644
3076
3340
3396
3038
2449
1784
1017
419
53
38
470
1169
2021
2773
3321
3659
3590
3190
2503
1693
884
147
-264
-331
120
871
1693
2515
3087
3419
3565
3412
2918
2337
1641
1068
750
501
520
703
824
823
724
506
184
-217
-732
-1126
-1423
-1492
-1179
-804
-258
313
669
986
1104
1019
850
530
75
-316
-549
-599
-402
-78
214
416
601
467
94
-372
-1069
-1693
-2283
-2721
-2852
-2756
-2443
-2050
-1604
-1264
-1149
-1212
-1367
-1537
-1754
-1904
-1882
-1724
-1400
-953
-639
-616
-845
-1429
-2489
-3744
-5018
-6373
-7464
-8044
-8205
-7794
-6903
-5676
-4183
-2934
-1902
-1094
-703
-529
-678
-945
-1051
-1021
-834
-249
559
1245
1763
1930
1817
1345
460
-651
-1725
-2636
-3229
-3224
-2675
-1584
-200
1362
2941
4124
4904
5224
5086
4558
3762
2963
2338
2017
2060
2477
3044
3657
4153
4391
4276
3681
2884
1928
963
314
15
171
696
1438
2275
2949
3553
3902
3644
3052
2369
1585
838
322
84
314
922
1561
2288
3036
3495
3712
3703
3263
2583
1931
1295
734
370
213
188
147
135
211
100
-132
-329
-606
-974
-1240
-1244
-1036
-656
-264
141
540
787
901
811
487
41
-375
-743
-964
-917
-717
-405
8
307
477
570
360
-38
-616
-1369
-2068
-2684
-3054
-3077
-2883
-2517
-2124
-1799
-1523
-1373
-1314
-1424
-1661
-1945
-2170
-2123
-1954
-1620
-1149
-816
-643
-711
-1165
-2000
-3126
-4467
-5789
-6957
-7834
-8178
-7958
-7287
-6292
-5072
-3797
-2577
-1594
-845
-432
-453
-528
-595
-675
-647
-481
-162
286
792
1163
1343
1251
864
370
-315
-1088
-1690
-2082
-1997
-1444
-599
540
1800
2972
3973
4609
4820
4748
4345
3811
3200
2606
2333
2294
2549
2976
3489
3981
4146
4128
3818
3189
2541
1874
1236
824
656
745
1141
1603
2030
2372
2614
2736
2471
2112
1746
1285
960
824
1000
1379
1893
2529
3176
3816
4116
4183
4045
3494
2815
1937
1047
308
-359
-764
-913
-826
-734
-570
-246
-113
-126
-221
-433
-670
-866
-875
-832
-795
-644
-465
-237
-62
108
84
-130
-322
-597
-747
-780
-723
-628
-519
-385
-297
-291
-510
-865
-1199
-1610
-2135
-2555
-2924
-3160
-3097
-2945
-2657
-2199
-1694
-1323
-1140
-1015
-1029
-1108
-1219
-1390
-1453
-1465
-1394
-1309
-1340
-1426
-1737
-2324
-3149
-4075
-4963
-5819
-6534
-7010
-7092
-6765
-6059
-5100
-4123
-3099
-2106
-1380
-889
-570
-503
-606
-675
-645
-499
-261
86
551
993
1358
1480
1415
1212
822
402
-44
-355
-516
-391
72
679
1518
2362
2999
3458
3635
3684
3679
3440
3112
2832
2623
2688
2998
3337
3746
4122
4274
4350
4261
3904
3340
2636
1995
1404
957
724
747
927
1135
1482
1794
2032
2208
2174
1986
1701
1391
1250
1244
1390
1738
2155
2648
3149
3580
3754
3521
3037
2317
1419
538
-288
-920
-1224
-1323
-1197
-819
-361
37
351
495
375
146
-245
-692
-1025
-1287
-1364
-1374
-1203
-749
-329
-60
131
280
201
-50
-306
-631
-913
-1121
-1238
-1134
-906
-669
-512
-541
-694
-949
-1330
-1770
-2202
-2567
-2845
-2891
-2723
-2356
-1866
-1493
-1165
-999
-1056
-1227
-1572
-1843
-2130
-2498
-2639
-2604
-2380
-2053
-1741
-1537
-1586
-1775
-2229
-2987
-3774
-4440
-5080
-5573
-5781
-5708
-5223
-4554
-3726
-2892
-2239
-1649
-1300
-1100
-940
-860
-784
-704
-513
-104
444
1048
1654
2212
2566
2723
2721
2500
2101
1549
1024
542
246
178
262
610
1044
1473
1880
2299
2628
2770
2893
2910
2884
2973
3137
3410
3740
4085
4348
4496
4458
4054
3579
3097
2443
1783
1148
700
545
514
688
985
1291
1545
1651
1725
1626
1386
1158
996
981
1088
1438
1978
2488
3001
3440
3491
3362
3119
2564
1802
923
118
-532
-994
-1153
-1058
-814
-409
-49
161
297
183
-55
-541
-1151
-1540
-1955
-2082
-1888
-1600
-1250
-884
-421
-180
-152
-220
-444
-819
-1239
-1486
-1604
-1435
-1067
-796
-530
-329
-313
-482
-796
-1307
-1958
-2599
-3074
-3211
-3163
-2921
-2460
-2005
-1620
-1249
-1002
-1028
-1383
-1966
-2431
-2845
-3121
-3077
-2882
-2283
-1557
-1019
-483
-177
-90
-302
-927
-1852
-3050
-4123
-4984
-5542
-5552
-5260
-4700
-3996
-3262
-2369
-1666
-1188
-853
-855
-917
-987
-835
-363
117
788
1467
2079
2741
3159
3360
3377
3078
2517
1797
1178
724
405
233
179
361
611
919
1366
1789
2150
2405
2537
2672
2884
3222
3518
3728
4012
4170
4310
4410
4326
4184
3773
3150
2503
1828
1233
826
487
342
327
346
616
858
1140
1408
1535
1589
1449
1330
1216
1189
1254
1435
1714
1875
2115
2373
2587
2682
2508
2106
1576
988
345
-193
-629
-949
-1097
-1107
-935
-602
-248
7
142
171
90
-131
-432
-661
-891
-1125
-1153
-1070
-975
-910
-862
-836
-885
-985
-1182
-1212
-1236
-1375
-1348
-1360
-1360
-1230
-1229
-1377
-1509
-1708
-1994
-2213
-2487
-2657
-2700
-2661
-2423
-2305
-2161
-1983
-1903
-1830
-2018
-2327
-2591
-2787
-2898
-2959
-2806
-2496
-2059
-1464
-953
-539
-228
-256
-376
-638
-1261
-1850
-2405
-2981
-3359
-3441
-3329
-3190
-2964
-2737
-2509
-2107
-1720
-1386
-990
-638
-207
299
888
1539
1957
2249
2444
2577
2657
2522
2379
2240
2013
1759
1479
1362
1273
1110
979
771
582
549
563
671
968
1316
1769
2260
2686
3146
3588
3911
4074
4099
4000
3773
3453
3135
2823
2512
2217
1910
1694
1563
1378
1148
995
875
721
595
622
764
828
978
1196
1356
1565
1628
1646
1735
1737
1765
1760
1698
1722
1787
1791
1715
1397
994
654
180
-235
-596
-1027
-1393
-1482
-1376
-1223
-937
-716
-477
-293
-349
-427
-608
-973
-1285
-1480
-1647
-1653
-1560
-1409
-1167
-996
-963
-941
-974
-1187
-1438
-1685
-1862
-1927
-1941
-1832
-1640
-1460
-1238
-1167
-1271
-1310
-1438
-1682
-1917
-2158
-2264
-2300
-2329
-2293
-2209
-2090
-2073
-2099
-2116
-2207
-2338
-2328
-2217
-2026
-1716
-1459
-1114
-657
-320
-139
-145
-241
-474
-857
-1193
-1582
-2022
-2352
-2541
-2584
-2444
-2189
-1929
-1654
-1287
-887
-550
-162
158
428
790
1125
1431
1658
1789
1869
1966
2046
2067
2031
1963
1960
1920
1902
1783
1523
1361
1049
810
751
623
716
921
1178
1589
1977
2347
2728
2989
3098
3159
2994
2763
2602
2333
2136
2025
1887
1756
1571
1365
1239
1012
806
641
341
258
346
414
618
836
1105
1404
1495
1619
1698
1600
1527
1370
1192
1082
1019
1089
1171
1167
1181
1100
927
775
438
69
-171
-443
-667
-744
-667
-430
-64
194
291
359
289
213
45
-300
-663
-1038
-1229
-1277
-1282
-1197
-1176
-1207
-1281
-1412
-1478
-1633
-1890
-2103
-2217
-2163
-2087
-1896
-1503
-1202
-1063
-1008
-1028
-1070
-1172
-1343
-1610
-1924
-2058
-2188
-2308
-2275
-2208
-2037
-1976
-2000
-1990
-2045
-1990
-1958
-2009
-1977
-1874
-1641
-1379
-1165
-890
-685
-618
-648
-702
-756
-808
-770
-657
-520
-418
-224
-103
-107
-130
-370
-695
-997
-1254
-1389
-1323
-1008
-474
101
725
1393
1956
2340
2439
2365
2058
1590
1122
707
515
456
532
798
1178
1575
1892
2180
2365
2262
2031
1827
1526
1301
1290
1185
1092
1263
1513
1697
1852
1970
2027
2003
1816
1566
1421
1321
1179
1116
1109
1100
1126
1085
1076
1064
1004
921
744
680
640
680
841
931
1121
1275
1373
1458
1330
1057
643
171
-214
-634
-929
-1041
-1034
-845
-575
-239
84
279
377
490
426
152
-137
-459
-666
-718
-633
-462
-267
-32
159
219
88
-108
-373
-769
-1157
-1491
-1767
-1917
-1853
-1706
-1566
-1320
-1172
-1108
-1053
-1111
-1131
-1127
-1158
-1296
-1208
-969
-944
-730
-701
-853
-894
-1178
-1416
-1613
-1892
-1961
-1991
-1994
-1871
-1762
-1580
-1395
-1302
-1269
-1289
-1355
-1420
-1517
-1623
-1596
-1533
-1423
-1171
-818
-483
-219
-16
66
44
-38
-140
-240
-311
-317
-243
-73
236
630
949
1164
1328
1305
1098
892
668
487
392
400
436
500
616
777
961
977
1010
1072
1048
1089
1118
1147
1255
1348
1383
1463
1530
1556
1625
1638
1563
1352
1234
1264
1286
1397
1369
1308
1267
1145
1020
913
818
684
551
370
332
377
502
779
932
1168
1404
1471
1574
1604
1551
1388
1211
1033
699
546
480
372
282
145
68
-63
-126
-195
-345
-438
-567
-596
-638
-668
-601
-602
-526
-451
-378
-286
-215
-172
-241
-263
-345
-453
-513
-677
-855
-960
-1008
-1087
-1168
-1147
-1054
-1023
-1072
-1113
-1116
-1244
-1408
-1420
-1477
-1427
-1244
-1131
-941
-715
-498
-399
-491
-659
-901
-1084
-1278
-1523
-1596
-1561
-1444
-1226
-875
-513
-318
-198
-248
-381
-579
-890
-1212
-1448
-1481
-1464
-1316
-996
-534
-114
165
476
517
388
270
-75
-405
-675
-935
-918
-728
-500
-151
377
913
1279
1352
1296
1227
1010
793
507
256
165
204
344
514
726
932
1070
1100
1064
982
892
726
547
523
569
665
855
986
1110
1235
1194
1151
1167
1120
1084
1116
1118
1157
1232
1255
1245
1148
1079
988
804
650
404
158
50
46
116
196
257
240
331
496
575
620
665
709
631
608
570
472
451
296
197
160
82
30
-16
-7
-13
-98
-254
-300
-324
-425
-497
-527
-468
-385
-337
-267
-202
-148
-100
-198
-256
-285
-471
-567
-604
-729
-876
-931
-899
-813
-715
-694
-733
-740
-703
-815
-963
-1001
-1052
-1106
-1043
-960
-863
-697
-638
-443
-209
-260
-341
-395
-553
-755
-811
-855
-926
-804
-693
-476
-341
-318
-108
-87
-46
-39
-159
-229
-385
-398
-400
-371
-207
-103
25
135
170
232
235
159
133
165
130
12
-58
-63
-28
-32
-24
-49
-132
-111
-41
41
187
311
431
584
679
789
819
724
555
339
201
29
-77
-52
-4
171
392
672
935
1087
1231
1133
902
663
381
157
-124
-115
10
110
439
715
991
1146
1175
1143
928
612
322
194
70
-44
-60
-12
153
293
498
664
674
748
670
500
319
96
-4
-108
-220
-228
-200
-175
-150
-107
-26
-67
-102
-46
-71
-136
-235
-345
-380
-406
-458
-466
-410
-297
-260
-308
-279
-288
-318
-370
-491
-508
-530
-587
-654
-720
-747
-859
-864
-859
-911
-787
-676
-512
-381
-420
-270
-81
-3
-13
-102
-105
-205
-339
-390
-467
-421
-319
-218
-77
-46
17
167
188
91
52
-16
-152
-223
-260
-172
-96
-59
49
117
232
309
307
325
389
322
233
220
106
32
-88
-47
96
35
113
238
226
279
370
353
352
338
353
295
143
240
307
269
273
312
419
467
394
313
203
36
-21
-65
-17
109
192
309
396
542
636
633
620
479
356
283
182
73
72
156
175
248
303
280
228
192
191
130
57
21
-46
-160
-168
-149
-194
-231
-251
-141
-22
53
137
177
190
168
141
8
-182
-283
-415
-589
-628
-525
-461
-381
-215
-121
-83
-100
-207
-324
-474
-593
-694
-731
-610
-470
-255
-44
78
114
-3
-70
-200
-354
-405
-510
-522
-497
-442
-309
-248
-225
-218
-303
-403
-519
-659
-670
-644
-629
-502
-331
-167
34
201
237
234
201
103
17
-139
-204
-184
-306
-295
-180
-45
141
258
395
463
532
550
441
337
224
159
111
228
363
398
539
651
685
641
566
473
314
211
203
202
241
335
457
596
654
688
625
536
504
311
155
54
-10
55
62
172
318
395
430
321
226
153
17
-155
-249
-305
-244
-99
-83
74
183
159
250
256
248
226
202
223
138
95
202
207
131
145
77
35
-25
-138
-156
-162
-165
-233
-204
-153
-95
-11
-9
12
-25
-78
-173
-240
-210
-179
-183
-236
-222
-162
-145
-207
-265
-269
-303
-345
-430
-467
-419
-445
-462
-397
-429
-474
-436
-403
-366
-364
-300
-349
-430
-330
-336
-358
-353
-372
-350
-308
-262
-275
-287
-270
-295
-345
-411
-411
-344
-369
-315
-137
9
77
142
261
215
83
-2
-47
-55
-150
-110
-17
20
107
137
230
261
285
263
141
75
52
164
225
242
250
313
397
359
346
280
301
304
250
360
418
450
542
579
565
486
343
255
166
73
-9
-157
-131
20
72
215
330
419
517
478
440
388
279
215
167
59
25
-9
-95
-57
-20
42
122
113
118
145
188
209
168
56
-40
-120
-172
-149
-122
-41
-8
60
217
204
146
118
6
-28
-94
-147
-141
-236
-136
-36
-71
-40
-45
-86
-113
-80
-164
-274
-312
-380
-330
-310
-401
-337
-231
-308
-320
-302
-398
-398
-319
-238
-245
-301
-239
-202
-168
-143
-138
-56
-19
37
-33
-156
-151
-151
-232
-333
-278
-283
-263
-152
-123
-51
-1
27
-9
-149
-200
-247
-350
-416
-494
-439
-278
-138
-2
111
215
251
229
214
164
50
-38
-115
-186
-219
-165
-3
91
219
356
364
391
368
336
347
320
268
251
283
323
361
301
264
308
314
325
291
309
419
422
403
332
282
341
227
38
7
2
2
32
76
110
96
224
334
327
368
332
280
176
106
73
6
59
0
-108
-151
-165
-81
-32
-9
69
152
234
214
90
40
-15
-65
-189
-317
-288
-359
-412
-344
-233
-83
-25
-19
-8
25
59
-16
-145
-233
-294
-390
-422
-405
-402
-265
-172
-160
-90
-153
-148
-76
-74
-50
-218
-249
-226
-363
-350
-352
-337
-251
-217
-192
-120
-61
-36
-53
-128
-156
-196
-250
-202
-281
-276
-132
-157
-48
2
-5
120
160
128
86
71
43
17
2
26
65
74
58
12
44
86
132
147
110
178
257
338
398
328
288
237
137
69
9
-28
-65
-21
-12
-6
87
140
263
285
197
226
158
65
51
11
9
-37
9
125
135
142
93
106
227
262
287
374
297
157
178
150
96
141
168
148
178
187
115
126
128
69
20
47
144
120
80
84
95
69
-29
-69
-103
-131
-177
-277
-360
-360
-294
-237
-135
-53
6
17
-2
-33
-121
-146
-217
-316
-373
-329
-188
-172
-209
-104
33
69
51
-10
-48
-154
-238
-288
-376
-322
-287
-231
-211
-175
-100
-103
-97
-188
-183
-125
-117
-124
-146
-101
-11
75
-5
-25
50
-22
-45
-101
-142
-91
-179
-161
-49
-33
-36
-48
-36
-37
44
96
-16
-96
-102
-84
-74
-72
-77
-35
80
164
189
190
162
156
147
194
249
71
9
19
-76
-57
-3
102
102
52
80
164
273
267
238
256
195
132
93
81
146
100
132
235
272
352
335
326
328
271
282
181
36
28
-12
-60
10
-53
-90
44
62
127
186
239
309
184
11
-1
-15
-154
-166
-91
-36
17
-15
-67
-63
-96
-113
-92
-52
19
55
20
-8
7
-46
-49
-80
-135
-120
-163
-138
-94
-104
-26
-67
-167
-110
-103
-114
-67
-112
-136
-159
-255
-230
-178
-159
-136
-38
28
28
60
-8
5
7
-32
-42
-135
-107
-80
-188
-216
-156
-144
-116
-144
-192
-126
-174
-162
-43
-23
75
109
12
-32
-22
-16
-47
-90
-116
-156
-105
-16
9
89
145
165
115
130
151
12
-84
-134
-108
-104
-62
1
36
143
193
253
327
325
156
43
76
45
47
61
72
45
51
104
158
228
233
191
76
51
62
11
-2
-7
3
18
72
105
147
139
173
296
220
204
208
128
125
48
59
128
42
60
124
97
92
52
43
45
72
95
20
9
10
6
1
-59
-104
-79
-66
-96
-121
-97
-119
-163
-164
-180
-110
-95
-47
8
11
-58
-150
-121
-161
-135
-131
-182
-190
-109
14
-33
-29
0
17
24
-33
-63
-140
-96
-130
-190
-57
-69
-49
-106
-160
-46
-119
-216
-175
-92
-12
-7
-91
-103
-105
-121
-40
-15
-8
74
62
-22
-12
63
135
40
-25
39
42
19
-64
-23
69
12
-7
15
80
168
106
18
-18
-91
-75
-17
-24
15
50
23
24
23
27
46
30
-6
1
-14
-31
-8
-39
13
89
156
162
152
180
72
88
144
79
65
78
58
130
149
125
226
262
279
186
56
102
173
165
122
96
-2
29
101
78
160
149
99
133
97
59
101
73
16
35
-2
16
25
35
80
-1
-27
-18
-10
-85
-132
-108
-194
-140
-34
-59
-108
-122
-83
-63
-70
-114
-201
-176
-132
-109
-78
-82
-34
8
8
-48
-105
-153
-192
-164
-140
-117
-40
-1
-34
-26
-13
5
4
-74
-85
-94
-128
-125
-178
-169
-61
-1
37
37
68
61
-10
16
-30
-119
-141
-99
-29
-1
-28
-41
23
12
-40
-70
9
69
-19
-76
-54
-23
-50
-29
-13
-18
-13
8
3
-71
-28
-1
-40
21
74
98
112
84
105
95
100
161
68
34
57
4
-59
-39
97
107
97
158
222
256
198
99
2
-42
-2
16
-9
-23
-46
-12
70
119
175
150
104
147
137
172
144
37
66
11
-64
3
-5
-45
-83
-29
27
-39
27
57
44
56
4
9
-35
-103
-78
-28
-62
-93
-5
51
83
98
130
138
32
8
58
48
-2
-37
-12
10
-23
-6
-37
-71
-11
-19
-73
-113
-111
-94
-101
-123
-120
-58
-23
-44
-6
-19
-126
-168
-154
-108
-58
-78
-58
6
-45
-80
-63
-133
-157
-81
-98
-162
-158
-121
-41
0
-15
47
103
105
143
99
12
-18
-22
25
2
8
27
-63
-28
-15
20
81
32
65
59
25
6
-92
-86
-5
7
-7
-9
70
104
132
167
70
92
114
7
7
44
54
59
60
59
21
80
197
206
97
65
74
-9
-9
64
91
37
14
18
-23
-45
-25
22
22
14
6
8
-10
-73
-64
-37
-52
-16
-15
-95
-27
52
4
-9
58
85
51
67
60
83
97
-23
-61
-15
-65
-127
-94
-94
-138
-117
-39
24
41
61
-37
-86
-65
-71
-41
-56
-53
-88
-62
16
-38
-59
-60
-79
-5
-26
-81
-29
-1
-16
-39
-61
-83
-69
-83
-94
-67
-65
-12
32
5
-53
-66
-82
-77
16
33
-4
-24
-24
8
48
13
-58
-46
-4
-12
-69
-60
-80
-117
-79
-51
21
60
11
13
58
74
70
29
-22
0
27
50
116
120
77
48
31
36
83
101
61
-1
-26
99
168
74
98
148
127
102
41
40
9
-17
6
17
55
70
55
21
24
100
144
60
13
39
-3
22
85
12
-62
-91
-73
-61
-62
30
105
129
103
71
60
-26
-53
-30
-71
-31
-35
-91
9
63
2
15
65
74
73
32
1
-54
-77
13
42
4
-19
9
4
-9
-15
-42
-62
-68
-71
-60
42
36
-59
-50
-57
-68
-76
-75
-94
-122
-113
-123
-70
-48
-16
19
-35
-15
-15
-72
-55
-29
-67
-120
-147
-142
-95
-82
-50
34
-31
-53
9
-87
-45
56
21
-74
-191
-67
26
-38
-28
-65
-47
-1
-16
46
39
31
66
1
35
95
60
5
-49
17
-11
-105
-8
-11
-9
102
116
110
56
69
144
15
-44
-41
-79
-48
-100
-5
92
54
69
38
108
168
152
167
107
65
53
-3
53
95
43
58
25
6
35
21
20
36
48
33
-15
13
62
-3
29
67
33
47
-33
-46
12
-44
-49
-59
-117
-42
29
42
27
60
67
-52
-5
4
-87
-117
-103
13
-16
-45
27
36
55
-6
20
137
104
42
8
-28
-15
-16
-23
-8
-49
-44
-17
-11
23
27
0
-15
-29
-54
-25
-52
-76
-73
-113
-132
-122
-55
-17
-37
13
30
30
-40
-99
22
-24
-45
-19
-124
-109
-137
-91
-54
-113
3
41
26
36
-8
4
-25
-37
-18
-32
18
-9
-102
-46
20
-4
8
-10
-6
41
49
69
57
-9
2
88
97
65
26
34
47
-16
-12
-1
44
70
-30
-3
46
27
100
105
39
51
77
60
20
-102
-159
-74
94
184
116
47
-15
37
91
88
51
52
92
75
81
23
-8
-11
4
61
30
-76
-75
-11
-34
32
80
25
31
20
23
64
23
-30
-19
-52
-127
-87
19
-2
-29
-29
-96
8
82
52
80
-39
-53
4
-28
-3
-86
-156
-106
-86
-66
-48
-35
14
32
14
93
56
-61
-54
-110
-97
-81
-136
-58
-4
-23
-43
-41
5
-33
-71
-27
65
68
-23
-13
1
36
-8
-90
-32
-44
-58
1
25
59
76
75
46
74
88
-39
-80
-86
-83
-41
-8
37
69
-7
-53
28
39
26
21
37
46
81
-3
-93
-5
-3
7
59
27
11
9
0
108
106
38
75
55
41
52
74
93
84
37
-9
-23
11
3
-57
18
31
76
108
14
90
90
16
41
10
5
16
-50
-65
-32
-5
51
30
-66
-119
-47
58
56
-30
-105
-48
19
49
117
34
-104
-78
-55
-32
5
-33
-66
-94
-51
14
25
20
-68
-21
23
-70
-8
-13
-50
-26
-64
-62
-99
-13
44
0
59
45
83
56
-51
-26
31
4
-4
-33
-140
-29
65
22
-12
-38
2
5
-15
-35
-39
-102
-107
33
-9
-114
-83
12
42
24
39
1
-65
-102
-21
17
3
58
-10
-62
-28
7
34
-23
-49
8
33
-35
41
143
-17
0
15
17
141
34
-22
0
60
70
-4
-10
-19
-27
-47
82
180
96
21
47
14
-13
105
71
41
14
3
3
-50
-25
-27
27
77
34
-13
24
79
45
40
5
-33
12
-9
-47
-57
-77
-18
-17
-96
-28
78
52
20
72
32
4
104
63
-31
-49
-102
-65
-29
-53
17
-15
-62
-7
-48
-46
24
2
-25
-2
-17
-10
8
41
37
-32
16
-50
-89
-14
-74
-54
-84
-73
61
23
59
68
-30
33
45
-7
-22
-36
-4
-20
7
32
3
41
3
30
6
-64
20
44
125
144
90
64
6
68
50
31
-12
-50
29
35
29
-69
-84
-78
-70
47
31
29
57
43
91
83
30
24
-20
-78
-102
-92
-49
-53
-65
-50
-66
9
50
-10
-25
-25
-18
-15
-11
-6
-33
-53
-87
-89
-87
-151
-93
-71
-91
-50
-81
-73
-51
-40
-1
20
-3
33
98
45
24
14
-33
16
22
3
18
46
105
64
19
56
73
77
77
103
137
99
118
154
60
30
-17
-37
30
-12
-32
-23
63
106
24
-1
-16
45
59
-6
5
-13
-30
-45
-25
15
-13
-37
-82
-99
-53
-29
-70
-53
28
23
-8
-6
25
3
5
38
-4
-16
-41
-9
81
-9
-69
11
-43
-16
0
-70
-15
-28
-27
34
68
38
9
62
47
13
9
-46
-38
17
-2
-24
-124
-96
-1
-55
-28
-8
38
69
32
34
64
74
26
-19
-35
-27
-65
-52
30
-39
-132
-56
-9
-39
82
138
49
7
4
102
42
-50
36
10
-38
-74
-146
-119
-61
-122
-118
-14
-7
-6
91
119
72
74
12
-9
4
-34
-42
-105
-50
-79
-161
-62
-83
-37
73
51
42
12
60
94
7
24
-9
-38
-35
-171
-131
-44
-87
-30
6
24
50
13
48
50
53
14
-5
52
27
44
50
67
6
-22
73
58
53
69
20
46
159
206
170
84
85
73
-2
37
49
38
67
57
75
32
1
14
31
-10
-64
74
31
-30
-26
-96
-62
-57
-15
27
-5
-56
-61
-51
-31
-9
-28
-25
-56
-65
-63
-121
-95
-18
-80
-88
4
17
59
58
-34
-17
28
26
20
-25
-109
-89
-16
-31
20
28
-50
-47
60
91
7
44
-2
-7
72
-34
-80
-108
-88
8
-26
-27
17
-11
-43
-33
-35
2
64
59
78
93
96
-8
-48
-28
-70
-8
-58
-45
64
20
32
101
49
-22
-30
9
41
45
62
-25
-88
-59
16
112
55
-36
-55
-29
-24
-63
18
55
4
92
108
9
-19
-59
-61
21
57
64
84
60
-47
-56
29
49
-3
-67
30
88
-14
-26
-22
-33
9
16
-27
-61
-18
-16
4
17
-67
-34
-78
-82
35
8
13
-51
-134
-29
50
55
-24
-9
32
65
139
-15
13
74
5
79
53
61
43
-52
36
82
51
140
170
27
13
64
-29
43
2
-79
54
3
-4
11
-104
-104
-86
-80
-6
-22
-54
-5
-41
-38
-53
-112
-75
-69
-62
-66
-39
-21
-56
-22
-25
-9
38
56
55
61
46
-37
-15
-16
-15
-11
-30
62
102
-6
-58
17
43
84
37
-45
-31
-29
41
26
-52
-44
-113
-125
11
22
-7
6
-42
-31
24
62
5
-28
40
43
52
34
-70
-58
40
55
16
-33
-31
3
65
102
49
50
37
-55
-37
26
36
21
-70
-38
57
-13
-24
-4
21
37
-69
-63
12
49
87
50
41
66
20
-21
17
46
5
29
60
14
0
-7
0
40
90
63
-24
-19
-1
-29
24
21
-85
-64
-49
-54
-30
-59
5
33
-71
-27
-15
-113
-137
-55
17
-62
-129
-93
-12
36
-6
-26
-46
-89
7
51
45
57
-26
-1
11
-39
14
19
-73
-104
-33
54
61
96
150
37
-21
13
50
-6
-49
18
-22
-26
-5
-35
-79
-52
7
-48
-50
26
81
77
27
34
64
34
4
-56
-86
-56
-43
-10
-16
-35
-27
19
54
38
28
52
60
9
-7
-57
-33
56
48
50
-54
-142
-37
3
9
58
48
50
17
39
66
-2
0
-26
-63
-64
16
86
-53
-77
-33
-12
4
-44
45
25
-46
23
27
7
-48
-61
37
29
-13
45
-1
-49
27
43
27
48
52
1
-31
-10
1
35
-31
-68
46
-3
-13
40
-11
14
-21
-40
32
33
7
-17
-49
-67
-64
-84
-16
70
45
12
-35
-5
92
96
75
64
50
22
-54
-51
-44
-32
46
-15
-6
18
39
60
-50
17
3
-70
-40
-56
14
-9
-127
-126
-80
-59
-42
-66
-47
6
-23
21
88
36
-37
-9
24
-36
-15
30
-20
-18
-19
13
61
25
58
71
84
34
-8
19
-66
-48
-17
-37
-25
-46
-16
26
-39
-67
35
1
-2
95
40
52
32
-59
0
-13
-88
-37
46
49
-11
9
124
100
81
118
81
29
-14
-12
-36
1
43
9
-16
-41
-15
-32
-101
-68
36
85
32
-28
-21
-53
-76
-7
-46
-37
29
-1
11
4
14
-30
-38
68
28
34
88
-14
-20
45
7
26
31
32
69
-16
-21
22
-62
-44
-22
-50
-36
-74
-42
-87
-117
-30
-21
-44
-36
64
8
-37
13
-107
-66
-3
-58
-27
-39
-73
14
66
-26
54
112
18
47
44
47
99
37
-1
33
4
5
-8
-55
-17
-5
-2
54
40
3
39
-19
-27
47
12
-48
-79
-26
46
42
51
63
1
-40
-7
31
58
10
-79
46
151
29
46
82
-11
-6
-17
17
17
-62
31
-17
-83
22
-44
-59
-34
-86
-2
19
-81
-60
29
81
74
17
-54
-76
3
41
12
-11
-56
-75
-32
17
79
76
8
83
119
10
-11
7
10
17
47
74
-23
-58
-54
-29
46
3
13
0
-16
23
-30
16
21
-17
-17
-50
-12
-42
-15
27
-5
-47
-100
-5
8
-22
-15
-38
8
11
20
12
-4
36
-26
-33
7
-27
-9
-21
14
-4
-98
-73
36
75
19
-7
-26
8
93
159
58
13
77
-23
-41
72
95
38
-10
-63
-105
-70
26
39
10
59
14
-46
4
-9
-37
-52
-48
-8
-23
-38
-31
-29
-42
30
70
19
18
25
127
109
8
32
-4
-1
36
79
48
-62
-47
-36
-62
-48
-28
-34
-20
66
55
-16
-3
-10
26
11
-23
-10
-39
24
-8
-66
10
-16
-31
17
16
5
25
35
39
23
-12
8
-29
-32
-23
-52
35
38
-5
25
-3
4
3
-31
9
8
12
61
34
29
-15
-90
-81
-87
-64
-65
-37
24
-26
15
13
-48
15
34
17
8
39
53
8
-15
-35
31
80
40
99
134
69
-1
-37
-52
-65
-44
-8
30
2
-68
-70
-86
-51
-36
-31
33
-8
-31
-52
-40
27
16
-10
-64
-61
30
44
-30
22
81
26
53
-8
-80
1
47
43
-22
-25
-51
-109
-10
44
24
4
29
73
63
41
27
51
54
39
-26
-53
-29
-20
-10
-7
23
-13
32
65
-23
2
