-47
-7
11
-3
-44
-53
5
42
10
-30
-21
-19
-32
7
-32
-75
8
48
43
33
-18
-24
28
123
157
125
60
-9
30
64
56
83
89
106
144
92
12
26
46
15
40
50
24
-24
-83
-39
-90
-118
14
34
-24
-37
5
24
5
-30
-92
-98
-43
17
5
-77
-83
-36
-53
-34
-20
-79
-49
17
-12
-15
4
-14
-15
24
121
85
-38
-9
13
5
90
86
2
21
43
74
89
24
7
-19
-57
-43
-16
-43
-44
37
1
4
41
-9
-26
-79
-85
-19
41
-19
-135
-45
-25
-108
-72
3
93
25
-59
1
-3
-28
-21
-26
-3
9
2
8
-79
-106
-49
2
74
20
59
124
31
38
85
39
-13
52
114
107
48
-49
17
87
45
11
-41
-23
-36
-45
44
35
32
36
0
30
59
37
-34
-104
-35
9
-40
-22
1
-6
-4
-16
-76
-60
10
5
60
39
-54
-35
-57
-55
17
23
-54
-56
-57
-93
-10
-27
-26
31
-17
17
51
-5
-11
-29
-4
67
24
16
8
26
71
13
54
43
-22
56
73
54
70
83
-15
-58
70
47
3
-17
-41
22
-10
-57
-25
28
70
80
13
-70
-9
6
-54
-8
-61
-106
-5
-51
-35
-9
-89
-65
-114
-88
-3
48
97
46
60
47
-35
-42
-68
-40
9
-98
-116
-5
61
46
15
36
17
-32
-6
98
61
12
47
8
52
64
4
-8
32
91
66
15
-11
-19
-40
-11
27
21
6
0
-21
-37
-29
-92
-60
17
24
-31
-61
-59
8
95
36
53
1
-70
-36
-35
-28
-60
-84
-118
-81
29
45
-12
-10
82
28
-15
72
39
36
-6
-29
32
39
73
1
5
64
-6
-14
4
11
-16
8
50
-9
-28
-13
28
34
21
17
-21
-41
19
38
-1
51
101
39
-16
30
53
27
-4
-30
-24
2
-44
-14
25
-35
37
49
8
-12
-14
52
13
-23
-6
-68
-62
-18
-24
11
5
44
108
84
37
-26
-3
27
-22
-42
-9
51
45
-24
4
53
-2
-58
-73
-68
-35
-8
-38
-11
4
-19
31
-34
-55
-14
-31
-19
7
69
90
25
-97
-123
-58
-41
-26
-38
-48
-64
-133
-62
5
-35
-21
28
79
-3
-51
1
36
46
-4
6
-51
-71
20
15
-25
-47
-24
49
83
33
7
-32
-14
55
22
57
84
56
60
29
2
-57
-84
11
10
-17
15
-2
32
40
70
5
-67
38
58
-3
-78
-41
21
18
36
47
65
-31
-77
16
96
95
21
6
-15
13
47
13
39
13
-33
-12
-6
-28
-64
-92
-32
24
27
30
5
-34
-99
-78
10
10
8
11
8
68
88
-24
-51
-18
-27
6
17
13
-4
-41
-48
-59
-50
1
-27
-70
-30
-32
-72
-34
-17
-43
-13
-9
54
107
32
87
108
7
21
47
69
56
30
34
1
-37
-79
-46
-7
68
101
28
77
50
14
82
56
46
15
3
9
47
128
53
60
41
-81
-62
-41
-62
-72
16
71
-28
-77
-55
-76
-75
-29
-65
-62
-10
-84
-113
-71
-24
-54
-128
-125
-103
-67
-1
42
14
-12
-49
-33
-9
-19
6
-57
-48
-7
-61
0
80
126
80
-34
32
72
26
15
-7
-9
8
-1
35
52
7
-3
-2
58
53
83
82
62
132
61
79
44
-15
68
70
41
19
38
35
-38
-44
39
44
-85
-77
-21
-85
-49
-62
-63
-51
-98
-42
-66
-36
19
21
-14
-58
-53
-62
42
46
-15
-12
-13
2
-12
-27
-80
-45
-9
10
18
-40
43
25
-42
-26
-31
62
63
31
43
50
58
-6
-26
3
3
-12
-20
-35
-49
-56
-12
37
-44
-95
-5
96
21
-56
-26
-57
44
96
55
62
-31
-17
3
-62
3
56
30
20
31
40
30
-6
39
59
61
120
86
20
-55
-10
57
31
61
44
-3
2
30
37
5
-11
18
26
45
83
27
-84
-118
-104
-89
-12
-14
-13
2
17
30
-96
-103
-54
-37
-38
-94
-40
-35
-109
-49
-72
-104
-28
-51
-61
-10
41
6
-10
46
36
75
45
-28
-32
24
57
15
3
-41
-23
22
-34
-34
-79
-84
23
7
13
26
60
108
46
10
55
68
10
-3
18
89
48
-42
-28
-84
-55
49
46
64
117
33
-68
-33
-46
-43
44
86
88
-4
-95
-91
-50
-24
-50
-25
-33
-35
40
-12
7
-11
-85
45
50
-60
-53
54
45
-49
-27
-59
-29
2
-37
63
94
-3
-20
35
53
62
36
-6
-17
-7
57
72
40
-6
-67
-62
-62
-23
66
57
26
33
45
40
18
37
61
69
53
21
38
14
24
22
-62
-51
-34
-51
-71
-83
-62
-47
-61
-6
16
-39
72
91
14
21
-9
34
27
-12
66
11
-81
-1
-4
-53
-48
-53
-1
47
56
59
37
41
43
-4
29
3
-49
-1
-5
-25
-18
-52
-43
-5
-25
-66
-113
-20
66
12
25
29
12
93
48
-85
-22
16
24
35
-101
-111
-18
-27
-70
-107
-24
49
16
0
-19
27
33
-3
32
24
31
47
54
70
-25
-68
8
23
-57
-55
44
-31
-61
12
-15
-58
-99
-53
-20
-23
44
53
-49
-27
32
-15
37
-54
-68
52
-12
76
69
9
37
-73
-42
-3
2
10
-88
-22
63
79
69
23
43
-11
-11
48
13
-1
15
27
39
66
77
58
28
26
17
27
34
15
32
-15
-40
48
46
62
80
20
68
50
72
88
-53
-65
-26
-69
-86
-17
46
8
-17
-32
-20
63
70
-12
-22
2
-33
-35
-62
-53
-43
-48
-28
-75
-65
-86
-65
-24
-42
-51
-100
-42
-21
-19
37
-1
14
49
35
5
-43
-46
-11
17
-26
-78
-42
15
39
85
81
16
6
37
27
-7
32
37
-6
28
62
54
40
37
41
37
62
31
-61
-97
-52
19
22
-1
1
-32
-52
-38
-72
-45
-15
-34
53
-30
-106
19
-27
-75
-59
-61
-40
-37
-27
-6
70
102
33
-3
50
28
13
52
36
79
53
42
112
50
-23
-51
-54
-34
-22
48
24
-54
-55
-37
28
92
63
9
14
74
109
-15
-42
11
23
48
21
36
-22
11
84
24
-38
-47
1
-2
38
47
-1
19
49
21
-41
-84
-32
16
-29
-9
-5
-48
-36
49
53
-28
29
15
27
109
7
-22
10
-73
-92
-49
29
108
56
20
-2
-17
-19
-49
-29
-66
-61
-26
-64
-32
-72
-157
-116
-78
-60
-18
-60
-80
-31
-45
-34
-40
-17
35
-6
11
13
-66
-83
-72
-21
39
24
3
-65
-49
82
80
16
1
44
56
-12
-33
-6
57
78
37
40
66
61
39
59
117
60
18
122
41
-75
18
139
218
183
83
12
-60
-31
40
20
44
7
-56
24
36
86
123
45
84
116
43
-31
-39
-72
-54
8
-8
-15
-49
-62
-70
-64
-58
-56
-9
-96
-86
-17
-83
-60
-62
-108
-134
-95
-34
-40
-80
-102
-38
-76
20
85
-12
22
13
57
112
61
-32
-117
-144
-87
-50
-52
1
-58
-16
86
28
48
76
116
114
24
23
54
76
36
10
4
-3
39
4
-23
19
15
-59
-84
-63
-39
74
35
-17
26
-40
-29
-21
-5
28
-29
-48
-33
31
70
-15
0
14
2
89
143
188
134
21
-2
-1
40
50
25
93
137
71
-38
-30
46
49
46
11
-26
-3
-24
-36
34
30
-39
-42
-52
-107
-141
-111
-16
36
1
-68
-93
-84
-72
5
14
-55
-82
-17
49
-4
0
-6
-9
98
69
-21
-72
-33
41
-58
-35
16
-42
-19
16
59
44
11
21
-5
30
41
53
98
30
-5
-20
23
3
-104
-28
23
-3
21
28
27
-30
-103
17
87
15
-38
-73
-21
-34
-43
-16
-4
4
34
56
-96
-93
-28
-9
46
41
41
1
13
104
167
46
-28
22
39
52
0
-30
-24
-44
-72
-10
-2
-16
3
35
170
136
-19
-36
9
-53
-75
7
4
-24
-45
-63
-37
-65
-69
-30
-48
-89
-108
-49
-50
-83
-67
-47
89
36
-94
21
62
27
5
-42
-43
22
-20
-71
13
30
50
100
97
34
4
45
88
38
-45
38
94
87
50
5
19
-13
-3
-34
-68
-75
-133
-13
45
4
38
58
-7
-77
-12
9
12
-16
-4
103
33
28
56
3
46
-27
-59
-32
-55
-12
-67
-61
-46
-121
-64
-15
41
-16
-97
12
-54
-35
56
25
113
70
-19
2
-13
25
52
4
-6
-20
-37
-4
10
54
48
24
46
4
7
-1
-28
29
69
61
49
48
41
17
21
82
68
39
36
13
120
119
12
40
28
89
119
54
36
-26
-1
7
-27
-28
-44
-59
-20
-16
-85
-23
-23
-7
-30
-185
-160
-121
-98
-79
-53
-19
-69
-116
-61
57
70
-35
-113
-79
-76
-29
-10
-64
-109
-63
3
-39
24
-11
-55
-33
-27
16
-5
-21
-70
-60
-9
-16
65
96
-22
-36
-31
-27
56
-5
-36
39
2
21
97
99
106
58
2
56
44
22
32
-7
-10
-4
-48
-103
-5
26
-13
21
-20
24
93
69
30
19
70
56
53
120
0
-70
-39
-36
14
-7
14
38
-22
-26
-12
3
45
69
66
18
35
104
60
-22
-29
-3
38
22
-36
1
-22
-32
7
13
35
-16
23
-16
-82
35
28
27
26
-25
-7
-27
-9
71
73
28
34
45
-8
-6
5
-41
-54
-61
-23
22
-3
-76
-121
-71
29
49
-19
-89
-21
17
-78
27
67
30
61
-50
-82
-4
-4
1
77
55
-21
-70
-99
-64
-3
17
-1
-7
13
19
-16
-26
-2
21
-37
-70
-31
-8
26
32
20
-43
-79
-76
-116
-68
-55
-103
-51
28
100
79
-18
-25
-19
2
62
50
37
15
-1
-1
20
27
-29
18
30
8
-33
-44
0
-74
-11
63
30
66
28
-25
-10
0
42
47
10
-20
-26
-6
42
63
18
-42
-69
19
-10
-4
27
-26
16
21
46
3
-61
-56
-50
-28
9
68
71
48
37
57
83
50
-37
-17
5
-26
-5
-12
60
131
111
114
89
45
37
59
93
65
3
-4
-9
43
-3
-60
46
-19
-73
-30
-48
-4
59
53
46
71
56
-6
-53
-47
-38
-6
-54
-98
-56
-47
-25
-99
-94
-11
2
24
-30
-42
-64
-64
-54
-122
-57
-50
-110
-46
-52
-98
-95
-111
-74
-77
-117
-63
-28
-45
-43
-57
-56
-20
-56
-26
49
12
-22
-21
24
97
83
44
32
16
47
61
62
8
-53
-4
118
151
84
163
165
90
79
45
102
105
73
92
46
71
119
103
93
26
-9
-47
-48
13
-9
-34
-95
-68
-22
-72
-60
-78
-22
33
-71
-83
-35
-73
-17
49
-24
-14
53
-7
-61
-45
-32
28
3
-38
-4
3
-14
-62
-50
-25
-56
-40
65
72
-17
-24
11
-81
-89
-56
-106
-18
-23
-52
-8
25
-12
-45
-9
-34
54
83
6
-12
-31
-55
-48
10
5
22
65
42
14
50
94
33
52
90
-5
1
59
2
-33
25
52
-1
-32
30
22
25
95
-6
-31
43
-16
-25
28
5
16
38
19
-7
-24
17
-49
-73
-48
-86
-54
-48
-39
6
-21
-65
-44
-70
-50
32
32
-38
-90
-58
-6
8
-43
-33
-8
30
66
17
20
42
26
28
42
12
25
5
19
63
12
54
-6
-12
51
36
112
76
5
53
68
83
97
45
57
52
-1
-77
-52
70
48
8
-39
-87
-59
5
7
-57
-66
-44
-16
-34
-47
-60
-51
30
-34
-88
-16
-56
-49
-32
-146
-86
45
83
21
-87
-63
-36
-5
21
-16
-42
11
72
-1
-5
14
8
76
45
29
56
-4
-23
35
-9
-18
56
39
4
8
101
87
-18
45
58
0
15
-4
16
-24
-47
54
27
-66
-79
10
44
-18
-61
-58
-35
-5
-17
-42
4
-17
-9
-22
-15
82
53
1
-39
-83
-142
-89
32
-14
-80
-88
8
74
93
125
59
60
99
95
58
7
-52
-68
-26
5
45
12
16
58
51
71
30
43
72
30
49
24
-23
-12
19
24
-6
-40
-113
-103
-46
13
23
-93
-26
75
24
-46
4
44
-52
-63
-59
1
12
-43
9
47
12
-54
-34
11
53
46
26
58
18
38
8
-71
-23
-11
23
27
41
63
-48
46
107
13
27
-52
-50
18
80
153
106
-37
-76
-5
6
67
33
32
-5
-87
27
24
15
22
-43
-48
-47
-47
22
57
-32
-50
-29
-21
-54
-133
-161
-96
-4
-36
-27
0
-35
-53
-79
-73
-39
2
38
50
15
1
65
95
6
-3
34
-17
13
-10
-51
4
13
64
107
74
63
69
13
18
92
93
120
60
-63
-48
-1
-4
-18
3
-13
-85
-36
31
-19
-71
-71
-57
-58
-10
58
70
16
15
-13
-22
-13
-81
5
21
-32
-42
13
113
55
60
34
-97
-101
-101
-60
-21
-65
-31
33
59
27
41
78
8
-39
-26
-17
43
32
-40
-13
78
47
-38
25
39
48
23
-22
71
32
-23
-20
-57
-48
-20
4
-9
-49
-32
65
45
-20
71
-26
-73
15
-47
18
42
15
47
-31
-41
-14
-35
81
85
8
49
38
42
21
-18
-8
4
34
16
-3
60
36
-23
32
60
2
-54
-12
-4
-12
58
60
41
45
84
99
41
62
80
-8
-19
5
-3
41
22
-55
-37
-15
-55
-41
-66
-54
-30
-87
-73
-74
-75
-22
-43
-40
19
28
22
-39
-70
-67
-102
-78
3
-8
-48
-14
-23
16
42
40
68
42
35
50
-12
-44
43
25
-20
40
32
30
81
27
-3
-12
11
41
-19
-23
-36
-5
-54
-146
-82
-34
45
29
-58
1
47
18
19
-16
-6
4
4
89
4
-16
31
32
37
-50
-16
-18
1
11
-42
19
8
-21
-24
-13
-17
-36
-43
-61
-1
26
7
52
77
58
24
-29
8
88
61
98
74
-36
4
34
20
-48
-22
74
24
8
7
25
-20
-89
12
47
-7
-46
-57
-58
-74
-23
1
-39
-41
-71
-51
16
-31
-46
7
-25
-64
5
44
-30
-9
40
30
27
7
2
-24
63
40
-17
80
80
87
71
88
116
71
55
27
28
75
66
-16
-34
-13
-43
1
70
48
68
82
26
40
29
11
55
61
4
-52
-56
-61
-5
21
-17
-18
11
17
-8
1
-64
3
29
-42
70
39
-1
39
77
81
33
6
-33
13
-21
-9
1
-137
-60
54
28
22
26
-55
-59
24
29
-14
-23
57
-24
-145
-71
-54
-33
-20
-93
-53
-76
-67
-37
-178
-207
-253
-231
-163
-144
-97
-124
-45
6
16
5
-33
-15
-29
-52
-96
-80
-48
-46
-19
-10
-36
-19
-24
-60
-112
-163
-106
-113
-154
-124
-60
4
1
1
50
118
85
51
64
15
36
32
-3
81
141
122
154
286
250
188
242
181
127
118
94
77
90
104
153
176
170
269
212
145
245
93
-90
-1
26
-52
-4
83
117
149
157
246
289
257
295
198
124
141
117
165
198
205
328
423
514
601
509
443
358
189
81
-19
-126
-200
-278
-279
-216
-251
-282
-348
-402
-421
-478
-560
-687
-748
-679
-522
-376
-248
-155
26
222
248
226
142
9
-140
-262
-385
-532
-595
-602
-623
-564
-388
-295
-300
-306
-303
-278
-299
-390
-430
-373
-307
-207
-88
65
272
328
344
285
114
53
-108
-358
-454
-482
-560
-497
-339
-248
-68
136
261
333
317
186
122
67
-67
-53
-54
22
341
455
514
650
680
642
513
422
299
163
113
111
197
310
454
608
718
837
837
694
559
366
176
30
-100
-80
-51
-27
107
226
353
430
478
393
158
40
-91
-174
-141
-128
-48
171
449
724
882
888
913
856
707
539
310
229
218
97
90
100
4
-35
-146
-276
-448
-809
-1122
-1415
-1626
-1693
-1644
-1381
-1090
-728
-353
-16
347
522
581
504
273
30
-178
-331
-513
-604
-621
-585
-518
-467
-324
-380
-560
-649
-810
-912
-877
-857
-868
-669
-438
-207
151
363
520
531
499
396
69
-196
-408
-604
-744
-712
-588
-372
-29
217
395
536
632
615
426
159
-46
-204
-286
-230
-152
92
330
459
692
786
860
900
686
425
227
171
91
125
355
503
774
1023
1140
1114
872
633
354
38
-246
-466
-521
-436
-188
209
504
789
1083
1081
929
672
414
249
-86
-300
-369
-412
-254
24
350
668
1058
1257
1202
1199
1208
1141
1000
1030
1122
1100
1149
1149
1055
878
456
-116
-761
-1453
-2024
-2604
-3067
-3246
-3267
-2886
-2277
-1611
-903
-296
307
693
896
961
905
749
479
346
133
-139
-297
-512
-695
-933
-1227
-1465
-1748
-2009
-2167
-2166
-1981
-1810
-1589
-1126
-588
-128
190
412
588
623
585
422
165
-82
-374
-473
-583
-747
-758
-686
-531
-464
-310
-119
-34
88
167
194
202
288
285
144
84
131
165
58
39
89
172
315
348
430
574
671
736
824
932
982
1020
1093
1125
1064
925
865
771
611
487
299
281
256
225
313
375
612
809
928
1144
1264
1337
1404
1267
1053
894
703
534
369
251
181
192
340
480
690
913
1134
1390
1490
1610
1759
1828
1921
1877
1794
1687
1420
1085
564
-114
-777
-1406
-2073
-2668
-3169
-3597
-3781
-3750
-3412
-2838
-2193
-1485
-699
80
706
1275
1534
1559
1539
1244
814
288
-304
-869
-1377
-1677
-1819
-1927
-1909
-1826
-1857
-1812
-1719
-1754
-1799
-1899
-1981
-1809
-1482
-1045
-516
3
531
978
1268
1265
929
504
-64
-756
-1388
-1919
-2111
-2018
-1721
-1210
-569
114
679
938
917
784
426
-2
-438
-819
-949
-959
-653
-56
485
969
1477
1813
1828
1624
1259
898
523
179
97
181
365
694
1131
1461
1625
1738
1674
1440
1089
670
367
305
374
510
823
1176
1541
1878
2038
2060
1855
1534
1203
748
337
24
-159
-242
-166
92
355
770
1270
1724
2010
2302
2666
2757
2785
2731
2573
2378
2084
1805
1444
1089
782
397
24
-381
-774
-1250
-1883
-2447
-3158
-3910
-4403
-4850
-5031
-4706
-4010
-3102
-1963
-543
753
1811
2414
2521
2288
1570
556
-759
-2124
-3200
-3891
-4088
-3878
-3306
-2641
-1961
-1371
-1096
-1133
-1416
-1953
-2711
-3297
-3588
-3544
-2934
-1932
-833
401
1511
2313
2711
2504
1913
957
-258
-1572
-2588
-3042
-3075
-2632
-1833
-787
269
1173
1786
1909
1717
1229
549
-108
-722
-1044
-1014
-556
230
1010
1755
2320
2628
2574
2156
1498
763
114
-390
-573
-418
58
764
1529
2312
2874
3071
2988
2572
1881
1099
470
-60
-355
-237
35
519
1206
1813
2194
2471
2592
2335
1924
1502
1023
600
400
418
543
746
1038
1439
1851
2240
2513
2659
2720
2681
2540
2309
2199
2078
1951
1828
1591
1360
1189
1142
978
727
583
398
111
-285
-848
-1683
-2591
-3497
-4541
-5377
-5812
-5645
-4980
-4136
-2930
-1509
-24
1321
2266
2534
2268
1670
496
-885
-2400
-3737
-4522
-4973
-4896
-4390
-3617
-2655
-1942
-1503
-1315
-1531
-2020
-2814
-3705
-4274
-4464
-4128
-3314
-2160
-620
943
2299
3205
3374
3024
2225
931
-547
-1928
-2979
-3340
-3187
-2593
-1526
-183
1221
2280
2792
2778
2344
1508
496
-501
-1429
-1831
-1599
-919
22
960
1956
2705
2905
2734
2185
1480
765
-11
-500
-465
44
894
1842
2815
3602
4012
3900
3091
1936
705
-482
-1456
-2055
-2125
-1647
-636
591
1781
2866
3696
4138
4110
3502
2516
1565
743
107
-270
-252
161
754
1385
1988
2503
2813
2931
2728
2343
2041
1895
1903
1874
2001
2380
2798
3141
3221
3169
3048
2727
2359
1878
1358
910
522
201
-367
-1133
-1996
-3146
-4606
-6283
-7604
-8075
-7919
-7331
-6317
-4842
-2896
-787
993
2092
2417
2199
1447
-16
-1914
-3713
-4913
-5529
-5695
-5382
-4498
-3128
-1853
-1143
-1055
-1232
-1808
-2890
-4280
-5729
-6410
-6120
-5110
-3643
-1906
144
2265
4014
4824
4678
4035
3045
1761
214
-1305
-2210
-2181
-1606
-976
-89
1016
1913
2259
1865
1010
142
-617
-1377
-2142
-2560
-2163
-1032
274
1369
2345
3298
3947
3938
3181
2131
1223
508
-51
-386
-195
647
1803
2888
3601
3872
3881
3446
2345
777
-818
-2015
-2622
-2826
-2606
-1747
-224
1664
3308
4481
5214
5585
5421
4565
3076
1488
439
-215
-674
-960
-747
80
937
1554
1900
2146
2434
2590
2481
2139
2034
2408
2994
3523
3881
4226
4534
4544
4081
3190
2336
1843
1459
823
243
152
288
175
-426
-1243
-2173
-3402
-4964
-6978
-8806
-9542
-9084
-7894
-6604
-5017
-2755
-291
1588
2293
2101
1492
589
-956
-3191
-5172
-6188
-6190
-5655
-4894
-3851
-2491
-1181
-608
-994
-1920
-2704
-3636
-5223
-6868
-7671
-7038
-5254
-3256
-1470
605
3082
5067
5828
5235
4111
3072
1853
321
-1533
-2801
-2774
-2006
-1068
-346
440
1315
1680
1239
154
-791
-1222
-1515
-1993
-2171
-1418
216
2088
3477
4309
4933
5397
5177
4000
2234
791
54
-457
-845
-830
-189
1176
2781
3931
4426
4473
4073
3029
1366
-602
-2037
-2766
-2996
-2707
-1860
-136
2046
4083
5613
6351
6518
6186
5110
3284
1176
-628
-1770
-2290
-2399
-2214
-1548
-347
1067
2314
2917
3052
3105
3176
3243
3104
3008
3246
3745
4338
4774
4956
4770
4287
3417
2069
703
-478
-1275
-1708
-1649
-1023
-223
878
1680
1671
991
-106
-1426
-3458
-5990
-8363
-9841
-9826
-8688
-7327
-5976
-4175
-2160
-579
115
-156
-914
-1649
-2441
-3520
-4686
-5208
-4676
-3680
-2745
-1940
-1213
-693
-709
-1497
-2635
-3539
-4332
-5359
-6683
-7595
-7189
-5735
-4068
-2558
-1144
678
2827
4367
4690
4269
3929
3519
2720
1323
-329
-1147
-1139
-967
-952
-1038
-822
-385
-210
-414
-594
-420
-29
114
-90
146
1163
2547
3635
3961
4084
4429
4578
3943
2559
1146
209
-341
-912
-1392
-1258
-218
1462
2921
3726
4046
4026
3489
2291
892
-244
-968
-1269
-1263
-668
886
2978
4845
6013
6507
6399
5728
4473
2618
661
-1027
-2116
-2509
-2473
-1994
-1043
273
1645
2757
3510
3666
3390
3183
3245
3717
4235
4559
4842
5213
5764
6069
5643
4416
2750
1015
-772
-2547
-3797
-4145
-3551
-2234
-661
1049
2645
3533
3371
2302
733
-1288
-4099
-7533
-10626
-12079
-11415
-9814
-8362
-7061
-5285
-2863
-847
-100
-494
-1213
-1547
-2028
-3208
-4554
-5234
-4943
-4178
-3408
-2887
-2486
-1992
-1842
-2124
-2457
-2729
-3268
-4734
-6803
-8045
-7696
-6255
-4843
-3914
-2487
58
2954
4861
5108
4740
4537
4221
2980
510
-1798
-2880
-2721
-2008
-1558
-1041
-70
905
1536
1747
1913
2121
1742
544
-863
-1257
-461
662
1396
1850
2864
4342
5300
4965
3626
2506
2150
1798
776
-283
-295
886
2640
4016
4689
4980
4711
3720
2288
973
34
-652
-1343
-1699
-837
1131
3500
5335
6078
6401
6701
6380
4858
2570
606
-601
-1229
-1723
-2113
-1987
-1259
-106
1106
2073
2588
2658
2468
2412
2988
4182
5329
5813
5913
6309
7081
7366
6292
4131
1870
9
-1735
-3592
-5126
-5454
-4161
-1925
278
2148
3768
4802
4844
3739
1539
-1363
-4826
-8776
-12137
-13385
-12292
-10168
-8381
-6979
-5090
-2405
-114
381
-703
-2114
-2906
-3502
-4720
-6203
-6769
-5700
-3916
-2683
-2102
-1748
-1099
-517
-667
-1262
-2311
-3895
-6073
-8551
-9991
-9622
-7950
-6245
-4960
-3124
-59
3479
5676
5758
4883
4280
3707
2042
-646
-2834
-3154
-1858
-483
173
325
722
1472
1760
1271
415
-461
-1508
-2644
-3294
-2582
-486
1718
3300
4417
5652
7073
7530
6419
4561
3036
2174
1249
-133
-1207
-964
845
2995
4325
4484
3869
3163
1968
406
-848
-1603
-1817
-1719
-986
1059
3897
6569
8390
8977
8823
8263
6953
4774
2328
394
-693
-1286
-1899
-2436
-2238
-1075
343
1541
2315
2685
2874
2888
3289
4455
5904
6957
7248
7247
7495
7932
7740
6082
3385
685
-1565
-3763
-5949
-7248
-6940
-5051
-2435
-15
2200
4333
5745
5814
4406
1953
-1197
-5154
-9412
-12696
-13715
-12304
-10138
-8697
-7664
-5965
-3269
-905
-549
-2028
-3597
-4092
-4167
-5013
-6109
-6069
-4578
-2589
-1449
-1285
-1249
-828
-317
-608
-1821
-3359
-5255
-7591
-9905
-10988
-10134
-8181
-6432
-5373
-3766
-422
3652
6130
6096
4815
4026
3695
2477
61
-2244
-2518
-925
652
921
211
32
862
1661
1321
-93
-1603
-2435
-2781
-2680
-1498
645
2995
4635
5384
6160
7192
7690
6798
4632
2531
1358
808
14
-967
-788
999
3354
4646
4204
3069
2312
2141
1707
345
-964
-1367
-789
683
2531
4659
6880
8479
9087
8630
7460
5882
3932
1874
-43
-1512
-2241
-2357
-2111
-1495
-212
1365
2572
3257
3324
3218
3348
3738
4550
5512
6162
6503
6834
7194
7342
6830
5250
2800
65
-2479
-4830
-6633
-7394
-6891
-4880
-2157
608
3442
5858
7365
7404
5589
2607
-858
-4796
-9102
-12801
-14380
-13516
-11421
-9686
-8618
-7037
-4626
-2357
-1552
-2524
-3932
-4430
-3993
-3898
-4559
-4947
-4237
-2690
-1654
-1699
-1989
-1814
-1318
-1203
-1858
-3016
-4579
-6677
-9041
-10696
-10827
-9757
-8412
-7440
-5924
-2704
1661
5242
6292
5551
4973
5037
4489
2229
-680
-2196
-1471
0
213
-651
-1117
-206
1300
1771
736
-852
-1843
-2176
-2113
-1571
-392
1409
3215
4593
5827
7168
8138
7735
5777
3507
2110
1302
334
-769
-1056
448
3072
4897
4910
3906
3184
3216
2975
1591
-335
-1578
-1087
552
2451
4420
6313
8157
9547
9966
9207
7543
5443
3247
1229
-528
-1935
-2839
-2912
-1969
-457
1166
2471
3120
3235
3185
3270
3340
3559
4203
5031
5898
6565
7004
7320
7119
6003
4023
1444
-1318
-3776
-5740
-6908
-6768
-5285
-2941
-457
1952
4400
6348
6953
5802
3092
-316
-3777
-7657
-11482
-13911
-13947
-11972
-9981
-8793
-7812
-6337
-4087
-2370
-2630
-4129
-5297
-5313
-4712
-4521
-4700
-4568
-3544
-2304
-1817
-2029
-2234
-1854
-1454
-1518
-2376
-4092
-6209
-8591
-10602
-11381
-10851
-9851
-9070
-7854
-4928
-376
3934
6164
6334
5998
6005
5904
4589
1961
-208
-625
58
291
-520
-1494
-1236
250
1226
608
-931
-2001
-2034
-1540
-837
325
2006
3903
5504
6705
8049
9302
9472
7995
5528
3542
2395
1535
518
-255
300
2087
3865
4211
3275
2510
2444
2489
1408
-671
-2225
-2023
-123
2182
4147
5984
7996
9930
10853
10187
8382
6103
3846
1588
-650
-2548
-3580
-3375
-2296
-887
375
1434
2196
2608
2627
2529
2685
2980
3689
4804
6008
7094
7836
8090
7869
6965
5091
2468
-436
-3276
-5734
-7251
-7578
-6551
-4526
-2089
586
3304
5871
7433
7184
5112
2068
-1197
-4861
-8988
-12576
-14187
-13443
-11469
-10018
-9303
-8271
-6367
-4100
-2905
-3293
-4353
-4667
-3901
-3307
-3557
-4106
-4002
-2989
-2208
-2363
-2703
-2477
-1676
-980
-1204
-2608
-4929
-7651
-10161
-11779
-12282
-11919
-10931
-9416
-6898
-2793
2060
5754
7231
7108
6770
6434
5157
2610
-99
-1573
-1473
-914
-1059
-1615
-1552
-316
1160
1474
329
-1298
-2135
-2006
-1466
-798
234
1860
3754
5671
7544
9074
9845
9267
7526
5596
4037
2569
1029
-161
-390
797
2597
3683
3689
3374
3548
3881
3400
1742
-119
-770
149
1843
3518
4979
6671
8756
10395
10965
10057
7904
5484
3258
1255
-747
-2535
-3313
-2845
-1608
-168
944
1625
2255
2829
3019
2944
2914
3238
4334
5843
7139
7969
8230
8054
7109
5329
2906
37
-2656
-5183
-7456
-8689
-8293
-6353
-3766
-1187
1287
3823
6287
7486
6595
3942
686
-2526
-6248
-10426
-13839
-14863
-13402
-11125
-9695
-9296
-8404
-6359
-4257
-3393
-4096
-4983
-4755
-3819
-3228
-3586
-4102
-3711
-2706
-2199
-2651
-3080
-2521
-1256
-413
-959
-2846
-5412
-8108
-10452
-12066
-12698
-12298
-11127
-9121
-5892
-1416
3281
6719
8301
8392
7971
7201
5568
3064
511
-955
-1279
-1250
-1618
-2028
-1576
-184
1150
1207
-60
-1571
-2257
-2056
-1352
-415
841
2602
4847
7282
9489
11095
11465
10373
8220
5720
3304
1101
-746
-1962
-1951
-729
839
1860
2354
3115
4266
4813
3958
2072
352
55
1117
2395
3453
4683
6507
8618
10073
10301
9369
7559
5318
2840
227
-1974
-3342
-3513
-2732
-1543
-217
746
1491
2274
3082
3720
3798
3757
4195
5458
7289
8708
9112
8706
7844
6460
4340
1415
-1558
-3977
-5952
-7385
-8037
-7461
-5500
-2744
-127
2165
4238
5787
6265
5209
2965
218
-2592
-5883
-9789
-13110
-14175
-12797
-11033
-10514
-10808
-10330
-8377
-6066
-5030
-5353
-5469
-4261
-2545
-1848
-2489
-3410
-3257
-2387
-2414
-3520
-4481
-4138
-2661
-1487
-1643
-3199
-5424
-7622
-9643
-11077
-11666
-11644
-10963
-9295
-6301
-2040
2408
5568
7136
7901
8374
8072
6443
3656
891
-527
-996
-1547
-2534
-3188
-2521
-720
996
1257
359
-608
-811
-209
365
853
1622
3023
5052
7194
9123
10429
10702
9907
8322
6358
4271
2121
80
-1264
-1348
-559
353
959
1487
2689
4219
5007
4459
3050
2086
2303
3462
4627
5321
6060
7256
8532
9232
8924
7616
5738
3586
1381
-614
-2027
-2651
-2488
-1621
-521
394
871
1266
1919
2605
3184
3384
3412
4005
5479
7431
9009
9408
8676
7353
5325
2492
-703
-3571
-5586
-7043
-8176
-8596
-7672
-5180
-2109
364
1981
3387
4871
5935
5788
4158
2026
-71
-2726
-6558
-11014
-14077
-14493
-13521
-13115
-13768
-13828
-11735
-8430
-5570
-4130
-3535
-2319
-648
152
-552
-1824
-2346
-2178
-2568
-3916
-5035
-4572
-2740
-1220
-1065
-2279
-4249
-6548
-9308
-12087
-13850
-14026
-13035
-11515
-9222
-5134
594
6074
9464
10382
9981
9277
8099
5619
2008
-1056
-2502
-2762
-3063
-3607
-3246
-1469
894
2104
1267
-346
-1076
-967
-578
-193
403
2013
4460
7146
9642
11652
13015
13116
11412
8247
4823
2040
-240
-2096
-3156
-3037
-1697
73
1812
3557
5151
6406
6606
5415
3623
2490
2707
3596
4383
4982
5728
6760
7774
8290
7782
6409
4309
1740
-684
-2615
-3590
-3607
-2891
-1692
-472
442
1253
2290
3264
3939
4261
4411
4634
5169
6298
7689
8527
8400
7239
5080
2344
-581
-3104
-4875
-6214
-7161
-7506
-6903
-5101
-2551
-114
1728
3015
4040
4925
5439
5078
3699
1767
-474
-3287
-6900
-10663
-13276
-14245
-14334
-14401
-14537
-13983
-12170
-9269
-6176
-3875
-2272
-1019
-37
441
28
-1043
-2180
-3283
-4455
-5394
-5586
-4791
-3378
-2245
-2186
-3235
-5195
-7527
-10057
-12517
-13965
-14172
-13021
-10711
-7489
-3191
2057
7138
10555
11780
11067
9461
7528
4896
1615
-1717
-4142
-5002
-4791
-3927
-2539
-812
1023
2139
2051
1210
373
84
417
998
1922
3465
5658
8129
10288
12018
12791
12028
9665
6316
3049
449
-1374
-2593
-3101
-2413
-480
1975
3946
5114
5903
6619
6699
5544
3704
2612
3160
4673
6019
6650
6916
7509
8172
8042
6619
4349
2128
285
-1227
-2441
-3042
-2581
-1223
173
978
1402
1776
2252
2558
2624
2837
3237
3894
4702
5683
6904
7813
7659
5968
3346
574
-1999
-4284
-6300
-7584
-7823
-7068
-5723
-4011
-1996
53
1868
2985
3354
3458
3416
2891
1640
-164
-2265
-4646
-7468
-10679
-13402
-14631
-14579
-14239
-14005
-13472
-11649
-8385
-5107
-2860
-1530
-274
1182
1743
654
-1304
-2772
-3378
-3749
-4579
-5285
-4755
-3072
-1472
-1443
-2904
-4952
-7126
-9471
-12056
-13947
-14092
-12231
-9122
-5676
-1611
3487
8608
11968
12624
11267
9269
7127
4190
470
-2645
-4102
-3935
-3248
-2776
-2114
-599
1422
2530
1957
436
-483
-243
545
1205
1926
3577
6094
8601
10348
11138
11202
10464
8609
5530
2108
-543
-2187
-2793
-2577
-1540
430
2568
4223
5329
6157
6673
6430
5404
4029
3410
4034
5060
5744
6074
6347
6746
6959
6300
4893
3215
1681
601
-504
-1581
-1853
-1196
-59
928
1403
1478
1511
1745
2101
2340
2470
2899
3769
4975
6421
7543
7673
6676
4872
2649
268
-2100
-4163
-5629
-6341
-6309
-5732
-4625
-3132
-1479
298
1972
3245
3989
4121
3444
1819
-550
-3437
-6963
-10771
-13781
-14970
-14492
-13416
-12398
-11426
-9795
-7395
-5104
-3726
-3442
-3392
-2870
-2328
-2479
-3411
-4321
-4605
-4483
-4535
-4806
-4502
-3376
-1821
-918
-1545
-3373
-5868
-8335
-10457
-11956
-12429
-11766
-9898
-6985
-3202
1217
5409
8119
8926
8350
7236
5845
3886
1494
-426
-1068
-708
-182
109
474
1253
2216
2448
1498
-104
-1376
-1536
-717
380
1709
3672
6061
8493
10520
11597
11421
10157
8074
5296
2451
269
-1073
-1521
-917
676
2863
4837
6063
6634
6543
5783
4331
2279
408
-546
-185
1248
3114
5153
7179
9038
10264
10356
9115
6836
4065
1260
-989
-2635
-3477
-3351
-2441
-764
1003
2245
2850
2906
2547
1891
1242
795
918
2050
3947
5931
7512
8250
7948
6855
4895
2038
-1095
-3994
-6377
-7966
-8579
-7884
-5964
-3494
-1067
993
2893
4576
5374
4750
2433
-799
-4076
-7330
-10507
-13169
-14193
-13247
-11400
-10004
-9284
-8455
-7206
-5790
-5142
-5557
-5972
-5537
-4278
-3009
-2463
-2432
-2436
-2564
-3148
-4166
-4791
-4438
-3560
-2900
-3096
-3986
-5033
-6276
-7864
-9606
-10704
-10429
-9256
-7587
-4997
-1389
2790
6148
7595
7543
6889
6252
5145
2986
469
-1178
-1377
-777
-262
60
663
1730
2548
2231
920
-503
-1227
-1151
-805
-243
1003
3257
5916
8014
9346
9846
9583
8398
6085
3480
1444
293
12
404
1646
3758
6043
7538
7746
6862
5364
3624
1618
-463
-1840
-1776
-161
2270
4893
7522
9825
11383
11749
10579
8178
5209
2177
-269
-1925
-2888
-2850
-1783
-86
1801
3266
3764
3294
2161
885
-128
-684
-712
218
2469
5349
7929
9371
9548
8870
7041
3930
26
-3891
-6776
-8382
-9016
-8750
-7416
-4881
-1859
498
1910
2808
3539
3754
2552
35
-2624
-4514
-5886
-7865
-10187
-11267
-10529
-9139
-8759
-9586
-10354
-9806
-8271
-7192
-7101
-6804
-5059
-2456
-607
-498
-1310
-1774
-2039
-3064
-4993
-6326
-5947
-4360
-2932
-2657
-3117
-3723
-4720
-6629
-9242
-11214
-11539
-10494
-8835
-6555
-2845
2030
6503
8949
9053
8178
7210
5776
3054
-331
-2665
-3001
-2011
-1279
-773
155
1943
3766
3833
2140
205
-613
-507
-309
-116
704
2819
5723
8143
9521
10068
10000
9112
7059
4265
1799
351
-95
206
1250
2994
5144
7032
7811
7514
6540
5027
3064
748
-1071
-1499
-419
1640
3972
6247
8318
9945
10658
10036
7977
5085
2189
-257
-1955
-2909
-3014
-2133
-515
1358
2851
3462
3059
2033
1090
298
-410
-667
-74
1887
4741
7303
8749
8902
8252
6662
3833
70
-3708
-6366
-7737
-8229
-8036
-6788
-4218
-1171
1205
2512
3144
3657
3714
2466
-100
-2849
-4737
-6031
-7771
-9979
-11091
-10430
-9079
-8485
-9274
-10227
-9765
-8210
-7098
-7028
-6966
-5580
-3256
-1684
-1609
-2323
-2620
-2528
-3123
-4483
-5473
-4978
-3384
-2125
-2115
-3017
-4048
-5353
-7352
-9769
-11468
-11589
-10501
-8717
-6245
-2600
1978
6042
8181
8260
7629
7056
5958
3737
923
-1017
-1334
-738
-193
95
697
1937
2986
2743
1152
-622
-1447
-1312
-926
-449
736
2969
5893
8616
10422
11286
11085
9725
7450
4750
2458
942
73
-123
686
2453
4696
6539
7232
7062
6253
4894
2979
826
-490
-482
679
2639
4835
6904
8856
10322
10788
9942
7743
4742
1596
-927
-2435
-3030
-2778
-1876
-401
1396
2959
3643
3148
2062
1117
440
-187
-539
216
2439
5357
7718
8597
8227
7224
5408
2565
-1233
-4911
-7258
-8289
-8409
-7770
-5967
-3137
-262
1915
3054
3473
3588
2937
1024
-1876
-4619
-6512
-7980
-9518
-10924
-10913
-9392
-7725
-7205
-7879
-8340
-7941
-7247
-7175
-7777
-7712
-6058
-3808
-2372
-2137
-2471
-2424
-2244
-2952
-4301
-5141
-4772
-3574
-2832
-2899
-3393
-4116
-5176
-6948
-8891
-10204
-10381
-9418
-7897
-5470
-2030
1741
4910
6743
7511
7621
7413
6403
4140
1700
190
-186
-132
-234
-274
181
1121
1756
1487
389
-628
-841
-744
-442
285
1718
4091
6663
8764
10218
10676
10091
8627
6419
4113
2215
836
143
421
1695
3547
5383
6494
6786
6394
5248
3530
1448
-532
-1511
-1087
353
2483
4944
7426
9723
11212
11408
10353
8234
5313
2243
-325
-2092
-2771
-2533
-1653
-245
1364
2690
3146
2664
1680
706
34
-374
-261
899
3096
5784
8063
9147
8985
7764
5471
2309
-1197
-4553
-7137
-8638
-9115
-8286
-6126
-3287
-641
1420
2759
3509
3574
2373
95
-2727
-5213
-7005
-8780
-10459
-11234
-10563
-8852
-7392
-7145
-7557
-7532
-7044
-6725
-6996
-7448
-7018
-5535
-3938
-3051
-2849
-2643
-2462
-2956
-4002
-4803
-4861
-4239
-3484
-3201
-3339
-3603
-4239
-5701
-7727
-9436
-10044
-9607
-8701
-7182
-4508
-690
3237
5773
6728
7005
6997
6491
4874
2336
293
-533
-431
-91
66
549
1576
2537
2726
1797
391
-431
-650
-716
-465
453
2467
5195
7592
9369
10441
10632
9796
7885
5279
2887
1380
609
490
1142
2584
4678
6685
7549
7249
6263
4737
2870
805
-845
-1471
-913
776
3150
5724
8008
9782
10739
10442
8944
6469
3562
899
-1104
-2170
-2458
-2146
-1071
496
2024
2881
2763
2085
1224
394
-267
-581
-57
1678
4054
6191
7623
8192
8064
6913
4350
719
-2915
-5483
-7009
-7961
-8209
-7172
-4699
-1671
625
1867
2623
3197
3188
1690
-1253
-4212
-6330
-7798
-9289
-10846
-11401
-10465
-8775
-7675
-7577
-7768
-7266
-6193
-5842
-6255
-6482
-5644
-3997
-2875
-2696
-2906
-2710
-2309
-2620
-3485
-4085
-3783
-2920
-2557
-2922
-3755
-4769
-6020
-7826
-9693
-10700
-10441
-9289
-7586
-5147
-1766
2135
5222
6678
6842
6550
6290
5430
3628
1655
495
559
1091
1204
988
1018
1503
1762
1055
-405
-1641
-1928
-1574
-974
-54
1602
4065
6546
8486
9736
10246
9881
8569
6500
4215
2465
1323
776
890
1891
3799
5640
6746
6831
6076
4894
3223
1214
-694
-1822
-1705
-438
1618
4131
6783
9103
10544
10826
10065
8322
5903
3169
525
-1360
-2250
-2305
-1913
-1139
85
1296
1946
1685
807
60
-137
82
517
1489
3255
5425
7375
8428
8327
7338
5466
2576
-986
-4324
-6554
-7607
-7975
-7751
-6535
-4092
-1232
838
1873
2503
3077
3003
1700
-791
-3454
-5160
-6295
-7825
-9713
-10836
-10346
-9079
-8455
-8794
-9243
-8768
-7490
-6449
-6147
-5888
-4804
-3178
-2072
-2036
-2432
-2572
-2610
-2974
-3649
-3872
-3283
-2356
-1826
-2126
-2964
-4040
-5572
-7797
-10065
-11308
-11131
-9857
-8052
-5677
-2275
1794
5307
7197
7518
7146
6484
5260
3326
1070
-526
-843
-366
233
601
1154
1875
2202
1960
842
-433
-1116
-1265
-879
91
1880
4285
6746
8770
10174
10924
10666
9209
6877
4245
2198
946
98
10
800
2340
4311
5673
6183
6092
5381
4221
2618
1031
103
122
983
2390
4353
6444
8299
9368
9299
8476
6919
4881
2618
229
-1577
-2394
-2353
-1766
-1076
-210
906
1657
1640
1171
640
363
451
839
1654
3136
5065
6749
7700
7655
6626
4774
2040
-1299
-4378
-6487
-7352
-7445
-7138
-5871
-3634
-1108
917
1849
2041
2266
2356
1688
156
-1806
-3213
-4123
-5327
-7219
-9406
-10523
-10464
-10324
-10815
-11505
-11306
-9910
-7860
-6120
-4888
-3624
-2001
-654
-519
-1208
-2015
-2618
-3151
-3832
-4295
-3950
-2704
-1416
-1022
-1521
-2531
-4230
-6597
-9222
-11459
-12346
-11726
-10140
-7771
-4492
-264
4232
7532
8998
8868
7778
6520
4673
2242
27
-1282
-1216
-510
235
942
1723
2581
2671
1694
40
-1590
-2297
-2102
-1397
-107
2093
4929
7869
10213
11344
11516
10609
8632
6018
3171
866
-534
-940
-445
703
2431
4388
5847
6374
6080
5245
4056
2560
1166
365
580
1829
3520
5251
6731
7906
8602
8538
7492
5549
3502
1672
226
-781
-1524
-1614
-1081
-143
868
1282
1176
939
832
857
803
943
1724
3172
4810
6179
6837
6725
6069
4627
2203
-906
-3888
-5938
-6913
-7139
-6909
-6072
-4333
-2068
-154
829
1252
1714
2109
1994
940
-833
-2400
-3459
-4642
-6513
-8981
-10806
-11220
-11074
-11261
-11669
-11537
-10406
-8459
-6657
-5341
-4064
-2718
-1504
-1067
-1540
-2245
-2724
-3191
-3638
-3824
-3509
-2446
-1319
-938
-1465
-2516
-3993
-6158
-8777
-11162
-12286
-11657
-9834
-7506
-4680
-995
3283
7031
8918
8766
7784
6721
5371
3410
1163
-489
-851
-276
305
715
1069
1601
1954
1401
221
-817
-1179
-753
67
1204
2959
5368
7902
9735
10607
10569
10003
8719
6320
3544
1353
237
90
515
1189
2516
4401
5948
6493
5771
4570
3396
2198
1003
109
146
1341
3360
5307
6741
7685
8122
8070
7050
4973
2589
693
-413
-1081
-1599
-1678
-1202
-219
915
1518
1501
1108
806
775
717
800
1274
2391
4039
5461
6294
6421
5862
4631
2614
152
-2420
-4693
-6197
-6998
-7081
-6229
-4636
-2627
-679
834
2069
2913
3126
2641
1274
-751
-2822
-4670
-6648
-8897
-10702
-11440
-11127
-10391
-10002
-9762
-9084
-7849
-6442
-5518
-5003
-4411
-3621
-2864
-2559
-2785
-3101
-3187
-3175
-3332
-3579
-3406
-2696
-1914
-1589
-2225
-3579
-5083
-6836
-8677
-10262
-10999
-10460
-8964
-6799
-3859
-178
3511
6329
7644
7619
6942
5941
4621
2980
1387
407
179
451
967
1351
1631
1843
1493
554
-678
-1526
-1483
-933
-107
1246
3252
5714
8129
9839
10621
10581
9799
8283
6012
3430
1462
550
427
743
1393
2575
4226
5708
6371
5926
4718
3416
2320
1413
688
699
1846
3681
5623
7138
8161
8657
8439
7258
5096
2693
639
-607
-1215
-1579
-1484
-865
212
1190
1561
1385
981
732
526
323
531
1385
2850
4632
6137
7053
7359
6864
5473
3096
89
-2705
-4893
-6385
-7206
-7287
-6341
-4444
-2170
-325
884
1868
2731
2997
2077
199
-1920
-3631
-5050
-7040
-9482
-11254
-11610
-10709
-9895
-9842
-9768
-9274
-7989
-6551
-5908
-5497
-4911
-3961
-2974
-2629
-2804
-3129
-3292
-3422
-3793
-3985
-3757
-3136
-2366
-2094
-2348
-3228
-4908
-7022
-9087
-10612
-11078
-10432
-9070
-6812
-3583
309
4068
6555
7584
7448
6749
5773
4209
2333
789
91
303
940
1524
1954
2298
2375
1928
780
-689
-1637
-1808
-1204
-93
1445
3678
6307
8820
10528
11207
10937
9667
7742
5382
3122
1488
608
615
1212
2348
3921
5465
6614
6713
5769
4335
2703
1291
301
-55
563
2040
4081
6177
7936
9112
9437
8862
7243
4870
2424
473
-659
-1204
-1342
-1061
-137
1081
1750
1857
1324
460
-244
-746
-832
-367
776
2611
4832
6572
7483
7698
7068
5470
2823
-331
-3154
-5176
-6389
-6978
-6867
-5885
-3978
-1808
-277
513
982
1586
2027
1558
84
-1745
-3185
-4201
-5623
-7808
-9855
-10875
-10807
-10434
-10646
-11001
-10630
-9486
-7936
-6657
-5808
-4821
-3547
-2481
-1941
-2176
-2917
-3512
-4075
-4555
-4724
-4260
-3176
-2136
-1550
-1547
-2096
-3414
-5602
-8241
-10440
-11320
-10940
-9684
-7610
-4573
-557
3529
6489
7717
7530
6756
5765
4476
2684
849
-13
298
1155
2067
2672
2938
3056
2800
1760
173
-1226
-1878
-1576
-799
384
2326
4888
7608
9660
10783
10924
9960
8251
5948
3578
1847
965
744
989
1717
3059
4922
6371
6690
5934
4589
3234
2124
1133
440
642
1899
4008
6161
7628
8573
8983
8682
7463
5317
2785
571
-677
-1054
-987
-582
198
1245
2100
2399
2001
1162
360
-353
-947
-925
-4
1741
3972
5855
6983
7355
6965
5731
3289
52
-2907
-5071
-6360
-6976
-7034
-6287
-4578
-2413
-578
528
1075
1561
1838
1552
343
-1535
-3226
-4796
-6460
-8278
-9867
-10384
-9977
-9540
-9486
-9666
-9520
-8557
-7436
-6781
-6282
-5605
-4405
-3042
-2362
-2366
-2583
-2815
-3155
-3740
-4181
-3970
-3143
-1976
-1335
-1749
-2797
-4168
-5893
-7932
-9787
-10786
-10629
-9377
-7245
-4217
-487
3157
5986
7306
7319
6788
5899
4781
3356
1789
690
456
904
1488
1772
1836
1825
1448
568
-743
-1772
-1942
-1356
-159
1263
2885
5086
7645
9642
10534
10351
9243
7511
5535
3518
1868
1039
932
1490
2429
3572
4793
5613
5694
4855
3396
1882
798
204
150
905
2429
4521
6636
8235
9037
8995
8364
7022
4973
2648
641
-527
-845
-466
246
1142
2204
2924
2894
2060
765
-396
-1240
-1648
-1502
-594
1406
4145
6707
8317
8881
8447
6840
4090
582
-2970
-5601
-7109
-7789
-7732
-6949
-4980
-2444
-383
878
1174
1210
1316
1022
45
-1575
-3051
-3998
-5097
-6719
-8571
-9614
-9574
-9340
-9589
-10526
-10998
-10070
-8484
-7037
-6080
-5223
-3721
-2141
-1315
-1403
-2102
-2719
-3271
-4135
-4999
-5067
-4035
-2453
-1219
-925
-1348
-2328
-4057
-6289
-8616
-10335
-10803
-10289
-8886
-6364
-2692
1695
5359
7392
7877
7449
6835
5742
3884
1758
210
-274
57
695
1157
1499
2028
2280
1595
92
-1370
-1873
-1467
-642
422
1867
4046
6670
8883
10193
10453
9857
8493
6431
4116
2093
999
641
760
1483
2639
4073
5226
5747
5386
4147
2807
1519
448
-70
293
1860
3992
6160
7818
8697
9060
8678
7396
5244
2722
556
-877
-1403
-1270
-717
226
1394
2408
2709
2127
1110
46
-771
-1288
-1469
-877
647
3055
5529
7191
8107
8018
6848
4558
1271
-1951
-4539
-6195
-7000
-7328
-6807
-5364
-3159
-923
396
924
1218
1567
1560
924
-253
-1547
-2586
-3867
-5683
-8012
-9947
-10541
-10465
-10613
-11082
-11217
-10453
-8795
-6883
-5421
-4285
-3155
-2073
-1433
-1569
-2159
-2688
-3092
-3731
-4435
-4408
-3359
-1755
-613
-333
-784
-2116
-4138
-6692
-9428
-11339
-11929
-11355
-9883
-7478
-3760
835
5079
7837
8626
8178
7370
6144
4405
2481
1018
514
767
1265
1673
2185
2713
2839
2099
412
-1378
-2382
-2186
-1283
-45
1609
3879
6518
8610
10071
10602
10127
8785
6540
4159
2049
816
581
782
1399
2385
3598
4761
5326
4999
4094
2944
1685
595
-7
245
1558
3456
5341
6801
7702
8112
7776
6647
4868
2713
876
-273
-765
-679
-9
1017
2008
2685
2680
1965
898
-285
-1327
-1884
-1867
-1038
730
3099
5552
7405
8342
8352
7190
4948
1791
-1743
-4664
-6666
-7437
-7184
-6393
-5077
-3344
-1441
-5
612
555
205
-63
-181
-341
-564
-903
-1458
-2425
-4182
-6532
-8931
-10730
-11866
-12666
-13189
-13148
-11986
-9907
-7510
-5139
-3157
-1703
-935
-970
-1487
-2294
-3090
-3699
-4293
-4640
-4128
-2587
-772
567
860
-62
-1800
-4236
-7176
-9868
-11761
-12376
-11449
-9502
-6573
-2710
1709
5986
8616
9201
8558
7304
5814
4082
2204
843
447
765
1387
1992
2446
2844
2757
1773
39
-1705
-2500
-2156
-1076
334
2223
4688
7284
9378
10490
10588
9936
8531
6335
4063
2308
1394
1354
1615
2011
2690
3615
4398
4449
3697
2751
1972
1239
716
752
1576
3114
4899
6359
7113
7272
7154
6494
5090
3324
1607
457
55
-38
86
546
1147
1736
1816
1233
391
-442
-1061
-1611
-1890
-1363
-125
1689
3660
5281
6473
6946
6409
4877
2606
-161
-2803
-4801
-6176
-6514
-5727
-4465
-3141
-2211
-1460
-696
-466
-775
-1370
-1551
-967
-114
540
612
144
-732
-2390
-5027
-8384
-11352
-13010
-13871
-14116
-13671
-12314
-9705
-6535
-3739
-1864
-886
-478
-686
-1573
-2852
-3979
-4499
-4445
-4099
-3373
-1945
-151
1112
1169
-37
-2010
-4374
-7082
-9913
-11978
-12388
-11155
-8795
-5829
-2409
1582
5618
8523
9492
8760
7338
5965
4545
2859
1297
479
710
1539
2154
2383
2496
2444
1863
569
-961
-1885
-1877
-1009
401
2033
4051
6466
8534
9761
10067
9504
8507
6931
4933
3148
1902
1509
1609
1749
1994
2430
2929
3233
3132
2662
2289
2198
2199
2387
2950
3845
4868
5706
6045
5978
5744
5255
4456
3440
2334
1468
1022
833
694
616
773
914
768
389
-136
-564
-830
-960
-784
-226
781
2222
3750
5071
6037
6302
5518
4002
2102
-53
-2269
-4406
-5888
-6169
-5496
-4631
-3947
-3306
-2590
-1894
-1470
-1549
-1720
-1293
-341
613
1022
742
76
-999
-2880
-5639
-8901
-11630
-13112
-13710
-13706
-13116
-11662
-9271
-6601
-4359
-2832
-1894
-1452
-1598
-2294
-3361
-4190
-4346
-4058
-3612
-2875
-1521
108
1231
1166
-175
-2238
-4611
-7182
-9693
-11455
-11808
-10610
-8248
-5323
-2150
1499
5207
7830
8798
8147
6884
5743
4535
3236
1992
1266
1236
1690
2128
2340
2436
2365
1977
889
-434
-1158
-942
109
1455
2925
4621
6504
8307
9542
9854
9352
8335
6940
5332
3843
2805
2313
2237
2257
2264
2273
2319
2455
2412
2171
1956
1782
1672
1960
2767
3743
4591
5031
5194
5326
5178
4775
4153
3247
2436
1768
1262
975
816
798
749
541
238
-153
-616
-982
-1283
-1381
-1121
-439
602
1791
3138
4578
5677
5843
5100
3784
2258
665
-1176
-3020
-4432
-4910
-4469
-3916
-3733
-3463
-2821
-1977
-1200
-902
-705
-83
974
1991
2171
1204
-307
-2009
-4352
-7507
-10769
-12803
-13455
-13389
-13013
-12145
-10292
-7742
-5106
-3094
-2110
-1674
-1407
-1602
-2375
-3421
-4043
-3965
-3713
-3483
-2921
-1691
-120
884
468
-1188
-3338
-5610
-7786
-9787
-11277
-11512
-10153
-7714
-4854
-1746
1690
5043
7458
8216
7606
6528
5542
4643
3534
2312
1484
1399
1702
1963
1979
1957
2050
1641
588
-586
-1343
-1040
-3
1076
2344
3868
5744
7579
8735
9131
8734
7964
6832
5210
3775
2681
2000
1849
1782
1792
1923
2116
2484
2758
2772
2637
2457
2382
2578
2983
3572
4233
4660
4938
5120
5171
5029
4547
3881
3191
2476
1910
1348
866
685
478
393
282
-13
-330
-666
-840
-775
-273
459
1205
2182
3416
4662
5563
5725
5113
3989
2494
810
-958
-2663
-4012
-4623
-4641
-4510
-4380
-4018
-3203
-2173
-1316
-829
-367
397
1434
2070
1552
183
-1441
-3418
-6040
-8998
-11481
-12849
-13143
-12939
-12594
-11724
-9999
-7488
-5083
-3632
-2820
-2272
-1922
-2073
-2819
-3617
-4111
-4264
-4157
-3805
-2907
-1388
231
1106
633
-877
-2966
-5444
-7940
-10014
-11150
-10951
-9512
-7173
-4187
-669
3032
6079
7687
7828
7258
6480
5505
4281
2864
1813
1551
1847
2264
2432
2530
2750
2751
2221
1026
-139
-553
-355
292
1063
2091
3816
5821
7532
8623
9036
8887
8103
6772
5149
3666
2619
1976
1566
1490
1853
2349
2817
3020
2894
2683
2493
2132
1750
1715
2079
2888
3754
4481
5057
5447
5694
5559
4990
4042
3102
2379
1638
939
526
418
397
428
328
47
-288
-647
-753
-547
-130
540
1421
2356
3399
4400
4991
5029
4327
3062
1622
95
-1510
-2847
-3702
-4240
-4535
-4699
-4685
-4305
-3517
-2599
-1915
-1341
-536
489
1304
1420
647
-752
-2586
-4885
-7571
-10200
-11931
-12591
-12652
-12377
-11668
-10277
-8175
-5763
-3712
-2428
-1780
-1482
-1593
-2175
-3065
-3956
-4514
-4783
-4648
-3772
-2249
-394
938
1156
370
-1329
-3542
-6092
-8614
-10363
-10870
-10023
-8201
-5603
-2273
1458
4785
6822
7413
6906
5957
5074
4074
2945
2017
1602
1892
2532
2990
3183
3193
2889
2018
765
-363
-1102
-1274
-957
-221
1178
3091
5198
7027
8347
9152
9191
8484
7065
5435
4048
3013
2490
2212
2234
2739
3507
4147
4306
3998
3517
3006
2350
1718
1501
1860
2722
3703
4642
5488
6040
6268
6039
5253
4154
3069
2058
1088
384
61
54
225
433
470
168
-325
-871
-1321
-1505
-1252
-684
194
1574
3121
4579
5669
5943
5417
4131
2427
640
-1252
-2850
-4037
-4855
-5110
-4983
-4638
-3987
-3107
-2176
-1257
-415
283
784
856
472
-386
-1982
-4185
-6642
-8831
-10236
-10840
-11037
-11173
-11010
-10072
-8415
-6521
-4956
-3932
-3055
-2266
-1915
-2108
-2689
-3284
-3694
-4056
-4426
-4275
-3219
-1651
-155
685
601
-434
-2222
-4383
-6775
-8903
-10133
-10337
-9483
-7465
-4456
-791
2783
5275
6363
6396
6010
5448
4493
3172
2067
1678
1877
2435
3073
3609
3859
3695
2984
1502
-89
-1180
-1672
-1603
-1257
-388
1274
3474
5684
7452
8602
9009
8687
7552
5930
4457
3343
2644
2359
2446
3001
3939
4701
4997
4567
3414
2048
666
-529
-1169
-1015
-35
1523
3404
5369
7026
8046
8207
7426
6048
4398
2496
711
-608
-1166
-924
-231
612
1306
1895
2049
1512
478
-765
-1635
-2154
-2137
-1280
214
2416
4829
6562
7373
7280
6273
4462
1941
-655
-2765
-4261
-5072
-5431
-5295
-4424
-3029
-1786
-1019
-624
-365
50
398
192
-663
-1647
-2635
-3996
-5733
-7463
-8475
-8710
-8899
-9478
-10182
-10246
-9215
-7656
-6303
-5299
-4255
-2869
-1638
-1224
-1518
-2060
-2839
-3928
-5194
-5822
-5214
-3568
-1643
-403
133
-70
-945
-2602
-5151
-7790
-9727
-10505
-10393
-9167
-6348
-2267
2113
5156
6660
7180
6979
6436
5164
3298
1489
357
203
530
1367
2562
3485
3866
3603
2533
1065
-174
-1119
-1786
-2143
-1696
-231
1889
4307
6723
8611
9561
9542
8405
6650
4973
3569
2473
1767
1713
2436
3639
4887
5706
5645
4751
3255
1380
-331
-1335
-1457
-805
496
2389
4646
6879
8427
8707
8126
6868
5020
3011
903
-593
-1025
-710
132
1153
2094
2850
2988
2208
935
-434
-1543
-2244
-2485
-1730
61
2613
5188
6836
7619
7634
6723
4693
1763
-1249
-3595
-4903
-5617
-5963
-5550
-4223
-2314
-626
304
555
587
464
-158
-1301
-2846
-4444
-5822
-7179
-8276
-8596
-8234
-7656
-7528
-7855
-8066
-7855
-7307
-6742
-6237
-5558
-4363
-3112
-2316
-1828
-1567
-1571
-2203
-3545
-4809
-5187
-4583
-3356
-2232
-1689
-1660
-2099
-3151
-4808
-6644
-8275
-9302
-9586
-8918
-6772
-3416
231
3207
5028
5892
6040
5590
4460
2992
1813
1027
748
950
1515
2569
3723
4264
3780
2524
1073
-190
-1291
-2432
-2884
-2258
-907
1032
3245
5542
7707
9114
9231
8153
6559
5205
4167
3311
2682
2532
3330
4609
5581
6024
5882
5201
3760
1604
-597
-2103
-2542
-1955
-689
1047
3506
6277
8590
9829
9779
8778
6992
4549
1791
-592
-1887
-1917
-1217
-286
938
2474
3690
3895
2958
1344
-211
-1519
-2431
-2478
-1365
779
3445
5845
7336
8029
7978
6726
4271
1052
-2103
-4412
-5775
-6430
-6405
-5451
-3768
-1679
54
848
1148
1000
162
-1322
-3211
-5066
-6572
-7777
-8632
-8780
-8111
-7090
-6433
-6417
-6651
-6724
-6784
-6972
-7096
-6911
-6067
-4751
-3525
-2653
-2095
-1716
-1840
-2551
-3584
-4444
-4422
-3813
-3138
-2490
-2179
-2205
-2735
-3830
-5127
-6361
-7306
-7932
-7941
-6934
-4757
-1949
722
2756
3885
4659
5078
4782
3871
2728
1860
1200
708
519
895
1792
2499
2653
2258
1566
944
293
-451
-952
-841
-42
1252
2790
4569
6547
8126
8714
8105
6694
5303
4185
3329
2799
2562
2992
4072
5269
6251
6686
6562
5573
3686
1529
-326
-1249
-1432
-1047
149
2074
4668
7155
8869
9783
9745
8620
6295
3420
727
-1321
-2233
-2293
-1909
-934
561
2099
3164
3283
2517
1283
-74
-1255
-1765
-1188
306
2189
4040
5478
6469
6890
6233
4423
1680
-1200
-3584
-5388
-6482
-6723
-5928
-4281
-2322
-611
733
1670
1875
1086
-784
-3171
-5386
-7309
-8807
-9781
-9685
-8548
-7130
-5874
-5310
-5210
-5123
-5285
-5975
-6727
-6955
-6434
-5231
-3978
-2990
-2130
-1418
-1199
-1719
-2765
-3617
-3887
-3719
-3414
-3234
-3000
-2906
-3279
-4238
-5404
-6262
-6806
-7125
-7186
-6399
-4435
-1781
746
2481
3592
4336
4703
4641
3819
2583
1636
1049
508
70
191
880
1814
2372
2189
1630
1028
539
-55
-649
-723
-338
527
1804
3331
5103
6850
7949
7782
6724
5523
4614
3885
3159
2692
2645
3239
4232
5098
5671
5778
5275
4012
2261
586
-513
-810
-670
128
1766
3889
6208
8103
9197
9446
8803
7115
4526
1684
-619
-1830
-2191
-2000
-1212
130
1739
3010
3584
3364
2550
1377
139
-589
-591
330
1899
3452
4817
5874
6533
6425
5118
2929
479
-1808
-3737
-5255
-6191
-6140
-4931
-3138
-1364
20
1009
1907
2013
838
-1145
-3501
-5656
-7511
-9245
-10264
-10007
-8827
-7613
-6890
-6459
-6008
-5589
-5528
-5843
-6208
-6137
-5445
-4604
-3922
-3362
-2741
-2268
-2383
-2935
-3504
-3572
-3151
-2844
-2656
-2580
-2827
-3335
-4377
-5827
-6967
-7529
-7644
-7461
-6777
-5089
-2321
606
2594
3653
4261
4620
4599
3829
2512
1368
763
372
186
410
1087
2065
2744
2838
2369
1699
1108
399
-421
-848
-448
577
1930
3438
5198
7069
8309
8539
7716
6339
5019
3801
2722
1744
1341
1915
2896
3979
4872
5381
5524
4960
3694
2084
653
-220
-507
-325
617
2547
4888
6975
8389
8927
8616
7547
5690
3187
666
-1231
-2229
-2513
-2126
-939
543
1883
2677
2760
2411
1834
1158
455
74
290
1277
2666
3986
5141
5834
5918
5096
3241
916
-1290
-3110
-4609
-6002
-6710
-6167
-4728
-2623
-449
1157
2197
2484
1838
269
-2052
-4456
-6700
-8883
-10353
-10694
-9867
-8338
-6978
-6089
-5574
-5156
-4966
-5125
-5431
-5625
-5364
-4821
-4355
-3938
-3299
-2542
-2100
-2282
-2912
-3263
-3150
-2805
-2476
-2337
-2397
-3024
-4105
-5233
-6299
-7026
-7227
-7162
-6869
-5777
-3658
-943
1460
2980
3818
4196
4205
3658
2651
1670
905
402
113
209
700
1442
2139
2418
2284
1697
940
168
-517
-752
-310
606
1632
2932
4484
6195
7694
8322
7911
6752
5485
4328
3381
2624
2084
2249
2894
3750
4599
5141
5422
5164
4255
2890
1487
519
130
443
1337
2893
4957
6782
8188
9072
9198
8536
6907
4336
1515
-715
-2018
-2476
-2274
-1563
-375
1047
2144
2710
2781
2482
1919
1074
389
350
1134
2488
3812
4792
5458
5739
5160
3776
1804
-564
-2791
-4818
-6405
-7110
-6743
-5256
-2973
-748
1037
2322
2780
2347
765
-1735
-4662
-7724
-10347
-11856
-11795
-10482
-8635
-6938
-5593
-4636
-4021
-3798
-4283
-5246
-6136
-6560
-6520
-6025
-5179
-4013
-2786
-2206
-2043
-2105
-2213
-2116
-2265
-2527
-2904
-3744
-4718
-5675
-6539
-7043
-7184
-7070
-6820
-6154
-4574
-2278
44
1831
2870
3494
4007
4258
3955
3205
2395
1630
1048
612
378
734
1535
2087
2104
1748
1371
1196
806
224
-139
76
946
2125
3562
5167
6750
7914
8118
7344
6116
4893
3895
3108
2373
2076
2538
3473
4549
5328
5639
5508
4753
3455
1840
371
-579
-882
-513
466
2302
4635
6979
8787
9641
9764
8907
7185
4718
1849
-558
-2086
-2639
-2553
-1790
-491
845
2052
2759
2855
2431
1717
1011
447
543
1338
2524
3969
5142
5988
6388
5816
4371
2320
-72
-2508
-4656
-6353
-7312
-7036
-5565
-3352
-1112
899
2451
3091
2693
1211
-1158
-4067
-7040
-9805
-11636
-11883
-10776
-8988
-7404
-6236
-5298
-4604
-4342
-4633
-5188
-5669
-5848
-5659
-5215
-4459
-3508
-2653
-2290
-2534
-2906
-3131
-2995
-2618
-2460
-2672
-3074
-3692
-4736
-5866
-6791
-7233
-7289
-7229
-6722
-5352
-2981
-289
1893
3211
3879
4288
4441
4145
3451
2565
1687
960
389
141
396
969
1440
1600
1458
1239
949
502
23
-254
-66
524
1582
2842
4301
6026
7359
7924
7455
6405
5325
4298
3499
2740
2296
2578
3294
4075
4734
5092
5029
4520
3507
2114
897
146
-186
78
919
2422
4502
6466
7923
8647
8682
8159
6834
4815
2408
182
-1250
-1907
-1782
-1150
-248
840
1622
2016
2130
2047
1743
1259
936
1068
1793
3020
4342
5281
5937
6135
5612
4524
2750
670
-1282
-3269
-5104
-6306
-6726
-5860
-3924
-1836
149
1687
2620
2803
2048
254
-2294
-5238
-8231
-10598
-11629
-11082
-9693
-8286
-7252
-6370
-5523
-4960
-4851
-5103
-5337
-5406
-5269
-4934
-4274
-3349
-2428
-1945
-2130
-2501
-2724
-2705
-2456
-2295
-2472
-3028
-3960
-5248
-6487
-7277
-7740
-7808
-7567
-7043
-5692
-3339
-522
1852
3256
3942
4282
4370
4073
3308
2454
1784
1215
702
341
439
950
1377
1451
1156
665
178
-207
-504
-624
-252
705
1977
3328
4901
6458
7665
8330
7986
6900
5551
4273
3272
2362
1751
1884
2598
3348
4021
4450
4434
4200
3466
2123
774
-245
-691
-476
289
1857
4033
6153
7850
8884
9288
8879
7536
5530
3015
631
-1112
-2044
-2104
-1617
-698
404
1276
1826
2171
2195
1879
1536
1182
1171
1959
3263
4625
5816
6596
6796
6380
5282
3444
1141
-1059
-3201
-5127
-6316
-6625
-5789
-4020
-1992
-109
1436
2370
2489
1771
227
-1958
-4503
-7214
-9554
-10702
-10528
-9422
-8206
-7426
-6810
-6231
-5687
-5459
-5601
-5747
-5729
-5429
-5025
-4492
-3750
-2995
-2430
-2424
-2887
-3228
-3077
-2666
-2367
-2233
-2517
-3305
-4351
-5553
-6671
-7435
-7794
-7921
-7708
-6689
-4655
-1967
526
2288
3342
3925
4204
4116
3632
2889
2205
1618
967
520
461
825
1428
1653
1472
1086
689
449
16
-361
-259
341
1413
2691
4022
5467
6927
7858
7841
7068
5961
4908
4025
3194
2519
2301
2553
3129
3797
4252
4405
4148
3475
2442
1366
640
248
276
762
1978
3833
5684
7215
8177
8573
8315
7237
5552
3435
1259
-410
-1452
-1792
-1538
-815
294
1258
1884
2156
2163
2033
1608
1312
1415
1909
2897
3949
4986
5927
6322
6064
5066
3468
1519
-634
-2676
-4499
-5834
-6259
-5687
-4296
-2437
-447
1230
2356
2729
2136
663
-1561
-4213
-6860
-9115
-10441
-10508
-9625
-8455
-7537
-6830
-6179
-5652
-5298
-5274
-5386
-5354
-5142
-4685
-4033
-3265
-2648
-2503
-2734
-3128
-3363
-3217
-2914
-2555
-2318
-2443
-3055
-4184
-5508
-6819
-7822
-8407
-8714
-8477
-7391
-5230
-2346
369
2317
3444
4191
4564
4424
3885
2969
2047
1314
670
285
377
900
1282
1323
1182
859
447
-73
-649
-1030
-945
-366
654
2034
3730
5574
7269
8389
8481
7798
6770
5475
4161
3069
2198
1933
2471
3274
3975
4477
4671
4454
3743
2604
1274
228
-385
-483
177
1452
3464
5694
7500
8884
9471
9223
8158
6291
3999
1637
-372
-1642
-2078
-1733
-829
242
1270
1971
2234
2251
2005
1495
944
855
1381
2426
3868
5209
6247
6803
6735
5979
4458
2391
45
-2269
-4387
-5944
-6556
-6059
-4663
-2767
-800
840
1992
2315
1857
533
-1695
-4381
-7302
-9860
-11169
-10924
-9646
-8172
-6977
-6113
-5459
-4924
-4745
-4982
-5448
-5923
-6074
-5920
-5332
-4304
-3272
-2588
-2630
-3138
-3542
-3705
-3542
-3179
-2918
-3047
-3599
-4511
-5561
-6462
-7090
-7357
-7538
-7553
-6869
-5126
-2582
-132
1737
2931
3430
3521
3347
2929
2409
1823
1403
1065
662
654
1009
1513
1927
1831
1509
1152
671
225
-115
-96
468
1385
2465
3688
5143
6647
7849
8374
7930
6888
5717
4607
3579
2791
2496
2776
3400
3981
4412
4513
4358
3875
2927
1783
673
-176
-511
4
1393
3218
5253
7129
8285
8829
8719
7920
6395
4010
1518
-462
-1796
-2286
-1887
-1048
-60
907
1540
1953
2055
1865
1678
1554
1611
1992
2898
4303
5707
6675
7118
6751
5424
3649
1606
-627
-2780
-4713
-6118
-6665
-6118
-4599
-2531
-457
1194
2190
2351
1668
155
-2003
-4474
-7090
-9392
-10774
-10953
-10029
-8669
-7480
-6617
-6064
-5785
-5780
-5922
-6101
-6107
-5910
-5639
-4929
-3964
-3127
-2456
-2366
-2600
-2863
-3157
-3240
-3181
-3139
-3235
-3582
-4228
-5221
-6330
-7080
-7459
-7539
-7240
-6472
-4932
-2785
-609
1274
2700
3607
4111
4229
3800
3147
2547
2022
1657
1383
1236
1189
1234
1211
1091
947
561
31
-626
-1132
-1056
-424
704
2070
3532
5030
6445
7581
8069
7835
7009
5741
4351
3131
2248
1993
2434
3180
3894
4332
4367
4114
3580
2689
1490
276
-426
-525
55
1540
3585
5827
7820
9191
9787
9556
8545
6732
4474
1962
-364
-1750
-2252
-1904
-853
365
1424
2277
2771
2671
2222
1697
1253
1040
1389
2418
3769
5272
6593
7254
7200
6329
4614
2240
-486
-3083
-5255
-6575
-6940
-6306
-4675
-2563
-335
1401
2289
2373
1464
-338
-2800
-5663
-8446
-10429
-11179
-10630
-9224
-7751
-6451
-5436
-4809
-4546
-4767
-5511
-6235
-6708
-6873
-6584
-5961
-4877
-3699
-2861
-2571
-2741
-2933
-3013
-2993
-2969
-2983
-3301
-4011
-5002
-6170
-6855
-7100
-7212
-7047
-6725
-5738
-3913
-1815
173
1629
2446
2822
2803
2533
2194
1858
1649
1454
1235
1034
976
1237
1568
1726
1389
864
480
-62
-362
-319
8
880
1974
3089
4398
5811
6992
7711
7726
6951
5823
4704
3699
3016
2728
2861
3399
4110
4755
5147
5079
4514
3588
2382
1076
-41
-628
-499
275
1719
3784
5993
7788
8921
9147
8601
7544
5727
3499
1342
-584
-1727
-1967
-1532
-485
704
1647
2369
2697
2493
1925
1346
971
937
1482
2439
3615
4954
6161
6794
6646
5790
4132
1865
-563
-2867
-4761
-6002
-6366
-5861
-4509
-2545
-593
1081
2165
2379
1707
108
-2181
-4833
-7420
-9390
-10319
-10157
-9255
-7978
-6876
-5994
-5313
-5090
-5098
-5465
-5967
-6174
-6231
-6033
-5365
-4341
-3269
-2578
-2514
-2746
-3063
-3154
-3048
-2969
-2940
-3189
-3728
-4581
-5484
-6318
-6884
-7171
-7408
-7257
-6353
-4631
-2404
-141
1538
2640
3361
3551
3474
3185
2797
2478
1996
1426
946
785
936
1092
1059
646
243
-39
-438
-695
-776
-560
143
1106
2173
3410
4796
6153
7051
7244
6810
5849
4864
4098
3335
2776
2657
2992
3693
4314
4581
4540
4125
3369
2344
1331
525
84
327
1083
2238
3946
5937
7563
8567
8977
8670
7722
6214
4302
2408
817
-283
-769
-655
-105
765
1737
2384
2546
2307
1848
1385
1045
1101
1691
2635
3814
5015
5905
6377
6248
5366
3879
1729
-769
-3003
-4795
-5969
-6347
-5901
-4713
-3020
-1270
251
1345
1760
1385
63
-1924
-4216
-6544
-8480
-9651
-9850
-9359
-8436
-7513
-6874
-6401
-6155
-5944
-5933
-6171
-6255
-6220
-5817
-5073
-4259
-3369
-2759
-2494
-2472
-2640
-2728
-2746
-2800
-2877
-3168
-3825
-4875
-6117
-7200
-7901
-8055
-7867
-7399
-6361
-4702
-2558
-304
1678
3040
3787
4042
3857
3403
2783
2215
1793
1484
1093
713
710
949
1169
1158
941
499
-79
-525
-877
-782
-89
1005
2339
3723
5164
6481
7457
7933
7724
6911
5777
4648
3668
2980
2777
2987
3499
3993
4261
4269
3902
3422
2751
1873
1257
963
1045
1569
2418
3650
5112
6422
7352
7737
7572
6932
5865
4294
2475
949
-240
-927
-1031
-750
8
983
1777
2249
2329
2166
1907
1687
1602
1818
2372
3264
4430
5221
5575
5642
5047
3714
1798
-349
-2374
-4041
-5186
-5777
-5658
-4738
-3320
-1696
-144
1048
1815
1905
1365
272
-1302
-3000
-4906
-6794
-8309
-9159
-9411
-9373
-9232
-9163
-8845
-8308
-7513
-6541
-5626
-4690
-3875
-3193
-2842
-2786
-2702
-2650
-2793
-3068
-3316
-3328
-2905
-2317
-2053
-2293
-2976
-4130
-5578
-7158
-8537
-9167
-9037
-8278
-7027
-5146
-2576
163
2452
4014
4794
4889
4485
3604
2537
1553
866
351
-84
-117
107
593
1174
1346
1213
768
236
-74
-355
-307
280
1315
2613
3847
5089
6197
7033
7452
7185
6356
5253
4183
3215
2507
2132
2252
2836
3337
3677
3923
4115
4143
3838
3315
2663
2066
1796
1992
2602
3685
5053
6227
6991
7350
7344
6853
5843
4373
2737
1236
31
-616
-699
-240
481
1108
1597
1859
1954
2094
2291
2456
2575
2803
3381
4157
4905
5435
5526
5035
3987
2401
536
-1220
-2794
-3931
-4738
-5083
-4720
-3835
-2384
-950
179
1114
1537
1400
587
-864
-2501
-4298
-6244
-8127
-9615
-10201
-9990
-9584
-9313
-8988
-8464
-7553
-6524
-5752
-5040
-4451
-3836
-3344
-3177
-3130
-3207
-3363
-3706
-4095
-4105
-3696
-2996
-2250
-1882
-2082
-2733
-3810
-5286
-6757
-7897
-8475
-8509
-7888
-6466
-4287
-1373
1427
3565
4866
5382
5484
4925
3865
2720
1689
918
359
10
-30
357
968
1312
1181
875
480
36
-258
-333
9
797
1931
3198
4509
5961
7190
7966
7987
7129
5943
4585
3325
2203
1216
952
1309
1931
2604
3062
3431
3767
3718
3147
2391
1811
1551
1735
2366
3295
4460
5763
6870
7402
7384
6889
6007
4754
3117
1485
169
-575
-747
-546
52
843
1550
1951
1989
1830
1651
1684
1857
2231
2868
3827
4971
5898
6370
6275
5618
4223
2267
87
-1859
-3384
-4465
-4964
-4998
-4396
-3285
-1939
-581
506
1336
1804
1729
1068
-14
-1379
-2937
-4697
-6682
-8467
-9623
-10147
-10285
-10257
-10009
-9360
-8386
-7223
-5950
-4776
-3772
-2892
-2511
-2665
-2897
-3258
-3696
-4117
-4538
-4627
-4073
-3056
-2159
-1605
-1524
-2076
-3263
-5075
-7061
-8585
-9331
-9313
-8576
-7091
-4756
-1705
1339
3765
5282
5841
5664
4857
3490
1986
819
-2
-528
-644
-405
137
847
1479
1729
1470
928
272
-223
-372
-151
603
1831
3328
4934
6417
7564
8211
8034
6990
5521
3982
2614
1632
1083
985
1514
2512
3419
4129
4589
4549
4109
3356
2465
1785
1537
1773
2389
3436
4773
6072
7062
7446
7300
6731
5607
4088
2521
1188
255
-259
-324
-33
541
1242
1751
1959
1774
1436
1295
1287
1433
1835
2664
3840
4932
5781
6140
5833
5029
3622
1665
-403
-2183
-3441
-4242
-4722
-4780
-4244
-3244
-2234
-1333
-460
302
970
1329
1175
650
-296
-1724
-3455
-5625
-8017
-9986
-11244
-11755
-11937
-11790
-10987
-9602
-7845
-6137
-4653
-3321
-2240
-1746
-1931
-2522
-3215
-3887
-4524
-4889
-4823
-4208
-3086
-1799
-877
-606
-958
-2139
-4225
-6765
-8996
-10363
-10671
-9880
-8007
-5209
-1676
2046
5120
7094
7692
7220
5971
4050
1999
226
-808
-1117
-905
-152
803
1770
2471
2604
2165
1259
290
-533
-1108
-1071
-385
967
2823
4701
6547
7993
8691
8670
7772
6254
4467
2728
1407
595
370
900
1987
3100
4122
4841
5075
4830
3943
2800
1921
1436
1423
1854
2706
3964
5372
6624
7411
7558
7213
6340
4930
3237
1639
487
-251
-604
-596
-202
538
1340
1930
2166
2210
2097
1869
1771
1948
2565
3493
4446
5199
5548
5458
4821
3594
1834
-218
-2022
-3440
-4510
-4997
-4931
-4378
-3456
-2557
-1801
-1198
-622
0
435
529
205
-389
-1223
-2570
-4278
-6230
-8255
-9899
-11077
-11780
-11970
-11547
-10493
-8993
-7223
-5631
-4302
-2991
-2149
-2045
-2268
-2707
-3358
-4008
-4635
-4958
-4616
-3769
-2755
-1869
-1334
-1287
-1893
-3264
-5236
-7286
-8877
-9746
-9632
-8517
-6529
-3795
-475
2716
4976
6228
6434
5885
4758
3066
1337
138
-572
-715
-243
408
1229
2000
2413
2413
1863
1055
310
-264
-367
-1
934
2517
4351
6168
7650
8571
8935
8497
7274
5592
3809
2358
1372
996
1185
1776
2769
3793
4609
5021
4889
4482
3946
3251
2573
2233
2362
3053
4048
4955
5779
6340
6535
6339
5617
4449
3083
1803
716
-112
-574
-556
-128
461
984
1424
1640
1551
1449
1316
1138
1146
1479
2150
3133
4054
4754
5042
4657
3757
2308
597
-1076
-2511
-3608
-4300
-4509
-4244
-3621
-3003
-2282
-1583
-971
-353
-15
299
474
113
-509
-1345
-2659
-4495
-6715
-8918
-10495
-11367
-11759
-11619
-10906
-9525
-7701
-5851
-4148
-2753
-1814
-1391
-1573
-2354
-3313
-4087
-4678
-4910
-4720
-4371
-3644
-2437
-1487
-1202
-1501
-2466
-4018
-6084
-8165
-9513
-9902
-9102
-7384
-5164
-2255
892
3688
5796
6658
6518
5752
4311
2545
955
-91
-433
-222
395
1168
1865
2490
2767
2582
2037
1171
400
-38
-65
542
1702
3221
4856
6382
7443
7960
7980
7130
5613
3916
2420
1405
895
912
1381
2187
3111
3899
4324
4341
4137
3705
3037
2539
2284
2330
2851
3571
4370
5033
5455
5614
5295
4581
3746
2862
1954
1098
312
-103
-70
181
586
1023
1335
1583
1727
1645
1496
1583
1880
2166
2703
3392
4081
4790
5064
4802
3984
2717
1121
-692
-2281
-3492
-4136
-4258
-4069
-3666
-3093
-2328
-1580
-993
-541
-145
172
336
265
-90
-693
-1653
-3064
-5054
-7353
-9309
-10668
-11361
-11598
-11360
-10457
-9109
-7438
-5688
-4065
-2692
-1838
-1610
-1898
-2596
-3433
-4031
-4362
-4517
-4461
-3980
-3085
-2181
-1529
-1303
-1605
-2637
-4348
-6147
-7792
-8812
-8784
-7935
-6375
-4261
-1672
1178
3577
5051
5629
5400
4608
3384
1966
805
161
217
682
1159
1641
2133
2495
2490
2121
1534
956
594
548
946
1675
2898
4530
5990
7083
7644
7730
7463
6605
5230
3744
2616
1909
1484
1583
2210
3055
3931
4497
4547
4319
3786
3169
2660
2231
2186
2521
3180
4039
4815
5428
5794
5681
4949
3944
2925
1922
1096
394
-152
-402
-376
-251
-34
378
595
689
803
706
663
858
1229
1692
2156
2664
3210
3623
3769
3443
2623
1502
61
-1449
-2818
-3798
-4124
-4084
-3794
-3359
-2848
-2150
-1495
-968
-541
-224
111
342
331
59
-477
-1265
-2521
-4411
-6652
-8719
-10198
-11088
-11359
-10862
-9771
-8182
-6362
-4655
-3177
-2022
-1301
-1214
-1745
-2703
-3670
-4256
-4432
-4355
-4064
-3328
-2435
-1766
-1400
-1540
-2106
-3115
-4675
-6496
-8020
-8713
-8374
-7232
-5560
-3404
-930
1601
3602
4731
5113
4860
4131
3025
1805
824
453
728
1140
1483
1835
2131
2272
2186
1924
1541
1170
1015
1101
1502
2345
3544
4812
5818
6373
6570
6524
6202
5489
4596
3710
2950
2595
2454
2490
2893
3386
3798
3904
3575
3175
2862
2697
2657
2751
3073
3671
4490
5124
5580
5861
5707
5094
4083
2968
1965
1190
677
364
209
126
197
379
448
495
565
560
489
446
597
1024
1589
2209
2836
3314
3732
3830
3432
2772
1750
500
-841
-2109
-3120
-3774
-3859
-3648
-3170
-2649
-2252
-1764
-1374
-1024
-837
-682
-538
-507
-493
-728
-1139
-1965
-3257
-4897
-7060
-9156
-10689
-11560
-11673
-11237
-10193
-8535
-6645
-4794
-3229
-2112
-1469
-1468
-2032
-2869
-3770
-4318
-4454
-4307
-3863
-3333
-2670
-1934
-1564
-1694
-2188
-3142
-4378
-5691
-6955
-7428
-7004
-5964
-4383
-2576
-580
1438
3222
4440
4892
4789
4311
3650
2884
2271
1948
1846
1897
1847
1802
1747
1714
1771
1678
1565
1509
1546
1838
2423
3124
3891
4755
5416
5754
5830
5721
5555
5249
4614
3873
3211
2733
2636
2615
2694
2931
3043
3000
2736
2494
2533
2650
2755
2909
3144
3621
4243
4716
4947
4872
4578
4032
3293
2678
2141
1801
1736
1568
1266
1086
928
746
553
255
-67
-321
-316
-27
450
1213
2095
2817
3228
3358
3213
2811
2228
1352
308
-679
-1529
-2160
-2577
-2734
-2596
-2337
-2159
-2128
-2156
-2125
-1976
-1805
-1698
-1320
-872
-506
-123
-177
-582
-1301
-2482
-4180
-6439
-8739
-10485
-11529
-11900
-11467
-10382
-8791
-6787
-4882
-3252
-1992
-1370
-1338
-1882
-2845
-3780
-4330
-4398
-4074
-3583
-2914
-2028
-1333
-957
-1048
-1704
-2582
-3834
-5377
-6625
-7335
-7234
-6298
-4911
-3272
-1337
728
2670
4129
4907
5173
4958
4311
3413
2556
1995
1702
1522
1481
1388
1284
1425
1623
1693
1553
1467
1554
1746
2072
2508
3154
3913
4633
5085
5239
5364
5447
5430
5144
4521
3921
3498
3193
3011
2882
2858
2874
2824
2900
2997
3214
3669
3990
4256
4456
4550
4681
4730
4689
4493
4124
3700
3253
2832
2541
2317
2139
1931
1550
1054
521
190
-97
-396
-550
-684
-558
-171
330
1036
1796
2366
2533
2395
2110
1724
1278
622
-52
-638
-1246
-1628
-1933
-2191
-2271
-2331
-2384
-2590
-2881
-3014
-2962
-2673
-2261
-1790
-1170
-496
108
384
266
-235
-1349
-2976
-4953
-7156
-9258
-10772
-11386
-11316
-10618
-9263
-7614
-5734
-3910
-2576
-1693
-1376
-1657
-2379
-3255
-3962
-4235
-3915
-3441
-2932
-2219
-1426
-838
-791
-1151
-1783
-2795
-4076
-5315
-6280
-6724
-6383
-5351
-4106
-2626
-800
1075
2910
4279
4926
5156
4988
4398
3571
2742
2044
1594
1410
1250
1137
1308
1701
2025
2130
2077
2042
2111
2211
2337
2654
3200
3809
4307
4609
4883
5183
5376
5392
5149
4597
3945
3496
3006
2507
2191
2022
2078
2243
2510
2979
3548
4045
4376
4384
4172
4000
3773
3552
3278
2974
2789
2658
2681
2666
2722
2712
2404
2026
1421
766
217
-254
-544
-778
-887
-593
-55
537
1352
2138
2668
2947
2885
2541
2008
1424
821
90
-600
-958
-1258
-1497
-1591
-1750
-1871
-2104
-2407
-2715
-3046
-3155
-3066
-2807
-2281
-1621
-843
-27
485
673
364
-499
-1798
-3618
-5738
-7904
-9742
-10928
-11338
-10971
-9994
-8592
-6916
-5103
-3639
-2656
-2040
-1969
-2326
-2889
-3464
-3816
-3784
-3452
-2947
-2306
-1726
-1233
-977
-1136
-1593
-2358
-3292
-4397
-5443
-6033
-6134
-5627
-4633
-3401
-1858
-80
1686
3249
4375
5022
5168
4857
4230
3427
2696
2077
1718
1565
1431
1528
1863
2278
2655
2852
2898
2921
2949
2885
2843
3049
3359
3814
4343
4723
5184
5629
5859
5703
5095
4448
3732
2974
2331
1797
1622
1664
1898
2357
2921
3515
4080
4390
4316
4020
3577
3216
2817
2471
2315
2213
2242
2299
2408
2495
2497
2294
1894
1387
749
35
-729
-1161
-1382
-1548
-1288
-627
156
826
1421
2018
2416
2517
2341
1857
1308
740
207
18
-139
-324
-447
-640
-892
-1395
-1925
-2379
-2901
-3377
-3681
-3615
-3250
-2676
-1745
-698
263
969
1179
916
116
-1107
-2698
-4642
-6763
-8634
-9963
-10544
-10289
-9547
-8395
-6982
-5576
-4305
-3309
-2708
-2389
-2359
-2680
-3112
-3495
-3550
-3234
-2774
-2269
-1692
-1229
-1002
-836
-992
-1498
-2224
-3267
-4321
-5218
-5782
-5813
-5374
-4550
-3346
-1848
-168
1680
3123
4058
4731
4827
4535
4000
3264
2569
2008
1691
1469
1407
1604
1931
2369
2625
2705
2669
2474
2320
2248
2369
2649
3061
3602
4152
4834
5420
5774
6013
5772
5158
4482
3623
2804
2121
1495
1312
1521
1913
2541
3194
3929
4502
4616
4497
4158
3682
3227
2727
2306
2125
2075
2214
2443
2619
2767
2740
2482
1900
1086
243
-533
-1151
-1537
-1645
-1358
-727
43
854
1644
2304
2636
2657
2413
1936
1280
636
228
-75
-306
-394
-388
-539
-987
-1542
-2210
-2854
-3331
-3745
-4074
-4160
-3789
-3041
-2105
-1033
-56
632
1001
833
84
-1060
-2545
-4294
-6162
-8005
-9454
-10182
-10226
-9561
-8647
-7560
-6182
-4945
-3869
-3185
-2802
-2597
-2768
-3106
-3497
-3683
-3555
-3193
-2696
-2212
-1681
-1136
-752
-671
-976
-1586
-2321
-3312
-4354
-5189
-5569
-5280
-4594
-3486
-2111
-527
1300
2894
4084
4838
5097
5007
4572
3909
3190
2562
2140
1884
1737
1797
2080
2439
2729
2698
2539
2392
2154
1919
1792
1870
2250
2896
3628
4465
5350
6084
6425
6395
5962
5142
4237
3339
2475
1704
1302
1327
1682
2193
2808
3473
3850
4112
4055
3708
3423
3074
2712
2407
2368
2569
2871
3212
3492
3583
3310
2874
2292
1451
534
-400
-1187
-1720
-2014
-1934
-1547
-875
-133
454
966
1297
1536
1675
1552
1243
899
568
267
39
-191
-406
-725
-1190
-1827
-2556
-3092
-3492
-3746
-3810
-3608
-3132
-2510
-1671
-795
-87
560
815
579
43
-989
-2302
-3676
-5261
-6904
-8266
-9146
-9378
-9071
-8465
-7492
-6292
-5162
-4143
-3361
-2797
-2443
-2401
-2639
-2967
-3212
-3268
-3048
-2721
-2231
-1703
-1282
-915
-834
-1102
-1627
-2336
-3286
-4299
-5102
-5566
-5559
-5056
-4105
-2799
-1283
373
2005
3289
4250
4823
4949
4726
4185
3569
3012
2565
2262
2045
2058
2305
2568
2786
2791
2592
2436
2270
1954
1628
1497
1687
2180
2822
3655
4552
5250
5743
5891
5657
5131
4351
3568
2796
2061
1630
1481
1616
1975
2487
3025
3391
3764
3925
3827
3658
3421
3180
2859
2633
2542
2566
2709
2837
2826
2602
2328
1896
1264
625
-95
-716
-1253
-1591
-1604
-1513
-1097
-568
-61
454
913
1336
1642
1860
1808
1551
1189
901
606
167
-222
-727
-1248
-1791
-2395
-2897
-3264
-3402
-3378
-3228
-2812
-2149
-1381
-657
18
560
724
519
-94
-1045
-2178
-3441
-4735
-6132
-7472
-8334
-8713
-8705
-8245
-7521
-6612
-5623
-4750
-4002
-3471
-2999
-2791
-2836
-2939
-3061
-2941
-2704
-2286
-1894
-1597
-1219
-880
-761
-1015
-1470
-2160
-2893
-3627
-4393
-4771
-4792
-4416
-3623
-2573
-1289
169
1622
2740
3592
4114
4198
4052
3718
3310
2960
2722
2652
2650
2582
2655
2786
2737
2647
2386
2127
1944
1614
1481
1584
1847
2363
3033
3681
4306
4884
5144
5189
4933
4324
3676
3018
2454
2034
1725
1618
1768
2143
2614
2984
3235
3457
3517
3424
3226
2994
2896
2778
2712
2748
2735
2869
2973
2777
2485
2177
1714
1193
565
-196
-746
-1154
-1357
-1300
-1163
-809
-308
140
515
818
1145
1432
1546
1469
1277
1093
901
658
338
-45
-461
-857
-1361
-2048
-2618
-2967
-3173
-3258
-3179
-2876
-2334
-1697
-1043
-381
24
228
148
-366
-1257
-2386
-3493
-4780
-6101
-7199
-8081
-8510
-8499
-8136
-7482
-6666
-5673
-4684
-3954
-3304
-2789
-2581
-2573
-2651
-2710
-2688
-2442
-2058
-1705
-1386
-1075
-798
-670
-833
-1311
-1998
-2817
-3634
-4322
-4784
-4843
-4422
-3615
-2553
-1278
96
1457
2609
3325
3672
3682
3496
3186
2717
2304
2146
2191
2302
2426
2524
2636
2697
2651
2489
2162
1721
1509
1469
1482
1827
2331
2932
3538
4079
4677
5055
5173
5164
4773
4076
3434
2857
2362
2023
1868
1944
2224
2479
2789
3151
3378
3553
3594
3535
3402
3244
3160
3045
2874
2824
2835
2739
2634
2351
1912
1562
1071
567
82
-441
-721
-872
-902
-834
-631
-274
132
468
612
851
1096
1269
1428
1343
1141
983
775
461
82
-372
-802
-1227
-1747
-2268
-2739
-2984
-3032
-2932
-2723
-2389
-1777
-1152
-560
-93
6
-166
-710
-1523
-2583
-3873
-5025
-6229
-7323
-8048
-8389
-8213
-7763
-7078
-6235
-5360
-4471
-3703
-3155
-2883
-2881
-2949
-2965
-2945
-2783
-2471
-2065
-1549
-1029
-701
-552
-614
-988
-1525
-2255
-3137
-3943
-4462
-4630
-4562
-4103
-3170
-2015
-746
518
1601
2509
3149
3412
3340
3173
2884
2547
2389
2282
2386
2574
2743
2845
2791
2782
2617
2349
2034
1680
1438
1338
1537
1817
2206
2771
3355
3987
4402
4651
4826
4741
4475
4134
3673
3189
2893
2675
2478
2419
2354
2365
2496
2545
2566
2568
2631
2704
2647
2699
2829
2869
2955
2971
2895
2828
2602
2332
1998
1563
1125
680
357
-6
-339
-403
-267
-186
-58
294
502
716
977
1088
1181
1287
1389
1353
1233
1103
887
592
207
-275
-756
-1296
-1854
-2439
-2929
-3032
-3108
-3024
-2619
-2196
-1741
-1264
-794
-582
-671
-1058
-1764
-2587
-3695
-4885
-6019
-7000
-7569
-7906
-7914
-7635
-7102
-6302
-5550
-4760
-4046
-3548
-3115
-2943
-2895
-2865
-2894
-2770
-2584
-2175
-1638
-1129
-493
-99
51
-112
-664
-1418
-2399
-3302
-3998
-4462
-4618
-4402
-3798
-2839
-1612
-423
801
1790
2501
3129
3235
3099
2953
2685
2391
2122
2099
2237
2398
2628
2802
2856
2823
2614
2236
1825
1465
1170
968
1101
1520
2012
2602
3210
3812
4266
4615
4770
4704
4502
4019
3641
3276
2912
2745
2515
2418
2462
2491
2591
2674
2627
2540
2541
2619
2642
2727
2862
2897
3024
3042
2886
2751
2389
1934
1515
1063
676
288
15
-84
-159
-153
-17
109
164
268
423
542
657
792
984
1116
1239
1330
1290
1202
1015
691
229
-237
-834
-1453
-1893
-2279
-2455
-2480
-2307
-2059
-1800
-1470
-1299
-1121
-1168
-1392
-1686
-2266
-2923
-3705
-4516
-5282
-5886
-6292
-6514
-6437
-6247
-5837
-5374
-5001
-4541
-4048
-3640
-3442
-3310
-3291
-3287
-3151
-2919
-2639
-2376
-1923
-1377
-899
-584
-521
-695
-1062
-1568
-2293
-3114
-3771
-4185
-4244
-3960
-3383
-2464
-1425
-405
536
1356
1997
2385
2549
2475
2330
2241
2218
2179
2177
2259
2418
2600
2587
2538
2325
1942
1611
1289
1121
999
1001
1285
1697
2321
2922
3368
3772
3941
3972
3911
3766
3616
3401
3222
3182
3172
3158
3138
3021
2914
2677
2315
2053
1764
1564
1535
1638
1913
2270
2652
2938
3199
3358
3222
2881
2405
1927
1427
881
531
420
399
496
687
860
1034
1079
1014
936
762
638
628
629
779
1094
1418
1762
1981
1968
1761
1293
656
-111
-938
-1696
-2274
-2638
-2769
-2638
-2382
-2031
-1704
-1442
-1299
-1374
-1568
-2022
-2645
-3329
-3949
-4384
-4668
-4763
-4843
-4842
-4712
-4557
-4462
-4480
-4490
-4482
-4485
-4501
-4533
-4486
-4228
-3903
-3554
-3193
-2781
-2263
-1931
-1708
-1452
-1281
-1197
-1284
-1556
-1833
-2121
-2518
-2856
-3061
-3074
-2906
-2645
-2145
-1557
-957
-272
220
657
952
1047
1343
1477
1541
1805
1988
2276
2527
2673
2821
2717
2492
2204
1784
1382
1116
1031
1042
1231
1673
2190
2685
3150
3465
3737
3881
3643
3379
3205
2976
2849
2906
3160
3412
3634
3843
3911
3792
3337
2694
2062
1490
1037
851
908
1179
1719
2329
2913
3358
3581
3585
3301
2721
2011
1282
750
433
224
389
716
1021
1433
1730
1845
1809
1533
1084
638
297
19
-112
-31
224
517
773
992
950
688
336
-169
-761
-1355
-1922
-2288
-2363
-2388
-2301
-2019
-1860
-1740
-1748
-1867
-1892
-2059
-2277
-2430
-2539
-2593
-2595
-2696
-2998
-3308
-3723
-4253
-4689
-5092
-5402
-5612
-5573
-5246
-4757
-4187
-3678
-3126
-2847
-2766
-2772
-2932
-3149
-3343
-3273
-3183
-2816
-2247
-1705
-987
-499
-262
-288
-591
-1016
-1586
-2188
-2694
-2879
-2750
-2398
-1673
-731
100
883
1537
1914
2114
2056
1797
1443
1131
993
1037
1199
1459
1901
2372
2845
3177
3265
3277
3131
2931
2624
2191
2021
2053
2094
2284
2574
2898
3287
3562
3726
3791
3747
3575
3309
3027
2690
2406
2216
2087
2028
2051
2135
2314
2486
2651
2868
2981
3056
2953
2753
2644
2450
2251
2030
1792
1690
1635
1696
1752
1729
1718
1559
1415
1210
907
667
420
210
133
194
244
375
550
677
813
807
698
542
256
-139
-594
-1014
-1324
-1618
-1924
-2104
-2160
-2209
-2190
-2129
-2048
-1973
-1982
-2046
-2126
-2191
-2264
-2397
-2661
-3034
-3475
-3811
-4136
-4476
-4693
-4879
-4869
-4789
-4807
-4726
-4517
-4375
-4329
-4197
-4158
-4178
-4059
-3984
-3886
-3679
-3393
-2974
-2560
-2122
-1682
-1350
-1060
-912
-878
-963
-1234
-1453
-1661
-1896
-1961
-1909
-1779
-1506
-1090
-607
-117
323
672
1009
1284
1462
1597
1631
1620
1661
1816
2046
2270
2451
2523
2618
2837
2888
2882
2948
2857
2822
2793
2764
2771
2695
2755
2873
2838
2852
2900
2870
2883
2797
2766
2875
2873
2784
2822
2924
2991
3002
2925
2893
2786
2611
2542
2480
2391
2416
2476
2546
2589
2526
2481
2400
2362
2298
2100
1893
1664
1526
1416
1298
1289
1234
1192
1163
1073
963
841
703
571
490
364
286
235
122
30
-55
-232
-380
-499
-750
-1015
-1252
-1460
-1678
-1815
-1901
-2085
-2232
-2386
-2622
-2902
-3193
-3418
-3655
-3840
-3900
-3876
-3762
-3678
-3554
-3400
-3412
-3418
-3518
-3731
-3889
-4058
-4159
-4195
-4127
-3890
-3624
-3330
-2969
-2740
-2584
-2529
-2579
-2619
-2756
-2934
-2966
-2903
-2766
-2470
-2128
-1620
-1191
-961
-830
-827
-830
-931
-1091
-1212
-1212
-1120
-827
-409
-2
521
1016
1333
1574
1766
1808
1696
1490
1299
1131
1137
1232
1305
1508
1684
1863
2141
2350
2480
2594
2569
2574
2642
2618
2621
2643
2642
2713
2910
3003
3067
3131
3121
3167
3202
3169
3055
2994
2868
2661
2509
2431
2365
2278
2284
2282
2378
2482
2520
2642
2637
2550
2460
2309
2227
2063
1901
1831
1739
1791
1822
1848
1814
1742
1822
1630
1397
1204
899
711
422
193
16
-213
-310
-389
-444
-544
-686
-730
-778
-878
-1031
-1216
-1394
-1614
-1777
-1944
-2121
-2281
-2528
-2640
-2771
-2963
-3070
-3220
-3301
-3320
-3362
-3421
-3526
-3628
-3692
-3846
-3993
-4060
-4049
-3954
-3954
-3843
-3606
-3411
-3147
-2992
-2915
-2858
-2923
-3037
-3178
-3278
-3337
-3319
-3184
-2906
-2547
-2222
-1887
-1512
-1226
-1078
-1010
-1122
-1161
-1093
-1002
-856
-736
-435
-83
311
621
769
983
1001
981
997
891
918
1012
1133
1336
1558
1844
2095
2282
2424
2507
2534
2498
2473
2426
2333
2378
2516
2585
2675
2827
2990
3099
3184
3147
3046
3026
2941
2878
2863
2849
2743
2669
2749
2709
2654
2521
2386
2400
2391
2328
2197
2173
2183
2148
2131
2080
2082
1977
1804
1787
1710
1653
1641
1627
1655
1573
1528
1473
1381
1325
1155
880
638
463
273
99
-51
-211
-341
-465
-671
-991
-1245
-1428
-1627
-1820
-2002
-2156
-2180
-2085
-2024
-1951
-1986
-2006
-1952
-2079
-2290
-2436
-2600
-2889
-3139
-3359
-3589
-3647
-3592
-3592
-3465
-3270
-3183
-3142
-3158
-3093
-3068
-3168
-3234
-3346
-3433
-3417
-3430
-3385
-3190
-2984
-2680
-2271
-2051
-1936
-1848
-1807
-1718
-1750
-1786
-1744
-1811
-1809
-1729
-1593
-1232
-880
-655
-417
-213
-19
149
242
291
232
143
126
158
281
420
612
1018
1405
1682
1907
2056
2259
2342
2283
2222
2147
2138
2170
2347
2543
2597
2700
2831
3010
3095
2993
2927
2861
2769
2690
2605
2615
2698
2812
2973
3058
3119
3284
3237
3061
3052
2912
2698
2599
2525
2440
2383
2411
2409
2395
2339
2214
2118
1874
1715
1616
1379
1317
1188
1149
1260
1232
1212
1092
1037
978
763
575
256
-102
-360
-557
-722
-874
-914
-967
-1052
-1078
-1178
-1325
-1533
-1778
-1929
-2119
-2331
-2407
-2441
-2518
-2479
-2460
-2492
-2456
-2553
-2653
-2753
-2926
-3113
-3297
-3352
-3372
-3421
-3465
-3434
-3354
-3274
-3128
-3025
-3033
-2956
-2949
-3038
-2964
-2865
-2787
-2739
-2695
-2586
-2373
-2162
-2012
-1876
-1880
-1793
-1677
-1651
-1570
-1531
-1402
-1287
-1178
-979
-797
-666
-612
-422
-293
-239
-54
123
176
345
605
730
938
1074
1172
1264
1344
1452
1459
1489
1547
1681
1774
1862
1988
2086
2233
2386
2564
2605
2643
2764
2814
2829
2805
2755
2684
2705
2724
2655
2631
2625
2667
2709
2736
2830
2904
2895
2887
2843
2750
2687
2627
2526
2392
2255
2166
2174
2178
2175
2181
2089
2040
2004
1855
1701
1488
1262
1131
965
836
742
559
499
446
415
440
215
53
-102
-281
-347
-687
-950
-1115
-1326
-1317
-1441
-1562
-1575
-1748
-1783
-1819
-1914
-1947
-2108
-2184
-2235
-2364
-2464
-2517
-2552
-2745
-2898
-2992
-3104
-3169
-3184
-3142
-3165
-3131
-3093
-3043
-2898
-2899
-2999
-3022
-3067
-3016
-2878
-2819
-2627
-2431
-2201
-1980
-1862
-1723
-1675
-1627
-1593
-1586
-1601
-1543
-1455
-1477
-1321
-1055
-882
-730
-560
-473
-477
-428
-360
-321
-274
-193
-96
128
387
612
865
1063
1209
1289
1351
1386
1360
1360
1371
1394
1521
1652
1748
1904
2126
2260
2316
2427
2451
2512
2580
2537
2505
2438
2424
2457
2454
2493
2499
2449
2477
2553
2571
2615
2586
2495
2542
2490
2474
2483
2314
2291
2253
2171
2103
2037
2014
1919
1779
1669
1631
1475
1395
1340
1113
965
789
630
551
378
278
224
95
-1
-105
-182
-172
-255
-426
-506
-583
-662
-767
-959
-1010
-1179
-1373
-1396
-1512
-1624
-1795
-1916
-1995
-2038
-2140
-2312
-2330
-2427
-2491
-2527
-2542
-2504
-2494
-2440
-2462
-2490
-2465
-2543
-2618
-2658
-2725
-2659
-2622
-2564
-2344
-2277
-2246
-2063
-1945
-1884
-1814
-1810
-1829
-1840
-1725
-1628
-1558
-1386
-1278
-1170
-1012
-860
-810
-740
-675
-661
-573
-517
-453
-386
-291
-145
80
278
307
439
508
549
744
820
830
922
975
1038
1179
1196
1259
1355
1304
1335
1423
1566
1634
1609
1721
1798
1896
2026
2050
2074
2065
2056
2114
2122
2076
2192
2211
2169
2214
2138
2128
2031
1938
1950
1869
1787
1735
1725
1748
1660
1566
1632
1596
1517
1549
1467
1346
1260
1152
1069
1035
1101
1048
915
898
785
688
558
276
261
184
-112
-161
-249
-329
-323
-384
-410
-512
-571
-615
-679
-797
-1035
-1103
-1085
-1143
-1148
-1174
-1226
-1237
-1263
-1269
-1319
-1447
-1614
-1743
-1767
-1823
-1915
-1984
-2067
-2083
-2034
-2026
-1966
-1880
-1870
-1845
-1766
-1751
-1779
-1797
-1812
-1876
-1943
-1886
-1844
-1754
-1651
-1498
-1290
-1202
-1033
-925
-913
-897
-939
-899
-957
-969
-901
-936
-811
-696
-544
-342
-245
-141
-124
-117
-88
-98
-71
-18
87
232
304
465
706
813
891
1038
1138
1073
1033
1047
1004
996
1058
1097
1139
1281
1401
1488
1550
1618
1740
1745
1685
1598
1618
1693
1590
1573
1643
1667
1552
1512
1642
1606
1633
1649
1534
1469
1455
1431
1300
1317
1342
1285
1277
1157
1068
1069
1055
920
851
833
701
702
690
570
497
455
470
445
268
113
69
47
58
17
-158
-247
-236
-270
-321
-344
-313
-409
-553
-520
-512
-560
-635
-748
-789
-798
-752
-723
-809
-934
-942
-906
-1006
-1035
-1099
-1187
-1123
-1256
-1347
-1299
-1432
-1459
-1452
-1507
-1446
-1449
-1434
-1409
-1495
-1521
-1432
-1353
-1363
-1369
-1313
-1282
-1222
-1192
-1241
-1140
-1009
-1054
-1067
-1001
-1009
-974
-872
-835
-771
-749
-794
-703
-629
-563
-546
-557
-435
-359
-342
-269
-140
-91
20
109
109
200
217
224
232
331
493
582
726
785
787
852
877
896
866
799
791
718
790
935
883
932
1069
1218
1314
1344
1365
1234
1220
1387
1398
1284
1220
1268
1335
1306
1284
1320
1401
1450
1435
1441
1408
1333
1255
1174
1183
1154
1090
1032
899
903
901
929
947
823
825
802
782
816
676
521
488
400
364
347
224
221
168
88
23
-133
-188
-239
-297
-331
-417
-450
-528
-623
-558
-586
-671
-692
-812
-876
-888
-939
-918
-954
-1017
-1038
-1061
-1063
-1043
-1088
-1256
-1281
-1256
-1256
-1202
-1205
-1213
-1205
-1169
-1154
-1128
-1107
-1062
-1053
-1121
-1071
-1043
-987
-875
-855
-753
-695
-818
-848
-832
-866
-803
-766
-741
-665
-614
-543
-519
-455
-421
-393
-349
-466
-431
-350
-373
-364
-260
-101
-111
-30
67
90
86
59
128
99
186
288
317
469
581
603
652
773
798
803
775
701
758
866
970
1025
999
1060
1125
1091
1116
1131
1058
1036
1085
1132
1157
1171
1210
1190
1174
1232
1209
1170
1093
1003
976
929
899
825
794
798
675
696
772
693
664
551
447
455
407
346
195
143
223
210
153
80
-59
-102
-40
-40
-45
-107
-206
-328
-380
-338
-377
-392
-440
-470
-412
-428
-426
-438
-489
-504
-493
-536
-655
-686
-705
-806
-816
-779
-841
-887
-939
-996
-992
-1005
-946
-955
-1006
-974
-1000
-973
-918
-922
-839
-775
-807
-841
-843
-729
-751
-812
-766
-752
-733
-756
-698
-642
-630
-667
-741
-668
-553
-548
-551
-461
-425
-312
-202
-161
-65
-102
-95
-47
-31
-15
-11
43
72
183
264
297
345
399
538
524
436
495
467
409
530
569
631
694
649
732
736
822
926
826
783
790
780
766
786
800
816
909
990
992
940
954
958
907
938
890
846
839
738
769
840
811
746
648
690
762
676
618
558
583
640
547
480
400
467
512
438
399
317
321
299
242
194
138
74
-23
-68
-37
-65
-127
-187
-284
-250
-207
-203
-275
-399
-440
-498
-595
-635
-608
-678
-718
-807
-775
-632
-696
-654
-650
-693
-753
-837
-866
-950
-991
-1058
-1038
-966
-1031
-1022
-986
-939
-815
-783
-758
-785
-796
-655
-642
-687
-696
-767
-801
-693
-605
-595
-598
-572
-511
-485
-354
-334
-404
-285
-290
-363
-270
-234
-261
-226
-160
-92
-69
-85
-18
24
21
132
134
93
150
190
248
303
337
396
329
354
470
408
491
520
505
589
505
537
621
618
682
695
748
777
724
701
706
797
845
880
852
771
753
740
828
889
856
829
833
869
834
813
884
863
730
674
642
635
677
615
527
541
566
432
329
359
319
301
320
343
337
267
198
233
271
174
152
104
-30
-92
-147
-172
-232
-327
-297
-296
-340
-294
-285
-388
-363
-343
-466
-496
-525
-587
-648
-598
-543
-647
-652
-556
-551
-631
-656
-601
-627
-705
-656
-647
-678
-681
-734
-784
-804
-730
-743
-836
-844
-855
-827
-754
-772
-766
-661
-647
-688
-590
-509
-521
-555
-603
-562
-534
-560
-502
-476
-488
-407
-366
-367
-292
-226
-296
-357
-269
-181
-176
-137
-47
22
30
44
91
113
178
220
259
269
235
348
414
467
542
531
647
667
692
811
772
819
793
737
868
783
676
714
743
777
789
837
829
738
768
891
848
795
783
767
771
735
722
736
714
618
626
705
738
713
623
597
555
423
328
296
304
282
228
233
240
192
179
191
124
36
73
157
25
-81
-109
-147
-66
-131
-185
-218
-264
-245
-286
-276
-348
-422
-453
-486
-452
-484
-528
-526
-544
-601
-680
-665
-618
-611
-622
-627
-600
-680
-738
-728
-751
-749
-789
-834
-789
-815
-799
-688
-721
-718
-697
-717
-728
-727
-685
-714
-634
-615
-643
-521
-494
-442
-381
-357
-335
-367
-415
-495
-510
-436
-351
-303
-227
-162
-194
-154
-40
13
12
8
-4
3
62
92
147
149
158
268
316
338
277
226
336
435
479
519
478
527
586
584
691
593
498
516
484
580
655
687
731
737
686
644
726
773
699
652
615
620
600
584
627
620
631
633
597
497
487
602
580
501
471
448
499
563
522
449
398
370
326
290
322
301
197
115
96
196
259
248
177
70
108
116
63
-17
-74
-77
-134
-170
-205
-274
-253
-249
-337
-345
-325
-333
-409
-491
-472
-460
-445
-482
-602
-622
-511
-469
-532
-593
-707
-809
-745
-628
-653
-800
-853
-823
-748
-680
-735
-736
-706
-741
-727
-695
-642
-601
-670
-638
-540
-540
-490
-491
-562
-468
-399
-402
-356
-333
-278
-272
-236
-179
-223
-204
-174
-150
-127
-167
-117
-17
-58
12
98
78
153
187
227
233
215
255
270
386
468
425
450
451
417
425
458
455
443
540
637
651
647
631
552
545
545
512
577
589
602
614
588
586
625
656
605
590
578
574
585
510
488
478
453
510
496
498
498
393
402
428
345
272
248
247
217
162
139
140
103
95
137
86
55
69
-17
-62
-91
-122
-93
-140
-186
-173
-135
-145
-155
-149
-257
-299
-269
-305
-333
-372
-413
-417
-368
-386
-456
-425
-418
-385
-409
-474
-405
-445
-524
-471
-424
-493
-500
-409
-393
-377
-409
-426
-456
-543
-488
-397
-384
-375
-373
-392
-417
-387
-322
-318
-321
-322
-332
-377
-345
-240
-285
-319
-203
-146
-217
-235
-198
-143
-84
-33
-38
-119
-89
55
88
32
3
-17
35
81
108
121
132
220
216
212
272
291
336
293
294
364
389
380
307
310
378
377
375
483
487
476
560
493
481
536
417
362
407
453
486
384
326
337
301
330
352
341
377
371
303
329
334
282
302
270
279
262
177
225
265
238
201
177
164
144
158
71
59
96
4
24
16
22
12
-44
-39
-91
-74
-75
-166
-157
-129
-192
-202
-185
-169
-151
-187
-175
-159
-211
-224
-248
-335
-334
-292
-343
-362
-322
-312
-284
-304
-403
-444
-441
-410
-324
-310
-381
-367
-351
-326
-311
-378
-402
-418
-399
-367
-324
-272
-285
-299
-282
-216
-248
-272
-203
-232
-183
-109
-134
-175
-195
-135
-99
-57
-23
-42
-80
-89
-14
-11
9
22
7
71
93
178
188
72
38
35
99
159
137
119
196
232
191
204
209
209
102
96
215
218
228
248
234
199
261
221
176
307
265
315
323
194
206
166
240
288
250
238
238
240
126
149
197
278
335
161
164
161
76
157
179
207
196
249
297
185
164
123
131
156
139
104
-20
36
59
-9
47
45
40
87
124
160
102
-10
-32
-26
-23
-31
-33
-47
-60
-43
-77
-77
-53
-97
-203
-190
-156
-223
-248
-241
-173
-199
-225
-227
-233
-153
-237
-305
-261
-224
-235
-288
-217
-135
-174
-194
-160
-137
-154
-179
-175
-222
-288
-268
-240
-231
-201
-169
-228
-278
-222
-212
-222
-217
-221
-235
-223
-165
-154
-171
-131
-147
-242
-198
-94
-118
-139
-147
-160
-127
-100
-79
-65
5
43
-16
-3
31
-11
7
18
60
147
112
146
172
180
252
209
186
242
276
350
380
334
396
408
372
338
312
376
412
406
305
342
404
279
239
320
354
311
330
327
270
257
251
258
290
239
135
178
244
186
178
175
167
170
130
145
34
34
149
94
78
35
48
30
-118
-130
-89
1
50
-19
10
22
-39
-101
-184
-115
-22
-68
-101
-84
-138
-198
-205
-255
-193
-173
-161
-140
-246
-258
-328
-305
-235
-325
-281
-296
-324
-262
-334
-343
-337
-345
-308
-272
-242
-246
-253
-346
-300
-222
-304
-253
-187
-205
-248
-224
-117
-160
-207
-163
-177
-114
-97
-135
-85
-94
-9
38
-35
30
-25
-26
110
59
72
140
70
62
98
97
104
141
184
101
52
80
102
157
179
201
194
163
112
96
164
172
203
254
262
249
206
223
207
165
213
237
215
239
231
200
202
198
173
195
228
113
99
140
135
186
138
112
88
67
137
130
65
28
68
119
63
64
99
10
13
42
22
-7
-97
-18
13
-34
36
-21
-86
-111
-90
2
-11
-60
-97
-110
-92
-76
-93
-114
-114
-94
-27
-46
-103
-74
-118
-157
-82
-30
-77
-146
-115
-163
-217
-136
-159
-173
-72
-140
-193
-112
-154
-155
-134
-207
-186
-188
-239
-112
-38
-109
-121
-131
-84
-63
-137
-140
-66
-64
-105
-97
-106
-70
-111
-146
-109
-104
22
-25
-98
-62
-136
-36
70
66
23
-30
0
4
12
7
88
74
-77
3
79
68
16
-15
92
46
-33
71
110
46
53
33
33
76
63
87
72
54
66
113
192
153
100
112
112
205
276
202
157
99
162
158
138
262
136
115
215
173
161
184
228
232
180
178
207
218
148
67
126
107
88
121
150
98
56
141
93
71
71
36
90
67
11
14
-30
-58
-36
-34
-36
-74
-111
-78
-51
-67
-77
-122
-130
-95
-158
-94
-72
-145
-84
-110
-68
-76
-126
-55
-82
-91
-110
-149
-210
-251
-161
-112
-45
-60
-168
-171
-162
-176
-161
-159
-193
-106
-84
-118
-52
-87
-128
-175
-214
-147
-137
-140
-110
-65
-32
-83
-145
-187
-113
-5
-56
-177
-154
-99
-103
-46
-71
-73
-76
-115
-30
71
52
19
41
-45
-49
42
31
60
87
88
81
68
83
53
90
160
153
188
174
158
211
194
145
136
184
210
175
154
163
166
157
135
203
205
159
241
150
103
164
153
109
85
136
103
170
186
19
54
62
43
124
82
53
53
68
78
39
10
-15
8
23
-2
33
79
85
97
22
-75
-11
2
-47
27
37
5
-22
-26
-29
-91
-130
-153
-119
-82
-106
-129
-97
-13
-24
-145
-181
-205
-172
-84
-153
-112
-17
-79
-127
-165
-179
-168
-150
-131
-117
-101
-164
-147
-142
-195
-124
-122
-100
-61
-135
-99
-101
-118
-32
-88
-98
-61
-70
-66
-80
-36
-12
0
-5
-30
-77
-2
52
-39
15
4
10
68
43
59
80
60
15
57
11
25
126
62
119
120
33
106
124
123
121
87
134
99
63
103
125
140
120
120
129
119
98
98
82
44
85
83
86
103
52
50
95
68
-17
-31
30
87
39
107
121
20
68
46
94
98
37
48
46
90
11
-6
124
104
18
8
14
54
10
-1
100
96
51
29
10
9
35
4
34
92
-12
-61
42
64
-14
-79
-66
-13
-84
-119
-72
-63
-93
-148
-136
-139
-90
-28
-98
-138
-129
-92
-86
-105
-89
-118
-165
-164
-128
-114
-42
-26
-93
-124
-140
-115
-139
-60
-16
-147
-84
7
-56
-26
-24
-34
-14
-77
-24
7
-27
-9
44
43
-82
-58
-27
-72
-8
-12
-59
-1
-9
-90
-100
-76
-17
-10
-93
-111
-47
-31
-1
-5
-28
-21
-75
-17
3
-29
20
28
29
19
11
23
89
120
99
111
107
150
93
112
243
204
183
128
109
179
195
183
142
158
204
182
134
137
129
114
108
67
47
100
142
105
94
104
70
13
-54
-59
43
34
4
31
-12
-39
-75
-43
-39
-69
-38
-74
-32
-45
-85
-46
-146
-173
-68
-3
22
5
-36
-79
-79
-89
-74
-37
-45
-36
-29
-37
-35
-6
-31
-75
-82
5
46
-9
15
-25
-9
-42
-57
4
-76
-57
-43
-57
-33
-113
-152
-82
-81
-129
-111
-95
-130
-104
-110
-163
-96
-96
-167
-152
-96
15
11
-116
-83
-53
-107
-78
-20
30
24
-9
-2
-4
-10
13
26
-27
49
132
65
34
47
79
92
114
47
32
147
140
103
103
34
18
127
134
148
124
52
86
42
38
38
-29
41
78
11
-11
77
93
12
50
4
-92
-49
28
-20
-50
2
-85
-70
-9
-8
29
-52
-77
-66
-77
-33
-44
-9
3
-20
34
43
35
82
16
-50
-11
7
102
80
45
136
93
121
129
32
79
98
123
118
84
102
41
13
-23
51
100
10
70
51
-38
-19
22
33
-31
-43
3
-26
-35
-43
-17
8
-4
15
-37
-67
-82
-47
25
-22
-75
-71
-12
44
35
-24
-47
-25
-48
-31
-42
-69
16
-46
-127
-18
24
57
25
-54
12
-34
-95
-77
-94
-38
-9
10
27
-32
-44
-31
-49
-42
-59
-122
-49
-20
-36
24
-24
-54
-84
-91
-12
-17
-34
-63
-69
-52
-55
-22
-49
-67
-21
67
72
38
79
11
-16
46
79
80
-8
-19
55
34
78
106
70
87
54
49
39
1
-38
39
92
68
115
58
21
37
-4
34
74
9
-12
-59
-5
122
23
-32
-35
-57
-3
2
-20
-40
-52
-53
-48
-32
-58
-116
-110
-63
-39
20
-29
-105
-46
-107
-197
-160
-93
-30
-46
-86
-102
-103
-86
-42
-56
-127
-98
-47
-24
-104
-75
62
6
-22
54
126
94
64
38
54
101
41
89
144
100
134
164
183
246
181
162
187
127
135
169
139
128
176
169
174
176
148
149
129
67
62
74
31
70
71
32
48
92
100
-25
-52
-13
-65
-15
55
-32
-86
-68
-139
-111
-27
-37
-15
-70
-91
-58
-201
-228
-98
-54
-84
-133
-129
-88
-33
-76
-122
-84
-108
-64
-37
-95
-147
-167
-100
-37
-104
-116
-69
-143
-137
-75
-66
-55
-108
-185
-178
-156
-94
4
-35
-133
-131
-110
-37
26
-41
-91
-153
-122
7
60
42
4
39
56
34
56
49
-4
60
133
78
87
93
97
137
108
164
203
135
140
107
129
150
91
151
132
78
57
87
162
161
107
48
40
-24
-43
8
28
48
13
30
52
14
-20
-73
-77
-89
-121
-76
-37
-47
-84
-101
-104
-111
-56
-50
-79
-80
-96
-92
-63
-45
-34
-88
-142
-91
-58
1
28
-36
23
-11
-109
-23
44
33
-26
11
71
45
70
37
-12
-3
-7
20
81
59
37
109
88
17
38
68
68
118
100
52
94
77
86
31
-75
7
36
21
83
84
65
88
51
-5
-57
-30
70
48
54
53
4
36
67
-11
-74
-13
37
-4
-57
-33
28
54
28
-12
-25
-36
23
62
-4
-54
-8
49
-8
11
-47
-91
45
6
-32
-61
-57
80
53
-22
-33
-82
-89
-63
-21
-7
-108
-77
-15
1
-31
-161
-138
-83
-102
4
18
-52
-62
-125
-38
23
-39
-88
-88
-7
-31
-65
-8
-27
-57
1
-8
34
60
10
-12
-6
80
88
35
11
-14
7
80
15
-30
57
21
23
44
46
59
-13
44
81
19
53
18
48
58
-18
17
-19
-11
-7
-57
-52
-57
-16
-28
-78
-41
29
20
-63
-117
-64
-31
-18
40
-17
-60
-80
-87
21
28
-14
-67
5
110
86
116
8
-42
1
-14
56
113
109
52
53
47
19
46
49
29
29
66
99
99
60
13
24
82
74
89
78
-30
-28
9
43
60
0
-6
24
68
59
3
39
74
29
67
86
13
22
0
-42
-24
28
40
5
41
25
-38
-7
-35
-48
6
13
29
1
19
-9
-121
-86
-41
-27
-50
-87
-51
-94
-73
-45
-107
-34
-50
-84
-8
-24
-32
-40
-104
-98
-45
-21
-43
-78
-96
-99
-102
-91
-24
-27
-46
-49
-85
-60
-32
-49
-71
-45
-88
-111
-17
-26
-47
-5
18
-22
-61
18
18
-68
40
137
100
58
16
42
68
105
68
31
95
16
29
167
136
107
93
73
89
93
119
151
180
156
55
16
57
46
110
66
-39
56
86
119
67
-32
30
43
8
13
29
13
-56
-44
7
-15
-20
-18
-51
-119
-191
-134
-2
4
-26
-50
-136
-107
-24
-12
-31
-118
-116
-102
-103
-47
-59
-38
-23
-106
-121
-29
-15
-1
29
-57
-47
3
-27
-31
-22
-46
-37
5
-10
48
63
-23
-21
-11
21
57
4
5
49
38
4
24
70
30
41
55
-16
-46
-38
-3
80
67
38
149
101
34
73
10
46
119
56
39
99
38
-18
36
98
88
29
63
27
15
24
-28
45
12
13
110
30
-41
-76
-99
7
12
-72
-38
-36
-77
-78
-94
-115
-73
-18
-49
-58
-67
-109
-73
-110
-140
-83
-105
-131
-124
-81
-38
2
-24
-85
-61
-64
-28
1
-15
-32
-61
38
20
-60
10
19
22
-17
-8
44
30
77
54
49
109
113
76
74
111
77
3
54
135
93
91
103
83
17
30
119
95
111
100
121
176
102
53
-3
22
28
-58
28
83
11
-6
19
44
66
-4
-91
-52
-65
-74
-6
4
-14
6
-8
-64
-40
-112
-117
-63
-125
-88
-43
3
-23
-42
5
-42
-25
11
-105
-126
-89
-101
28
0
-75
-52
-124
-46
1
-11
6
-46
-101
-99
11
-5
26
49
-73
-97
-84
-21
39
51
-50
-119
-20
-4
5
14
-42
17
59
92
133
36
-51
-19
41
7
-29
25
52
89
78
-13
28
32
31
57
21
76
41
1
71
28
38
131
15
-71
-14
-8
16
28
60
74
7
0
31
35
32
33
32
-9
7
62
33
-16
-48
-61
-33
32
16
-63
-18
12
5
53
28
-17
-4
36
-21
-101
-40
-28
6
61
-69
-67
3
27
78
-29
-87
-19
8
45
10
-10
61
39
-9
26
37
-30
-16
-42
-66
-2
-26
6
66
57
77
68
19
-19
-51
-21
-18
-7
41
30
-51
-51
79
14
-65
2
26
-17
-22
10
-50
-29
29
-3
42
29
5
19
-87
-127
-114
-81
-48
-84
-19
94
76
8
-100
-127
-89
-37
57
-12
-19
27
-8
-17
-15
-13
-63
-56
-23
22
85
94
111
37
-38
-20
1
60
79
72
57
22
60
84
7
-90
-117
-30
43
28
80
82
-14
-29
-12
-8
7
-37
-92
-61
-74
-71
-27
27
41
-41
-59
-99
-93
-16
23
34
44
36
-15
-24
54
62
4
15
-9
-8
4
39
34
25
53
-16
16
42
97
140
51
38
1
-44
-5
23
43
33
-25
-42
-32
49
84
8
-41
-30
45
20
33
71
0
-4
6
52
57
-22
-23
72
36
-93
-8
36
14
-6
15
98
51
32
1
-5
40
-6
-32
-49
-64
-58
-62
-5
16
-72
-20
43
-7
-61
-121
-89
-71
-43
8
-4
6
-65
-86
-58
-34
5
-133
-175
-88
-56
16
23
46
79
-21
-40
-43
-12
25
-110
-109
-11
72
101
3
-33
-40
-53
17
5
-32
25
66
21
-26
93
110
25
32
4
-17
-24
-25
4
57
63
73
92
13
38
86
59
21
17
113
94
21
24
27
75
141
74
-20
11
2
16
56
45
46
56
89
60
47
0
-96
-50
-19
8
13
-77
-74
-60
-64
-13
-62
-54
18
-79
-74
11
-45
-67
-50
-80
-42
15
-16
-85
-96
-22
-17
-50
-44
-27
5
25
26
-33
-48
52
23
-10
60
-2
-35
-36
-56
-5
51
72
-33
-58
22
41
66
22
25
30
-8
4
49
72
-13
-16
32
25
-5
34
81
70
54
15
-23
-24
74
32
44
97
-24
17
20
-25
35
-26
-29
-16
-38
23
-71
-50
60
46
39
-23
23
-17
-89
-28
-28
-47
-50
77
50
-69
-35
-45
6
-15
-29
34
-33
-32
-6
-72
-56
6
29
38
-24
-74
-83
-95
-80
-60
1
5
12
-23
-68
50
40
13
-21
-82
15
17
-44
-6
1
42
61
5
52
28
3
7
-20
23
-16
24
105
96
60
-5
6
-5
-46
9
22
-30
27
48
29
56
24
51
25
52
81
-10
-13
-36
25
58
22
68
36
5
11
-83
-52
94
96
26
-78
-38
44
-24
-37
19
57
-9
-100
-88
-97
-15
28
-105
-81
-35
-16
27
33
-6
-68
-14
-13
-40
-3
-33
-6
-7
-15
35
-14
-16
9
3
25
14
6
0
-27
-38
-10
52
17
2
34
-29
-17
-71
-98
-100
-142
45
52
13
49
-11
46
-32
-39
33
-53
-23
-38
-13
117
58
-10
-12
-7
-14
-14
-18
-31
5
11
47
-21
-65
52
58
17
-43
-86
-94
-82
-64
-82
-7
58
12
-26
-27
-23
-19
-5
31
8
3
54
39
-42
5
94
26
34
66
41
32
-35
-36
57
103
106
107
79
63
16
-19
-33
-41
-23
-13
29
-20
13
98
-37
-96
-69
-42
39
76
36
-55
-44
18
50
21
-35
-7
-57
-53
36
-36
29
60
-64
-21
21
41
24
31
48
-32
8
18
-60
-48
-30
-20
-44
-22
40
-6
23
64
-40
-116
-29
94
67
3
-19
-42
9
-9
-40
58
12
-34
-33
-116
-50
-15
-12
58
50
11
-23
-37
-22
-66
-91
-28
-32
-55
-86
-44
30
-1
-8
-7
-32
-22
-7
23
34
27
54
21
23
65
16
33
72
30
0
-31
-62
31
146
74
32
142
59
-60
23
8
-30
-11
-15
-1
3
11
-10
-50
-81
-48
20
-2
-65
-19
37
52
-27
-82
2
-14
17
26
-13
28
-17
-45
-39
-22
18
44
58
56
65
18
2
63
29
6
-28
-51
21
26
11
0
21
85
55
-20
-40
-6
60
53
-14
41
61
32
55
10
-5
-16
-33
46
28
-59
-93
-81
54
101
39
18
9
-9
-53
-75
-63
-57
-68
-3
9
-111
-47
2
-88
-32
7
3
-44
-84
-33
-10
-17
-27
-6
44
58
48
-6
-51
-62
-105
-4
65
69
76
54
38
-1
82
31
-21
12
25
57
-58
-2
32
-37
-3
20
98
77
-6
-54
-40
7
-17
10
98
54
-29
-50
7
15
-63
13
28
-46
0
35
-25
-14
85
25
-79
-11
94
68
-8
-30
-47
-40
-19
-10
15
0
18
4
13
80
6
-57
-13
0
-21
46
39
7
44
-36
-90
-94
-38
53
5
-25
1
-14
-6
-18
-2
-28
-112
-53
19
18
6
-20
-28
-21
-53
-63
-5
25
-12
12
51
15
13
51
74
4
-56
-21
1
25
78
45
-61
-77
-1
57
39
4
19
6
-64
2
92
-8
-39
11
-28
-52
-35
2
29
-26
-28
60
72
-16
-6
48
-2
8
66
47
9
-27
17
105
30
-11
26
-33
-44
-30
-45
2
1
-40
51
50
25
17
-113
-87
-57
-113
-68
-43
-38
32
-16
-38
-24
-101
-4
41
-33
-2
36
-45
-71
46
26
33
10
-11
104
62
10
2
-25
-41
-70
33
129
106
122
76
-24
2
31
-18
-30
-12
18
30
-12
-28
64
109
0
-24
24
71
44
-54
-8
-1
-22
-8
4
47
32
34
10
-32
-10
-45
-107
-71
-65
-15
56
45
45
-3
-66
-72
-19
-66
-133
-97
-46
28
22
1
-83
-70
95
74
1
-15
-18
-37
-17
-11
11
77
32
44
20
-36
45
54
-31
-61
3
-14
-15
46
4
66
43
-33
-9
-42
-40
-45
-96
-90
25
-25
-105
-9
-11
-35
-50
-40
12
-13
29
40
-65
-20
37
7
8
29
76
29
-20
61
69
-13
-7
39
20
42
31
61
100
12
68
71
51
96
65
32
-97
-63
30
-6
69
59
-49
0
38
-75
-55
-3
-28
-39
-6
78
-20
-49
-8
-44
13
53
-5
-78
-46
-38
-38
-72
-111
-61
-20
13
-31
46
17
-88
3
-34
-82
-99
-74
22
47
54
-7
-5
67
-17
-33
33
1
15
10
19
92
88
94
104
26
11
37
1
-15
-50
-8
45
-36
-2
25
1
59
-18
-40
18
-64
-44
-68
-96
22
-14
-10
13
-9
22
-83
-116
-55
-82
-29
23
-6
10
84
116
74
32
-23
-32
38
34
41
74
10
76
132
15
-35
-10
17
5
-38
-48
0
63
17
-37
49
28
-50
27
25
-27
-27
-51
-26
-27
-75
40
94
-44
-25
-23
-84
-34
-68
-43
-1
-14
70
82
53
18
-45
1
-28
-82
21
16
-42
-32
-44
-14
12
13
-48
-63
-9
-27
-11
7
48
53
2
48
73
28
32
73
59
24
-6
9
15
-21
72
147
106
85
56
2
10
21
-25
-7
-18
-39
23
-16
-15
-4
-77
-67
-59
-77
-57
-53
-37
27
7
-32
-14
39
27
-67
-44
-67
-103
-7
13
-69
-92
3
100
36
15
55
-46
-26
61
67
80
43
-1
-10
28
86
57
-64
-75
-21
-27
-21
-47
-27
38
63
58
4
-13
9
0
-30
-1
-3
-31
3
-1
-14
-23
-40
-27
-39
-79
-31
8
-9
-8
-21
17
27
-16
8
36
7
-26
-11
35
40
35
16
-18
-18
13
89
78
48
73
48
21
2
-6
12
57
13
98
142
-46
1
27
-61
0
22
37
28
-58
-29
43
29
-12
-58
-35
9
5
-58
-91
-89
-86
-19
-6
-20
-46
-72
-39
10
-47
-94
16
7
13
44
-41
-8
37
60
27
-20
28
-18
-57
7
31
19
61
-2
-45
74
22
0
42
35
78
49
20
1
11
-2
20
36
-16
13
-103
-59
92
14
-20
-62
-100
-42
29
13
-32
-5
61
53
-54
-100
-71
23
43
-23
35
21
-35
-26
-30
34
41
23
25
24
25
17
59
27
-6
2
-5
-6
6
31
36
32
-44
-23
31
-61
32
61
-38
8
-37
-48
14
13
13
13
-26
-42
-18
-33
0
-7
-65
-44
6
49
50
25
3
19
14
-51
-78
17
70
-30
-43
3
30
-3
-51
23
-8
-63
-10
-36
0
28
-12
36
4
14
123
113
83
1
-78
-7
5
-18
25
30
24
51
18
50
32
-84
-95
-27
29
-22
2
-17
-36
71
51
4
15
-15
-80
-69
-80
-105
-81
-10
86
88
74
14
-57
-77
-40
33
-10
-2
82
57
21
-17
14
75
28
-20
-34
-15
1
-15
-22
14
32
45
38
41
40
-16
-53
-90
-40
-21
-24
41
-23
-57
47
33
-48
-50
-25
16
-16
-22
53
64
25
16
-20
-29
4
32
45
-58
-59
27
45
9
-10
80
64
20
46
-28
-28
23
9
32
-16
-18
22
-39
-39
-68
-102
-70
-50
14
7
-47
-64
34
39
-50
48
39
-1
33
27
-34
-39
47
16
38
-3
-79
23
-6
-48
-5
-6
-14
-25
32
22
-29
11
79
81
16
32
45
4
3
-31
-2
56
21
39
6
-11
28
-59
-30
-1
2
43
-20
-7
-20
-9
78
11
-81
-4
59
-3
-23
-30
-29
-32
-75
-67
30
52
15
28
21
13
-34
-12
-11
-64
26
106
22
-14
7
-17
-6
-38
-34
-11
-24
-18
-14
-24
-63
-27
60
37
20
23
-93
-36
54
19
45
13
2
15
10
40
48
51
23
15
45
-30
-42
0
-21
-4
-28
-41
21
0
-43
-15
1
5
-49
-58
3
-4
20
93
40
-10
57
27
-17
-45
-65
-7
12
-39
-25
35
18
5
8
21
21
-67
-32
93
39
23
50
-25
39
58
5
32
-42
-52
13
4
-69
-56
45
42
8
-19
2
48
11
-39
-15
-23
-16
45
20
15
-13
-59
-24
-43
-20
36
-44
-70
-24
5
-7
-4
19
-54
-16
75
28
33
13
-44
24
1
-53
1
57
21
-53
15
19
-1
-37
-78
23
-13
-22
30
-14
59
61
21
86
-12
16
123
-2
13
30
-45
28
35
16
9
-45
27
20
-96
-117
-83
-26
14
15
-3
1
-13
-40
6
7
-46
-16
-11
-26
-24
16
20
-44
15
72
21
-10
13
6
-41
26
55
16
128
128
-13
-2
-12
-35
28
-3
-37
-6
-2
-5
-18
-44
-20
7
-31
-70
-39
14
-13
-28
-22
3
33
-1
-7
27
-2
-83
-71
-6
49
84
-25
-18
51
-64
-1
34
-14
35
-35
15
52
-7
28
16
11
41
26
38
72
6
-13
-20
-39
74
92
26
1
-32
-7
10
-58
-51
-15
-39
-10
5
5
39
-51
-78
-23
-28
67
70
-36
-69
-80
-40
14
73
21
-41
-33
-26
-9
-83
-56
14
18
36
0
-39
-11
55
55
20
6
-9
-56
-55
47
116
57
-48
-41
32
7
4
53
19
-15
43
67
-1
47
71
13
26
5
38
69
5
23
-17
-72
-41
-30
-24
-10
-40
-29
58
9
-67
-69
-77
-51
-12
28
31
8
-10
-33
-1
-8
-33
-75
-96
-1
-8
15
-6
-36
7
-35
24
12
-41
13
6
5
34
-10
6
45
67
78
-42
-65
30
26
28
26
-31
2
-1
0
50
-7
-40
-7
25
-11
-59
-59
-28
-1
8
26
-69
-91
6
28
11
-6
1
-23
-23
-28
-50
-43
4
55
27
64
46
29
60
-42
-75
19
65
93
90
71
86
61
39
27
40
23
-27
-8
60
13
24
86
19
36
12
51
34
-62
15
17
2
37
5
-45
-8
34
-9
-64
6
