17
15
17
17
18
18
17
20
20
20
18
18
18
18
17
22
23
19
17
19
21
20
21
23
23
23
24
22
26
22
31
26
29
36
28
29
22
24
21
20
20
25
26
20
20
20
20
21
23
23
21
20
21
19
19
19
20
23
24
26
26
28
30
26
26
25
26
24
22
25
26
26
27
27
26
29
25
29
26
25
27
25
30
31
32
38
27
26
33
32
32
33
33
31
33
33
31
33
33
34
34
33
36
36
37
37
38
41
45
42
42
44
45
45
44
45
44
43
45
45
45
45
46
44
43
43
42
39
35
39
48
50
44
43
42
40
38
37
38
38
35
42
43
42
41
42
44
46
46
42
41
43
41
42
42
41
41
38
43
38
41
39
40
40
38
40
37
38
36
36
37
36
37
37
36
36
32
39
37
41
37
36
40
37
38
34
36
34
28
30
22
21
21
15
17
21
35
34
29
27
29
27
26
28
32
33
31
32
29
32
32
32
32
32
31
30
29
26
28
23
19
24
18
18
20
18
18
18
18
15
17
16
16
11
14
16
18
14
14
17
16
18
22
25
25
21
13
20
18
12
13
17
13
12
9
13
14
16
15
15
15
14
16
15
14
17
16
15
19
17
19
15
16
16
16
18
19
20
19
20
23
21
23
24
24
27
26
24
21
22
22
22
24
26
29
28
28
29
30
34
31
26
26
28
22
23
23
26
28
27
25
25
26
25
29
27
26
32
31
29
25
28
30
26
30
27
27
28
28
31
30
30
27
30
29
28
31
29
28
29
30
33
34
36
36
35
34
34
35
33
36
41
34
36
45
40
32
29
28
26
24
27
34
29
29
28
29
32
34
35
33
31
30
31
33
35
33
35
37
35
37
37
38
38
36
33
32
32
30
31
36
36
38
38
38
40
33
35
38
35
39
33
34
39
32
31
37
33
32
36
39
32
30
32
34
31
30
30
32
33
33
31
30
30
29
28
30
31
30
33
32
36
32
37
36
35
33
33
30
31
33
36
34
32
33
32
32
28
25
22
27
34
33
30
25
23
22
18
17
17
17
21
22
23
21
20
21
21
21
20
21
20
15
19
18
16
15
12
14
14
14
15
11
14
11
15
15
10
13
10
8
8
8
10
10
12
10
11
10
5
8
4
3
0
2
3
-2
-4
-3
0
-9
-16
-5
-6
-10
-14
-4
1
-2
-4
-2
-3
-4
-3
-4
2
0
1
-5
0
-1
-1
0
-4
0
-3
-1
-4
-5
-9
-10
-10
-12
-13
-8
-12
-11
-11
-14
-9
-7
-12
-12
-12
-13
-15
-12
-9
-11
-12
-14
-9
-5
-4
-8
-14
-11
-5
-6
-11
-12
-9
-12
-15
-16
-10
-14
-12
-12
-13
-8
-9
-10
-12
-10
-6
-8
-9
-7
-7
-4
-7
-6
-6
-5
-5
-6
-5
-7
-6
-7
-7
-8
-5
-4
-4
-6
-6
-4
-6
-4
-9
-10
-7
-2
-3
-6
-4
-1
-4
-2
0
-3
-2
-2
2
2
0
1
0
3
-3
-1
-1
-2
-5
-4
-3
-2
0
-2
-1
0
-3
-4
-5
-4
-5
-4
-1
-1
-2
2
2
2
4
3
7
2
-1
1
9
5
6
12
10
7
5
5
7
6
16
10
12
14
5
5
3
2
-2
-4
0
4
7
3
2
5
3
10
10
6
4
6
10
11
10
12
14
15
15
15
15
15
18
15
12
13
10
12
13
14
16
17
20
18
16
11
11
13
13
13
11
9
9
11
12
16
13
10
11
16
9
8
11
9
12
12
11
12
9
11
11
7
7
6
6
2
8
8
8
7
7
9
7
8
6
2
2
2
-2
2
4
5
7
7
3
1
4
0
-3
1
5
5
4
7
5
-1
-3
-8
-10
-10
-14
-9
-7
-9
-12
-8
-6
-9
-12
-12
-9
-11
-14
-10
-10
-9
-8
-8
-7
-5
-3
-7
-8
-10
-9
-8
-10
-12
-9
-7
-11
-10
-13
-14
-16
-17
-17
-18
-20
-16
-15
-15
-14
-17
-16
-16
-13
-15
-13
-15
-24
-18
-14
-17
-15
-7
-4
-3
-6
-9
-11
-8
-10
-7
-5
-7
-7
-10
-14
-15
-13
-13
-13
-13
-11
-10
-8
-8
-13
-14
-14
-11
-11
-10
-7
-6
-7
-8
-10
-7
-6
-7
-5
-8
-5
-9
-4
-8
-12
-8
-7
0
-1
-1
0
-7
0
-1
-11
-8
-5
-6
-10
-6
-4
-1
0
-2
-4
-6
-3
-3
-8
-3
0
0
-1
2
3
1
-3
-3
-5
-5
-1
-2
2
1
2
-2
2
2
5
6
5
8
8
8
8
7
0
3
5
6
3
3
6
8
9
11
9
7
10
9
9
10
9
9
11
11
11
12
12
13
8
7
9
8
10
8
10
12
11
8
11
11
9
10
7
7
8
6
8
7
8
7
10
9
9
8
11
14
9
13
16
17
16
18
20
18
24
26
22
25
21
16
18
18
16
14
11
16
17
14
9
8
5
8
13
12
15
13
10
9
10
10
12
16
18
20
18
20
21
22
18
19
18
16
17
13
13
13
11
12
17
10
6
7
11
9
7
5
6
10
10
12
15
10
9
15
17
15
15
14
15
14
12
14
12
11
13
13
11
7
8
5
6
6
6
9
9
11
10
10
12
9
11
11
8
12
10
14
12
9
9
11
5
3
2
11
16
12
12
7
6
4
3
-1
-1
0
0
4
8
6
1
1
4
3
1
5
-1
0
-1
-2
5
3
6
4
5
6
8
7
9
6
9
9
7
9
9
4
6
5
2
5
4
4
3
4
4
5
5
3
0
1
2
4
5
4
7
4
-1
-3
3
-4
0
10
14
17
12
8
8
9
6
8
11
13
11
11
9
11
14
11
12
13
15
13
17
17
16
17
17
17
15
15
18
17
18
18
18
20
20
16
18
20
19
17
18
19
15
11
9
17
21
18
23
21
21
23
17
12
14
17
14
13
10
13
17
17
14
19
22
22
18
18
22
24
24
22
26
22
21
22
21
19
19
18
19
19
19
23
21
21
19
20
18
18
18
17
15
10
15
16
21
22
25
31
30
30
34
40
38
40
40
44
41
39
40
33
38
38
37
36
37
37
32
34
38
40
40
39
35
32
35
32
31
30
29
30
31
34
38
36
37
37
38
38
38
38
37
42
47
44
41
41
39
38
36
37
38
35
41
50
46
50
48
42
35
32
34
34
32
36
44
43
46
40
39
42
43
42
40
43
44
44
46
50
44
45
45
46
44
42
42
39
39
36
39
37
39
38
39
41
37
36
37
34
35
36
38
35
32
34
37
38
42
42
43
42
37
39
42
40
39
39
36
38
35
38
37
37
39
39
38
38
37
39
38
41
42
39
36
37
36
38
40
40
38
38
38
39
42
38
40
39
36
38
36
37
43
40
39
42
46
42
38
38
32
28
29
23
25
28
29
31
30
33
37
40
39
37
42
43
44
45
48
46
40
39
37
43
39
43
42
41
43
43
42
42
38
38
38
34
35
30
31
35
34
36
32
36
35
30
31
30
32
29
28
31
28
32
25
18
27
26
24
25
34
38
35
32
34
28
27
32
34
37
34
33
33
33
34
32
34
36
38
39
43
41
38
33
32
32
27
23
23
31
32
28
27
27
26
22
18
19
19
18
24
25
22
20
24
27
25
22
25
29
19
22
26
25
21
24
29
22
15
12
11
9
10
13
16
20
19
15
17
17
14
15
14
14
15
18
17
20
21
23
22
20
19
18
17
18
15
14
17
13
15
15
12
10
12
13
11
16
16
14
16
16
18
21
25
19
15
17
17
18
16
15
16
15
16
20
20
20
18
16
13
11
9
7
7
6
7
4
5
5
5
4
6
6
8
11
12
16
20
20
24
23
19
17
20
24
18
20
18
17
18
17
19
15
14
21
21
22
18
16
14
12
15
11
10
11
15
16
14
16
9
11
15
12
12
10
12
13
14
14
13
14
16
15
17
17
14
17
13
12
14
14
12
14
14
14
14
12
12
10
11
10
11
10
6
9
13
13
15
16
17
10
8
11
11
15
17
18
16
19
17
13
15
16
16
16
15
16
18
15
16
17
16
16
15
18
19
22
20
19
18
14
15
16
18
18
17
18
16
18
19
15
19
20
18
21
21
24
26
25
19
13
11
9
8
7
12
18
14
13
17
20
20
18
17
16
15
12
13
16
14
15
15
14
14
19
14
18
17
17
16
13
12
12
11
7
9
7
7
9
4
4
2
-2
2
-2
0
-2
-4
-2
-2
-3
-5
-5
-10
-18
-16
-16
-15
-15
-4
-4
-9
-10
-17
-11
-17
-22
-13
-11
-6
-10
-11
-9
-11
-9
-10
-13
-13
-16
-15
-14
-13
-13
-19
-15
-17
-20
-16
-17
-16
-14
-15
-14
-14
-14
-13
-15
-13
-14
-11
-14
-16
-13
-13
-5
-5
-3
-3
-5
-8
-12
-5
-6
-13
-15
-14
-16
-18
-14
-13
-11
-14
-17
-16
-17
-18
-18
-20
-18
-17
-17
-21
-18
-18
-21
-19
-22
-21
-18
-19
-13
-11
-11
-12
-12
-11
-11
-4
-8
-9
-5
-7
-9
-12
-8
-8
-9
-8
-5
-3
-4
0
0
1
0
-2
1
2
0
-3
-5
-4
-6
-8
-10
-8
-6
-4
-3
-2
0
2
2
-1
3
0
-2
-3
-2
-1
-3
-3
0
-3
-4
-4
-12
-10
-11
-8
-9
-9
-9
-10
3
1
1
2
1
4
3
4
6
8
15
16
15
19
15
10
1
4
2
-1
1
5
7
3
6
5
5
6
9
6
1
2
5
6
5
4
4
5
3
6
6
5
10
8
9
7
8
9
5
8
7
12
17
18
17
22
19
21
25
19
13
16
18
24
17
17
22
15
18
15
15
13
13
12
10
12
13
16
16
15
17
18
17
19
18
20
21
18
23
18
21
23
27
29
26
27
23
20
19
21
22
18
18
17
15
14
12
10
9
9
12
9
7
8
6
5
3
1
3
4
2
6
7
9
2
3
9
9
8
10
11
9
9
9
8
6
3
0
-2
-1
0
1
3
1
0
-1
-5
-4
-5
-6
-3
-3
-2
0
1
0
-1
-3
-3
-1
-8
-11
-7
-10
-7
-9
-7
-8
-11
-7
-17
-22
-17
-25
-16
-14
-2
-4
-7
-7
-8
-9
-14
-11
-10
-8
-8
-8
-7
-4
-2
0
1
-6
-7
-7
-9
-9
-10
-12
-10
-8
-10
-8
-9
-12
-8
-15
-11
-15
-17
-15
-17
-13
-13
-10
-11
-13
-14
-20
-14
-12
-12
-9
-9
-7
-12
-5
-9
-10
-6
-6
-8
-14
-13
-14
-14
-9
-12
-13
-12
-14
-15
-18
-12
-10
-16
-12
-13
-12
-8
-8
-10
-10
-7
-7
-5
-4
-4
-4
-4
-5
0
2
1
1
-2
2
4
5
3
-2
-2
3
1
3
2
7
8
8
6
7
8
8
12
11
9
6
7
8
5
1
8
10
8
8
11
14
17
17
12
12
8
11
15
10
8
11
13
11
13
14
16
11
10
9
9
7
10
15
12
17
15
20
19
16
17
16
17
20
23
28
25
34
36
31
28
23
25
20
18
20
19
18
17
18
16
18
20
18
18
14
11
11
12
14
11
12
15
17
20
20
22
24
22
22
24
26
28
29
29
29
32
33
29
28
28
30
31
25
25
23
22
20
21
19
21
18
15
20
24
22
20
21
21
21
18
14
18
20
20
22
25
26
26
23
23
24
20
19
21
22
24
26
28
24
22
18
17
18
16
11
9
13
14
15
16
12
8
11
13
12
13
10
6
12
11
8
8
9
10
2
8
8
3
1
8
9
10
10
10
11
12
14
12
9
10
6
9
10
15
17
15
15
16
17
16
15
13
10
14
13
14
17
17
15
15
15
14
14
12
6
6
6
3
6
2
8
10
8
6
2
9
2
0
4
13
23
16
13
13
16
13
10
14
14
16
13
13
14
14
13
11
11
15
10
12
11
10
13
9
13
10
11
15
15
16
15
14
12
13
11
11
10
10
12
13
17
14
12
13
22
18
17
18
14
13
20
22
16
18
19
17
17
15
17
19
18
18
19
23
19
13
18
20
18
18
16
16
17
20
21
25
25
27
24
27
26
27
24
25
28
30
32
31
34
32
33
33
27
23
25
30
30
30
32
34
35
37
38
38
37
32
32
30
33
32
31
32
32
37
37
37
38
38
36
31
35
38
38
38
34
36
39
41
39
40
42
40
41
39
39
39
35
35
35
34
35
29
38
39
41
43
40
46
42
43
44
44
45
46
56
48
53
60
55
51
46
49
44
40
46
53
50
51
48
47
47
52
50
45
46
43
43
42
43
45
42
44
44
48
46
42
46
44
45
45
45
48
49
51
52
51
51
50
52
49
46
49
52
50
47
44
41
40
42
39
38
33
34
34
30
34
34
35
38
35
33
36
35
37
32
35
36
35
34
34
38
37
39
38
38
38
32
33
34
29
32
27
29
28
28
24
25
25
21
24
22
19
16
22
28
28
23
22
25
19
18
18
19
18
19
22
23
26
27
26
26
20
20
18
23
20
18
19
17
20
17
17
15
14
14
14
13
14
13
14
16
14
14
11
13
13
13
10
10
11
8
10
10
11
8
8
11
3
3
8
6
3
2
1
3
3
7
-5
-3
7
17
13
5
4
4
7
3
4
10
12
10
3
3
6
9
11
8
9
13
11
17
16
14
13
7
8
6
4
3
7
7
6
4
9
3
2
5
4
4
4
8
5
1
0
5
9
7
4
6
3
5
8
2
-2
2
0
-5
-3
-4
-3
-2
-3
-6
-7
-4
-4
-6
-4
1
1
0
0
1
1
3
-1
2
1
2
5
3
7
7
4
3
1
2
2
0
1
1
4
-1
-6
-6
1
5
0
2
5
4
4
10
11
10
8
8
9
8
9
8
7
8
7
8
11
12
10
10
9
8
7
6
1
-3
-5
-3
-6
-4
-5
-3
0
-1
3
-1
-1
-3
-5
-1
-2
1
5
3
5
10
14
10
11
9
6
6
2
5
2
9
12
9
10
9
4
-1
-3
-8
-10
-9
-6
-5
-6
-7
-7
-5
-5
1
-3
-2
-2
-3
3
1
1
2
3
5
7
8
9
6
9
5
4
0
-1
-3
-5
-7
-3
-4
-2
-3
-3
-8
-9
-11
-16
-13
-13
-10
-14
-12
-7
-9
-12
-13
-9
-8
-7
-6
-8
-6
-9
-8
-4
-9
-7
-9
-7
-6
-9
-10
-11
-12
-12
-14
-18
-14
-15
-15
-11
-15
-19
-16
-19
-22
-14
-17
-16
-16
-20
-21
-17
-17
-20
-21
-12
-5
-9
-9
-11
-10
-11
-13
-16
-13
-16
-14
-9
-7
-10
-13
-12
-11
-9
-14
-16
-18
-15
-16
-16
-14
-14
-15
-20
-17
-17
-16
-16
-15
-14
-13
-14
-11
-9
-9
-8
-9
-9
-10
-8
-9
-10
-11
-14
-12
-13
-12
-14
-11
-13
-17
-19
-18
-19
-21
-20
-26
-27
-21
-22
-22
-17
-12
-7
-12
-14
-13
-14
-12
-10
-9
-7
-10
-15
-18
-18
-15
-13
-11
-13
-13
-10
-8
-7
-11
-10
-9
-10
-10
-13
-11
-9
-8
-7
-6
-5
-7
-8
-5
-9
-11
-10
-8
-4
-10
-9
-7
-3
-3
-3
-4
-4
-15
-11
-10
-14
-15
-12
-12
-15
-12
-11
-7
-8
-8
-8
-8
-10
-6
-5
-6
-5
-1
-1
-4
-4
-4
-1
-3
-1
-4
-5
-2
-3
-3
-2
-2
-5
-6
-5
-7
-5
-2
-3
-6
-7
-6
2
5
3
6
7
8
8
10
9
16
11
7
8
12
6
5
2
5
4
6
3
2
5
0
4
2
2
0
2
-1
-3
-2
-2
1
0
1
3
5
1
7
5
5
8
8
8
8
13
13
13
12
15
16
13
15
14
13
14
12
14
14
19
17
14
19
13
11
11
11
9
9
8
10
13
10
8
8
8
16
18
12
12
12
13
14
11
12
14
15
17
16
19
20
19
16
12
14
10
14
18
14
16
18
17
16
18
17
16
17
15
16
19
17
25
19
16
23
19
19
16
21
24
21
24
21
20
22
20
22
22
19
20
23
24
25
23
20
21
25
23
24
27
31
30
31
29
30
28
25
28
30
31
34
36
34
31
32
31
31
31
33
36
40
39
34
37
35
30
30
31
29
28
34
32
32
33
34
35
33
34
32
31
30
31
34
35
32
31
32
29
33
35
34
35
35
36
36
33
36
34
33
35
34
34
33
29
30
31
26
29
27
23
24
24
26
20
24
26
22
23
18
12
19
20
23
24
33
37
38
35
34
33
29
32
32
34
35
30
31
29
26
29
29
31
30
29
27
27
27
25
24
23
24
22
22
26
26
25
23
26
28
23
24
26
25
28
26
27
25
23
25
28
30
29
29
34
26
24
26
25
25
28
27
24
24
19
25
24
22
21
26
26
25
25
26
30
30
30
26
25
25
23
24
26
24
25
27
27
28
26
28
28
24
27
30
26
31
27
24
25
25
24
22
23
24
28
27
33
31
32
34
33
29
31
33
27
30
28
29
30
25
26
26
26
29
25
29
26
31
30
29
27
27
28
27
28
28
30
31
31
30
27
27
29
27
29
29
33
32
31
29
30
31
30
31
32
31
30
31
31
31
41
42
39
41
33
33
31
33
28
28
32
37
39
37
36
34
35
33
37
39
33
33
32
32
33
31
34
33
35
36
37
36
34
35
31
35
33
33
34
35
41
39
38
41
40
39
41
39
42
40
38
40
36
41
36
42
44
39
38
40
37
37
37
34
37
36
33
36
38
37
37
37
40
40
34
35
38
39
39
40
42
40
44
43
42
38
36
35
35
35
36
34
31
33
31
31
28
31
29
30
32
30
31
30
30
25
23
23
26
25
23
26
27
24
26
27
25
26
24
24
22
20
18
20
22
18
19
13
14
17
17
20
20
18
17
18
17
16
16
19
13
15
17
17
18
14
12
10
14
16
8
5
6
4
5
8
7
7
5
3
-5
-2
-1
-5
1
9
16
12
11
5
9
9
6
7
7
12
6
5
5
4
5
8
7
5
3
2
2
1
-2
-4
0
-6
-9
-7
-6
-3
-4
-4
-4
-5
-5
-9
-5
-6
-8
-6
-7
-4
-9
-8
0
-2
-5
-6
-7
-8
-10
-10
-11
-11
-10
-9
-12
-13
-14
-12
-11
-13
-13
-11
-12
-12
-15
-15
-9
-10
-11
-13
-13
-12
-16
-12
-14
-16
-14
-13
-11
-13
-10
-12
-11
-12
-12
-9
-11
-9
-5
-9
-5
-11
-19
-15
-11
-10
-13
-9
-10
-8
-4
-7
-6
-5
-8
-10
-12
-11
-12
-13
-11
-11
-11
-11
-8
-7
-7
-6
-7
-6
-4
-6
-8
-9
-11
-10
-11
-8
-9
-8
-8
-10
-9
-10
-10
-9
-6
-8
-8
-10
-8
-7
-2
-3
-7
-1
-3
-2
-6
-3
-2
-3
10
7
2
8
10
1
-3
-1
-4
-9
-4
-3
1
2
-4
-5
-2
0
0
1
-2
-1
-1
-6
-4
-1
-3
-2
0
1
5
7
9
9
5
5
7
5
4
5
4
5
5
7
6
1
7
8
6
1
-1
3
2
7
7
4
5
1
3
5
6
4
2
5
6
6
3
3
6
2
4
6
3
6
5
2
4
5
7
1
6
7
7
8
3
8
4
3
4
4
2
3
4
1
-1
0
0
1
-1
0
5
7
6
3
1
-2
-2
-5
-7
-9
-6
-6
-2
-1
-4
2
3
2
-2
-2
-2
-4
-4
-5
0
-1
-3
-2
-4
-6
-1
-3
-5
-4
-2
-5
-5
-2
-7
-4
-2
-3
-2
-5
-5
-7
-5
-8
-10
-6
-9
-14
-11
-11
-15
-14
-12
-11
-15
-12
-16
-24
-18
-24
-25
-19
-10
-4
-6
-11
-13
-8
-10
-13
-10
-8
-10
-10
-12
-13
-11
-11
-12
-13
-13
-14
-13
-15
-15
-17
-21
-19
-24
-22
-19
-20
-20
-19
-15
-17
-17
-20
-18
-21
-22
-20
-19
-18
-21
-21
-14
-12
-16
-15
-13
-17
-23
-17
-16
-21
-17
-14
-17
-19
-20
-17
-17
-17
-17
-19
-14
-16
-17
-19
-18
-15
-15
-15
-17
-17
-19
-19
-17
-16
-13
-14
-14
-10
-11
-7
-10
-11
-9
-11
-7
-8
-9
-4
-3
-10
-17
-12
-7
-3
-3
-6
-5
-2
1
4
2
1
3
2
4
-1
-1
-2
-1
5
6
5
1
2
3
2
2
3
4
3
4
4
2
3
4
4
3
5
4
4
5
5
3
6
8
8
9
8
8
11
15
16
12
13
16
16
17
14
15
17
17
23
18
22
27
23
16
14
12
9
10
11
17
18
18
18
15
17
18
17
20
18
20
22
20
21
20
22
24
21
25
24
26
27
25
25
24
27
26
24
28
28
28
28
29
27
27
29
27
22
21
25
29
26
27
25
27
25
23
27
26
25
25
27
27
31
26
27
27
25
23
26
24
22
27
22
22
23
21
24
24
25
23
24
22
21
19
21
15
18
17
18
20
18
19
19
21
14
11
11
17
23
24
21
19
20
14
9
12
13
13
11
14
14
13
12
13
15
13
16
15
17
14
12
13
11
13
10
10
11
13
14
14
16
14
17
15
18
17
16
17
15
17
16
17
17
16
13
10
13
19
14
12
13
14
12
12
14
11
14
10
6
10
7
2
1
7
20
19
15
17
16
14
14
12
17
19
15
16
13
14
16
19
18
18
16
15
16
11
13
11
11
9
7
10
8
11
10
11
10
9
10
8
8
11
10
10
18
10
12
12
15
15
11
18
21
12
11
17
11
9
12
15
10
9
12
13
11
12
12
13
15
14
14
12
17
17
16
18
17
15
14
13
16
17
20
20
22
22
20
22
20
19
25
26
25
22
15
19
20
21
20
22
23
21
20
21
24
26
24
27
24
21
25
27
25
23
24
24
26
25
30
31
29
27
27
23
25
26
27
25
23
23
22
23
22
21
24
25
26
27
26
28
27
31
30
31
30
31
30
33
36
34
36
37
36
35
33
30
32
31
41
37
38
48
39
35
33
29
30
31
33
34
35
33
33
33
32
36
37
35
33
32
35
33
32
35
33
39
39
40
43
43
46
41
44
41
41
44
41
42
44
42
42
40
45
39
38
43
39
40
37
35
40
37
43
44
42
40
37
39
42
43
43
42
42
37
36
42
41
41
40
40
44
43
39
39
41
38
40
39
41
42
39
38
40
37
34
31
33
34
34
35
33
36
33
33
36
31
31
35
37
36
36
35
32
32
26
25
29
26
27
31
33
31
30
30
32
31
29
26
26
26
22
25
27
30
26
26
25
23
27
25
25
25
25
25
26
23
22
23
24
24
24
25
24
22
20
22
22
19
13
15
20
14
13
14
18
15
11
13
7
10
10
6
15
19
27
26
19
21
22
22
18
17
21
21
20
18
16
18
21
21
16
19
20
18
19
17
16
14
13
16
11
15
19
17
18
17
18
17
19
20
18
16
19
19
23
21
20
18
17
24
21
23
23
21
14
18
20
15
18
20
17
16
15
18
17
14
15
11
15
13
17
14
16
20
17
15
15
14
13
13
12
12
13
12
16
17
14
14
13
13
13
16
15
14
13
13
13
9
10
8
11
11
14
14
13
17
17
16
16
14
7
9
7
9
9
9
9
8
10
10
10
8
9
8
6
6
3
2
2
2
3
4
1
2
-2
-1
-3
-5
0
-2
-3
0
-2
-5
-2
0
0
1
1
5
3
2
2
2
1
1
4
1
8
13
6
10
4
-2
-2
-2
-5
-10
-10
-6
-4
-7
-6
-6
-9
-7
-6
-7
-6
-10
-11
-9
-7
-9
-10
-11
-7
-7
-7
-3
-2
-2
-6
-4
-7
-5
-4
-5
-3
-4
-4
-3
-3
-5
-8
-10
-8
-6
-6
-11
-12
-7
-11
-9
-3
-8
-10
-13
-11
-10
-9
-7
-10
-7
-10
-9
-6
-8
-9
-7
-9
-5
-9
-7
-10
-8
-7
-8
-7
-5
-2
-4
-2
-7
-8
-9
-12
-9
-11
-9
-5
-9
-10
-10
-9
-8
-9
-4
-3
-7
-7
-8
-9
-13
-14
-16
-16
-17
-18
-9
-10
-10
-10
-13
-12
-11
-13
-13
-16
-11
-13
-15
-12
-13
-10
-13
-15
-13
-9
-10
-9
-8
-9
-10
-9
-14
-13
-14
-13
-12
-13
-11
-12
-13
-14
-13
-18
-15
-21
-18
-16
-20
-19
-17
-16
-19
-20
-16
-23
-30
-21
-24
-20
-14
-9
-7
-6
-10
-10
-9
-6
-5
-10
-6
-6
-12
-15
-10
-7
-6
-10
-8
-7
-8
-4
-6
-9
-4
-10
-9
-10
-10
-8
-5
-3
-6
-5
-2
-3
-6
-5
-6
-3
-6
-3
3
-4
-4
-5
0
1
-3
1
1
-5
-10
-5
-2
-4
-3
-3
-4
-6
-6
-1
-1
-1
0
-2
2
5
2
5
3
3
2
3
4
2
5
0
3
1
4
7
4
8
9
8
8
7
9
9
9
6
1
1
4
8
9
4
7
8
7
9
11
15
14
14
13
7
9
10
9
9
12
12
12
16
14
16
17
18
17
17
17
16
15
17
14
15
15
14
16
17
14
15
18
17
17
16
18
18
16
18
20
24
21
23
25
28
28
29
26
26
26
26
27
29
37
29
35
32
23
22
24
23
18
18
20
22
22
22
19
20
19
21
22
19
20
19
19
18
17
20
19
20
21
21
21
20
24
22
18
16
17
18
16
14
18
18
19
22
24
24
15
18
19
16
19
14
16
17
12
18
17
16
16
21
19
20
24
18
18
18
18
20
21
22
18
23
24
22
20
19
23
23
25
24
24
26
24
27
28
25
22
23
25
25
25
24
25
29
25
22
26
26
29
34
28
26
27
30
26
24
26
23
26
25
22
29
30
27
27
26
30
31
28
28
27
29
29
30
31
29
28
26
28
29
30
30
29
34
33
35
33
29
33
34
36
32
34
32
33
31
29
32
26
26
27
25
22
25
24
25
26
20
23
16
11
18
18
17
23
33
35
31
26
31
34
27
30
31
30
33
28
27
27
31
30
31
33
31
33
32
31
29
27
26
23
22
23
26
27
26
27
27
22
27
23
23
27
25
27
27
30
27
26
29
27
28
28
33
31
25
30
26
22
24
27
27
23
26
25
28
31
27
28
28
28
33
27
29
31
33
34
31
33
34
33
32
31
33
33
35
36
34
35
35
34
35
35
37
40
38
40
33
34
36
34
36
36
39
37
36
36
41
44
45
41
38
39
42
40
41
39
40
44
41
44
43
45
44
43
44
43
48
49
41
44
46
46
43
43
46
45
46
45
48
47
47
44
45
45
47
49
48
44
46
54
54
51
52
54
54
50
50
53
50
62
61
60
61
55
52
48
48
43
43
44
50
50
47
46
45
48
50
51
47
47
48
48
47
50
48
48
48
51
52
52
52
54
56
50
54
50
53
54
51
56
55
53
55
53
54
52
53
54
52
49
49
47
53
57
52
57
54
53
52
54
53
55
57
55
55
56
55
56
55
55
55
52
53
53
51
55
55
55
54
55
55
51
54
52
53
48
45
46
47
48
46
48
46
46
44
42
44
44
45
48
46
43
40
40
43
37
34
35
35
33
36
39
40
35
34
38
39
36
35
36
37
35
33
36
35
37
35
33
33
33
34
30
33
36
34
33
31
30
30
31
34
32
33
30
29
30
28
27
27
26
26
28
25
23
22
26
23
21
23
15
9
14
17
23
22
31
29
25
28
31
27
24
28
25
28
27
25
24
25
28
28
26
26
26
29
27
28
26
23
25
25
23
24
26
26
26
23
26
26
24
24
22
22
28
26
29
28
26
30
29
29
29
31
33
27
24
32
26
23
24
30
25
24
24
26
28
25
26
25
29
28
29
25
27
27
25
26
25
26
26
26
26
26
23
26
28
27
29
27
26
26
23
25
26
24
28
24
25
25
17
16
21
24
19
20
21
21
26
28
25
23
24
22
21
20
21
19
17
18
17
18
18
20
15
16
20
19
20
18
19
16
14
15
15
17
15
14
16
17
16
16
17
17
17
16
20
17
18
13
19
25
23
21
20
22
19
19
20
15
24
27
23
25
22
23
13
14
12
10
9
9
15
15
16
13
14
16
17
18
14
14
13
14
15
12
15
15
16
19
21
20
24
23
22
22
24
26
26
25
24
25
25
28
25
23
23
22
23
22
20
19
22
21
28
26
28
26
24
27
27
26
26
27
27
27
25
27
22
21
28
26
26
27
24
24
25
21
23
26
26
28
30
30
28
25
22
21
19
17
20
20
21
20
16
17
14
13
15
18
16
17
20
17
16
16
11
11
13
12
9
4
16
16
11
13
14
15
16
15
13
12
11
10
12
15
11
13
12
15
13
13
12
13
14
10
11
14
13
10
13
9
12
12
12
14
13
12
7
10
5
5
8
4
0
1
4
3
1
4
1
-7
-2
-8
-5
-1
8
12
13
7
7
11
10
8
11
12
8
7
7
4
6
8
9
10
9
10
9
6
7
4
0
3
-1
0
0
2
4
2
-1
-3
0
-1
-1
-1
-3
-3
1
3
0
-2
1
2
0
2
4
5
-7
-4
1
-5
-9
-2
-5
-8
-8
-6
-7
-5
-6
-8
-5
-6
-4
-8
-5
-1
-7
-5
-6
-9
-9
-10
-9
-11
-9
-6
-7
-4
-5
-1
-5
-5
-4
-5
-6
-2
-3
-9
-10
-6
-5
-10
-6
-5
-2
-5
-7
-6
-6
-1
-1
-3
-6
-6
-3
-5
-4
-8
-5
-6
-7
-7
-8
-9
-9
-9
-12
-9
-8
-7
-11
-12
-11
-9
-9
-10
-14
-13
-12
-12
-9
-13
-12
-10
-11
-10
-7
-9
-12
-9
-4
0
-1
-6
-1
-2
-9
-5
-3
-6
-3
3
-4
-1
4
-5
-11
-16
-17
-18
-20
-19
-9
-14
-15
-13
-15
-16
-10
-11
-11
-14
-15
-12
-14
-10
-12
-12
-11
-7
-9
-8
-4
-6
-8
-10
-10
-12
-9
-7
-8
-4
-5
-7
-8
-7
-7
-11
-12
-13
-13
-12
-12
-11
-10
-8
-6
-4
-8
-7
-7
-3
-2
-5
-4
-8
-8
-10
-9
-9
-10
-7
-11
-8
-8
-10
-9
-9
-8
-8
-9
-7
-5
-6
-5
-7
-7
-12
-9
-10
-12
-10
-9
-8
-9
-9
-8
-11
-13
-8
-4
-1
-8
-4
-4
-8
-4
-7
-7
-9
-10
-8
-2
-1
-2
-2
-3
-3
-2
-3
-4
-3
-2
-3
-2
2
2
0
0
-2
1
2
2
3
1
2
-1
0
0
0
2
0
1
1
-3
0
-1
-1
-6
-3
-1
-5
-6
-8
-8
-9
-8
-7
-9
-8
-11
-20
-13
-12
-21
-20
-8
2
1
-3
-6
-6
-5
-7
-6
-7
-6
-8
-8
-12
-8
-8
-11
-9
-6
-10
-13
-9
-11
-10
-16
-12
-16
-18
-16
-16
-16
-18
-19
-19
-20
-25
-24
-24
-24
-25
-24
-19
-21
-23
-24
-22
-21
-21
-23
-19
-24
-32
-25
-28
-30
-26
-26
-28
-30
-32
-26
-27
-26
-28
-29
-24
-24
-26
-23
-22
-22
-22
-23
-23
-24
-24
-25
-25
-28
-25
-29
-24
-22
-22
-22
-22
-23
-23
-23
-20
-23
-20
-26
-32
-26
-24
-28
-31
-24
-24
-26
-27
-24
-24
-22
-23
-26
-26
-27
-24
-28
-28
-27
-24
-25
-27
-24
-25
-29
-30
-31
-29
-28
-27
-27
-28
-30
-27
-28
-27
-26
-27
-27
-24
-27
-27
-26
-27
-25
-25
-23
-23
-23
-23
-22
-16
-18
-19
-15
-20
-19
-19
-20
-17
-17
-7
-10
-12
-8
-12
-13
-23
-21
-26
-26
-24
-20
-23
-23
-20
-25
-23
-19
-14
-17
-18
-19
-18
-22
-18
-20
-19
-16
-18
-16
-18
-16
-13
-16
-16
-18
-18
-11
-15
-12
-11
-12
-12
-10
-10
-12
-13
-10
-6
-5
-9
-12
-10
-9
-15
-11
-7
-8
-7
-9
-10
-6
-7
-9
-8
-11
-8
-6
-6
-10
-10
-8
-12
-13
-14
-14
-14
-13
-13
-15
-14
-13
-13
-10
-9
-11
-15
-13
-14
-15
-13
-11
-13
-12
-12
-9
-7
-15
-8
-9
-5
-6
-7
-3
-7
-9
-9
-10
-10
-12
-8
-6
-5
-5
-7
-6
-4
-2
-7
-8
-7
-8
-9
-9
-7
-4
-6
-7
-4
-3
-4
0
-1
-1
0
-3
-3
-4
-6
-9
-7
-7
-6
-8
-9
-6
-10
-9
-12
-10
-9
-13
-12
-15
-15
-13
-17
-16
-17
-13
-22
-23
-19
-26
-25
-16
-14
-11
-9
-10
-9
-8
-8
-10
-6
-5
-8
-10
-9
-12
-10
-7
-11
-10
-10
-12
-13
-14
-16
-18
-18
-17
-16
-12
-14
-14
-11
-10
-14
-17
-15
-20
-20
-16
-19
-20
-16
-16
-14
-16
-18
-13
-13
-13
-13
-9
-17
-17
-9
-15
-17
-15
-16
-19
-22
-20
-16
-18
-19
-21
-20
-21
-18
-19
-18
-15
-16
-16
-15
-17
-16
-17
-16
-13
-16
-17
-15
-14
-12
-16
-15
-18
-18
-16
-14
-14
-16
-16
-17
-15
-19
-16
-19
-16
-19
-17
-14
-16
-15
-15
-16
-19
-15
-21
-19
-16
-18
-18
-18
-14
-18
-18
-14
-18
-15
-17
-17
-17
-16
-12
-16
-16
-17
-17
-18
-18
-17
-16
-14
-11
-14
-10
-12
-10
-9
-10
-4
-10
-8
-7
-3
0
-6
-4
-2
-6
-4
-4
-4
-4
-2
7
0
5
8
1
-3
-5
-4
-8
-8
-10
-4
-4
-8
-8
-11
-7
-6
-8
-8
-4
-4
-4
-2
0
-3
-2
0
1
2
1
3
7
2
5
2
1
0
-2
3
4
4
6
6
9
4
-1
3
6
3
2
2
3
6
5
6
8
2
5
8
8
7
8
10
6
8
9
8
7
9
7
9
7
4
3
2
5
3
4
5
3
5
0
3
5
2
0
1
2
3
1
2
5
5
2
4
8
4
4
5
6
9
5
7
5
1
0
-1
1
-1
-1
6
3
1
0
4
6
4
5
4
3
0
1
3
1
2
0
1
5
5
9
5
8
5
5
8
6
5
2
3
1
2
3
2
1
-1
-9
-5
-4
-5
-8
-7
-5
-10
-6
-5
-8
-6
-4
-7
-19
-10
-8
-11
-6
0
7
1
-1
1
4
1
-1
2
2
4
2
-2
0
0
0
2
2
3
0
4
4
-1
2
-2
-3
-5
-5
0
-3
-2
1
-1
-1
-1
0
-1
-4
-3
-8
-3
-2
-6
-7
-11
-4
-5
-7
-6
-8
-12
-12
-12
-13
-12
-9
-13
-15
-15
-16
-13
-14
-12
-12
-13
-14
-17
-14
-14
-13
-14
-14
-16
-15
-13
-13
-12
-15
-13
-13
-14
-13
-12
-14
-14
-17
-14
-13
-17
-13
-16
-17
-19
-17
-13
-12
-15
-12
-14
-9
-8
-10
-6
-9
-4
-10
-11
-8
-10
-14
-17
-15
-15
-16
-14
-16
-14
-11
-15
-10
-13
-13
-10
-12
-14
-11
-11
-13
-14
-15
-16
-13
-13
-10
-11
-13
-11
-14
-11
-11
-12
-10
-14
-8
-5
-4
-1
-2
-3
-5
-5
-5
-4
-4
-5
6
3
1
5
-4
-7
-8
-8
-7
-8
-4
-1
-1
-3
-4
-5
-9
-4
-2
-5
-4
-7
-7
-3
-8
-9
-6
-4
0
2
3
4
5
4
2
2
3
4
4
4
9
7
7
7
6
5
1
6
10
9
6
2
5
11
8
13
12
7
6
11
7
6
12
9
11
7
10
10
10
10
11
15
15
15
14
11
13
15
14
14
12
11
11
12
13
10
8
6
6
10
12
13
11
11
10
9
14
14
12
18
17
20
15
12
15
8
11
7
6
7
6
12
12
14
12
13
17
18
18
13
15
13
11
13
15
13
11
9
7
9
11
13
11
9
11
11
14
12
14
13
13
10
10
8
5
6
2
2
-3
-4
-6
-8
-9
-13
-13
-10
-7
-10
-11
-8
-18
-16
-11
-11
-6
-4
2
2
-6
-5
-1
-5
-2
-2
0
-1
-3
-4
-5
-7
-6
-2
0
-1
-1
-2
-1
-6
-8
-8
-11
-9
-14
-14
-10
-11
-10
-12
-11
-8
-12
-8
-9
-10
-6
-8
-5
-5
-10
-8
-6
-8
-13
-12
-4
-11
-16
-12
-15
-17
-16
-13
-16
-14
-13
-11
-8
-13
-12
-10
-10
-9
-11
-8
-7
-6
-5
-8
-9
-7
-6
-6
-7
-5
-4
-2
-3
-3
1
-1
-1
-1
-1
2
4
5
3
4
2
-5
-10
-6
1
3
-1
1
3
2
6
6
5
3
-1
0
-3
-1
-1
-3
-2
-3
-1
-4
-3
-3
-7
-3
-3
-3
-3
-3
-3
-5
-2
-3
-3
-4
-6
-3
-6
-4
-4
-3
-5
-5
-2
-3
4
3
1
6
10
13
10
11
12
10
10
7
7
5
14
20
17
16
16
11
7
2
4
3
4
12
14
13
10
11
11
13
18
19
15
15
14
17
15
18
20
23
26
31
31
32
34
33
32
33
29
29
27
23
25
25
21
24
20
21
19
18
19
17
20
21
16
15
17
19
20
19
19
24
30
32
40
39
50
52
59
68
71
82
86
92
105
101
108
114
116
124
125
131
130
135
134
135
136
136
132
131
124
129
124
123
123
115
112
108
97
96
91
80
75
59
53
42
29
20
3
-8
-26
-39
-50
-60
-64
-86
-93
-108
-123
-130
-142
-150
-162
-174
-178
-190
-185
-195
-196
-202
-201
-196
-205
-194
-188
-181
-165
-154
-136
-108
-82
-53
-21
16
58
98
138
181
222
261
300
329
363
399
429
457
473
499
511
531
541
555
557
552
553
543
536
523
498
470
415
355
301
225
147
59
-25
-117
-220
-318
-417
-514
-609
-693
-784
-867
-944
-1020
-1083
-1145
-1213
-1255
-1307
-1338
-1349
-1347
-1298
-1242
-1160
-1063
-934
-794
-640
-478
-307
-128
32
179
318
445
554
653
720
778
821
853
878
893
894
906
903
884
866
848
826
784
736
674
606
521
425
324
216
102
-12
-124
-225
-311
-388
-441
-486
-502
-485
-450
-386
-293
-198
-84
35
143
273
378
486
584
655
719
763
802
823
822
805
785
748
694
632
560
465
358
234
87
-63
-233
-411
-601
-819
-1017
-1236
-1440
-1642
-1833
-2003
-2097
-2165
-2169
-2122
-2052
-1907
-1731
-1558
-1336
-1104
-865
-600
-426
-229
-66
120
257
371
467
570
671
748
829
931
1038
1152
1238
1284
1373
1415
1462
1455
1413
1349
1259
1127
969
807
622
457
251
71
-95
-218
-329
-418
-503
-564
-579
-598
-590
-582
-559
-532
-502
-493
-444
-402
-326
-234
-151
-45
86
240
409
583
739
915
1070
1210
1314
1405
1469
1497
1478
1400
1315
1214
1062
896
691
474
292
26
-201
-436
-670
-879
-1149
-1396
-1642
-1885
-2131
-2378
-2570
-2745
-2800
-2844
-2858
-2730
-2643
-2420
-2175
-1932
-1574
-1271
-937
-600
-329
-19
223
469
664
831
981
1086
1216
1297
1383
1478
1531
1619
1672
1707
1771
1782
1782
1747
1656
1561
1442
1270
1091
872
645
424
185
-38
-243
-408
-562
-691
-786
-857
-863
-876
-867
-824
-792
-719
-657
-600
-506
-416
-308
-196
-64
79
252
425
600
784
960
1139
1314
1449
1584
1653
1707
1720
1683
1615
1507
1362
1170
966
720
481
208
-66
-365
-648
-978
-1250
-1599
-1884
-2186
-2465
-2713
-2943
-3127
-3235
-3267
-3262
-3148
-3035
-2820
-2557
-2252
-1955
-1566
-1223
-830
-484
-184
136
417
695
885
1059
1184
1344
1454
1553
1645
1734
1831
1905
1931
1957
1993
1976
1960
1850
1745
1603
1442
1225
1002
763
518
289
24
-188
-397
-547
-694
-801
-896
-921
-937
-919
-880
-842
-768
-690
-596
-507
-372
-257
-114
43
201
384
587
787
999
1187
1344
1549
1671
1801
1863
1905
1899
1837
1743
1587
1414
1205
942
653
338
-13
-332
-763
-1127
-1537
-1933
-2256
-2630
-2919
-3166
-3402
-3568
-3707
-3774
-3673
-3607
-3398
-3227
-2957
-2607
-2298
-1885
-1500
-1064
-634
-295
34
356
655
983
1162
1380
1528
1684
1845
1919
2040
2123
2203
2250
2238
2247
2247
2190
2128
1958
1797
1607
1383
1167
892
645
373
97
-162
-419
-628
-793
-963
-1076
-1190
-1250
-1243
-1247
-1179
-1151
-1073
-965
-858
-708
-567
-390
-171
37
271
526
802
1119
1382
1662
1894
2129
2339
2475
2574
2619
2620
2563
2426
2266
2064
1818
1537
1167
797
400
-8
-442
-899
-1333
-1742
-2149
-2498
-2832
-3095
-3342
-3555
-3757
-3959
-4096
-4217
-4190
-4107
-3975
-3697
-3431
-3010
-2512
-2054
-1473
-941
-381
175
595
1034
1412
1763
2035
2181
2324
2394
2494
2528
2531
2571
2567
2595
2589
2524
2538
2503
2453
2373
2189
2047
1839
1580
1284
942
582
224
-149
-500
-829
-1096
-1323
-1505
-1622
-1719
-1708
-1676
-1594
-1457
-1340
-1161
-965
-764
-539
-329
-103
151
392
654
919
1211
1514
1802
2067
2302
2542
2738
2881
2958
2975
2950
2863
2684
2445
2168
1831
1438
955
461
-55
-583
-1092
-1628
-2078
-2434
-2746
-2993
-3191
-3371
-3543
-3716
-3930
-4133
-4262
-4396
-4454
-4344
-4272
-3984
-3662
-3310
-2739
-2231
-1627
-995
-393
259
813
1266
1698
2040
2366
2536
2642
2673
2674
2687
2589
2561
2500
2472
2477
2406
2360
2375
2304
2251
2086
1859
1637
1312
979
575
161
-284
-757
-1218
-1680
-2089
-2423
-2702
-2899
-3065
-3148
-3123
-3080
-2907
-2753
-2557
-2297
-2053
-1746
-1450
-1169
-851
-540
-251
61
357
690
1004
1313
1568
1816
2054
2243
2409
2474
2499
2488
2373
2198
1937
1603
1236
756
225
-337
-891
-1399
-1885
-2290
-2606
-2839
-2963
-3088
-3170
-3293
-3405
-3560
-3762
-3934
-4063
-4136
-4038
-3894
-3688
-3287
-2962
-2420
-1887
-1339
-683
-67
576
1202
1660
2073
2404
2698
2908
2960
3005
2936
2948
2852
2762
2710
2625
2623
2554
2440
2400
2333
2252
2136
1879
1647
1339
981
572
87
-387
-896
-1391
-1907
-2363
-2698
-2968
-3154
-3240
-3291
-3204
-3056
-2837
-2540
-2293
-1961
-1664
-1328
-971
-661
-322
3
309
611
898
1208
1518
1811
2101
2321
2568
2758
2921
3024
3042
3029
2925
2739
2487
2128
1726
1254
695
129
-471
-965
-1413
-1841
-2116
-2338
-2429
-2454
-2522
-2587
-2711
-2886
-3056
-3297
-3488
-3606
-3581
-3401
-3281
-2917
-2635
-2206
-1630
-1160
-511
86
695
1333
1779
2209
2587
2868
3120
3135
3158
3116
3089
3065
2954
2921
2855
2870
2896
2832
2790
2771
2725
2667
2417
2158
1859
1453
1061
520
-42
-627
-1237
-1829
-2434
-2917
-3282
-3592
-3812
-3988
-4038
-3964
-3846
-3594
-3386
-3101
-2780
-2480
-2099
-1810
-1479
-1124
-821
-469
-141
185
573
890
1252
1535
1799
2087
2275
2468
2522
2554
2521
2377
2176
1834
1438
1004
471
-67
-582
-1102
-1435
-1813
-2059
-2215
-2340
-2377
-2520
-2659
-2863
-3080
-3312
-3565
-3796
-3826
-3693
-3505
-3192
-2876
-2393
-1813
-1244
-606
41
645
1265
1726
2139
2479
2789
3032
3067
3085
2966
2924
2866
2754
2697
2615
2616
2593
2521
2497
2491
2448
2357
2125
1869
1562
1234
887
419
-81
-638
-1203
-1772
-2352
-2869
-3284
-3596
-3793
-3931
-3929
-3798
-3596
-3286
-3013
-2631
-2217
-1786
-1318
-944
-508
-99
299
702
1032
1403
1771
2100
2426
2654
2910
3137
3298
3437
3444
3412
3299
3108
2836
2435
1974
1478
894
331
-263
-789
-1170
-1506
-1710
-1882
-1959
-2019
-2171
-2354
-2545
-2766
-2910
-3085
-3034
-2906
-2758
-2389
-2160
-1658
-1164
-701
-91
379
920
1391
1646
1914
2041
2146
2168
1968
1768
1453
1243
988
724
559
353
276
203
127
171
206
260
304
179
154
54
-71
-215
-525
-814
-1167
-1504
-1831
-2183
-2451
-2647
-2749
-2758
-2745
-2578
-2364
-2085
-1735
-1480
-1115
-765
-372
45
378
743
1106
1441
1776
2059
2333
2643
2886
3130
3283
3443
3573
3663
3692
3596
3494
3315
3057
2718
2258
1802
1322
766
266
-246
-590
-824
-1070
-1183
-1365
-1468
-1588
-1774
-1911
-2074
-2141
-1980
-1819
-1554
-1119
-792
-281
103
439
838
1103
1420
1614
1693
1724
1666
1599
1385
1034
699
308
99
-185
-446
-617
-831
-852
-927
-981
-937
-834
-691
-609
-685
-723
-844
-1014
-1246
-1609
-1920
-2271
-2557
-2885
-3194
-3391
-3541
-3596
-3625
-3617
-3452
-3236
-2934
-2578
-2271
-1859
-1454
-1039
-608
-239
172
542
902
1240
1555
1892
2216
2521
2788
2992
3209
3374
3495
3578
3525
3469
3324
3098
2801
2378
1948
1482
971
488
4
-340
-600
-819
-997
-1187
-1279
-1432
-1615
-1742
-1937
-1843
-1703
-1575
-1173
-907
-371
192
655
1300
1840
2500
3091
3414
3642
3677
3651
3461
3016
2608
2091
1671
1242
759
418
57
-184
-389
-618
-694
-758
-779
-764
-921
-980
-1066
-1173
-1252
-1448
-1602
-1820
-2046
-2284
-2608
-2829
-3033
-3160
-3221
-3314
-3207
-3027
-2762
-2430
-2171
-1812
-1425
-1038
-619
-281
98
511
875
1226
1541
1869
2202
2468
2714
2887
3058
3207
3280
3325
3247
3152
3004
2750
2453
2044
1620
1178
659
155
-321
-736
-1035
-1292
-1509
-1689
-1797
-1921
-2002
-2159
-2123
-1930
-1730
-1361
-1034
-439
225
860
1599
2210
2896
3554
4003
4354
4471
4548
4373
3954
3498
2945
2586
2202
1941
1645
1376
1245
1110
1028
964
967
975
1047
890
766
596
361
127
-226
-540
-930
-1281
-1625
-2006
-2290
-2535
-2670
-2744
-2832
-2792
-2690
-2491
-2237
-2044
-1748
-1432
-1064
-680
-363
-19
341
706
1038
1335
1619
1932
2210
2425
2585
2729
2863
2934
2967
2886
2779
2627
2388
2062
1652
1172
723
149
-357
-864
-1349
-1656
-2029
-2256
-2466
-2660
-2767
-2943
-2912
-2836
-2686
-2323
-2079
-1559
-1005
-442
326
893
1615
2268
2729
3236
3592
3926
4066
3933
3704
3310
3063
2721
2352
2112
1836
1733
1636
1536
1538
1512
1533
1580
1520
1470
1313
1145
1031
734
462
136
-206
-528
-916
-1204
-1491
-1702
-1862
-2028
-2073
-2099
-2003
-1845
-1708
-1486
-1243
-939
-582
-304
13
329
616
937
1188
1433
1684
1880
2061
2161
2238
2296
2319
2315
2191
2055
1852
1611
1331
902
480
3
-475
-900
-1410
-1801
-2128
-2438
-2651
-2910
-3073
-3167
-3084
-3030
-2866
-2627
-2373
-1852
-1421
-897
-284
292
965
1549
2031
2517
2904
3214
3408
3470
3417
3244
3013
2573
2153
1725
1382
1147
887
752
708
665
689
631
467
387
217
58
-183
-530
-815
-1136
-1424
-1742
-2034
-2286
-2516
-2685
-2855
-2949
-2946
-2885
-2717
-2546
-2351
-2035
-1721
-1340
-972
-645
-247
96
435
767
1063
1344
1593
1768
1917
2017
2086
2126
2104
2036
1881
1704
1449
1168
789
349
-132
-611
-1097
-1560
-1991
-2392
-2661
-2956
-3178
-3385
-3339
-3290
-3159
-2948
-2777
-2292
-1863
-1383
-846
-388
191
677
1000
1334
1596
1874
2004
1933
1847
1682
1557
1277
962
614
267
24
-297
-560
-708
-831
-920
-1052
-1266
-1355
-1484
-1567
-1675
-1880
-2029
-2215
-2371
-2524
-2661
-2770
-2886
-2927
-2954
-2956
-2855
-2722
-2482
-2235
-2015
-1685
-1351
-956
-568
-260
107
456
781
1103
1371
1624
1870
2047
2184
2272
2348
2399
2396
2309
2148
1965
1722
1458
1095
676
219
-229
-713
-1138
-1606
-1977
-2292
-2594
-2842
-2963
-2938
-2874
-2655
-2559
-2236
-1828
-1433
-889
-458
68
590
968
1304
1612
1894
2177
2273
2315
2302
2320
2306
2221
2127
1909
1798
1631
1466
1393
1333
1316
1306
1163
1067
970
802
675
354
8
-372
-741
-1069
-1419
-1707
-1987
-2175
-2312
-2403
-2417
-2379
-2216
-2010
-1826
-1576
-1303
-996
-638
-347
-45
263
533
811
1039
1218
1404
1553
1661
1735
1755
1779
1772
1718
1574
1387
1174
909
607
173
-290
-718
-1214
-1646
-2095
-2528
-2828
-3161
-3457
-3499
-3574
-3446
-3249
-3149
-2772
-2453
-2022
-1498
-1077
-533
-100
252
548
813
1109
1286
1387
1411
1418
1539
1563
1662
1776
1827
2000
2046
2104
2209
2230
2264
2187
1974
1795
1534
1257
938
500
80
-406
-828
-1279
-1664
-2001
-2320
-2481
-2642
-2684
-2607
-2506
-2258
-2021
-1788
-1467
-1206
-850
-491
-215
97
341
618
872
1062
1246
1382
1498
1578
1588
1610
1572
1561
1481
1292
1104
836
577
205
-211
-654
-1060
-1501
-1913
-2306
-2680
-2981
-3178
-3237
-3319
-3148
-3006
-2707
-2318
-2014
-1494
-1038
-551
-40
290
600
874
1086
1309
1348
1360
1351
1350
1378
1347
1433
1493
1661
1818
1937
2139
2336
2543
2713
2724
2695
2636
2429
2225
1836
1432
1008
501
56
-424
-841
-1195
-1513
-1762
-1989
-2076
-2082
-2037
-1883
-1769
-1535
-1300
-1080
-763
-513
-231
19
203
441
608
743
861
902
964
948
908
849
767
683
534
327
84
-189
-498
-868
-1281
-1678
-2068
-2480
-2891
-3294
-3560
-3599
-3737
-3632
-3540
-3311
-2847
-2535
-2005
-1494
-958
-343
45
429
767
1082
1359
1442
1483
1495
1521
1569
1522
1581
1630
1718
1865
1898
2031
2179
2295
2447
2446
2415
2379
2213
2039
1713
1345
970
534
153
-284
-663
-1024
-1331
-1536
-1743
-1835
-1842
-1759
-1559
-1381
-1088
-747
-444
-71
235
516
788
974
1176
1287
1354
1387
1369
1341
1226
1115
953
787
615
381
101
-183
-499
-817
-1179
-1603
-1972
-2370
-2771
-3187
-3611
-3708
-3879
-3904
-3844
-3804
-3392
-3093
-2672
-2170
-1742
-1093
-624
-245
128
450
835
1010
1085
1128
1146
1239
1194
1193
1235
1272
1421
1486
1587
1778
1903
2076
2132
2081
2087
1943
1783
1507
1108
729
214
-238
-738
-1201
-1603
-1976
-2223
-2475
-2634
-2661
-2626
-2448
-2244
-2003
-1631
-1282
-824
-384
-6
385
690
996
1231
1356
1460
1483
1483
1402
1265
1136
973
839
635
394
137
-104
-371
-641
-990
-1303
-1596
-1955
-2315
-2644
-2725
-2876
-2854
-2862
-2776
-2421
-2178
-1736
-1298
-851
-243
200
595
978
1317
1699
1895
1981
2061
2114
2198
2156
2169
2168
2229
2338
2351
2440
2550
2657
2773
2767
2697
2685
2550
2412
2111
1706
1299
771
293
-257
-783
-1285
-1729
-2086
-2390
-2543
-2607
-2560
-2358
-2133
-1831
-1461
-1130
-662
-254
87
442
707
974
1143
1203
1228
1208
1131
1002
797
602
410
239
7
-277
-485
-740
-922
-1229
-1531
-1770
-2063
-2341
-2638
-2709
-2827
-2801
-2784
-2744
-2423
-2189
-1767
-1343
-961
-404
23
378
747
1077
1439
1661
1737
1811
1883
1965
1963
1993
2016
2062
2147
2150
2218
2324
2428
2553
2589
2574
2623
2543
2451
2263
1953
1656
1194
748
261
-229
-715
-1189
-1589
-1944
-2165
-2315
-2349
-2251
-2080
-1824
-1490
-1133
-670
-221
139
508
784
1049
1230
1261
1265
1196
1088
919
679
417
163
-74
-358
-662
-948
-1162
-1346
-1588
-1828
-2046
-2273
-2465
-2470
-2609
-2530
-2466
-2385
-2074
-1898
-1526
-1093
-703
-189
172
518
886
1208
1567
1763
1870
1942
2012
2088
2023
2023
1994
1972
1999
1900
1902
1939
1969
2054
2015
1962
1995
1925
1841
1657
1382
1144
770
413
14
-315
-623
-937
-1195
-1454
-1549
-1568
-1528
-1362
-1144
-842
-435
-84
358
799
1161
1537
1795
2028
2201
2209
2171
2034
1844
1584
1230
862
466
107
-318
-733
-1092
-1394
-1647
-1903
-2201
-2401
-2670
-2762
-2771
-2893
-2743
-2750
-2563
-2310
-2142
-1708
-1371
-956
-516
-234
134
456
827
1190
1389
1590
1748
1935
2097
2129
2266
2302
2387
2453
2399
2487
2526
2569
2586
2455
2343
2266
2094
1935
1630
1350
1043
638
271
-188
-532
-915
-1257
-1546
-1833
-1938
-2003
-1961
-1832
-1655
-1340
-988
-662
-208
169
540
849
1066
1296
1351
1361
1243
1080
854
543
175
-212
-597
-1005
-1403
-1852
-2175
-2484
-2681
-2964
-3194
-3388
-3358
-3315
-3342
-3156
-3055
-2693
-2382
-2129
-1680
-1305
-779
-340
-79
244
566
935
1202
1325
1460
1599
1729
1799
1797
1894
1913
1996
2000
1945
2010
1995
2015
1945
1773
1624
1419
1109
794
371
16
-364
-775
-1156
-1578
-1895
-2206
-2435
-2641
-2762
-2704
-2606
-2404
-2160
-1890
-1494
-1095
-668
-165
238
666
1009
1279
1564
1664
1734
1696
1581
1427
1152
836
522
160
-194
-646
-1051
-1379
-1691
-1947
-2290
-2582
-2752
-2708
-2785
-2686
-2572
-2314
-1904
-1653
-1262
-842
-384
132
447
724
1035
1384
1725
1902
2014
2159
2334
2455
2459
2507
2562
2638
2738
2729
2838
2970
3071
3142
3027
2862
2740
2565
2382
2085
1735
1358
861
373
-152
-623
-1064
-1452
-1776
-2076
-2231
-2305
-2242
-2063
-1849
-1560
-1186
-832
-406
-2
316
629
825
991
1066
1023
935
765
528
203
-172
-559
-976
-1353
-1811
-2172
-2534
-2810
-3007
-3286
-3497
-3390
-3393
-3250
-3072
-2927
-2431
-2133
-1752
-1316
-935
-366
55
360
672
954
1332
1571
1702
1794
1919
2058
2029
2032
2070
2073
2196
2142
2131
2201
2185
2276
2217
2115
2084
1994
1926
1810
1604
1480
1270
1011
730
416
150
-163
-388
-610
-752
-804
-850
-694
-555
-325
-5
252
630
1020
1294
1579
1738
1923
2030
1973
1887
1690
1498
1183
760
337
-135
-574
-1124
-1664
-2114
-2558
-2883
-3243
-3655
-3624
-3669
-3616
-3433
-3369
-2861
-2507
-2138
-1672
-1301
-730
-289
-3
298
544
902
1123
1209
1303
1389
1578
1608
1638
1783
1849
2073
2163
2205
2379
2433
2574
2618
2539
2517
2353
2127
1846
1436
1053
551
56
-385
-817
-1164
-1504
-1706
-1862
-1911
-1802
-1694
-1402
-1139
-869
-495
-192
161
565
840
1095
1242
1339
1410
1308
1184
976
730
405
2
-406
-836
-1219
-1642
-2032
-2416
-2783
-2993
-3335
-3355
-3381
-3378
-3118
-3032
-2619
-2248
-1865
-1324
-924
-367
151
512
951
1286
1680
1988
2137
2332
2481
2709
2820
2859
2990
2999
3082
3041
2893
2929
2907
2851
2683
2302
2015
1685
1321
954
478
139
-273
-673
-1042
-1374
-1615
-1856
-2008
-2094
-2074
-1943
-1802
-1557
-1236
-914
-534
-201
163
597
940
1243
1431
1590
1744
1726
1629
1434
1221
959
571
135
-329
-775
-1233
-1743
-2173
-2575
-2845
-3180
-3414
-3333
-3406
-3168
-3061
-2808
-2335
-2039
-1563
-1157
-733
-164
177
490
799
1100
1469
1641
1779
1939
2144
2347
2387
2536
2686
2856
3051
3065
3177
3293
3371
3443
3324
3194
3075
2786
2483
2044
1532
1067
464
-105
-621
-1053
-1411
-1740
-1972
-2144
-2177
-2135
-2057
-1859
-1579
-1222
-806
-460
17
456
746
982
1100
1231
1244
1103
919
665
345
-36
-526
-1007
-1503
-1968
-2403
-2834
-3210
-3465
-3780
-3849
-3846
-3878
-3620
-3530
-3145
-2747
-2403
-1888
-1503
-1004
-497
-193
179
483
849
1175
1305
1429
1512
1658
1724
1723
1874
1991
2220
2404
2469
2678
2817
3001
3108
3051
3080
3013
2804
2492
2014
1635
1215
696
243
-252
-637
-1016
-1356
-1596
-1758
-1737
-1728
-1605
-1412
-1202
-913
-630
-336
56
377
634
807
914
1035
981
836
615
360
69
-332
-760
-1249
-1669
-2096
-2542
-2929
-3295
-3535
-3856
-3988
-3916
-3907
-3623
-3455
-3064
-2570
-2181
-1616
-1160
-634
-59
269
619
906
1231
1596
1765
1969
2178
2442
2656
2737
2882
2916
2928
2870
2642
2494
2283
2016
1699
1177
681
199
-342
-866
-1437
-1868
-2186
-2547
-2830
-3039
-3140
-3184
-3197
-3109
-2927
-2624
-2257
-1904
-1459
-988
-466
50
482
1011
1461
1782
2013
2112
2212
2147
1931
1669
1287
904
428
-141
-683
-1206
-1658
-2078
-2516
-2848
-3129
-3382
-3322
-3437
-3286
-3085
-2890
-2399
-2109
-1655
-1176
-768
-201
177
485
851
1134
1518
1682
1767
1880
1971
2117
2092
2152
2244
2278
2381
2319
2336
2443
2458
2506
2336
2102
1983
1764
1540
1233
876
618
250
-186
-608
-1021
-1339
-1676
-1932
-2123
-2128
-1989
-1884
-1632
-1309
-927
-473
-126
308
775
1106
1398
1538
1681
1750
1625
1411
1101
764
350
-162
-739
-1300
-1797
-2299
-2798
-3210
-3528
-3786
-3901
-3848
-3824
-3542
-3358
-2991
-2547
-2190
-1664
-1234
-752
-200
156
534
866
1211
1602
1775
1931
2104
2372
2586
2686
2839
2956
3122
3215
3118
3028
2858
2632
2359
1891
1477
1074
600
80
-496
-964
-1367
-1798
-2139
-2393
-2571
-2667
-2783
-2816
-2791
-2574
-2276
-2052
-1638
-1238
-710
-226
166
707
1165
1502
1762
1867
1983
1967
1734
1509
1094
716
217
-400
-1012
-1579
-2016
-2512
-2971
-3305
-3607
-3699
-3630
-3741
-3430
-3269
-2899
-2416
-2123
-1544
-1086
-594
-38
254
622
981
1277
1640
1743
1881
1992
2185
2390
2471
2692
2819
2993
3159
3189
3375
3540
3638
3748
3631
3589
3511
3273
2937
2371
1820
1275
650
53
-531
-1004
-1320
-1615
-1769
-1866
-1765
-1653
-1475
-1199
-934
-530
-171
167
594
994
1298
1533
1674
1825
1821
1688
1487
1200
862
411
-140
-706
-1261
-1766
-2264
-2795
-3190
-3562
-3794
-3748
-3917
-3665
-3500
-3203
-2667
-2374
-1796
-1293
-816
-207
151
493
832
1070
1402
1489
1581
1644
1742
1871
1834
1988
2117
2313
2557
2629
2780
2877
2853
2877
2677
2457
2324
2043
1735
1229
749
372
-58
-455
-858
-1194
-1472
-1762
-1994
-2191
-2213
-2050
-1937
-1669
-1342
-928
-428
-110
377
839
1148
1419
1519
1604
1637
1424
1220
835
435
-2
-591
-1136
-1704
-2123
-2534
-2996
-3353
-3665
-3837
-3708
-3874
-3625
-3435
-3176
-2647
-2359
-1797
-1286
-802
-185
203
587
1036
1365
1820
2038
2303
2631
2972
3351
3521
3782
3919
3969
4037
3874
3712
3532
3194
2885
2410
2018
1698
1352
1060
580
112
-267
-750
-1158
-1506
-1829
-2042
-2257
-2322
-2322
-2140
-1852
-1582
-1188
-817
-356
114
478
926
1377
1689
1970
2098
2214
2231
2038
1792
1427
1012
560
-37
-647
-1241
-1780
-2253
-2790
-3217
-3540
-3849
-3776
-3913
-3770
-3513
-3340
-2776
-2483
-1978
-1382
-908
-260
197
555
1029
1363
1849
2152
2375
2611
2830
3116
3179
3308
3372
3423
3550
3524
3488
3502
3424
3400
3175
2842
2607
2257
1972
1563
1007
495
-170
-789
-1385
-1948
-2358
-2742
-3030
-3208
-3261
-3011
-2752
-2442
-1957
-1499
-859
-404
114
718
1127
1487
1699
1798
1908
1763
1563
1258
817
394
-190
-781
-1363
-1829
-2223
-2684
-3077
-3377
-3667
-3576
-3648
-3600
-3288
-3158
-2625
-2285
-1830
-1221
-768
-183
279
575
1011
1290
1648
1918
2059
2274
2400
2608
2588
2618
2731
2788
2953
3032
3047
3128
3018
2848
2570
2144
1913
1592
1258
874
442
108
-327
-839
-1279
-1702
-2007
-2246
-2439
-2516
-2492
-2302
-2055
-1685
-1242
-764
-197
281
765
1289
1666
1974
2141
2246
2326
2171
1940
1611
1152
713
85
-519
-1130
-1644
-2124
-2596
-3022
-3384
-3674
-3712
-3714
-3702
-3397
-3214
-2686
-2257
-1780
-1154
-616
-9
554
930
1347
1671
2018
2327
2426
2573
2697
2943
3015
3020
3037
3008
3039
2997
2796
2625
2441
2383
2382
2208
2136
1917
1597
1177
621
161
-361
-927
-1411
-1888
-2245
-2546
-2809
-2957
-3056
-2920
-2681
-2490
-2119
-1700
-1147
-664
-228
385
893
1274
1566
1720
1856
1826
1621
1366
949
519
-55
-651
-1292
-1765
-2192
-2611
-2993
-3375
-3580
-3664
-3552
-3574
-3222
-2951
-2510
-2043
-1631
-1062
-539
-37
497
845
1222
1621
1925
2297
2403
2516
2525
2447
2196
1884
1577
1266
1073
819
615
519
509
461
407
213
147
196
195
166
-19
-182
-346
-611
-897
-1177
-1451
-1655
-1881
-2013
-2081
-1976
-1810
-1589
-1300
-960
-514
-128
265
713
1138
1437
1665
1812
1945
1923
1759
1511
1136
738
228
-370
-964
-1522
-1974
-2429
-2837
-3184
-3459
-3653
-3607
-3613
-3420
-3122
-2783
-2185
-1721
-1124
-485
136
812
1373
1831
2322
2739
3202
3447
3553
3605
3540
3364
2890
2454
2050
1736
1475
1157
991
942
889
963
902
864
937
973
989
864
746
635
400
85
-227
-539
-772
-1028
-1240
-1380
-1442
-1278
-1074
-874
-495
-78
407
790
1185
1695
2059
2292
2461
2490
2512
2315
2012
1639
1179
678
67
-533
-1164
-1585
-2008
-2432
-2825
-3114
-3325
-3230
-3255
-3180
-2875
-2683
-2199
-1858
-1414
-846
-355
185
679
1000
1444
1787
2140
2348
2419
2514
2522
2512
2301
2114
1954
1731
1536
1287
1116
1111
960
845
710
493
502
421
289
76
-198
-393
-639
-915
-1111
-1316
-1470
-1615
-1729
-1764
-1717
-1524
-1340
-1059
-713
-315
164
573
1005
1497
1895
2179
2400
2529
2622
2534
2318
2016
1607
1159
567
-65
-706
-1270
-1783
-2317
-2771
-3116
-3447
-3514
-3489
-3477
-3173
-2963
-2467
-1976
-1538
-923
-382
187
768
1163
1582
1952
2295
2589
2638
2669
2550
2454
2165
1826
1559
1257
1050
899
663
589
561
556
644
502
451
355
189
-42
-329
-537
-734
-1034
-1351
-1605
-1783
-1939
-2103
-2205
-2177
-1984
-1812
-1538
-1200
-805
-309
100
539
1050
1496
1842
2059
2196
2312
2260
2063
1763
1365
925
366
-274
-945
-1453
-1976
-2417
-2879
-3244
-3539
-3668
-3612
-3696
-3450
-3244
-2832
-2333
-1905
-1284
-693
-149
462
818
1189
1489
1766
2099
2206
2347
2495
2620
2584
2462
2354
2333
2404
2512
2496
2550
2577
2538
2509
2255
2028
1842
1610
1306
950
613
270
-231
-715
-1175
-1597
-1942
-2300
-2540
-2716
-2657
-2534
-2373
-2054
-1690
-1174
-723
-310
238
766
1145
1479
1643
1837
1860
1687
1464
1070
656
116
-516
-1215
-1802
-2373
-2884
-3408
-3834
-4128
-4316
-4246
-4319
-4090
-3833
-3496
-2955
-2555
-1985
-1384
-876
-243
183
591
1026
1337
1740
1857
1955
2060
2177
2188
2097
1993
1904
1839
1803
1710
1692
1751
1623
1569
1295
1057
945
701
443
93
-225
-447
-808
-1168
-1475
-1806
-2016
-2263
-2425
-2505
-2452
-2195
-2048
-1751
-1345
-867
-352
38
546
1084
1471
1803
2020
2172
2312
2189
2040
1723
1360
912
323
-310
-970
-1509
-2015
-2594
-3027
-3364
-3699
-3630
-3757
-3647
-3382
-3185
-2659
-2293
-1797
-1181
-665
-39
468
836
1302
1627
2010
2216
2352
2516
2694
2869
2782
2695
2594
2461
2405
2194
1934
1885
1752
1752
1690
1519
1516
1304
1092
819
536
342
73
-294
-671
-1058
-1406
-1757
-2080
-2356
-2480
-2386
-2376
-2173
-1895
-1515
-1034
-675
-225
290
690
1047
1279
1483
1667
1651
1577
1361
1069
765
292
-239
-849
-1301
-1835
-2361
-2807
-3263
-3542
-3831
-3840
-3870
-3765
-3537
-3219
-2727
-2255
-1708
-1065
-513
110
593
964
1342
1620
1954
2110
2229
2375
2560
2672
2737
2728
2766
2730
2661
2595
2521
2518
2449
2358
2134
1900
1725
1480
1176
851
536
259
-91
-505
-871
-1217
-1456
-1754
-1981
-2112
-2102
-1981
-1807
-1547
-1255
-742
-285
163
681
1208
1719
2066
2303
2530
2642
2580
2432
2105
1805
1350
756
162
-543
-1133
-1709
-2258
-2731
-3117
-3415
-3667
-3645
-3649
-3507
-3223
-2951
-2487
-2057
-1595
-1046
-557
43
522
891
1303
1672
2015
2213
2287
2344
2511
2615
2684
2737
2853
2930
3045
2996
2793
2719
2555
2363
2129
1942
1828
1754
1616
1478
1356
1257
1068
806
595
389
238
52
-125
-299
-317
-371
-438
-408
-298
-73
149
354
631
1009
1292
1530
1689
1868
1976
1927
1792
1553
1276
881
402
-207
-808
-1395
-2029
-2653
-3222
-3716
-4079
-4562
-4716
-4679
-4722
-4487
-4344
-3877
-3382
-2882
-2293
-1685
-1046
-380
50
505
885
1323
1728
1888
2059
2226
2456
2528
2504
2534
2562
2496
2405
2158
2120
2130
2106
2147
2006
1965
1813
1550
1170
762
487
200
-229
-643
-975
-1237
-1491
-1767
-1973
-2099
-2079
-1993
-1792
-1575
-1165
-783
-393
-55
395
884
1231
1480
1715
1895
1976
1886
1694
1494
1136
707
127
-426
-1102
-1636
-2256
-2802
-3340
-3723
-4063
-4378
-4332
-4424
-4244
-4105
-3846
-3370
-2906
-2404
-1792
-1234
-533
-49
397
868
1246
1710
1930
2100
2242
2496
2658
2732
2724
2699
2647
2580
2411
2259
2296
2153
2095
1879
1650
1434
1065
706
289
-22
-212
-461
-702
-875
-1104
-1331
-1663
-1929
-2130
-2188
-2115
-2088
-1880
-1561
-1197
-807
-486
-55
469
837
1172
1418
1639
1841
1823
1767
1597
1394
1097
638
147
-415
-984
-1564
-2220
-2786
-3268
-3686
-4090
-4458
-4399
-4417
-4353
-4147
-3911
-3369
-2924
-2445
-1867
-1297
-655
-135
208
614
958
1402
1649
1768
1992
2303
2595
2768
2965
3267
3440
3472
3320
3119
3059
2886
2751
2545
2321
2212
2011
1753
1396
1024
724
324
-137
-536
-904
-1208
-1561
-1879
-2058
-2162
-2197
-2162
-1984
-1755
-1362
-951
-528
-80
462
927
1300
1599
1880
2111
2163
2133
2016
1865
1563
1158
689
224
-365
-945
-1512
-2139
-2611
-3072
-3501
-3935
-4179
-4108
-4190
-4092
-3942
-3596
-3082
-2724
-2205
-1578
-968
-291
182
689
1160
1618
2062
2269
2388
2497
2574
2538
2433
2382
2413
2318
2194
2028
2063
2156
2172
2212
2118
2011
1891
1621
1261
862
467
97
-352
-762
-1067
-1284
-1452
-1685
-1773
-1823
-1801
-1673
-1494
-1250
-902
-518
-112
243
672
1152
1512
1847
2122
2354
2549
2527
2455
2336
2117
1815
1385
937
437
-125
-722
-1341
-1892
-2400
-2830
-3267
-3734
-4104
-4123
-4180
-4229
-4108
-3900
-3426
-3136
-2699
-2151
-1574
-935
-381
94
650
1141
1750
2198
2484
2711
2925
3033
2892
2752
2590
2352
2182
1960
1812
1804
1604
1422
1152
880
692
504
345
90
-76
-167
-370
-615
-847
-1079
-1266
-1478
-1654
-1735
-1774
-1701
-1641
-1442
-1149
-892
-466
-96
322
825
1239
1640
1963
2246
2547
2671
2704
2686
2576
2430
2087
1709
1315
829
292
-330
-884
-1482
-1977
-2453
-2972
-3393
-3814
-4021
-3988
-4157
-4025
-3841
-3531
-3118
-2787
-2207
-1657
-1079
-436
72
563
1072
1563
2059
2279
2425
2550
2672
2694
2635
2690
2622
2447
2330
2117
1989
1959
1859
1809
1676
1552
1499
1378
1197
917
678
422
57
-301
-636
-927
-1210
-1497
-1733
-1968
-2080
-2126
-2136
-2023
-1898
-1636
-1285
-973
-557
-85
353
787
1144
1541
1863
2065
2200
2237
2256
2140
1925
1670
1340
948
466
-96
-667
-1268
-1779
-2305
-2874
-3321
-3727
-4082
-4128
-4238
-4220
-4019
-3882
-3447
-3110
-2637
-2081
-1519
-886
-331
147
668
1114
1623
1968
2193
2347
2466
2574
2491
2415
2346
2140
1934
1663
1487
1562
1520
1527
1490
1334
1345
1273
1128
875
564
351
61
-259
-599
-894
-1151
-1442
-1734
-2011
-2216
-2304
-2418
-2470
-2434
-2357
-1899
-1769
-1460
-997
-573
-81
238
668
1164
1487
1753
1925
2004
2157
2036
1995
1744
1499
1191
783
278
-291
-786
-1293
-1915
-2452
-2909
-3340
-3614
-4057
-3973
-3985
-3952
-3774
-3618
-3141
-2772
-2303
-1716
-1162
-503
91
507
1010
1367
1860
2168
2278
2380
2473
2585
2485
2318
2246
2137
2004
1864
1662
1682
1659
1632
1555
1424
1446
1416
1289
1047
814
677
451
152
-112
-362
-552
-855
-1148
-1358
-1524
-1617
-1765
-1850
-1804
-1720
-1528
-1322
-1125
-728
-385
-30
288
626
1034
1327
1543
1728
1886
2011
1984
1893
1793
1608
1379
1005
622
173
-327
-838
-1430
-1947
-2434
-2861
-3282
-3651
-3944
-3828
-3941
-3851
-3707
-3392
-2939
-2614
-2158
-1637
-1112
-567
-146
232
662
1021
1504
1735
1942
2102
2299
2407
2343
2324
2354
2364
2328
2181
2085
2034
1955
1926
1802
1677
1569
1342
1058
676
376
114
-216
-534
-777
-946
-1090
-1300
-1446
-1533
-1579
-1559
-1572
-1496
-1462
-1323
-1150
-1022
-812
-547
-242
38
314
641
1018
1322
1618
1840
2115
2306
2414
2507
2529
2502
2411
2210
1958
1614
1248
746
154
-445
-1081
-1651
-2227
-2793
-3230
-3647
-3820
-3845
-3949
-3747
-3619
-3259
-2918
-2569
-2094
-1592
-1114
-552
-169
288
675
1105
1530
1776
2040
2209
2391
2404
2292
2292
2291
2219
2217
2139
2183
2194
2200
2273
2158
2020
1874
1685
1423
1071
790
497
109
-311
-705
-1044
-1357
-1699
-1958
-2174
-2255
-2311
-2336
-2305
-2288
-2131
-1973
-1860
-1632
-1394
-1107
-830
-575
-210
157
524
867
1186
1542
1823
2072
2288
2431
2562
2576
2524
2372
2159
1889
1478
947
334
-304
-926
-1618
-2260
-2791
-3261
-3648
-3959
-3882
-3882
-3711
-3486
-3224
-2803
-2444
-1994
-1481
-1007
-515
-89
240
567
803
1169
1354
1460
1574
1759
1963
2087
2146
2255
2341
2391
2375
2377
2431
2329
2301
2150
1928
1831
1672
1442
1127
827
564
254
-89
-375
-566
-679
-841
-990
-1092
-1157
-1194
-1264
-1302
-1364
-1378
-1315
-1308
-1293
-1181
-1059
-912
-786
-616
-309
-13
268
558
909
1266
1556
1843
2084
2310
2446
2519
2495
2411
2225
1996
1571
1101
502
-110
-796
-1505
-2187
-2769
-3274
-3786
-4083
-4327
-4164
-4178
-3989
-3783
-3447
-3049
-2701
-2349
-1907
-1512
-1067
-726
-451
-129
127
502
663
850
1007
1248
1403
1431
1481
1598
1663
1701
1739
1747
1820
1791
1754
1624
1439
1339
1156
954
647
397
193
-58
-323
-521
-690
-808
-1006
-1153
-1284
-1399
-1452
-1551
-1622
-1727
-1801
-1854
-1900
-1976
-1940
-1942
-1835
-1708
-1574
-1254
-958
-565
-188
250
743
1196
1605
2012
2324
2628
2774
2883
2889
2807
2669
2349
2020
1522
1023
429
-239
-904
-1513
-2140
-2636
-3141
-3506
-3748
-3911
-3721
-3712
-3468
-3245
-2988
-2647
-2419
-2099
-1729
-1436
-1048
-763
-454
-101
181
637
887
1181
1452
1755
2041
2217
2393
2563
2660
2758
2760
2723
2743
2629
2549
2396
2250
2138
1927
1752
1498
1267
1062
816
564
305
57
-116
-364
-577
-778
-958
-1068
-1236
-1359
-1524
-1664
-1765
-1896
-1986
-2018
-2014
-1987
-1859
-1738
-1496
-1161
-830
-431
-7
467
925
1369
1776
2188
2490
2768
2917
3027
3057
3022
2881
2695
2396
2077
1669
1175
633
61
-491
-1108
-1636
-2161
-2571
-2971
-3269
-3558
-3580
-3507
-3473
-3300
-3189
-2946
-2714
-2496
-2202
-1854
-1473
-1013
-656
-196
196
683
1119
1417
1722
1998
2294
2461
2589
2703
2741
2711
2647
2450
2332
2161
1955
1802
1515
1306
1154
1031
884
705
592
457
245
62
-142
-289
-446
-666
-821
-1014
-1121
-1271
-1411
-1535
-1664
-1744
-1830
-1916
-1951
-1933
-1874
-1775
-1644
-1451
-1164
-831
-520
-157
257
654
1063
1439
1797
2172
2459
2718
2892
3024
3122
3144
3081
2973
2803
2594
2312
1941
1523
1069
545
-47
-594
-1185
-1707
-2222
-2681
-3077
-3387
-3637
-3703
-3636
-3634
-3468
-3347
-3115
-2864
-2602
-2249
-1850
-1436
-947
-497
-15
452
941
1439
1814
2160
2431
2752
2951
3058
3114
3125
3099
2999
2853
2707
2561
2407
2336
2191
2027
1929
1810
1646
1419
1210
1019
809
592
378
175
-9
-234
-421
-622
-773
-931
-1099
-1224
-1373
-1461
-1531
-1602
-1665
-1675
-1663
-1596
-1527
-1422
-1234
-1007
-739
-500
-162
170
534
872
1221
1582
1929
2234
2517
2748
2947
3105
3158
3200
3113
3045
2878
2652
2328
1988
1576
1100
573
8
-537
-1110
-1631
-2142
-2561
-2933
-3192
-3435
-3583
-3696
-3609
-3556
-3464
-3303
-3103
-2773
-2501
-2160
-1771
-1337
-884
-420
28
536
1005
1497
1890
2161
2321
2394
2445
2471
2498
2536
2558
2511
2442
2399
2387
2324
2244
2167
2006
1891
1735
1576
1387
1161
936
695
458
220
-6
-232
-474
-745
-997
-1231
-1426
-1636
-1786
-1913
-2021
-2075
-2105
-2103
-2067
-2035
-1936
-1816
-1682
-1508
-1305
-1058
-828
-585
-305
-21
282
584
900
1230
1520
1818
2084
2328
2541
2702
2835
2894
2901
2877
2782
2639
2442
2185
1882
1503
1086
634
157
-342
-840
-1302
-1752
-2130
-2440
-2708
-2891
-3044
-3159
-3238
-3314
-3259
-3215
-3143
-2968
-2741
-2366
-1967
-1503
-976
-417
190
784
1287
1705
2000
2216
2368
2457
2487
2432
2341
2176
1943
1731
1608
1563
1514
1454
1458
1464
1444
1422
1365
1321
1264
1186
1076
911
755
567
341
73
-229
-509
-822
-1164
-1494
-1826
-2083
-2321
-2519
-2643
-2726
-2740
-2722
-2683
-2610
-2491
-2356
-2221
-2066
-1915
-1724
-1523
-1334
-1128
-900
-653
-382
-114
186
504
829
1147
1456
1760
2047
2303
2507
2677
2787
2843
2830
2769
2636
2455
2212
1912
1556
1175
761
350
-101
-496
-898
-1253
-1605
-1863
-2064
-2213
-2294
-2388
-2437
-2558
-2631
-2771
-2878
-3004
-3030
-3045
-2965
-2860
-2620
-2302
-1910
-1436
-903
-284
307
910
1420
1911
2288
2609
2825
2928
2957
2918
2827
2647
2455
2244
2033
1811
1615
1477
1373
1314
1270
1262
1217
1218
1188
1142
1050
922
719
493
230
-93
-440
-798
-1138
-1475
-1766
-2014
-2193
-2338
-2404
-2417
-2369
-2263
-2118
-1948
-1770
-1592
-1411
-1242
-1099
-976
-838
-721
-600
-486
-345
-176
19
243
505
801
1111
1432
1761
2090
2383
2669
2883
3062
3159
3208
3191
3095
2938
2731
2476
2168
1822
1447
1079
688
313
-45
-361
-646
-900
-1097
-1288
-1415
-1533
-1614
-1695
-1777
-1844
-1948
-2097
-2288
-2465
-2661
-2811
-2980
-3013
-2983
-2873
-2662
-2366
-1958
-1468
-933
-344
265
785
1234
1563
1857
2023
2159
2248
2269
2228
2124
2019
1885
1724
1576
1460
1374
1335
1291
1304
1342
1370
1419
1432
1439
1390
1296
1151
948
687
370
-4
-401
-831
-1250
-1637
-2004
-2297
-2556
-2705
-2789
-2789
-2709
-2574
-2406
-2204
-1999
-1785
-1593
-1438
-1309
-1222
-1156
-1113
-1063
-1022
-963
-888
-767
-610
-395
-135
176
512
874
1231
1586
1917
2218
2464
2648
2764
2797
2769
2663
2502
2294
2051
1782
1488
1178
887
607
351
119
-89
-249
-388
-488
-567
-639
-698
-771
-831
-914
-998
-1090
-1192
-1313
-1444
-1590
-1740
-1882
-2008
-2100
-2164
-2164
-2082
-1910
-1668
-1370
-1032
-646
-239
186
627
1052
1448
1801
2108
2325
2456
2485
2432
2322
2158
1921
1710
1515
1364
1243
1114
1061
1018
985
934
897
868
832
777
694
572
429
265
48
-197
-471
-744
-1019
-1266
-1501
-1686
-1813
-1912
-1960
-1962
-1921
-1835
-1718
-1597
-1461
-1335
-1212
-1104
-1016
-946
-896
-862
-840
-823
-795
-752
-688
-591
-471
-300
-110
140
399
682
967
1241
1492
1735
1938
2110
2220
2273
2276
2228
2144
2008
1867
1693
1523
1339
1161
985
837
698
568
449
336
234
135
39
-63
-181
-305
-451
-593
-749
-886
-1012
-1128
-1234
-1330
-1402
-1461
-1498
-1509
-1502
-1467
-1407
-1330
-1220
-1108
-970
-797
-587
-396
-164
55
300
539
755
978
1157
1314
1475
1587
1658
1708
1748
1784
1789
1771
1723
1687
1623
1543
1468
1385
1306
1212
1088
971
848
718
592
457
292
134
-30
-180
-340
-498
-644
-790
-912
-1019
-1099
-1138
-1170
-1183
-1188
-1191
-1174
-1162
-1120
-1077
-1020
-961
-906
-835
-757
-664
-571
-480
-385
-293
-191
-67
47
169
296
424
553
679
814
951
1083
1188
1292
1375
1455
1519
1562
1574
1574
1543
1494
1427
1345
1264
1162
1053
930
804
681
559
432
302
175
58
-48
-150
-244
-330
-403
-471
-533
-579
-611
-628
-637
-627
-620
-600
-570
-549
-531
-508
-492
-476
-456
-417
-360
-311
-241
-167
-72
29
179
321
497
666
834
996
1106
1186
1257
1313
1375
1426
1431
1396
1339
1279
1172
1074
929
794
662
540
431
338
255
178
115
57
3
-51
-105
-166
-243
-313
-379
-447
-513
-589
-651
-713
-777
-829
-893
-932
-955
-960
-958
-952
-916
-881
-821
-758
-689
-618
-550
-475
-400
-322
-240
-172
-104
-36
37
113
185
268
341
417
494
566
649
725
792
851
892
925
948
957
951
922
877
818
742
660
567
464
362
258
157
48
-45
-126
-200
-260
-318
-353
-386
-406
-407
-419
-425
-421
-414
-401
-392
-380
-371
-363
-354
-348
-325
-305
-277
-246
-210
-167
-109
-55
8
65
129
189
241
320
388
470
542
619
695
768
844
919
988
1062
1113
1140
1131
1083
1023
926
814
690
565
435
304
193
86
-25
-137
-253
-355
-435
-505
-552
-596
-639
-666
-678
-680
-676
-662
-641
-630
-623
-612
-603
-583
-560
-534
-510
-486
-457
-419
-374
-325
-269
-210
-140
-71
6
86
174
252
328
399
459
524
567
615
649
666
681
691
694
689
671
655
627
598
563
524
483
430
384
325
261
200
153
89
22
-35
-85
-136
-180
-222
-258
-283
-310
-331
-349
-358
-364
-359
-362
-349
-339
-327
-309
-292
-271
-254
-235
-216
-192
-173
-152
-131
-104
-79
-49
-17
10
43
73
104
135
164
207
256
297
342
392
446
500
552
603
655
681
689
679
651
594
531
464
398
324
241
148
60
-23
-101
-172
-243
-308
-367
-423
-473
-516
-558
-597
-630
-663
-687
-702
-712
-716
-715
-713
-711
-709
-702
-688
-671
-643
-614
-585
-535
-480
-423
-357
-291
-220
-148
-77
2
68
142
211
270
327
367
404
427
447
462
464
467
457
451
435
410
387
360
335
312
287
257
226
195
164
136
107
76
44
20
-6
-24
-43
-62
-73
-90
-99
-98
-103
-97
-87
-77
-56
-40
-28
-1
11
31
54
70
94
102
123
141
156
185
204
226
235
259
292
319
344
368
400
432
465
503
539
576
618
659
695
727
757
768
776
777
765
749
726
690
647
594
539
475
402
317
221
139
70
10
-56
-118
-183
-249
-299
-344
-381
-409
-437
-445
-446
-454
-462
-466
-465
-459
-450
-435
-411
-382
-353
-311
-271
-235
-185
-139
-86
-31
22
74
122
176
217
260
300
335
364
383
400
411
417
414
414
408
395
376
356
332
314
293
269
243
217
189
165
142
120
90
63
40
9
-15
-38
-53
-75
-94
-106
-118
-126
-132
-141
-135
-132
-132
-110
-84
-59
-50
-40
-22
-3
13
33
51
62
78
83
93
97
115
124
139
148
167
182
199
209
230
244
269
291
305
328
340
357
362
363
357
342
327
309
283
271
239
213
176
134
96
59
31
4
-15
-39
-61
-79
-91
-106
-110
-137
-156
-165
-172
-189
-203
-215
-220
-214
-212
-209
-205
-195
-187
-180
-175
-163
-152
-141
-137
-125
-111
-108
-103
-104
-115
-124
-133
-139
-151
-163
-170
-180
-187
-192
-186
-183
-188
-184
-185
-181
-176
-167
-150
-148
-138
-132
-124
-115
-111
-101
-94
-95
-93
-90
-92
-92
-91
-86
-81
-77
-71
-64
-62
-50
-43
-33
-27
-17
-1
7
19
28
39
46
51
64
72
79
96
103
115
128
140
158
171
186
200
212
228
241
255
276
281
294
305
313
319
328
338
342
351
372
373
381
385
388
391
390
389
377
361
344
333
308
287
246
214
184
149
117
86
57
33
9
-16
-33
-41
-49
-44
-41
-35
-25
-24
-10
-5
0
13
14
5
-1
-7
-10
-12
-17
-22
-28
-38
-47
-51
-54
-55
-57
-60
-69
-62
-68
-71
-71
-80
-84
-91
-99
-108
-120
-131
-142
-154
-164
-170
-173
-175
-171
-168
-162
-156
-158
-152
-146
-141
-133
-129
-125
-125
-126
-127
-135
-146
-158
-170
-172
-173
-169
-169
-170
-170
-170
-163
-159
-153
-151
-154
-148
-144
-147
-151
-151
-153
-156
-160
-162
-160
-161
-158
-147
-138
-129
-116
-102
-85
-68
-46
-31
-14
-2
15
34
44
60
73
82
95
102
116
123
132
140
148
153
158
168
171
175
180
186
191
194
199
204
205
203
209
208
201
196
192
185
174
162
152
140
139
122
111
107
91
82
74
73
59
45
41
27
18
5
-8
-18
-27
-39
-51
-65
-71
-74
-83
-88
-90
-95
-100
-105
-110
-114
-119
-123
-129
-136
-143
-148
-153
-160
-170
-177
-181
-189
-197
-195
-199
-202
-203
-198
-194
-197
-194
-189
-180
-177
-175
-170
-170
-168
-164
-165
-167
-167
-161
-157
-155
-158
-157
-150
-148
-140
-132
-122
-115
-108
-98
-87
-75
-67
-59
-49
-41
-33
-23
-18
-7
7
15
30
40
53
70
75
87
104
113
125
135
142
151
157
166
171
169
176
182
190
194
206
209
217
226
226
229
231
237
236
235
234
230
229
224
217
212
203
200
193
185
181
175
172
164
158
152
146
136
129
124
118
114
110
110
109
110
108
110
108
105
105
98
95
89
88
85
80
76
70
65
55
53
48
45
47
53
48
50
53
47
43
41
39
35
33
36
38
31
30
31
29
26
26
24
19
12
11
6
1
2
-5
-5
-8
-10
-10
-14
-7
-10
-6
-1
-1
6
15
21
28
38
48
53
63
64
64
69
71
73
74
72
77
77
81
82
82
76
75
79
71
68
65
65
58
56
51
48
48
43
43
39
38
41
39
37
37
38
42
42
44
47
50
53
57
59
63
62
64
66
68
71
69
72
66
74
77
71
74
79
81
89
90
92
92
96
100
104
109
117
126
136
144
152
159
170
184
191
198
209
213
222
230
233
235
240
243
241
238
235
230
222
212
200
188
175
159
148
137
124
112
101
93
82
73
63
51
47
34
27
25
13
6
1
-7
-11
-13
-16
-22
-17
-25
-35
-31
-30
-28
-28
-19
-14
-18
-24
-24
-26
-28
-27
-22
-18
-6
-3
1
10
15
23
36
40
51
52
57
59
58
59
59
60
57
58
53
55
54
51
52
51
53
54
52
58
57
59
64
66
65
63
65
68
68
66
70
67
69
74
72
70
71
84
82
87
88
89
95
97
99
99
102
103
104
104
106
106
102
98
99
99
98
91
88
83
81
77
73
68
61
57
50
42
36
27
17
9
-6
-10
-23
-36
-48
-61
-72
-79
-89
-96
-101
-102
-106
-107
-105
-107
-108
-107
-100
-100
-98
-92
-85
-78
-73
-67
-65
-58
-53
-49
-46
-41
-37
-29
-29
-29
-28
-29
-26
-26
-25
-26
-24
-20
-21
-21
-23
-22
-19
-22
-14
-14
-15
-16
-15
-6
8
15
13
9
17
30
33
32
36
52
54
60
62
58
58
56
59
55
54
58
60
57
53
51
50
53
56
55
53
53
53
54
51
54
55
55
56
58
63
64
63
65
63
63
61
60
57
54
59
54
54
54
55
52
52
48
49
48
47
45
43
45
44
50
48
49
47
52
56
58
58
61
63
66
68
73
72
74
76
79
77
76
78
78
78
79
78
77
83
83
85
86
84
83
78
73
70
67
64
64
60
55
49
46
46
45
43
40
36
34
38
36
36
34
37
35
37
37
33
40
44
44
42
40
46
54
53
49
48
50
49
46
49
48
48
46
46
43
43
44
39
38
34
33
29
27
27
24
21
24
24
25
28
33
33
34
40
41
47
51
52
54
56
55
58
61
59
56
58
49
48
47
45
46
52
60
51
44
42
41
39
34
33
32
31
26
23
25
23
26
24
26
29
28
30
31
32
32
34
33
36
34
37
39
44
45
40
45
43
44
42
41
41
39
38
43
38
35
37
39
39
37
34
32
26
23
26
15
6
6
5
1
-6
-12
-14
-13
-14
-15
-17
-21
-20
-19
-21
-23
-20
-20
-24
-23
-24
-21
-27
-23
-20
-24
-21
-20
-13
-14
-11
-11
-9
-6
0
3
7
10
18
20
17
19
17
27
29
32
31
35
37
41
47
43
43
43
44
46
45
44
47
48
50
48
44
48
44
44
40
39
42
41
43
42
41
42
46
50
52
55
57
63
66
67
73
74
79
83
81
84
89
90
85
88
89
89
88
86
84
83
83
81
81
86
87
87
93
87
84
83
80
79
79
79
84
87
84
84
83
84
87
88
90
91
91
93
95
94
93
94
98
96
96
99
96
99
96
89
88
84
83
78
77
74
71
68
68
65
63
60
57
61
58
59
54
53
53
55
60
53
51
55
56
54
52
55
53
54
57
53
54
53
54
52
54
52
51
53
47
48
47
47
45
44
43
41
43
40
36
35
38
33
36
36
35
38
35
38
37
35
40
42
42
40
45
52
52
55
55
55
50
48
52
42
46
47
46
42
37
40
37
34
29
22
20
13
14
9
5
7
5
3
0
5
3
3
3
4
4
4
2
4
3
5
4
0
2
-5
-4
-8
-13
-16
-19
-23
-32
-30
-34
-35
-38
-40
-42
-45
-42
-52
-59
-57
-61
-55
-51
-47
-44
-47
-47
-42
-40
-44
-38
-34
-31
-31
-31
-31
-28
-26
-25
-24
-20
-19
-22
-19
-22
-23
-27
-28
-31
-33
-33
-32
-31
-31
-33
-31
-34
-38
-38
-38
-39
-39
-42
-40
-41
-46
-46
-48
-44
-45
-45
-43
-45
-51
-47
-42
-51
-46
-40
-44
-41
-41
-40
-36
-34
-38
-35
-30
-32
-27
-29
-26
-24
-23
-26
-22
-20
-22
-19
-21
-16
-17
-11
-10
-8
-7
-7
-6
-7
-1
-2
-1
2
3
2
-4
-4
0
3
4
4
0
4
2
4
5
9
8
6
6
8
9
11
9
11
14
12
18
17
19
20
20
18
19
21
24
24
23
21
25
24
21
25
23
23
27
24
23
21
23
22
21
19
18
19
18
17
19
20
22
18
16
19
17
17
18
19
22
32
26
33
36
32
27
29
29
29
31
33
38
36
37
34
37
40
44
43
45
41
42
39
39
42
39
38
37
40
38
40
36
39
38
34
35
33
31
31
31
30
30
31
29
27
33
27
27
24
26
24
25
25
20
24
26
20
18
24
24
17
19
20
20
22
18
19
16
13
10
10
13
14
9
9
9
10
8
7
12
13
15
12
16
17
15
16
16
13
15
15
16
16
14
13
13
12
14
9
7
6
8
6
2
-3
-7
-8
-9
-8
-14
-13
-9
-8
-8
-9
-8
-4
-3
-4
-2
-2
0
0
4
4
3
-2
-4
-2
-4
0
-3
-6
-5
-8
-8
-9
-13
-11
-20
-19
-17
-17
-21
-25
-25
-27
-27
-30
-31
-30
-31
-34
-35
-35
-33
-36
-38
-33
-43
-53
-46
-44
-38
-36
-33
-24
-25
-31
-30
-28
-30
-28
-25
-25
-26
-22
-26
-28
-25
-24
-23
-26
-26
-26
-27
-27
-30
-29
-31
-31
-31
-34
-31
-28
-30
-30
-28
-30
-30
-32
-32
-31
-34
-32
-30
-30
-30
-31
-33
-34
-30
-30
-26
-27
-33
-33
-29
-32
-34
-29
-26
-30
-33
-29
-26
-26
-32
-34
-32
-33
-34
-36
-32
-31
-29
-32
-34
-31
-30
-28
-27
-28
-24
-23
-21
-20
-23
-20
-25
-22
-23
-25
-22
-25
-21
-23
-27
-23
-29
-26
-32
-34
-33
-34
-31
-36
-31
-29
-31
-30
-34
-33
-32
-34
-35
-34
-30
-35
-36
-40
-35
-35
-36
-36
-35
-35
-34
-34
-36
-36
-37
-33
-34
-33
-31
-32
-32
-31
-30
-29
-25
-27
-28
-24
-26
-23
-21
-25
-24
-16
-16
-16
-17
-15
-17
-15
-13
-12
-12
-4
-3
-10
-7
-14
-16
-15
-15
-16
-17
-13
-14
-13
-14
-18
-20
-17
-12
-10
-12
-15
-13
-15
-14
-14
-10
-11
-8
-5
-2
1
-3
3
0
-3
-1
0
0
-3
1
2
0
-1
-2
-4
-4
-7
-5
-5
-8
-6
-11
-11
-6
-15
-16
-8
-12
-11
-9
-9
-11
-8
-10
-14
-13
-12
-12
-10
-9
-8
-10
-7
-8
-10
-11
-7
-7
-10
-10
-11
-9
-12
-16
-15
-18
-23
-24
-29
-22
-27
-30
-25
-29
-27
-29
-30
-28
-32
-30
-27
-23
-24
-24
-23
-26
-25
-27
-26
-26
-25
-22
-17
-19
-21
-20
-18
-15
-16
-16
-16
-17
-17
-16
-16
-16
-15
-15
-15
-14
-10
-13
-14
-15
-15
-16
-12
-12
-12
-12
-15
-13
-12
-9
-11
-14
-11
-13
-14
-15
-15
-17
-18
-15
-19
-19
-17
-20
-20
-18
-33
-34
-29
-32
-26
-16
-8
-11
-13
-16
-15
-13
-12
-11
-8
-9
-11
-12
-13
-12
-11
-11
-10
-8
-10
-6
-7
-10
-9
-9
-12
-10
-12
-12
-7
-8
-7
-9
-11
-9
-10
-12
-8
-12
-14
-12
-11
-12
-13
-12
-11
-9
-12
-12
-10
-14
-19
-16
-16
-13
-15
-15
-15
-13
-12
-13
-8
-6
-6
-4
-2
-3
-2
1
3
2
1
-1
-1
2
-3
-2
-2
-3
-2
-2
4
-3
3
0
0
3
4
7
8
6
15
14
14
12
13
12
8
14
18
19
19
21
24
26
19
15
17
22
18
12
8
9
8
10
11
10
8
7
7
4
7
8
9
9
8
11
10
5
12
11
11
12
11
9
9
12
7
7
9
9
10
7
8
11
16
16
9
13
13
11
8
9
11
7
13
18
11
13
10
2
-2
-7
-6
-9
-6
-3
-7
-10
-6
-4
-9
-8
-2
-4
-6
0
0
-4
-1
1
1
1
6
6
8
9
8
9
5
3
4
5
3
3
-1
6
2
0
3
2
0
1
2
-1
0
0
-2
-5
1
-1
1
3
7
3
2
4
3
5
6
3
0
-1
-1
-3
-1
-4
-6
-3
-10
-10
-12
-12
-9
-11
-8
-10
-10
-7
-8
-6
-10
-10
-7
-9
-8
-6
-7
-8
-10
-4
-3
-8
-10
-7
-3
-2
-2
-11
-12
-13
-20
-20
-24
-25
-28
-28
-25
-27
-31
-30
-26
-26
-29
-30
-31
-32
-31
-36
-35
-35
-33
-35
-34
-33
-33
-34
-33
-34
-32
-34
-34
-35
-37
-37
-42
-42
-38
-38
-41
-42
-45
-42
-48
-43
-49
-52
-53
-57
-56
-56
-51
-54
-52
-52
-57
-64
-65
-62
-59
-55
-46
-46
-48
-50
-46
-47
-48
-47
-46
-44
-45
-48
-50
-48
-52
-50
-53
-53
-55
-54
-54
-57
-56
-59
-59
-63
-62
-60
-61
-62
-65
-62
-60
-63
-65
-63
-63
-65
-65
-63
-63
-58
-65
-67
-61
-62
-63
-62
-58
-59
-63
-59
-65
-67
-65
-63
-64
-68
-70
-69
-66
-65
-72
-70
-70
-72
-69
-74
-71
-74
-74
-74
-77
-73
-73
-76
-75
-75
-77
-74
-69
-69
-71
-71
-72
-71
-72
-72
-70
-72
-70
-71
-70
-76
-82
-76
-74
-78
-74
-70
-67
-64
-67
-62
-63
-65
-66
-62
-65
-69
-66
-69
-66
-64
-65
-64
-58
-60
-61
-62
-61
-60
-61
-60
-62
-61
-61
-63
-60
-60
-58
-56
-58
-60
-64
-63
-63
-64
-67
-67
-61
-65
-70
-68
-66
-60
-62
-65
-66
-63
-68
-70
-65
-64
-63
-62
-62
-57
-59
-64
-71
-75
-73
-77
-75
-71
-69
-71
-73
-73
-75
-69
-70
-70
-73
-70
-73
-74
-74
-74
-75
-74
-74
-72
-69
-70
-68
-68
-69
-69
-70
-70
-68
-67
-68
-68
-66
-68
-65
-68
-68
-66
-67
-68
-67
-70
-68
-63
-66
-65
-68
-69
-67
-65
-67
-68
-66
-69
-68
-69
-72
-75
-75
-73
-75
-77
-76
-76
-76
-80
-80
-78
-78
-79
-78
-78
-78
-78
-76
-81
-79
-79
-81
-85
-84
-85
-86
-82
-88
-90
-88
-88
-92
-95
-95
-90
-89
-94
-100
-106
-102
-105
-107
-109
-111
-108
-103
-103
-107
-107
-104
-99
-103
-102
-100
-102
-104
-102
-102
-97
-94
-96
-92
-89
-90
-86
-86
-87
-85
-89
-89
-89
-90
-90
-91
-89
-90
-87
-93
-93
-90
-90
-90
-89
-91
-94
-89
-91
-91
-88
-89
-90
-90
-87
-89
-99
-96
-97
-97
-94
-87
-79
-89
-94
-94
-90
-95
-101
-94
-97
-99
-99
-103
-105
-106
-104
-103
-105
-105
-105
-106
-109
-110
-106
-108
-106
-110
-110
-106
-106
-103
-101
-98
-99
-101
-98
-101
-101
-99
-95
-94
-94
-91
-91
-95
-91
-91
-88
-90
-89
-95
-93
-87
-94
-88
-90
-91
-92
-96
-93
-94
-91
-93
-93
-92
-93
-90
-95
-88
-86
-88
-84
-87
-88
-86
-91
-89
-87
-89
-87
-89
-88
-84
-88
-87
-88
-89
-90
-87
-84
-87
-88
-87
-89
-94
-92
-90
-91
-88
-91
-89
-88
-86
-81
-81
-75
-80
-82
-84
-82
-84
-87
-83
-79
-81
-82
-78
-78
-77
-79
-83
-78
-75
-79
-80
-83
-83
-84
-83
-84
-84
-87
-83
-81
-81
-84
-86
-83
-82
-83
-77
-78
-78
-79
-80
-71
-73
-70
-69
-70
-70
-71
-70
-70
-72
-61
-62
-63
-61
-68
-68
-75
-76
-74
-77
-74
-72
-72
-75
-78
-77
-77
-73
-75
-75
-77
-77
-74
-75
-75
-73
-73
-74
-69
-68
-71
-67
-63
-67
-71
-69
-65
-68
-68
-67
-66
-66
-68
-66
-66
-70
-69
-68
-68
-69
-67
-70
-71
-73
-74
-70
-70
-72
-68
-70
-71
-66
-69
-68
-68
-70
-71
-69
-66
-66
-68
-66
-67
-63
-64
-67
-70
-69
-66
-63
-65
-66
-68
-66
-62
-67
-68
-71
-68
-70
-71
-67
-68
-66
-69
-70
-69
-70
-71
-67
-60
-64
-65
-63
-64
-64
-66
-65
-68
-66
-68
-67
-63
-62
-64
-64
-65
-66
-65
-65
-67
-68
-67
-66
-64
-65
-66
-67
-68
-68
-66
-68
-70
-68
-68
-64
-66
-63
-61
-64
-66
-63
-59
-61
-60
-62
-63
-63
-62
-62
-66
-70
-65
-63
-65
-62
-64
-60
-65
-64
-73
-74
-70
-73
-66
-61
-56
-57
-59
-61
-58
-58
-59
-58
-55
-56
-56
-57
-57
-58
-58
-54
-56
-55
-52
-53
-54
-56
-53
-53
-58
-56
-57
-58
-53
-55
-53
-50
-51
-50
-54
-55
-52
-51
-55
-51
-46
-46
-47
-51
-54
-48
-48
-44
-44
-46
-48
-47
-53
-53
-45
-47
-53
-55
-49
-46
-45
-50
-50
-48
-44
-47
-46
-42
-40
-40
-44
-39
-41
-46
-42
-41
-40
-42
-46
-42
-42
-38
-38
-42
-45
-44
-44
-44
-44
-42
-45
-51
-49
-43
-37
-42
-44
-41
-38
-37
-43
-39
-36
-36
-41
-39
-38
-41
-40
-41
-41
-41
-38
-39
-38
-38
-43
-39
-46
-44
-44
-41
-44
-45
-47
-47
-43
-43
-43
-49
-44
-46
-45
-43
-44
-42
-40
-42
-40
-41
-42
-46
-40
-37
-38
-38
-41
-38
-37
-40
-40
-42
-40
-39
-36
-34
-36
-30
-36
-43
-44
-47
-47
-48
-49
-43
-38
-44
-44
-42
-44
-38
-36
-38
-39
-39
-38
-41
-40
-41
-41
-40
-40
-36
-37
-37
-39
-37
-37
-38
-41
-42
-42
-43
-40
-42
-42
-43
-41
-39
-46
-45
-41
-42
-41
-43
-41
-46
-47
-40
-40
-44
-44
-39
-42
-43
-41
-43
-44
-45
-49
-48
-51
-48
-50
-48
-50
-50
-47
-53
-48
-52
-51
-50
-51
-50
-51
-48
-49
-49
-49
-50
-53
-52
-47
-49
-52
-48
-50
-52
-50
-52
-49
-44
-49
-48
-51
-49
-47
-54
-50
-54
-53
-53
-58
-61
-59
-57
-60
-61
-57
-56
-61
-62
-59
-63
-65
-64
-66
-63
-62
-58
-60
-59
-58
-58
-58
-54
-58
-58
-59
-55
-53
-58
-56
-56
-56
-57
-59
-61
-61
-62
-60
-64
-64
-63
-62
-63
-64
-62
-62
-63
-63
-60
-65
-75
-71
-66
-63
-57
-52
-49
-51
-54
-55
-57
-60
-55
-53
-53
-52
-56
-57
-57
-56
-54
-52
-52
-48
-51
-50
-51
-53
-52
-56
-55
-58
-57
-57
-56
-52
-51
-53
-55
-55
-54
-51
-54
-56
-53
-51
-52
-53
-55
-52
-49
-47
-48
-47
-47
-53
-55
-47
-54
-53
-47
-50
-54
-58
-52
-49
-53
-51
-51
-49
-52
-53
-50
-54
-53
-53
-55
-54
-53
-51
-51
-54
-53
-51
-54
-50
-52
-50
-49
-50
-46
-49
-48
-44
-43
-44
-43
-50
-50
-47
-45
-40
-40
-44
-42
-42
-44
-39
-40
-41
-43
-38
-34
-43
-40
-43
-45
-42
-40
-40
-42
-42
-43
-41
-45
-41
-43
-42
-39
-43
-44
-45
-44
-46
-45
-46
-48
-46
-45
-45
-46
-45
-47
-46
-46
-43
-45
-44
-48
-46
-37
-41
-40
-39
-40
-41
-38
-40
-38
-38
-26
-29
-30
-27
-36
-41
-43
-41
-45
-44
-47
-41
-40
-44
-44
-47
-48
-45
-47
-45
-45
-45
-46
-47
-48
-44
-44
-44
-41
-40
-41
-39
-38
-37
-40
-42
-44
-44
-43
-42
-43
-43
-41
-41
-40
-45
-43
-40
-41
-42
-42
-48
-44
-42
-48
-45
-36
-40
-44
-43
-43
-41
-40
-41
-42
-44
-45
-41
-44
-43
-44
-46
-48
-43
-46
-48
-44
-44
-45
-47
-46
-44
-46
-40
-40
-49
-44
-45
-46
-43
-46
-44
-47
-49
-48
-50
-47
-47
-46
-49
-48
-46
-46
-47
-53
-54
-53
-56
-55
-55
-53
-51
-51
-51
-52
-48
-48
-49
-48
-50
-47
-55
-57
-53
-53
-55
-52
-54
-54
-55
-54
-49
-54
-54
-55
-55
-56
-54
-52
-55
-57
-57
-55
-58
-57
-61
-59
-59
-59
-62
-63
-63
-60
-63
-66
-61
-58
-59
-59
-61
-71
-68
-66
-70
-62
-51
-49
-51
-58
-53
-52
-57
-52
-51
-50
-50
-55
-54
-53
-51
-49
-53
-51
-52
-52
-54
-53
-52
-53
-57
-59
-57
-61
-58
-58
-55
-56
-59
-55
-56
-57
-54
-57
-58
-57
-55
-52
-51
-55
-59
-58
-56
-55
-56
-59
-59
-60
-61
-56
-59
-59
-57
-61
-60
-64
-63
-61
-62
-64
-60
-61
-59
-60
-63
-60
-61
-61
-63
-64
-63
-62
-63
-66
-62
-61
-61
-58
-59
-57
-62
-62
-59
-61
-61
-60
-59
-59
-60
-60
-71
-73
-69
-61
-58
-61
-54
-58
-56
-57
-56
-53
-58
-55
-56
-58
-57
-57
-58
-58
-57
-54
-51
-52
-54
-53
-54
-54
-57
-54
-53
-53
-59
-58
-56
-56
-60
-60
-57
-57
-54
-55
-56
-56
-54
-53
-52
-54
-50
-48
-55
-48
-48
-50
-51
-48
-53
-56
-51
-54
-54
-43
-43
-49
-48
-55
-56
-58
-60
-61
-63
-62
-59
-58
-61
-62
-62
-60
-58
-57
-55
-59
-57
-55
-57
-55
-56
-55
-54
-49
-51
-49
-49
-48
-48
-52
-51
-51
-50
-52
-52
-52
-50
-49
-48
-51
-52
-53
-54
-48
-47
-51
-53
-55
-54
-53
-55
-51
-47
-48
-53
-54
-49
-48
-46
-47
-47
-49
-48
-45
-51
-49
-49
-49
-46
-48
-53
-49
-49
-50
-48
-49
-51
-47
-50
-49
-51
-54
-50
-54
-54
-57
-54
-51
-53
-53
-57
-54
-51
-51
-48
-55
-49
-47
-54
-51
-56
-58
-59
-55
-56
-57
-51
-49
-53
-53
-51
-49
-52
-49
-52
-54
-54
-52
-53
-52
-52
-53
-54
-54
-53
-52
-52
-51
-47
-51
-48
-46
-47
-45
-48
-46
-45
-46
-46
-45
-46
-48
-51
-48
-47
-53
-51
-49
-53
-51
-51
-50
-50
-52
-49
-57
-57
-54
-48
-46
-47
-37
-38
-41
-44
-43
-43
-44
-40
-40
-40
-40
-44
-43
-45
-45
-43
-44
-42
-42
-46
-47
-46
-47
-49
-54
-50
-54
-51
-50
-49
-47
-52
-51
-58
-56
-55
-54
-59
-61
-60
-60
-59
-65
-63
-65
-63
-67
-68
-63
-66
-67
-71
-76
-72
-73
-70
-75
-76
-75
-75
-71
-73
-76
-74
-76
-79
-79
-78
-75
-74
-76
-78
-74
-77
-79
-76
-78
-79
-77
-78
-77
-73
-75
-74
-72
-72
-72
-71
-70
-71
-71
-66
-72
-76
-75
-70
-67
-64
-62
-63
-60
-61
-63
-61
-61
-63
-63
-58
-60
-64
-64
-62
-64
-64
-63
-64
-60
-61
-63
-62
-61
-61
-62
-59
-60
-62
-60
-61
-60
-59
-59
-57
-59
-57
-56
-57
-57
-55
-56
-57
-55
-52
-51
-54
-51
-45
-49
-49
-49
-51
-49
-53
-46
-50
-45
-41
-45
-43
-49
-49
-55
-53
-51
-57
-56
-53
-47
-46
-50
-49
-53
-52
-47
-47
-46
-47
-48
-47
-48
-49
-47
-44
-44
-42
-41
-40
-42
-42
-43
-44
-43
-45
-43
-41
-44
-39
-41
-40
-43
-40
-39
-42
-41
-46
-47
-45
-43
-40
-36
-37
-37
-40
-36
-33
-38
-37
-37
-36
-38
-38
-38
-39
-37
-39
-40
-37
-37
-36
-40
-40
-39
-42
-39
-39
-40
-39
-36
-39
-38
-38
-37
-38
-41
-41
-40
-40
-42
-39
-39
-42
-42
-42
-40
-41
-37
-34
-36
-37
-38
-39
-45
-43
-42
-47
-50
-47
-39
-39
-40
-43
-44
-41
-44
-42
-44
-45
-43
-47
-43
-45
-44
-47
-45
-43
-46
-44
-43
-43
-45
-42
-43
-43
-43
-43
-40
-43
-41
-40
-44
-40
-44
-44
-43
-44
-46
-50
-47
-45
-44
-46
-44
-44
-48
-43
-51
-55
-48
-46
-41
-41
-34
-31
-36
-34
-32
-32
-31
-34
-31
-28
-32
-33
-35
-36
-37
-34
-32
-37
-35
-36
-33
-34
-38
-39
-36
-37
-42
-42
-41
-37
-38
-35
-36
-37
-35
-40
-36
-40
-37
-37
-38
-36
-39
-40
-39
-35
-35
-34
-32
-29
-37
-37
-37
-40
-35
-33
-35
-35
-37
-39
-33
-31
-34
-36
-34
-34
-37
-35
-33
-34
-33
-31
-34
-34
-29
-33
-30
-31
-30
-28
-25
-22
-21
-21
-22
-20
-24
-19
-18
-22
-20
-17
-20
-20
-24
-24
-19
-19
-14
-16
-17
-16
-14
-11
-10
-12
-16
-16
-15
-16
-16
-17
-14
-12
-13
-13
-16
-13
-13
-18
-14
-10
-12
-14
-14
-14
-15
-15
-19
-17
-20
-20
-16
-16
-17
-20
-20
-20
-20
-16
-19
-21
-15
-14
-18
-12
-15
-16
-15
-16
-15
-17
-16
-15
-16
-7
-10
-5
-6
-14
-14
-17
-16
-16
-20
-17
-11
-14
-14
-18
-16
-11
-12
-8
-11
-11
-11
-12
-9
-12
-10
-9
-6
-4
-4
-1
-1
-4
-3
-4
-5
-4
-7
-6
-6
-2
-3
-3
-3
-6
-5
-5
-2
-3
-3
-3
-9
-9
-10
-2
-2
-7
-5
-1
-2
-7
0
0
-2
-3
-5
-4
-3
-3
-4
-3
-2
0
-4
-3
-1
-2
2
1
-4
1
2
3
3
5
2
-2
-2
-5
1
-3
-5
-2
-4
-5
-5
-5
-3
-1
2
6
-4
-2
-5
-4
-2
-10
-8
-10
-11
-6
-6
-2
-5
-4
-2
-1
1
-5
-2
-4
-5
-3
-1
0
2
2
-1
-4
0
1
2
2
4
4
2
1
-1
2
1
2
3
2
5
3
3
0
1
6
6
0
1
-1
0
2
2
3
6
4
0
-6
-2
0
-2
1
7
14
12
9
12
13
10
11
12
12
16
14
9
7
11
14
12
13
14
18
19
17
14
13
16
13
16
13
14
15
15
17
17
20
19
20
20
16
14
18
21
25
19
18
20
18
24
25
23
26
21
19
24
19
17
25
27
20
18
18
21
22
22
21
24
22
25
27
28
29
29
31
27
30
32
31
31
30
31
33
33
32
35
35
34
35
36
34
38
37
39
40
34
32
36
42
41
41
39
44
44
42
46
46
48
49
50
46
46
51
49
50
48
54
54
55
55
54
55
53
55
53
55
56
57
51
52
55
55
54
54
54
55
58
54
53
56
56
56
58
56
59
60
61
62
67
68
67
67
64
66
65
65
65
64
71
71
69
72
73
69
64
63
62
60
61
68
68
67
66
70
66
69
73
72
70
71
70
71
76
72
76
76
77
80
83
82
82
80
80
80
80
81
82
85
81
80
85
86
85
84
82
83
86
86
83
83
84
83
84
89
88
87
86
89
90
90
95
93
95
94
94
97
97
93
98
100
95
99
98
99
97
96
100
100
99
100
101
103
103
99
98
97
100
99
100
100
99
100
96
99
102
105
107
107
109
107
105
108
104
107
105
106
103
104
105
106
112
110
107
109
109
112
111
111
108
106
109
108
112
109
109
109
108
109
111
112
111
110
109
113
114
113
112
115
114
112
115
114
115
114
112
111
110
115
113
110
114
110
113
113
113
114
111
115
108
107
110
108
108
113
123
125
122
121
122
122
121
123
124
126
122
118
117
120
123
121
121
122
122
122
123
122
120
120
119
117
115
114
117
118
120
120
122
117
115
119
118
117
120
117
120
125
120
116
118
123
127
125
125
124
120
125
126
117
119
123
120
118
118
120
122
122
119
117
119
119
124
121
123
126
122
124
122
121
126
122
121
123
121
124
123
124
125
125
122
122
123
122
127
127
129
127
126
123
122
126
127
126
122
126
127
125
125
129
128
123
127
128
125
122
120
122
120
121
122
120
122
120
118
117
119
119
118
116
113
110
111
111
110
110
110
109
110
107
110
110
107
110
108
107
108
104
106
108
107
110
109
109
107
102
102
103
103
102
105
107
100
105
107
100
95
91
89
88
87
88
94
87
85
86
85
86
86
86
84
83
81
79
79
78
79
78
82
81
79
80
80
80
75
74
73
72
68
68
67
68
68
64
62
63
61
59
60
58
59
58
56
58
55
50
51
55
49
49
53
52
48
46
47
46
47
45
47
47
44
44
42
44
39
36
34
29
29
31
31
31
33
29
26
26
27
22
18
21
21
22
19
19
19
21
19
17
12
18
24
23
16
15
16
11
13
9
3
5
6
8
8
9
7
5
7
6
8
7
5
7
2
2
1
4
4
1
2
0
0
0
0
-2
3
-1
-2
-2
-2
-4
-3
-3
-5
-5
-8
-5
-7
-6
-9
-9
-4
-11
-15
-11
-12
-14
-15
-14
-15
-12
-21
-28
-22
-26
-20
-18
-15
-7
-11
-15
-18
-18
-18
-17
-15
-16
-18
-20
-18
-20
-21
-19
-19
-17
-21
-21
-22
-25
-22
-23
-25
-27
-28
-29
-26
-27
-27
-28
-27
-26
-28
-25
-27
-27
-26
-30
-25
-24
-28
-29
-25
-20
-19
-22
-19
-23
-26
-21
-20
-24
-24
-19
-21
-23
-20
-20
-19
-20
-19
-18
-21
-15
-16
-14
-16
-14
-10
-14
-13
-12
-8
-13
-12
-10
-10
-10
-6
-7
-5
-3
-6
-6
-4
-3
0
3
-4
-5
-6
-4
1
1
-2
-2
-4
-3
1
4
2
5
7
4
2
3
7
5
5
6
7
11
10
10
14
11
11
10
9
14
10
9
11
11
10
12
11
12
11
9
10
12
11
10
10
9
12
16
15
15
12
13
16
19
18
17
21
18
16
15
16
17
18
25
27
29
30
24
20
16
19
17
18
18
21
23
21
20
18
22
23
23
22
21
20
16
21
22
21
20
22
27
27
24
24
29
29
26
22
23
27
26
28
26
28
29
28
31
30
32
34
39
38
35
36
33
37
37
36
37
33
34
35
33
36
35
37
40
35
37
38
37
37
37
40
39
41
40
38
39
41
38
40
42
40
39
40
38
35
38
36
35
37
34
34
33
32
32
31
30
28
35
30
29
28
28
27
25
26
22
23
22
21
19
23
24
23
22
23
27
26
23
22
26
23
23
25
25
26
23
24
25
28
29
33
34
32
32
33
32
31
29
33
34
33
33
34
37
34
33
33
31
33
30
29
29
30
31
32
33
31
31
29
22
21
23
26
27
35
41
41
35
34
37
36
34
34
35
36
36
33
31
31
34
37
33
36
35
33
35
35
32
28
28
28
25
29
28
28
31
31
33
30
31
33
31
26
26
28
33
32
26
33
37
37
37
36
35
31
36
39
35
34
38
34
29
30
32
34
35
34
34
34
38
38
36
37
36
40
36
35
36
35
36
33
36
36
36
35
36
35
35
34
32
34
36
37
37
37
37
36
30
31
34
34
33
35
35
33
34
38
35
36
36
29
30
33
30
27
29
29
32
30
33
35
35
33
30
29
29
28
29
29
27
24
26
23
23
22
20
22
21
23
19
19
20
20
18
19
20
23
24
19
23
27
25
24
27
23
25
24
25
24
31
35
30
25
24
20
18
18
18
16
16
19
16
18
14
14
13
15
21
19
21
19
15
15
15
16
15
20
20
21
23
23
22
21
18
19
19
19
18
18
20
19
18
19
19
19
18
18
16
13
14
14
12
12
15
19
10
9
14
15
12
14
16
16
14
16
16
13
14
13
17
14
14
12
14
12
12
13
13
12
13
12
11
12
12
12
10
9
5
9
7
8
10
10
11
8
7
9
15
15
8
4
8
8
5
-1
3
0
1
3
-5
1
5
3
3
2
9
5
-1
0
1
0
0
0
0
0
-1
-1
1
0
0
0
-1
2
0
1
1
1
0
2
2
-1
-1
-1
0
-2
-2
-2
-2
-4
-7
-10
-6
-5
-7
-7
-3
-4
-5
-8
-16
-14
-12
-9
-3
0
7
7
1
-1
3
2
1
2
1
6
5
3
0
2
3
4
3
4
4
4
9
6
4
2
3
4
3
1
6
7
6
10
9
10
8
10
10
8
11
13
14
15
12
11
16
21
22
19
23
21
16
28
25
16
21
25
25
21
24
24
27
26
24
26
26
28
30
31
33
34
35
35
36
37
36
39
37
36
37
38
40
39
45
43
41
45
45
45
46
48
47
49
45
40
44
47
46
48
51
49
48
49
52
53
55
54
53
55
51
50
52
55
54
52
54
53
54
55
55
55
55
54
55
56
58
54
54
57
53
54
57
56
56
59
59
62
57
61
61
60
64
63
65
64
67
67
68
67
71
70
68
68
66
67
72
75
72
75
74
68
60
61
61
59
61
64
63
63
64
62
62
62
65
65
65
65
63
65
65
64
67
66
63
66
69
65
66
69
66
68
67
65
67
69
67
69
68
70
67
64
66
62
66
66
66
62
62
61
57
65
69
61
61
65
62
62
64
66
66
66
63
63
62
61
63
65
64
62
64
63
62
59
62
64
63
63
65
68
66
67
65
66
63
62
66
64
67
65
63
65
66
66
65
65
64
68
72
72
69
68
64
62
63
62
59
62
66
62
61
62
65
68
65
64
66
66
64
63
62
66
66
64
63
64
65
62
65
68
66
63
64
63
63
64
65
65
64
65
61
63
65
61
59
59
59
55
57
58
56
59
57
55
54
55
54
41
49
52
52
56
58
61
59
58
60
61
55
56
59
58
60
56
55
59
58
57
56
59
59
57
60
58
57
59
56
53
57
53
55
55
56
59
59
57
58
56
57
60
60
57
60
65
58
58
61
64
63
59
61
65
60
64
67
57
55
57
59
57
57
58
56
58
58
58
59
58
57
57
59
62
61
59
58
59
58
60
59
57
59
56
59
58
62
64
58
58
56
56
61
57
59
59
57
60
54
52
52
54
56
54
55
56
58
60
56
56
55
56
58
53
54
50
52
52
54
52
50
51
48
49
49
48
50
51
49
48
46
46
44
44
43
43
42
42
41
42
42
44
42
44
45
47
43
43
46
54
51
50
50
51
51
45
48
45
42
47
42
49
52
45
42
42
50
49
48
56
63
63
66
62
61
64
66
68
65
66
64
66
63
64
67
68
70
72
75
74
69
70
69
71
68
63
69
68
61
62
60
63
61
54
54
56
55
49
46
46
41
37
33
39
46
28
24
28
27
24
23
18
20
23
15
10
11
8
9
6
2
-1
-8
-10
-15
-20
-20
-26
-29
-31
-39
-40
-40
-43
-50
-53
-56
-62
-62
-66
-69
-70
-74
-75
-76
-81
-85
-93
-93
-88
-90
-94
-102
-102
-103
-107
-110
-115
-111
-116
-116
-110
-117
-117
-117
-120
-119
-121
-124
-124
-124
-129
-130
-131
-131
-132
-134
-132
-132
-131
-129
-131
-129
-130
-131
-128
-129
-130
-132
-129
-133
-134
-132
-134
-132
-131
-137
-134
-134
-137
-139
-139
-134
-138
-134
-135
-134
-136
-137
-141
-141
-137
-143
-135
-124
-123
-125
-126
-125
-123
-124
-124
-120
-120
-121
-122
-121
-121
-121
-119
-118
-118
-115
-116
-116
-110
-112
-112
-112
-115
-111
-114
-113
-109
-110
-107
-110
-105
-103
-106
-105
-103
-103
-104
-102
-99
-100
-106
-102
-97
-97
-97
-101
-98
-98
-103
-95
-96
-101
-98
-92
-94
-96
-94
-93
-88
-87
-87
-87
-89
-88
-84
-84
-84
-86
-83
-85
-84
-84
-86
-83
-86
-86
-82
-85
-82
-82
-84
-82
-84
-84
-81
-80
-78
-79
-79
-78
-80
-82
-83
-80
-82
-81
-79
-77
-76
-79
-73
-75
-77
-76
-78
-77
-80
-83
-82
-82
-84
-81
-83
-85
-86
-83
-85
-87
-86
-88
-89
-91
-92
-92
-92
-94
-97
-97
-97
-100
-100
-102
-104
-101
-104
-105
-104
-102
-105
-108
-108
-106
-102
-103
-107
-107
-108
-110
-110
-108
-107
-110
-107
-106
-108
-106
-103
-105
-116
-117
-118
-121
-120
-116
-117
-121
-120
-120
-121
-119
-116
-115
-121
-120
-118
-118
-118
-117
-115
-116
-115
-111
-108
-110
-109
-107
-108
-108
-110
-107
-109
-108
-105
-103
-106
-105
-105
-103
-103
-105
-102
-103
-103
-102
-103
-103
-99
-99
-93
-97
-97
-92
-91
-93
-91
-85
-85
-88
-89
-90
-86
-88
-88
-84
-88
-84
-83
-91
-89
-87
-85
-89
-88
-86
-84
-82
-84
-85
-88
-88
-86
-88
-85
-84
-85
-83
-86
-84
-85
-90
-88
-81
-79
-82
-83
-85
-89
-84
-87
-89
-88
-90
-87
-88
-87
-84
-88
-83
-85
-85
-83
-87
-81
-84
-86
-84
-84
-82
-84
-85
-84
-84
-81
-79
-78
-79
-80
-75
-75
-75
-78
-74
-75
-76
-74
-77
-75
-74
-72
-73
-74
-68
-72
-77
-76
-74
-73
-75
-73
-73
-73
-68
-74
-83
-75
-76
-77
-74
-62
-60
-65
-65
-63
-63
-66
-61
-61
-58
-59
-62
-65
-61
-59
-59
-58
-58
-58
-57
-55
-55
-51
-55
-55
-55
-53
-54
-55
-53
-49
-44
-46
-43
-44
-47
-40
-42
-42
-43
-35
-36
-39
-36
-37
-34
-30
-30
-24
-28
-29
-28
-30
-26
-27
-25
-23
-27
-28
-24
-20
-21
-22
-21
-15
-18
-15
-15
-14
-10
-11
-10
-11
-8
-10
-9
-7
-7
-7
-5
-7
-5
-2
-2
-3
-3
-2
-2
3
1
1
4
3
-1
-7
-1
5
2
3
6
6
7
9
13
7
10
7
9
8
7
8
7
11
7
9
9
11
12
11
12
13
12
15
13
10
11
11
10
12
10
11
11
14
13
12
14
13
14
15
16
21
13
13
20
18
24
20
22
21
22
22
21
21
22
24
28
24
25
33
27
20
18
17
16
19
19
23
21
21
22
20
23
23
26
24
30
25
25
24
26
30
26
30
33
32
30
32
34
34
32
31
33
32
31
33
35
35
34
35
38
33
34
35
35
36
35
36
32
33
32
31
32
32
35
35
35
36
36
35
34
37
38
37
39
37
36
36
36
38
32
30
35
35
34
34
35
35
35
34
35
33
33
31
31
30
30
29
32
31
29
30
28
24
22
28
32
31
31
28
22
21
15
22
17
10
21
19
18
14
17
17
21
20
18
20
20
17
15
15
13
13
13
12
10
13
14
12
15
13
13
13
14
15
10
12
11
8
10
9
11
8
6
7
6
6
1
-1
0
1
2
0
0
-2
-1
-3
-13
-7
-3
-5
-5
-1
4
4
2
3
1
1
0
-1
2
0
0
-4
-4
-2
0
-2
0
-2
-5
-3
-3
-4
-8
-10
-15
-13
-11
-10
-9
-8
-6
-8
-10
-9
-7
-10
-9
-12
-14
-11
-5
-6
-8
-9
-7
-6
-5
-3
-5
-13
-7
-5
-11
-9
-6
-9
-10
-9
-9
-7
-8
-8
-6
-9
-9
-9
-8
-9
-7
-9
-10
