-77
-41
-60
-61
14
84
64
6
18
76
134
211
146
101
156
125
205
208
63
96
99
86
95
6
93
49
-108
25
39
51
53
-110
-80
-43
1
57
-59
-112
-100
-71
-27
-6
50
12
3
-20
-93
49
24
-94
-2
-10
20
43
0
20
-11
48
16
-73
14
18
-33
-57
-99
-76
-58
-47
-53
-98
-14
15
-13
-2
-51
-24
-20
-66
-29
-47
-34
-7
-97
-90
-38
47
69
-1
-1
-34
-13
26
47
73
86
59
43
19
-17
71
66
56
86
33
55
74
9
-74
-41
-10
-84
-29
66
30
-5
-27
-16
62
50
-54
-98
-98
-38
-2
-59
-74
-7
14
-50
19
10
-103
-104
-52
9
2
49
43
22
138
107
-29
-38
-55
-22
44
25
74
105
31
39
83
59
116
71
26
69
-7
-6
-37
-45
-6
20
-1
-76
8
-77
-128
-69
-134
-87
-80
-76
-88
-109
-15
38
37
-31
-36
19
47
62
30
5
48
110
142
164
123
87
46
2
52
93
97
78
59
21
24
2
-22
8
-87
2
10
-103
-24
-89
-66
-14
-61
-34
-49
-63
-4
-7
-22
42
10
3
-12
-83
-19
28
8
-18
-67
-75
-3
0
24
69
32
74
53
3
4
7
34
-13
-18
-45
-57
-25
-35
-63
-143
-82
-59
-99
-16
67
29
-1
8
-43
-3
-8
1
-8
-56
5
-29
7
68
56
88
38
54
73
38
66
90
93
7
-1
49
-21
-10
49
-17
-47
-25
0
54
7
-9
24
-57
-81
-63
-48
63
33
-65
-31
-60
-65
-33
-73
-24
-31
-117
-54
-16
-16
-6
5
28
30
41
-26
-9
31
29
101
72
-7
-6
31
93
104
-55
-23
92
38
46
36
15
-25
30
71
-24
6
76
63
-14
-19
71
31
-11
-36
-103
-77
-74
-31
-111
-167
-52
-34
-18
-79
-70
-23
-44
3
-1
33
72
20
20
34
65
110
112
120
80
91
87
16
22
46
55
22
-19
-3
46
61
36
20
-36
-22
-8
-86
-94
-96
-46
-55
-100
2
4
-2
10
-26
7
-51
-93
6
23
-57
-49
-44
-47
-36
-24
104
90
31
63
80
112
106
116
65
-43
-81
-33
26
-4
-8
39
-26
-33
64
39
34
18
-47
-63
-107
-64
-29
-89
-124
-81
3
-48
-24
76
-3
52
106
69
103
57
118
102
128
195
61
50
57
17
-33
-61
-5
63
21
-60
-27
-28
9
30
-6
-95
-209
-48
23
-36
-47
-136
-162
-182
-84
-36
-78
8
31
-74
-108
-52
-68
43
40
-61
-56
-58
4
-8
-13
-26
29
90
8
41
3
-46
24
39
51
6
16
28
-57
-17
8
-12
1
57
77
33
81
3
-50
8
-76
-74
-50
-27
39
20
38
-7
-114
-84
-14
-58
-83
-39
-9
91
99
64
98
68
35
65
116
95
74
75
64
115
77
39
31
7
101
43
12
91
34
36
37
11
-41
-36
46
63
88
-14
-129
-24
-4
-95
-99
-72
-37
-53
-46
-71
-65
-22
-89
-87
-96
-89
-36
-36
-38
10
77
19
-40
-60
-3
93
33
-53
-32
42
122
91
-67
-89
24
23
70
61
-81
11
36
-79
-21
12
22
79
69
-1
-55
-33
-13
-34
-63
-76
-76
-79
-30
42
62
8
-45
29
142
61
-21
74
26
38
108
60
54
-16
13
75
54
-22
-78
-15
-26
1
-2
-69
-53
-56
-2
6
-38
-15
-58
-57
30
12
-23
-30
-31
50
42
15
42
-40
-34
15
-25
-36
49
103
68
59
89
45
18
48
7
-47
-71
-24
-48
-42
0
3
33
1
9
-68
-117
-90
-71
6
40
23
-86
-94
-31
-41
5
42
-11
-36
17
-12
-34
-37
-17
39
-70
-62
57
43
-9
-26
48
15
-20
38
-11
-28
-13
1
14
6
2
-74
-37
75
89
79
30
19
-4
-2
49
4
-49
-49
-37
5
76
10
-60
37
28
-7
26
16
67
18
-84
53
140
61
59
28
-71
-32
74
22
-54
-41
21
91
35
-7
-73
-80
18
-38
21
99
37
13
-11
-1
-11
-42
-41
-81
-26
76
-44
-74
28
-26
-57
-15
-10
-19
-27
-26
0
12
12
17
3
51
82
63
60
-12
-3
65
40
57
30
-46
-13
-25
-4
84
66
43
30
46
23
-21
-32
-49
-5
30
9
-6
66
43
-50
-42
-68
-69
-54
-14
23
-78
-81
-59
-78
-22
-50
-21
10
-42
27
107
69
30
71
90
71
64
6
-94
-22
63
-17
-52
-47
2
46
10
52
98
68
41
-2
-4
-12
-25
-26
-68
-50
-28
-33
-63
-132
-94
2
5
-39
-68
-53
-77
-76
48
35
-75
-75
-3
74
38
-43
-45
-30
35
82
83
80
1
1
58
125
139
-5
-3
1
-19
62
5
54
69
-11
25
-52
-76
-76
-52
13
-53
-2
-1
-58
0
-15
-53
-54
-57
8
98
78
52
72
81
97
144
101
3
46
0
-2
187
106
-33
11
58
118
36
-9
71
-6
-33
1
-52
-44
-66
-79
-25
-81
-94
-87
-76
-28
-104
-122
-82
-82
-73
-73
-30
2
-1
18
51
117
122
61
55
50
75
49
0
-5
-17
9
31
44
93
94
30
21
-11
-85
-123
-111
-63
-122
-106
50
11
-36
-1
-70
-47
-13
-57
-28
-66
-56
-28
-40
28
-25
-31
-30
-42
48
30
8
32
55
82
146
121
57
111
71
51
0
-44
95
71
49
25
-51
30
-24
-49
44
1
-41
-49
-20
-40
-115
-66
1
25
10
-60
-48
-45
-38
51
4
-49
-11
-21
-25
-35
-74
-70
18
32
14
95
86
58
83
85
55
-30
-20
113
70
6
57
-38
-45
39
-27
-56
-22
-7
3
33
5
-163
-200
-63
81
106
-15
-60
-11
76
97
20
-17
-59
-29
21
2
18
65
39
-75
-71
47
95
99
48
-6
45
69
51
47
19
42
1
-89
-15
-36
-65
-43
-106
-63
-108
-167
-98
-50
-61
-89
-130
-111
48
47
-51
-45
13
70
88
7
-26
46
-14
35
58
20
81
35
61
34
42
150
103
104
75
35
33
6
-8
-109
-102
-35
-44
-30
-97
-108
-84
-109
-55
-61
-79
-53
-81
-31
-13
18
49
-73
-125
-62
-7
-8
13
20
50
93
46
32
28
-20
30
68
22
66
71
90
143
110
63
61
98
56
-69
-85
-2
3
20
-9
-79
-10
-14
-32
45
59
-11
-66
-5
35
-58
8
136
45
-17
-29
-5
29
38
38
-4
32
99
91
-10
-13
100
75
17
48
31
-38
-68
-9
28
-50
-78
-13
-14
-7
15
-47
-114
-123
-92
-67
-15
-64
-125
-113
-177
-141
-74
-70
-54
-95
-152
-141
-54
-35
-67
-31
13
-25
1
45
16
36
34
28
69
101
105
58
-17
15
111
152
141
30
8
76
45
55
-4
-75
-2
3
-52
-39
29
-23
-50
18
-17
-49
-67
-15
-26
-89
-19
8
40
40
36
47
19
104
69
-19
53
80
59
59
61
51
46
80
59
16
39
49
71
11
-65
0
-30
1
27
-48
42
39
-24
1
-10
-53
-66
-158
-94
2
-184
-140
-102
-166
-9
50
-10
-69
-64
-28
-84
-102
-45
68
109
26
55
44
48
99
-15
15
68
62
106
93
68
1
-1
69
39
29
9
-15
-3
-45
8
49
-15
-14
41
9
3
-7
-50
44
5
5
80
44
40
-14
2
-15
-93
-58
-12
32
45
31
-4
33
86
-21
-157
-139
-30
9
19
-23
13
78
-2
-40
0
33
16
31
-16
-66
-84
-72
-4
-91
-25
-1
-124
-64
-78
-34
30
-19
-17
-35
-52
10
29
27
62
62
32
-24
-17
-10
-1
8
26
48
105
129
-9
9
16
-30
10
28
62
-12
-65
-53
-85
-104
-79
-18
5
6
5
-46
-45
-23
-8
-13
-51
-35
-44
-22
20
4
12
3
-27
39
84
37
-11
17
61
46
57
1
-43
21
61
133
151
78
81
26
-21
19
-7
4
46
-25
-42
31
86
117
35
22
-11
-66
34
-1
-27
28
9
39
87
73
-50
-30
49
-39
-77
-27
20
-33
-72
-79
-85
-99
-77
-40
-81
-49
-96
-146
-52
-20
-57
-54
24
6
-56
33
25
-52
-16
-30
-83
-86
-72
-17
17
15
25
64
104
109
111
46
44
106
75
17
26
3
-24
33
10
10
4
13
77
38
18
22
-12
-115
-145
-75
-79
-69
-60
-12
59
20
1
-20
-65
-39
4
15
10
-17
-34
-24
-29
-16
9
37
46
12
13
52
59
97
122
102
71
67
137
25
-49
35
-25
17
56
15
6
10
64
-16
-41
-25
-55
-69
-101
-50
-88
-146
-97
-61
-61
-54
-13
-6
-52
-41
-17
-17
36
67
114
67
23
18
23
92
47
82
61
27
28
-3
114
30
-57
-21
-23
8
-109
-137
-50
-72
14
37
-42
1
-14
4
8
-11
64
58
44
54
14
-17
29
73
10
-83
-71
11
-20
-83
-19
55
11
-39
-10
7
60
48
27
39
-87
-53
-14
-91
5
-3
-117
-113
-119
-90
-34
-73
-71
-82
-83
-33
-101
-59
-6
-37
18
-4
27
12
-30
39
33
59
98
98
73
120
159
69
72
59
48
93
10
-14
46
93
131
62
-19
-6
56
63
47
79
71
13
28
66
-7
-60
-39
-41
-119
-96
-25
-35
-36
-66
-48
-42
-45
18
41
55
-5
-33
47
60
62
27
-1
40
46
39
76
43
10
91
49
55
91
40
45
-10
0
26
5
38
14
22
-11
-2
12
-50
-12
-68
-98
-80
-45
-51
-155
-139
-167
-111
-1
-25
76
93
8
-5
-75
-41
25
30
22
9
-27
-60
8
-72
-83
-23
-86
-34
-43
-34
-27
-79
25
-45
-66
81
51
47
67
42
-17
-3
60
-13
-105
-33
50
42
36
-2
51
56
35
55
4
57
70
28
-28
-17
84
80
92
57
75
129
57
15
22
27
11
-33
-53
41
-1
-125
-56
-67
-91
-37
-42
-51
-102
-90
-45
-66
-31
-32
-49
-9
4
44
32
-51
-58
-37
-13
15
46
-6
-72
35
51
16
32
16
52
72
115
8
-67
44
38
51
42
-35
-53
-52
22
69
25
40
12
-11
9
-42
1
-17
-43
37
14
16
19
73
65
-54
22
58
58
-10
-99
15
31
-61
-75
-5
54
17
-45
-12
-11
-37
13
-8
2
54
-19
-39
-48
-100
-28
-39
-86
-31
-2
2
-11
3
43
111
36
-68
-5
-17
5
7
-26
31
-20
-100
-41
38
14
-1
-20
-27
-59
-91
8
63
29
16
-3
-58
-80
-76
-49
-20
0
64
116
148
119
30
38
126
165
150
18
-30
84
33
13
50
48
74
15
38
118
102
89
48
62
127
34
17
33
-9
32
3
-24
-4
71
10
-102
-32
-95
-124
-49
-52
-40
-68
-69
-67
-106
-81
-44
-16
-51
-86
2
-2
-54
-50
-68
-10
14
-39
-90
-93
-50
-41
-26
-13
-9
-128
-142
3
-22
-44
-19
20
37
95
150
44
-63
-91
-3
72
92
77
67
88
53
-25
-17
54
53
33
-55
-4
78
-20
-68
-128
-91
36
10
-65
-38
-78
-93
39
18
-40
-86
-65
13
-63
-69
-36
-27
-16
-96
-133
-84
-41
30
85
15
-16
-7
-63
-65
-24
49
87
120
96
22
54
51
75
42
9
73
74
36
11
41
50
59
19
26
98
32
40
30
-30
-2
44
85
72
86
51
35
53
33
10
-48
55
69
16
68
-9
55
97
52
70
73
48
-23
21
14
16
31
-14
30
40
31
53
40
-21
-3
-24
-87
-9
-23
-52
2
-17
-1
6
-59
-59
-6
20
40
51
56
-30
-110
-29
-17
-60
-36
-53
-34
-43
-69
1
-49
-145
-83
1
-2
-35
-32
-18
-19
-12
-16
-13
-64
-122
-63
2
-29
-70
-41
-38
-64
-6
78
-19
-64
8
6
61
61
6
-38
-44
-3
14
14
-53
-20
-9
-13
108
20
-30
75
89
104
45
46
88
9
64
67
40
121
83
72
42
-41
-26
-12
-31
-50
-28
23
54
-10
-61
-3
-12
-11
-12
-42
31
13
-40
-39
-55
11
4
3
-32
-74
-4
31
77
56
36
10
7
54
17
44
-4
-82
-3
44
97
85
-8
-18
1
49
54
-21
-13
47
22
-38
-16
97
63
-11
-1
-46
-26
-50
-94
-29
-11
-13
-1
9
-3
-6
-27
-28
-4
18
72
20
-41
-24
-33
-69
-38
-17
-30
8
-38
-93
47
51
-10
13
-112
-66
-23
-101
12
-17
-98
19
19
-33
-17
-82
-20
96
23
9
65
56
11
30
45
-39
-21
-14
-41
27
29
21
85
95
88
44
-8
16
7
20
55
40
32
62
33
-20
-8
-14
-10
-16
-19
-59
-104
-48
-4
-39
-7
39
-87
-85
-51
-124
-4
56
-27
16
21
-39
15
19
-13
-17
-65
-27
21
83
65
-10
81
42
-20
90
132
126
46
-4
50
12
92
157
48
7
7
40
52
45
43
-39
-42
-7
-29
-69
-45
-21
-98
-85
-61
-37
-39
-114
-52
-43
-82
-29
-29
-27
-84
-120
-28
-14
-48
-24
-75
-127
-39
22
-26
-35
-29
-77
-65
-103
-99
-78
-122
3
80
5
13
10
-19
-4
-65
-34
41
17
37
11
-16
-21
5
41
-2
-23
1
68
36
-37
-16
-26
-29
-32
-15
-42
-103
14
73
19
-19
-66
57
64
-1
29
25
85
47
85
101
-5
52
40
-1
51
85
165
204
126
124
204
157
95
115
142
143
84
41
69
70
22
33
98
172
202
166
163
172
108
75
50
12
36
-60
-37
77
-8
-60
-7
-17
-119
-143
-173
-192
-159
-195
-143
-73
-75
-75
-100
-157
-184
-172
-198
-211
-170
-91
-106
-157
-105
-134
-190
-160
-166
-176
-160
-155
-99
-23
-48
-83
-91
-84
-65
-89
-63
-37
-86
6
111
65
39
22
67
57
-17
-3
21
-15
-26
28
14
46
105
92
95
101
117
174
173
103
106
134
125
128
140
130
173
199
157
80
55
208
181
119
237
226
169
189
230
179
178
171
51
90
132
93
162
160
147
196
118
87
96
-2
-42
3
-5
-54
-100
-103
-119
-160
-111
-111
-153
-176
-224
-216
-222
-224
-196
-239
-252
-234
-204
-186
-232
-250
-228
-264
-337
-236
-139
-218
-245
-180
-100
-127
-187
-110
-100
-190
-128
-103
-140
-124
-172
-139
-105
-142
-106
-88
-95
-41
-46
-32
13
-51
-77
13
89
99
98
173
192
87
156
167
70
112
116
153
196
142
157
205
140
156
199
163
140
123
197
221
183
170
154
160
215
281
271
239
210
240
222
244
403
355
336
319
166
173
130
69
140
157
129
87
67
87
143
147
24
-11
48
95
68
-20
-67
-26
46
29
13
39
-5
-34
-47
-58
-4
-57
-83
-96
-190
-231
-301
-394
-529
-603
-522
-427
-354
-322
-306
-180
-10
1
-33
-56
-95
-121
-198
-229
-270
-330
-246
-182
-115
-7
-26
4
-85
-236
-312
-520
-514
-483
-505
-377
-352
-206
-39
-34
90
168
112
81
9
-28
-48
-35
99
162
260
320
281
303
188
49
-50
-394
-734
-887
-675
-156
22
117
392
549
604
538
447
366
138
-89
-169
-101
40
225
289
341
524
644
781
676
461
419
279
172
65
-157
-245
-153
-1
93
94
138
266
337
404
443
348
324
230
85
173
271
303
340
235
158
209
310
365
224
125
104
-17
-114
-141
-161
-230
-331
-280
-298
-435
-485
-457
-365
-325
-317
-331
-269
-204
-176
12
97
143
225
80
29
94
17
-194
-421
-477
-479
-449
-447
-476
-451
-445
-427
-449
-531
-519
-497
-549
-558
-538
-452
-285
-72
192
294
224
167
92
27
-64
-158
-157
-149
-86
36
176
226
178
232
132
-22
-161
-342
-424
-701
-924
-744
-206
414
713
804
924
1030
903
643
441
206
-16
-197
-204
144
451
636
824
880
909
902
837
546
266
254
96
-60
-97
23
364
553
648
569
352
317
357
497
503
350
225
193
337
379
457
563
495
398
338
390
410
399
277
75
-36
-217
-270
-270
-324
-369
-567
-719
-749
-708
-634
-646
-677
-827
-1029
-1210
-1300
-1044
-809
-785
-712
-526
-220
-33
1
131
105
-232
-548
-697
-739
-696
-683
-619
-556
-555
-489
-392
-288
-349
-495
-693
-857
-848
-791
-628
-444
-292
-191
-73
130
335
542
622
571
399
184
137
128
90
132
169
170
246
285
398
631
636
563
343
90
118
61
-34
-189
-548
-927
-1078
-680
-81
167
303
503
749
920
982
1030
887
585
133
-182
-249
-225
-119
26
217
374
551
850
1178
1323
1287
1048
649
197
-175
-199
-14
121
254
440
689
1050
1421
1589
1339
907
552
312
293
461
711
884
1011
1205
1477
1703
1768
1593
1190
699
173
-155
-243
-210
-32
59
71
144
81
-131
-299
-558
-1087
-1686
-2102
-2286
-2141
-1766
-1391
-995
-775
-641
-448
-369
-391
-583
-988
-1485
-1717
-1695
-1609
-1347
-1035
-792
-608
-525
-530
-625
-851
-1132
-1513
-1756
-1858
-1873
-1569
-1272
-892
-541
-366
-240
-312
-268
-194
-304
-388
-435
-338
25
491
882
1104
1158
1012
688
329
8
-144
-317
-366
-143
69
526
1039
1331
1438
1264
948
509
35
-488
-994
-1182
-995
-550
-46
545
1084
1486
1735
1752
1664
1467
1146
765
582
515
527
808
900
827
704
406
276
124
-49
-50
-102
-3
254
520
962
1358
1515
1429
1179
887
620
583
604
566
512
700
1162
1568
1951
2040
1898
1652
1218
936
677
494
468
308
234
323
510
822
1082
1067
832
561
219
37
35
-20
-200
-560
-868
-1155
-1375
-1366
-1546
-2060
-2630
-3002
-3119
-2958
-2489
-2065
-1906
-1761
-1580
-1395
-1100
-908
-936
-1095
-1274
-1362
-1312
-1065
-892
-852
-1010
-1418
-1774
-1986
-1969
-1852
-1900
-2044
-2179
-2268
-2092
-1679
-1190
-753
-563
-549
-350
169
744
1183
1246
1068
888
601
400
336
298
178
-89
-310
-292
63
564
975
1141
1011
741
594
780
1037
1190
1261
1160
1071
1099
1259
1417
1248
685
-166
-974
-1261
-782
57
670
1088
1546
2055
2431
2671
2767
2542
1809
603
-263
-462
-405
-167
98
205
288
559
1051
1561
1752
1544
956
179
-413
-497
-99
328
524
473
722
1365
2083
2794
3024
2702
2122
1570
1400
1427
1435
1454
1322
1125
1017
1149
1437
1492
1186
572
-29
-440
-675
-471
-67
149
336
522
817
1124
1222
980
336
-478
-1386
-2162
-2621
-2734
-2682
-2689
-2697
-2674
-2726
-3022
-3485
-3915
-4284
-4605
-4761
-4506
-3729
-2638
-1452
-421
324
824
908
561
-103
-995
-1903
-2619
-3281
-3734
-3760
-3474
-2904
-2402
-1957
-1522
-1348
-1284
-1312
-1283
-1110
-819
-421
7
596
1286
1996
2533
2562
2095
1510
845
108
-427
-889
-988
-763
-556
-51
594
1289
1958
2312
2313
1997
1565
1209
885
616
509
524
776
1028
1080
1264
1622
1903
1664
949
306
33
-14
-26
239
794
1440
1947
2413
3019
3425
3345
2652
1647
691
63
-96
-40
152
459
795
1185
1492
1765
1977
1765
1212
369
-256
-184
156
630
1149
1536
1920
2408
2853
3106
3122
2780
2212
1599
1070
930
1083
1119
921
561
280
213
119
-11
-175
-548
-936
-1055
-804
-225
345
601
674
671
586
540
512
158
-477
-1154
-2028
-2835
-3487
-4124
-4679
-5356
-6163
-6773
-6715
-5972
-5047
-4353
-3825
-3192
-2257
-1314
-824
-342
63
-32
-438
-1096
-1501
-1438
-1554
-2145
-2958
-3470
-3209
-2624
-2310
-2182
-2073
-1921
-1972
-2004
-1809
-1363
-666
-314
-188
208
1273
2794
3688
3688
3081
2403
1951
1309
430
-389
-853
-1038
-1136
-861
19
1341
2381
2471
2011
1648
1683
2073
2252
2049
1950
2162
2563
2825
2876
2813
2275
946
-999
-2596
-2975
-2287
-1336
-614
225
1630
3366
4689
5401
5491
4782
3446
1878
566
-37
34
234
136
-89
175
1064
1982
2231
1733
942
96
-542
-939
-993
-715
-544
-478
-275
472
1688
2935
3831
3898
3383
2878
2687
2519
2088
1443
641
37
-257
-125
366
805
919
555
-21
-393
-415
-394
-570
-740
-875
-695
24
980
1786
2041
1723
1060
340
-368
-995
-1507
-2108
-2692
-3041
-3000
-2735
-2673
-3093
-4156
-5671
-7155
-8170
-8267
-7733
-7015
-5991
-4652
-2850
-813
887
1934
2117
1502
446
-761
-1913
-2748
-3302
-3941
-4630
-4976
-4654
-3678
-2898
-2697
-2664
-2627
-2378
-2034
-1578
-799
-69
557
1154
1796
2857
3999
4577
4321
3277
2015
1059
375
-273
-1064
-1690
-1631
-1025
-37
1317
2600
3623
4179
3867
3152
2649
2406
2257
1748
1082
1009
1588
2517
3288
3448
3051
2134
662
-1014
-2310
-2787
-2579
-2085
-1198
434
2737
5306
7297
8102
7855
6688
4928
2913
872
-758
-1843
-2594
-2953
-2654
-1459
408
2067
2908
2964
2666
2274
1761
1111
301
-382
-768
-954
-593
400
1706
2930
3516
3372
2956
2639
2350
1863
1078
208
-320
-361
-18
671
1354
1600
1214
368
-499
-1122
-1358
-1675
-2152
-2292
-1868
-776
546
1735
2541
2611
1934
762
-445
-1373
-2084
-2777
-3354
-3631
-3428
-2665
-1909
-1770
-2583
-4234
-6242
-8264
-9649
-10104
-9862
-9075
-7848
-5982
-3256
-183
2284
3575
3453
2393
866
-882
-2467
-3851
-5006
-5878
-6206
-5689
-4388
-2781
-1459
-1038
-1383
-1806
-2106
-2066
-1907
-1723
-1278
-515
773
2557
4493
5941
6374
5621
4096
2506
1164
33
-1007
-1840
-2133
-1552
-50
2106
4160
5347
5532
4961
4080
3176
2397
1654
831
197
160
1041
2603
4241
5082
4823
3721
2050
777
221
-218
-719
-1102
-793
551
2656
5013
6859
7422
6569
5059
3465
2000
689
-864
-2505
-3808
-4240
-3278
-1544
251
1547
2024
2159
2255
2402
2468
2160
1314
-13
-1135
-1522
-1195
-474
42
244
153
104
589
1355
1881
1663
1029
664
684
1079
1628
1889
1821
1462
901
504
213
-37
-538
-1368
-2094
-2314
-1687
-705
158
689
788
860
969
904
541
-73
-774
-1319
-1574
-1609
-1404
-1147
-1298
-2085
-3289
-4687
-6125
-7698
-9414
-10784
-11366
-10762
-9108
-6879
-4491
-2205
-63
1612
2607
2759
2064
874
-736
-2616
-4132
-4896
-5070
-4889
-4619
-4278
-3492
-2292
-1428
-1166
-1356
-1786
-1956
-1936
-1637
-928
51
1188
2158
3121
4083
4867
5132
4432
3084
1649
623
106
-97
-8
365
1168
2342
3524
4558
5100
4853
4022
2898
1845
1178
1012
1060
1122
1414
2059
3254
4420
4803
4520
3440
1983
905
471
652
957
1251
1828
2879
4207
5537
6482
6456
5249
3241
1295
-146
-1271
-2253
-3120
-3683
-3457
-2355
-494
1727
3253
3917
4077
3897
3484
2906
2110
837
-776
-2230
-2975
-2772
-1959
-1014
-333
-5
355
971
1657
1946
1581
910
342
192
412
747
1107
1149
730
182
-261
-632
-1090
-1910
-2926
-3464
-3147
-2104
-811
309
919
1042
1089
1104
801
-91
-1405
-2492
-3211
-3292
-2362
-1122
-332
-207
-879
-1987
-3162
-4621
-6514
-8840
-11172
-12566
-12387
-10659
-7980
-5101
-2495
-422
1161
2328
2887
2525
1124
-1105
-3505
-5207
-5696
-5044
-3932
-2929
-2259
-1633
-635
381
835
419
-697
-1956
-3007
-3453
-2868
-1509
-139
867
1672
2731
4247
5532
5850
5053
3613
2415
1882
1929
2220
2671
3171
3582
3892
4220
4787
4939
4144
2409
537
-360
-208
675
1552
2257
3057
3888
4825
5526
5664
5152
3890
1937
3
-757
-51
1252
2188
2754
3534
4648
5532
5769
5369
4176
2194
-62
-1800
-2646
-2701
-2302
-1968
-1662
-958
417
2206
3534
3912
3599
2991
2275
1233
1
-923
-1815
-2890
-3620
-3577
-2771
-1513
-333
695
1520
2023
2396
2389
1812
838
-46
-572
-878
-994
-820
-228
312
425
283
12
-551
-1579
-2745
-3573
-3750
-3386
-2730
-1806
-892
125
1042
1288
881
-203
-1370
-2302
-3118
-3388
-2988
-1919
-914
-542
-272
-203
-835
-2525
-5259
-8362
-11295
-13323
-13622
-12306
-10134
-7580
-4662
-1535
1337
3454
4594
4357
2618
81
-2374
-3751
-4014
-3781
-3165
-2233
-1107
88
1337
2188
1945
624
-1299
-3171
-4545
-5025
-4354
-2842
-963
807
2594
4808
6972
8358
8514
7384
5675
4026
2758
1991
1609
1621
2093
2731
3216
3696
4164
4359
3660
1997
327
-690
-1021
-829
-115
1125
2817
4647
6246
7311
7538
6940
5652
3558
912
-1320
-2416
-2458
-1991
-1203
338
2702
4754
5686
5796
5360
4399
2742
704
-1019
-2320
-3037
-2973
-2358
-1524
-421
961
2044
2476
2398
2315
2061
1123
-216
-1252
-1752
-2100
-2337
-2244
-1888
-1514
-1049
-403
227
454
469
511
451
349
306
674
1017
775
417
287
226
20
-505
-1282
-2269
-3354
-3970
-3847
-3212
-2492
-1778
-923
-57
724
1277
1320
746
-551
-2031
-2785
-2841
-2367
-1362
-397
164
445
311
-96
-1350
-4034
-7490
-10888
-13168
-14041
-13514
-11668
-9070
-5850
-2380
940
3686
5381
5863
4874
2694
154
-1705
-2409
-2597
-2710
-2399
-1463
-292
527
722
319
-714
-2184
-3824
-5148
-5531
-4750
-2967
-791
1511
3823
6078
8293
9429
8923
7481
5790
4010
2014
433
-156
120
920
1717
2412
3207
4187
4894
4451
2924
1074
-347
-947
-1123
-909
214
2069
3921
5378
6660
7789
8102
7058
4614
1385
-1435
-3031
-3420
-3243
-2734
-1442
853
3507
5545
6893
7487
6803
4644
1727
-698
-2248
-3259
-4113
-4571
-4281
-3017
-777
1653
3293
3886
3895
3406
2541
1330
105
-707
-1637
-2803
-3688
-3632
-2628
-1470
-544
-51
-2
31
289
728
1081
1116
1061
985
692
479
650
1099
1167
294
-1002
-2029
-2620
-2789
-2728
-2576
-2477
-2490
-2122
-1210
-169
562
708
146
-812
-1629
-1937
-1462
-721
-195
-9
-155
-286
-574
-1182
-2571
-5232
-8708
-12088
-14054
-14236
-13197
-11344
-8961
-6074
-2894
360
3348
5393
5841
4571
2280
-11
-1488
-2070
-2098
-1955
-1884
-1318
107
1469
1883
1262
-94
-1807
-3794
-5380
-5662
-4711
-2884
-597
1803
4442
7214
9463
10513
9916
7931
5538
3124
885
-688
-1272
-502
861
1967
3161
4664
6163
6780
5854
3737
1344
-637
-1782
-1935
-1444
-539
773
2379
3943
5410
6753
7161
5755
2554
-744
-2177
-2008
-1669
-1514
-902
792
3140
5498
7595
8485
7532
4914
1715
-1094
-3247
-4497
-5230
-5827
-5996
-4729
-1767
1438
3536
4432
4726
4419
3125
1481
171
-1005
-2252
-3521
-4146
-3879
-3160
-1890
-544
125
71
-186
-113
-148
-558
-620
-122
216
61
231
1121
2107
2447
1861
948
-83
-1211
-2048
-2548
-2882
-3104
-2866
-2075
-1160
-322
670
1526
1516
600
-573
-1374
-1836
-2028
-1671
-699
429
1165
1521
1445
710
-867
-3414
-6865
-10887
-14078
-15203
-14358
-12418
-10026
-6906
-3321
170
3232
5339
6125
4982
2434
-183
-2305
-3426
-3580
-3177
-2571
-1811
-467
1381
2771
2925
1887
-9
-2107
-3961
-5113
-5066
-4033
-2290
-161
2104
4408
6512
8138
8773
7978
6082
4023
2380
1276
681
912
1901
2858
3618
4460
5421
5975
5493
3941
1775
-445
-1963
-2387
-2038
-1351
-361
1059
2754
4428
5694
6378
5840
3807
1236
-541
-1153
-1521
-1787
-1392
-172
1506
3471
5457
6599
6261
4630
2812
1145
-630
-2334
-3606
-4384
-4772
-4222
-2424
-125
1669
2795
3686
4249
4055
3171
2055
972
-320
-1891
-3094
-3548
-3457
-2935
-1958
-941
-476
-219
265
639
734
721
863
875
330
-13
522
1367
1663
1050
135
-454
-1086
-1689
-2037
-2468
-2766
-2551
-1892
-835
149
734
1159
1058
239
-1001
-1921
-2259
-2631
-2707
-1712
-39
1391
2045
1863
1207
-340
-3066
-6498
-10190
-13446
-15403
-15298
-13605
-11125
-7909
-4063
-99
3057
5087
6166
5924
3922
1007
-1368
-2714
-3342
-3416
-2898
-2015
-871
613
2159
2881
2115
251
-1736
-3543
-5145
-5696
-4813
-3135
-1397
489
3046
5863
8065
9121
8775
7204
4911
2693
1274
420
125
718
1815
2962
3947
5260
6785
7179
5670
2918
233
-1862
-3043
-2942
-1763
-275
1093
2864
5039
6930
7920
7561
5317
1295
-2476
-3841
-2988
-1873
-1117
135
2325
4847
7121
9048
9629
7824
4001
253
-2322
-4057
-4963
-5448
-5846
-5990
-4802
-1609
2175
4555
5139
4994
4530
3326
1785
606
-403
-2048
-4355
-5675
-5346
-4023
-2256
-741
1
-39
57
972
2026
2167
1555
1017
556
-33
-29
1013
2110
1961
576
-599
-1068
-1323
-1686
-2226
-2665
-3046
-2919
-1788
-162
1105
1647
1587
862
-397
-1620
-2072
-1795
-1839
-2324
-2213
-1268
-280
18
-522
-2128
-5032
-8468
-11301
-12864
-13200
-12739
-11325
-8722
-5409
-1731
2063
5092
6348
5507
3463
1103
-1241
-3299
-4675
-5080
-4992
-4262
-2432
172
2416
3235
2884
1654
-327
-2589
-4260
-4587
-4004
-2965
-1129
1647
4869
7716
9747
10468
9313
6719
3789
1243
-994
-2595
-2840
-1838
-93
1949
4383
7135
8934
8881
7365
5038
2271
-332
-1977
-2333
-1962
-1192
285
2262
4170
5583
6328
5645
2772
-1126
-3726
-4122
-3375
-2559
-1402
727
3362
6133
9018
10792
10111
6999
3229
217
-2150
-3976
-5190
-5895
-6332
-5570
-2780
930
3737
4709
4752
4388
3152
1644
522
-624
-2261
-4036
-4625
-3692
-2332
-910
630
1635
1516
946
910
1248
1001
138
-315
-345
-273
204
1266
2372
2356
1259
170
-486
-1026
-1685
-2183
-2669
-3286
-3176
-1869
-104
1121
1515
1486
1169
770
575
624
380
-758
-2055
-2754
-2757
-2563
-2876
-3998
-6144
-8798
-10584
-10888
-10420
-9925
-9624
-8777
-6858
-4036
-549
2627
4436
4460
3328
1950
752
-352
-1719
-3591
-5721
-7106
-6881
-5042
-2762
-1112
-347
-365
-811
-1122
-870
-518
-767
-1420
-1591
-467
2084
5275
7930
9021
8261
6571
4944
3295
1119
-1200
-2957
-4037
-4160
-2604
849
4843
7616
8725
8589
7789
6590
5237
3917
2220
264
-1003
-830
760
2913
4796
5656
4447
1504
-1012
-1672
-1326
-1614
-2364
-2189
-610
1953
5337
8915
10841
9945
7087
4225
1985
-89
-2031
-3852
-5723
-7082
-6318
-3157
529
2823
3828
4481
4433
3344
2075
1386
323
-1990
-4452
-5454
-4682
-2828
-541
1612
2837
2929
3039
3642
3841
2870
1067
-605
-2171
-3327
-2927
-910
962
1290
853
965
1466
1468
1030
264
-963
-2435
-3387
-2914
-1358
11
688
755
335
-165
-128
765
1411
644
-859
-1945
-2430
-2712
-3111
-4058
-6180
-9473
-12574
-13782
-12900
-11165
-9717
-8493
-6836
-4243
-803
2649
4983
5145
3695
1786
100
-1026
-1895
-2741
-4077
-5716
-6586
-5984
-4209
-2524
-1827
-2016
-2451
-2542
-2167
-1364
-222
697
1160
1651
2831
4767
6853
8051
7713
6134
4004
2223
879
-263
-1350
-2462
-2989
-2431
-641
1875
4263
5929
6528
6169
5469
5063
4866
4374
3426
2429
1907
1973
2557
3305
3492
2525
709
-825
-1400
-1310
-906
-167
704
1653
3049
5330
7959
9251
8566
6701
4691
2958
1297
-95
-1228
-2668
-3845
-3742
-2297
-371
1032
1959
2573
2562
2063
1688
1680
1038
-698
-2365
-3214
-3191
-2692
-1867
-673
151
442
749
1369
1845
1596
913
47
-1050
-1846
-1434
-86
766
623
341
628
938
538
-260
-907
-1570
-2414
-2724
-2098
-1022
-183
196
425
386
89
-127
-78
165
155
92
221
139
-498
-1399
-2364
-4099
-7191
-10861
-13412
-14195
-13539
-11938
-9722
-7091
-4287
-1047
2510
5384
6480
5606
3588
1214
-900
-2271
-3091
-3959
-5158
-5891
-5351
-4132
-3029
-2599
-2712
-3028
-3546
-3533
-2735
-1538
-382
505
1626
3128
4694
6007
6721
6654
5781
4194
2395
748
-752
-1898
-2752
-3099
-2638
-1491
369
2612
4572
5737
6079
5795
5126
4333
3549
2953
2591
2307
2218
2714
3712
4555
4544
3382
1361
-518
-1663
-2177
-2191
-2028
-1375
208
2640
5500
8058
9836
10255
9241
7460
5447
3562
1412
-1306
-3670
-4977
-5128
-4188
-2639
-764
1009
2344
3452
4312
4717
4419
3206
1509
-205
-1627
-2312
-2334
-2084
-1957
-1687
-1042
-163
816
1348
1303
764
177
32
232
699
1088
1144
906
510
216
-14
-544
-1488
-2474
-3087
-3070
-2524
-1640
-607
130
440
458
200
-116
-423
-677
-621
-482
-602
-976
-1392
-1847
-2637
-4262
-7072
-10564
-13457
-14621
-14193
-12908
-11097
-8701
-5788
-2420
1433
4814
6517
6071
4118
2049
329
-1160
-2571
-4061
-5374
-6229
-6268
-5257
-3843
-2960
-2921
-3266
-3398
-3167
-2592
-1738
-531
817
2120
3790
5781
7831
9454
9927
9035
6829
4092
1626
-594
-2616
-4292
-5179
-4870
-3355
-729
2508
5422
7325
8020
7703
6817
5537
3839
2066
745
142
350
1322
2611
3675
4362
4621
4137
2301
-765
-3600
-4767
-4110
-2835
-1730
-219
2272
5571
8789
11197
12116
10604
7042
3158
477
-1026
-2569
-4548
-6167
-6393
-4679
-1533
1741
3755
4260
4273
4388
4377
3765
2593
1246
-281
-1689
-2269
-1934
-1288
-873
-637
-198
298
629
1046
1706
2194
2268
2284
2295
1894
1079
523
380
-208
-1691
-2961
-3131
-2739
-2289
-2029
-1591
-723
-321
-242
57
289
371
325
377
524
437
202
-15
-550
-1866
-4094
-6894
-9834
-12639
-14634
-15021
-14353
-13512
-11956
-9092
-5001
-895
2271
4411
5072
4603
3456
2250
1085
-792
-3043
-4793
-5614
-5687
-5297
-4695
-4327
-4562
-5098
-5284
-5105
-5099
-5013
-3895
-1887
294
2519
5070
8102
10824
12354
12492
11100
8445
5269
2285
-424
-3205
-5710
-7155
-7068
-5405
-2453
1231
4349
6120
7011
7790
8418
8008
6602
4805
3363
2530
2272
2849
3677
4123
3961
3232
1844
-201
-2061
-3012
-3413
-3797
-3589
-2036
764
3746
6633
9448
10938
10483
8786
6911
5052
2711
-1
-2534
-4550
-5387
-4505
-2422
-371
752
1572
2614
3441
3495
2828
1970
541
-1338
-2580
-2682
-2067
-1468
-834
28
802
1470
2135
2751
2994
2574
2042
1499
773
175
41
334
158
-815
-1798
-2213
-2108
-1779
-1584
-1661
-1774
-1425
-443
629
1262
1095
491
203
365
764
952
551
-426
-1445
-2051
-2653
-4332
-7508
-11427
-14615
-15751
-15248
-14248
-13260
-11836
-9111
-4936
-258
3535
5676
5871
4832
3535
2289
1099
-580
-2893
-5131
-6536
-6683
-5729
-4622
-4291
-4668
-5265
-5714
-6030
-5969
-5022
-3599
-2047
-350
1953
5334
9173
12458
14209
14027
12158
9444
6834
4071
660
-3229
-6507
-8254
-8490
-6848
-3565
177
3109
4982
6669
8190
8958
8609
7516
6183
4537
3219
2858
3257
4038
4614
4421
3022
561
-1765
-2686
-2703
-3234
-4085
-4051
-2520
173
3674
7390
9865
10188
8978
7704
6896
5614
3275
335
-2557
-4464
-4550
-2845
-528
811
1248
1854
2545
2735
2386
1804
784
-989
-2653
-3105
-2336
-963
314
1174
1699
2017
2546
3276
3586
3019
1787
553
-204
-535
-431
17
100
-576
-1442
-1625
-1094
-753
-1335
-2243
-2658
-2236
-1207
-100
715
763
487
429
679
999
643
-324
-1395
-2204
-2623
-2995
-3830
-5749
-8780
-11790
-13428
-13598
-13480
-13569
-12984
-11040
-8042
-4447
-588
2842
4723
4907
4361
3825
3104
1494
-519
-2608
-4770
-6147
-6182
-5256
-4591
-4769
-5247
-5579
-5852
-6175
-6208
-5388
-4185
-3044
-1002
2338
6262
9764
12257
13568
13232
11465
9053
6304
3099
-707
-4143
-6197
-7085
-6692
-4767
-1719
1425
3488
4716
5830
6677
7153
7031
6249
5144
4020
3802
4733
5881
6393
5867
4244
2138
509
-504
-1137
-2049
-3236
-3663
-2705
-258
2681
5196
6926
7792
8075
7745
6918
5696
3907
1652
-539
-2055
-2450
-1832
-792
232
1061
1495
1499
1398
1243
734
-332
-1564
-2361
-2640
-2259
-1046
497
1586
1975
2302
3133
3890
3883
2966
1635
466
-357
-598
-544
-588
-917
-1204
-1035
-628
-278
-201
-518
-1243
-1624
-1117
-187
521
553
196
-10
-11
217
522
253
-677
-1802
-2648
-2960
-3382
-4281
-5875
-8530
-11461
-13366
-13525
-12743
-12178
-11795
-10683
-8332
-5169
-1437
2053
3904
3807
2794
2055
1635
953
-394
-2419
-4698
-6268
-6242
-4844
-3475
-3555
-4540
-5366
-5991
-6356
-6164
-5451
-4800
-4035
-2302
820
4862
8764
11808
13369
13092
11454
9305
6933
4068
672
-2824
-5494
-6682
-6319
-4440
-1578
1253
3188
4257
5171
6341
7313
7073
5650
4077
3268
3762
5125
6265
6489
5751
4630
3699
2874
1338
-1273
-3872
-5091
-4641
-2972
-533
2018
4132
5800
7714
9784
10388
8766
6045
3606
1693
84
-1148
-1766
-2136
-2242
-957
1407
3085
3281
2872
2826
2319
723
-856
-1584
-1990
-2654
-2693
-1580
-456
238
1300
2954
4028
3582
2747
2460
2142
1479
765
226
-596
-1737
-2060
-1142
-168
-321
-1074
-1476
-1664
-1914
-1774
-1049
-686
-1069
-1468
-1125
-116
698
1162
1297
623
-880
-2187
-2753
-3111
-4195
-6721
-10003
-12782
-14117
-13831
-12549
-11331
-10879
-10289
-8370
-4830
-781
1882
2672
2209
1483
1229
1397
1370
266
-1929
-4312
-5545
-5184
-4293
-3955
-4454
-5331
-6192
-6728
-6456
-5654
-5070
-4487
-3470
-1637
1139
4294
7702
10692
12027
11686
10471
9038
7313
4768
1737
-1018
-3456
-5106
-5124
-3481
-893
1343
2852
4003
5059
6209
7072
7385
6819
5656
4850
4812
5406
5700
5286
4484
3421
2170
700
-502
-1209
-1790
-2227
-2045
-828
876
2387
3631
4714
5823
6612
6530
5817
4818
3622
2412
1348
450
-566
-1301
-1126
-279
569
988
1345
1706
1382
625
77
-361
-990
-1847
-2009
-1192
-223
588
1446
2551
3473
3827
3772
3265
2249
1278
912
806
155
-905
-1348
-1000
-503
-356
-428
-394
-632
-1146
-1303
-1008
-756
-907
-1084
-1062
-1142
-1193
-980
-440
43
31
-70
-220
-664
-1277
-2090
-3360
-5879
-9713
-13336
-15242
-15207
-14333
-13495
-12409
-10359
-7154
-3054
1034
3634
4324
3540
2391
1615
751
-428
-1987
-3837
-5548
-6365
-5663
-4229
-3613
-4179
-4997
-5531
-5930
-6426
-6688
-6055
-4784
-3136
-857
2182
5819
9387
12326
13889
13228
10623
7614
5039
2344
-780
-3704
-5531
-5948
-4960
-2601
769
3711
5170
5720
6212
6769
6738
5859
4693
3766
3406
4094
5556
6711
6793
6090
5268
3976
1649
-1301
-3690
-4795
-4839
-4116
-2435
169
2958
5492
7912
9984
10781
9689
7320
4771
2492
434
-1321
-2636
-3530
-3807
-2963
-966
1146
2357
2743
2836
2584
1663
441
-346
-685
-1458
-2310
-2125
-997
396
1644
2800
3531
3451
2847
2466
2419
1875
640
-433
-816
-1020
-1163
-655
129
148
-622
-935
-547
-685
-1456
-1815
-1272
-718
-821
-930
-725
-615
-718
-514
151
258
-505
-1003
-925
-1073
-2081
-3674
-5713
-8734
-12295
-14490
-14612
-14059
-13719
-13200
-11243
-7923
-4219
-504
2455
3943
3726
2716
1870
1118
-54
-1624
-3204
-4888
-6277
-6443
-5202
-3774
-3658
-4778
-5804
-6188
-6271
-6182
-5529
-4289
-3012
-1443
1091
4947
9140
12121
13500
13018
11018
8471
5996
3528
429
-3069
-5582
-6041
-4630
-2100
1048
4200
6356
7183
7461
7876
8142
7399
5685
4022
3043
2939
3795
5213
5904
5167
3918
2911
1942
390
-1734
-3273
-3862
-3889
-2882
-538
2427
4827
6512
8193
9668
9854
8406
6153
3610
851
-1621
-3210
-3985
-4459
-4503
-3213
-854
1208
2379
2912
3150
2710
1611
661
-169
-1149
-2019
-2187
-1353
-182
858
1849
2759
3219
2818
1895
1141
488
-364
-1122
-1397
-1312
-1148
-592
346
1164
1304
793
449
268
-243
-910
-1198
-1146
-1375
-1869
-1926
-1593
-1376
-1239
-814
11
407
130
-202
-473
-957
-2331
-4571
-7563
-11234
-14222
-15235
-14435
-13421
-12985
-11853
-8997
-4994
-967
2220
4065
4249
3004
1806
1341
592
-1033
-3354
-5437
-6606
-6697
-5395
-3796
-3418
-4305
-5364
-5586
-5308
-5321
-5343
-4755
-3595
-2079
279
3936
7927
11028
12465
12148
10596
8251
5847
3420
550
-2650
-5301
-6060
-4781
-2457
270
3239
5673
6904
7350
7843
8614
8573
7012
4934
3576
3314
4015
5050
5452
4767
3539
2697
2275
1419
-272
-1998
-2895
-2980
-2309
-531
2367
5263
7150
8498
9767
10360
9416
7136
4499
1795
-846
-2909
-4060
-4482
-4422
-3558
-1660
338
1390
1896
2514
2832
2268
1188
424
-87
-847
-1546
-1512
-847
-331
105
758
1298
1294
831
704
751
335
-404
-1030
-1145
-993
-681
3
424
142
-316
-385
-103
-262
-1133
-1936
-2186
-1985
-1807
-1708
-1469
-1278
-894
-81
969
1664
1451
672
-247
-1284
-2731
-5248
-8671
-12051
-14550
-15315
-14520
-13278
-12222
-10878
-8243
-4291
-285
2425
3568
3650
3087
2276
1611
996
-187
-2217
-4206
-5115
-4891
-4132
-3699
-3998
-4943
-6189
-6845
-6716
-6474
-6266
-5588
-3861
-1390
1318
4625
8541
11905
13265
12516
10681
8321
5782
3108
63
-2954
-5444
-6543
-5508
-3056
-209
2346
4349
5678
6257
6755
7466
7587
6529
4837
3672
3775
4750
5708
5951
5372
4200
2980
1956
667
-847
-2295
-3058
-2921
-2048
-67
2692
5433
7616
8952
9752
10042
9266
7408
4960
2464
153
-1747
-2903
-3392
-3142
-2172
-791
639
1575
2082
2327
2200
1632
642
-317
-1057
-1666
-1914
-1664
-1031
-164
640
1167
1395
1309
934
598
341
-115
-629
-1125
-1294
-1072
-711
-326
-332
-688
-1158
-1402
-1226
-1256
-1660
-1986
-1977
-1702
-1373
-1017
-791
-763
-506
266
1153
1652
1482
831
138
-848
-2530
-5216
-8730
-12209
-14585
-15337
-14972
-14208
-13249
-11340
-7942
-3629
404
3226
4613
4825
4340
3540
2603
1130
-991
-3386
-5340
-6182
-6016
-5371
-4956
-5013
-5532
-6274
-6741
-6942
-7021
-6764
-5732
-3914
-1516
1599
5589
9867
13059
14185
13407
11583
9241
6340
2775
-973
-4394
-6776
-7295
-5945
-3403
-690
1985
4565
6457
7486
8041
8316
7912
6570
5023
4305
4580
5278
5810
6009
5816
5132
3911
2495
987
-872
-2728
-3853
-3790
-2776
-815
2045
4919
7091
8624
9856
10352
9458
7223
4459
2067
-27
-1812
-2929
-3352
-2989
-2067
-762
617
1466
1802
1807
1526
841
-217
-1153
-1677
-1922
-2076
-1837
-971
106
947
1434
1703
1718
1425
913
471
85
-423
-716
-824
-700
-400
-350
-384
-570
-1019
-1482
-1780
-1902
-1997
-2041
-1833
-1387
-897
-595
-359
220
923
1465
1773
1645
1022
-116
-1332
-2537
-4656
-7921
-11564
-14139
-14954
-14858
-14185
-13089
-11477
-8910
-5556
-1704
1528
3331
4044
3917
3349
2579
1586
443
-1035
-2921
-4419
-4901
-4572
-4236
-4660
-5426
-6152
-6844
-7430
-7712
-7287
-6184
-4483
-2273
524
3988
7767
11352
13690
13901
12360
10051
7536
4755
1364
-2195
-4980
-6445
-6421
-5105
-2667
160
2468
4155
5388
6343
7142
7523
7088
5816
4538
4335
5112
6138
6207
5234
4326
3377
2250
524
-1532
-2987
-3895
-4055
-3191
-1223
1381
3967
6210
8005
9188
9593
9234
7840
5730
3351
1186
-279
-1517
-2500
-2739
-2095
-876
95
706
1351
1940
2039
1547
828
51
-736
-1162
-1080
-790
-428
95
902
1826
2286
2180
1867
1516
1139
682
362
119
-131
-183
9
202
-1
-514
-1022
-1313
-1661
-2303
-2686
-2634
-2332
-1834
-1298
-763
-499
-520
-329
240
994
1464
1073
-24
-1137
-2027
-3001
-4910
-8178
-12003
-14704
-15393
-14825
-13972
-13254
-11871
-9046
-5188
-1222
1967
3936
4643
4450
3658
2786
1914
484
-1596
-3875
-5488
-5902
-5488
-5074
-5155
-5733
-6219
-6430
-6676
-6860
-6648
-5557
-3951
-1986
555
3791
7865
11588
13687
13731
12134
9926
7571
4805
1301
-2510
-5559
-6880
-6336
-4436
-1830
748
2999
4952
6556
7743
8331
8284
7458
6062
5044
4705
5086
5827
5999
5495
4534
3455
2397
993
-804
-2723
-4292
-4880
-4073
-2158
411
3190
5673
7724
9190
10050
10199
9084
6513
3453
971
-812
-1916
-2624
-3006
-2925
-2283
-879
551
1329
1397
1072
740
170
-566
-1010
-938
-716
-524
-68
595
1542
2317
2521
2358
1676
810
313
136
46
-116
-147
102
308
309
214
121
-237
-1061
-1902
-2421
-2560
-2412
-1976
-1366
-973
-840
-724
-370
155
608
772
649
135
-875
-1845
-2561
-3609
-5819
-9133
-12550
-14781
-15208
-14547
-13566
-12593
-11180
-8563
-4691
-555
2530
4072
4355
4105
3560
2756
1792
432
-1448
-3641
-5283
-5528
-4819
-4154
-4229
-4921
-5617
-6077
-6180
-6123
-5865
-5356
-4230
-1989
927
4365
7967
11115
13213
13331
11698
9397
6888
4018
572
-2918
-5301
-6212
-5639
-3771
-1346
1084
3005
4672
6120
6894
7239
7085
6559
5597
4497
4292
4905
5572
5519
4740
3831
3034
2136
902
-674
-2376
-3582
-3585
-2219
-115
2044
4109
6147
7853
8930
9411
8941
7206
4531
1816
9
-950
-1652
-2249
-2500
-2078
-1053
241
1309
1732
1462
918
551
265
-30
-387
-681
-831
-806
-457
91
611
845
771
581
473
384
322
385
508
670
680
504
522
638
453
-138
-1087
-1913
-2232
-2175
-1990
-1937
-1716
-1123
-398
290
489
340
265
295
518
749
878
641
-191
-1270
-2444
-3742
-5760
-8881
-12287
-14862
-15747
-15222
-14127
-12759
-10689
-7458
-3486
481
3347
4735
5052
4479
3302
1686
-139
-1998
-3710
-5110
-6047
-6294
-5943
-5370
-5195
-5508
-5941
-6446
-6685
-6365
-5577
-4205
-2242
199
2930
5917
9074
11693
12834
12085
9997
7281
4575
2005
-686
-3253
-5176
-5558
-4246
-1912
774
3076
4801
6137
7221
7876
7943
7378
6363
5453
4993
4978
5169
5329
5159
4502
3492
2423
1254
-262
-1913
-3224
-3593
-2826
-1201
826
3001
5258
7297
8914
9653
9167
7665
5513
3248
1172
-746
-2277
-3132
-3329
-2939
-1927
-600
606
1498
1864
1826
1542
1041
506
-204
-1075
-1730
-1899
-1495
-787
-142
260
600
910
1005
1054
995
714
336
-36
-264
-318
-159
137
212
-146
-746
-1232
-1320
-1143
-1275
-1832
-2271
-2115
-1259
-293
44
-77
-106
36
398
829
1103
1171
793
5
-1027
-2128
-3426
-5257
-7957
-11382
-14346
-15593
-15040
-13853
-12560
-10879
-8076
-4078
42
3391
5254
5746
5202
3857
2002
-27
-2003
-3990
-5874
-7473
-7953
-7089
-5680
-4645
-4622
-4960
-4885
-4414
-3762
-3239
-2648
-1576
152
2716
5581
8371
10722
11893
11574
9876
7563
5064
2368
-529
-3420
-5373
-5502
-3926
-1363
1268
3519
5544
7187
8357
8799
8214
6902
5464
4155
3146
2858
3226
3851
4112
3737
3070
2405
1739
588
-1073
-2688
-3587
-3192
-1721
450
3030
5445
7465
8949
9671
9502
8124
5657
2637
-340
-2735
-4226
-4724
-4447
-3601
-2284
-616
1154
2703
3495
3416
2674
1713
923
78
-915
-1888
-2349
-2128
-1580
-1089
-747
-297
197
547
656
399
-55
-326
-216
-50
101
361
629
947
998
679
277
-209
-819
-1590
-2356
-2706
-2630
-2132
-1390
-791
-275
212
656
954
1046
1060
1224
1319
826
-197
-1452
-2549
-3858
-6153
-9386
-12659
-14841
-15475
-14839
-13597
-12022
-9770
-6265
-1926
2005
4692
5971
6026
5112
3501
1333
-893
-3085
-5392
-7322
-8207
-7949
-6864
-5568
-4766
-4318
-3867
-3231
-2648
-2473
-2469
-1930
-438
1586
3529
5537
7952
10234
11497
10882
8755
6168
3563
976
-1822
-4390
-5763
-5314
-3343
-548
2392
5121
7558
9296
10063
9719
8544
6951
5108
3249
1835
1369
1626
2168
2572
2815
3282
3463
2961
1784
287
-838
-1344
-1109
-486
558
2412
4859
7288
8784
9177
8559
6928
4745
2120
-676
-3116
-4879
-5623
-5301
-4020
-2196
-93
1973
3379
4021
4039
3690
2992
1851
234
-1474
-2557
-2863
-2656
-2374
-2155
-1809
-1178
-369
183
219
28
-189
-146
173
292
540
955
1243
1140
577
-24
-629
-1235
-2022
-2898
-3386
-3344
-2868
-2099
-1278
-523
168
579
714
616
580
920
1220
752
-410
-1571
-2452
-3208
-4891
-7843
-11219
-13825
-14678
-14247
-13271
-12047
-10187
-7209
-3283
751
3773
5433
5819
5182
3702
1798
6
-1776
-3748
-5578
-6724
-6775
-5917
-4817
-4061
-3915
-3884
-3738
-3593
-3519
-3358
-2514
-949
886
2684
4721
7340
10047
11581
11113
9041
6519
4338
2199
-412
-3271
-5265
-5572
-4212
-1764
935
3517
5781
7380
8251
8425
7934
7048
5613
3716
2110
1466
1911
2748
3207
3114
2912
2815
2403
1489
284
-790
-1342
-1194
-457
944
3039
5395
7487
8592
8486
7617
6331
4635
2384
-362
-2798
-4201
-4621
-4129
-3029
-1598
38
1576
2738
3376
3711
3612
2838
1509
-295
-1905
-2857
-3120
-2955
-2902
-2698
-2008
-923
227
1046
1443
1528
1331
1061
865
746
822
914
878
644
230
-204
-534
-921
-1564
-2205
-2591
-2583
-2205
-1680
-1046
-388
76
113
-61
-36
175
679
1170
1135
562
-272
-1098
-2006
-3686
-6654
-10395
-13813
-15870
-16212
-15322
-13863
-11780
-8773
-4729
-384
3263
5650
6427
5755
3952
1711
-580
-2691
-4542
-6290
-7524
-7763
-6886
-5363
-3995
-3336
-3175
-3148
-3128
-3139
-3176
-2819
-1803
-203
1610
3620
6196
9207
11573
12029
10523
8096
5566
3053
341
-2631
-5012
-5800
-4698
-2190
855
3952
6618
8529
9421
9157
8262
7033
5447
3538
1807
1104
1704
3048
4101
4548
4567
4303
3749
2552
775
-943
-1993
-2218
-1687
-469
1379
3851
6361
7924
8305
7828
6858
5433
3252
546
-1870
-3508
-4193
-3960
-3277
-2333
-1067
394
1631
2377
2592
2344
1892
1124
-58
-1309
-2290
-2732
-2746
-2646
-2311
-1703
-970
-146
655
1317
1671
1695
1543
1218
890
754
724
580
88
-660
-1415
-1731
-1726
-1876
-2056
-2298
-2169
-1505
-761
73
649
769
621
259
25
30
309
747
972
790
137
-478
-1215
-2687
-5316
-9183
-13039
-15539
-16131
-15214
-13743
-11803
-8897
-5018
-597
3237
5564
6306
5477
3676
1463
-750
-2547
-4041
-5350
-6309
-6546
-5692
-4118
-2886
-2605
-3194
-3900
-4246
-4518
-4645
-4295
-3161
-1196
1188
3814
6826
10096
12752
13554
12041
9101
5985
3114
144
-3180
-6107
-7497
-6714
-4110
-872
2258
5087
7324
8692
8972
8360
7340
5826
4000
2418
1529
1866
3052
4110
4452
4134
3552
2843
1753
51
-1780
-3085
-3450
-2890
-1512
725
3383
6003
7999
8902
8874
8197
6851
4777
2152
-515
-2497
-3498
-3699
-3436
-2837
-1888
-560
867
1774
2157
2176
1843
1327
513
-647
-1747
-2417
-2526
-2290
-2011
-1617
-972
-114
760
1455
1737
1496
1102
825
515
304
326
241
130
-60
-425
-675
-845
-1022
-1505
-2050
-2185
-1936
-1252
-493
15
265
372
473
398
323
527
892
1096
875
194
-716
-1639
-2961
-5457
-9099
-12704
-15079
-15606
-14687
-13193
-11317
-8627
-4898
-682
2988
5136
5698
5029
3586
1763
-253
-1937
-3461
-5034
-6201
-6507
-5780
-4485
-3457
-3226
-3554
-3889
-4006
-3975
-3889
-3567
-2617
-906
1417
4000
6804
9850
12251
13096
11970
9373
6487
3574
422
-3017
-6169
-7615
-6888
-4659
-1605
1424
4131
6543
8128
8744
8370
7180
5764
4150
2619
1848
2009
2957
3940
4362
4268
3906
3338
2069
124
-1947
-3464
-4040
-3671
-2468
-707
1871
4830
7185
8781
9194
8507
7246
5282
2765
190
-2000
-3427
-3994
-3937
-3320
-2134
-737
379
1136
1512
1499
1320
1003
399
-548
-1444
-1914
-1797
-1332
-844
-350
167
894
1681
2256
2474
2202
1745
1271
829
662
530
411
294
-213
-791
-1110
-1130
-1108
-1309
-1521
-1648
-1207
-316
387
876
961
804
551
138
-48
-95
54
215
-130
-855
-1666
-2311
-3518
-5875
-9187
-12488
-14530
-15075
-14428
-13211
-11555
-9012
-5468
-1428
2126
4267
5027
4822
3738
2128
316
-1369
-2930
-4433
-5704
-6274
-5653
-4523
-3655
-3459
-3932
-4222
-4146
-4099
-3994
-3688
-2710
-821
1518
4135
6946
9753
12019
12836
11741
9298
6451
3737
885
-2399
-5208
-6464
-5797
-3697
-1046
1527
3859
5953
7440
7964
7607
6763
5584
4201
3073
2577
2869
3734
4487
4742
4541
4067
3308
1994
118
-1845
-3277
-3827
-3456
-2376
-551
1952
4680
6927
8240
8624
8040
6692
4760
2339
-110
-2023
-3302
-3867
-3766
-3180
-2058
-843
196
972
1265
1319
1133
740
183
-740
-1593
-2046
-2009
-1445
-920
-596
-90
548
1277
1934
1939
1552
1112
763
622
337
33
-99
-77
-140
-480
-850
-1147
-1306
-1544
-1886
-2074
-2003
-1394
-654
-123
248
460
669
645
506
599
938
1227
869
-196
-1409
-2470
-3663
-5876
-9190
-12458
-14634
-14873
-13898
-12700
-11057
-8544
-4857
-833
2494
4607
5432
5264
4247
2668
796
-960
-2337
-3745
-5059
-5635
-5316
-4401
-3747
-3878
-4315
-4639
-4706
-4686
-4772
-4356
-3075
-1045
1408
3930
6806
9810
12183
12949
11748
9602
7154
4653
1853
-1400
-4170
-5647
-5409
-3680
-1399
882
3188
5192
6590
7455
7655
7232
6319
4997
3720
3154
3470
4131
4550
4468
4045
3634
2970
1681
-78
-1984
-3542
-4242
-3875
-2664
-722
1722
3988
5847
7193
7716
7375
6127
4094
1888
-204
-1899
-2871
-3284
-3237
-2756
-1993
-1108
-257
390
708
614
338
80
-286
-700
-1241
-1605
-1376
-956
-573
-240
228
972
1698
2182
2196
1737
1256
1048
903
572
188
61
156
115
-189
-484
-661
-779
-972
-1256
-1448
-1383
-902
-416
-197
-22
159
183
138
123
301
866
1183
877
9
-1068
-1988
-3348
-5865
-9242
-12529
-14536
-14831
-14151
-12975
-11322
-8728
-5178
-1453
1744
3867
4747
4495
3329
1679
49
-1329
-2609
-4029
-5199
-5588
-5009
-3960
-3336
-3285
-3587
-3877
-3998
-4110
-4063
-3530
-2422
-670
1478
3894
6761
9570
11642
12320
11281
9173
6727
4249
1552
-1453
-3967
-5291
-5078
-3351
-926
1441
3476
5151
6371
7021
7158
6698
5603
4166
2927
2407
2673
3355
3819
3801
3604
3316
2809
1828
323
-1330
-2692
-3281
-2949
-1791
29
1999
4036
6005
7415
8081
7734
6469
4598
2574
753
-897
-2159
-2858
-2886
-2363
-1506
-522
220
690
1000
1022
828
471
-93
-732
-1444
-1755
-1483
-1087
-758
-619
-311
286
854
1288
1224
782
542
437
297
159
0
-8
124
5
-401
-869
-1230
-1395
-1583
-1937
-2126
-1870
-1317
-620
4
408
509
389
312
242
332
781
1104
814
75
-633
-1176
-2249
-4404
-7601
-11000
-13268
-14009
-13567
-12695
-11419
-9220
-5952
-1945
1589
3942
5046
4879
3869
2414
639
-1091
-2755
-4470
-5762
-6238
-5683
-4582
-3710
-3405
-3688
-4004
-4199
-4512
-4673
-4525
-3809
-2205
-31
2512
5531
8598
11025
12137
11455
9589
7234
4575
1681
-1415
-4113
-5611
-5536
-4028
-1604
1017
3436
5342
6599
7410
7625
7209
6123
4517
3076
2387
2676
3416
3982
4216
4118
3837
3461
2609
1080
-693
-2159
-2898
-2847
-1951
-328
1571
3547
5478
6985
7761
7661
6491
4706
2717
797
-790
-2144
-2922
-3106
-2669
-1696
-742
5
428
709
967
1055
739
133
-394
-883
-1085
-945
-635
-341
-268
-184
183
806
1252
1323
1065
699
642
815
974
886
664
657
619
298
-312
-814
-954
-1058
-1213
-1427
-1490
-1113
-467
60
224
140
-22
-210
-271
-17
402
570
291
-439
-1320
-2143
-3348
-5566
-8814
-12088
-14256
-14828
-14255
-13209
-11800
-9516
-6127
-2221
1304
3628
4671
4621
3803
2442
831
-703
-2358
-3935
-5148
-5613
-5120
-4253
-3595
-3385
-3463
-3556
-3661
-3824
-4014
-3858
-2835
-1156
880
3335
6113
9067
11453
12310
11497
9557
7190
4550
1578
-1461
-4107
-5667
-5630
-4265
-2128
270
2448
4190
5313
6026
6460
6246
5445
4149
2974
2735
3146
3811
4154
3986
3791
3626
3239
2188
507
-1191
-2474
-3060
-2861
-1907
-300
1695
3846
5804
7278
8120
7930
6769
5062
3072
1196
-272
-1411
-2184
-2228
-1647
-690
267
765
1123
1367
1299
964
401
-217
-823
-1220
-1260
-915
-411
-67
183
489
1041
1650
1838
1558
1065
768
699
623
410
126
31
103
0
-384
-825
-1271
-1545
-1700
-1953
-2045
-1813
-1280
-607
-153
137
364
339
127
43
234
534
603
52
-983
-1968
-2788
-4150
-6693
-10013
-12950
-14474
-14621
-13912
-12754
-11092
-8468
-4905
-1132
2018
4096
4889
4613
3595
2099
545
-988
-2656
-4249
-5336
-5490
-4799
-3875
-3314
-3363
-3589
-3769
-4100
-4578
-4831
-4448
-3298
-1399
869
3606
6835
9842
11981
12590
11635
9579
6947
4109
992
-2085
-4428
-5563
-5255
-3779
-1599
779
2778
4383
5467
5970
6166
5801
4869
3744
2850
2753
3344
4068
4542
4665
4522
4091
3326
2157
666
-934
-2166
-2708
-2460
-1406
177
2077
4072
5763
6815
7161
6763
5628
3982
2147
415
-1014
-2043
-2316
-1958
-1367
-503
150
595
1040
1158
954
625
196
-365
-844
-1141
-1024
-638
-330
-11
232
617
1331
1952
2073
1694
1345
1321
1314
1205
863
413
257
253
44
-308
-662
-909
-966
-1152
-1354
-1366
-1053
-548
-329
-333
-336
-278
-235
-82
134
342
560
339
-441
-1390
-2466
-3950
-6184
-9176
-12159
-14166
-14663
-13977
-12810
-11304
-9102
-5921
-2359
684
2857
3655
3376
2740
1618
362
-895
-2207
-3308
-4193
-4428
-3985
-3355
-2963
-3143
-3599
-4129
-4622
-4918
-5075
-4815
-3862
-2038
366
2919
5662
8374
10599
11743
11350
9698
7352
4806
2266
-241
-2409
-3909
-4340
-3610
-2013
-32
1690
3000
3864
4475
4905
5044
4847
4249
3775
3529
3676
4257
4691
4915
4640
3908
3012
1926
946
-200
-1412
-2136
-2168
-1266
91
1700
3431
4787
5833
6426
6308
5571
4409
3072
1716
436
-463
-833
-742
-453
-160
128
448
665
661
558
212
-257
-572
-888
-1215
-1222
-959
-495
21
348
814
1396
1982
2340
2256
1965
1636
1428
1148
732
361
-80
-418
-645
-930
-1100
-1286
-1417
-1461
-1609
-1491
-1087
-577
-32
105
27
215
522
878
1062
1009
724
128
-548
-1652
-3187
-5080
-7603
-10248
-12418
-13790
-14064
-13354
-12117
-10384
-7978
-4964
-1761
876
2558
3159
2809
2092
1208
178
-1068
-2509
-3674
-4173
-4062
-3666
-3421
-3501
-3858
-4418
-4943
-5532
-5972
-6032
-5596
-4370
-2462
71
3075
6097
8733
10560
11320
11030
9652
7491
4887
2080
-393
-2220
-3340
-3593
-2903
-1444
417
2178
3377
4084
4650
5002
4913
4465
3912
3578
3779
4320
5043
5600
5663
5489
4880
3738
2335
798
-686
-1933
-2655
-2473
-1332
382
2287
3959
5193
6230
6792
6510
5439
3828
2182
837
-193
-735
-759
-529
-28
629
1234
1634
1666
1299
547
-406
-1272
-1886
-2268
-2361
-2202
-1730
-888
185
1193
1865
2320
2491
2413
2172
1665
1122
767
543
417
332
144
-51
-298
-655
-1018
-1503
-2057
-2476
-2670
-2578
-2083
-1405
-773
-196
252
834
1414
1791
1852
1402
512
-620
-1768
-3185
-4919
-7174
-9640
-11554
-12574
-12633
-12227
-11458
-10157
-8161
-5637
-2953
-634
1067
2096
2426
2418
1930
1077
146
-866
-1992
-2933
-3325
-3410
-3445
-3786
-4398
-5171
-5870
-6245
-6530
-6547
-6107
-4759
-2540
-128
2577
5403
8042
10124
10894
10617
9554
7821
5727
3227
806
-1210
-2522
-2965
-2795
-2084
-866
589
1870
2748
3257
3773
4184
4316
4193
3938
4020
4506
5244
5708
5734
5482
4878
3966
2603
1108
-297
-1322
-1841
-2012
-1419
-156
1434
3052
4185
4887
5372
5400
4945
4074
2904
1865
1253
931
750
823
1087
1483
1764
1705
1460
1071
568
-60
-857
-1566
-1947
-1985
-1721
-1345
-790
18
860
1616
2142
2395
2478
2414
2227
1994
1651
1290
1043
760
401
-69
-613
-1141
-1620
-1986
-2297
-2514
-2429
-2161
-1905
-1556
-1181
-776
-401
-5
488
980
1373
1317
870
39
-1214
-2719
-4515
-6768
-9331
-11552
-12937
-13332
-12915
-11979
-10691
-8943
-6570
-3790
-1205
666
1693
2004
1931
1557
912
101
-918
-1975
-2832
-3284
-3200
-3012
-3045
-3569
-4589
-5446
-6195
-6783
-7125
-7130
-6262
-4523
-1984
1036
4121
7007
9386
10948
11246
10470
9130
7175
4844
2581
412
-1287
-2142
-2102
-1419
-434
694
1748
2696
3350
3649
3856
3975
3851
3633
3564
3823
4573
5420
5824
5750
5365
4724
3850
2691
1309
6
-919
-1240
-919
-45
1220
2445
3524
4459
4947
5001
4650
3941
3001
2008
1187
699
514
436
508
835
1221
1512
1576
1358
999
480
-124
-869
-1511
-1826
-1881
-1496
-891
-247
409
991
1543
1877
1857
1638
1297
968
682
462
324
109
-157
-432
-683
-929
-1200
-1401
-1615
-1838
-1835
-1687
-1495
-1261
-1080
-938
-860
-620
-126
330
826
1131
903
343
-553
-1807
-3466
-5568
-7855
-10143
-11892
-12657
-12535
-11782
-10627
-9011
-6893
-4547
-2210
-207
1050
1494
1392
1006
332
-470
-1273
-2241
-3024
-3382
-3501
-3388
-3294
-3466
-4013
-4864
-5748
-6548
-6987
-6845
-6166
-4782
-2661
54
3127
6068
8548
10152
10670
10214
8893
6934
4789
2669
612
-827
-1616
-1745
-1024
117
1401
2542
3284
3777
4223
4369
4309
4157
3798
3721
3965
4508
5223
5677
5821
5428
4606
3770
2734
1545
388
-645
-1101
-747
244
1468
2658
3613
4335
4925
5168
4898
4071
2975
1930
1034
458
236
214
336
506
731
1051
1251
1259
1038
524
-118
-667
-962
-1146
-1147
-941
-554
105
663
1090
1453
1673
1660
1409
1018
567
445
473
440
347
-17
-234
-276
-497
-663
-972
-1343
-1522
-1629
-1452
-1179
-932
-792
-778
-736
-503
-49
262
433
344
-35
-594
-1367
-2517
-4241
-6284
-8448
-10352
-11568
-12137
-12071
-11359
-10215
-8560
-6527
-4353
-2196
-675
197
542
367
30
-343
-859
-1528
-2153
-2523
-2649
-2648
-2543
-2635
-3102
-3880
-4898
-5892
-6754
-7227
-7059
-6284
-4791
-2555
250
3362
6314
8610
9804
10010
9417
8071
6274
4109
1910
174
-872
-1160
-812
-73
911
1981
2787
3312
3581
3602
3766
3858
3707
3704
3935
4562
5445
6101
6277
6098
5513
4519
3347
1999
755
-231
-863
-931
-430
746
2315
3721
4710
5180
5395
5402
4919
3967
2777
1718
974
711
733
671
804
1038
1188
1180
890
580
162
-274
-754
-1329
-1492
-1318
-941
-462
-53
373
803
1256
1506
1471
1310
1157
1037
846
692
642
669
592
240
-262
-643
-994
-1368
-1717
-2199
-2447
-2064
-1436
-876
-396
-95
224
451
490
514
389
87
-348
-1038
-1889
-2881
-4181
-5789
-7811
-9775
-11138
-11810
-11819
-11443
-10600
-9198
-7313
-5152
-3130
-1500
-420
103
188
-140
-634
-1059
-1604
-2116
-2478
-2704
-2589
-2289
-2121
-2389
-3099
-4073
-5147
-6168
-7087
-7469
-7114
-5927
-3886
-1386
1630
4792
7490
9468
10357
10135
9120
7562
5568
3393
1366
-159
-879
-965
-479
384
1287
2151
2763
3121
3320
3489
3501
3290
3255
3515
4139
5040
5867
6303
6312
6002
5290
4282
3175
1845
516
-420
-825
-554
244
1328
2418
3295
3872
4263
4512
4310
3677
2828
2127
1839
1777
1891
2051
2096
2194
2279
2144
1770
1155
347
-528
-1253
-1640
-1780
-1597
-1214
-813
-253
405
1137
1681
1934
2060
1975
1826
1734
1577
1436
1393
1321
983
439
-67
-541
-1100
-1831
-2387
-2830
-3058
-2726
-2134
-1400
-803
-451
-145
130
370
488
487
167
-545
-1328
-2076
-2796
-3787
-5325
-7203
-9175
-10680
-11296
-11338
-11158
-10745
-9813
-8237
-6160
-4003
-2296
-1110
-480
-335
-367
-493
-662
-1119
-1708
-2068
-2243
-2025
-1587
-1364
-1691
-2561
-3576
-4662
-5811
-6839
-7479
-7442
-6586
-4899
-2453
507
3616
6557
8756
9798
9816
8982
7648
5942
3829
1749
35
-978
-1161
-835
-128
806
1650
2229
2527
2806
3062
3146
3166
3132
3376
4078
5114
6239
6948
7089
6833
6195
5149
3764
2123
573
-549
-1126
-1095
-502
629
2056
3327
4282
4812
4974
4874
4427
3648
2722
2081
1861
1851
1934
2131
2365
2507
2447
2024
1202
207
-790
-1748
-2528
-3028
-3056
-2612
-1868
-891
162
1157
1959
2441
2585
2466
2144
1768
1567
1357
1099
993
873
469
-80
-543
-1066
-1575
-2033
-2493
-2676
-2503
-1890
-993
-298
287
758
934
1087
1164
1175
923
125
-852
-1891
-2876
-3922
-5318
-7142
-9129
-10650
-11421
-11518
-11304
-10737
-9860
-8543
-6617
-4578
-2715
-1443
-857
-747
-882
-1124
-1506
-1912
-2390
-2833
-2982
-2714
-2234
-1915
-1989
-2604
-3496
-4520
-5672
-6641
-7254
-7279
-6520
-4969
-2777
-82
2937
5755
7906
9117
9462
9014
7924
6317
4376
2489
767
-302
-606
-406
302
1213
2058
2755
3331
3709
3912
4003
3860
3752
3905
4382
5173
5940
6449
6674
6579
6052
4979
3574
2153
702
-506
-1162
-1190
-574
425
1551
2717
3712
4357
4723
4667
4189
3486
2831
2412
2230
2154
2118
2214
2270
2376
2298
1813
1110
156
-777
-1649
-2387
-2744
-2822
-2486
-1819
-954
135
1152
2002
2540
2781
2857
2742
2519
2167
1769
1389
1072
705
280
-95
-607
-1161
-1600
-1989
-2329
-2506
-2297
-1764
-1282
-811
-387
-61
301
614
1014
1153
862
287
-583
-1388
-2357
-3771
-5548
-7671
-9694
-11012
-11500
-11434
-11032
-10447
-9583
-8057
-5956
-3781
-2150
-1386
-1176
-1167
-1140
-1204
-1480
-2049
-2757
-3232
-3298
-2827
-2311
-2235
-2579
-3155
-3786
-4471
-5089
-5739
-6288
-6273
-5595
-4102
-2004
432
3038
5378
7145
8151
8542
8199
7238
5907
4102
2298
818
-204
-527
-328
179
778
1389
2037
2648
3236
3546
3533
3415
3357
3643
4332
5170
5825
6221
6377
6308
5937
5177
3921
2240
653
-647
-1318
-1191
-742
-14
952
2124
3368
4378
5067
5135
4613
3882
3320
3084
2857
2653
2567
2468
2539
2715
2700
2448
1843
778
-381
-1372
-2106
-2437
-2607
-2539
-2085
-1298
-106
1139
2094
2729
3002
3085
3110
2923
2722
2454
1966
1472
868
344
-60
-605
-1138
-1842
-2624
-3065
-3244
-3037
-2496
-1806
-1179
-701
-16
703
1476
2082
2137
1591
317
-1132
-2328
-3493
-4925
-6748
-8852
-10494
-11167
-10940
-10174
-9475
-8950
-8213
-6841
-4977
-3065
-1750
-1160
-1034
-1208
-1183
-1030
-1086
-1548
-2410
-3152
-3487
-3335
-2938
-2834
-3097
-3788
-4576
-5121
-5605
-6008
-6276
-6279
-5727
-4495
-2613
-10
2756
5122
6983
7865
7991
7780
7008
5703
3978
1976
330
-710
-1090
-718
-34
757
1570
2210
2767
3367
3828
3913
3691
3455
3539
4038
4771
5512
6109
6415
6381
6050
5327
4262
2837
1229
-73
-1016
-1334
-994
-193
1004
2221
3288
4217
4966
5286
5103
4608
3955
3317
2874
2650
2637
2756
2815
2806
2725
2403
1750
881
-173
-1190
-1969
-2473
-2497
-2216
-1669
-759
243
1309
2239
2810
3135
3162
3002
2830
2547
2171
1759
1339
947
459
-120
-703
-1317
-1980
-2689
-3240
-3368
-3160
-2629
-1917
-1224
-444
294
888
1375
1563
1295
437
-815
-2035
-3196
-4346
-5754
-7450
-9063
-10206
-10538
-10442
-10034
-9440
-8967
-8045
-6592
-4859
-3114
-1951
-1432
-1218
-1143
-1124
-1111
-1408
-2020
-2804
-3495
-3627
-3387
-3115
-3057
-3322
-3831
-4346
-4734
-5095
-5374
-5615
-5487
-4780
-3510
-1503
927
3307
5327
6777
7568
7804
7430
6404
5020
3266
1471
76
-762
-896
-607
-75
503
1041
1703
2414
3069
3538
3856
4058
4323
4899
5556
6157
6592
6706
6503
5925
5194
4233
2987
1836
777
-19
-332
-127
531
1275
2126
2940
3437
3850
3951
3784
3522
3145
3013
2975
3107
3528
3965
4338
4490
4289
3736
2854
1677
324
-1026
-2156
-3052
-3426
-3292
-2829
-1888
-814
213
1082
1755
2316
2549
2499
2372
2210
2088
1995
1778
1465
1013
457
-65
-695
-1372
-2203
-3078
-3651
-3845
-3586
-2944
-2135
-1423
-572
465
1393
2264
2675
2193
1096
-296
-1706
-3125
-4822
-6871
-8985
-10611
-11422
-11278
-10561
-9774
-8856
-7722
-6135
-4247
-2586
-1388
-971
-1045
-1329
-1637
-1699
-2004
-2433
-2872
-3345
-3449
-3313
-3029
-2909
-3228
-3778
-4525
-5285
-5882
-6217
-6189
-5915
-5174
-3973
-2332
-105
2253
4341
5868
6602
6729
6464
5855
4916
3610
2154
856
-159
-602
-405
80
599
1066
1434
1750
2200
2776
3342
3781
3969
4203
4703
5410
6185
6618
6687
6433
5744
4931
4218
3507
2680
1850
1168
829
1081
1749
2452
3065
3565
3825
4103
4338
4265
4191
4033
3797
3698
3698
3886
4123
4346
4332
3881
3190
2320
1359
243
-800
-1667
-2387
-2731
-2747
-2218
-1323
-378
548
1157
1610
2004
2241
2431
2390
2116
1810
1620
1594
1372
917
241
-661
-1532
-2403
-3210
-3949
-4555
-4725
-4336
-3523
-2570
-1540
-414
632
1500
2124
2118
1331
14
-1549
-3162
-4895
-6738
-8732
-10629
-11676
-11653
-10889
-9925
-9175
-8170
-6699
-5043
-3368
-2221
-1675
-1536
-1690
-1877
-1937
-1906
-2117
-2584
-2916
-2973
-2815
-2557
-2515
-2904
-3490
-4048
-4655
-5231
-5652
-5791
-5372
-4442
-3206
-1615
303
2368
4330
5861
6724
6816
6423
5750
4763
3665
2449
1303
536
143
173
535
989
1410
1670
1824
2088
2507
2923
3181
3510
3991
4584
5336
6063
6587
6722
6447
5803
4854
3830
2786
1894
1208
621
365
627
1171
1801
2462
2874
3161
3367
3324
3177
2993
2994
3170
3369
3631
3923
4249
4539
4710
4442
3611
2626
1470
281
-720
-1596
-2152
-2424
-2427
-2035
-1261
-248
723
1469
1954
2283
2567
2818
2906
2852
2596
2248
2025
1745
1293
513
-473
-1409
-2303
-3290
-4116
-4483
-4585
-4259
-3476
-2650
-1767
-756
325
1329
2073
2387
1925
752
-659
-2117
-3648
-5426
-7623
-9919
-11643
-12162
-11741
-11034
-10226
-9195
-7664
-5774
-3772
-2128
-1107
-760
-1083
-1519
-1881
-2106
-2320
-2733
-3183
-3457
-3222
-2721
-2447
-2535
-3181
-4049
-4854
-5709
-6330
-6606
-6358
-5401
-3919
-2195
-152
2244
4525
6302
7191
7210
6680
5685
4427
3218
2075
1030
289
-160
-163
402
1105
1620
1824
1724
1747
2089
2614
3146
3526
3995
4673
5509
6468
7223
7526
7244
6460
5489
4428
3329
2311
1413
757
563
884
1559
2320
3011
3419
3528
3705
3751
3495
3299
3128
3090
3366
3769
4310
4784
4994
5108
4931
4333
3440
2282
907
-461
-1494
-2242
-2724
-2873
-2776
-2302
-1588
-719
236
866
1374
1872
2310
2644
2677
2579
2347
2003
1614
1161
519
-363
-1255
-2133
-2992
-3729
-4231
-4480
-4460
-4082
-3399
-2520
-1601
-714
293
1383
2259
2540
2033
828
-685
-2132
-3816
-6027
-8610
-11056
-12687
-13127
-12565
-11542
-10326
-8897
-7017
-4863
-2844
-1260
-401
-285
-818
-1394
-1702
-2009
-2278
-2680
-3105
-3043
-2613
-2251
-2293
-2797
-3653
-4653
-5679
-6681
-7383
-7491
-6809
-5400
-3479
-1268
1294
4024
6354
7898
8461
8255
7434
6030
4358
2843
1671
697
-88
-482
-345
296
1177
1770
1953
1991
2010
2358
2978
3525
3991
4501
5190
5928
6744
7431
7596
7249
6165
4714
3482
2346
1355
447
-200
-300
263
1229
2197
3100
3632
3850
3891
3698
3372
3011
2750
2618
2684
2978
3364
3805
4134
4127
3895
3419
2646
1667
546
-476
-1231
-1669
-2056
-2273
-2051
-1519
-632
270
1134
1824
2153
2574
2950
3275
3428
3183
2855
2453
1943
1361
693
-214
-1318
-2317
-3136
-3744
-4170
-4273
-4117
-3645
-2801
-1946
-1030
-285
439
1302
1860
1971
1417
260
-1138
-2593
-4389
-6518
-8887
-11213
-12695
-13182
-12672
-11754
-10709
-9172
-7367
-5251
-3106
-1465
-515
-422
-833
-1311
-1750
-2107
-2469
-3014
-3534
-3622
-3320
-2892
-2788
-3266
-4018
-4832
-5654
-6548
-7303
-7352
-6592
-5242
-3395
-1136
1302
3809
6162
7798
8478
8315
7410
6017
4389
2895
1659
491
-378
-877
-803
31
1060
1790
2057
2087
2268
2729
3260
3690
4037
4365
4897
5708
6615
7439
7843
7559
6752
5611
4397
3265
2264
1302
469
216
590
1499
2623
3547
4268
4718
4860
4836
4534
4124
3765
3408
3112
3012
3185
3327
3496
3588
3403
3044
2437
1612
672
-135
-794
-1444
-2022
-2370
-2391
-2029
-1261
-358
455
1036
1392
1798
2191
2392
2237
1770
1292
837
515
189
-314
-907
-1684
-2423
-2978
-3373
-3579
-3817
-3846
-3502
-2959
-2200
-1254
-300
398
1149
1971
2336
2136
1314
129
-1274
-3136
-5229
-7610
-10032
-11795
-12795
-12733
-11872
-10777
-9368
-7653
-5663
-3522
-1581
-286
118
-118
-435
-609
-815
-1224
-1855
-2512
-2943
-3029
-2804
-2791
-3293
-4019
-4919
-5728
-6441
-7120
-7308
-6929
-5944
-4387
-2431
-92
2425
4754
6621
7788
7993
7382
6272
4894
3517
1994
503
-549
-1260
-1366
-802
41
910
1399
1721
2257
2757
3236
3570
3671
3842
4270
5014
5797
6478
6899
6910
6439
5463
4389
3218
1900
756
-8
-171
228
1016
2244
3584
4633
5427
5822
5805
5472
4860
4214
3567
3044
2728
2669
2856
3147
3509
3699
3666
3293
2575
1768
761
-269
-1065
-1837
-2408
-2377
-2006
-1269
-178
752
1564
2114
2425
2667
2665
2389
1717
969
346
-174
-451
-723
-1115
-1543
-2021
-2386
-2698
-3092
-3323
-3351
-3257
-2959
-2441
-1754
-1053
-366
339
1014
1460
1487
1015
-26
-1359
-2792
-4490
-6468
-8675
-10785
-12121
-12443
-11990
-11271
-10349
-9027
-7355
-5276
-3208
-1689
-866
-585
-565
-543
-578
-864
-1412
-2147
-2684
-2813
-2740
-2673
-2776
-3253
-3956
-4560
-5081
-5606
-6125
-6364
-5985
-4939
-3399
-1445
849
3072
5110
6802
7697
7829
7333
6300
4860
3200
1610
245
-693
-1076
-960
-409
432
1333
2146
2761
3248
3738
4125
4262
4291
4452
4835
5410
5983
6409
6648
6683
6270
5362
4126
2739
1512
423
-322
-428
44
998
2149
3406
4617
5484
6012
5898
5301
4647
3959
3422
2941
2549
2403
2449
2646
2839
2922
2690
2061
1162
167
-661
-1307
-1918
-2445
-2631
-2308
-1442
-226
878
1763
2410
2667
2694
2623
2357
1811
1085
474
-27
-431
-600
-749
-1047
-1523
-1957
-2302
-2682
-2997
-3207
-3105
-2764
-2320
-1667
-1039
-553
16
539
861
835
359
-318
-1146
-2153
-3368
-4814
-6542
-8342
-9916
-11077
-11613
-11650
-11319
-10727
-9783
-8291
-6271
-4312
-2843
-1752
-926
-315
-66
-199
-629
-1215
-1933
-2516
-2810
-2955
-2870
-2731
-2822
-3126
-3442
-3871
-4488
-5079
-5536
-5550
-4922
-3737
-1963
248
2737
5196
7112
8208
8517
8125
7110
5745
4033
2051
419
-572
-944
-720
-175
699
1698
2501
3147
3587
3964
4177
4025
3749
3703
4061
4702
5485
6072
6328
6441
6126
5318
4144
2666
1192
6
-650
-705
-101
1053
2488
3914
5027
5817
6153
5927
5172
4086
3171
2590
2221
1961
1827
1973
2429
2884
2957
2549
1909
1211
528
-111
-834
-1311
-1515
-1543
-1048
-256
600
1398
1886
2034
2004
2050
1977
1566
1057
607
308
273
321
218
-53
-445
-971
-1520
-1999
-2456
-2835
-2947
-2758
-2468
-1942
-1416
-1125
-924
-919
-964
-1113
-1269
-1406
-1603
-1711
-1898
-2240
-2961
-4068
-5326
-6749
-8369
-10044
-11370
-12130
-12246
-11719
-10705
-9094
-7078
-5000
-2972
-1333
-88
558
419
-130
-931
-1746
-2392
-2770
-2992
-3055
-2807
-2415
-2106
-2140
-2674
-3532
-4429
-5306
-5846
-5808
-5163
-3714
-1613
910
3592
6031
7958
9064
9220
8591
7328
5489
3303
1331
-198
-1103
-1270
-977
-290
733
1919
3032
3942
4433
4462
4309
4057
3980
4162
4555
5094
5559
6049
6410
6394
5980
4968
3513
1872
292
-677
-1030
-920
-288
787
2236
3743
5071
6124
6629
6461
5772
4918
4107
3332
2587
1994
1640
1475
1551
1735
1837
1720
1384
972
453
-100
-667
-1145
-1325
-1332
-1054
-501
66
693
1273
1720
1947
1875
1611
1164
616
143
-140
-363
-778
-1191
-1455
-1599
-1649
-1841
-2048
-2184
-2130
-1932
-1804
-1685
-1614
-1421
-1313
-1425
-1450
-1495
-1540
-1346
-1201
-1169
-1001
-1093
-1425
-2001
-3019
-4290
-5956
-7869
-9678
-11034
-11727
-11785
-11336
-10516
-9109
-7148
-4849
-2625
-956
132
564
534
138
-509
-1126
-1908
-2606
-2943
-3001
-2662
-2188
-1982
-2289
-2965
-3783
-4640
-5318
-5855
-6068
-5548
-4159
-2000
577
3285
5926
8038
9295
9578
8978
7680
5753
3494
1329
-414
-1394
-1436
-816
231
1608
3082
4336
5154
5488
5368
4900
4400
4015
3703
3685
4081
4682
5269
5700
5746
5433
4709
3531
2159
888
-163
-840
-829
-295
846
2497
4209
5824
7007
7627
7653
7021
5760
4239
2663
1073
-54
-746
-1046
-891
-550
63
587
769
826
728
475
77
-287
-536
-649
-639
-509
-215
102
407
594
621
549
351
130
-121
-483
-783
-1014
-1187
-1160
-1138
-1030
-790
-792
-846
-771
-749
-840
-1038
-1306
-1537
-1669
-1780
-1941
-2169
-2350
-2358
-2235
-1871
-1370
-976
-522
-213
-257
-651
-1636
-3086
-4951
-7090
-9236
-11206
-12503
-12896
-12508
-11391
-9665
-7446
-4917
-2697
-1026
184
892
1067
710
46
-692
-1275
-1659
-1893
-2020
-2066
-2002
-2081
-2451
-3058
-3764
-4484
-5090
-5451
-5365
-4479
-2924
-840
1572
3851
6080
8097
9189
9389
8781
7338
5591
3698
1894
502
-396
-712
-472
266
1379
2654
3771
4551
4905
4959
4968
4821
4464
4137
3970
3944
4045
4293
4485
4362
4203
3760
2896
2027
1179
528
64
-130
111
833
2078
3640
5086
6229
7091
7260
6903
6098
4592
2945
1301
-198
-1302
-1987
-2041
-1693
-1104
-366
385
1000
1392
1567
1453
1105
526
-132
-772
-1412
-1710
-1664
-1454
-1103
-743
-373
-75
196
294
11
-434
-867
-1179
-1270
-1269
-1193
-833
-545
-392
-289
-336
-411
-759
-1281
-1805
-2318
-2742
-3099
-3181
-3013
-2776
-2416
-2006
-1524
-920
-337
219
420
138
-533
-1577
-2794
-4290
-6131
-8026
-9843
-11378
-12154
-12188
-11573
-10364
-8753
-6755
-4529
-2229
-132
1463
2400
2611
2354
1722
801
-270
-1383
-2398
-3313
-3783
-3727
-3433
-3082
-2908
-2778
-2621
-2429
-2140
-1791
-1225
-376
834
2263
3737
5196
6458
7330
7567
7232
6465
5314
3956
2617
1445
648
393
646
1324
2296
3440
4460
5111
5442
5355
4920
4293
3590
3077
2655
2421
2544
2777
3095
3373
3603
3694
3359
2882
2314
1757
1516
1533
1829
2453
3323
4428
5436
6123
6476
6108
5240
3927
2083
123
-1644
-2907
-3645
-3868
-3519
-2571
-1185
205
1367
2168
2518
2388
1824
933
-152
-1071
-1854
-2512
-2742
-2673
-2358
-1829
-1315
-1016
-888
-777
-648
-596
-732
-798
-715
-554
-269
31
259
253
6
-382
-879
-1466
-2107
-2609
-2961
-3164
-3050
-2644
-1985
-1347
-999
-708
-466
-420
-476
-591
-798
-932
-980
-1149
-1577
-2311
-3320
-4707
-6385
-8241
-9935
-11008
-11551
-11465
-10593
-8907
-6529
-3970
-1466
710
2218
3032
3162
2613
1475
110
-1258
-2403
-3133
-3602
-3575
-3178
-2632
-1960
-1359
-812
-506
-470
-538
-582
-382
61
815
1857
3059
4416
5601
6449
6864
6657
6039
5044
3806
2718
1756
1172
1148
1496
2169
3054
4117
5046
5501
5634
5438
4919
4274
3551
2744
2015
1572
1408
1438
1674
2118
2674
3138
3345
3354
3191
2946
2707
2402
2074
1940
2121
2584
3243
3817
4128
4069
3563
2603
1326
-117
-1651
-3022
-3985
-4337
-3949
-2987
-1744
-336
953
1982
2679
2823
2362
1503
374
-1016
-2157
-2994
-3567
-3588
-3294
-2724
-1887
-1043
-340
149
338
306
89
-285
-594
-830
-976
-977
-705
-360
-309
-441
-674
-978
-1441
-1980
-2311
-2563
-2612
-2356
-1928
-1305
-749
-337
-68
-115
-429
-749
-1014
-1357
-1725
-2076
-2386
-2745
-3376
-4267
-5332
-6578
-7875
-8892
-9514
-9565
-8957
-7744
-5882
-3837
-1697
390
1925
2817
3062
2615
1610
356
-1008
-2143
-2926
-3303
-3243
-2877
-2149
-1287
-402
237
586
623
368
185
-80
-62
318
891
1857
2878
3980
5077
5725
5835
5451
4851
4074
3174
2450
1855
1677
1878
2309
3060
3752
4433
4852
4925
4791
4228
3600
2897
2226
1727
1361
1344
1404
1522
1726
1898
2149
2347
2331
2186
1936
1683
1633
1586
1583
1867
2304
2738
3142
3502
3575
3178
2302
1063
-300
-1750
-2938
-3607
-4000
-3797
-2930
-1713
-280
1019
2136
2885
3055
2720
1879
754
-415
-1429
-2188
-2717
-2869
-2496
-1701
-828
-59
631
1110
1109
757
226
-308
-770
-1319
-1589
-1415
-1006
-466
41
416
549
230
-381
-1018
-1727
-2363
-2771
-2862
-2531
-1973
-1312
-666
-223
-122
-412
-840
-1378
-1904
-2245
-2499
-2548
-2393
-2248
-2260
-2594
-3319
-4427
-5800
-7079
-8257
-9070
-9135
-8577
-7283
-5488
-3518
-1482
295
1612
2347
2236
1465
310
-1131
-2408
-3278
-3635
-3418
-2746
-1733
-482
785
1716
2215
2268
1849
1201
590
135
43
384
1048
1917
2946
4112
5016
5452
5438
4930
4229
3344
2451
1823
1541
1657
1966
2552
3362
4119
4701
5069
4997
4483
3804
2937
1992
1284
852
534
541
819
1214
1770
2271
2666
2687
2368
2003
1572
1156
858
834
1058
1441
2038
2773
3316
3493
3402
2882
1863
602
-788
-2095
-3150
-3854
-3999
-3514
-2454
-1170
146
1436
2434
2951
2905
2399
1425
159
-1028
-1947
-2537
-2862
-2730
-2331
-1794
-1081
-503
-77
-32
-192
-361
-722
-980
-1055
-1034
-854
-444
47
487
741
622
256
-282
-882
-1388
-1767
-2036
-2148
-1932
-1546
-1060
-632
-520
-628
-957
-1323
-1657
-1901
-1910
-1732
-1363
-944
-561
-349
-412
-1004
-2339
-4006
-5729
-7416
-8690
-9323
-9240
-8329
-6811
-4918
-2723
-607
968
1885
1972
1352
372
-715
-1732
-2568
-2859
-2597
-1867
-792
498
1784
2667
3069
2780
1987
1073
109
-730
-1285
-1366
-942
-53
1272
2682
3955
4931
5307
5207
4766
3895
2945
2161
1582
1420
1633
2259
3137
3992
4682
5044
5072
4614
3734
2665
1522
561
-85
-441
-410
-39
566
1387
2220
2851
3186
3207
2952
2433
1865
1425
1125
1071
1251
1695
2350
3009
3451
3409
2996
2157
846
-592
-2067
-3396
-4383
-4839
-4515
-3580
-2229
-660
847
2116
2850
2998
2626
1763
630
-594
-1750
-2641
-2981
-3027
-2922
-2486
-2030
-1552
-989
-644
-519
-409
-307
-396
-440
-243
-64
80
288
440
411
274
-22
-460
-949
-1426
-1839
-1996
-1828
-1590
-1281
-942
-699
-572
-539
-721
-1053
-1311
-1519
-1545
-1374
-922
-229
325
594
373
-268
-1348
-2913
-4617
-6403
-7873
-8714
-8791
-8049
-6752
-4869
-2789
-827
828
1816
2275
2163
1513
543
-468
-1221
-1594
-1550
-1151
-447
406
1308
1948
2179
2101
1660
883
-48
-875
-1508
-1762
-1484
-801
146
1291
2515
3529
4113
4263
4189
3934
3322
2710
2357
2168
2183
2401
2902
3471
3862
4105
4108
3811
3308
2546
1500
458
-424
-1034
-1283
-1196
-777
-112
718
1646
2512
3163
3463
3393
3059
2482
1829
1276
930
896
1155
1583
2137
2731
2941
2673
2088
1111
-139
-1467
-2705
-3642
-4129
-3991
-3231
-2000
-541
835
1961
2669
2832
2402
1530
453
-782
-2047
-2987
-3428
-3476
-3115
-2431
-1643
-880
-194
239
350
339
136
-184
-521
-810
-917
-877
-767
-574
-454
-582
-642
-686
-850
-972
-1136
-1167
-1035
-791
-452
-216
-54
-74
-253
-499
-758
-971
-1083
-926
-679
-366
66
293
102
-429
-1338
-2714
-4370
-5917
-7086
-7757
-7835
-7240
-5972
-4312
-2499
-754
680
1664
2146
1957
1217
290
-676
-1292
-1545
-1476
-1019
-290
624
1364
1822
2020
1798
1208
383
-580
-1338
-1808
-1820
-1355
-699
280
1281
2322
3274
3787
4023
3780
3203
2667
2249
1982
1897
2089
2539
3065
3606
4128
4441
4350
3928
3148
2134
1168
210
-645
-1249
-1480
-1378
-974
-216
554
1323
2124
2623
2850
2882
2662
2208
1709
1294
1002
956
1055
1372
1907
2328
2589
2541
2016
1152
116
-1098
-2374
-3287
-3882
-4061
-3611
-2607
-1198
166
1370
2300
2787
2763
2197
1113
-208
-1409
-2489
-3305
-3660
-3535
-3072
-2326
-1416
-496
203
640
954
1027
919
566
126
-165
-311
-347
-334
-179
-77
-84
-185
-312
-331
-330
-265
-233
-214
-157
-106
-103
-174
-260
-494
-739
-813
-784
-641
-501
-453
-465
-563
-914
-1663
-2646
-3826
-5067
-6050
-6817
-7174
-6847
-5940
-4627
-3175
-1672
-242
817
1461
1732
1493
832
28
-734
-1277
-1559
-1398
-873
-198
480
969
1325
1346
981
416
-307
-1034
-1550
-1585
-1221
-546
364
1368
2409
3131
3566
3641
3310
2770
2003
1362
950
785
949
1348
2011
2775
3409
3830
3974
3843
3379
2576
1644
699
-125
-678
-1054
-1218
-1075
-726
-173
508
1058
1496
1813
1907
1872
1780
1790
1797
1739
1812
1948
2106
2280
2377
2321
2066
1619
1031
309
-450
-1084
-1567
-1974
-2167
-2101
-1806
-1241
-632
75
734
1134
1365
1375
1186
768
222
-303
-834
-1293
-1449
-1357
-1160
-805
-415
-45
291
562
670
611
485
252
87
-58
-291
-527
-702
-779
-884
-933
-912
-868
-774
-586
-250
-9
240
472
351
190
41
-183
-399
-640
-807
-928
-1041
-1240
-1444
-1749
-2246
-2875
-3654
-4465
-5306
-5889
-6170
-6151
-5652
-4836
-3729
-2454
-1185
-28
830
1303
1343
945
313
-347
-1070
-1656
-1935
-1873
-1516
-1020
-363
108
449
714
537
252
-135
-558
-661
-648
-357
260
1048
1966
2603
3006
3223
3112
2715
2074
1401
798
426
369
657
1152
1723
2452
3095
3523
3637
3448
3043
2415
1755
1054
437
76
-227
-303
-157
-25
245
486
674
852
1041
1328
1599
1846
2067
2300
2536
2681
2832
2922
2691
2309
1937
1502
1071
675
231
-236
-559
-693
-803
-766
-671
-655
-521
-411
-219
-47
130
353
329
261
130
-5
-154
-341
-395
-405
-326
-146
72
261
461
526
437
332
94
-136
-357
-544
-617
-685
-622
-520
-445
-274
-275
-429
-554
-724
-762
-741
-677
-450
-271
-28
286
474
517
348
-30
-640
-1517
-2445
-3387
-4254
-4894
-5384
-5576
-5565
-5379
-4907
-4358
-3765
-3144
-2567
-2044
-1543
-1103
-743
-446
-330
-400
-510
-665
-855
-1038
-1332
-1556
-1657
-1746
-1762
-1698
-1447
-1221
-1025
-699
-336
12
360
878
1311
1666
2074
2404
2707
2720
2515
2231
1767
1329
909
516
284
270
554
1010
1478
2009
2537
2862
3039
3066
2869
2569
2298
1985
1634
1410
1291
1306
1376
1462
1404
1148
947
748
599
628
896
1303
1779
2331
2923
3534
3921
4044
3865
3391
2759
1963
1147
494
26
-252
-445
-519
-350
-155
-37
21
-19
-214
-511
-774
-889
-986
-1070
-923
-814
-681
-359
-46
179
430
582
568
664
691
702
668
458
250
-20
-264
-527
-787
-956
-1170
-1206
-1105
-1007
-754
-512
-348
-258
-218
-256
-437
-540
-756
-935
-879
-804
-601
-495
-431
-440
-885
-1556
-2403
-3448
-4568
-5579
-6293
-6675
-6658
-6193
-5259
-4022
-2716
-1486
-496
176
509
493
224
-236
-815
-1373
-1753
-1947
-1896
-1673
-1485
-1217
-1078
-1151
-1282
-1414
-1512
-1682
-1773
-1553
-1021
-218
684
1525
2317
3036
3562
3713
3419
2894
2216
1431
757
171
-140
-141
107
507
914
1535
2113
2412
2566
2554
2429
2284
1989
1785
1739
1703
1803
1870
2040
2149
2077
2062
1830
1542
1248
888
705
699
854
1072
1474
1996
2486
2951
3236
3329
3078
2612
2111
1390
755
264
-185
-370
-361
-137
202
356
511
514
300
140
-282
-684
-890
-1112
-1102
-934
-676
-295
170
589
868
1121
1249
1208
1065
872
599
359
140
-97
-115
-123
-110
-90
-179
-268
-419
-536
-665
-810
-930
-1086
-1134
-1097
-1064
-933
-782
-769
-803
-970
-1206
-1344
-1653
-2093
-2594
-3179
-3717
-4303
-4862
-5210
-5483
-5535
-5262
-4869
-4202
-3339
-2433
-1536
-852
-346
-75
26
25
-162
-489
-847
-1072
-1146
-1131
-1188
-1266
-1295
-1458
-1663
-1830
-2005
-2130
-2180
-2054
-1642
-1029
-239
795
1758
2605
3279
3622
3752
3400
2781
2200
1487
774
301
93
99
331
702
1176
1629
1923
2070
2101
2081
1889
1624
1513
1541
1796
2055
2266
2497
2645
2775
2764
2513
2137
1857
1562
1251
1067
1007
1141
1333
1638
2002
2244
2541
2659
2567
2532
2321
1982
1683
1343
948
640
389
81
-143
-284
-453
-582
-608
-526
-388
-221
22
325
671
984
1055
1037
942
686
490
280
22
-141
-125
69
336
512
727
955
927
768
506
84
-357
-779
-1192
-1500
-1637
-1607
-1487
-1348
-1179
-981
-977
-1226
-1585
-2015
-2501
-3057
-3549
-3900
-4073
-4027
-3876
-3561
-3224
-2982
-2672
-2434
-2330
-2354
-2475
-2669
-2838
-2812
-2756
-2603
-2303
-1969
-1478
-905
-447
-219
-196
-352
-616
-1026
-1542
-1981
-2436
-2716
-2830
-2676
-2205
-1772
-1105
-399
126
683
1083
1387
1575
1682
1779
1853
2057
2264
2504
2853
3013
2924
2709
2282
1706
1000
296
-257
-619
-700
-547
26
847
1648
2474
3180
3644
3829
3668
3296
2855
2251
1751
1569
1492
1533
1750
2083
2346
2380
2358
2163
1715
1233
737
414
233
283
732
1230
1827
2471
2901
3036
2924
2623
2012
1354
668
-32
-521
-893
-942
-707
-454
-108
251
551
860
1037
1141
1262
1239
1162
1204
1294
1322
1232
1003
719
361
-43
-340
-621
-1002
-1220
-1315
-1456
-1508
-1687
-1954
-2219
-2677
-3121
-3485
-3945
-4274
-4347
-4246
-3887
-3462
-2989
-2520
-2217
-2072
-2111
-2388
-2839
-3107
-3281
-3499
-3535
-3272
-2698
-2058
-1476
-946
-586
-433
-624
-1062
-1596
-2133
-2607
-2995
-3037
-2753
-2207
-1471
-792
-87
538
876
1018
799
315
-163
-647
-1088
-1182
-907
-501
157
899
1578
2261
2704
2888
2837
2474
2089
1636
1057
770
633
632
923
1233
1581
1908
2155
2275
2158
1893
1505
1216
1019
854
980
1305
1748
2315
2910
3399
3716
3880
3707
3358
2843
2125
1553
1054
696
531
549
716
907
1198
1475
1668
1674
1568
1402
1182
994
817
824
871
924
1131
1342
1549
1538
1354
1198
878
555
243
-7
20
36
239
687
918
1234
1529
1596
1514
1103
618
88
-463
-950
-1354
-1579
-1687
-1685
-1684
-1729
-1895
-2168
-2556
-3060
-3539
-3924
-4044
-4030
-3940
-3638
-3154
-2574
-2111
-1781
-1580
-1627
-1892
-2261
-2648
-3017
-3311
-3389
-3351
-3176
-2758
-2308
-1870
-1565
-1377
-1282
-1423
-1661
-2000
-2265
-2362
-2423
-2275
-1978
-1656
-1203
-719
-298
-44
2
72
61
-46
-75
-74
69
291
559
895
1182
1444
1590
1574
1487
1357
1105
772
481
213
179
252
318
638
927
1255
1654
1918
2204
2327
2465
2676
2718
2857
2990
3045
3133
3170
3197
3166
3047
2850
2586
2264
1874
1583
1383
1169
1093
1109
1195
1397
1619
1837
1981
2073
2107
2072
1899
1619
1481
1276
949
734
685
724
738
746
760
802
854
831
698
532
403
331
290
292
367
413
471
534
507
486
439
161
-174
-435
-878
-1332
-1627
-1911
-2201
-2428
-2534
-2499
-2367
-2203
-2113
-2089
-2058
-2047
-2056
-2101
-2243
-2571
-2853
-2980
-3054
-2980
-2881
-2733
-2503
-2274
-1974
-1698
-1577
-1526
-1589
-1751
-1943
-2199
-2411
-2552
-2577
-2539
-2365
-2001
-1578
-1135
-747
-482
-394
-410
-563
-784
-951
-1153
-1208
-1129
-1066
-834
-526
-204
131
391
580
604
561
465
244
70
5
8
77
252
510
818
1153
1425
1679
1755
1803
1742
1491
1410
1356
1285
1242
1292
1395
1605
1969
2276
2638
2963
3238
3417
3369
3350
3323
3163
2917
2625
2366
2110
1875
1735
1623
1536
1527
1557
1593
1616
1579
1552
1574
1534
1496
1373
1228
1272
1300
1399
1462
1465
1524
1380
1339
1229
898
588
116
-230
-515
-799
-951
-1099
-1010
-809
-657
-453
-337
-199
-95
-227
-495
-835
-1166
-1441
-1794
-2192
-2452
-2631
-2625
-2570
-2553
-2386
-2321
-2261
-2264
-2395
-2397
-2441
-2426
-2316
-2234
-2105
-1949
-1727
-1532
-1444
-1335
-1290
-1382
-1502
-1546
-1644
-1949
-2151
-2278
-2349
-2267
-2195
-2061
-1836
-1535
-1319
-1077
-786
-607
-465
-421
-359
-327
-411
-474
-496
-510
-487
-497
-496
-316
-152
40
224
366
577
578
559
601
523
521
595
688
845
980
1151
1463
1748
1880
2003
2034
1957
1924
1741
1520
1527
1569
1530
1580
1761
1910
2039
2144
2212
2200
2112
2032
1904
1867
1790
1624
1533
1567
1677
1658
1693
1724
1671
1648
1606
1580
1519
1448
1350
1258
1195
1094
990
818
718
566
343
289
305
356
349
328
338
308
213
117
-13
-255
-468
-615
-681
-832
-962
-987
-1094
-1116
-1161
-1279
-1419
-1572
-1716
-1840
-1948
-2046
-2007
-1950
-1855
-1656
-1488
-1425
-1431
-1429
-1435
-1562
-1827
-2032
-2094
-2104
-2058
-1917
-1726
-1425
-1066
-915
-800
-758
-874
-867
-1014
-1147
-1134
-1173
-1097
-969
-835
-684
-488
-379
-376
-455
-584
-567
-645
-795
-756
-657
-514
-328
-73
218
430
570
637
724
660
512
384
159
117
84
5
128
232
408
684
828
1024
1205
1218
1214
1185
1047
926
938
898
860
884
918
1053
1083
1076
1198
1351
1381
1238
1109
966
898
844
717
796
853
937
1120
1179
1294
1332
1340
1327
1222
1141
975
768
568
466
508
558
564
618
627
654
700
649
619
441
257
162
53
24
45
-19
-94
-44
40
89
27
-4
9
-30
-60
-115
-185
-194
-222
-308
-385
-480
-554
-675
-814
-919
-1013
-993
-1013
-1036
-998
-1052
-1047
-1015
-1065
-1110
-1109
-1152
-1130
-1116
-1168
-1066
-942
-778
-674
-637
-493
-442
-580
-647
-737
-891
-943
-1072
-1019
-985
-986
-770
-602
-423
-380
-286
-153
-262
-343
-461
-552
-548
-557
-460
-367
-202
3
67
105
83
81
17
-114
-207
-391
-506
-560
-623
-586
-496
-320
31
254
376
512
503
590
621
531
472
436
419
391
483
558
704
870
843
854
868
816
807
789
776
769
663
630
638
609
667
691
753
859
832
805
800
778
768
701
600
503
472
507
465
486
572
576
596
655
648
615
579
498
437
376
352
256
144
180
171
119
190
215
151
205
222
170
128
30
-24
-102
-233
-318
-348
-317
-252
-151
-142
-211
-234
-259
-260
-387
-484
-410
-535
-641
-570
-618
-668
-701
-756
-753
-760
-719
-654
-661
-727
-761
-688
-651
-642
-609
-683
-735
-750
-754
-674
-708
-777
-763
-734
-656
-589
-558
-578
-554
-525
-586
-542
-533
-553
-419
-391
-429
-363
-321
-332
-323
-380
-434
-375
-430
-490
-367
-371
-386
-269
-178
-123
-135
-102
-40
-70
-143
-131
-68
1
101
232
341
420
579
647
673
692
599
607
604
586
642
638
714
835
943
1127
1168
1179
1135
1016
1020
911
827
770
770
825
692
695
829
972
1023
975
932
889
866
774
759
710
638
604
532
542
543
559
564
530
509
482
477
464
408
324
271
240
134
38
-36
-142
-185
-312
-427
-393
-420
-408
-402
-420
-363
-349
-368
-401
-352
-335
-344
-304
-381
-500
-567
-618
-655
-637
-682
-722
-767
-900
-920
-908
-839
-805
-845
-773
-719
-643
-575
-554
-489
-388
-298
-252
-237
-260
-274
-416
-656
-760
-859
-967
-966
-974
-921
-790
-724
-678
-533
-436
-412
-326
-306
-346
-417
-514
-566
-608
-555
-371
-301
-152
18
45
169
152
108
153
110
61
107
175
191
288
360
482
631
636
634
569
515
477
357
264
239
251
267
320
408
558
602
609
713
711
679
657
658
701
702
662
680
720
707
719
686
689
693
589
622
659
566
611
700
634
611
670
657
581
466
407
414
392
356
314
344
307
263
330
233
179
151
80
89
20
21
47
17
21
60
64
3
-69
-159
-238
-274
-303
-384
-455
-500
-495
-504
-498
-404
-488
-475
-428
-562
-552
-618
-626
-568
-685
-797
-780
-712
-696
-641
-738
-790
-705
-702
-693
-738
-756
-726
-671
-650
-687
-652
-625
-640
-574
-545
-564
-519
-436
-396
-356
-279
-336
-278
-235
-371
-295
-244
-251
-238
-306
-341
-275
-131
-139
-99
11
33
144
239
242
234
286
327
360
415
454
466
441
510
503
469
465
409
507
546
475
474
536
640
719
750
688
644
707
702
644
634
556
478
468
496
548
456
408
545
516
472
518
443
407
430
389
326
326
351
412
506
604
679
623
553
580
483
343
293
157
122
115
71
148
98
79
190
245
304
351
363
293
155
44
-37
-108
-185
-263
-290
-264
-330
-295
-218
-325
-376
-390
-443
-542
-650
-726
-734
-661
-660
-641
-608
-581
-558
-602
-562
-569
-567
-506
-582
-642
-690
-763
-747
-744
-790
-713
-668
-685
-615
-625
-649
-558
-551
-542
-500
-578
-587
-572
-566
-526
-517
-498
-482
-394
-356
-383
-353
-346
-316
-267
-219
-236
-214
-129
-104
21
104
110
151
196
211
185
216
259
282
350
459
478
486
493
465
551
602
533
497
496
502
556
564
589
627
632
699
653
576
609
536
420
424
504
571
602
627
627
635
715
763
725
631
499
454
415
412
494
522
545
502
524
588
527
531
497
424
398
346
289
330
344
316
348
310
297
228
126
71
-50
-82
-36
-94
-128
-67
-79
-101
-82
-106
-173
-205
-304
-407
-353
-322
-396
-455
-431
-529
-594
-499
-487
-540
-638
-705
-666
-638
-611
-526
-599
-707
-633
-627
-632
-617
-700
-717
-719
-768
-762
-727
-667
-607
-618
-624
-568
-563
-587
-657
-733
-650
-441
-349
-381
-353
-308
-204
-143
-160
-169
-170
-132
-119
-169
-178
-171
-219
-168
-107
-122
-116
-58
15
53
94
104
112
43
67
165
134
216
325
331
403
473
477
550
602
589
546
516
545
445
323
343
347
401
533
574
556
526
573
637
615
649
612
585
565
460
524
570
575
533
484
534
519
535
545
527
511
482
527
499
443
429
416
440
454
477
465
449
418
350
275
238
223
109
43
56
10
-25
-44
-29
27
12
-66
-28
35
-67
-103
-153
-229
-212
-284
-365
-419
-473
-449
-479
-486
-398
-403
-432
-421
-427
-505
-496
-436
-497
-548
-680
-706
-566
-620
-663
-656
-665
-617
-626
-608
-589
-664
-609
-477
-506
-519
-414
-367
-406
-381
-341
-355
-387
-435
-334
-277
-381
-382
-327
-287
-274
-281
-239
-172
-171
-137
-76
-111
-96
-65
-23
8
-32
-50
-58
-21
-12
16
67
100
201
266
227
199
243
244
282
290
226
332
391
314
351
457
538
551
574
572
476
458
418
337
267
246
292
286
314
369
368
376
463
553
520
423
445
474
408
348
388
460
425
407
445
499
488
410
357
292
200
201
244
220
229
164
102
169
221
207
170
145
112
55
2
6
26
-32
-89
-85
-83
-93
-136
-221
-220
-204
-249
-264
-251
-223
-221
-176
-115
-165
-237
-259
-291
-373
-404
-423
-425
-385
-398
-343
-290
-271
-315
-363
-321
-357
-335
-383
-390
-292
-410
-394
-304
-316
-330
-336
-291
-336
-292
-274
-340
-295
-313
-298
-314
-330
-346
-363
-276
-282
-259
-227
-201
-99
-51
-4
34
-3
2
76
8
-67
43
78
82
109
89
120
128
122
160
141
86
111
125
160
210
267
331
308
364
396
395
442
423
392
366
365
315
278
276
205
190
253
340
368
330
316
358
406
371
324
258
343
418
238
210
205
170
204
155
242
254
170
257
277
257
233
173
106
42
153
152
51
70
0
-18
38
-2
-39
-66
-151
-162
-195
-224
-126
-96
-70
-98
-107
8
39
29
-5
-100
-173
-180
-183
-228
-299
-337
-297
-340
-423
-375
-369
-383
-364
-376
-350
-302
-305
-326
-289
-356
-405
-382
-447
-398
-326
-336
-310
-349
-373
-293
-284
-241
-197
-196
-168
-203
-199
-199
-236
-190
-47
-38
-114
-116
-102
-36
-55
-76
-52
-99
-86
-20
-33
-102
-56
-3
13
83
56
141
200
32
47
166
189
239
192
138
175
116
135
184
143
188
167
115
199
239
240
278
245
249
302
280
311
302
242
244
229
268
291
293
326
387
430
304
248
252
236
287
239
208
202
214
226
194
260
253
207
191
158
197
139
82
93
54
132
233
206
159
141
135
182
168
102
139
129
90
70
22
-11
-64
-143
-168
-93
-35
-55
-62
-44
-14
-8
-52
-100
-152
-220
-286
-274
-278
-282
-244
-300
-327
-384
-346
-207
-229
-225
-226
-186
-79
-96
-134
-178
-260
-276
-262
-264
-306
-306
-297
-346
-398
-339
-313
-409
-336
-270
-287
-249
-158
-92
-123
-122
-115
-126
-150
-197
-251
-236
-193
-184
-135
-75
-84
-91
33
68
35
57
39
22
13
45
12
-2
70
42
11
13
45
64
40
134
115
5
84
138
169
226
182
252
322
247
296
273
212
225
168
194
180
104
128
182
230
298
288
280
360
357
293
274
287
220
111
89
157
241
218
221
225
233
286
244
231
187
86
124
211
134
186
257
107
106
114
133
139
72
108
66
-4
-8
-1
-20
-15
-1
35
-13
-155
-104
-36
-50
-66
-54
9
3
-35
-82
-144
-196
-194
-194
-277
-333
-293
-287
-278
-285
-314
-253
-288
-302
-272
-305
-279
-333
-335
-179
-173
-262
-230
-210
-243
-234
-212
-164
-199
-239
-145
-188
-201
-164
-271
-220
-202
-261
-190
-107
-82
-128
-117
-91
-98
-131
-180
-210
-111
-42
-67
35
-9
-57
-18
-42
22
104
110
130
170
67
55
104
123
118
41
79
98
54
71
144
206
196
193
275
263
210
241
185
191
204
152
225
188
95
186
248
232
189
167
120
139
266
228
206
257
246
250
294
299
214
157
160
129
88
88
92
128
59
14
175
216
129
162
123
43
100
82
65
75
45
40
42
87
77
-17
-60
-74
-108
-79
-78
-109
-90
-106
-122
-27
57
-21
-96
-127
-162
-216
-262
-255
-224
-250
-262
-234
-218
-197
-288
-283
-240
-305
-303
-262
-177
-117
-113
-142
-166
-126
-99
-97
-83
-125
-167
-136
-104
-131
-146
-130
-130
-71
-68
-69
-105
-219
-175
-140
-86
13
-12
-36
-47
-44
-38
-24
8
57
94
12
19
49
58
147
103
60
105
116
153
169
136
109
89
39
83
197
238
243
200
134
142
140
62
65
105
91
98
98
138
174
147
195
217
145
184
254
169
143
231
210
130
106
126
97
47
87
89
-8
-98
-100
-26
53
23
-55
-32
10
39
87
85
49
79
53
4
38
4
-62
23
78
-40
-76
-72
-92
-80
-73
-73
-107
-141
-84
-34
-106
-168
-142
-85
-121
-118
-42
-43
-85
-125
-113
-128
-149
-111
-54
-52
-47
-27
-32
2
3
-1
-33
-94
-23
-14
-96
-103
-152
-194
-195
-223
-173
-133
-183
-135
-31
-6
14
9
27
6
-128
-99
-23
-31
21
-24
-60
-35
-72
32
43
-51
-45
-105
-60
9
7
3
-45
-50
-68
-54
0
16
25
-5
-58
0
2
-61
-1
-3
-29
6
64
103
84
91
98
108
165
161
124
144
95
44
19
37
77
5
-16
-3
21
147
218
197
154
164
188
113
63
109
58
63
120
47
94
58
-11
94
104
86
75
68
37
-21
1
7
56
114
34
-12
5
-9
-10
7
47
1
-6
12
-62
60
111
31
67
77
69
70
82
68
-5
-122
-137
-67
-70
-60
-30
-40
-59
-100
-103
-136
-151
-75
-108
-94
-60
-32
58
62
17
-10
17
2
-49
-103
-136
-97
-91
-61
-58
-139
-89
-56
-50
-19
-106
-102
-96
-149
-163
-161
-93
-75
-72
-87
-79
5
47
3
-75
-12
-24
-18
70
-70
-89
15
10
125
147
-7
-38
-28
21
23
-40
-66
-47
14
10
-31
-31
18
-5
-27
-36
-9
86
67
96
164
122
134
163
133
203
181
103
50
-13
48
36
88
179
174
159
105
112
109
117
107
-1
2
-21
-12
104
92
86
118
160
164
89
56
19
-4
-3
-25
-32
-46
-27
38
70
66
43
59
43
-39
-55
-56
-55
-21
-28
-51
-21
-61
-110
-74
-86
-113
-66
-33
-76
-40
-8
-46
36
7
-63
23
15
3
-75
-158
-112
-112
-81
-85
-63
-42
-108
-95
-83
-86
-60
-117
-181
-153
-33
15
4
-2
-27
-21
-63
-12
16
-31
-45
-111
-57
-4
-12
5
-38
22
4
-66
16
-82
-119
-25
-37
-12
14
-5
3
-25
-34
93
55
-58
-35
-68
-35
-25
-49
47
43
63
50
-4
7
29
130
60
34
8
-35
38
10
78
113
137
152
66
32
61
111
17
-85
-57
22
69
64
83
102
59
28
-21
-27
50
-22
-1
83
36
45
25
51
74
44
126
135
31
17
45
3
-29
-35
15
32
20
65
30
24
59
60
73
-10
-59
2
-34
-94
-75
-85
-107
-52
-32
-89
-139
-55
94
68
46
111
132
79
-46
-6
47
-45
-13
-39
-70
-44
-135
-94
-70
-76
-76
-118
-44
-49
-48
-30
-84
-91
-83
-102
-131
-72
-58
-93
-95
-147
-111
23
75
-32
-23
68
20
-8
21
40
-38
-13
71
-40
7
92
56
40
-129
-106
5
-84
-26
-70
-96
13
-53
-14
43
14
55
115
87
109
122
78
112
81
80
52
43
122
75
73
94
63
51
17
104
129
69
63
37
81
77
30
-24
-28
-3
31
38
-4
113
205
139
71
79
72
45
9
-12
18
-7
-19
6
37
65
-17
-17
53
5
20
11
-53
-27
-21
-90
-129
-62
-12
-46
-69
-56
-1
16
-47
-46
-1
-28
-75
-68
10
51
1
-46
-30
29
55
-9
-49
-2
-78
-102
-31
-101
-96
-43
-74
-94
-88
-61
-72
-84
-124
-139
-71
7
53
-6
-55
-54
-57
-77
-60
-63
-59
-72
-167
-51
35
-51
32
92
3
11
14
-17
35
-23
-69
-29
-27
45
52
14
75
40
-87
-51
-3
-57
-99
-146
-52
57
37
22
22
19
56
49
0
26
59
43
45
78
57
68
95
-14
-53
33
1
14
1
-28
58
24
96
113
62
143
96
32
-43
-46
24
23
-15
-48
28
56
70
93
56
141
142
94
101
75
60
-22
12
44
33
99
102
52
6
28
35
-13
29
47
-31
-86
-93
-35
-49
-30
31
27
78
-35
-119
-4
13
17
96
153
52
9
101
11
-34
39
11
-51
-77
-63
-13
32
19
18
20
9
-7
-70
-119
-122
-90
-72
-32
-80
-172
-65
-48
-61
-4
-53
-92
-53
27
22
-5
-13
-19
-14
5
57
55
3
2
39
1
-24
-58
-97
-66
-99
-123
-61
-11
-52
-102
-101
-52
-47
-102
31
73
-81
-47
0
36
66
-28
-22
-23
-19
37
-23
40
106
-13
17
74
80
87
-14
-1
-10
-77
-52
-77
-54
-44
-44
-21
-54
29
41
-64
15
43
21
67
-3
4
43
39
102
113
145
98
35
84
99
66
-40
-41
25
47
16
26
54
-18
-4
-32
-32
-30
-46
-20
-70
-34
46
68
15
13
37
-2
-51
13
126
89
29
-8
51
87
-9
6
27
28
113
58
-30
0
-32
-38
6
51
84
-13
-34
-19
-60
-22
-6
11
-1
-20
-12
-32
-21
-26
41
62
-44
7
68
33
31
39
-14
-39
-23
6
33
-21
4
-57
-117
-67
-92
-41
-49
-62
-54
-57
-100
-100
0
-25
29
7
-110
-124
-78
-33
-46
-8
2
26
45
32
33
-47
-58
-37
-84
-31
20
-57
-81
-17
29
75
10
-17
42
-14
-41
-39
-18
69
29
-61
-23
19
26
-3
-31
89
90
-13
72
88
43
51
79
159
143
126
129
10
-30
17
44
68
69
13
-22
31
0
-11
31
21
32
-1
-12
-3
14
45
-76
-118
-89
-66
36
5
-46
-57
-80
-82
-42
-44
-110
-59
15
61
74
24
5
-4
-65
-78
4
11
-36
-58
-84
-43
17
10
-45
-138
-82
14
-27
-51
-47
-34
-15
46
68
16
-16
-59
-11
71
44
23
22
20
54
34
1
22
85
95
42
88
72
52
41
-25
22
38
66
62
23
-2
-25
-3
-45
-64
-88
-76
-35
-5
28
-3
-27
-24
-15
-64
-43
42
16
15
-2
-38
7
9
47
23
-34
-12
-43
-8
-6
-47
-5
-30
-70
-85
-55
-29
-45
-39
-39
9
27
30
12
9
49
-24
-52
16
72
142
109
63
101
104
103
109
125
114
157
167
67
118
94
41
60
-35
13
79
-1
0
24
21
30
12
1
42
49
-36
-59
-36
-18
83
38
-79
-33
-9
8
27
1
-14
-23
7
-22
-61
-84
-144
-83
-78
-153
-116
-186
-159
-48
-105
-110
-102
-119
-117
-136
-112
-77
-96
-20
7
-76
-3
3
-44
-9
-57
-12
28
-24
30
69
-1
-32
8
2
-48
-79
-41
-1
49
57
-42
-47
21
28
26
16
-24
64
91
-10
21
53
126
112
-25
31
86
107
95
107
117
37
54
34
39
30
2
25
-31
-79
-7
67
3
-38
-91
-76
-83
-123
3
-5
0
21
-38
-32
-35
32
87
11
19
76
-11
56
113
2
-1
-29
-49
10
27
11
31
23
12
28
44
8
13
34
-40
-5
-22
-63
-3
7
65
26
-81
22
83
45
96
61
2
45
97
111
59
59
22
-13
62
47
20
22
30
89
27
-20
8
-47
-32
-18
-43
-58
-94
-53
-18
-12
-12
-77
-44
-14
-6
61
-2
-70
-71
-66
-57
60
122
37
10
4
-36
-79
-48
-66
-27
46
0
-24
-58
-58
-82
-86
-72
-67
-26
-37
0
-29
-57
-57
-84
-35
-2
-35
-45
42
-32
-50
79
17
11
61
33
84
82
16
41
18
-33
-30
29
46
-32
-48
-8
-1
-47
-40
-25
13
55
10
-4
8
15
8
-36
-35
11
-13
59
138
97
50
9
-15
-7
80
82
2
5
113
134
58
26
-12
-26
-82
-105
-79
-15
65
29
41
40
-14
11
14
-43
-8
2
-53
28
26
12
1
-69
-7
20
-17
2
21
36
93
80
-9
-52
-55
-29
-26
-27
-17
-102
-112
-36
-37
-56
-103
-96
-87
-73
-26
-2
74
10
-49
-29
-27
68
49
22
51
-2
16
6
-11
32
-42
-34
51
14
77
102
-34
-75
-39
46
27
-34
5
-51
-102
-104
-4
72
15
11
-8
28
32
17
82
35
26
46
30
58
23
-4
16
13
96
117
81
53
49
75
-13
13
58
29
-35
-69
-15
-42
-21
-7
-99
-134
-72
-64
-5
88
36
-3
-49
-32
96
76
41
18
-21
74
81
15
-54
-119
-98
-46
-13
12
41
35
27
25
0
9
19
-33
-88
-99
-42
-60
-126
-71
-28
-30
-49
-90
-32
38
5
24
29
-12
-6
14
15
-1
13
28
67
93
39
17
39
-10
-41
-15
46
54
-1
-65
-78
7
44
37
-12
-51
-68
-38
10
-52
-24
43
0
23
24
14
104
78
76
135
81
68
46
-17
-20
-3
-16
-67
-54
59
56
-22
1
-34
-62
0
29
10
-55
-33
-51
-93
-101
-181
-108
-105
-128
4
-3
-63
-97
-39
24
-20
10
-1
8
117
86
76
79
-42
-32
-32
-22
28
-15
1
-24
-61
-7
10
-29
-52
-29
12
-16
11
81
52
5
-41
20
52
-3
50
84
98
109
93
115
178
191
119
41
52
80
30
42
41
32
124
129
54
1
-38
13
4
-73
-44
-45
77
98
-90
-54
9
51
14
-35
1
-81
-33
-25
-92
10
30
58
112
61
64
87
18
-40
-67
-115
-133
-142
-121
-121
-133
-122
-225
-222
-105
-95
-127
-117
-35
30
-25
-104
-114
-94
-35
-15
-51
-105
-69
48
65
83
101
46
82
99
-10
10
69
27
-5
11
-10
-27
5
-13
62
71
8
-18
-79
-8
55
51
21
34
95
44
58
85
49
75
83
91
108
60
3
55
149
117
70
58
23
22
52
65
54
12
26
29
-24
-19
-84
-96
-82
-153
-98
-6
-34
-66
-28
-30
14
46
-36
0
59
61
35
-41
6
30
-76
-113
-151
-125
-42
-67
-21
12
-21
-62
-53
-17
-47
-11
-18
-74
-134
-114
-68
-95
-116
-120
-11
53
82
103
27
67
132
41
-2
34
37
62
40
38
73
28
68
100
73
165
160
67
44
13
51
8
-64
-6
20
40
-46
-95
9
37
46
21
8
1
29
53
-2
18
33
0
20
62
9
41
11
-76
-59
-38
48
-34
-146
-129
-148
-164
-127
-26
25
-13
0
40
-10
-43
-14
-49
-22
-51
-106
-11
-70
-63
-25
-61
-6
-2
126
171
25
45
84
84
78
17
18
1
-92
-82
-37
-53
-12
-34
-37
49
36
98
124
53
49
81
95
-30
-35
57
18
44
34
-3
71
107
104
74
78
103
103
148
76
-58
-51
-29
-45
-66
-142
-101
-60
-48
5
-93
-22
36
-43
-21
-42
-24
-35
-42
-29
-89
-55
-18
-55
-28
-12
-58
-70
-28
-36
-65
-82
-123
-32
-6
-67
-66
-74
-19
1
-11
0
29
11
-73
-104
-76
-56
-89
-29
57
51
121
164
111
110
104
105
114
89
107
98
18
-20
-15
-9
33
4
37
93
70
127
81
52
57
-41
-47
-29
-42
-71
-82
-63
-88
-52
50
76
-19
-52
17
39
32
56
77
10
-43
-46
-77
-85
-58
-91
-122
-49
-7
49
-16
-103
-54
-63
-17
-1
-14
-82
-120
-22
-46
-28
6
-55
-35
-25
-52
-30
26
63
49
37
-18
-53
54
82
31
25
-31
7
80
67
43
-33
24
66
-12
-10
-58
-1
105
14
-23
55
111
96
8
-45
9
89
106
58
14
-12
-22
45
99
28
56
112
69
83
86
91
111
16
-71
-59
-50
-75
-109
-118
-123
-50
-3
-91
-27
64
-15
-22
-10
-46
-84
-188
-190
-81
-88
-145
-116
-45
-45
-69
-39
-17
1
6
31
39
-17
-30
-59
-23
-16
-91
-77
-40
54
62
4
60
23
-19
35
30
73
40
-1
75
57
57
45
31
21
57
