-50
-40
-49
-81
-15
14
15
-2
-49
-44
-41
8
25
50
14
32
110
-24
-15
59
-17
35
26
-35
50
27
-11
18
-12
41
54
-16
8
-15
-42
15
-24
-24
-66
-157
-60
-28
53
120
-11
43
64
-34
-17
-38
-31
-4
-44
-21
13
26
20
-31
-49
-50
-56
-45
-58
12
44
-37
20
36
-21
34
87
92
34
-25
-34
-32
-28
-34
-30
-57
-45
5
-24
3
8
67
133
-64
-90
-38
-57
32
-14
-32
51
64
-6
-19
-4
-64
-48
39
82
59
64
77
116
151
87
58
42
-58
-83
-62
-103
-42
31
25
56
59
45
45
-15
-54
-53
-52
13
32
-8
7
-9
-21
3
-34
-83
-105
-15
43
-30
-31
-6
31
29
-25
-76
-70
-54
-46
12
-27
4
52
13
40
29
14
23
30
68
93
85
33
26
67
58
-9
30
104
30
-49
-75
17
11
-31
-1
-24
-4
-56
-7
44
0
16
-15
30
50
9
5
10
27
10
-9
-6
-21
-55
-47
-67
-113
-103
-2
35
-3
45
-12
-42
27
12
33
-9
-47
12
-40
-61
-2
-53
-76
-32
-79
-71
-27
-10
-12
38
21
-85
-47
-19
-11
8
-9
-1
40
-3
-53
-103
-101
-82
-133
-14
53
101
117
-38
-62
3
26
10
19
13
3
18
33
70
39
13
52
59
38
34
10
-2
10
-30
-58
-17
33
41
75
114
92
68
18
-29
-13
10
-7
20
-7
-43
-10
-51
6
19
23
39
7
73
-2
-50
24
51
35
-1
47
10
29
62
1
26
-28
-29
-2
4
55
55
69
58
-22
-29
15
-6
18
57
-2
4
35
-9
-5
-36
-86
-68
25
-4
-55
19
0
6
7
1
-15
-5
84
13
-125
-81
-67
-118
-57
-78
-3
102
-21
-66
-61
-102
-37
49
54
37
3
-42
-58
-28
-75
-60
59
23
22
28
-15
-1
-1
41
23
-30
21
20
16
10
-18
21
-15
-7
-40
-96
-3
25
6
-39
-85
-32
39
38
0
-9
-4
-57
-29
28
8
14
25
0
14
62
8
32
69
25
84
94
30
32
109
36
-35
75
30
2
29
52
95
24
-17
-7
65
87
11
-28
10
48
7
19
-63
-83
-18
-52
29
-13
-39
59
63
26
-14
-3
8
31
-25
-106
-93
-65
-48
-36
-71
-13
50
-35
-42
-83
-89
29
52
-2
-51
-29
40
19
-19
18
2
-63
-57
-40
-98
-109
-95
-81
17
6
-4
28
-27
28
61
33
-10
-62
11
15
20
31
8
92
99
64
36
-7
44
30
3
103
103
82
89
5
-3
40
3
36
89
20
7
87
10
-69
-16
-37
-53
-34
-33
7
43
31
14
9
0
5
17
-38
9
46
-45
-54
-45
28
-54
-169
-65
-69
-70
-10
-20
-40
37
150
85
10
58
-5
-35
55
-20
-66
-19
-30
20
20
-32
11
11
-24
-48
-88
-25
10
-4
33
-23
-39
-21
-94
-60
-60
-67
16
-65
-121
-19
64
13
-23
55
69
22
-23
-22
-38
-15
37
67
104
88
86
61
-2
-11
28
61
63
47
15
5
70
108
76
46
12
14
-1
-10
36
30
-5
-36
-50
-40
-72
-80
-6
29
-14
-11
-7
-36
-18
2
35
42
-95
-93
28
-34
-48
-95
-118
-25
38
109
26
-27
32
-2
-91
-27
22
-48
36
4
-30
42
-9
16
19
-48
-70
13
70
7
-18
-12
31
106
66
2
28
13
78
135
83
62
-3
-7
1
-43
-64
-52
13
20
-20
-25
-24
-21
-21
0
14
-51
-52
-11
-34
-25
27
24
-48
-52
-6
14
38
54
6
22
46
-10
13
-20
-31
34
12
-1
-61
-88
-11
-13
-22
-45
-42
30
-54
-69
15
-41
56
69
-41
44
13
2
64
10
1
20
2
16
14
32
60
-4
18
6
-46
-5
23
16
-56
-76
-28
21
41
-12
-3
3
-67
-85
-87
-17
85
97
76
14
27
50
-33
-6
10
-3
4
-49
-14
4
-52
-16
-12
4
84
53
43
27
-18
-3
-23
-40
-115
-96
69
105
57
98
123
30
46
91
16
0
26
45
85
97
17
-29
6
20
-12
-87
-12
84
52
20
20
-4
-62
-90
-89
-54
-50
-70
-58
-46
4
39
-64
-86
-99
-113
1
-29
-102
-83
-52
-11
-2
-72
-2
17
-20
95
22
-53
-21
-64
-63
-49
-37
46
70
10
57
95
18
67
120
31
66
59
4
-29
-94
11
32
7
49
-13
-1
25
-26
16
-1
-95
-49
23
85
55
-52
-29
-37
-40
16
-1
17
-18
-103
-45
31
-14
-59
-67
-21
-9
-33
30
53
30
12
84
111
42
-11
-41
51
63
34
28
2
3
-24
-7
-34
-42
-36
3
57
22
61
65
46
-7
15
88
50
15
-74
-2
57
-71
17
46
-66
-38
-16
5
-27
3
82
-11
-37
-16
-62
-108
-49
1
25
122
74
7
-21
-81
-130
-83
6
-35
-75
-68
14
-21
-88
-23
-28
-14
30
14
-36
44
62
23
64
34
-24
-102
-112
-8
12
-71
-54
-5
-2
17
46
2
-12
29
4
-2
-17
16
43
15
1
-6
6
21
60
7
-23
-8
-5
47
50
56
27
-3
-20
-19
28
49
8
-70
18
120
80
39
101
104
61
32
-6
2
-10
37
35
0
15
26
43
4
20
13
27
63
14
71
28
-51
54
-16
-60
50
-2
34
5
-85
-71
-95
-40
-80
-98
-25
-58
-81
-93
-77
-71
-67
-23
-29
34
84
4
-38
-30
-59
-52
-80
-79
-36
-118
-109
-70
-85
-84
-59
-50
-79
-38
-72
-71
18
33
100
62
-18
-16
22
97
30
20
72
47
74
73
76
74
55
40
35
53
4
-20
23
38
113
213
131
64
110
94
89
55
-34
-50
-25
4
56
96
60
16
-59
-75
15
-59
-92
-29
-71
-29
1
-43
-18
-105
-118
-42
-61
-32
-38
47
79
-1
17
-6
-33
-15
30
28
-66
-76
27
-2
-89
-49
-20
-18
-39
-92
-65
-44
-3
18
-2
47
63
61
39
26
-7
-85
-71
-15
-15
-60
-44
31
62
53
52
-16
-44
-7
2
30
19
1
11
53
8
-20
18
17
52
28
-19
2
36
45
72
53
-34
-20
41
-20
-91
-83
-56
0
24
19
27
9
-23
1
25
-47
-64
-5
28
35
3
-6
47
21
-1
55
36
76
115
49
-33
-76
-11
65
53
-23
-8
57
-33
-57
19
4
30
43
-27
-10
43
-2
-21
-72
-92
-86
-97
21
-39
-93
-42
-108
-51
-25
-79
-13
-16
-27
2
15
68
12
4
69
-17
-16
37
45
77
61
78
15
31
136
70
51
28
2
45
28
19
50
68
29
-14
-3
18
53
54
49
52
-44
-69
1
-22
-69
-58
-33
-7
-26
-77
-44
-41
-61
31
10
-17
-10
-138
-87
-16
-51
-4
-47
-100
-59
28
90
63
28
37
-6
-62
-35
-71
-13
70
22
64
42
-21
-52
-73
-42
-42
21
49
-23
0
40
6
-5
-97
-124
-12
-54
-74
-13
3
80
56
-55
-1
22
-3
50
49
46
-10
-45
-6
46
78
19
25
0
-11
49
-16
12
57
1
-10
-51
-63
39
33
4
69
42
42
29
-51
-62
-15
73
40
-18
-10
-6
1
-13
4
-29
-65
7
81
46
-49
-9
1
-63
-15
20
-3
37
93
17
-1
-4
-5
67
20
20
41
54
75
93
78
23
101
46
-13
30
-49
-12
16
-50
-13
-19
-39
-30
-25
29
-2
-48
-47
-67
-74
-40
0
-28
-49
17
37
-47
-55
-50
-26
-15
-86
-31
13
-44
-46
-72
-47
65
42
30
21
10
16
-119
-84
27
18
43
14
-9
11
-41
-16
44
-31
7
58
-7
-24
-21
7
31
23
-44
-34
46
55
57
17
-22
-9
43
130
102
57
89
68
66
51
52
32
-50
-16
-3
-51
19
38
-59
-42
26
-4
-49
-25
-91
-88
3
-10
6
-21
-46
-21
-28
-18
-14
-21
14
89
82
2
-38
-38
-1
-30
-105
-92
-97
-114
-123
-95
-34
-29
-1
6
0
33
51
-12
19
92
22
16
33
71
67
16
84
77
78
81
59
69
3
76
47
-21
78
39
-2
15
67
56
-31
3
26
27
68
16
-16
51
61
41
66
59
94
128
21
-69
-33
-24
-39
0
-33
-39
14
-34
-64
-46
-52
-42
4
28
-13
7
36
27
16
-12
-10
-18
-17
12
47
29
11
4
-74
-55
-58
-64
28
0
-56
-108
-123
-52
-49
-74
-89
-47
-24
-43
-15
-19
57
73
-42
-91
-40
12
-36
-51
-29
-17
-59
-62
-8
-47
-37
-30
-22
18
-1
-3
-14
-51
-13
61
66
8
0
-38
-83
-46
3
82
75
53
28
37
81
26
65
143
85
30
40
-8
54
106
13
33
-15
-59
37
13
-62
2
81
34
43
24
-53
-36
46
130
76
31
80
60
-17
-8
14
24
13
-70
-91
-78
-47
-50
-97
-59
8
-38
-10
26
-13
19
4
17
29
-9
-49
-77
-9
34
7
-34
-11
44
51
69
-3
-25
63
13
-15
24
26
30
-15
-43
7
59
-8
-41
-3
-28
-8
-6
-21
27
-5
-41
-37
-62
-13
-29
-37
61
8
-27
5
-45
-1
-11
-38
-26
-58
-28
-67
-29
57
2
-5
20
-45
-31
45
16
66
91
13
51
125
142
55
13
12
14
46
20
2
-13
45
85
52
38
7
24
33
5
-4
-19
-75
-57
2
44
53
-32
-17
-70
-124
-27
-28
-45
-87
-89
-15
26
11
-58
-51
-19
24
-9
-108
-106
-93
-95
-69
-78
-68
-18
-61
-21
-22
-82
-4
26
71
101
80
45
25
-10
-30
41
26
-50
-1
13
-8
61
-6
-6
-3
-76
54
87
13
-7
7
9
-48
-48
-12
31
62
3
-17
40
41
70
74
29
22
70
77
-36
-42
26
17
39
23
20
-6
-26
52
41
13
-3
32
-10
0
58
-57
-48
4
39
21
-10
47
18
-22
36
63
93
99
19
47
63
-7
25
37
26
17
-117
-79
-4
-29
23
-55
-28
37
-34
-55
-55
-26
-40
-28
6
-17
-16
-60
-117
-51
-26
-69
-35
-67
-105
-68
12
69
11
-21
-37
-38
-10
-19
-14
-10
-58
-29
32
51
82
29
31
50
-5
63
170
99
10
11
-12
-44
-54
-33
-58
-71
17
15
-28
4
11
15
-33
-19
39
-23
-8
73
24
-83
-45
0
-49
-13
3
0
13
17
36
14
19
22
8
-21
-22
29
5
9
54
26
-17
-18
-58
-71
-27
32
64
36
35
-16
5
2
-69
20
6
-65
-11
35
53
15
21
74
53
71
68
25
50
59
29
8
-27
-34
-24
-41
-24
-14
-21
-21
-3
10
-31
-60
-62
-11
2
-64
-47
-16
-2
-16
-59
-54
-85
-79
-87
-86
-23
-24
-6
28
67
70
4
-3
10
31
30
7
73
89
-10
7
31
-49
17
100
115
98
56
122
119
129
168
92
116
148
49
79
68
20
135
163
156
157
122
176
211
127
115
27
-42
38
-14
-69
-105
-97
-6
27
-11
-33
-57
-155
-133
-139
-258
-230
-155
-110
-127
-166
-105
-116
-143
-75
-121
-123
-83
-162
-174
-196
-179
-240
-319
-196
-161
-159
-175
-169
-112
-155
-91
-77
-90
-104
-180
-44
-81
-142
-1
22
-35
-65
-42
-30
6
-55
-59
-37
-59
41
80
135
171
140
177
258
274
202
146
134
81
91
191
167
206
237
198
309
328
299
280
234
263
193
137
182
160
166
211
233
315
296
261
316
202
139
157
75
59
118
165
179
214
237
189
108
74
60
5
-119
-197
-178
-154
-65
-22
-16
4
-95
-146
-105
-165
-200
-252
-381
-364
-336
-297
-237
-314
-239
-112
-206
-292
-322
-305
-280
-322
-387
-459
-351
-200
-140
-77
-70
-40
8
13
-65
-138
-137
-182
-254
-211
-147
-179
-132
29
98
52
82
36
-15
-13
-63
-85
-152
-103
-85
-31
168
184
139
157
127
129
117
11
-97
-164
-185
-222
-152
38
184
263
297
398
330
177
143
40
45
36
14
38
47
143
192
270
283
244
255
163
124
91
19
68
116
141
202
240
303
347
324
304
280
269
245
236
177
174
214
206
347
396
393
385
299
310
219
117
69
-37
-89
-125
-122
-112
-72
-10
-42
-17
34
9
-40
-166
-260
-336
-404
-347
-290
-297
-329
-273
-223
-239
-230
-272
-285
-321
-431
-404
-349
-403
-388
-355
-358
-224
-158
-176
-134
-134
-159
-225
-210
-319
-464
-434
-387
-294
-237
-164
-83
-57
-57
-42
-110
-221
-267
-279
-253
-312
-294
-238
-171
-3
79
124
94
-6
-83
-205
-319
-318
-307
-281
-215
-117
114
237
320
438
366
363
286
84
26
10
44
134
213
329
445
574
667
599
595
542
370
238
125
50
46
195
295
386
600
733
744
692
621
422
278
201
114
220
299
413
599
721
890
935
860
764
580
397
206
4
-19
-3
3
136
211
252
332
307
154
-54
-231
-411
-598
-633
-674
-652
-505
-440
-276
-167
-202
-167
-235
-475
-661
-750
-779
-716
-610
-477
-389
-286
-139
-112
-122
-298
-547
-628
-693
-673
-694
-663
-454
-409
-346
-275
-304
-288
-338
-484
-638
-655
-598
-605
-594
-509
-414
-292
-102
-29
-79
-214
-292
-313
-423
-478
-544
-456
-309
-328
-121
112
171
231
214
173
131
84
75
86
119
212
340
456
575
570
515
590
591
481
404
382
391
479
597
606
614
593
585
523
330
324
383
370
465
501
479
550
514
614
743
616
560
590
650
723
745
723
835
971
959
935
790
674
667
545
420
328
289
300
238
148
130
121
19
-152
-337
-455
-500
-591
-707
-680
-634
-573
-531
-560
-426
-370
-435
-536
-666
-676
-686
-623
-522
-400
-228
-177
-203
-257
-330
-464
-618
-823
-963
-999
-1049
-925
-766
-665
-592
-581
-539
-600
-681
-760
-895
-958
-960
-822
-646
-467
-297
-148
-14
-26
-124
-267
-437
-602
-641
-616
-571
-382
-170
120
384
434
473
480
331
245
98
-84
-88
-57
191
429
650
913
936
955
848
657
446
221
198
190
297
472
632
882
981
964
930
842
653
384
108
-196
-270
-135
-34
137
342
639
970
1025
1007
903
660
585
536
501
656
898
1168
1392
1545
1597
1510
1426
1204
949
734
454
314
209
182
194
206
359
370
241
-19
-362
-652
-958
-1110
-1225
-1233
-1120
-1097
-912
-667
-516
-537
-645
-678
-820
-915
-894
-857
-696
-452
-191
-49
-52
-174
-355
-524
-795
-1051
-1228
-1353
-1375
-1273
-1151
-990
-853
-796
-683
-811
-878
-943
-1145
-1070
-1020
-857
-577
-368
-156
-90
-149
-192
-317
-556
-687
-861
-898
-758
-639
-332
-49
152
367
381
309
254
101
9
-53
-60
68
197
468
690
802
946
933
834
681
482
338
242
290
459
682
1004
1239
1321
1334
1214
904
481
190
0
-161
-187
-25
316
638
962
1264
1269
1138
1021
763
549
444
381
530
864
1283
1616
1854
2127
2142
1939
1661
1254
854
526
428
530
760
1059
1331
1482
1333
1064
656
65
-501
-1052
-1470
-1760
-1800
-1562
-1334
-1041
-758
-757
-825
-919
-1217
-1418
-1680
-1889
-1764
-1488
-982
-505
-125
164
177
18
-263
-824
-1491
-1873
-2169
-2344
-2261
-1916
-1400
-1042
-793
-698
-717
-946
-1338
-1637
-1870
-1865
-1692
-1305
-681
-87
498
875
922
798
491
47
-441
-868
-1122
-1066
-746
-364
92
526
838
990
808
423
-43
-530
-941
-1164
-934
-475
142
844
1327
1646
1752
1714
1471
1028
571
189
136
262
532
1066
1605
1945
2092
2132
1962
1547
957
370
-47
-224
-217
5
558
1122
1473
1723
1822
1669
1331
903
508
225
128
323
628
1130
1690
2075
2358
2330
2186
1871
1403
1091
753
553
674
932
1239
1597
1807
1799
1648
1215
542
-202
-921
-1474
-1805
-1975
-1964
-1793
-1632
-1511
-1387
-1410
-1611
-1862
-2101
-2294
-2307
-2040
-1653
-1155
-603
-190
187
355
214
-38
-569
-1191
-1637
-2020
-2326
-2420
-2298
-2107
-1820
-1573
-1541
-1561
-1686
-1950
-2263
-2454
-2362
-2195
-1914
-1447
-916
-355
176
489
535
486
226
-133
-445
-785
-912
-826
-617
-264
35
362
655
665
470
291
39
-333
-560
-644
-569
-335
57
475
884
1210
1349
1425
1317
1082
880
733
581
661
896
1068
1351
1619
1837
1904
1766
1510
1205
929
654
549
550
635
896
1200
1465
1524
1462
1367
1107
808
564
386
290
279
446
741
1130
1472
1722
1970
1974
1856
1733
1475
1342
1320
1370
1613
1778
2064
2303
2247
2132
1836
1416
850
289
-217
-689
-928
-1089
-1113
-1032
-949
-882
-960
-1163
-1444
-1687
-1928
-2141
-2174
-2013
-1678
-1419
-1151
-794
-545
-447
-567
-747
-1084
-1469
-1667
-1886
-2037
-2062
-1943
-1852
-1819
-1722
-1721
-1862
-2109
-2298
-2487
-2566
-2472
-2441
-2202
-1786
-1418
-1087
-816
-641
-500
-406
-470
-491
-476
-407
-236
-116
17
216
413
516
535
451
347
166
-63
-128
-187
-196
-137
-73
1
100
201
247
243
136
82
118
208
261
366
599
805
1106
1314
1507
1725
1703
1810
1844
1720
1732
1764
1839
1721
1599
1482
1255
1195
1002
734
603
457
360
346
444
640
764
910
1055
1231
1414
1418
1456
1519
1602
1678
1714
1846
1911
1942
1968
1991
2026
1869
1659
1591
1459
1344
1348
1350
1506
1587
1496
1404
1165
856
452
39
-399
-844
-1149
-1505
-1816
-2038
-2215
-2542
-2860
-2963
-3022
-3005
-2978
-2799
-2549
-2313
-1848
-1335
-1019
-786
-660
-713
-880
-1246
-1569
-1931
-2399
-2586
-2705
-2744
-2649
-2558
-2427
-2368
-2392
-2449
-2503
-2580
-2618
-2581
-2450
-2075
-1577
-1022
-418
122
542
767
780
748
636
426
264
153
298
420
507
801
948
989
869
635
364
-40
-342
-502
-592
-587
-389
-87
201
580
938
1081
1099
1073
1007
935
826
813
980
1214
1551
1924
2150
2303
2296
2113
1828
1419
1072
739
477
402
407
560
756
879
999
1042
992
827
595
404
297
378
500
606
960
1393
1662
1932
2041
2055
2069
1967
1871
1813
1834
1916
2051
2237
2431
2508
2570
2576
2410
2247
2031
1781
1515
1247
1023
801
547
179
-291
-760
-1213
-1690
-2209
-2759
-3269
-3681
-3919
-3913
-3691
-3420
-3081
-2656
-2343
-1996
-1651
-1452
-1345
-1355
-1331
-1324
-1376
-1390
-1508
-1694
-1853
-2120
-2344
-2547
-2733
-2852
-3036
-3143
-3194
-3087
-2975
-2810
-2460
-2178
-1849
-1502
-1141
-794
-496
-131
211
482
724
901
1038
1125
1109
1027
887
724
479
213
68
-51
-125
-202
-339
-326
-256
-223
-141
-80
-13
104
322
596
763
972
1254
1453
1633
1743
1744
1763
1711
1569
1461
1337
1294
1330
1279
1285
1275
1160
1147
1066
913
828
695
598
629
753
815
934
1102
1203
1296
1289
1254
1176
988
750
714
782
826
1079
1391
1701
2035
2281
2409
2400
2343
2279
2174
2162
2209
2231
2279
2430
2646
2763
2717
2561
2274
1843
1458
858
207
-274
-895
-1395
-1682
-1861
-2027
-2250
-2570
-2964
-3289
-3643
-3970
-4068
-4035
-3822
-3340
-2892
-2352
-1691
-1251
-966
-818
-844
-1034
-1271
-1535
-1802
-1985
-2142
-2146
-2195
-2280
-2309
-2386
-2494
-2801
-3048
-3195
-3344
-3336
-3089
-2707
-2321
-1773
-1174
-532
35
376
700
840
856
872
804
720
661
641
566
472
382
291
138
-116
-329
-555
-725
-815
-822
-619
-419
-155
264
719
1147
1443
1661
1859
1994
2060
1997
1950
1987
1866
1799
1679
1465
1295
1120
1021
837
721
579
395
401
383
376
361
333
404
459
602
817
925
1015
1137
1225
1254
1305
1271
1155
1159
1122
1044
1107
1261
1418
1603
1835
2039
2170
2282
2466
2623
2584
2545
2632
2751
2893
2944
2965
2910
2801
2649
2269
1869
1380
831
368
-161
-678
-1151
-1482
-1753
-2045
-2250
-2553
-2888
-3221
-3519
-3609
-3644
-3607
-3460
-3212
-2823
-2448
-2034
-1553
-1166
-913
-877
-1021
-1211
-1432
-1633
-1827
-1996
-2070
-2152
-2265
-2370
-2416
-2535
-2754
-2982
-3230
-3297
-3246
-3179
-2984
-2610
-2028
-1464
-1011
-524
-37
236
349
418
376
339
257
143
128
22
-119
-107
-168
-273
-281
-458
-640
-781
-953
-906
-842
-698
-421
-141
233
599
1006
1414
1759
1917
1955
2001
1850
1750
1717
1583
1509
1441
1314
1273
1271
1249
1244
1196
1134
1043
900
750
646
575
534
590
791
1037
1253
1523
1693
1790
1918
1887
1787
1626
1327
1205
1198
1159
1261
1402
1598
1822
2062
2336
2404
2428
2495
2556
2684
2803
3043
3278
3520
3805
3881
3885
3760
3476
2990
2354
1822
1208
467
-132
-556
-988
-1436
-1736
-1993
-2371
-2776
-3223
-3656
-3998
-4318
-4394
-4131
-3789
-3437
-2967
-2508
-2056
-1654
-1423
-1266
-1356
-1548
-1700
-1914
-2054
-2140
-2179
-2238
-2350
-2469
-2636
-2859
-3070
-3336
-3614
-3769
-3830
-3629
-3256
-2832
-2307
-1841
-1336
-753
-351
-80
106
191
260
289
351
453
422
441
489
328
169
11
-154
-344
-575
-803
-989
-982
-929
-835
-595
-334
-94
207
465
634
860
1062
1098
1088
1192
1277
1338
1463
1495
1407
1304
1253
1271
1304
1248
1128
961
791
750
753
704
652
552
446
429
564
817
1003
1129
1310
1455
1509
1704
1856
1770
1636
1453
1291
1285
1408
1518
1606
1726
1942
2192
2425
2770
2997
3118
3186
3263
3533
3733
3999
4209
4188
4133
4024
3867
3533
3152
2600
1865
1311
795
386
74
-300
-688
-1159
-1628
-1972
-2335
-2775
-3272
-3748
-4118
-4439
-4364
-4037
-3704
-3240
-2949
-2723
-2385
-2077
-1838
-1780
-1988
-2280
-2384
-2380
-2337
-2218
-2227
-2304
-2421
-2757
-2996
-3026
-3219
-3549
-3791
-4034
-4033
-3672
-3275
-2821
-2386
-2023
-1696
-1305
-876
-653
-389
-178
-198
-186
-54
219
426
451
256
-8
-134
-292
-478
-669
-876
-1060
-1111
-1007
-691
-280
44
295
385
541
745
975
1277
1425
1486
1572
1780
2082
2375
2552
2577
2486
2326
2209
2099
2011
1754
1377
1135
961
927
922
953
957
855
847
869
909
991
1169
1278
1295
1331
1427
1559
1615
1667
1567
1360
1076
891
875
812
949
1089
1175
1477
1883
2292
2623
2840
2978
3182
3335
3455
3564
3542
3644
3643
3607
3592
3335
3164
2858
2290
1767
1251
797
447
45
-391
-813
-1301
-1749
-2124
-2549
-3057
-3610
-4126
-4494
-4590
-4483
-4276
-3952
-3683
-3461
-3154
-2859
-2487
-2261
-2276
-2392
-2554
-2561
-2438
-2249
-2130
-2149
-2257
-2375
-2472
-2499
-2516
-2741
-3052
-3357
-3474
-3274
-2985
-2694
-2507
-2399
-2225
-1968
-1644
-1248
-854
-689
-631
-481
-256
72
391
527
451
168
-106
-169
-165
-201
-317
-571
-829
-847
-747
-544
-216
-126
-112
-69
195
686
1057
1573
1837
1891
2074
2261
2639
2839
2798
2562
2134
1799
1638
1729
1714
1488
1221
1009
923
954
1148
1249
1179
1002
890
1094
1472
1840
2128
2186
2018
1962
2064
2259
2337
2066
1659
1251
1046
1095
1298
1528
1618
1726
1778
2040
2642
3163
3477
3466
3369
3455
3667
3937
4172
4144
3886
3526
3110
2860
2678
2388
1764
887
289
-51
-291
-307
-385
-791
-1467
-2109
-2474
-2692
-2971
-3526
-4194
-4825
-5192
-5149
-4853
-4488
-4321
-4299
-4246
-4103
-3755
-3245
-2947
-3020
-3260
-3347
-3142
-2708
-2286
-2106
-2156
-2444
-2540
-2450
-2351
-2197
-2297
-2604
-3024
-3181
-3005
-2738
-2524
-2614
-2707
-2693
-2417
-1798
-1185
-710
-461
-348
-194
115
574
870
888
700
381
122
61
272
420
274
-42
-400
-494
-290
-50
-14
-96
-57
6
342
1007
1667
2149
2366
2461
2594
2823
3112
3314
3203
2875
2521
2230
2146
2343
2497
2200
1761
1383
1115
1135
1205
1174
1140
1058
1036
1351
1824
2184
2414
2357
2093
1863
1729
1735
1821
1794
1541
1222
1153
1388
1781
2055
2092
2022
1880
2001
2306
2603
2981
3128
3105
3224
3491
3826
4094
4054
3693
3154
2624
2243
1968
1686
1268
875
491
161
39
58
-1
-343
-891
-1653
-2252
-2575
-2814
-3082
-3617
-4118
-4530
-4816
-4748
-4616
-4529
-4529
-4733
-4956
-4861
-4376
-3913
-3640
-3496
-3482
-3345
-2988
-2529
-2157
-2086
-2256
-2447
-2494
-2473
-2441
-2352
-2513
-2874
-3226
-3481
-3407
-3272
-3189
-3257
-3464
-3368
-2936
-2228
-1440
-837
-403
-124
195
639
1064
1357
1353
1134
808
546
525
575
496
190
-244
-619
-806
-741
-595
-460
-309
-249
-19
541
1265
2113
2684
2945
3117
3168
3360
3566
3582
3477
3165
2828
2584
2401
2348
2250
1967
1572
1273
1250
1356
1584
1856
1981
2118
2401
2565
2654
2868
2829
2562
2162
1769
1600
1510
1490
1485
1412
1241
1178
1198
1393
1643
1530
1399
1291
1299
1586
1895
2243
2563
2816
3080
3358
3580
3644
3520
3149
2672
2186
1722
1371
1096
907
710
495
338
250
213
221
73
-284
-615
-973
-1353
-1729
-2077
-2446
-3042
-3766
-4419
-4866
-5138
-5363
-5539
-5619
-5621
-5492
-5097
-4532
-3964
-3546
-3308
-3004
-2710
-2408
-2077
-1921
-1837
-1982
-2230
-2215
-2204
-2218
-2361
-2767
-3271
-3951
-4487
-4709
-4848
-4950
-4903
-4747
-4315
-3328
-2183
-1084
-70
678
1122
1416
1696
1853
1839
1575
1126
748
515
439
483
376
129
-133
-463
-623
-492
-267
-76
87
328
803
1562
2432
3233
3802
4010
4098
4185
4138
4128
3974
3600
3176
2776
2601
2483
2438
2317
1933
1570
1337
1256
1389
1667
1897
2041
2124
2323
2685
2942
3049
2980
2674
2194
1770
1609
1510
1356
1160
930
782
757
908
1133
1287
1240
1126
1231
1416
1725
2245
2677
2922
3153
3419
3657
3792
3748
3343
2801
2268
1606
1089
645
223
-94
-350
-536
-566
-368
-162
-27
-83
-342
-811
-1257
-1573
-2070
-2562
-3295
-4177
-4862
-5491
-5811
-5915
-5986
-6080
-6115
-5939
-5644
-5069
-4433
-4005
-3682
-3458
-3136
-2650
-2167
-1727
-1504
-1542
-1626
-1749
-1712
-1751
-2184
-2741
-3416
-4175
-4731
-4957
-5019
-5033
-4975
-4726
-4181
-3357
-2283
-1114
-127
517
927
1291
1710
2008
2100
1956
1538
1102
761
585
517
312
-47
-498
-896
-975
-769
-458
-97
149
338
827
1604
2518
3276
3701
3880
3916
4046
4219
4398
4446
4197
3838
3437
3109
2885
2738
2550
2008
1545
1331
1319
1870
2334
2555
2936
3233
3588
4051
4318
4342
4092
3567
2920
2323
2032
1808
1515
1186
757
668
788
891
1005
943
760
573
533
690
1056
1558
2050
2500
2893
3346
3755
3908
3732
3207
2487
1630
800
218
-188
-554
-899
-1090
-1084
-878
-537
-357
-340
-440
-740
-1100
-1533
-1989
-2353
-2841
-3524
-4203
-4792
-5337
-5805
-6210
-6604
-6824
-6894
-6776
-6414
-5908
-5174
-4431
-3869
-3427
-3082
-2670
-2248
-2081
-2101
-2147
-2119
-2113
-2123
-2068
-2116
-2285
-2735
-3361
-3876
-4348
-4669
-4931
-5129
-4884
-4228
-3324
-2128
-762
473
1495
2248
2788
3078
3085
2983
2660
2196
1697
1261
1008
841
666
431
68
-315
-540
-630
-597
-447
-203
83
581
1320
2130
2979
3654
4093
4302
4320
4310
4308
4186
3832
3428
3019
2640
2410
2172
1957
1741
1344
951
787
954
1335
1815
2309
2638
3032
3554
4059
4310
4141
3797
3246
2593
2077
1623
1352
1129
791
651
608
658
867
1012
1004
909
911
1000
1269
1780
2328
2963
3552
3851
4063
4174
4095
3744
3012
2094
1187
380
-158
-467
-738
-848
-867
-790
-592
-411
-192
-148
-400
-880
-1477
-1986
-2382
-2758
-3222
-3770
-4568
-5450
-5964
-6212
-6365
-6601
-6869
-6939
-6774
-6295
-5537
-4763
-4199
-3818
-3569
-3208
-2722
-2415
-2287
-2401
-2699
-2762
-2552
-2404
-2280
-2323
-2765
-3459
-4185
-4606
-4890
-5161
-5254
-5226
-4939
-4142
-2781
-1274
120
1265
2042
2537
2826
3084
3006
2591
1983
1131
513
238
167
220
184
22
-272
-444
-316
-20
297
554
819
1224
1964
2853
3820
4766
5215
5228
4966
4757
4741
4550
4218
3658
2982
2593
2369
2387
2468
2263
1981
1605
1380
1488
1762
2243
2675
2962
3245
3623
4212
4751
4910
4650
3942
3015
2270
1786
1442
1044
572
200
8
107
490
824
946
860
687
698
930
1414
2088
2617
2939
3284
3618
3903
4056
3793
3038
1873
714
-171
-770
-1083
-1301
-1497
-1625
-1558
-1169
-581
-122
-50
-381
-1038
-1745
-2266
-2621
-2888
-3454
-4298
-5095
-5746
-5925
-5906
-6029
-6317
-6734
-6928
-6783
-6178
-5320
-4610
-4055
-3672
-3498
-3074
-2371
-2004
-1869
-2004
-2483
-2756
-2680
-2457
-2348
-2544
-2947
-3549
-4263
-4696
-4751
-4815
-5037
-5166
-5025
-4333
-3012
-1432
38
1133
1801
2346
2918
3291
3393
3200
2563
1622
975
790
806
790
546
215
-203
-467
-329
-60
183
349
507
811
1537
2589
3565
4426
4869
4926
4856
4735
4690
4438
4067
3574
2938
2593
2504
2636
2728
2528
2223
1799
1548
1589
1810
2168
2417
2634
2997
3503
4069
4565
4736
4411
3757
3054
2437
1971
1573
1188
841
462
372
562
876
1132
1188
1195
1013
960
1248
1685
2232
2794
3228
3573
3869
4088
4165
3807
2987
1944
815
-249
-1040
-1511
-1729
-1821
-1833
-1705
-1398
-894
-401
-161
-294
-799
-1368
-1893
-2423
-2722
-3127
-3828
-4533
-5376
-6006
-6239
-6496
-6748
-7052
-7363
-7308
-6881
-6139
-5277
-4591
-4211
-4023
-3748
-3266
-2703
-2467
-2533
-2692
-2854
-2809
-2624
-2391
-2474
-3064
-3780
-4567
-5278
-5539
-5641
-5812
-5846
-5640
-4932
-3670
-2091
-544
654
1508
2043
2470
2817
3053
3043
2699
2127
1535
1372
1457
1641
1610
1124
569
101
3
203
436
725
1004
1493
2282
3266
4419
5274
5678
5608
5237
5007
4786
4527
4274
3869
3338
3030
2980
3084
3168
2949
2556
2011
1569
1429
1662
2140
2479
2901
3406
3930
4559
4977
5031
4706
3949
3055
2194
1503
1214
984
765
703
763
1077
1391
1488
1411
1200
967
819
820
1023
1569
2170
2698
3327
3827
4109
4023
3489
2603
1508
274
-934
-1784
-2320
-2513
-2459
-2232
-1830
-1483
-1213
-1009
-840
-837
-1075
-1405
-1930
-2505
-2835
-3121
-3504
-4050
-5026
-6044
-6787
-7316
-7666
-7958
-7983
-7837
-7465
-6684
-5598
-4445
-3542
-3093
-2997
-2913
-2821
-2610
-2482
-2597
-2775
-2839
-2569
-2115
-1776
-1766
-2169
-2995
-4060
-5012
-5535
-5731
-5768
-5634
-5227
-4143
-2391
-390
1364
2614
3308
3542
3581
3523
3407
3142
2624
2033
1598
1483
1798
2152
2117
1719
1043
334
-63
-154
15
316
580
1165
2047
3190
4471
5306
5626
5450
4965
4480
4115
3794
3388
2969
2522
2237
2414
2778
2912
2790
2320
1721
1417
1434
1718
2065
2429
2861
3476
4257
4941
5327
5247
4670
3766
2832
1940
1319
942
672
604
615
921
1351
1718
1979
1880
1543
1100
855
924
1180
1584
2039
2683
3386
3819
3961
3700
3043
2010
772
-397
-1501
-2322
-2804
-2973
-2782
-2443
-1981
-1342
-877
-690
-630
-691
-841
-1262
-1806
-2248
-2740
-3147
-3572
-4304
-5246
-6270
-7142
-7683
-7979
-8169
-8125
-7811
-7261
-6267
-5159
-4162
-3292
-2912
-2851
-2877
-2866
-2644
-2548
-2614
-2641
-2538
-2148
-1699
-1467
-1599
-2221
-3269
-4438
-5461
-6072
-6285
-6229
-5795
-5024
-3684
-1783
301
2163
3259
3756
3996
3900
3666
3380
2974
2555
2113
1811
1887
2168
2360
2184
1471
637
65
-203
-162
131
576
1190
2044
3184
4496
5515
6115
6025
5289
4647
4058
3501
3155
2815
2619
2620
2702
2956
3222
3189
2763
2075
1312
788
646
874
1410
2074
2904
3901
4873
5524
5631
5226
4317
3092
1946
1018
322
-41
-95
16
350
988
1577
1920
1874
1429
976
463
197
369
719
1406
2178
2973
3726
4211
4465
4073
2982
1663
257
-1007
-1989
-2695
-2996
-2928
-2533
-1887
-1156
-605
-299
-296
-494
-653
-858
-1105
-1505
-1909
-2206
-2616
-2998
-3697
-4726
-5774
-6980
-7872
-8291
-8539
-8486
-7990
-7161
-6054
-4736
-3526
-2677
-2264
-2300
-2614
-2809
-2936
-3004
-2948
-2917
-2637
-2071
-1538
-1269
-1461
-2103
-3109
-4500
-5853
-6673
-7013
-6934
-6381
-5349
-3737
-1680
434
2324
3622
4217
4265
4008
3639
3185
2763
2309
1935
1785
1877
2261
2484
2278
1665
765
-40
-368
-316
-148
236
904
2019
3295
4625
5879
6573
6613
6038
5297
4659
4124
3615
3139
2738
2441
2454
2734
3040
3019
2531
1847
1191
753
750
1081
1587
2159
2837
3740
4647
5434
5731
5225
4330
3230
2109
1262
516
6
-206
-213
45
437
895
1138
1081
856
396
137
300
542
927
1441
2066
2902
3686
4238
4386
3927
2975
1827
631
-495
-1292
-1983
-2506
-2592
-2446
-1910
-1311
-936
-665
-585
-609
-758
-876
-927
-1140
-1573
-2125
-2611
-3133
-3988
-5171
-6400
-7634
-8539
-8940
-8997
-8578
-7990
-7124
-5907
-4667
-3503
-2750
-2400
-2437
-2786
-3054
-3060
-2972
-2846
-2670
-2411
-1937
-1550
-1458
-1741
-2410
-3459
-4904
-6216
-6976
-7261
-7030
-6333
-5222
-3536
-1494
572
2390
3651
4265
4356
4215
4033
3755
3456
3160
2734
2406
2253
2261
2262
1822
1089
266
-420
-682
-512
-9
657
1577
2736
3986
5309
6331
6797
6667
6073
5291
4447
3769
3232
2925
2787
2696
2844
2984
3090
3017
2506
1917
1323
923
928
1159
1729
2524
3425
4321
4994
5520
5570
5017
4183
3086
1839
905
351
-21
-50
152
483
992
1305
1453
1371
994
639
310
278
493
918
1590
2328
3221
3882
4100
3938
3368
2453
1250
56
-1057
-2090
-2869
-3258
-3147
-2738
-2229
-1758
-1446
-1270
-1216
-1089
-1009
-1017
-1030
-1316
-1657
-2003
-2430
-3006
-4064
-5445
-6925
-8271
-9124
-9367
-9301
-9053
-8351
-7242
-5887
-4520
-3216
-2194
-1870
-2048
-2426
-2716
-2646
-2496
-2405
-2234
-2058
-1609
-1039
-859
-1124
-1953
-3198
-4729
-6124
-6872
-7026
-6676
-5991
-4892
-3308
-1264
893
2685
3905
4245
4227
4003
3566
3355
3026
2708
2374
1970
1961
2092
2044
1686
986
99
-634
-817
-470
109
825
1719
2893
4144
5249
6154
6639
6484
5732
4828
3990
3408
3095
2852
2730
2689
2845
3102
3231
3167
2663
1955
1405
1049
1037
1355
1984
2847
3714
4642
5489
6020
6105
5530
4618
3449
2113
1167
422
-60
-72
99
441
803
1020
1104
910
595
267
-88
-146
12
367
1098
1996
2911
3707
4115
4007
3495
2657
1564
336
-928
-2029
-2828
-3254
-3251
-2942
-2460
-1954
-1485
-1181
-1017
-769
-596
-527
-528
-674
-1008
-1464
-2005
-2836
-3958
-5415
-7030
-8401
-9374
-9767
-9576
-9112
-8382
-7195
-5831
-4399
-3084
-2368
-2190
-2353
-2685
-2970
-3095
-3012
-2738
-2419
-2030
-1501
-1054
-886
-1214
-2059
-3304
-4786
-6157
-7138
-7503
-7297
-6618
-5518
-3912
-1872
192
2000
3230
3881
4179
4192
3999
3758
3605
3423
3234
3091
2942
2756
2528
2141
1361
486
-160
-485
-370
101
817
1828
3047
4277
5456
6326
6689
6571
6038
5227
4389
3761
3375
3063
2895
2917
2994
3130
3119
2840
2341
1767
1295
999
947
1166
1720
2520
3369
4231
4965
5296
5211
4740
3955
3020
2053
1215
588
193
138
318
590
901
948
864
678
236
-103
-279
-185
138
573
1224
2146
3165
3879
4222
4075
3446
2547
1493
371
-754
-1762
-2528
-2964
-3079
-2849
-2382
-2011
-1848
-1753
-1587
-1385
-1093
-788
-522
-355
-448
-756
-1359
-2198
-3295
-4726
-6495
-8321
-9701
-10353
-10281
-9873
-9070
-7916
-6730
-5255
-3908
-3016
-2394
-2384
-2721
-3127
-3331
-3063
-2594
-2146
-1763
-1375
-946
-667
-942
-1713
-2865
-4298
-5708
-6876
-7537
-7571
-6943
-5857
-4614
-3054
-1084
917
2563
3657
4220
4393
4368
4145
3854
3791
3762
3525
3207
2871
2559
2348
1976
1277
408
-172
-258
12
713
1600
2612
3784
4853
5848
6669
7054
7006
6507
5716
4868
4098
3508
3031
2675
2461
2380
2397
2451
2511
2472
2282
2102
2003
2032
2282
2688
3224
3683
4061
4386
4537
4544
4211
3668
3087
2374
1609
912
412
194
143
93
23
-51
-111
-160
-215
-230
-130
56
319
620
1040
1669
2277
2675
2784
2578
2150
1614
959
185
-638
-1511
-2280
-2799
-3023
-2913
-2637
-2433
-2206
-1800
-1419
-879
-197
345
732
732
514
-11
-1033
-2258
-3723
-5428
-7331
-9198
-10382
-10683
-10347
-9675
-8826
-7772
-6533
-5166
-3902
-3066
-2674
-2644
-2863
-3072
-2973
-2480
-1882
-1443
-1336
-1340
-1127
-1038
-1453
-2391
-3742
-5193
-6420
-7292
-7639
-7298
-6344
-5155
-3889
-2363
-450
1626
3231
4113
4476
4587
4661
4696
4597
4423
4132
3670
3219
2831
2572
2438
2116
1407
595
149
198
595
1223
1923
2690
3661
4647
5519
6154
6480
6462
5924
5126
4312
3622
3142
2556
1935
1565
1418
1489
1661
1894
2138
2288
2449
2599
2774
3036
3288
3480
3511
3359
3350
3585
3546
3193
2834
2406
1994
1552
991
538
264
20
-232
-387
-426
-351
-116
103
243
505
802
990
1220
1519
1860
2292
2483
2435
2352
2078
1672
1119
423
-440
-1463
-2202
-2713
-3058
-3061
-2821
-2402
-2025
-1511
-828
-160
571
987
1056
962
700
171
-828
-2165
-3710
-5388
-7024
-8635
-9865
-10296
-10159
-9613
-8839
-8002
-6921
-5601
-4474
-3737
-3286
-3171
-3083
-2962
-2749
-2112
-1407
-900
-739
-849
-806
-799
-1215
-2312
-3817
-5146
-6234
-6926
-7198
-7004
-6206
-5155
-3923
-2420
-533
1563
3211
4211
4642
4862
5145
5214
5031
4574
4018
3572
2954
2346
1905
1604
1302
669
-12
-346
-78
547
1249
2009
2760
3749
4773
5613
6317
6617
6505
6000
5149
4253
3504
2875
2194
1384
745
639
852
1108
1423
1807
2187
2449
2620
2838
3027
3250
3347
3146
3067
3183
3397
3541
3428
3189
2911
2622
2184
1549
919
399
2
-321
-574
-541
-259
37
284
355
504
965
1364
1628
1839
2103
2498
2805
2883
2785
2469
1915
1280
340
-774
-1710
-2546
-3225
-3632
-3589
-3075
-2386
-1737
-1122
-474
201
851
1252
1226
1105
775
-69
-1187
-2583
-4075
-5533
-7257
-9037
-10395
-10950
-10534
-9791
-9007
-8068
-7024
-5662
-4433
-3672
-3298
-3197
-3110
-3160
-3048
-2361
-1509
-776
-453
-521
-417
-485
-1021
-2067
-3641
-5065
-6148
-7015
-7369
-7007
-6073
-4698
-3208
-1692
177
2120
3734
4725
5022
5137
5221
5149
4896
4356
3862
3406
2649
1972
1482
1103
741
92
-569
-733
-269
602
1549
2432
3349
4349
5312
6043
6495
6550
6056
5266
4427
3601
2919
2478
1920
1289
966
950
1228
1578
1862
2137
2396
2759
3111
3403
3747
3982
4055
3885
3717
3710
3705
3637
3253
2688
2263
1987
1589
943
290
-263
-707
-972
-995
-925
-772
-488
-234
-31
202
647
987
1170
1395
1634
2218
2773
2996
2933
2526
1892
928
-181
-1286
-2354
-3177
-3835
-4159
-3818
-3054
-2119
-1200
-484
230
933
1540
1881
1715
1339
834
-61
-1282
-2574
-3907
-5356
-7055
-8867
-10034
-10230
-9731
-9025
-8372
-7568
-6429
-5190
-4194
-3459
-3053
-2915
-3025
-3219
-2919
-2089
-1213
-800
-897
-1083
-1159
-1214
-1679
-2863
-4226
-5382
-6389
-6974
-6963
-6417
-5397
-4234
-3071
-1627
300
2423
3975
4769
5057
5247
5552
5455
5130
4801
4209
3392
2406
1594
1222
1015
550
-238
-898
-790
46
1023
1947
2968
4145
5244
6144
6845
7269
7294
6652
5469
4390
3612
3044
2501
1752
1226
1015
1080
1369
1546
1719
1929
2183
2429
2735
3171
3485
3629
3541
3347
3306
3424
3450
3168
2721
2321
2054
1762
1270
588
-84
-640
-1170
-1516
-1490
-1346
-1124
-833
-657
-372
62
544
939
1139
1368
1881
2548
3125
3411
3310
2871
2032
1072
-27
-1307
-2319
-3264
-3971
-4104
-3713
-2660
-1505
-604
60
611
1316
1814
1987
1750
1115
381
-748
-2089
-3320
-4591
-6056
-7875
-9530
-10499
-10464
-9651
-8883
-8086
-7164
-6056
-4728
-3780
-3104
-2613
-2553
-2705
-2828
-2597
-1955
-1301
-1082
-1361
-1653
-1709
-1747
-2206
-3231
-4315
-5228
-5972
-6415
-6347
-5723
-4755
-3739
-2801
-1384
633
2680
4178
4832
5111
5409
5576
5443
5040
4433
3651
2793
1860
1090
777
535
80
-582
-997
-663
231
1383
2429
3347
4390
5465
6376
7020
7281
7055
6286
5122
4084
3447
2933
2259
1551
968
742
1023
1435
1841
2189
2389
2535
2760
3187
3691
4008
3924
3568
3401
3444
3525
3592
3355
2914
2452
1904
1445
1053
515
-91
-737
-1338
-1522
-1491
-1348
-1150
-1075
-850
-613
-333
133
648
1239
1815
2371
2948
3498
3852
3740
3099
2077
887
-329
-1612
-2698
-3362
-3588
-3325
-2786
-1863
-871
-62
674
1119
1485
1687
1565
1247
562
-494
-1600
-2825
-4249
-5655
-7290
-9022
-10174
-10589
-10244
-9480
-8746
-7808
-6690
-5472
-4294
-3443
-2889
-2769
-2953
-3132
-3046
-2530
-1936
-1711
-1842
-1984
-1832
-1608
-1830
-2576
-3619
-4546
-5383
-6102
-6246
-5934
-5257
-4457
-3578
-2202
-310
1800
3368
4200
4699
5127
5401
5283
4997
4522
3958
3286
2343
1616
1321
1175
734
14
-448
-327
306
1189
2059
2990
4097
5147
5972
6620
7126
7295
6690
5465
4380
3670
3239
2682
1868
1160
801
949
1309
1575
1819
2061
2141
2155
2453
3012
3489
3543
3287
3145
3320
3555
3581
3322
2825
2405
2023
1566
1094
542
12
-554
-1074
-1285
-1252
-1108
-952
-892
-747
-387
-20
391
765
1158
1746
2397
3110
3611
3847
3893
3458
2586
1424
191
-1014
-2227
-3158
-3728
-3771
-3241
-2397
-1362
-429
347
1023
1577
1891
1854
1507
864
139
-916
-2284
-3716
-5261
-6847
-8593
-10098
-10700
-10455
-9839
-9133
-8353
-7284
-5942
-4652
-3605
-2993
-2721
-2608
-2640
-2670
-2255
-1479
-1119
-1329
-1706
-1769
-1462
-1473
-2175
-3314
-4422
-5181
-5690
-6144
-6208
-5606
-4875
-4089
-2921
-1310
792
2678
3723
4205
4647
5219
5355
4882
4310
3739
3084
2299
1429
844
694
468
-172
-750
-911
-466
486
1373
2391
3623
4816
5889
6596
7196
7487
7175
6327
5011
4010
3456
2921
2392
1863
1596
1616
1741
1881
2003
2221
2349
2385
2433
2703
3151
3484
3660
3650
3782
3978
3978
3768
3419
3175
2849
2362
1799
1198
580
-110
-548
-868
-1178
-1290
-1441
-1462
-1244
-956
-638
-343
-43
438
1106
1782
2415
2941
3264
3336
2942
2238
1475
359
-1020
-2393
-3459
-3923
-3884
-3548
-2988
-2101
-1039
-231
345
934
1349
1500
1339
885
510
75
-746
-2001
-3649
-5280
-6716
-8357
-10010
-10886
-10752
-9910
-8923
-7938
-6534
-4927
-3638
-2827
-2428
-2094
-1801
-1781
-2030
-2006
-1462
-960
-841
-1090
-1300
-1158
-1299
-2137
-3269
-4134
-4660
-5321
-6064
-6447
-6180
-5317
-4237
-3174
-1731
240
2093
3565
4491
5110
5570
5443
4835
3981
3274
2787
2100
1152
397
262
296
75
-138
-40
516
1285
2005
2809
3919
5045
5841
6418
6708
6852
6814
6188
5166
4144
3414
2815
2078
1449
1030
991
1133
1254
1729
2273
2756
3095
3229
3616
4040
4135
4006
3723
3419
3335
3171
2874
2688
2380
2126
1802
1306
916
416
-292
-1084
-1690
-1960
-1971
-1801
-1413
-919
-333
235
646
1132
1563
1940
2171
2205
2359
2558
2626
2372
1756
906
-141
-1326
-2529
-3321
-3630
-3649
-3452
-3020
-2002
-690
361
1003
1323
1493
1423
1161
753
247
-232
-1035
-2439
-4086
-5523
-6811
-8272
-9823
-10949
-11126
-10374
-9388
-8424
-7176
-5624
-4154
-3232
-2731
-2370
-1990
-1825
-2081
-2276
-2055
-1521
-1221
-1384
-1501
-1244
-1164
-1825
-2962
-3973
-4624
-5194
-5873
-6385
-6127
-5077
-3869
-2660
-1183
832
3013
4444
5092
5454
5790
5871
5267
4296
3461
2863
2200
1327
656
602
991
1032
571
424
951
1843
2607
3195
3939
4893
5890
6565
6919
7211
7311
6697
5320
3999
3103
2357
1534
590
-85
-179
229
804
1455
2358
3207
3755
3921
3986
4233
4331
3975
3237
2532
2413
2691
2645
2573
2623
2537
2293
1785
1149
528
12
-633
-1357
-1750
-1733
-1434
-1054
-538
-42
287
579
733
887
1143
1317
1442
1562
1733
1991
2086
1699
972
57
-1181
-2513
-3733
-4463
-4592
-4399
-3841
-2873
-1492
-70
875
1294
1459
1562
1396
835
257
-131
-524
-1388
-2845
-4281
-5470
-6776
-8484
-10254
-11053
-10663
-9820
-9005
-8038
-6424
-4459
-3001
-2315
-1907
-1472
-1250
-1483
-1961
-1952
-1312
-900
-1148
-1509
-1470
-1109
-1355
-2564
-3905
-4762
-5263
-6034
-6871
-6913
-5967
-4576
-3320
-1988
32
2410
4258
5218
5561
5830
5934
5353
4217
3098
2552
2210
1430
669
422
840
1301
996
549
906
1792
2584
3160
3695
4663
5811
6450
6654
6805
7069
6830
5628
4115
2940
2209
1561
653
-189
-370
119
768
1517
2460
3411
4244
4611
4629
4711
4729
4442
3630
2768
2452
2483
2551
2456
2441
2520
2242
1769
1155
447
-126
-891
-1771
-2258
-2277
-1903
-1359
-777
-128
462
871
1067
1326
1643
1731
1589
1444
1613
1979
2183
1922
1244
512
-448
-1807
-3185
-4089
-4365
-4322
-4121
-3448
-2121
-455
844
1318
1479
1682
1632
1191
444
-181
-504
-1072
-2210
-3664
-4866
-5783
-7267
-9180
-10517
-10700
-9933
-9161
-8540
-7348
-5530
-3783
-2792
-2411
-1972
-1466
-1330
-1801
-2168
-1730
-1079
-980
-1525
-1837
-1505
-1431
-2214
-3630
-4683
-5039
-5517
-6326
-6731
-6109
-4651
-3151
-2086
-666
1562
3749
5054
5364
5554
5915
5795
4969
3717
2822
2426
1731
782
140
209
718
768
516
637
1485
2577
3132
3599
4361
5337
6149
6222
6171
6372
6317
5592
4225
2960
2186
1661
920
30
-359
-38
561
1125
1843
2848
3919
4553
4635
4640
4783
4735
4255
3509
2857
2603
2536
2293
2152
2219
2197
1874
1212
529
-164
-849
-1503
-2110
-2254
-1943
-1378
-686
64
839
1455
1723
1693
1698
1638
1407
1154
1063
1305
1598
1658
1380
845
193
-795
-2196
-3448
-4061
-4207
-4077
-3579
-2535
-911
583
1515
1905
1883
1795
1258
384
-405
-900
-992
-1441
-2319
-3138
-3894
-4817
-6335
-8195
-9596
-10060
-9944
-9724
-9074
-7762
-6076
-4565
-3562
-2805
-1982
-1370
-1389
-1852
-2029
-1569
-1062
-1085
-1458
-1640
-1539
-1672
-2460
-3617
-4404
-4841
-5466
-6291
-6601
-5844
-4575
-3409
-2297
-839
1165
3204
4551
5213
5617
5880
5649
4711
3598
2771
2180
1520
712
202
446
1175
1545
1541
1788
2375
3086
3494
3701
4171
4789
5414
5725
5749
5936
5935
5298
4125
2868
1970
1297
572
-134
-370
131
873
1619
2593
3608
4497
5057
5075
4956
4852
4570
3976
3112
2451
2111
2101
2213
2150
2059
1852
1620
1198
603
29
-723
-1443
-1960
-2071
-1744
-1081
-271
423
938
1188
1301
1281
1187
955
468
99
-20
278
816
992
913
519
-216
-992
-2027
-2917
-3335
-3456
-3240
-2734
-1630
-122
1089
1698
1811
1578
1179
600
-241
-835
-1145
-1352
-1693
-2425
-3101
-3666
-4575
-6100
-7884
-9234
-9787
-9646
-9270
-8642
-7465
-5870
-4379
-3383
-2642
-1970
-1608
-1668
-2040
-2193
-1799
-1398
-1366
-1503
-1369
-1117
-1265
-1968
-3024
-3794
-4331
-5054
-5928
-6345
-5823
-4830
-3689
-2537
-1049
986
2963
4276
4892
5282
5511
5412
4722
3705
2965
2368
1766
1180
955
1333
1794
2051
2102
2251
2787
3330
3544
3616
3975
4590
5201
5555
5746
6043
6010
5313
4198
3117
2250
1323
296
-437
-548
-92
644
1531
2520
3555
4431
4752
4694
4635
4553
4145
3262
2518
2251
2281
2389
2281
2188
2226
1980
1504
854
185
-283
-914
-1624
-1933
-1675
-1079
-484
59
769
1504
1834
1715
1345
1069
925
610
171
-12
376
1028
1184
747
340
-40
-726
-1681
-2745
-3312
-3339
-3136
-2625
-1698
-391
690
1161
1052
729
380
-240
-1078
-1894
-2145
-1961
-2100
-2656
-3324
-3869
-4570
-6000
-7846
-9235
-9740
-9556
-9169
-8489
-7325
-5747
-4284
-3381
-2694
-2122
-1700
-1694
-2139
-2251
-1826
-1359
-1129
-1034
-733
-292
-272
-912
-1878
-2648
-3393
-4449
-5548
-6113
-5695
-4659
-3643
-2374
-546
1488
3402
4584
5171
5546
5476
5006
4080
3203
2641
2008
1341
882
909
1322
1697
1782
1819
2031
2318
2575
2721
3052
3816
4511
4984
5406
5702
5883
5522
4569
3460
2461
1586
670
-43
-308
-24
605
1321
2061
2962
3990
4593
4689
4672
4676
4564
4201
3537
3142
3184
3172
3008
2666
2426
2269
1793
953
113
-492
-1022
-1480
-1734
-1585
-998
-328
120
521
1041
1449
1450
937
458
240
106
-31
-164
69
550
968
903
424
73
-415
-1293
-2367
-3104
-3122
-2826
-2431
-1714
-727
391
1218
1342
1008
610
134
-567
-1364
-1926
-2017
-2028
-2403
-3111
-3806
-4610
-5772
-7343
-8978
-9815
-9819
-9344
-8660
-7653
-6058
-4311
-3048
-2375
-1931
-1583
-1612
-2129
-2695
-2785
-2247
-1681
-1429
-1171
-718
-213
-340
-1205
-2205
-3174
-4178
-5338
-6261
-6193
-5303
-4018
-2577
-985
1014
3178
4921
5756
5887
5877
5603
4724
3550
2609
2135
1894
1537
1391
1658
2108
2407
2268
2203
2454
2731
3018
3297
3756
4551
5317
5685
5742
5759
5542
4708
3574
2391
1419
791
26
-423
-214
287
979
1571
2150
2951
3717
4062
3958
3754
3684
3612
3292
2999
2954
3070
3043
2645
2228
1956
1523
616
-561
-1485
-1954
-2172
-2330
-2218
-1626
-751
26
528
924
1397
1624
1202
552
279
423
608
522
552
1046
1590
1719
1222
550
49
-654
-1564
-2431
-2848
-2568
-1916
-1424
-921
-24
851
1297
1065
430
-15
-392
-964
-1578
-1853
-1839
-2019
-2647
-3565
-4429
-5341
-6685
-8320
-9567
-9925
-9562
-8931
-8058
-6738
-5061
-3421
-2440
-1929
-1539
-1481
-1803
-2592
-3278
-3129
-2551
-2139
-1739
-1095
-297
145
-247
-1082
-1955
-2952
-4143
-5383
-5973
-5481
-4279
-2924
-1429
587
2810
4613
5693
6047
5996
5650
4751
3545
2604
2104
1887
1624
1432
1706
2267
2651
2457
2018
2008
2126
2256
2380
2592
3368
4207
4760
5122
5271
5322
5009
4181
3085
2177
1704
1305
847
675
1040
1577
1985
2298
2605
2973
3068
2842
2583
2568
2795
3019
3103
3129
3382
3662
3590
3132
2573
1861
904
-62
-1026
-1684
-1935
-1982
-1909
-1720
-1226
-574
-101
87
152
173
90
-1
-37
79
417
888
1317
1602
1774
1719
1413
784
-85
-828
-1491
-1930
-2227
-2302
-1858
-1244
-563
-26
333
582
592
486
212
-60
-231
-451
-809
-1387
-2025
-2785
-3832
-5054
-6396
-7763
-8829
-9375
-9377
-8919
-8113
-7030
-5784
-4503
-3373
-2502
-2005
-1894
-2078
-2499
-2863
-3064
-3036
-2755
-2389
-1921
-1409
-845
-622
-958
-1561
-2449
-3421
-4448
-5269
-5493
-5066
-4060
-2761
-1103
798
2791
4394
5113
5323
5183
4615
3843
3105
2441
2027
2005
2099
2253
2566
2811
2926
2710
2263
2072
2027
2090
2311
2555
3008
3706
4243
4554
4690
4515
4115
3506
2775
2190
1891
1771
1666
1725
2088
2615
3107
3430
3502
3327
3149
2943
2650
2461
2433
2581
2713
2886
3298
3727
3926
3660
2935
2016
1110
209
-738
-1450
-1901
-2040
-1845
-1498
-976
-414
-83
-44
-119
-286
-272
-109
72
393
711
1300
1946
2281
2336
2035
1361
364
-700
-1633
-2267
-2618
-2809
-2574
-1907
-1097
-260
484
878
872
803
575
170
-189
-631
-1112
-1589
-2269
-3021
-3732
-4639
-5794
-7012
-8037
-8671
-8769
-8468
-7929
-7013
-5851
-4559
-3263
-2258
-1711
-1594
-1923
-2468
-2895
-3269
-3422
-3366
-3250
-2912
-2267
-1564
-1079
-979
-1475
-2293
-3206
-4233
-5006
-5327
-5095
-4349
-3280
-1755
72
2004
3634
4463
4754
4632
4187
3622
2913
2200
1701
1392
1261
1441
1800
2155
2254
2036
1748
1496
1480
1731
2101
2571
3189
3947
4672
5214
5572
5570
5108
4443
3620
2907
2482
2182
1983
1992
2260
2627
3021
3231
3168
2959
2607
2249
1953
1770
1913
2316
2861
3448
4074
4655
4818
4622
4022
2990
1894
874
-144
-987
-1423
-1562
-1323
-871
-501
-55
295
321
201
11
-164
-46
280
540
983
1700
2374
2761
2706
2291
1568
540
-595
-1676
-2544
-3014
-3175
-3145
-2856
-2229
-1342
-586
-226
-149
-123
-132
-262
-447
-704
-1055
-1580
-2445
-3441
-4349
-5159
-6215
-7616
-8705
-9246
-9147
-8628
-8021
-7093
-5876
-4494
-3311
-2457
-1679
-1342
-1579
-2090
-2733
-2967
-2819
-2768
-2656
-2439
-1955
-1342
-1050
-1179
-1675
-2335
-3180
-4254
-5118
-5264
-4778
-3968
-2897
-1408
561
2502
3904
4667
4874
4851
4531
3795
3072
2539
2215
2047
1891
1861
2027
2240
2183
1782
1401
1239
1282
1420
1653
2162
2925
3709
4344
4859
5262
5292
4819
4126
3472
2945
2577
2219
1931
2002
2402
2769
2972
3061
2911
2656
2255
1733
1553
1644
1875
2223
2685
3374
4207
4791
4781
4245
3435
2488
1364
277
-542
-1061
-1330
-1325
-1143
-766
-102
304
266
-44
-308
-336
-416
-363
-56
396
1088
1806
2372
2856
3065
2750
1885
779
-227
-999
-1670
-2369
-2795
-2803
-2365
-1829
-1359
-812
-401
-38
94
-28
-23
42
-53
-649
-1476
-2226
-3088
-4132
-5538
-7090
-8335
-9134
-9495
-9457
-8890
-7747
-6379
-5090
-3855
-2653
-1780
-1405
-1514
-2061
-2545
-2782
-2805
-2677
-2553
-2229
-1684
-1164
-1050
-1340
-1891
-2736
-3801
-4883
-5555
-5662
-5146
-4237
-3090
-1490
282
1965
3305
4081
4383
4236
3877
3409
2877
2662
2580
2503
2507
2463
2719
2918
2574
2019
1423
991
795
821
1280
2001
2743
3559
4285
4956
5534
5625
5148
4288
3440
2886
2470
2131
2019
2087
2371
2777
3004
3139
3135
2776
2133
1421
1046
1024
1220
1667
2257
3008
3834
4476
4714
4602
4114
3126
1989
939
167
-296
-552
-571
-448
-77
265
463
496
177
-210
-552
-713
-579
-200
372
1024
1721
2483
3115
3359
3092
2392
1531
514
-427
-1179
-1860
-2269
-2578
-2724
-2485
-2086
-1646
-1364
-1235
-1019
-726
-432
-217
-87
-187
-637
-1407
-2454
-3552
-4792
-6344
-8077
-9536
-10187
-10105
-9478
-8618
-7449
-5802
-4196
-2785
-1762
-1065
-700
-1103
-1846
-2535
-2836
-2671
-2465
-2228
-1870
-1297
-770
-699
-1273
-2210
-3194
-4494
-5695
-6190
-6016
-5244
-4112
-2825
-1142
881
2694
3888
4255
4173
3955
3427
2831
2427
2262
2339
2473
2618
2807
2972
2844
2201
1259
372
-165
-303
-206
276
1199
2389
3662
4783
5800
6457
6438
5849
4893
4008
3326
2733
2307
2126
2253
2672
3052
3285
3390
3134
2540
1787
1260
1015
1083
1505
2044
2774
3700
4680
5339
5434
4992
4171
3102
1850
833
101
-354
-577
-694
-390
68
355
349
89
-275
-763
-1038
-1022
-826
-369
266
1029
1904
2689
3277
3414
2934
2097
1048
-42
-1063
-1800
-2329
-2857
-3008
-2839
-2441
-1969
-1764
-1601
-1510
-1334
-873
-468
-217
26
25
-446
-1225
-2188
-3310
-4849
-6803
-8576
-9717
-10111
-9879
-9319
-8323
-6870
-5249
-3605
-2381
-1500
-956
-1163
-1860
-2536
-2882
-2883
-2717
-2542
-2236
-1635
-948
-596
-908
-1716
-2731
-3940
-5110
-5993
-6333
-5980
-5131
-4042
-2617
-736
1165
2716
3614
3810
3769
3619
3322
3005
2751
2799
3019
3141
3211
3289
3278
2859
1998
1004
292
9
51
401
1019
1924
3112
4306
5260
5901
6157
5925
5243
4483
3895
3395
2929
2592
2525
2659
3018
3339
3321
3108
2658
2125
1635
1205
1113
1381
1734
2281
2974
3640
4328
4655
4504
3853
2862
2017
1276
639
131
-218
-164
148
463
718
849
759
404
-110
-508
-567
-428
-124
354
958
1805
2712
3320
3547
3396
2812
1953
993
-16
-855
-1526
-2195
-2728
-2905
-2691
-2318
-2088
-2009
-1835
-1545
-1274
-926
-576
-293
-164
-460
-1109
-1971
-2912
-4147
-5830
-7544
-8971
-9816
-10010
-9799
-9126
-7917
-6500
-5134
-3957
-2959
-2167
-1874
-2177
-2669
-2876
-2794
-2563
-2358
-2092
-1610
-1086
-767
-822
-1235
-1970
-2962
-4195
-5373
-5982
-5964
-5477
-4657
-3548
-2057
-251
1461
2610
3162
3440
3526
3317
2994
2799
2836
3003
3041
2982
3133
3247
2990
2381
1475
747
279
16
103
513
1345
2323
3353
4402
5292
5987
6058
5555
4939
4318
3838
3439
3089
2909
2942
3149
3355
3447
3335
3057
2528
1901
1445
1260
1386
1667
2106
2655
3338
4039
4585
4792
4489
3973
3238
2375
1695
1069
672
478
348
406
508
640
651
343
-102
-539
-860
-967
-836
-498
36
817
1704
2493
3112
3393
3246
2777
1976
990
46
-848
-1651
-2277
-2688
-2759
-2511
-2240
-2023
-1789
-1480
-1235
-1074
-850
-638
-478
-568
-1088
-1895
-2665
-3521
-4908
-6522
-7866
-8855
-9347
-9370
-9073
-8346
-7188
-5858
-4658
-3717
-2908
-2319
-2287
-2593
-2845
-2883
-2772
-2743
-2555
-2081
-1617
-1188
-1081
-1362
-1814
-2625
-3711
-4968
-5892
-6074
-5931
-5434
-4427
-3012
-1328
415
1928
2915
3495
3721
3579
3320
3049
2913
2938
2930
2865
3021
3225
3144
2809
2216
1522
747
148
-109
-49
462
1256
2284
3317
4241
5072
5569
5627
5252
4752
4162
3449
3020
2980
3003
3093
3266
3423
3465
3277
2991
2510
1932
1514
1284
1365
1846
2460
3167
3949
4535
4907
4914
4497
3784
2965
2111
1313
853
672
619
676
790
898
892
840
542
4
-454
-829
-884
-704
-323
370
1231
2007
2642
3203
3305
3084
2434
1315
299
-702
-1622
-2288
-2726
-2846
-2781
-2677
-2462
-2167
-1962
-1816
-1664
-1515
-1203
-904
-819
-976
-1456
-2027
-2875
-4055
-5450
-6996
-8193
-9034
-9534
-9500
-8953
-7883
-6663
-5535
-4369
-3329
-2551
-2238
-2430
-2741
-3054
-3240
-3270
-3072
-2594
-2166
-1668
-1211
-1119
-1318
-1830
-2726
-3896
-4921
-5624
-5860
-5521
-4884
-3861
-2295
-497
1116
2430
3342
3754
3793
3604
3300
3033
2959
2971
2914
2885
3063
3142
3033
2783
2235
1577
933
522
526
842
1400
2146
3025
4040
4887
5495
5911
5776
5221
4615
3992
3459
3108
2836
2746
2876
3104
3371
3595
3595
3327
2892
2347
1914
1729
1781
1989
2259
2707
3241
3762
4103
4031
3747
3248
2592
1984
1475
1155
885
684
575
584
659
509
325
62
-421
-871
-1085
-928
-519
-89
400
1116
1844
2365
2689
2618
2160
1483
582
-402
-1368
-2143
-2624
-2960
-3113
-3074
-2836
-2492
-2262
-2156
-1969
-1651
-1325
-1056
-880
-752
-933
-1421
-2082
-3009
-4085
-5372
-6793
-8029
-8731
-8861
-8615
-8025
-7221
-6136
-4841
-3789
-3071
-2490
-2285
-2496
-2760
-3056
-3097
-2873
-2580
-2143
-1712
-1161
-685
-618
-937
-1681
-2581
-3656
-4752
-5333
-5582
-5388
-4647
-3596
-2127
-449
1137
2485
3357
3744
3896
3761
3548
3375
3096
2911
2748
2680
2671
2690
2580
2150
1634
1057
642
442
458
838
1342
1913
2748
3728
4591
5198
5383
5210
4916
4451
3930
3499
3154
2920
2776
2798
2956
3167
3280
3209
2996
2695
2479
2378
2327
2389
2612
2986
3409
3680
4004
4276
4131
3734
3117
2539
2206
1821
1392
1106
1039
933
741
616
433
154
-217
-660
-1026
-1104
-841
-376
155
792
1597
2360
2789
2848
2684
2236
1404
376
-632
-1536
-2283
-2916
-3367
-3587
-3502
-3079
-2696
-2403
-2092
-1795
-1481
-1322
-1170
-1026
-1026
-1254
-1916
-2713
-3545
-4590
-5855
-7247
-8378
-8984
-9168
-8990
-8356
-7356
-6201
-4969
-3900
-3014
-2391
-2166
-2195
-2482
-2747
-2785
-2612
-2369
-2151
-1759
-1223
-931
-1095
-1543
-2162
-2961
-3958
-4872
-5413
-5414
-4947
-4286
-3268
-1803
-120
1421
2545
3340
3786
3966
3996
3709
3354
3190
3103
2942
2816
2738
2673
2529
2092
1597
1147
908
897
907
1198
1929
2774
3521
4271
4865
5274
5383
5062
4621
4144
3767
3460
3156
3083
3246
3488
3687
3829
3752
3470
3040
2454
1998
1689
1547
1689
2006
2448
3048
3659
4138
4324
4071
3540
2933
2284
1590
1018
596
366
381
414
502
573
469
321
13
-393
-674
-803
-772
-508
5
572
1315
2114
2567
2717
2527
2032
1268
262
-688
-1537
-2210
-2719
-3090
-3094
-2810
-2463
-2094
-1833
-1617
-1386
-1352
-1288
-1138
-1161
-1463
-1922
-2521
-3338
-4216
-5417
-6724
-7770
-8508
-8795
-8748
-8346
-7555
-6416
-5188
-4143
-3214
-2427
-1977
-1922
-2096
-2340
-2562
-2695
-2726
-2651
-2314
-1792
-1414
-1284
-1355
-1703
-2336
-3178
-4131
-4875
-5166
-5027
-4599
-3832
-2599
-990
606
1840
2784
3359
3582
3510
3209
3073
2887
2700
2690
2695
2832
2901
2785
2482
2001
1510
1067
689
535
674
1074
1703
2432
3334
4240
4831
5137
5101
4790
4448
4023
3555
3198
3007
3067
3298
3595
3866
3953
3814
3463
2891
2328
1951
1669
1603
1806
2273
2970
3711
4380
4738
4695
4404
3802
2996
2225
1363
669
256
64
199
336
556
704
584
451
185
-123
-369
-530
-501
-247
291
1071
1852
2417
2676
2587
2310
1685
775
-97
-1020
-1912
-2558
-2909
-2924
-2648
-2317
-1989
-1647
-1369
-1273
-1347
-1354
-1438
-1736
-2129
-2590
-3079
-3623
-4223
-5071
-6110
-6935
-7582
-8045
-8128
-7951
-7467
-6685
-5853
-4875
-3953
-3163
-2631
-2536
-2509
-2604
-2734
-2809
-2831
-2657
-2390
-1985
-1686
-1519
-1508
-1799
-2349
-3243
-4126
-4747
-4994
-4921
-4617
-3812
-2554
-1019
458
1664
2676
3297
3597
3664
3479
3279
3168
3040
2927
2856
2946
3145
3010
2790
2507
2037
1649
1225
1049
1169
1516
2203
2910
3727
4521
4998
5246
5158
4754
4277
3738
3269
3125
2996
3070
3402
3677
3942
3945
3732
3306
2616
1938
1390
1060
1029
1198
1639
2427
3325
4081
4482
4472
4185
3635
2830
1979
1177
490
1
-165
35
351
610
802
836
728
498
193
-98
-394
-439
-165
365
1079
1801
2472
2992
3049
2679
2101
1173
108
-1012
-2049
-2725
-3123
-3083
-2737
-2393
-1939
-1437
-1139
-1023
-1041
-1280
-1650
-2079
-2668
-3275
-3800
-4372
-4941
-5576
-6225
-6712
-7078
-7284
-7408
-7389
-6958
-6355
-5663
-4849
-4163
-3577
-3130
-2914
-2834
-2806
-2809
-2866
-2968
-2922
-2691
-2326
-1999
-1853
-1797
-1977
-2390
-2948
-3573
-4109
-4337
-4188
-3907
-3277
-2148
-831
491
1662
2542
3135
3596
3673
3521
3462
3269
3135
3012
2936
3001
2985
2939
2659
2160
1751
1382
1066
938
1066
1457
2055
2793
3549
4287
4854
4996
4875
4628
4189
3770
3451
3125
3116
3349
3603
3995
4186
4238
4168
3707
3048
2367
1910
1568
1336
1449
1790
2403
3212
3933
4302
4371
4235
3747
2990
2173
1436
810
361
187
171
233
424
585
548
417
169
-159
-369
-476
-397
21
675
1388
2052
2467
2681
2678
2264
1515
516
-606
-1622
-2427
-2901
-3028
-2926
-2622
-2260
-1751
-1289
-1162
-1129
-1307
-1668
-2063
-2673
-3280
-3653
-4005
-4389
-4848
-5483
-6048
-6378
-6633
-6796
-6863
-6823
-6510
-5974
-5253
-4491
-3686
-2984
-2652
-2535
-2573
-2642
-2727
-2946
-3090
-3095
-2955
-2727
-2528
-2350
-2340
-2455
-2787
-3364
-3875
-4226
-4295
-4139
-3825
-3133
-2047
-778
479
1528
2405
3015
3319
3441
3280
3044
2851
2597
2422
2395
2435
2556
2660
2538
2227
1837
1495
1213
1032
1124
1526
2094
2727
3525
4276
4837
5173
5123
4812
4459
4106
3623
3220
3100
3196
3564
3897
4047
4207
4131
3794
3330
2799
2266
1802
1564
1564
1812
2348
3022
3585
4020
4191
4067
3811
3289
2516
1790
1165
640
338
226
310
462
534
564
581
478
338
199
41
117
370
800
1413
1966
2391
2623
2507
1993
1294
451
-620
-1651
-2405
-2884
-3068
-2991
-2666
-2190
-1735
-1329
-1137
-1161
-1374
-1810
-2545
-3423
-4107
-4730
-5243
-5713
-6141
-6393
-6518
-6483
-6457
-6375
-6276
-6129
-5813
-5429
-4922
-4444
-4101
-3787
-3500
-3228
-2978
-2845
-2794
-2691
-2608
-2527
-2393
-2379
-2464
-2570
-2786
-3244
-3658
-3962
-4183
-4156
-3971
-3554
-2846
-1870
-779
302
1169
1819
2312
2499
2599
2716
2716
2703
2675
2633
2760
2944
2961
2846
2618
2192
1669
1296
1091
1018
1205
1567
2235
3118
3872
4579
5002
5090
4942
4587
4276
3910
3576
3531
3655
3901
4283
4702
5030
5048
4776
4220
3399
2698
2040
1504
1319
1301
1692
2469
3331
4087
4513
4700
4535
3952
3198
2419
1620
919
485
307
294
461
784
1007
1052
990
750
368
-5
-194
-166
-14
372
1015
1764
2321
2468
2401
2108
1427
449
-747
-1922
-2743
-3271
-3536
-3457
-3138
-2564
-1948
-1567
-1295
-1241
-1543
-2027
-2797
-3727
-4490
-5127
-5618
-6059
-6453
-6638
-6736
-6721
-6548
-6413
-6266
-6158
-6072
-5707
-5153
-4514
-3971
-3534
-3112
-2860
-2598
-2317
-2217
-2203
-2156
-2153
-2191
-2131
-2076
-2196
-2428
-2828
-3222
-3550
-3917
-4039
-4049
-3980
-3529
-2724
-1752
-686
451
1468
2154
2580
2962
3288
3444
3331
3191
3146
3028
3000
2938
2798
2571
2172
1729
1230
963
954
999
1312
1823
2407
3125
3826
4344
4615
4654
4542
4359
4088
3833
3715
3730
3989
4361
4722
5082
5255
5120
4685
3992
3220
2519
1830
1381
1310
1557
2143
2856
3637
4268
4560
4610
4334
3699
2879
2030
1220
522
143
117
300
573
757
946
1026
897
649
330
86
-56
4
341
884
1505
2121
2493
2471
2221
1745
953
-106
-1258
-2282
-3026
-3440
-3469
-3071
-2410
-1757
-1254
-852
-628
-726
-1199
-2053
-3184
-4267
-5043
-5663
-6162
-6465
-6488
-6379
-6330
-6166
-5995
-5836
-5664
-5551
-5347
-5024
-4618
-4106
-3665
-3361
-3033
-2743
-2536
-2539
-2660
-2717
-2886
-2986
-2961
-2947
-2960
-3031
-3110
-3403
-3759
-3977
-4189
-4230
-4143
-3856
-3229
-2334
-1247
-183
811
1609
2258
2756
2878
2977
2998
2831
2746
2711
2805
2823
2719
2635
2423
2224
2000
1675
1483
1414
1572
2061
2678
3459
4245
4848
5231
5277
5182
4860
4414
4011
3553
3345
3351
3565
4019
4405
4714
4849
4663
4290
3750
3078
2465
1838
1532
1592
1898
2601
3251
3815
4262
4447
4312
3814
3142
2325
1381
499
-78
-308
-285
-128
119
368
535
607
634
571
324
169
193
380
810
1340
1947
2445
2566
2462
2068
1389
499
-711
-1905
-2849
-3568
-3845
-3737
-3426
-2815
-2079
-1454
-1004
-780
-915
-1590
-2482
-3434
-4392
-5127
-5848
-6549
-6993
-7052
-6834
-6596
-6359
-6137
-5979
-5739
-5460
-5179
-4727
-4252
-3877
-3501
-3126
-2705
-2217
-1910
-1913
-2023
-2186
-2319
-2371
-2541
-2720
-2934
-3352
-3700
-3977
-4203
-4182
-4164
-4030
-3631
-2942
-1938
-929
127
1080
1839
2500
2941
3235
3347
3337
3219
3011
2915
2917
2893
2704
2461
2137
1657
1297
1028
744
601
720
1126
1846
2698
3610
4464
4964
5166
5113
4839
4514
3983
3374
2995
2832
2994
3332
3735
4139
4297
4226
3951
3568
3087
2511
2013
1681
1737
2161
2814
3577
4128
4568
4775
4667
4262
3417
2474
1533
666
58
-246
-222
-33
304
671
907
1075
1114
964
676
394
284
418
759
1249
1850
2348
2642
2690
2463
2029
1164
-179
-1455
-2530
-3393
-3788
-3802
-3517
-3043
-2397
-1683
-1118
-761
-837
-1370
-2299
-3310
-4172
-4960
-5614
-6245
-6668
-6758
-6647
-6382
-6238
-6154
-6020
-5939
-5824
-5587
-5041
-4495
-4050
-3567
-3145
-2602
-2144
-1938
-1946
-2078
-2372
-2649
-2690
-2851
-3027
-3262
-3612
-3901
-4201
-4379
-4485
-4539
-4540
-4307
-3664
-2673
-1479
-341
763
1684
2409
2935
3127
3227
3026
2584
2253
2020
2070
2214
2204
2170
2119
1984
1782
1556
1367
1248
1233
1395
1806
2537
3389
4147
4697
5050
5293
5263
4949
4472
3962
3484
3247
3314
3500
3775
4045
4248
4192
4001
3744
3288
2810
2260
1878
1808
1990
2495
3120
3719
4170
4421
4473
4227
3653
2751
1751
860
60
-314
-378
-312
-85
144
557
906
1115
1233
1074
845
763
887
1195
1626
1984
2360
2654
2706
2526
2093
1365
236
-900
-1927
-2704
-3068
-3226
-3058
-2626
-1989
-1282
-744
-372
-408
-966
-1848
-2908
-3921
-4785
-5664
-6420
-6767
-6870
-6750
-6392
-6145
-6010
-5846
-5660
-5558
-5462
-5163
-4775
-4335
-3912
-3495
-2924
-2479
-2220
-2125
-2209
-2301
-2480
-2650
-2879
-3167
-3390
-3653
-3908
-4081
-4180
-4272
-4333
-4312
-4015
-3393
-2559
-1608
-639
350
1221
1957
2539
2851
2924
2793
2606
2447
2306
2207
2134
2127
2051
1867
1733
1569
1369
1220
1084
987
1158
1636
2277
3094
3847
4345
4719
5017
5041
4882
4534
3963
3587
3287
3258
3492
3642
3832
3987
4137
4134
3925
3451
2831
2341
1991
1938
2088
2478
3014
3549
4112
4471
4638
4496
4001
3297
2288
1333
680
182
-83
-75
209
587
1002
1414
1530
1532
1387
1122
1000
973
1122
1428
1841
2280
2586
2786
2755
2319
1577
544
-589
-1625
-2523
-3031
-3222
-3138
-2750
-2245
-1586
-974
-726
-875
-1376
-2261
-3259
-4171
-5152
-6050
-6824
-7254
-7245
-7067
-6731
-6409
-6197
-6052
-5821
-5602
-5386
-5085
-4848
-4535
-4111
-3640
-3077
-2501
-2302
-2291
-2114
-2136
-2237
-2295
-2525
-2767
-3038
-3321
-3577
-3820
-3920
-4083
-4092
-3888
-3556
-2834
-2068
-1235
-345
485
1326
1988
2428
2662
2736
2619
2520
2474
2396
2364
2252
2101
1986
1785
1538
1299
1073
909
802
873
1190
1741
2501
3220
3840
4429
4845
5085
5123
4962
4629
4183
3855
3674
3653
3701
3760
3920
4062
4132
4044
3767
3384
2846
2309
2044
1935
1967
2357
2855
3421
3988
4307
4543
4514
4046
3313
2478
1715
1082
602
240
107
260
471
741
1044
1166
1073
948
806
690
737
977
1332
1690
2119
2521
2764
2691
2241
1495
449
-661
-1673
-2499
-2973
-3149
-3081
-2680
-2050
-1322
-840
-720
-856
-1544
-2519
-3528
-4656
-5704
-6592
-7355
-7782
-7698
-7349
-6905
-6471
-6111
-5824
-5723
-5475
-5158
-5046
-4825
-4549
-4180
-3562
-2971
-2539
-2287
-2184
-2153
-2228
-2347
-2580
-2800
-3079
-3483
-3649
-3820
-3940
-3867
-3893
-3783
-3431
-2974
-2324
-1552
-754
8
700
1377
2028
2466
2722
3005
3125
3043
2967
2918
2740
2437
2149
1824
1576
1329
1138
1123
1070
1179
1443
1850
2412
2949
3445
3802
4139
4448
4555
4497
4383
4216
4004
3941
4026
4087
4247
4414
4335
4237
4065
3757
3325
2720
2276
1911
1738
1931
2256
2583
3000
3541
3975
4217
4175
3854
3379
2777
2106
1574
1172
930
874
898
1114
1272
1407
1542
1433
1245
944
706
657
757
1087
1532
1966
2307
2619
2688
2409
1913
1128
144
-887
-1854
-2515
-2864
-2930
-2649
-2287
-1888
-1347
-1013
-1161
-1648
-2441
-3457
-4428
-5329
-6169
-6815
-7245
-7400
-7200
-6926
-6631
-6199
-5889
-5652
-5475
-5278
-4942
-4651
-4343
-4037
-3543
-2952
-2629
-2356
-2163
-2114
-2154
-2294
-2422
-2599
-2820
-3028
-3170
-3298
-3469
-3560
-3636
-3579
-3433
-3200
-2675
-2040
-1226
-465
147
827
1394
1901
2213
2291
2319
2312
2245
2151
2088
2094
2052
1762
1486
1280
1066
930
807
824
886
1028
1473
2035
2690
3379
3878
4319
4573
4581
4531
4295
4046
3886
3788
3845
3974
4179
4410
4436
4259
4075
3720
3181
2651
2143
1806
1693
1833
2267
2744
3200
3648
3954
4170
4132
3829
3318
2641
2029
1524
1297
1201
1199
1358
1461
1569
1621
1595
1422
1185
951
746
735
890
1318
1792
2208
2605
2847
2815
2431
1812
985
-8
-985
-1821
-2401
-2557
-2466
-2262
-1926
-1645
-1480
-1376
-1624
-2219
-2994
-3885
-4632
-5475
-6280
-6741
-6987
-6982
-6825
-6557
-6212
-5993
-5823
-5584
-5359
-5038
-4689
-4338
-3921
-3625
-3271
-2907
-2675
-2544
-2526
-2534
-2613
-2696
-2822
-2904
-2936
-2935
-2923
-3086
-3175
-3180
-3194
-3181
-3082
-2808
-2409
-1799
-1068
-354
327
921
1375
1710
1918
2021
1961
1796
1667
1554
1637
1733
1735
1708
1568
1413
1238
1038
876
771
811
1079
1476
2053
2763
3402
3994
4443
4700
4806
4708
4450
4131
3852
3721
3714
3810
4076
4279
4334
4265
4006
3763
3307
2720
2248
1780
1665
1784
2025
2506
2925
3337
3670
3750
3599
3215
2674
2041
1549
1121
771
748
909
1085
1318
1521
1502
1446
1314
1079
813
606
716
1035
1498
1983
2461
2839
2891
2781
2410
1659
734
-254
-1143
-1818
-2212
-2223
-2070
-1795
-1424
-1069
-886
-1085
-1490
-2164
-3079
-4018
-4854
-5529
-6073
-6346
-6397
-6271
-5970
-5756
-5628
-5453
-5399
-5361
-5171
-4951
-4734
-4447
-4055
-3587
-3095
-2713
-2549
-2507
-2510
-2638
-2866
-3085
-3269
-3494
-3657
-3628
-3674
-3695
-3628
-3634
-3553
-3401
-3113
-2721
-2197
-1477
-781
-100
547
1098
1555
1840
2014
2124
2138
2152
2079
1993
1973
1882
1824
1697
1487
1264
980
796
664
549
625
899
1341
1974
2627
3148
3649
3955
4063
4170
4042
3884
3818
3719
3749
3849
3987
4145
4144
3986
3693
3207
2789
2325
1804
1532
1449
1612
1958
2414
2970
3480
3828
3979
3840
3482
3065
2519
1988
1629
1429
1422
1492
1625
1813
1949
2057
2014
1805
1563
1402
1215
1111
1367
1678
2036
2414
2667
2832
2782
2470
1870
1147
329
-468
-1183
-1757
-1951
-1983
-1840
-1630
-1513
-1355
-1406
-1735
-2349
-3126
-3917
-4750
-5468
-6035
-6408
-6587
-6634
-6478
-6240
-6051
-5875
-5721
-5596
-5487
-5309
-5059
-4813
-4495
-4020
-3548
-3181
-2807
-2596
-2498
-2433
-2537
-2722
-3002
-3195
-3300
-3519
-3650
-3735
-3791
-3653
-3465
-3250
-2899
-2479
-2016
-1583
-1027
-435
-48
388
785
1147
1469
1663
1873
1945
1904
2008
2105
2111
2088
1959
1801
1490
1249
1076
790
670
680
891
1242
1663
2208
2702
3126
3401
3686
3989
4036
4136
4292
4351
4505
4706
4832
4825
4801
4755
4438
3942
3465
2908
2326
2007
1798
1706
1914
2255
2700
3194
3643
3850
3845
3640
3221
2811
2355
1966
1571
1299
1201
1154
1319
1490
1564
1525
1566
1536
1385
1348
1298
1331
1471
1716
1883
2094
2290
2118
1867
1459
902
200
-555
-1060
-1573
-1932
-1934
-1800
-1640
-1524
-1383
-1312
-1500
-1978
-2660
-3352
-4054
-4722
-5261
-5842
-6181
-6278
-6240
-5994
-5901
-5750
-5529
-5393
-5266
-5123
-4882
-4646
-4272
-3952
-3649
-3131
-2756
-2471
-2284
-2336
-2432
-2478
-2612
-2792
-2861
-2978
-3075
-3201
-3384
-3393
-3329
-3305
-3303
-3213
-2988
-2598
-2035
-1445
-840
-181
348
749
1214
1578
1789
1892
1843
1805
1799
1787
1743
1679
1569
1313
1069
821
650
540
429
469
666
1085
1556
2055
2582
3012
3402
3669
3776
3887
4069
4151
4201
4334
4471
4626
4645
4580
4467
4157
3773
3261
2643
2211
1991
1895
2026
2312
2739
3273
3675
4013
4126
4070
3944
3511
2927
2342
1850
1482
1205
1025
961
983
1013
1185
1335
1309
1341
1360
1400
1575
1715
1863
2033
2203
2266
2180
2108
1797
1309
815
219
-425
-1027
-1499
-1703
-1728
-1771
-1723
-1589
-1500
-1568
-1799
-2204
-2887
-3612
-4281
-5033
-5685
-6110
-6406
-6449
-6309
-6196
-5968
-5663
-5391
-5168
-5051
-4885
-4643
-4446
-4236
-3986
-3666
-3212
-2844
-2634
-2457
-2408
-2349
-2353
-2556
-2697
-2772
-2917
-3061
-3167
-3276
-3268
-3181
-3183
-3125
-2927
-2571
-2088
-1605
-1046
-470
49
579
974
1235
1534
1768
1933
2012
2091
2169
2112
2114
1949
1680
1428
1116
899
735
589
568
860
1205
1673
2266
2710
3167
3579
3819
3949
4005
3978
3962
4038
4108
4145
4232
4332
4317
4038
3707
3422
3028
2603
2220
1965
1888
1955
2066
2249
2581
2992
3299
3534
3597
3381
3094
2746
2320
1896
1538
1184
971
974
1050
1143
1356
1648
1717
1804
1959
1907
1884
1926
1953
2028
2008
1965
2015
1972
1779
1401
908
362
-285
-883
-1325
-1670
-1912
-1972
-1909
-1731
-1551
-1473
-1463
-1722
-2175
-2832
-3667
-4355
-4961
-5536
-6074
-6344
-6342
-6264
-6086
-5891
-5717
-5593
-5470
-5297
-5003
-4711
-4434
-4103
-3744
-3187
-2721
-2428
-2143
-2005
-1956
-2013
-2183
-2331
-2514
-2679
-2802
-2996
-3114
-3265
-3335
-3267
-3244
-3098
-2907
-2538
-2016
-1506
-925
-377
163
600
945
1324
1521
1644
1867
1990
2061
2225
2311
2248
2132
1875
1517
1182
855
600
493
562
775
1110
1635
2233
2759
3224
3578
3792
3944
4016
4043
4089
4113
4118
4191
4330
4348
4277
4100
3682
3261
2855
2363
1971
1727
1642
1784
2054
2423
2840
3173
3491
3607
3475
3196
2764
2298
1815
1488
1203
980
989
1083
1283
1526
1707
1821
1852
1828
1788
1718
1671
1718
1810
1965
2119
2191
2342
2397
2209
1850
1307
690
-19
-677
-1150
-1507
-1706
-1709
-1609
-1486
-1314
-1324
-1567
-1964
-2640
-3437
-4129
-4717
-5282
-5767
-6035
-6096
-6035
-5854
-5724
-5681
-5576
-5507
-5476
-5441
-5267
-4995
-4733
-4398
-3986
-3493
-3127
-2915
-2713
-2650
-2674
-2677
-2815
-2967
-3066
-3197
-3329
-3450
-3551
-3643
-3680
-3714
-3624
-3295
-2896
-2421
-1805
-1156
-544
-5
488
1009
1383
1667
2007
2191
2318
2435
2550
2719
2652
2424
2146
1786
1484
1191
917
713
726
920
1265
1857
2402
2894
3279
3538
3779
3861
3888
3762
3697
3767
3741
3813
3908
4003
4088
3979
3702
3274
2812
2386
1931
1613
1439
1474
1712
2034
2489
2863
3168
3344
3348
3279
3049
2716
2316
1925
1593
1335
1240
1209
1173
1322
1471
1445
1503
1577
1514
1427
1440
1500
1575
1749
1958
2099
2202
2240
2194
1973
1525
956
304
-296
-822
-1238
-1616
-1850
-1843
-1814
-1698
-1619
-1582
-1734
-2180
-2583
-3100
-3660
-4233
-4854
-5230
-5500
-5728
-5674
-5484
-5401
-5232
-5093
-5075
-4999
-4875
-4690
-4486
-4235
-3994
-3675
-3176
-2746
-2415
-2159
-2053
-2015
-2067
-2283
-2550
-2776
-3020
-3282
-3495
-3728
-3851
-3746
-3722
-3644
-3285
-2942
-2544
-2053
-1497
-871
-383
83
671
1205
1600
1917
2157
2347
2465
2442
2377
2257
2003
1747
1443
1098
802
605
572
611
793
1158
1580
2125
2654
3062
3423
3612
3766
3875
3907
3927
3913
3932
4009
4054
4048
4080
3950
3729
3489
3201
2907
2583
2267
2010
1985
2167
2466
2758
3080
3414
3653
3820
3772
3573
3189
2737
2355
1902
1535
1315
1173
1147
1248
1310
1400
1540
1509
1480
1421
1275
1254
1333
1492
1695
1867
2001
2077
1954
1735
1482
968
334
-331
-977
-1452
-1868
-2125
-2148
-2093
-2085
-2015
-1862
-1981
-2303
-2730
-3366
-3908
-4334
-4774
-5144
-5452
-5705
-5757
-5661
-5594
-5490
-5331
-5277
-5197
-4972
-4774
-4494
-4155
-3892
-3583
-3231
-2925
-2652
-2356
-2105
-2034
-2123
-2215
-2293
-2505
-2732
-2952
-3265
-3598
-3917
-3944
-3841
-3732
-3452
-3128
-2615
-2027
-1384
-751
-225
252
687
1148
1456
1814
2101
2202
2357
2432
2514
2510
2369
2167
1849
1522
1275
1146
1121
1149
1329
1684
2137
2643
3174
3599
3834
4047
4254
4302
4260
4280
4213
4193
4218
4204
4271
4148
3934
3766
3446
3086
2782
2468
2267
2115
2053
2238
2410
2615
2945
3219
3423
3510
3479
3310
2961
2488
1975
1608
1215
937
929
849
808
892
1006
1112
1251
1345
1335
1424
1526
1560
1669
1863
1991
2021
2001
1904
1732
1382
908
438
-217
-897
-1309
-1590
-1821
-1906
-1910
-1828
-1671
-1621
-1712
-2031
-2544
-3115
-3709
-4202
-4728
-5301
-5715
-6006
-6109
-6096
-6030
-5905
-5881
-5744
-5575
-5496
-5230
-4911
-4626
-4356
-4038
-3623
-3179
-2896
-2713
-2499
-2429
-2440
-2551
-2683
-2760
-2855
-3077
-3386
-3523
-3559
-3488
-3395
-3347
-3183
-2879
-2412
-1882
-1316
-675
-129
252
675
1174
1611
1977
2155
2223
2285
2249
2293
2247
2052
1977
1755
1565
1552
1480
1513
1552
1664
1989
2294
2661
3125
3461
3635
3798
3953
4035
4092
4056
4064
4109
4084
4123
4134
4176
4123
3926
3746
3465
3180
2824
2541
2511
2379
2381
2610
2782
3051
3242
3312
3373
3243
3059
2773
2259
1834
1611
1277
971
936
955
1002
1113
1219
1330
1407
1456
1482
1409
1481
1662
1708
1782
1862
1930
1895
1663
1462
1130
522
-151
-726
-1125
-1542
-1833
-1937
-2006
-1874
-1714
-1589
-1468
-1501
-1789
-2323
-2839
-3323
-3900
-4450
-5037
-5523
-5788
-6049
-6082
-6010
-6009
-5870
-5809
-5641
-5336
-5132
-4842
-4492
-4143
-3792
-3444
-3066
-2690
-2496
-2388
-2260
-2331
-2467
-2645
-2881
-3045
-3340
-3621
-3746
-3789
-3815
-3784
-3577
-3353
-2982
-2469
-1928
-1331
-745
-102
465
938
1396
1692
1931
2135
2217
2219
2247
2285
2246
2147
1942
1674
1500
1468
1435
1443
1576
1748
1974
2291
2745
3187
3441
3673
3865
3984
4085
4112
4137
4182
4218
4183
4223
4313
4217
4043
3863
3679
3405
3061
2804
2568
2396
2372
2416
2518
2664
2864
3050
3183
3295
3170
2949
2702
2400
2146
1792
1478
1253
1061
964
1017
1081
1101
1174
1171
1150
1218
1321
1407
1450
1552
1787
1861
1862
2060
1963
1716
1352
729
181
-458
-971
-1417
-1902
-2114
-2161
-2043
-1883
-1803
-1724
-1782
-2009
-2404
-2916
-3482
-4090
-4632
-5193
-5709
-5967
-6082
-6132
-6044
-5966
-5923
-5775
-5584
-5400
-5150
-4858
-4541
-4177
-3884
-3511
-3099
-2858
-2651
-2539
-2561
-2652
-2803
-2985
-3082
-3197
-3411
-3495
-3641
-3816
-3790
-3602
-3333
-3124
-2835
-2320
-1703
-1119
-488
233
763
1114
1438
1757
2036
2158
2230
2247
2281
2337
2251
2182
2082
1847
1689
1639
1576
1569
1575
1674
2004
2334
2643
3045
3383
3617
3818
3892
3863
3871
3857
3776
3759
3800
3858
3945
4024
4060
3963
3706
3426
3158
2838
2534
2410
2352
2339
2423
2512
2767
2980
3058
3109
3070
2986
2703
2395
2102
1767
1526
1282
1131
1128
1105
1022
1055
1094
1084
1144
1157
1199
1273
1410
1646
1768
1912
2067
2068
2029
1812
1403
873
263
-368
-1101
-1653
-1998
-2348
-2473
-2418
-2343
-2201
-2103
-2171
-2307
-2538
-3012
-3553
-4055
-4540
-5024
-5606
-6018
-6108
-6246
-6361
-6189
-5960
-5732
-5475
-5202
-4890
-4545
-4187
-3832
-3438
-3080
-2820
-2594
-2335
-2215
-2210
-2213
-2338
-2440
-2548
-2778
-2990
-3197
-3416
-3416
-3350
-3339
-3184
-2922
-2554
-2067
-1473
-894
-334
189
658
1143
1448
1746
2029
2210
2403
2455
2461
2481
2411
2292
2137
1868
1572
1381
1188
1059
1038
1116
1295
1555
1903
2275
2670
2972
3216
3421
3520
3557
3568
3595
3669
3721
3769
3916
3931
3889
3867
3707
3491
3131
2818
2607
2337
2230
2189
2236
2496
2800
3148
3357
3460
3450
3315
3141
2735
2374
2053
1723
1484
1210
1111
1166
1233
1259
1235
1212
1161
1237
1317
1309
1429
1589
1876
2164
2229
2225
2101
1866
1506
927
252
-367
-1004
-1604
-1973
-2166
-2241
-2216
-2141
-2091
-2051
-2028
-2169
-2462
-2962
-3549
-4035
-4548
-5066
-5625
-6038
-6193
-6329
-6312
-6274
-6172
-5923
-5703
-5367
-5023
-4708
-4377
-3993
-3722
-3581
-3292
-3084
-2895
-2666
-2619
-2608
-2688
-2800
-2860
-2962
-2994
-3118
-3266
-3283
-3310
-3230
-3078
-2920
-2628
-2248
-1773
-1317
-859
-286
154
520
914
1328
1669
1923
2156
2237
2251
2352
2472
2310
2059
1966
1763
1610
1606
1515
1530
1647
1750
2039
2413
2752
3037
3289
3498
3669
3865
3886
3860
3875
3884
3931
3870
3852
3897
3886
3843
3701
3503
3233
2891
2715
2583
2456
2549
2743
2919
3079
3283
3442
3471
3368
3180
2837
2401
2037
1575
1238
1059
942
903
854
901
925
940
1024
1068
1082
1244
1413
1520
1697
1939
2175
2246
2215
2044
1751
1373
862
304
-272
-772
-1238
-1529
-1562
-1662
-1712
-1588
-1414
-1360
-1540
-1671
-1879
-2300
-2785
-3329
-3794
-4296
-4792
-5170
-5589
-5944
-6138
-6262
-6333
-6257
-6106
-5916
-5615
-5278
-4951
-4580
-4222
-3941
-3690
-3544
-3397
-3204
-3096
-2971
-2973
-2967
-2946
-3034
-3048
-3130
-3292
-3426
-3498
-3532
-3429
-3235
-3041
-2698
-2233
-1685
-1100
-499
104
610
1118
1627
1972
2275
2516
2675
2727
2559
2505
2437
2135
1902
1732
1565
1494
1483
1515
1637
1779
1930
2146
2391
2660
3006
3292
3448
3673
3821
3887
3987
3969
3921
3783
3567
3442
3255
3073
2994
2871
2785
2707
2683
2787
2775
2825
2920
3004
3170
3275
3390
3429
3419
3303
3129
2966
2658
2237
1790
1530
1302
1070
1020
926
844
841
860
956
1026
1133
1281
1455
1624
1695
1735
1782
1844
1691
1432
1199
744
269
-181
-657
-1024
-1452
-1753
-1823
-1944
-1961
-1851
-1802
-1769
-1837
-1971
-2210
-2600
-2962
-3389
-3868
-4333
-4704
-5028
-5435
-5739
-5952
-6104
-6118
-6055
-5866
-5621
-5290
-4844
-4476
-4018
-3612
-3353
-3046
-2852
-2720
-2655
-2638
-2564
-2557
-2539
-2543
-2614
-2668
-2777
-2943
-3068
-3178
-3302
-3320
-3273
-3164
-2867
-2407
-1804
-1193
-567
131
674
1201
1602
1846
2118
2139
2069
2067
2036
1931
1835
1875
1879
1832
1825
1802
1823
1845
1805
1915
2157
2296
2588
2991
3358
3795
3966
4165
4274
4196
4178
3983
3776
3582
3427
3298
3156
3107
3116
3079
3071
3091
3010
3037
3043
2944
2939
2928
2965
3077
3172
3220
3091
2870
2619
2340
2072
1721
1351
994
627
428
335
232
231
257
294
374
507
681
837
1006
1099
1233
1356
1346
1323
1173
931
616
209
-160
-492
-870
-1214
-1486
-1676
-1716
-1768
-1810
-1784
-1753
-1718
-1757
-1826
-1908
-2078
-2268
-2560
-3015
-3476
-3897
-4376
-4904
-5393
-5749
-5951
-6084
-6020
-5748
-5482
-5071
-4578
-4220
-3802
-3440
-3124
-2882
-2879
-2809
-2699
-2645
-2571
-2514
-2503
-2501
-2477
-2594
-2710
-2726
-2830
-2958
-3070
-3128
-3153
-3027
-2753
-2460
-2015
-1399
-798
-235
379
945
1413
1723
1999
2214
2258
2345
2374
2272
2174
2101
2097
2027
1927
1869
1900
2016
1985
2094
2278
2374
2670
2984
3269
3556
3762
3873
3956
4004
3910
3768
3580
3476
3400
3207
3081
3035
3009
3027
3114
3098
3004
3021
3062
3023
3037
3056
3048
3167
3259
3219
3061
2948
2891
2745
2455
2115
1789
1432
1243
1081
821
697
659
588
623
686
749
928
1080
1184
1223
1269
1319
1264
1148
1003
810
472
165
-222
-764
-1143
-1426
-1716
-2023
-2223
-2254
-2273
-2217
-2180
-2164
-2088
-2109
-2205
-2342
-2580
-2959
-3454
-3972
-4380
-4687
-5139
-5627
-5830
-5987
-6066
-5903
-5789
-5561
-5220
-4901
-4456
-4125
-3863
-3493
-3187
-2929
-2773
-2649
-2539
-2488
-2386
-2375
-2388
-2360
-2441
-2540
-2626
-2750
-2861
-2944
-2910
-2789
-2610
-2375
-1988
-1482
-956
-249
320
833
1399
1770
2045
2205
2275
2295
2325
2353
2337
2275
2241
2254
2197
2219
2201
2142
2166
2150
2207
2292
2399
2499
2674
3003
3326
3625
3779
3906
3992
3926
3789
3505
3268
3108
2906
2816
2776
2771
2861
2912
2914
3021
3051
2912
2867
2828
2796
2812
2759
2763
2841
2875
2919
2873
2687
2462
2164
1850
1516
1175
867
743
758
739
876
1042
1227
1442
1484
1604
1615
1462
1421
1256
1146
1112
874
618
367
14
-264
-558
-1000
-1419
-1756
-2019
-2282
-2406
-2377
-2283
-2197
-2067
-1891
-1890
-1974
-2070
-2227
-2558
-3001
-3552
-4080
-4416
-4733
-5102
-5358
-5419
-5432
-5361
-5227
-5024
-4801
-4620
-4402
-4221
-3913
-3572
-3260
-3001
-2868
-2580
-2424
-2335
-2174
-2208
-2198
-2253
-2481
-2512
-2567
-2770
-2839
-2996
-3009
-2656
-2318
-1951
-1540
-1038
-419
92
587
1076
1396
1614
1753
1825
1898
1977
2134
2198
2155
2227
2365
2483
2568
2543
2366
2174
2047
1950
1837
1840
2043
2215
2485
2931
3283
3680
4011
4086
4117
3999
3718
3512
3262
2970
2789
2649
2721
3023
3194
3299
3355
3301
3144
2913
2793
2581
2443
2461
2370
2468
2718
2909
3022
2916
2661
2401
1926
1357
912
475
209
191
295
471
713
958
1235
1420
1401
1325
1183
986
654
335
235
165
113
46
-40
-157
-437
-782
-1144
-1585
-1968
-2296
-2553
-2544
-2521
-2450
-2220
-2093
-1955
-1873
-1982
-2157
-2410
-2740
-3151
-3527
-3856
-4206
-4436
-4607
-4737
-4846
-4990
-4984
-4899
-4864
-4822
-4693
-4435
-4069
-3664
-3372
-3124
-2850
-2669
-2676
-2740
-2735
-2769
-2761
-2767
-2697
-2476
-2339
-2187
-2088
-1988
-1947
-1989
-1914
-1868
-1766
-1569
-1207
-716
-280
297
896
1307
1600
1827
1946
1946
1871
1792
1868
1986
2021
2187
2389
2512
2645
2676
2580
2391
2234
2115
2013
2119
2291
2479
2838
3171
3563
4006
4168
4158
3914
3523
3267
2916
2580
2450
2455
2668
2900
3095
3324
3492
3591
3535
3321
3040
2782
2604
2479
2491
2697
2891
3010
3086
3060
2961
2573
2098
1678
1131
704
428
314
403
648
1010
1288
1507
1645
1530
1280
1047
751
361
93
-40
-119
-82
-70
-102
-174
-363
-617
-974
-1432
-2006
-2508
-2760
-2862
-2740
-2629
-2513
-2242
-2056
-1988
-2083
-2398
-2768
-3146
-3584
-3952
-4278
-4461
-4452
-4474
-4509
-4516
-4514
-4568
-4647
-4682
-4697
-4585
-4391
-4138
-3772
-3458
-3191
-2969
-2847
-2804
-2827
-2862
-2943
-2967
-2930
-2889
-2668
-2350
-2128
-1890
-1729
-1743
-1770
-1820
-1797
-1700
-1552
-1296
-901
-359
147
633
1057
1321
1427
1382
1358
1372
1387
1386
1432
1689
2018
2323
2464
2473
2532
2437
2211
2009
1904
1950
2082
2355
2769
3286
3709
4003
4141
4041
3997
3676
3169
2840
2561
2506
2567
2758
3085
3358
3602
3790
3835
3702
3367
3019
2690
2466
2533
2617
2873
3208
3429
3660
3605
3336
2982
2418
1825
1249
676
440
448
695
1088
1350
1602
1807
1816
1561
1224
789
300
-56
-275
-344
-304
-149
33
179
180
6
-260
-741
-1450
-2025
-2355
-2703
-2829
-2691
-2406
-2039
-1735
-1523
-1587
-1697
-2004
-2547
-2976
-3410
-3766
-4038
-4198
-4197
-4162
-4086
-4103
-4181
-4256
-4401
-4544
-4683
-4755
-4713
-4531
-4225
-3842
-3418
-3063
-2798
-2695
-2730
-2767
-2912
-3013
-2977
-2979
-2780
-2483
-2239
-1875
-1604
-1488
-1455
-1482
-1524
-1541
-1467
-1384
-1088
-528
32
528
928
1217
1468
1643
1566
1412
1389
1406
1504
1678
1840
2118
2412
2599
2724
2643
2397
2164
1972
1857
1859
1990
2367
2808
3190
3580
3804
3845
3719
3400
2930
2534
2211
2009
2086
2244
2519
2952
3369
3626
3702
3590
3342
3028
2626
2349
2196
2196
2496
2815
3187
3617
3697
3536
3272
2744
2127
1584
1120
803
726
846
1086
1471
1852
2087
2174
2038
1660
1187
613
122
-149
-333
-326
-163
85
279
330
256
-9
-427
-1043
-1692
-2187
-2574
-2768
-2798
-2672
-2411
-2142
-1915
-1859
-1965
-2240
-2634
-3085
-3528
-3845
-4081
-4143
-4155
-4086
-3993
-4025
-4067
-4143
-4203
-4410
-4636
-4698
-4691
-4528
-4229
-3963
-3705
-3348
-3070
-2973
-3003
-2996
-3063
-3178
-3224
-3225
-2977
-2696
-2382
-1995
-1707
-1451
-1355
-1357
-1263
-1246
-1273
-1127
-970
-685
-304
-55
346
784
1010
1181
1295
1270
1301
1329
1343
1461
1630
1905
2099
2211
2394
2480
2485
2459
2394
2355
2430
2570
2720
2978
3172
3298
3448
3456
3379
3197
2875
2645
2543
2500
2537
2728
2984
3210
3459
3646
3682
3556
3289
2966
2674
2467
2367
2404
2570
2826
3171
3416
3471
3452
3263
2866
2433
1958
1545
1286
1200
1221
1283
1500
1635
1627
1602
1360
938
581
184
-220
-361
-415
-372
-246
-150
-65
-85
-218
-555
-927
-1371
-1903
-2258
-2550
-2637
-2521
-2388
-2194
-2042
-1961
-2058
-2343
-2734
-3250
-3646
-4000
-4220
-4094
-3897
-3678
-3366
-3042
-2945
-2963
-3045
-3413
-3766
-4004
-4190
-4293
-4229
-3931
-3639
-3323
-2988
-2693
-2553
-2569
-2617
-2911
-3146
-3185
-3241
-3196
-3039
-2694
-2245
-1862
-1491
-1190
-1032
-973
-1019
-1074
-1032
-953
-865
-664
-352
-63
291
579
721
842
822
824
889
865
1014
1248
1381
1673
2011
2185
2423
2586
2519
2483
2413
2352
2365
2356
2456
2628
2812
3001
3193
3353
3446
3492
3464
3403
3311
3206
3070
2935
2932
2959
3010
3107
3083
3067
3201
3200
3229
3241
3024
3092
3075
2846
2826
2742
2613
2548
2512
2442
2379
2275
2120
2092
2016
1790
1551
1325
1163
1086
946
813
624
382
251
66
-141
-347
-511
-667
-852
-1020
-1135
-1136
-1207
-1294
-1331
-1418
-1551
-1742
-2010
-2222
-2463
-2814
-2985
-3115
-3223
-3260
-3272
-3190
-3053
-2916
-2898
-2884
-2934
-3155
-3429
-3643
-3780
-3931
-4057
-4010
-3785
-3693
-3561
-3226
-2960
-2876
-2919
-2844
-2859
-2949
-3032
-3205
-3273
-3269
-3288
-3182
-2949
-2743
-2395
-2094
-1804
-1469
-1365
-1198
-980
-863
-866
-848
-713
-600
-466
-298
-86
110
334
526
623
748
857
935
1021
1043
1122
1328
1506
1668
1825
2003
2125
2176
2231
2328
2374
2370
2462
2592
2740
2857
3081
3239
3268
3382
3339
3245
3149
2979
2867
2699
2635
2735
2857
3099
3302
3430
3535
3544
3479
3368
3130
2776
2516
2298
2144
2163
2316
2460
2626
2831
2821
2746
2576
2251
1957
1654
1307
930
780
829
873
923
1005
982
851
758
524
179
-221
-655
-955
-1135
-1210
-1181
-1160
-1169
-1144
-1175
-1418
-1757
-1995
-2272
-2538
-2728
-2847
-2785
-2679
-2517
-2386
-2385
-2345
-2451
-2786
-3068
-3352
-3678
-3879
-3956
-3801
-3598
-3360
-2991
-2775
-2661
-2674
-2806
-2952
-3150
-3413
-3686
-3714
-3607
-3422
-3029
-2740
-2511
-2266
-2151
-2057
-2139
-2316
-2348
-2450
-2496
-2286
-2077
-1779
-1404
-1091
-830
-715
-590
-484
-440
-451
-430
-296
-89
176
344
632
919
1045
1079
1046
1102
1060
1072
1179
1377
1726
2034
2297
2504
2655
2747
2766
2616
2502
2483
2449
2495
2492
2629
2947
3107
3251
3409
3448
3483
3405
3215
3157
3151
3149
3204
3256
3359
3336
3332
3410
3302
3152
2978
2800
2752
2739
2675
2695
2771
2840
2782
2537
2308
1961
1569
1331
1140
1025
1041
1033
964
1046
1007
855
746
422
-67
-511
-721
-916
-1094
-1144
-1147
-1037
-1048
-1118
-1153
-1390
-1729
-2042
-2300
-2526
-2739
-2789
-2748
-2674
-2553
-2538
-2557
-2623
-2857
-3089
-3238
-3498
-3733
-3656
-3505
-3381
-3287
-3244
-3108
-3153
-3296
-3346
-3524
-3674
-3749
-3749
-3620
-3480
-3231
-2924
-2729
-2561
-2439
-2477
-2583
-2642
-2804
-2894
-2709
-2492
-2222
-1819
-1403
-1044
-730
-592
-552
-543
-692
-785
-738
-615
-460
-228
122
560
960
1202
1376
1404
1359
1332
1260
1260
1361
1526
1710
1875
2139
2428
2611
2737
2787
2722
2662
2576
2451
2429
2448
2548
2723
2941
3052
3053
3107
3044
2951
2824
2666
2631
2617
2657
2798
2973
3110
3200
3276
3256
3129
3002
2740
2514
2430
2256
2177
2205
2232
2327
2445
2369
2203
2033
1789
1580
1290
996
793
643
598
578
599
609
524
463
410
198
-106
-354
-626
-825
-994
-1120
-1119
-1228
-1301
-1372
-1440
-1521
-1699
-1796
-2003
-2119
-2172
-2298
-2276
-2385
-2494
-2479
-2603
-2724
-2804
-2993
-3164
-3231
-3256
-3202
-3136
-3135
-3088
-3003
-3001
-3044
-3225
-3300
-3173
-3243
-3303
-3199
-3132
-3065
-2974
-2896
-2789
-2717
-2651
-2600
-2635
-2585
-2506
-2393
-2224
-2065
-1910
-1744
-1504
-1302
-1179
-1081
-917
-764
-618
-419
-256
-92
62
309
577
773
935
986
983
1104
1177
1167
1320
1543
1775
1905
2106
2362
2463
2624
2664
2671
2693
2566
2560
2593
2638
2674
2704
2862
3025
3156
3180
3162
3302
3421
3351
3285
3265
3223
3132
3081
3071
3031
3021
2988
2970
3012
3063
3047
2966
2816
2734
2713
2552
2484
2362
2159
2085
1862
1704
1598
1362
1196
1012
873
744
560
363
221
62
-133
-192
-314
-473
-639
-791
-884
-1098
-1294
-1451
-1600
-1688
-1734
-1803
-1843
-1846
-1919
-1962
-2015
-2169
-2360
-2450
-2522
-2638
-2694
-2695
-2722
-2795
-2887
-2867
-2773
-2746
-2784
-2917
-2931
-2934
-2995
-3005
-3041
-2997
-2900
-2849
-2863
-2795
-2693
-2585
-2496
-2527
-2474
-2444
-2370
-2246
-2295
-2250
-2171
-2148
-1988
-1829
-1683
-1541
-1474
-1275
-1107
-1025
-791
-678
-590
-354
-249
-78
145
270
374
468
632
741
846
982
1090
1245
1378
1474
1583
1719
1807
1863
1919
2025
2129
2121
2210
2280
2241
2273
2275
2306
2363
2414
2466
2584
2761
2727
2722
2779
2708
2718
2730
2647
2540
2527
2567
2584
2576
2642
2771
2772
2824
2841
2750
2678
2503
2317
2140
1910
1784
1739
1656
1597
1625
1692
1691
1567
1381
1193
1027
811
551
335
61
-156
-200
-219
-202
-240
-390
-519
-732
-994
-1190
-1380
-1585
-1678
-1721
-1776
-1699
-1671
-1701
-1812
-1985
-2063
-2207
-2376
-2509
-2615
-2594
-2561
-2499
-2373
-2377
-2371
-2354
-2416
-2481
-2699
-2857
-2906
-2932
-2812
-2749
-2608
-2405
-2336
-2242
-2196
-2218
-2270
-2295
-2283
-2246
-2236
-2252
-2126
-1995
-1791
-1571
-1464
-1365
-1383
-1370
-1322
-1326
-1230
-1038
-839
-616
-402
-220
-46
43
147
269
270
282
384
514
655
866
1102
1301
1471
1583
1611
1622
1662
1669
1617
1639
1787
1865
2004
2133
2221
2366
2380
2436
2391
2280
2248
2181
2165
2179
2268
2257
2328
2503
2453
2452
2456
2349
2245
2190
2204
2091
1987
2040
2053
2025
2121
2206
2072
1939
1816
1680
1607
1453
1358
1280
1128
1032
1013
986
861
753
647
481
313
138
-20
-198
-345
-416
-486
-551
-630
-733
-842
-927
-1001
-1109
-1228
-1330
-1401
-1492
-1596
-1644
-1628
-1649
-1691
-1709
-1759
-1773
-1736
-1810
-1927
-1875
-1935
-2030
-1998
-2009
-2019
-2007
-2025
-2037
-1986
-1990
-1965
-1980
-1917
-1733
-1786
-1836
-1850
-1885
-1799
-1714
-1627
-1608
-1661
-1655
-1570
-1494
-1515
-1402
-1288
-1259
-1116
-1082
-1024
-865
-846
-802
-699
-630
-530
-434
-302
-190
-106
-32
20
173
281
315
290
306
462
587
709
755
778
855
901
939
992
1108
1171
1226
1308
1389
1483
1477
1488
1550
1636
1679
1608
1650
1734
1725
1738
1793
1909
1872
1873
2022
2024
2043
2036
1947
1916
1845
1738
1706
1635
1606
1644
1649
1691
1695
1674
1600
1543
1528
1416
1376
1299
1121
1027
915
824
758
673
702
703
607
479
378
359
189
45
-33
-221
-243
-342
-517
-577
-604
-611
-723
-735
-777
-901
-923
-990
-1059
-1093
-1146
-1158
-1167
-1214
-1184
-1161
-1167
-1222
-1326
-1347
-1428
-1524
-1557
-1560
-1553
-1609
-1584
-1565
-1619
-1654
-1692
-1710
-1710
-1720
-1769
-1730
-1711
-1678
-1655
-1710
-1549
-1444
-1469
-1495
-1420
-1348
-1331
-1184
-1213
-1158
-1147
-1214
-1049
-1017
-912
-792
-691
-531
-480
-337
-232
-220
-162
-62
69
197
242
199
276
355
381
492
537
576
717
851
946
987
994
967
1010
1094
1052
1173
1199
1120
1311
1339
1376
1517
1459
1432
1449
1445
1511
1492
1413
1503
1590
1638
1647
1683
1717
1662
1717
1682
1606
1530
1459
1432
1351
1337
1293
1276
1296
1304
1268
1249
1218
1064
1019
916
785
751
603
477
415
349
353
328
281
236
150
99
-12
-130
-181
-149
-189
-342
-431
-522
-558
-624
-729
-812
-888
-904
-940
-932
-898
-909
-914
-960
-982
-933
-915
-972
-1037
-1023
-1065
-1131
-1119
-1159
-1221
-1306
-1295
-1314
-1361
-1287
-1287
-1276
-1272
-1268
-1244
-1296
-1351
-1353
-1320
-1323
-1347
-1376
-1369
-1326
-1306
-1276
-1136
-994
-958
-927
-946
-891
-813
-832
-809
-751
-723
-662
-537
-431
-329
-226
-162
-172
-135
-88
-81
-76
-111
-9
99
214
429
473
495
616
685
708
667
586
614
707
706
724
819
918
1004
1020
1040
1029
1028
1077
1063
1129
1185
1117
1146
1245
1268
1261
1271
1294
1256
1189
1145
1102
1081
1108
1195
1208
1250
1328
1389
1456
1355
1224
1127
1058
1063
1052
994
908
880
885
863
847
801
732
724
611
411
314
167
146
225
184
145
38
-44
-65
-140
-255
-382
-440
-480
-561
-627
-688
-715
-712
-752
-834
-772
-756
-904
-929
-991
-1090
-1117
-1122
-1134
-1156
-1202
-1305
-1271
-1180
-1178
-1250
-1342
-1309
-1192
-1218
-1300
-1249
-1266
-1232
-1129
-1196
-1208
-1229
-1259
-1218
-1238
-1201
-1149
-1147
-1148
-1080
-1034
-1018
-907
-820
-789
-777
-709
-681
-647
-541
-584
-522
-368
-269
-185
-151
6
66
-3
77
140
163
319
442
377
466
566
590
716
636
587
703
804
868
790
774
843
823
862
913
1015
1066
1005
1070
1103
1133
1207
1268
1318
1266
1248
1245
1208
1271
1219
1049
1035
1037
1038
1133
1202
1239
1277
1212
1121
1057
1023
953
886
924
850
755
733
664
654
666
634
643
598
523
458
405
316
159
70
16
41
78
-54
-194
-177
-255
-381
-408
-456
-493
-559
-643
-633
-617
-616
-619
-675
-652
-689
-816
-815
-849
-948
-940
-972
-1023
-1008
-1016
-1018
-1057
-1100
-1075
-1094
-1158
-1168
-1132
-1095
-1083
-1106
-1098
-1088
-1164
-1198
-1156
-1138
-1145
-1113
-1014
-1026
-1056
-946
-875
-847
-852
-822
-741
-759
-730
-614
-595
-639
-600
-467
-359
-320
-301
-320
-280
-175
-203
-172
-75
-40
109
222
251
277
296
331
400
424
431
488
526
602
657
654
679
754
793
810
847
816
829
845
824
878
884
882
940
925
936
1023
1079
1072
1108
1167
1096
1104
1145
1079
1091
1129
1145
1143
1097
1072
1113
1128
1008
952
940
844
830
805
702
706
746
631
509
503
505
442
297
195
205
169
82
91
93
-2
-40
-64
-171
-247
-285
-335
-359
-400
-418
-413
-454
-478
-482
-425
-405
-521
-622
-674
-756
-795
-776
-778
-793
-784
-788
-799
-853
-979
-1005
-922
-963
-1038
-929
-904
-960
-911
-899
-891
-908
-956
-994
-1033
-1026
-957
-888
-944
-943
-921
-861
-773
-827
-752
-599
-556
-539
-538
-573
-515
-419
-365
-291
-218
-169
-170
-112
-43
-32
-5
63
169
227
228
173
191
292
342
408
394
438
453
409
509
515
574
597
540
544
569
653
682
701
695
721
743
681
698
713
717
781
769
769
811
766
780
808
780
816
816
781
758
727
759
750
723
738
689
691
655
559
553
543
549
532
437
374
383
345
282
293
293
306
259
156
158
95
55
57
-57
-106
-136
-178
-154
-154
-217
-257
-301
-284
-266
-358
-293
-275
-313
-282
-369
-378
-431
-534
-517
-486
-444
-447
-501
-529
-540
-625
-632
-570
-608
-593
-607
-649
-630
-734
-775
-670
-679
-656
-695
-779
-739
-752
-698
-723
-774
-707
-739
-694
-663
-645
-487
-501
-543
-503
-539
-500
-426
-442
-412
-404
-428
-324
-298
-257
-144
-51
29
16
0
3
63
53
48
120
60
16
84
153
272
421
419
436
471
426
448
429
413
422
492
528
498
520
480
522
542
532
578
547
493
513
573
542
546
581
630
642
641
654
612
682
633
545
560
515
511
498
473
537
602
562
548
471
436
435
349
374
250
177
214
196
271
187
99
148
121
54
35
-21
-139
-207
-163
-133
-118
-83
-115
-124
-169
-226
-232
-272
-359
-301
-314
-415
-358
-462
-465
-393
-411
-358
-388
-382
-427
-448
-412
-428
-415
-512
-487
-424
-439
-395
-435
-452
-507
-510
-438
-543
-526
-402
-474
-477
-424
-496
-418
-442
-597
-573
-561
-540
-520
-469
-452
-423
-336
-351
-278
-286
-344
-245
-168
-202
-218
-109
-110
-95
-31
-72
63
68
9
127
96
158
238
203
221
221
201
249
367
395
394
385
379
428
420
400
378
444
424
417
560
471
414
485
493
476
465
539
553
516
512
515
529
482
418
414
446
486
441
407
423
400
416
437
419
449
486
403
385
432
378
427
454
359
407
372
267
296
305
253
188
166
158
150
155
85
24
23
18
54
40
-15
-108
-119
-72
-178
-250
-264
-279
-256
-237
-216
-255
-306
-304
-328
-317
-293
-348
-462
-490
-405
-383
-389
-425
-543
-530
-453
-464
-510
-527
-508
-471
-472
-470
-355
-332
-384
-393
-436
-394
-385
-453
-431
-430
-492
-427
-376
-400
-313
-321
-310
-274
-264
-249
-255
-183
-144
-177
-317
-299
-213
-226
-147
-113
-130
-117
-74
-59
-119
-107
-41
7
2
-13
83
140
184
226
180
174
199
228
153
128
244
213
210
239
216
244
327
369
333
355
390
363
296
294
328
280
340
444
382
362
348
313
359
388
362
328
347
368
298
233
281
330
328
365
403
296
321
327
220
253
226
255
249
222
225
190
200
170
241
251
169
212
210
94
26
45
98
37
-73
-84
-42
25
20
28
23
-53
-69
-65
-80
-105
-111
-125
-140
-89
-74
-162
-139
-140
-223
-193
-212
-260
-295
-245
-205
-255
-261
-264
-227
-191
-207
-221
-232
-239
-186
-224
-322
-340
-384
-388
-402
-412
-350
-342
-286
-250
-295
-315
-329
-352
-309
-279
-297
-295
-334
-275
-237
-284
-246
-187
-153
-196
-200
-183
-209
-209
-200
-122
-70
-29
-4
-37
-15
40
86
97
100
8
-4
110
112
101
114
126
152
215
229
233
267
260
184
119
187
187
191
257
227
234
209
152
148
146
193
201
179
191
227
201
126
130
163
195
183
208
165
134
179
135
153
166
241
267
272
298
214
232
188
209
316
243
212
260
246
195
195
236
234
219
207
183
170
170
180
163
217
207
104
102
147
161
139
91
-3
-30
-18
-70
-50
-28
-106
-131
-151
-170
-137
-205
-192
-229
-350
-295
-287
-253
-189
-281
-320
-301
-340
-330
-334
-373
-376
-348
-379
-400
-315
-323
-310
-297
-339
-310
-280
-201
-264
-351
-270
-294
-270
-221
-227
-272
-363
-284
-220
-160
-166
-233
-175
-185
-153
-109
-124
-149
-124
-21
6
31
27
49
93
113
83
-64
20
154
119
146
162
151
155
165
135
109
165
207
228
266
272
259
268
256
222
239
260
246
216
150
161
208
162
168
192
92
156
205
142
228
171
89
139
164
222
212
175
201
192
127
129
217
160
165
201
121
123
60
57
119
123
173
180
110
159
213
82
104
192
152
98
24
101
111
82
109
64
50
-72
-46
-1
-112
-92
-88
-95
-67
-41
-52
-103
-103
-77
-120
-125
-93
-180
-178
-100
-211
-270
-195
-235
-235
-146
-214
-308
-291
-219
-222
-346
-345
-251
-252
-296
-266
-255
-226
-149
-147
-166
-199
-194
-154
-195
-232
-264
-293
-237
-281
-237
-168
-242
-217
-129
-128
-193
-127
-50
-34
-40
-31
6
-31
27
91
51
67
82
18
41
93
70
104
128
106
147
186
204
252
258
290
315
291
359
339
277
270
213
219
214
176
215
177
167
194
184
232
203
175
125
131
201
165
202
221
188
165
141
185
152
168
193
115
133
82
95
172
50
46
85
3
21
60
93
92
57
52
-3
0
23
-34
-46
0
92
117
64
150
104
-29
-46
-44
-14
-72
-85
-81
-159
-140
-65
-125
-146
-101
-139
-129
-114
-113
-131
-162
-173
-179
-138
-147
-158
-215
-312
-306
-322
-338
-307
-248
-228
-250
-226
-218
-202
-230
-268
-189
-157
-167
-147
-180
-129
-153
-221
-99
-120
-156
-126
-139
-114
-87
-16
-82
-73
0
-54
-5
28
70
56
-20
9
97
148
77
70
125
119
100
121
167
141
77
56
114
120
14
61
85
70
181
159
137
142
109
144
153
182
182
120
104
105
148
194
174
94
56
16
93
135
-37
19
48
30
129
85
51
158
120
54
132
50
101
174
107
123
110
116
139
108
58
64
52
52
78
71
114
123
60
74
138
95
60
61
52
40
34
49
-24
-34
27
14
-28
-61
-63
-76
-101
-117
-172
-196
-175
-84
-39
-107
-81
-98
-146
-152
-222
-195
-146
-125
-127
-255
-192
-109
-172
-170
-152
-127
-196
-284
-244
-234
-233
-249
-278
-210
-192
-157
-91
-85
-141
-221
-257
-201
-131
-148
-152
-151
-141
-118
-53
-46
-62
-24
-55
-55
-53
2
23
-39
-4
82
102
94
127
130
109
114
141
147
84
-16
-8
28
59
109
70
83
83
15
54
84
65
64
84
127
103
105
149
165
212
215
138
74
64
94
165
188
154
182
239
190
126
128
130
170
185
163
240
249
155
148
94
88
109
52
67
67
57
90
89
64
103
162
94
107
178
54
95
67
-57
41
-62
-77
35
2
42
72
34
26
-28
-106
-88
-65
-50
-4
-41
-19
-13
-134
-57
-94
-140
-75
-158
-112
-139
-191
-132
-42
-90
-132
-38
-48
-29
-46
-80
-89
-103
-117
-195
-223
-187
-155
-121
-174
-229
-154
-78
-116
-97
-78
-219
-204
-118
-136
-159
-163
-119
-163
-217
-168
-71
-58
-129
-129
-116
-110
-130
-105
-22
-25
-52
-15
0
-57
-48
-59
-60
21
54
95
98
96
114
27
6
34
43
92
105
146
206
224
153
118
226
217
126
54
-7
42
105
78
137
224
191
193
114
82
193
178
124
100
87
107
83
48
164
169
96
124
62
5
25
30
-13
-1
70
132
121
143
167
70
52
47
35
50
-2
-27
-24
-51
-60
-25
-19
-25
-12
2
5
-34
23
69
5
0
86
82
-6
-18
-35
-25
-50
-51
14
-72
-72
8
-69
-107
-122
-127
-32
-152
-157
4
-80
-39
4
-50
-17
3
-17
-98
-154
-137
-154
-159
-127
-166
-132
-99
-109
-58
-23
-22
-58
-61
-32
-43
-127
-148
-69
-42
-66
-105
-72
-42
-112
-127
-119
-154
-118
-88
-33
26
-48
-78
-65
-66
-28
-16
5
22
-11
-83
-49
30
10
17
44
86
191
191
91
105
81
79
99
65
135
87
43
122
74
18
55
96
104
90
132
129
92
124
99
117
99
45
91
52
65
83
47
62
56
105
69
-15
8
33
54
40
-17
80
151
66
88
115
50
51
85
38
2
-45
-119
-68
-103
-170
-109
-99
-73
-71
-72
-57
-68
36
56
-25
-14
-49
-70
-30
-84
-66
-33
-111
-98
-45
-50
-69
-90
-124
-94
-60
-71
15
10
-19
34
4
-27
9
-26
-96
-127
-143
-113
-109
-64
-32
-39
-18
-52
-56
-22
-47
-107
-85
-11
-13
2
-2
-85
-86
-42
-80
-64
16
6
12
15
-12
-44
-27
36
-30
-33
45
26
-8
43
73
37
20
31
63
55
76
96
61
23
52
105
96
121
143
119
69
154
192
133
180
77
15
48
60
104
40
9
-25
53
167
156
177
95
83
89
27
83
60
-12
18
47
48
71
38
-5
-9
-21
-32
-30
7
-36
-45
56
41
-5
40
45
7
7
-34
-64
-16
-27
-9
67
17
-50
-62
-108
-87
-50
12
-22
-89
2
-6
13
20
-40
-102
-126
-63
-27
45
-11
-72
-42
-51
-34
-63
-105
-143
-120
-72
-84
-70
-70
2
41
-11
11
-33
-100
-74
-122
-134
-21
-50
-94
-82
-144
-143
-115
-80
-30
-101
-116
-7
17
-47
-140
-140
-84
-89
-57
-52
-87
-50
2
-8
-14
8
33
39
7
24
49
79
62
13
67
67
63
87
75
116
125
7
28
149
84
94
125
99
104
83
120
175
172
84
115
120
14
58
73
65
32
17
102
106
75
107
64
13
83
51
8
33
6
44
86
63
-4
-31
22
-17
-55
-11
-14
-42
-112
-59
22
-44
-50
-29
10
37
-19
-13
-54
-96
-54
-95
-30
-29
-66
26
-64
-68
-45
-91
48
34
-81
-64
-45
-8
-24
-36
-9
-18
-15
-44
-67
-45
11
66
50
2
-50
-163
-147
-44
-36
-46
-127
-108
-29
-56
-18
54
35
-22
-99
-113
-56
-123
-159
-96
-73
-43
-96
-169
-59
-4
3
33
-2
-18
-34
-68
-138
-54
-36
-74
63
45
41
71
73
68
9
12
16
47
-3
-18
126
139
79
79
104
65
82
127
56
50
74
93
95
77
89
29
75
155
42
50
130
137
138
124
150
103
91
58
3
44
-4
-3
-10
21
77
41
116
125
6
-15
52
44
5
-21
-99
-101
4
78
59
-27
-15
16
-53
-90
-132
-96
-18
-88
-111
-15
-16
-34
9
-15
39
39
-87
-32
-10
-54
3
-28
-74
-79
-60
-25
-25
21
29
4
14
24
21
18
21
-32
-14
58
45
-19
-67
-10
-7
-54
-33
-8
10
-9
-15
-22
-24
-54
-102
-98
-121
-80
-26
-43
-42
-6
95
84
-79
-107
-58
-108
-109
-85
-134
-152
-99
-86
-58
-31
-68
-1
-33
-102
-34
-95
-138
-78
-93
-118
-52
41
94
53
-21
-8
23
-2
-27
29
33
24
88
112
31
-52
-6
47
64
55
36
23
57
110
139
127
120
206
124
15
57
38
25
72
91
74
79
39
19
94
46
-44
-9
2
-36
96
125
63
166
96
59
75
44
37
-44
-8
-4
-79
-100
-111
-21
25
-19
19
9
18
85
33
18
73
53
1
-76
-41
14
-33
-76
-47
17
-74
-108
-55
-57
-32
-12
-16
65
151
94
54
45
28
25
76
49
-4
29
-23
-4
31
-46
-90
-78
-125
-138
-31
2
62
40
-86
-40
5
-19
12
21
-41
-55
-19
-22
-4
-26
-105
-80
-13
0
5
-31
-45
-44
-65
-86
-82
-92
-140
-103
-98
-10
64
40
56
16
6
-65
-54
-21
-119
-120
-110
-73
-13
-46
-45
23
2
-57
-5
50
36
16
38
33
-18
16
77
18
-29
-11
-65
-38
-6
-31
-6
27
99
54
14
20
28
121
87
67
85
84
93
105
108
90
32
-2
50
0
-69
-92
-31
59
55
44
33
68
72
37
26
37
24
-22
18
59
26
25
80
86
101
118
96
51
-11
-62
-84
-41
-94
-163
-76
-40
-99
-46
72
78
70
90
115
103
-19
-11
2
-75
-50
-43
-15
-58
-103
-29
-32
-72
-67
-20
14
17
98
113
26
-17
-39
27
-50
-74
74
56
0
-37
-4
16
9
4
-79
-73
-50
-70
-3
55
106
120
77
60
22
-7
17
21
-70
-107
-83
-94
-103
-46
47
57
75
79
-8
-94
-110
-52
-44
-6
46
-63
-70
-31
-83
9
65
85
110
-3
21
-15
-99
-57
-129
-62
-27
-39
-6
-53
-5
11
-10
24
63
59
59
74
83
86
42
-30
-18
52
-29
-51
39
28
23
28
-18
-43
-53
-31
2
-32
33
135
87
16
-14
33
41
-51
-22
62
43
-62
-115
-41
-7
-30
31
28
19
70
-24
11
65
-21
-29
-93
-69
-12
-94
-112
-45
-7
14
23
21
38
-41
-47
11
-5
-10
-26
-65
-130
-83
15
4
36
34
-51
-19
-40
-94
-28
-73
-70
21
7
36
2
-42
-46
-127
-37
9
-66
30
62
13
-13
-18
77
102
75
31
-39
6
-47
-18
80
4
36
57
-16
-30
10
16
4
20
69
136
94
87
103
66
34
-48
-39
-57
-11
91
40
26
64
119
121
90
37
14
79
11
-21
17
-18
-20
-70
-121
-40
28
3
-3
3
55
55
-8
23
6
-6
-36
-33
70
116
82
-43
-90
12
58
7
-18
-5
-7
-9
38
67
26
29
23
30
84
48
9
76
83
28
-44
11
106
-10
28
15
-53
-12
-89
-3
76
55
54
-18
-45
-88
-145
-137
-133
-33
16
-14
-12
-53
-22
26
-33
-81
-22
-45
-73
-38
-71
-96
-122
-75
-89
-76
-28
-55
-25
-34
31
7
-57
-11
12
37
-5
-25
0
-22
-52
-21
-1
9
-50
-108
34
91
-5
-6
49
40
43
-36
-9
109
78
137
33
-112
-8
3
-13
15
-12
-29
-64
-66
1
-22
-43
25
-28
-7
53
-1
22
-24
-39
14
16
34
-2
-9
14
33
27
-47
-21
22
11
-18
-86
-21
58
81
108
66
60
116
67
62
95
54
69
135
159
75
52
25
20
85
30
53
82
9
11
65
73
32
19
59
52
51
72
16
5
-47
-44
28
-78
-143
-82
-94
-130
-88
-43
-35
-73
-131
-135
-130
-142
-39
30
8
-72
-86
-35
-44
-28
-70
-43
25
-18
-33
-13
35
65
14
23
33
23
50
74
91
74
130
150
74
64
83
40
38
52
23
18
-22
25
103
37
-50
-56
-15
-67
-114
-131
-108
-86
-93
-50
-126
-112
-66
-43
-60
-102
-46
-84
-128
-168
-88
-67
-134
-63
-62
-24
-5
-23
18
29
101
119
99
118
65
51
41
29
74
64
32
134
152
81
141
130
112
89
80
96
7
-2
62
102
120
92
64
52
-4
-17
23
22
-5
-8
-70
-143
-43
-20
-115
-97
-28
60
23
-27
1
-40
-42
-62
-59
-54
-48
69
47
-38
7
9
63
115
28
46
48
-35
-4
49
13
-44
-43
2
50
78
71
1
-19
122
136
48
33
-43
-96
-14
5
-97
-17
75
40
19
15
34
-38
-82
-67
-111
-91
-18
-62
-95
-13
9
22
23
-46
-52
-31
-62
-97
-80
-122
-155
-85
-53
-122
-103
49
-16
-35
44
14
0
-61
-21
-66
-183
12
80
-65
-67
-69
4
78
46
42
0
13
72
32
-17
30
90
71
51
90
82
38
73
112
133
37
-77
17
22
-55
-31
1
16
-22
6
4
-71
-7
-14
-14
12
-110
-90
-38
-41
40
83
35
6
5
-36
-86
-99
-76
-58
16
18
-5
44
-19
-33
39
61
89
77
142
166
77
114
80
22
50
15
10
21
40
107
115
104
86
60
26
-78
-22
44
-75
-79
-32
21
2
-7
63
5
-32
-56
-108
-154
-129
-80
-41
-18
-79
-54
-95
-135
-69
-15
18
-5
26
38
68
93
5
2
34
25
-8
-21
-18
-74
-31
38
-1
23
75
81
46
-6
104
97
10
32
29
81
65
49
-13
-100
-90
-107
-60
-23
-30
-85
-133
-53
-41
-87
-112
-73
-13
-41
-41
-49
-9
63
36
37
-7
-44
-19
-20
-15
-71
-21
-12
-11
93
-3
-32
29
63
122
39
-10
33
20
20
24
48
26
-47
2
60
29
68
40
-103
-54
-37
-22
101
40
17
59
-2
-20
-31
6
94
57
-1
11
-31
-85
-31
-86
-120
-33
-25
60
47
-44
-22
-11
19
-16
-14
59
62
48
31
17
6
34
80
98
85
55
-59
-96
-54
-142
-97
-49
-50
15
28
79
70
44
73
79
93
34
-27
9
-32
4
2
-64
67
61
55
83
22
41
19
38
27
-36
-4
29
41
8
-18
-68
-74
-16
-25
-13
-87
-59
29
-95
-128
-42
53
80
-10
-32
14
-4
-3
63
50
-27
-47
8
20
-4
19
70
6
-51
65
34
-25
-13
-6
-4
-89
-91
10
63
29
78
57
4
112
44
3
52
-18
27
40
-70
-100
-79
-45
20
-45
-114
-19
-48
-68
-44
-138
-143
-87
-59
-55
-53
-33
-35
-45
-11
61
0
-28
12
-23
-9
-39
14
23
-47
60
65
34
94
44
-14
17
97
90
-23
13
19
-33
-18
-25
31
-28
-53
55
64
44
70
104
39
19
66
45
-12
-40
16
25
-36
-18
-5
-20
16
-1
-47
-52
-136
-157
-45
13
-5
-64
-40
25
-2
-50
-29
33
47
28
60
107
97
75
19
-52
4
72
44
13
-5
10
52
61
64
-2
-89
-66
1
30
2
31
90
53
6
6
4
-49
-78
-36
-3
69
140
112
72
84
45
-48
-69
-67
-61
-26
-50
-39
-18
-42
-16
-6
-28
-62
-68
-30
-50
-81
-16
-15
-24
-9
-19
75
72
45
81
19
-11
20
0
-51
-63
-5
7
-61
-58
-54
-77
-28
12
-27
-40
-50
-67
28
-77
-107
50
-41
-12
-2
-15
133
73
60
72
35
56
13
26
39
-15
-27
29
36
7
39
54
4
-60
-37
-51
-28
42
28
41
-16
-32
-20
10
90
65
-10
-52
5
16
-27
-48
-47
8
78
85
61
70
-21
-150
-132
-41
-79
-105
-20
-33
-94
-59
53
76
12
40
64
1
30
92
52
32
-7
8
87
96
118
103
64
30
-2
59
77
29
-2
-16
-3
-37
-75
-50
-5
-10
-18
-2
8
44
8
-82
-94
-37
-15
-24
-5
21
1
-43
20
27
-55
-26
-8
-14
-74
-124
-88
-40
30
-33
-78
-75
-48
41
31
44
39
12
-3
26
90
17
-6
53
45
40
71
49
48
-9
-63
50
-19
-55
41
5
26
-23
-34
8
-40
-29
-46
-18
-4
-25
-14
-48
-57
-13
9
-44
-66
-7
-42
3
93
24
78
39
-30
68
17
-48
-56
-25
7
-57
-68
-52
-55
0
-64
-98
12
-11
-2
76
56
10
42
69
20
40
10
-3
50
-36
-34
62
44
29
22
-14
-16
-21
-18
8
-20
-46
-42
-13
0
-9
-16
-53
32
145
160
72
15
55
-13
6
-28
-41
85
60
23
-13
-31
2
57
21
1
37
-28
-53
-42
-3
-40
-40
-6
-42
-10
-8
7
-13
-41
-8
0
-10
-17
17
-22
37
116
30
20
7
-12
-11
-21
-80
-36
77
-6
-22
-7
-41
-17
-54
-49
8
-66
-100
31
64
12
42
103
80
-33
-37
58
53
27
80
56
37
25
-53
-42
-12
-21
-3
39
22
