-13
-14
1
-41
21
-35
-47
-20
-7
-41
-55
20
-30
-68
-27
-28
-35
-86
-73
-16
-48
-53
-48
44
29
-6
62
16
43
0
-50
4
58
108
54
1
-44
-38
30
82
59
27
47
24
13
47
109
70
2
42
9
5
83
63
-10
-62
-22
21
16
31
4
-10
10
16
-24
-27
-48
-39
-33
-84
-76
-118
-41
42
19
-6
-22
5
25
64
38
-19
-64
1
23
-84
-60
-13
38
87
112
126
38
10
41
43
88
115
95
62
45
0
11
60
43
83
90
14
-8
4
-34
-86
-66
-24
3
-16
25
-5
-127
-81
-60
-31
18
-31
-17
-25
-101
-54
-32
-54
27
24
-26
-89
-95
-98
-90
-12
-43
-56
-69
-41
-19
-89
-75
-19
30
85
32
-84
-90
-122
-112
23
0
-61
20
-49
-39
78
-50
-42
64
78
116
73
91
102
10
42
57
104
117
22
31
-15
1
29
-4
9
-10
30
21
-13
44
41
0
-28
4
141
59
-84
-21
-4
-19
-26
-18
-5
-6
-16
-36
11
24
-24
39
71
42
42
9
17
40
4
9
66
-16
-26
49
20
51
64
45
79
55
-15
-21
-7
-3
50
50
41
86
59
31
-39
-37
8
-33
0
-19
-49
-9
40
8
-23
-26
-117
-12
7
-91
-30
-28
-4
-21
-56
-4
29
9
-53
-65
-41
-6
-11
-31
-37
-1
50
28
-8
-58
-106
-130
-47
10
-10
-37
-89
-14
41
35
48
16
-26
-61
2
46
-25
-7
24
13
45
3
-62
-64
-5
64
71
75
41
20
33
-39
-93
-80
-11
35
-18
10
-8
-60
-30
4
46
13
-11
-2
49
36
18
3
-30
72
63
59
38
21
59
-9
10
-5
4
18
-68
12
59
-11
-20
-33
17
54
-26
-35
2
-5
17
-5
-82
-73
2
10
-17
-25
-50
-4
-30
-59
13
-43
-78
-36
9
28
-40
-89
2
0
-102
6
7
-1
40
-80
-77
-92
-96
-27
-60
-25
26
16
12
-9
22
-17
-8
120
114
85
86
48
87
143
129
100
68
80
96
119
72
-10
17
-10
0
5
-49
12
29
-1
-14
31
84
32
-25
-65
-18
8
-15
38
48
13
20
45
30
56
65
23
43
23
-1
-11
-34
23
38
7
-78
-75
48
12
27
23
-61
-48
-34
15
-11
-48
61
71
-9
13
-18
-84
-85
-51
-15
-59
-51
6
2
-21
-6
3
-101
-101
15
55
60
18
-46
-31
0
-25
-60
-67
20
70
75
101
45
-23
-39
-36
19
57
63
33
-42
-45
-72
-67
-33
-49
5
81
59
-5
6
-38
-73
-34
-20
-12
-32
18
60
12
45
54
16
24
17
26
49
36
1
-29
-78
-74
30
55
33
54
16
-3
13
-31
-69
-121
-151
-117
-82
-67
-46
10
-5
-53
-72
-114
-121
-22
-61
-169
-57
-44
-68
-17
16
27
-4
12
23
51
-1
25
140
100
90
111
25
65
134
79
43
-8
73
118
92
97
82
82
53
43
40
116
84
4
-16
-95
24
107
28
26
21
16
-7
-25
13
-31
-34
25
66
50
-52
-10
-55
-94
26
-8
-14
-43
-66
4
4
-47
-75
-3
-79
-165
-89
-18
58
3
-24
24
-7
-26
-107
-89
-36
-70
-35
-31
3
10
-35
-18
-12
14
-6
5
55
-25
-38
3
-19
25
66
47
4
-39
68
88
34
51
1
15
35
53
82
74
69
80
45
6
9
-8
27
10
-5
23
45
78
113
106
13
11
95
87
18
-42
-94
-71
-25
32
64
-4
8
27
41
32
-48
-13
16
-7
24
24
-9
-92
-136
-92
-77
-95
-24
32
-48
-62
-94
-113
-56
-77
-114
-109
-127
-106
-34
-83
-59
-18
-133
-62
38
-33
-61
-83
-51
-6
-36
-50
-63
-19
-2
9
51
14
29
80
30
-14
33
92
108
33
-12
56
89
59
74
125
65
-2
63
81
7
-15
-36
19
121
90
48
18
17
46
-7
-5
39
-9
-36
-58
-70
-40
-67
-57
21
35
-60
-85
-29
-32
18
8
-28
-41
-30
48
-2
-46
-3
64
39
2
16
2
65
57
38
18
-25
7
14
5
-2
85
118
66
45
15
102
35
-39
27
-39
21
-22
-111
27
48
19
-27
-148
-133
-59
-80
-83
-24
11
-20
-24
21
-3
-41
-15
19
45
79
52
83
65
-71
-97
-33
25
-19
-68
-42
6
33
22
48
32
20
55
-24
-15
22
-13
107
85
21
52
-1
26
10
-58
-10
5
-26
41
-7
-51
36
8
20
-53
-182
-111
-90
-34
94
32
1
31
-9
-18
-23
-58
-66
-29
-50
1
89
95
81
58
88
74
18
21
29
57
35
-45
-72
-31
0
-20
44
-39
-96
8
-44
-57
-89
-97
-43
63
101
32
39
-24
-43
-45
-41
-70
10
92
18
44
-66
-110
20
46
34
-43
-48
43
-19
-19
45
-64
-55
43
59
29
7
-16
-49
0
-15
-7
15
-38
-76
-54
0
-35
0
52
51
87
99
54
6
28
32
53
116
58
32
75
0
-25
2
24
37
4
54
73
19
20
29
-29
-29
-64
-48
27
-50
-44
-64
-103
-71
-120
-80
-35
-19
36
-18
-7
-22
-116
-108
-48
-56
-120
-56
20
73
-1
-109
-74
-37
45
44
-59
-43
41
-1
-27
-7
6
49
23
37
79
29
-12
12
22
14
-13
-11
32
33
28
19
13
34
87
61
-66
-76
-10
31
38
28
72
132
117
48
24
-11
-8
12
34
63
-32
-14
119
97
3
-7
-18
-50
29
39
-20
-10
-6
10
6
-13
-8
-46
-27
4
-29
2
17
5
-11
20
85
19
7
50
8
-11
-40
-87
-35
21
30
12
-66
-53
-9
-56
-42
6
7
-12
-32
-16
1
-34
-57
-37
-53
-18
13
-22
4
40
38
-35
-74
-82
-78
-1
-1
-8
1
42
-7
-92
1
-20
47
115
-15
-5
18
44
48
-15
-9
-34
-45
-22
1
-39
-87
-98
-33
0
-123
-77
-34
-54
-48
-62
-38
-58
-13
-33
-72
-35
-62
-46
-35
-76
-31
69
79
50
40
39
75
103
75
38
62
82
95
132
111
29
0
46
34
-4
12
-16
-2
32
-41
28
90
20
18
-40
-60
24
1
-9
28
19
17
-69
-51
-9
-78
-55
-46
10
55
11
-12
-37
-21
-22
-24
-103
-91
64
39
22
77
76
29
-3
6
75
117
87
63
-11
58
78
-10
-8
55
133
94
81
35
-38
-14
18
58
97
98
54
18
40
27
10
-9
-35
45
32
5
23
8
-34
-47
38
31
50
16
-41
-31
-62
2
-18
-31
-67
-109
9
-59
-40
1
-90
-41
-75
-48
-56
-177
-65
-4
-19
8
-3
14
-33
-40
16
30
18
59
58
-16
-22
-31
56
39
-34
-20
-90
-21
57
36
40
7
-63
-102
-86
-69
-83
-46
-18
-6
53
-38
-142
-99
-25
12
-6
-5
-66
-88
-73
-78
6
71
75
0
-25
13
34
116
80
16
43
-61
-51
92
56
4
7
-50
-69
4
47
60
66
68
58
-4
10
30
-45
-73
-55
-32
-4
34
26
-58
-24
8
-54
34
69
43
56
45
-8
-93
-60
-4
12
6
-27
-20
12
-20
-62
-28
-34
-58
-7
-52
-146
-88
-23
-16
-37
-62
-46
-38
-16
9
-35
-56
-23
-16
34
65
-28
0
70
21
63
29
18
59
19
81
38
37
84
24
30
55
16
-76
-43
6
76
104
34
22
-26
16
37
49
63
15
42
1
-25
-12
6
-18
-37
49
-6
-77
-51
32
56
-28
24
17
21
45
-27
27
78
96
64
3
32
73
89
42
26
62
-17
-33
-17
-36
46
19
-20
32
35
43
73
15
-48
-39
-24
-55
-61
3
-4
-68
-90
-64
-68
-106
-91
-26
0
-53
-118
-145
-81
14
-14
-55
-60
-123
-78
-21
-32
-17
-86
-62
-11
-14
14
-32
-34
-2
-11
-20
-24
-34
-30
-4
12
-4
20
106
61
-23
-36
33
142
70
20
56
38
46
28
32
108
80
11
36
54
77
85
127
174
88
30
13
38
100
143
99
27
86
120
128
138
109
147
176
135
129
118
64
10
17
58
50
1
22
48
48
81
30
0
13
0
-14
-26
-75
-99
-77
-129
-151
-62
-58
-163
-156
-174
-210
-143
-185
-185
-124
-100
-98
-217
-244
-153
-182
-197
-146
-156
-143
-140
-155
-83
-87
-184
-190
-190
-142
-103
-211
-248
-123
-125
-236
-222
-220
-205
-236
-192
-92
-191
-190
-100
-50
-29
-40
-59
-92
-80
-65
-36
28
64
36
91
120
102
174
161
224
247
161
235
261
246
280
259
288
343
323
284
258
271
312
289
205
193
179
154
222
210
198
192
162
146
145
117
2
5
13
-13
26
75
142
75
21
79
73
83
113
159
240
294
282
218
172
193
304
343
238
196
198
247
318
263
291
306
284
354
182
58
191
196
152
91
56
72
44
88
144
116
10
-125
-200
-178
-167
-250
-365
-446
-370
-359
-521
-540
-499
-508
-566
-666
-705
-668
-571
-550
-600
-594
-536
-477
-467
-456
-420
-367
-394
-507
-492
-457
-444
-402
-448
-450
-439
-402
-302
-299
-307
-246
-202
-204
-256
-257
-170
-104
-40
-42
60
118
84
176
179
203
158
116
209
212
241
226
175
268
277
333
359
290
327
236
233
286
249
259
287
278
299
311
354
454
441
380
276
173
109
139
208
247
326
467
550
565
673
654
526
447
363
308
286
345
399
415
439
487
624
723
740
734
682
643
575
465
435
403
546
717
772
930
962
955
947
794
673
539
361
252
207
235
295
287
250
285
314
310
149
-36
-56
-261
-416
-443
-568
-501
-467
-541
-581
-610
-667
-863
-1008
-1192
-1352
-1445
-1613
-1603
-1531
-1496
-1451
-1306
-1166
-1175
-1080
-1029
-1108
-1154
-1162
-1042
-949
-944
-779
-680
-672
-665
-725
-745
-823
-893
-959
-945
-895
-867
-656
-496
-455
-393
-345
-265
-149
-89
-48
45
124
230
319
391
455
452
462
419
306
214
172
77
-3
4
-2
87
210
360
484
510
504
451
519
616
640
733
812
819
926
1091
1116
1139
1182
1144
1082
999
905
816
756
763
778
787
836
903
930
932
931
870
809
780
711
654
636
565
605
666
618
634
665
678
611
492
469
514
487
444
575
669
670
768
809
849
970
977
959
940
836
732
634
527
466
407
376
372
316
273
184
28
-31
-122
-254
-286
-334
-287
-316
-376
-387
-528
-703
-962
-1227
-1480
-1656
-1734
-1835
-1975
-2012
-1984
-2050
-2008
-2088
-2262
-2320
-2443
-2496
-2392
-2162
-1951
-1807
-1563
-1318
-1068
-848
-826
-898
-1051
-1225
-1393
-1525
-1488
-1442
-1292
-1026
-858
-706
-575
-469
-472
-571
-629
-681
-661
-589
-434
-95
208
458
705
837
1013
1064
880
677
423
277
189
163
358
543
757
979
1173
1302
1259
1221
1069
908
888
825
866
1032
1237
1422
1566
1750
1810
1755
1604
1404
1200
948
794
738
744
872
1013
1143
1326
1404
1353
1237
1049
927
835
720
736
800
864
950
960
929
971
962
710
523
399
208
178
168
228
403
559
768
900
981
1084
1108
1000
895
842
788
760
766
890
904
827
799
634
441
257
-37
-345
-553
-676
-723
-737
-662
-450
-210
-97
-49
-49
-102
-114
-393
-740
-1017
-1336
-1537
-1803
-1998
-2114
-2298
-2412
-2617
-2853
-2983
-3199
-3464
-3662
-3761
-3692
-3500
-3276
-2896
-2446
-2082
-1690
-1367
-1147
-1055
-1092
-1168
-1271
-1374
-1510
-1590
-1624
-1645
-1613
-1501
-1352
-1200
-1006
-930
-831
-753
-805
-684
-537
-410
-94
273
682
1093
1355
1633
1867
1895
1865
1731
1479
1313
1080
898
908
923
1100
1293
1412
1603
1685
1638
1582
1463
1349
1288
1147
1115
1274
1457
1629
1776
1816
1875
1993
1864
1620
1411
1169
969
836
821
927
1068
1225
1339
1368
1413
1429
1323
1102
855
685
567
598
693
757
838
913
962
971
936
760
555
304
15
-116
-214
-196
-95
6
109
229
377
332
294
226
144
123
-49
-53
-22
12
244
326
428
554
497
386
218
60
-128
-312
-420
-501
-474
-372
-232
-12
184
299
322
155
-25
-159
-408
-696
-975
-1314
-1560
-1752
-2011
-2160
-2349
-2653
-2890
-3172
-3472
-3679
-3935
-4094
-4048
-3917
-3688
-3370
-3055
-2701
-2370
-2151
-1832
-1596
-1572
-1520
-1418
-1313
-1239
-1152
-1023
-985
-962
-908
-983
-1027
-978
-868
-676
-520
-337
-210
-38
175
380
570
643
873
1077
1246
1526
1681
1866
2053
2133
2147
2089
2048
1896
1661
1493
1352
1385
1474
1406
1487
1605
1643
1687
1631
1535
1322
1125
998
967
1117
1338
1615
1851
2115
2385
2522
2534
2344
2071
1825
1503
1219
1088
1008
1013
1110
1253
1280
1188
1042
707
356
24
-241
-344
-434
-300
2
324
684
909
1001
886
659
377
49
-211
-492
-625
-562
-337
5
292
585
764
790
731
495
271
87
-94
-82
64
317
613
862
1097
1235
1134
711
117
-440
-876
-1291
-1607
-1496
-1189
-812
-327
81
405
475
379
181
-280
-720
-1102
-1418
-1596
-1685
-1629
-1564
-1587
-1807
-2169
-2673
-3387
-4097
-4823
-5356
-5467
-5344
-4964
-4332
-3611
-2838
-2103
-1674
-1467
-1369
-1397
-1444
-1529
-1498
-1313
-1042
-789
-589
-441
-441
-619
-1001
-1301
-1612
-1918
-1879
-1731
-1464
-959
-402
240
813
1122
1390
1612
1751
1854
1952
2165
2413
2606
2837
3008
2989
2849
2521
2135
1821
1429
1175
1122
1149
1384
1640
1845
2119
2261
2317
2307
2081
1900
1845
1766
1837
2132
2405
2650
2948
3013
2810
2494
2057
1552
1082
660
425
390
494
716
881
1130
1261
1049
730
353
-19
-312
-627
-766
-554
-248
177
629
873
977
867
441
-98
-674
-1294
-1687
-1968
-2014
-1619
-1170
-674
-181
217
458
356
158
-110
-443
-590
-565
-422
-74
407
948
1457
1600
1477
1147
464
-305
-988
-1532
-1832
-1842
-1600
-1050
-376
229
833
1012
782
572
132
-486
-965
-1182
-1059
-783
-488
-232
-73
-171
-590
-1278
-2327
-3441
-4442
-5346
-5894
-6062
-5836
-5158
-4257
-3379
-2589
-1983
-1655
-1524
-1519
-1521
-1477
-1368
-1125
-702
-202
187
451
487
233
-292
-1084
-1808
-2341
-2777
-2858
-2634
-2198
-1463
-665
98
769
1230
1488
1601
1667
1843
2080
2381
2851
3278
3775
4105
4103
3962
3502
2822
2130
1550
1065
694
577
823
1243
1594
1947
2229
2379
2458
2387
2236
2219
2180
2279
2554
2745
3012
3147
3076
2858
2427
1875
1245
641
137
-185
-266
-191
-6
191
386
564
407
41
-295
-572
-753
-889
-832
-522
-73
499
1029
1387
1553
1402
935
227
-521
-1192
-1737
-2048
-2130
-1963
-1535
-1070
-598
-152
-32
-83
-286
-560
-725
-830
-672
-352
40
522
937
1254
1256
911
314
-550
-1433
-2193
-2761
-2985
-2834
-2345
-1670
-895
-220
165
363
327
88
-217
-546
-661
-474
-57
594
1261
1656
1734
1331
437
-654
-1947
-3333
-4556
-5525
-6094
-6262
-5995
-5257
-4267
-3203
-2342
-1771
-1427
-1215
-945
-769
-594
-284
-31
334
720
998
1154
950
422
-369
-1285
-2165
-2863
-3290
-3437
-3296
-2858
-2148
-1436
-639
200
888
1519
1917
2179
2547
3050
3519
3827
4179
4362
4338
4256
3909
3394
2785
2063
1349
727
264
33
22
191
448
695
1065
1462
1723
1973
2222
2422
2637
2802
2916
3069
3129
3011
2781
2415
1905
1459
994
489
172
-88
-260
-159
47
252
438
393
251
72
-52
-166
-416
-404
-180
102
417
788
1267
1529
1451
1180
640
-176
-968
-1624
-2191
-2553
-2621
-2389
-1863
-1244
-709
-247
-57
-93
-344
-717
-903
-1091
-1077
-776
-385
177
851
1301
1285
1048
549
-145
-891
-1668
-2278
-2544
-2461
-2158
-1440
-691
-46
663
924
975
783
281
-67
-297
-333
-108
324
898
1373
1520
1279
650
-374
-1725
-3185
-4633
-5837
-6670
-7117
-6934
-6271
-5212
-3926
-2744
-1710
-919
-455
-142
113
116
104
236
363
670
1001
1211
1346
1154
585
-219
-1128
-1949
-2682
-3192
-3325
-3253
-2825
-2066
-1129
-158
714
1635
2345
2828
3214
3520
3814
3953
4025
4095
4064
3987
3752
3238
2644
1903
1120
377
-290
-611
-796
-876
-685
-284
246
833
1420
1924
2356
2628
2808
3054
3237
3309
3299
3206
2928
2484
2137
1716
1179
748
344
145
106
115
199
206
244
269
59
-249
-522
-729
-767
-710
-562
-271
122
668
1022
1118
985
520
-72
-848
-1654
-2407
-3082
-3394
-3474
-3305
-2744
-2106
-1459
-907
-645
-524
-602
-738
-833
-861
-700
-476
-33
503
835
1236
1469
1263
928
392
-185
-731
-1243
-1407
-1372
-1072
-571
60
701
1022
1207
1210
1030
826
533
268
265
434
739
1184
1467
1587
1405
790
-152
-1516
-2989
-4399
-5786
-6896
-7388
-7212
-6534
-5381
-3955
-2573
-1334
-231
542
989
1040
886
778
511
317
412
663
944
1045
914
709
188
-636
-1370
-2060
-2747
-3239
-3427
-3230
-2628
-1680
-542
542
1487
2378
3097
3542
3850
3895
3828
3683
3342
3159
3058
2866
2609
2149
1538
919
223
-389
-894
-1296
-1463
-1466
-1126
-550
200
1092
1917
2719
3261
3626
3832
3764
3673
3350
2813
2241
1667
1258
961
760
640
515
395
265
113
30
-52
-221
-465
-850
-1150
-1275
-1228
-846
-342
11
332
749
1084
1292
1331
1064
586
-150
-931
-1533
-1980
-2279
-2493
-2462
-2243
-1873
-1413
-823
-118
267
412
522
580
704
834
956
1133
1157
1114
1230
1314
1237
1032
647
167
-365
-876
-1095
-1044
-976
-951
-768
-533
-356
-88
155
271
136
38
60
113
460
927
1286
1435
1276
807
109
-804
-1858
-3086
-4565
-6007
-7070
-7598
-7536
-6853
-5888
-4756
-3445
-2186
-897
216
990
1453
1499
1371
1210
1050
1002
967
871
766
509
39
-425
-840
-1402
-2184
-2951
-3553
-3814
-3662
-3221
-2463
-1503
-443
696
1801
2770
3654
4297
4470
4394
4216
3939
3722
3502
3245
3039
2635
2051
1584
1144
646
91
-584
-1194
-1545
-1634
-1365
-759
145
1148
2059
3013
3849
4475
4740
4562
4100
3278
2397
1691
1057
655
483
431
494
525
576
653
456
53
-424
-1104
-1692
-1986
-2029
-1703
-1170
-576
97
829
1450
1903
2230
2092
1486
766
-10
-760
-1421
-1784
-1942
-2124
-2168
-2079
-1807
-1464
-1161
-871
-688
-471
-180
120
537
1018
1372
1615
1830
1983
2038
1917
1673
1229
606
33
-538
-925
-977
-845
-801
-727
-505
-322
-84
110
214
124
-50
-130
-156
87
491
1006
1371
1342
1069
524
-206
-1134
-2346
-3852
-5528
-7012
-7998
-8368
-8122
-7371
-6377
-5299
-4156
-2812
-1359
-205
519
749
702
556
411
458
545
615
539
320
-12
-494
-677
-893
-1569
-2267
-2936
-3345
-3272
-2818
-2008
-1196
-340
626
1631
2708
3750
4537
4823
4734
4405
4141
4097
3990
3843
3644
3207
2688
2217
1899
1499
807
-40
-1113
-2082
-2578
-2489
-1920
-1092
-219
752
1870
3036
4228
4881
4878
4438
3623
2737
2039
1604
1360
1208
1102
1134
1279
1439
1500
1266
613
-408
-1602
-2571
-2828
-2488
-1859
-1069
-228
696
1631
2585
3381
3623
3167
2192
1078
66
-562
-847
-1145
-1466
-1787
-1937
-1778
-1477
-1147
-1039
-1319
-1645
-1799
-1664
-1052
-224
514
1054
1404
1741
2104
2355
2297
1812
983
10
-778
-1206
-1296
-1042
-813
-841
-715
-417
-117
259
516
410
32
-330
-431
-193
449
1191
1629
1652
1271
856
206
-754
-1955
-3769
-5726
-7485
-8715
-9028
-8665
-7748
-6643
-5493
-4303
-3066
-1679
-579
40
128
-119
-253
-205
106
681
1245
1406
1150
757
334
-124
-728
-1526
-2588
-3665
-4110
-3911
-3308
-2419
-1399
-401
381
1215
2234
3214
3968
4276
4184
3944
3854
3948
4094
4163
3897
3396
2748
2025
1536
1149
617
-112
-930
-1543
-1771
-1449
-788
-170
487
1027
1555
2332
3042
3575
3676
3360
2966
2547
2267
2251
2384
2400
2348
2276
2155
2110
2094
1859
1224
270
-794
-1626
-2011
-1879
-1456
-1007
-496
104
858
1636
2381
2789
2540
1957
1382
957
680
525
192
-374
-811
-1083
-1056
-791
-741
-915
-1216
-1563
-1555
-1222
-686
-39
341
537
738
974
1361
1713
1656
1184
522
-95
-437
-623
-704
-684
-811
-988
-1023
-754
-232
160
150
-192
-593
-907
-853
-459
-181
-24
-86
-429
-546
-575
-920
-1711
-3211
-5118
-6948
-8339
-8918
-8774
-8193
-7322
-6282
-5018
-3320
-1483
-51
792
869
350
-197
-458
-481
-267
89
96
11
134
350
712
620
-130
-1339
-2763
-3703
-3979
-3521
-2603
-1755
-847
275
1624
3115
4430
5226
5224
4535
3754
3193
2980
3048
3134
2977
2649
2498
2522
2740
2818
2365
1376
86
-966
-1463
-1297
-736
-210
260
749
1401
2390
3376
3898
3761
3010
2057
1371
1229
1390
1606
1865
2042
2254
2638
3187
3598
3394
2607
1281
-262
-1232
-1684
-1860
-1752
-1584
-1261
-723
77
1017
1715
1945
1551
896
349
38
138
505
668
544
347
262
294
337
261
-322
-1218
-2031
-2366
-1999
-1287
-481
166
576
914
1299
1684
1868
1571
788
-36
-603
-819
-620
-155
299
484
452
449
406
309
117
-443
-1291
-2023
-2355
-2125
-1470
-825
-359
-88
-167
-383
-697
-1403
-2612
-4429
-6468
-8240
-9266
-9322
-8714
-7759
-6643
-5336
-3804
-2121
-599
424
700
371
-319
-971
-1142
-1016
-746
-457
-218
31
358
696
707
148
-996
-2409
-3686
-4393
-4453
-3972
-3007
-1856
-455
1244
2953
4358
5233
5378
4880
4053
3230
2757
2544
2538
2700
2978
3367
3685
3876
3793
3332
2446
1308
268
-422
-578
-383
14
581
1280
2151
2912
3364
3409
3041
2382
1577
978
659
610
802
1151
1701
2347
3050
3471
3376
2965
2251
1479
750
43
-379
-628
-788
-688
-422
-54
289
467
438
72
-372
-627
-628
-459
-170
216
635
1246
1863
2341
2469
2077
1422
390
-567
-1072
-1378
-1392
-1249
-824
-118
628
1372
1742
1615
978
-112
-1124
-1744
-2044
-1913
-1484
-912
-86
885
1840
2460
2546
2078
1018
-238
-1240
-1889
-2094
-2126
-2211
-2141
-1950
-1653
-1484
-1798
-2668
-4271
-6304
-8038
-8950
-8965
-8456
-7667
-6633
-5410
-3877
-2099
-517
476
679
166
-646
-1173
-1286
-1144
-965
-1011
-1167
-1163
-878
-393
-112
-418
-1283
-2381
-3344
-3733
-3433
-2817
-2110
-1413
-547
664
2100
3547
4478
4653
4136
3245
2632
2308
2209
2332
2298
2303
2544
3010
3763
4420
4457
3803
2691
1588
975
790
915
1033
1041
1246
1708
2480
3273
3684
3480
2659
1617
842
591
729
965
1090
1281
1845
2623
3411
3869
3674
3016
2129
1440
1086
925
880
695
458
214
71
230
272
183
-165
-869
-1337
-1429
-1155
-810
-617
-410
-205
71
557
1018
1271
1242
808
284
-18
-38
202
461
436
289
275
457
674
615
257
-357
-1043
-1505
-1660
-1421
-1023
-811
-620
-384
166
948
1459
1757
1571
999
463
4
-302
-643
-1033
-1507
-2088
-2512
-2880
-3406
-4293
-5512
-6857
-8230
-8899
-8689
-8052
-7071
-6091
-4972
-3647
-2234
-829
64
369
191
-244
-709
-992
-1079
-1148
-1333
-1677
-1943
-2046
-2042
-1977
-2091
-2655
-3313
-3684
-3733
-3226
-2298
-1291
-248
828
1930
3022
4046
4740
4779
4355
3657
2844
2326
2117
1918
1642
1414
1395
1724
2150
2548
2830
2757
2617
2466
2366
2407
2470
2637
2753
2709
2805
3069
3242
3249
2919
2292
1595
927
566
478
479
653
933
1363
1892
2405
2797
2948
2998
2928
2793
2614
2365
2137
1893
1669
1476
1232
950
665
307
-105
-602
-1036
-1404
-1768
-1750
-1351
-777
-187
273
614
835
945
1048
1083
909
722
735
948
1251
1667
2151
2316
1982
1325
496
-392
-1175
-1830
-2310
-2566
-2650
-2293
-1475
-515
389
929
975
667
394
372
347
315
111
-448
-974
-1291
-1389
-1664
-2575
-4170
-6309
-8193
-9419
-9840
-9535
-9002
-8356
-7548
-6181
-4232
-2238
-648
107
-22
-604
-1044
-962
-569
-380
-618
-1157
-1708
-1942
-1754
-1556
-1894
-2904
-4252
-5325
-5677
-5203
-4244
-3228
-2242
-1332
-114
1723
3736
5268
5900
5633
4754
3955
3614
3454
3122
2470
1647
980
928
1409
1937
2197
1870
1252
790
630
1042
1749
2274
2665
2990
3508
4400
5246
5772
5614
4671
3534
2522
1802
1338
993
714
567
753
1194
1912
2667
2949
2822
2567
2334
2262
2344
2444
2515
2496
2610
2952
3157
3154
2751
1871
861
-101
-908
-1475
-1734
-1649
-1434
-1120
-602
-105
282
451
357
90
-284
-486
-510
-311
236
882
1571
2243
2571
2498
2121
1390
447
-605
-1606
-2399
-2933
-3003
-2548
-1628
-684
2
422
492
474
388
178
-212
-952
-1748
-2443
-2662
-2394
-2406
-2885
-4144
-5924
-7355
-8329
-8735
-8842
-8905
-8851
-8541
-7305
-5223
-2932
-1097
-297
-386
-795
-908
-675
-398
-425
-989
-1827
-2319
-2068
-1234
-684
-1064
-2289
-3982
-5303
-5779
-5460
-4687
-3948
-3287
-2195
-232
2308
4810
6449
6861
6314
5324
4545
4159
3940
3478
2626
1748
1364
1630
2195
2665
2455
1478
376
-459
-549
-27
464
961
1473
2141
3287
4722
5994
6606
6297
5372
4249
3300
2854
2558
2157
1687
1193
1152
1465
1808
2089
2002
1562
986
771
1003
1419
1953
2335
2569
2870
3252
3532
3461
2923
2068
981
-136
-938
-1399
-1490
-1289
-965
-568
-95
375
703
831
685
281
-162
-484
-593
-248
556
1437
2109
2610
2884
2853
2535
1997
1244
84
-1217
-2164
-2630
-2545
-2017
-1354
-804
-524
-395
-180
162
366
216
-376
-1297
-2140
-2508
-2421
-2452
-3028
-4317
-6055
-7555
-8505
-8827
-8789
-8772
-8704
-8366
-7245
-5282
-3106
-1424
-856
-1177
-1745
-2064
-1885
-1577
-1496
-1711
-1982
-1857
-1152
-89
541
165
-1222
-3168
-4796
-5657
-5819
-5666
-5366
-4752
-3586
-1472
1274
3902
5661
6040
5472
4629
3964
3798
3759
3360
2813
2458
2597
3282
4056
4188
3282
1645
-87
-1288
-1661
-1320
-776
-316
313
1392
3115
5009
6250
6454
5604
4363
3298
2799
2829
2876
2826
2550
2454
2853
3449
3733
3239
2110
708
-444
-798
-251
698
1620
2493
3359
4389
5389
5994
5816
4550
2700
814
-641
-1313
-1524
-1484
-1411
-1251
-728
-50
780
1335
1119
414
-371
-875
-870
-330
385
1097
1680
2218
2840
3228
3245
2718
1762
461
-961
-1990
-2553
-2641
-2393
-2074
-1819
-1501
-1083
-666
-362
-411
-779
-1322
-1804
-1978
-1858
-1697
-1863
-2553
-3661
-5020
-6443
-7557
-8349
-8969
-9350
-9439
-8967
-7643
-5687
-3657
-2080
-1275
-1016
-1158
-1443
-1609
-1877
-2178
-2566
-2817
-2482
-1521
-278
587
580
-321
-1769
-3383
-4651
-5454
-6070
-6387
-6167
-5034
-2888
-91
2817
4949
6001
6082
5552
4946
4313
3620
2804
2096
1737
1943
2833
3853
4494
4320
3314
2033
800
-65
-535
-828
-923
-508
672
2538
4623
6267
7175
7074
6263
5218
4149
3313
2444
1564
1107
1158
1766
2650
3312
3450
2669
1451
431
-307
-570
-476
-73
528
1459
2909
4504
5810
6336
5848
4481
2741
1156
-100
-948
-1559
-1875
-1812
-1386
-308
977
1902
2195
1633
755
-53
-557
-551
-298
85
603
1274
2246
3416
4298
4531
3793
2291
696
-744
-1751
-2238
-2497
-2764
-2942
-2735
-2031
-995
-174
121
-179
-1038
-1977
-2471
-2623
-2853
-3320
-4273
-5445
-6296
-6780
-6854
-6888
-7221
-7657
-7911
-7536
-6355
-4738
-3244
-2367
-2116
-2144
-2140
-2088
-2195
-2618
-3289
-3940
-4149
-3569
-2464
-1332
-745
-999
-1721
-2563
-3281
-3867
-4500
-5214
-5775
-5537
-4213
-2081
293
2401
3854
4519
4704
4603
4482
4048
3145
2097
1275
1241
1968
3147
4070
4224
3605
2560
1695
1005
459
-47
-720
-1060
-551
937
3196
5287
6537
6836
6382
5758
5263
4740
3962
2980
1963
1401
1718
2695
3751
4204
3742
2641
1384
498
182
20
42
239
667
1831
3518
5259
6563
6804
5955
4384
2691
1296
108
-952
-1870
-2306
-2087
-1336
-16
1292
2000
2149
1636
795
243
54
39
172
471
877
1698
2759
3590
4014
3754
2880
1519
-37
-1232
-2069
-2652
-2858
-2810
-2493
-1839
-1095
-396
-69
-357
-1085
-2045
-2946
-3428
-3591
-3910
-4395
-5115
-5751
-5980
-6138
-6281
-6664
-7424
-8079
-8080
-7339
-6040
-4521
-3308
-2471
-1928
-1527
-1077
-868
-1172
-2026
-3177
-4040
-4051
-3294
-2409
-1784
-1796
-2410
-3087
-3620
-3971
-4359
-5109
-5889
-6115
-5430
-3600
-992
1427
3029
3829
4064
4202
4371
4209
3552
2454
1336
886
1310
2294
3353
3779
3339
2431
1551
865
320
-231
-953
-1371
-1052
259
2345
4434
6115
6924
6931
6672
6209
5677
4981
3926
2922
2325
2307
2816
3428
3773
3589
2858
1923
1023
315
-151
-317
-75
604
1907
3500
5074
6368
6804
6502
5644
4282
2739
1137
-250
-1103
-1516
-1411
-747
298
1338
1929
2024
1609
881
92
-593
-919
-848
-372
497
1703
3197
4453
5105
5145
4241
2616
889
-697
-1961
-2874
-3377
-3380
-2920
-2021
-871
107
344
-376
-1737
-3209
-4428
-5245
-5765
-6285
-6625
-6574
-6067
-5187
-4374
-4009
-4504
-5725
-6763
-7096
-6833
-6270
-5568
-4728
-3913
-2896
-1651
-739
-456
-1033
-2372
-3801
-4671
-4845
-4618
-4225
-3856
-3627
-3266
-2813
-2450
-2411
-3063
-3953
-4602
-4785
-4061
-2566
-832
862
2204
3235
4123
4663
4678
3866
2638
1526
622
492
1113
1965
2708
3098
3101
2825
2378
1710
696
-546
-1513
-1745
-1000
536
2469
4422
5949
7018
7527
7507
7196
6192
4671
3316
2395
2129
2430
3056
3722
4234
4444
4131
3387
2464
1259
-137
-1154
-1566
-1117
164
1899
3701
5161
6255
6777
6596
5621
3975
2176
535
-595
-1051
-817
7
942
1830
2546
2824
2622
1891
808
-419
-1541
-2014
-1603
-538
966
2540
3746
4545
4861
4532
3595
2049
14
-2013
-3486
-4132
-3806
-2835
-1974
-1523
-1484
-1735
-2249
-3099
-4313
-5983
-7752
-9004
-9262
-8484
-6925
-5184
-3951
-3318
-3141
-3056
-2975
-3175
-3747
-4679
-5516
-5668
-4960
-3613
-2184
-1323
-1262
-1786
-2377
-2766
-3211
-3915
-4807
-5639
-5955
-5438
-4308
-3033
-2125
-1772
-1769
-1830
-1742
-1403
-980
-892
-809
-436
283
1442
2521
3260
3447
3102
2729
2486
2306
2114
1871
1543
1244
1258
1332
1275
1036
475
42
-181
-331
-130
469
1268
2303
3383
4316
5157
5655
5741
5391
4738
4094
3515
3090
2928
3024
3447
4086
4494
4566
4290
3552
2564
1535
518
-294
-573
-308
422
1721
3327
4735
5739
6112
5866
5206
4172
2948
1817
956
458
521
1040
1769
2614
3169
3184
2773
1959
932
-18
-752
-971
-670
4
1171
2451
3633
4513
4692
4155
3038
1635
49
-1392
-2318
-2763
-2858
-2826
-2728
-2547
-2574
-2950
-3734
-5166
-7040
-8799
-9763
-9723
-9026
-7895
-6564
-5136
-3644
-2181
-909
-369
-836
-2045
-3528
-4590
-4979
-4933
-4672
-4493
-4377
-4069
-3660
-3213
-3083
-3655
-4718
-5967
-6914
-7008
-6367
-5460
-4454
-3439
-2329
-1111
193
1295
1667
1294
401
-440
-815
-885
-698
-362
-72
341
958
1734
2565
2997
2876
2361
1549
870
428
77
-129
-289
-239
249
910
1621
2427
3042
3410
3625
3719
3741
3740
3778
3783
3827
3998
4285
4505
4872
5320
5389
5196
4820
4372
3745
2964
2266
1609
1189
1096
1191
1420
1855
2495
3084
3554
3855
3996
4010
3754
3384
3045
2809
2766
2714
2500
2344
2356
2381
2324
2125
1786
1318
885
711
893
1334
1794
2221
2482
2796
3264
3562
3534
3042
2158
1172
412
-30
-146
-277
-843
-1662
-2464
-3117
-3757
-4560
-5781
-7424
-8992
-9874
-9603
-8611
-7462
-6326
-5435
-4563
-3470
-2281
-1375
-1253
-1941
-3004
-3860
-4002
-3546
-3142
-3137
-3443
-3828
-3896
-3698
-3721
-4253
-5350
-6595
-7382
-7392
-6628
-5492
-4472
-3741
-2958
-1879
-628
486
922
602
-118
-776
-1061
-925
-603
-441
-405
-350
-28
679
1409
1822
1650
1015
374
-127
-290
-240
-346
-559
-606
-189
677
1792
2631
3007
3074
2979
3052
3142
3177
2998
2520
2260
2463
3142
4085
4919
5435
5653
5698
5539
5179
4649
3765
2584
1529
872
871
1339
1925
2624
3347
4018
4659
5138
5253
4863
4109
3407
2806
2557
2804
3109
3362
3604
3798
3977
4069
3825
3108
2131
1203
646
680
1146
1945
2827
3366
3825
4274
4568
4540
3843
2625
1175
14
-482
-444
-196
-166
-501
-1087
-1769
-2461
-3314
-4753
-6837
-8989
-10569
-11099
-10392
-9114
-7786
-6532
-5436
-4147
-2783
-1712
-1409
-2109
-3361
-4538
-5000
-4719
-4151
-3622
-3408
-3447
-3349
-3215
-3268
-3665
-4745
-6284
-7679
-8481
-8187
-7089
-5813
-4488
-3241
-1890
-334
1114
1926
1870
1191
194
-640
-1144
-1317
-1150
-895
-492
81
768
1558
1917
1710
1128
273
-510
-1108
-1437
-1522
-1414
-866
38
1178
2360
3214
3716
3856
3758
3507
3047
2599
2196
1889
1910
2270
2948
3775
4565
5124
5495
5691
5645
5352
4599
3601
2645
1747
1200
1093
1248
1636
2114
2711
3431
4128
4580
4626
4339
3832
3307
2895
2697
2658
2714
2844
3059
3348
3563
3759
3706
3167
2410
1640
1141
1078
1379
1952
2433
2943
3490
3932
4453
4566
4092
3265
2213
1256
621
492
680
581
140
-454
-1205
-1979
-2858
-4224
-6122
-8126
-9843
-10544
-10094
-9015
-7606
-6397
-5269
-4070
-2864
-1694
-1212
-1665
-2731
-3917
-4573
-4460
-3931
-3434
-3211
-3304
-3434
-3305
-3146
-3382
-4274
-5725
-7225
-8188
-8233
-7367
-6063
-4919
-3956
-2880
-1507
82
1250
1538
1044
112
-753
-1285
-1337
-1000
-733
-647
-461
-18
539
1043
1094
475
-509
-1460
-2030
-2148
-1918
-1445
-868
-137
842
1943
2903
3587
3889
3561
2950
2431
2048
1813
1789
2031
2394
2933
3702
4585
5366
5942
6077
5740
5132
4276
3389
2474
1746
1310
1011
1100
1644
2506
3475
4266
4802
5018
4899
4633
4210
3659
3154
2764
2647
2769
3161
3747
4097
4240
4203
3824
3205
2471
1712
1094
913
1160
1742
2683
3717
4450
4822
4920
4771
4247
3234
2082
961
265
222
433
803
963
628
-77
-997
-2165
-3636
-5471
-7700
-9615
-10473
-10115
-8948
-7352
-5718
-4404
-3263
-2226
-1394
-1036
-1575
-2944
-4354
-5165
-5124
-4546
-3913
-3346
-3198
-3230
-3111
-3153
-3505
-4579
-6257
-7887
-8997
-9051
-8079
-6621
-5143
-3757
-2318
-777
777
1778
1872
1212
18
-1033
-1487
-1381
-943
-463
-7
420
833
1284
1538
1191
129
-1285
-2627
-3505
-3688
-3435
-2896
-2156
-1203
-56
1200
2422
3196
3329
2906
2361
1835
1574
1593
1566
1771
2213
2800
3588
4479
5181
5556
5514
5145
4633
4013
3374
2603
1856
1342
1068
1147
1629
2271
3036
3779
4288
4578
4653
4577
4248
3703
3063
2587
2455
2552
2816
3243
3654
3912
4057
4060
3831
3269
2594
2035
1791
2030
2669
3440
4115
4723
5292
5727
5773
5198
4072
2792
1656
853
593
795
960
747
368
-202
-986
-1997
-3385
-5322
-7668
-9545
-10362
-10001
-8789
-7210
-5660
-4370
-3058
-1685
-536
-76
-618
-1962
-3573
-4602
-4726
-4182
-3378
-2936
-2812
-2655
-2376
-2113
-2382
-3512
-5451
-7625
-9093
-9402
-8626
-7380
-6247
-5079
-3597
-1816
55
1575
1988
1253
16
-1174
-1665
-1573
-1279
-764
-447
-155
458
1179
1726
1517
358
-1405
-3050
-4019
-4296
-3822
-3176
-2552
-1566
-309
1105
2371
3052
2932
2275
1432
822
637
764
1184
1582
2038
2864
3814
4645
5172
5315
5034
4307
3640
3080
2549
2097
1628
1372
1296
1506
2009
2547
3163
3697
4159
4563
4834
5042
4956
4623
4341
4080
3830
3723
3580
3458
3521
3592
3706
3595
3256
2999
2736
2671
2849
3300
3971
4374
4785
5195
5419
5671
5525
4892
3978
3039
2413
2097
2124
2151
1703
841
-135
-1132
-2281
-3832
-5814
-7850
-9499
-10202
-9779
-8603
-7062
-5556
-4238
-2925
-1676
-691
-206
-583
-1703
-3042
-4059
-4525
-4466
-4021
-3776
-3759
-3624
-3449
-3195
-3283
-4135
-5614
-7343
-8777
-9422
-9210
-8472
-7303
-5986
-4470
-2511
-456
1220
1987
1714
719
-552
-1601
-2087
-2103
-1847
-1414
-746
232
1329
2164
2231
1426
-124
-1893
-3307
-4177
-4331
-4039
-3390
-2220
-741
822
2226
3078
3219
2665
1740
1007
566
441
630
1019
1636
2654
3979
5141
5921
6109
5812
5309
4597
3876
3137
2256
1527
1048
952
1263
1744
2287
2621
2923
3398
3909
4348
4531
4371
4099
4088
4259
4475
4631
4475
4157
3894
3716
3602
3365
2795
2117
1653
1583
2126
2982
3741
4287
4656
4956
5237
5480
5339
4719
3860
3014
2658
2837
3113
3092
2618
1734
547
-603
-1900
-3679
-5834
-8028
-9709
-10454
-10089
-8950
-7520
-6029
-4509
-3128
-1735
-487
-43
-222
-1100
-2265
-3045
-3446
-3446
-3455
-3531
-3509
-3351
-3001
-2794
-3089
-4045
-5595
-7332
-8728
-9458
-9550
-9248
-8449
-7081
-5242
-2960
-629
1148
1980
1962
1334
339
-674
-1560
-2163
-2280
-2013
-1324
-136
1161
2090
2337
1882
785
-568
-1809
-2927
-3726
-4047
-3715
-2667
-1160
356
1657
2525
2700
2380
1791
1163
676
200
-134
35
752
1799
3035
4243
5051
5375
5293
5021
4634
3884
2909
1962
1200
753
670
902
1154
1417
1758
2230
2859
3382
3731
3895
3899
3951
4210
4537
4758
4865
4853
4692
4446
4366
4161
3619
2987
2388
2188
2458
2932
3496
3991
4417
4792
5184
5480
5406
4935
4178
3618
3350
3340
3604
3749
3515
2949
2155
1090
-218
-2127
-4613
-7100
-9146
-10108
-9995
-9331
-8263
-6999
-5550
-3733
-1859
-338
460
306
-581
-1548
-2131
-2488
-2806
-3233
-3761
-3922
-3579
-2937
-2352
-2398
-3153
-4475
-5986
-7326
-8247
-8754
-9127
-9115
-8429
-6794
-4346
-1732
451
1786
2199
1891
1267
511
-330
-1204
-1977
-2388
-1926
-564
965
2187
2606
2054
949
-430
-1833
-3129
-4299
-5135
-5281
-4594
-3058
-998
771
1821
2186
1964
1496
986
310
-301
-667
-651
-64
1085
2661
4244
5321
5735
5765
5300
4570
3787
2686
1501
450
-103
-10
380
903
1507
2117
2595
3041
3341
3314
3179
2945
2832
3084
3540
4127
4750
5133
5292
5341
5059
4433
3514
2461
1663
1298
1486
2174
3043
3892
4607
5202
5678
5776
5258
4263
3194
2393
2178
2520
3155
3783
4062
3845
3253
2310
729
-1445
-4225
-7082
-8984
-9891
-9770
-8786
-7671
-6298
-4673
-2998
-1279
-81
346
-56
-1022
-1930
-2428
-2421
-2362
-2527
-2748
-2751
-2347
-1752
-1394
-1655
-2594
-3964
-5361
-6506
-7363
-7930
-8298
-8447
-7927
-6419
-4223
-1990
-231
942
1339
1255
1109
662
15
-808
-1637
-1944
-1603
-658
435
1177
1367
941
196
-680
-1620
-2613
-3653
-4458
-4636
-4093
-3009
-1617
-466
265
566
541
447
215
-98
-520
-764
-513
236
1384
2577
3703
4579
5038
5289
5145
4556
3786
2730
1584
754
294
218
407
703
1133
1630
2159
2538
2681
2643
2449
2397
2469
2690
3185
3742
4324
4893
5318
5517
5389
4859
3940
3000
2318
2093
2283
2554
2964
3587
4285
4973
5465
5466
5009
4220
3393
2961
2919
3294
3833
4107
4193
4071
3641
2789
1165
-1258
-4145
-6820
-8673
-9442
-9204
-8480
-7417
-6004
-4215
-2188
-428
711
883
170
-935
-1809
-2228
-2427
-2554
-2701
-2691
-2328
-1596
-877
-623
-1108
-2450
-4296
-5939
-7112
-7869
-8301
-8663
-8663
-7894
-6205
-3966
-1876
-388
305
430
321
212
21
-345
-796
-1221
-1325
-762
328
1476
2153
1809
860
-133
-1176
-2168
-3170
-4066
-4743
-4960
-4240
-2877
-1383
-251
186
161
-118
-440
-662
-949
-1144
-1042
-673
268
1670
3113
4369
5084
5192
4972
4510
3838
2947
1942
971
204
-5
98
377
833
1179
1547
1848
2049
2245
2286
2205
2092
2190
2523
2924
3338
3762
4213
4573
4903
5026
4768
4301
3737
3283
3073
3101
3330
3587
3848
4287
4798
5265
5485
5247
4644
3866
3342
3251
3429
3726
3850
3672
3322
2848
2115
908
-888
-3204
-5540
-7222
-7949
-7778
-7171
-6484
-5534
-4312
-2826
-1219
-127
168
-302
-1252
-2118
-2586
-2713
-2668
-2768
-2965
-2848
-2279
-1388
-815
-965
-1823
-3181
-4516
-5534
-6212
-6682
-7083
-7261
-6861
-5647
-3820
-1948
-485
298
375
124
-185
-420
-757
-1293
-1541
-1482
-1043
-42
1036
1701
1674
1068
179
-896
-1964
-2894
-3657
-4168
-4273
-3718
-2589
-1333
-325
196
279
3
-511
-947
-1224
-1393
-1313
-758
226
1468
2773
3859
4433
4609
4369
3707
2896
1915
1069
357
-176
-218
-15
317
659
923
1287
1632
1752
1682
1675
1804
1894
2106
2536
2966
3301
3531
3726
3933
4002
3969
3719
3309
3047
2861
2979
3350
3683
3944
4165
4536
4931
5279
5487
5323
4903
4364
3932
3852
3953
4058
4036
3750
3270
2568
1621
421
-1316
-3439
-5403
-6953
-7796
-7884
-7373
-6465
-5425
-4160
-2792
-1436
-278
284
217
-368
-1174
-1874
-2231
-2378
-2482
-2440
-2249
-1750
-1100
-653
-669
-1288
-2426
-3878
-5224
-6274
-6998
-7336
-7313
-6872
-5726
-4027
-2301
-770
224
448
296
-28
-493
-834
-1139
-1299
-1134
-644
187
1136
1884
2062
1571
595
-568
-1833
-3011
-3862
-4425
-4498
-4096
-3158
-1869
-888
-200
48
-245
-620
-1014
-1360
-1437
-1279
-814
57
1220
2516
3605
4295
4514
4250
3673
2930
2103
1184
388
-110
-314
-167
197
557
842
1147
1337
1438
1617
1657
1643
1729
1944
2342
2802
3167
3413
3561
3583
3526
3400
3273
2945
2483
2362
2470
2777
3198
3604
4078
4446
4712
4857
4983
4931
4494
3935
3554
3495
3588
3778
4022
4091
3831
3254
2339
1037
-844
-2973
-5012
-6827
-7819
-8114
-7727
-6697
-5457
-3894
-2211
-734
393
814
505
-238
-1241
-2238
-2922
-3228
-3246
-3105
-2656
-1835
-989
-384
-248
-833
-2040
-3487
-4963
-6256
-7040
-7364
-7206
-6393
-4994
-3168
-1303
150
903
860
410
-144
-774
-1299
-1660
-1693
-1249
-396
737
1921
2747
2860
2189
964
-476
-1903
-3241
-4441
-5098
-5037
-4295
-2971
-1459
-100
757
938
635
115
-475
-1037
-1548
-1768
-1375
-448
902
2421
3771
4710
4984
4681
4020
3142
2169
1151
249
-417
-696
-574
-177
320
701
943
1028
981
982
1060
1038
1155
1364
1595
2090
2572
2955
3179
3209
3094
2961
2830
2612
2456
2389
2554
2855
3276
3821
4242
4537
4733
4836
4811
4577
4135
3583
3151
2963
2899
3083
3402
3637
3741
3408
2639
1440
-192
-2154
-4260
-6142
-7497
-7971
-7749
-7003
-5840
-4453
-2811
-1272
-104
567
594
107
-680
-1553
-2194
-2662
-3021
-3044
-2810
-2228
-1357
-581
-184
-391
-1172
-2417
-3824
-5135
-6226
-6897
-7218
-7018
-6086
-4602
-2805
-1051
188
798
955
681
390
57
-459
-669
-740
-543
132
1020
1912
2383
2229
1512
550
-500
-1629
-2672
-3535
-4014
-4042
-3505
-2373
-1085
31
657
782
689
359
-84
-495
-826
-1049
-924
-375
490
1675
2841
3718
4078
4090
3865
3323
2660
1715
713
-129
-699
-753
-557
-136
419
777
1005
1274
1497
1669
1714
1665
1717
1720
1717
1833
2089
2238
2265
2328
2365
2509
2492
2514
2757
2911
3184
3439
3685
3998
4195
4442
4582
4516
4245
3802
3457
3149
3021
3121
3211
3267
3274
3046
2407
1389
-170
-2073
-4096
-6112
-7401
-7945
-7842
-7073
-6029
-4634
-2907
-1267
24
793
952
580
-262
-1152
-1875
-2438
-2746
-2883
-2626
-2012
-1096
-89
386
253
-511
-1740
-3074
-4479
-5614
-6310
-6654
-6449
-5730
-4369
-2535
-894
347
1049
1268
1154
776
269
-279
-607
-723
-684
-195
497
1247
1800
1698
1184
319
-713
-1796
-2906
-3812
-4407
-4462
-3917
-2906
-1779
-809
-136
128
189
15
-466
-992
-1385
-1534
-1334
-736
120
1207
2280
3082
3622
3747
3498
2883
2026
1018
27
-731
-1232
-1295
-1100
-588
106
770
1435
1977
2407
2602
2677
2645
2652
2733
2713
2741
2794
2931
3117
3301
3450
3455
3336
3086
2920
2884
2925
3081
3236
3432
3719
4094
4421
4585
4540
4146
3691
3379
3165
3205
3420
3534
3452
3188
2587
1539
76
-1767
-3867
-5929
-7457
-8106
-7992
-7355
-6294
-4909
-3277
-1556
-88
862
1244
949
69
-872
-1739
-2356
-2530
-2552
-2345
-1813
-1054
-138
414
309
-446
-1895
-3603
-5245
-6700
-7642
-7901
-7647
-6815
-5252
-3296
-1344
178
989
1151
863
354
-234
-745
-1102
-1268
-983
-194
929
1991
2680
2922
2473
1565
332
-1010
-2248
-3388
-4051
-4178
-3659
-2603
-1278
-75
566
877
816
306
-370
-1202
-1949
-2323
-2215
-1456
-200
1298
2775
3926
4527
4591
4308
3689
2684
1470
346
-425
-672
-466
-70
375
868
1211
1416
1588
1587
1499
1313
1058
1056
1282
1596
1997
2345
2642
2998
3251
3482
3635
3456
3176
2902
2745
2741
2863
3180
3412
3524
3690
3882
4006
3847
3513
3195
2740
2390
2465
2711
2938
3070
2840
2205
1222
-24
-1649
-3648
-5551
-6969
-7619
-7556
-6819
-5618
-4061
-2427
-1047
263
1058
1351
1067
165
-753
-1640
-2293
-2584
-2618
-2367
-1829
-1129
-468
-52
-154
-910
-2151
-3570
-5108
-6379
-7045
-7269
-6941
-6030
-4645
-2811
-1044
287
1083
1262
1029
526
-141
-769
-1103
-1074
-627
203
1242
2340
3083
3224
2679
1566
273
-1062
-2183
-3098
-3773
-3697
-3056
-2127
-997
-50
533
636
309
-180
-784
-1490
-1921
-1992
-1749
-1000
119
1422
2619
3608
4128
4018
3660
2948
2086
1251
494
-7
-277
-109
254
650
1018
1248
1354
1182
972
874
796
814
927
1170
1542
1906
2286
2665
2835
2805
2727
2587
2417
2305
2260
2303
2420
2598
2876
3279
3675
3838
3891
3806
3602
3480
3385
3404
3545
3652
3646
3524
3059
2239
1155
-278
-1843
-3442
-4934
-6075
-6751
-6886
-6506
-5820
-4849
-3632
-2357
-1129
-261
268
480
309
-236
-905
-1419
-1892
-2134
-2188
-1962
-1404
-799
-354
-280
-558
-1309
-2438
-3738
-4968
-5910
-6486
-6520
-6083
-5073
-3624
-2163
-812
155
723
991
846
465
66
-197
-198
48
576
1355
2093
2633
2897
2722
2121
1192
-9
-1225
-2222
-2908
-3149
-2989
-2433
-1549
-655
65
445
548
404
-187
-808
-1300
-1667
-1668
-1266
-434
561
1634
2648
3345
3665
3464
2874
2091
1143
259
-308
-482
-351
-81
232
555
845
1037
1217
1218
1031
989
959
1104
1526
1806
2106
2334
2411
2468
2419
2396
2300
2219
2226
2320
2508
2806
3177
3368
3560
3669
3627
3624
3624
3650
3618
3553
3590
3729
3841
3759
3341
2579
1542
191
-1275
-2698
-4126
-5222
-5840
-5999
-5677
-5071
-4263
-3300
-2265
-1399
-794
-267
42
-43
-399
-913
-1460
-1830
-2038
-2083
-2075
-1934
-1565
-1281
-1140
-1093
-1299
-1915
-2766
-3720
-4565
-5065
-5330
-5337
-4946
-4122
-2915
-1702
-799
-94
323
469
360
39
-161
-204
-169
9
481
1228
1938
2446
2518
2049
1388
491
-567
-1571
-2459
-3016
-3184
-2869
-2143
-1237
-383
227
406
238
-82
-624
-1151
-1476
-1594
-1372
-680
393
1696
2919
3649
3880
3638
3022
2214
1282
413
-158
-500
-521
-117
508
1157
1476
1530
1377
1025
807
637
551
642
820
1282
1826
2364
2909
3081
2948
2510
2005
1736
1485
1427
1701
2106
2665
3342
3860
4170
4261
4037
3625
3186
2894
2861
3029
3313
3581
3562
3258
2569
1398
9
-1798
-3737
-5239
-6159
-6325
-5857
-4928
-3783
-2601
-1456
-521
109
271
129
-101
-607
-1078
-1188
-1168
-996
-811
-750
-580
-441
-495
-796
-1412
-2166
-2997
-3898
-4596
-4924
-4901
-4604
-4216
-3581
-2771
-2066
-1413
-1056
-954
-974
-1156
-1224
-1142
-964
-614
-13
638
1211
1833
2345
2543
2296
1712
1002
187
-643
-1351
-1906
-2220
-2191
-2017
-1630
-1035
-528
-152
-69
-258
-586
-1012
-1399
-1715
-1772
-1626
-1209
-270
847
2061
3103
3607
3772
3422
2668
1840
1002
284
-342
-565
-351
104
654
1011
1344
1300
858
530
242
43
-26
110
584
1264
1896
2541
3016
3048
2797
2264
1732
1430
1313
1472
1862
2400
3050
3648
4023
4072
3831
3327
2668
2196
1981
2155
2581
3086
3575
3786
3668
2923
1645
-30
-2079
-4123
-5770
-6577
-6508
-5772
-4639
-3254
-1741
-422
518
972
854
204
-773
-1704
-2269
-2411
-2147
-1592
-972
-277
391
713
636
110
-856
-2079
-3403
-4463
-5047
-5162
-4846
-4199
-3359
-2487
-1567
-804
-467
-454
-807
-1388
-1846
-2119
-2034
-1627
-974
-91
764
1641
2390
2904
3037
2574
1927
1144
343
-344
-993
-1414
-1683
-1756
-1577
-1237
-801
-457
-331
-434
-743
-1120
-1428
-1732
-1947
-1945
-1620
-815
321
1551
2684
3542
3977
4046
3746
3021
2280
1439
489
-134
-543
-591
-247
110
407
621
708
784
898
873
812
770
845
1103
1416
1873
2263
2422
2453
2316
2138
1972
1791
1835
1950
2043
2350
2762
3158
3298
3227
3113
2869
2758
2819
2962
3193
3452
3687
3536
3013
2139
828
-769
-2649
-4316
-5529
-6262
-6400
-6097
-5321
-4278
-3027
-1634
-514
231
561
459
100
-359
-875
-1312
-1570
-1747
-1717
-1386
-897
-541
-445
-643
-1186
-1972
-2869
-3615
-4232
-4593
-4522
-4151
-3457
-2631
-1705
-819
-333
-185
-240
-410
-706
-1043
-1188
-1163
-935
-384
381
1199
2031
2688
2898
2796
2429
1836
1102
271
-519
-1251
-1672
-1792
-1706
-1310
-829
-417
-183
-105
-118
-335
-744
-1253
-1620
-1739
-1529
-994
-167
995
2141
3091
3756
4067
3961
3356
2422
1314
237
-589
-974
-1063
-896
-508
-103
191
341
478
406
226
73
-59
91
464
1013
1736
2297
2632
2891
2939
2720
2413
2115
1825
1714
1798
2023
2438
2760
2961
3132
2979
2677
2391
2092
2090
2277
2614
3085
3362
3330
2850
1968
699
-1013
-2904
-4566
-5689
-6130
-5974
-5388
-4331
-3025
-1702
-527
257
568
438
5
-691
-1312
-1605
-1837
-1893
-1523
-916
-162
561
1022
1003
478
-349
-1540
-2848
-4094
-5042
-5416
-5293
-4585
-3514
-2231
-908
18
473
454
113
-407
-1046
-1600
-1868
-1729
-1173
-199
879
1846
2678
3165
3197
2840
2144
1249
353
-534
-1327
-1821
-1890
-1578
-1078
-623
-235
126
308
231
-144
-730
-1299
-1842
-2166
-2074
-1694
-881
202
1244
2342
3337
3986
4144
3851
3147
2165
1174
271
-356
-669
-701
-518
-233
49
253
306
95
-220
-475
-537
-372
-6
605
1300
1912
2399
2747
2850
2706
2317
1893
1819
1893
2108
2563
2998
3315
3376
3192
2835
2337
1786
1347
1199
1303
1680
2387
3117
3516
3423
2612
1314
-325
-2245
-4069
-5512
-6353
-6457
-5797
-4639
-3170
-1604
-299
507
820
678
131
-688
-1712
-2524
-2874
-2704
-1990
-1046
8
922
1463
1610
1188
237
-1109
-2631
-4013
-5061
-5688
-5648
-4957
-3944
-2769
-1671
-801
-276
-104
-312
-747
-1188
-1628
-1766
-1509
-860
29
855
1702
2369
2798
2975
2749
2215
1437
612
-171
-681
-893
-1014
-886
-661
-403
-40
216
381
341
-18
-468
-967
-1397
-1542
-1453
-1088
-451
350
1263
2280
3172
3601
3684
3454
2957
2408
1761
1106
628
201
-177
-277
-118
85
131
-14
-286
-487
-518
-479
-414
-251
160
656
1092
1597
2112
2435
2481
2368
2210
2076
2118
2364
2703
3003
3257
3424
3444
3276
2748
2035
1419
880
678
993
1554
2214
2728
2885
2647
1844
452
-1303
-3169
-4871
-6018
-6404
-6046
-5052
-3761
-2431
-1112
-29
480
360
-124
-867
-1767
-2507
-2821
-2653
-2138
-1399
-532
364
1071
1404
1341
712
-379
-1583
-2828
-3906
-4604
-4803
-4578
-4100
-3241
-2204
-1224
-551
-339
-370
-631
-910
-1207
-1457
-1455
-1208
-619
34
791
1555
2072
2420
2457
2240
1854
1402
840
191
-266
-586
-712
-618
-467
-240
-32
25
15
-70
-256
-548
-912
-1224
-1386
-1241
-857
-285
397
1088
1901
2596
3106
3529
3637
3455
3074
2495
1836
1191
617
85
-390
-652
-832
-908
-827
-784
-615
-480
-340
-14
292
709
1175
1616
1942
2159
2332
2366
2338
2321
2473
2726
3031
3408
3718
3953
3888
3563
3096
2324
1587
999
615
641
998
1661
2344
2803
2744
2099
977
-640
-2345
-4092
-5575
-6297
-6345
-5760
-4757
-3490
-2184
-1083
-323
-76
-232
-688
-1317
-1939
-2336
-2474
-2294
-1749
-1029
-262
346
855
1095
770
28
-990
-2215
-3475
-4476
-5027
-5038
-4725
-4129
-3122
-2015
-1063
-340
130
128
-296
-754
-1173
-1408
-1382
-1131
-628
5
664
1378
1984
2252
2172
1862
1420
931
351
-263
-694
-988
-1027
-811
-372
138
411
596
506
237
-86
-618
-1138
-1599
-1750
-1541
-987
8
1137
2295
3256
3865
4264
4255
3864
3397
2670
1868
1270
817
624
545
517
511
461
357
150
-25
-190
-367
-380
-201
199
746
1352
1975
2451
2827
3038
3088
3108
3048
3078
3184
3305
3572
3736
3814
3688
3046
2374
1784
1046
622
552
604
955
1444
1893
2098
1746
902
-292
-1886
-3680
-5113
-6058
-6465
-6228
-5509
-4439
-3228
-2063
-1185
-699
-640
-1012
-1545
-2149
-2600
-2770
-2651
-2200
-1577
-706
209
898
1304
1229
737
-176
-1440
-2733
-3880
-4745
-5125
-4940
-4317
-3409
-2304
-1189
-394
22
87
-183
-587
-1037
-1410
-1490
-1329
-861
-76
685
1376
2001
2293
2272
2046
1584
1044
468
-169
-586
-779
-820
-635
-328
54
395
604
688
502
118
-270
-606
-890
-1101
-977
-583
-76
708
1611
2364
3009
3517
3688
3593
3347
2978
2547
2032
1550
1234
1039
834
614
453
222
-36
-243
-436
-502
-476
-346
-92
321
795
1203
1627
1933
2078
2174
2255
2349
2556
2854
3167
3485
3707
3739
3519
3028
2422
1739
1102
704
566
804
1312
1858
2268
2444
2101
1259
37
-1538
-3166
-4724
-5798
-6180
-6069
-5379
-4299
-3217
-2014
-979
-462
-292
-574
-1034
-1679
-2461
-2846
-2842
-2415
-1841
-1216
-280
599
1125
1271
989
208
-973
-2198
-3396
-4434
-4916
-5027
-4810
-4201
-3394
-2340
-1403
-847
-558
-506
-687
-955
-1133
-1211
-1109
-726
-157
430
1069
1649
2015
2169
2006
1714
1449
994
542
107
-370
-626
-676
-518
-204
115
316
422
513
557
389
91
-125
-355
-352
-105
271
862
1485
2109
2553
2873
3169
3205
3051
2805
2579
2357
2102
1867
1584
1294
933
470
21
-371
-629
-795
-858
-654
-300
116
634
1094
1467
1741
1805
1771
1723
1690
1661
1785
2157
2580
3132
3683
3952
3992
3740
3181
2445
1632
919
504
399
609
1128
1792
2360
2438
1998
1077
-425
-2090
-3685
-5114
-6130
-6543
-6203
-5321
-4121
-2797
-1614
-905
-635
-720
-1183
-1736
-2341
-2860
-3028
-2775
-2148
-1298
-438
287
831
1066
835
254
-659
-1755
-2809
-3895
-4639
-4844
-4675
-4113
-3327
-2494
-1621
-912
-560
-404
-475
-779
-1023
-1126
-1100
-805
-195
446
1021
1626
2090
2299
2379
2239
1786
1264
765
305
35
-82
-140
-88
62
261
498
715
672
402
142
-245
-585
-816
-934
-662
-379
113
824
1380
2106
2738
3088
3191
3113
2900
2509
2098
1680
1245
815
428
86
-112
-192
-326
-460
-572
-636
-502
-325
-177
132
501
834
1263
1661
1877
2020
2034
1976
2086
2310
2618
3012
3420
3758
3881
3833
3547
3060
2494
1793
1318
1097
1146
1625
2225
2774
2923
2566
1852
666
-822
-2490
-4126
-5338
-5986
-6001
-5532
-4743
-3709
-2616
-1677
-1117
-866
-852
-1143
-1619
-2079
-2357
-2475
-2323
-1837
-1372
-858
-177
267
474
369
-216
-1023
-2028
-3108
-4069
-4738
-4903
-4696
-4154
-3293
-2280
-1313
-573
-164
-95
-222
-453
-732
-1019
-1078
-824
-357
331
928
1547
2113
2374
2410
2090
1571
968
405
-62
-412
-441
-312
-99
191
442
660
644
431
184
-212
-660
-911
-943
-840
-469
99
743
1362
1763
2140
2444
2541
2448
2246
2012
1678
1501
1330
1139
1150
987
763
591
223
-236
-596
-833
-1048
-1107
-957
-619
14
870
1675
2320
2879
3097
3004
2782
2533
2375
2283
2402
2720
3212
3694
3905
3930
3645
3121
2517
1816
1371
1226
1291
1626
2055
2376
2384
1943
1042
-271
-1951
-3585
-4895
-5929
-6340
-6089
-5467
-4436
-3165
-1946
-1006
-493
-261
-479
-1076
-1673
-2266
-2675
-2749
-2488
-1967
-1194
-277
555
1114
1101
531
-463
-1647
-2942
-4159
-4889
-5217
-5014
-4282
-3289
-2098
-1040
-253
120
52
-246
-666
-1124
-1537
-1584
-1327
-781
10
801
1612
2229
2431
2247
1825
1328
655
-97
-651
-960
-972
-747
-267
288
693
914
950
781
365
-55
-453
-816
-999
-955
-622
-33
648
1327
1908
2361
2760
2946
3011
2950
2620
2315
1973
1628
1406
1180
929
653
477
297
64
-161
-411
-545
-611
-626
-383
94
656
1293
1876
2279
2585
2667
2572
2358
2078
2062
2231
2435
2833
3244
3437
3507
3373
3024
2577
2115
1706
1490
1564
1768
2058
2268
2113
1563
630
-633
-2183
-3793
-5107
-5957
-6212
-5932
-5152
-4034
-2762
-1564
-709
-122
8
-258
-801
-1567
-2187
-2593
-2678
-2375
-1823
-999
-80
607
994
866
285
-694
-2069
-3295
-4397
-5149
-5238
-4982
-4250
-3156
-2051
-1078
-464
-236
-362
-740
-1229
-1751
-2075
-2068
-1694
-1068
-356
520
1386
1983
2212
2145
1818
1246
662
88
-332
-540
-607
-364
-26
245
497
583
477
132
-292
-674
-995
-1043
-881
-554
9
765
1459
2084
2637
2851
2905
2849
2729
2621
2453
2284
2083
1920
1807
1685
1460
1169
885
506
154
-125
-294
-353
-361
-201
109
501
900
1324
1779
2029
2043
2066
2082
2045
2030
2184
2466
2731
3140
3464
3594
3515
3146
2679
2143
1628
1254
1153
1288
1561
1904
2191
2209
1734
798
-572
-2053
-3571
-5001
-5871
-6147
-5882
-5161
-4051
-2762
-1588
-669
-193
-227
-642
-1196
-1809
-2397
-2740
-2756
-2393
-1779
-1004
-149
539
777
552
47
-821
-1908
-3022
-3935
-4531
-4736
-4400
-3760
-2881
-1999
-1209
-557
-325
-463
-768
-1062
-1511
-1860
-1839
-1545
-820
5
744
1533
2046
2269
2263
1976
1552
1046
594
178
-146
-150
-14
131
337
552
595
465
284
-88
-501
-886
-1172
-1073
-787
-384
270
917
1475
2065
2521
2703
2643
2551
2334
1942
1765
1662
1517
1456
1339
1093
861
597
207
-80
-456
-851
-974
-1004
-819
-452
-29
518
994
1365
1683
1834
1851
1861
1731
1589
1779
2104
2511
2991
3375
3673
3733
3563
3252
2786
2273
1683
1211
1125
1304
1630
1991
2099
1886
1388
478
-698
-2094
-3528
-4666
-5426
-5611
-5280
-4549
-3559
-2498
-1494
-707
-221
-102
-373
-909
-1586
-2259
-2601
-2594
-2295
-1856
-1265
-557
-27
293
205
-185
-860
-1758
-2639
-3480
-3960
-4023
-3797
-3325
-2736
-1927
-1084
-568
-306
-319
-485
-719
-999
-1084
-998
-688
-258
244
900
1554
2100
2230
2008
1714
1206
636
123
-341
-597
-707
-543
-327
-137
253
382
350
179
-197
-519
-920
-1174
-1159
-1068
-693
-49
643
1396
2021
2415
2607
2636
2523
2331
2063
1719
1479
1368
1250
1170
1101
871
627
264
-112
-302
-558
-738
-720
-549
-247
239
837
1278
1711
2211
2414
2463
2533
2537
2577
2654
2824
3000
3165
3321
3330
3184
2942
2547
2065
1730
1488
1349
1326
1414
1630
1680
1488
961
53
-950
-2181
-3415
-4391
-5071
-5328
-5245
-4659
-3796
-2922
-2032
-1253
-672
-532
-647
-836
-1273
-1655
-1844
-1944
-1909
-1697
-1284
-711
-270
-69
-10
-312
-763
-1328
-2154
-2882
-3394
-3683
-3618
-3209
-2667
-1935
-1176
-728
-407
-250
-360
-681
-1044
-1235
-1292
-1140
-731
-184
412
996
1500
1776
1793
1552
1122
551
-95
-603
-880
-996
-959
-716
-404
-55
211
315
261
-48
-478
-917
-1145
-1181
-1028
-570
-106
505
1321
2030
2540
2829
2891
2790
2657
2420
2193
2026
1870
1742
1584
1434
1248
891
480
162
-212
-506
-627
-564
-230
191
672
1195
1613
2041
2397
2396
2369
2335
2247
2318
2407
2710
3134
3476
3828
3989
3845
3505
3047
2450
1799
1233
928
883
1004
1208
1316
1275
929
222
-755
-1945
-3242
-4437
-5203
-5523
-5430
-4860
-3993
-2969
-1883
-963
-457
-360
-504
-934
-1636
-2192
-2490
-2543
-2372
-1959
-1284
-648
-26
293
170
-158
-881
-1800
-2704
-3553
-4036
-4068
-3740
-3273
-2639
-1792
-1078
-635
-582
-737
-1044
-1478
-1685
-1712
-1445
-929
-273
426
1021
1566
1765
1751
1481
1023
601
57
-271
-475
-544
-325
-104
186
543
688
584
320
-59
-401
-723
-966
-1051
-965
-627
-93
594
1267
1758
2067
2240
2197
2000
1866
1723
1703
1819
1931
2140
2335
2381
2195
1744
1117
412
-308
-867
-1201
-1374
-1115
-556
35
808
1571
2075
2309
2313
2138
1888
1690
1606
1760
2148
2752
3408
4020
4591
4659
4362
3927
3163
2285
1481
1002
798
843
1156
1585
1952
1901
1573
794
-466
-1912
-3393
-4562
-5334
-5572
-5295
-4608
-3556
-2431
-1286
-420
-79
-142
-614
-1330
-2182
-2887
-3284
-3330
-2834
-2173
-1341
-394
250
623
498
-57
-916
-1991
-3022
-3930
-4490
-4672
-4350
-3687
-2918
-2046
-1449
-1039
-912
-1111
-1309
-1609
-1775
-1741
-1613
-1095
-361
332
972
1466
1763
1763
1581
1213
694
257
-114
-303
-271
-155
61
356
642
892
946
790
560
228
-166
-524
-711
-709
-497
-94
412
1006
1488
1948
2337
2362
2248
2117
1945
1864
1805
1734
1731
1822
1999
1961
1716
1353
802
233
-321
-757
-1058
-1245
-1081
-573
80
723
1315
1843
2157
2209
2194
2035
1855
1805
1830
2192
2677
3202
3710
3928
4042
3919
3485
2898
2181
1585
1130
912
897
947
1205
1250
976
468
-343
-1357
-2553
-3664
-4588
-5077
-5061
-4696
-3875
-2850
-1812
-947
-407
-216
-370
-747
-1432
-2192
-2748
-3117
-3050
-2653
-2075
-1234
-469
-2
236
89
-475
-1235
-2243
-3116
-3766
-4164
-4060
-3687
-3044
-2327
-1623
-967
-618
-553
-625
-770
-1008
-1183
-1200
-946
-418
140
711
1225
1586
1718
1577
1213
708
260
-201
-550
-603
-526
-354
-132
112
353
431
386
195
-110
-410
-761
-931
-878
-639
-250
165
597
1077
1604
1871
1938
1876
1746
1669
1512
1445
1422
1355
1407
1523
1502
1405
1247
973
575
92
-261
-522
-571
-484
-237
283
821
1353
1778
2158
2514
2635
2650
2741
2792
2867
3135
3338
3456
3602
3658
3550
3342
3013
2644
2311
1870
1615
1474
1411
1403
1139
758
196
-512
-1341
-2332
-3330
-4134
-4500
-4613
-4451
-3911
-3201
-2399
-1674
-1082
-632
-552
-778
-1109
-1593
-2042
-2213
-2255
-2197
-1921
-1487
-966
-534
-246
-237
-512
-948
-1819
-2665
-3209
-3613
-3707
-3571
-3141
-2513
-1884
-1269
-823
-584
-589
-792
-1003
-1302
-1476
-1283
-984
-535
94
687
1187
1549
1589
1392
1158
710
171
-249
-555
-672
-575
-295
17
363
715
843
751
464
118
-213
-508
-633
-630
-382
110
709
1311
1943
2430
2474
2350
2116
1769
1403
959
726
776
977
1199
1331
1495
1523
1316
927
393
-194
-772
-1058
-1110
-1015
-678
-191
439
1060
1567
2022
2253
2139
1938
1864
1829
1889
2084
2349
2790
3274
3565
3706
3666
3382
2911
2284
1779
1380
1054
950
857
725
485
153
-437
-1308
-2177
-3175
-3974
-4346
-4455
-4075
-3396
-2624
-1655
-803
-262
-49
-68
-461
-1187
-1765
-2214
-2476
-2472
-2256
-1743
-1078
-506
-64
125
-20
-434
-1216
-2141
-2924
-3415
-3622
-3607
-3314
-2823
-2123
-1462
-1014
-721
-745
-998
-1284
-1497
-1590
-1466
-1108
-587
48
654
1287
1693
1748
1675
1294
764
245
-253
-553
-642
-546
-360
-110
147
396
537
533
382
89
-203
-460
-548
-472
-167
252
670
1090
1431
1838
2049
2048
2014
1812
1627
1448
1244
1174
1171
1280
1369
1358
1353
1216
992
582
97
-131
-335
-539
-500
-267
60
482
901
1214
1489
1565
1494
1497
1436
1499
1752
2080
2470
2849
3226
3412
3519
3447
3128
2781
2303
1951
1721
1427
1253
1039
656
274
-262
-974
-1737
-2612
-3343
-3840
-4056
-3907
-3551
-3021
-2293
-1499
-905
-517
-296
-315
-623
-1142
-1648
-1973
-2173
-2201
-2024
-1768
-1324
-823
-477
-325
-394
-707
-1290
-2015
-2692
-3226
-3503
-3507
-3382
-2988
-2377
-1808
-1300
-1022
-938
-999
-1269
-1530
-1667
-1562
-1178
-708
-152
530
1191
1706
1988
1916
1557
1049
472
-9
-380
-448
-258
-43
253
569
809
938
874
635
306
-73
-285
-389
-413
-199
104
534
1109
1617
2012
2375
2556
2535
2476
2231
1880
1577
1322
1163
1092
1049
1081
1183
1168
1065
786
375
-64
-537
-737
-772
-792
-528
-36
419
872
1244
1383
1405
1277
1076
1004
1118
1378
1735
2253
2743
3236
3613
3608
3427
3096
2664
2182
1728
1453
1234
948
645
281
-220
-672
-1290
-2130
-2817
-3420
-3811
-3853
-3711
-3401
-2923
-2300
-1619
-1077
-741
-572
-593
-804
-1176
-1575
-1862
-2052
-2113
-1938
-1599
-1149
-708
-390
-263
-459
-965
-1617
-2213
-2769
-3181
-3254
-3130
-2833
-2231
-1502
-877
-480
-390
-514
-728
-1114
-1411
-1370
-1131
-663
-61
513
1093
1654
1893
1786
1431
892
365
-171
-484
-554
-489
-292
62
469
794
1012
846
570
195
-312
-657
-914
-911
-748
-520
-101
472
1133
1729
2178
2415
2369
2155
1872
1501
1144
876
755
846
1017
1204
1449
1577
1459
1161
733
290
-170
-499
-566
-538
-287
192
686
1100
1441
1679
1739
1646
1485
1430
1545
1810
2104
2475
2893
3233
3435
3434
3351
3034
2459
1972
1632
1362
1041
749
530
154
-332
-852
-1490
-2269
-3036
-3627
-3986
-4029
-3937
-3686
-3102
-2497
-1850
-1211
-742
-341
-268
-497
-873
-1232
-1531
-1868
-1921
-1863
-1713
-1320
-953
-661
-572
-676
-1005
-1563
-2118
-2621
-2910
-2983
-2890
-2501
-1978
-1395
-824
-469
-397
-469
-623
-915
-1143
-1204
-1051
-721
-278
335
935
1395
1686
1808
1639
1200
802
375
-63
-331
-465
-454
-322
-6
329
570
728
708
576
254
-81
-377
-672
-726
-692
-541
-153
392
994
1511
1989
2267
2344
2281
1973
1548
1134
875
717
617
744
965
1018
1038
1016
835
638
367
59
-141
-366
-453
-236
164
616
937
1335
1618
1695
1814
1825
1828
1899
1971
2094
2337
2596
2857
3050
3059
3063
2969
2699
2402
2055
1683
1203
585
-82
-715
-1371
-2072
-2719
-3332
-3840
-4164
-4193
-4023
-3682
-3139
-2539
-1832
-1124
-521
-98
90
24
-231
-513
-849
-1104
-1274
-1481
-1549
-1386
-1198
-1082
-955
-983
-1191
-1540
-1985
-2270
-2392
-2449
-2394
-2135
-1666
-1087
-620
-334
-307
-380
-537
-826
-1013
-1154
-1076
-816
-379
153
640
1182
1416
1459
1295
862
550
91
-412
-689
-784
-748
-613
-273
70
312
333
147
-47
-294
-637
-964
-1085
-1031
-873
-550
-64
478
952
1314
1577
1636
1597
1566
1412
1268
1146
1060
1035
1087
1204
1219
1214
1099
855
615
403
260
198
120
136
302
570
1000
1207
1331
1567
1665
1684
1666
1725
1787
1836
2078
2332
2619
3031
3311
3451
3425
3389
3358
3148
2891
2455
1992
1475
732
63
-645
-1400
-2141
-2894
-3542
-4055
-4200
-4065
-3890
-3420
-2753
-2139
-1427
-767
-267
131
185
22
-193
-441
-608
-856
-1195
-1405
-1437
-1518
-1565
-1560
-1749
-1934
-2197
-2485
-2656
-2795
-2763
-2671
-2533
-2261
-1902
-1497
-1109
-824
-784
-772
-800
-955
-989
-1013
-920
-660
-367
-66
377
905
1153
1198
1018
712
469
191
-44
-173
-226
-104
89
277
525
632
556
362
123
-111
-283
-390
-504
-460
-145
314
743
1182
1576
1771
1865
1826
1739
1672
1585
1528
1445
1393
1418
1491
1513
1479
1342
1085
854
610
392
243
109
-46
-97
13
203
490
705
820
925
968
1014
1070
1111
1197
1312
1454
1700
2134
2628
3074
3391
3479
3510
3440
3142
2699
2318
1888
1168
435
-259
-976
-1628
-2248
-2909
-3568
-3977
-4068
-3852
-3438
-2939
-2345
-1706
-1105
-627
-211
72
74
-143
-435
-655
-812
-971
-1159
-1328
-1428
-1524
-1652
-1809
-1978
-2211
-2494
-2735
-2839
-2751
-2588
-2377
-2186
-2030
-1675
-1239
-894
-684
-645
-700
-878
-964
-949
-939
-804
-719
-571
-206
157
471
592
542
459
221
-36
-261
-354
-308
-244
-117
89
455
709
796
821
634
379
30
-293
-396
-429
-300
-121
100
421
743
1212
1520
1622
1728
1726
1771
1871
1948
1985
1877
1723
1652
1617
1497
1310
1082
860
655
528
579
623
641
643
660
759
826
880
936
934
942
997
1107
1337
1643
1917
2138
2321
2579
2938
3147
3240
3302
3331
3206
2932
2651
2155
1596
943
-22
-955
-1802
-2661
-3445
-4096
-4367
-4335
-4161
-3757
-3108
-2359
-1700
-1158
-792
-515
-312
-291
-454
-684
-859
-1022
-1093
-1048
-1063
-1103
-1166
-1393
-1664
-1920
-2204
-2456
-2706
-2920
-2860
-2616
-2274
-1873
-1544
-1157
-793
-632
-519
-495
-647
-857
-1027
-1036
-930
-752
-494
-193
3
196
374
350
381
225
-36
-92
-242
-334
-238
-16
179
315
524
691
783
745
546
373
182
-90
-219
-229
-232
-152
44
257
547
869
1054
1330
1549
1553
1671
1744
1688
1694
1744
1720
1591
1546
1469
1237
1023
863
685
542
502
481
452
468
584
737
892
965
934
999
1039
1054
1123
1287
1499
1616
1878
2154
2493
2848
3008
3204
3304
3330
3252
2986
2737
2378
1768
1036
151
-767
-1568
-2419
-3178
-3775
-4175
-4156
-4006
-3714
-3160
-2525
-1876
-1372
-956
-556
-275
-256
-397
-486
-613
-715
-669
-693
-837
-918
-1028
-1257
-1516
-1820
-2147
-2473
-2776
-2943
-2907
-2651
-2301
-1895
-1429
-1039
-706
-388
-256
-347
-504
-736
-1066
-1257
-1201
-992
-757
-574
-311
76
364
447
431
275
-48
-292
-371
-461
-457
-248
24
298
570
759
857
805
581
289
-55
-258
-330
-386
-323
-154
109
347
652
967
1072
1245
1342
1275
1352
1441
1457
1480
1489
1555
1637
1585
1546
1395
1151
988
753
642
585
521
596
600
569
626
768
847
886
1052
1046
1007
1114
1170
1357
1600
1828
2042
2174
2351
2566
2713
2744
2693
2584
2455
2299
2018
1643
1088
337
-453
-1263
-1999
-2740
-3480
-4009
-4270
-4173
-3793
-3300
-2617
-1878
-1296
-861
-542
-264
-117
-145
-237
-364
-452
-401
-330
-331
-321
-477
-727
-1028
-1487
-1854
-2275
-2685
-2861
-2927
-2769
-2476
-2070
-1506
-1074
-762
-559
-562
-609
-767
-1032
-1154
-1281
-1334
-1014
-615
-310
15
305
600
789
769
659
433
173
-32
-169
-172
-46
191
401
542
684
742
684
513
278
85
-80
-193
-218
-96
178
397
569
845
1104
1333
1531
1441
1367
1406
1430
1560
1563
1580
1597
1557
1534
1443
1401
1198
879
590
393
358
287
283
330
264
277
353
392
406
397
408
442
533
692
988
1219
1454
1754
1898
2146
2395
2584
2756
2848
2759
2574
2483
2238
1882
1413
743
-67
-959
-1697
-2415
-3180
-3774
-4143
-4111
-3817
-3369
-2800
-2199
-1514
-1040
-746
-483
-374
-386
-469
-587
-703
-763
-733
-709
-765
-851
-1059
-1309
-1673
-2095
-2407
-2794
-3104
-3247
-3210
-2880
-2360
-1881
-1453
-998
-584
-312
-340
-508
-652
-938
-1261
-1327
-1232
-1011
-608
-199
238
531
686
844
810
735
579
327
220
164
174
353
558
656
726
756
732
678
481
220
-29
-127
12
121
308
599
741
931
1147
1313
1471
1506
1592
1632
1649
1720
1690
1769
1813
1688
1567
1375
1233
1128
966
787
618
612
611
571
584
571
600
586
527
505
590
742
804
855
923
1134
1434
1696
1945
2101
2212
2346
2508
2571
2621
2635
2517
2331
2065
1772
1337
698
-173
-1135
-1965
-2759
-3549
-4142
-4414
-4464
-4242
-3726
-3055
-2321
-1617
-1053
-740
-533
-463
-575
-756
-957
-973
-920
-906
-831
-775
-816
-1064
-1394
-1809
-2310
-2747
-3122
-3293
-3325
-3218
-2821
-2240
-1631
-1039
-600
-361
-189
-153
-277
-482
-595
-663
-772
-703
-495
-116
333
693
992
1085
1090
1006
790
658
437
204
191
221
410
684
838
1010
1076
1020
891
643
406
236
98
40
145
333
559
854
1097
1267
1299
1254
1233
1164
1127
1118
1213
1411
1598
1710
1723
1709
1560
1307
996
716
531
301
173
173
266
398
535
676
645
579
455
374
378
334
457
611
830
1143
1434
1738
1945
2133
2303
2493
2471
2302
2336
2360
2343
2221
1976
1710
1204
508
-289
-1296
-2288
-3189
-3973
-4421
-4536
-4423
-4010
-3340
-2531
-1586
-876
-450
-128
-8
-48
-241
-637
-994
-1135
-1244
-1265
-1278
-1257
-1186
-1349
-1592
-1858
-2217
-2569
-2871
-3035
-2918
-2578
-2115
-1547
-975
-498
-138
81
66
-116
-412
-734
-955
-1125
-1057
-807
-529
-137
234
539
757
773
712
573
324
113
-53
-129
-136
-26
137
343
545
591
655
571
359
172
80
78
58
214
442
579
753
889
989
1121
1124
1085
1100
1062
1061
1209
1443
1658
1849
1976
2012
1901
1697
1463
1174
998
871
727
676
727
848
868
829
809
742
630
550
461
418
557
741
1056
1382
1629
1956
2192
2310
2355
2348
2296
2255
2200
2096
2023
1900
1686
1391
883
175
-623
-1549
-2438
-3333
-4096
-4427
-4472
-4229
-3695
-2918
-2138
-1412
-733
-280
64
187
88
-210
-632
-811
-977
-1093
-1041
-1048
-1002
-1049
-1282
-1605
-1977
-2437
-2952
-3271
-3470
-3419
-3066
-2504
-1773
-1108
-548
-103
128
95
-12
-263
-679
-967
-1066
-918
-686
-399
19
426
764
896
819
598
378
149
-126
-276
-357
-235
-4
167
377
676
890
872
831
703
460
257
240
307
327
525
799
993
1247
1416
1407
1419
1379
1211
1046
1024
1059
1151
1358
1492
1663
1759
1744
1720
1478
1258
1008
749
693
600
630
729
661
723
752
685
698
520
340
302
325
470
672
942
1271
1509
1716
1992
2202
2394
2469
2409
2348
2221
2154
2035
1729
1306
683
16
-745
-1565
-2295
-2979
-3452
-3812
-3848
-3437
-2983
-2342
-1603
-1082
-615
-154
128
150
84
-133
-428
-467
-368
-429
-562
-650
-818
-1029
-1350
-1858
-2334
-2754
-3253
-3512
-3489
-3348
-2877
-2304
-1756
-1180
-622
-187
-69
-141
-322
-638
-910
-1023
-1123
-989
-644
-411
-141
139
336
383
199
-19
-271
-581
-735
-769
-604
-262
-79
122
379
523
670
711
509
212
-88
-228
-179
-99
128
326
464
768
1042
1123
1140
1115
982
906
850
894
1058
1160
1394
1534
1532
1663
1763
1719
1486
1210
1014
919
929
903
860
925
901
820
909
918
807
638
442
419
527
689
929
1202
1469
1724
1975
2317
2650
2746
2820
2853
2728
2604
2471
2321
2005
1450
744
-70
-850
-1558
-2194
-2741
-3235
-3393
-3185
-2792
-2200
-1548
-962
-551
-229
57
199
124
-12
-194
-475
-556
-508
-439
-426
-580
-822
-1178
-1573
-1986
-2508
-2996
-3375
-3620
-3528
-3148
-2555
-1871
-1340
-992
-677
-375
-386
-609
-783
-991
-1276
-1406
-1236
-857
-421
-147
17
210
311
229
72
-203
-610
-879
-947
-798
-455
-145
146
508
671
683
715
575
380
44
-297
-355
-237
-48
134
351
544
739
864
927
892
744
582
457
408
518
978
1337
1598
1813
1798
1846
1792
1625
1314
972
816
572
453
646
885
1088
1166
1133
1164
1067
970
932
695
554
560
683
1015
1339
1675
1939
2126
2428
2613
2623
2616
2547
2374
2176
1922
1628
1251
720
74
-686
-1386
-1998
-2554
-2883
-3044
-3091
-2881
-2409
-1749
-1095
-670
-407
-192
-157
-266
-342
-494
-730
-872
-922
-908
-750
-728
-895
-1099
-1389
-1778
-2301
-2661
-2978
-3240
-3216
-2979
-2457
-1913
-1276
-635
-382
-226
-192
-305
-349
-571
-803
-920
-954
-697
-375
-23
336
553
526
304
137
-107
-421
-621
-690
-598
-416
-34
436
751
1010
988
884
782
533
336
73
-65
-72
-64
173
454
676
840
884
861
722
600
543
428
417
579
799
1083
1375
1672
1783
1620
1434
1234
1008
652
328
234
248
331
522
851
1099
1200
1203
1074
940
825
596
472
420
365
577
871
1230
1650
1910
2057
2215
2318
2238
2071
1884
1645
1312
983
641
197
-254
-809
-1422
-1921
-2426
-2752
-2728
-2686
-2550
-2161
-1771
-1287
-752
-388
-163
-124
-171
-247
-404
-572
-619
-565
-571
-513
-406
-311
-421
-828
-1198
-1646
-2150
-2525
-2725
-2728
-2619
-2293
-1840
-1315
-779
-425
-204
-119
-232
-489
-751
-903
-960
-931
-699
-385
-114
236
497
557
393
62
-287
-628
-824
-929
-915
-726
-468
-140
280
643
700
647
511
192
-36
-273
-358
-223
-135
184
509
759
1110
1197
1136
974
720
586
551
538
630
902
1125
1415
1735
1815
1841
1746
1357
1011
680
403
399
450
723
1070
1366
1690
1919
2007
1855
1520
1114
738
417
273
269
388
689
1071
1493
1872
2269
2445
2373
2241
1846
1548
1377
1067
804
512
134
-267
-636
-999
-1454
-1932
-2312
-2606
-2702
-2569
-2290
-1943
-1595
-1171
-832
-568
-336
-376
-506
-599
-726
-745
-653
-521
-454
-420
-489
-646
-814
-1213
-1606
-1945
-2384
-2663
-2763
-2663
-2277
-1764
-1249
-805
-424
-241
-188
-266
-497
-765
-967
-981
-962
-667
-239
87
403
561
701
625
304
-9
-396
-811
-1069
-1071
-920
-598
-182
38
210
368
306
156
-29
-268
-489
-598
-479
-236
57
430
811
1121
1295
1422
1520
1480
1289
1114
1044
1042
1189
1401
1609
1671
1577
1541
1349
1120
867
481
362
331
406
667
999
1379
1584
1691
1640
1456
1174
747
352
102
-75
-41
219
532
1070
1529
1789
2006
2008
1881
1606
1168
807
446
139
12
-98
-179
-236
-404
-712
-1044
-1420
-1757
-1944
-2152
-2226
-2046
-1796
-1526
-1123
-647
-380
-264
-210
-260
-309
-381
-467
-541
-516
-323
-272
-319
-370
-619
-987
-1341
-1676
-2090
-2344
-2449
-2417
-2155
-1828
-1292
-854
-578
-338
-336
-477
-701
-814
-916
-1000
-847
-586
-263
48
462
780
740
664
416
-36
-374
-642
-879
-1009
-959
-782
-429
-39
197
403
435
285
189
51
-148
-259
-253
-97
141
451
761
1069
1316
1295
1246
1222
1099
968
850
885
966
1042
1275
1431
1521
1549
1358
1204
1095
957
904
889
986
1148
1388
1649
1793
1898
1695
1351
1029
699
565
388
264
356
574
948
1281
1551
1745
1626
1353
991
578
318
106
-77
-212
-192
-57
20
74
25
-106
-350
-770
-1054
-1199
-1410
-1517
-1488
-1382
-1125
-802
-511
-353
-306
-313
-492
-701
-942
-1156
-1239
-1416
-1539
-1475
-1352
-1221
-1172
-1189
-1265
-1394
-1529
-1639
-1716
-1766
-1675
-1517
-1337
-1099
-818
-491
-398
-445
-525
-808
-1006
-1085
-1182
-1151
-1080
-931
-595
-244
118
343
334
210
51
-134
-422
-654
-825
-981
-883
-594
-163
358
667
875
1061
1104
1071
852
557
407
202
120
185
366
722
953
1136
1305
1353
1310
1251
1117
958
840
758
829
966
1188
1438
1553
1561
1602
1614
1485
1445
1428
1315
1209
1166
1178
1222
1289
1265
1125
1011
975
978
898
772
819
926
934
962
1043
1098
1024
870
690
399
151
-22
-214
-395
-546
-561
-578
-632
-644
-733
-969
-1358
-1563
-1679
-1890
-1874
-1720
-1546
-1253
-897
-646
-472
-416
-617
-864
-1151
-1466
-1717
-1930
-2009
-2006
-1851
-1604
-1365
-1165
-1149
-1299
-1566
-1761
-1892
-1965
-1897
-1709
-1409
-1089
-620
-114
150
130
-81
-354
-699
-961
-1174
-1248
-1076
-731
-212
265
660
975
1127
1023
659
279
-85
-430
-612
-610
-420
-29
494
977
1280
1491
1555
1342
1082
790
521
420
409
650
1007
1391
1744
1938
2145
2100
1812
1504
1146
910
764
757
850
977
1323
1533
1629
1694
1581
1415
1152
994
856
786
891
1041
1248
1294
1395
1452
1355
1212
916
623
374
254
246
411
538
644
907
1005
1014
840
527
191
-243
-603
-829
-920
-939
-935
-943
-1020
-1111
-1205
-1372
-1596
-1801
-1903
-1943
-1839
-1471
-1088
-739
-427
-320
-390
-603
-870
-1329
-1930
-2360
-2557
-2445
-2197
-1798
-1292
-946
-653
-443
-452
-642
-1090
-1528
-1721
-1854
-1805
-1463
-934
-421
83
467
456
326
103
-308
-731
-1203
-1378
-1212
-939
-473
38
484
781
984
1000
742
357
-136
-478
-660
-726
-562
-175
334
783
1142
1343
1438
1383
1134
826
502
280
197
240
406
723
1107
1351
1511
1632
1702
1625
1336
1136
1065
946
922
1052
1166
1262
1296
1256
1185
1016
906
813
648
638
630
744
963
1019
1157
1113
938
882
774
582
417
387
249
205
314
409
495
443
398
293
113
-14
-150
-295
-404
-484
-547
-501
-495
-575
-592
-636
-704
-769
-902
-1023
-1110
-1107
-1055
-1016
-978
-997
-961
-905
-999
-1142
-1186
-1250
-1340
-1402
-1507
-1538
-1528
-1542
-1497
-1434
-1381
-1360
-1315
-1234
-1138
-975
-848
-751
-552
-409
-401
-304
-223
-306
-364
-326
-351
-499
-579
-534
-458
-372
-174
-71
-58
82
209
231
180
108
56
28
46
211
279
360
468
444
548
667
705
732
726
660
667
768
821
790
821
923
995
1059
1064
1094
1042
985
1071
1068
1099
1120
1121
1209
1216
1207
1156
1160
1252
1217
1147
1141
1147
1120
1075
1018
981
1063
1033
888
869
764
722
654
412
326
219
135
115
1
-27
9
-5
49
154
160
140
71
-83
-253
-452
-620
-727
-739
-774
-818
-679
-578
-593
-577
-587
-655
-797
-1001
-1220
-1358
-1386
-1430
-1316
-1148
-1029
-867
-810
-685
-617
-727
-858
-990
-1144
-1290
-1334
-1332
-1334
-1293
-1207
-1118
-960
-836
-769
-704
-756
-762
-665
-581
-518
-506
-456
-488
-595
-547
-554
-623
-621
-576
-482
-380
-238
-166
-159
-89
-85
-182
-213
-264
-208
-63
-30
209
465
564
727
816
841
906
867
826
782
735
779
803
987
1186
1319
1473
1593
1675
1636
1591
1411
1214
1083
885
807
832
769
792
1062
1191
1223
1304
1316
1238
1119
1010
938
909
791
681
691
741
742
751
774
671
391
283
325
202
128
31
-1
-39
-81
68
20
-69
-118
-272
-368
-488
-548
-530
-551
-508
-431
-362
-293
-308
-432
-561
-766
-970
-1180
-1362
-1348
-1346
-1277
-1171
-1031
-858
-810
-727
-727
-791
-872
-1128
-1319
-1403
-1463
-1381
-1394
-1390
-1239
-1187
-1117
-1090
-1116
-1015
-925
-883
-836
-852
-844
-768
-697
-669
-593
-457
-411
-424
-444
-371
-288
-246
-252
-308
-232
-153
-238
-329
-251
-158
-156
-16
215
457
614
694
833
778
723
681
580
585
510
504
607
689
866
1088
1174
1267
1328
1325
1414
1380
1249
1220
1186
1038
950
984
1050
1139
1260
1366
1388
1367
1322
1235
1036
899
840
746
728
762
856
941
976
1066
1116
1016
869
724
510
377
313
167
74
34
107
190
148
137
105
77
-41
-147
-112
-110
-122
-148
-97
-74
-134
-134
-184
-392
-552
-726
-971
-1021
-1124
-1200
-1159
-1122
-1023
-978
-879
-836
-1032
-1184
-1262
-1452
-1611
-1664
-1588
-1577
-1577
-1401
-1253
-1139
-1078
-951
-933
-959
-908
-977
-1043
-1140
-1094
-1032
-1005
-920
-876
-720
-628
-621
-593
-595
-551
-496
-446
-366
-300
-213
-60
65
166
248
321
379
386
408
423
434
445
493
548
550
646
683
680
863
908
919
1075
1124
1150
1121
1122
1112
1054
1005
880
908
912
917
950
925
1139
1224
1216
1274
1158
1117
1065
903
800
730
626
574
575
498
507
575
558
617
696
659
633
612
503
374
238
138
55
-28
-1
-26
-53
-60
-57
2
38
8
-69
-84
-156
-214
-272
-391
-473
-518
-521
-584
-639
-689
-718
-775
-827
-819
-915
-897
-844
-836
-797
-826
-887
-1005
-1080
-1150
-1241
-1339
-1337
-1164
-1098
-976
-788
-664
-539
-551
-523
-527
-565
-587
-764
-814
-812
-795
-612
-587
-501
-289
-227
-86
9
-77
-76
-40
-50
-111
-203
-96
-15
-21
93
180
294
364
315
373
360
315
415
436
438
476
519
557
530
514
512
519
493
459
551
635
694
767
764
825
853
800
886
861
737
724
671
665
649
672
739
795
925
938
852
767
722
618
530
496
378
415
444
399
449
443
518
517
368
277
167
49
-82
-159
-227
-261
-134
-32
14
137
152
56
39
-83
-270
-405
-553
-618
-659
-678
-545
-521
-477
-327
-401
-443
-455
-550
-575
-578
-626
-626
-616
-622
-609
-625
-672
-696
-639
-672
-682
-649
-580
-499
-507
-461
-437
-408
-435
-445
-442
-489
-464
-495
-436
-352
-301
-224
-194
-74
6
50
18
-40
1
-114
-242
-272
-283
-262
-218
-102
45
185
223
230
288
292
278
204
148
118
77
64
111
217
299
409
539
609
612
635
552
473
447
413
447
429
491
456
427
578
541
468
506
523
478
490
497
431
361
302
327
319
325
336
337
283
140
195
214
139
173
130
62
44
6
-54
-118
-92
-39
-42
-82
-156
-151
-152
-206
-191
-252
-296
-241
-286
-253
-87
-47
-1
75
57
14
-73
-56
-130
-249
-198
-307
-368
-357
-375
-383
-393
-284
-243
-200
-101
-130
-179
-148
-168
-236
-323
-322
-273
-352
-321
-281
-262
-214
-220
-134
-250
-346
-259
-252
-320
-349
-214
-157
-109
-77
-77
48
129
73
8
15
-91
-266
-261
-234
-260
-120
27
117
185
221
313
348
261
121
-1
-97
-104
-114
-86
14
52
174
190
174
266
176
153
139
67
38
-9
64
23
12
135
170
245
261
173
199
227
226
284
255
221
230
175
105
151
198
208
184
84
18
9
56
40
0
10
-23
71
117
-3
39
120
96
62
41
16
-29
-45
19
108
65
-12
-23
6
116
111
57
129
144
99
92
148
144
109
111
45
66
2
-58
63
-13
-99
-34
97
209
157
136
154
118
102
25
-62
-53
-90
-162
-108
-28
-10
16
108
158
130
144
136
72
28
-58
-137
-128
-136
-107
-112
-129
19
43
-16
27
10
-73
-181
-200
-202
-240
-211
-217
-276
-313
-235
-155
-148
-104
-67
-128
-166
-186
-294
-296
-245
-211
-252
-274
-218
-226
-139
-170
-243
-165
-127
-111
-123
-27
-17
-74
14
-66
-154
-186
-245
-210
-181
-29
79
69
132
181
213
164
114
67
-19
-34
-95
-129
-92
-34
41
84
117
180
277
342
312
327
327
183
184
205
185
190
116
161
209
215
253
220
157
84
88
80
107
130
70
155
259
307
293
315
269
164
102
35
32
-32
3
30
-6
0
19
65
-15
-76
-32
-40
-138
-161
-121
-159
-131
-60
-106
-125
-117
-149
-142
-129
-199
-235
-210
-162
-106
-109
-132
-153
-140
-119
-63
-90
-57
15
-100
-104
-66
-100
-115
-101
-41
20
42
96
105
50
77
109
89
27
-47
-126
-76
-45
-96
-50
-74
24
109
76
122
155
204
188
133
46
-10
-24
-60
-50
-123
-119
22
118
186
191
266
240
164
243
135
24
9
-61
-66
-27
24
48
62
78
96
101
141
147
151
213
167
122
160
124
63
159
135
84
155
145
193
152
98
118
40
1
-67
-137
-80
-100
-129
-84
-167
-176
-80
-95
-55
-142
-244
-184
-272
-275
-214
-235
-274
-258
-268
-372
-374
-384
-333
-324
-272
-200
-281
-176
-131
-147
-114
-123
-109
-196
-248
-236
-215
-190
-183
-58
5
-44
16
17
-9
59
20
-3
-7
-85
-46
-31
24
105
105
161
152
97
73
98
127
74
-4
38
59
-26
49
111
134
194
85
110
208
164
122
78
140
199
181
212
240
186
112
174
204
193
220
196
179
169
168
163
164
207
209
119
125
119
108
151
115
119
79
28
38
59
65
36
35
63
13
-32
22
-24
-78
-83
-78
30
69
54
13
-15
15
-105
-242
-288
-260
-247
-288
-215
-158
-153
-85
0
23
29
43
-10
-35
-25
-75
-59
-65
-135
-125
-134
-129
-59
-34
-39
-11
41
65
5
9
59
-55
-51
12
-62
-25
-3
-16
-22
12
41
65
165
152
128
112
82
102
79
57
-2
-73
20
92
79
109
42
1
112
112
29
70
49
-43
-36
-3
-10
-69
-105
-97
-74
-18
4
31
84
21
9
8
-95
-149
-163
-133
-88
30
43
19
103
103
106
28
-16
53
-28
-166
-144
-19
-38
-80
-30
3
-4
-27
3
18
-76
-128
-67
-63
-101
-115
-98
-109
-143
-131
-166
-212
-152
-64
-60
-38
-52
-74
-42
-91
-34
-50
-137
-102
-180
-168
-82
-106
-81
-53
-47
1
7
29
82
69
27
-13
35
42
37
145
200
152
107
118
104
115
139
105
54
45
135
130
75
90
86
108
105
116
144
170
205
179
142
113
170
174
167
204
136
66
-27
-23
-22
-75
-15
8
-6
60
148
193
238
222
168
133
108
49
-20
-86
-118
-28
-49
-120
-87
-99
-45
-10
-104
-105
-33
-51
-83
-19
-25
-30
14
-19
-4
-30
-60
-21
11
3
-61
-35
-46
-82
-7
-13
-27
-22
-55
-48
-30
-35
24
62
64
87
49
74
47
-25
-58
-83
-44
-95
-150
-74
-71
-110
-29
16
48
110
26
32
122
34
12
-8
-22
-36
-43
12
-95
-95
-81
-129
-90
-114
-86
-71
-104
-95
-119
-88
10
28
2
82
150
122
109
88
81
13
-34
-118
-145
-136
-198
-154
-154
-45
119
137
135
133
147
157
152
116
36
-2
-70
-60
-32
-111
-124
-167
-99
23
-40
-84
-78
-98
-40
-15
-77
-31
21
50
92
78
128
55
-47
-28
-122
-186
-149
-74
-50
-49
-14
7
27
30
75
58
15
81
134
95
95
178
246
175
60
84
75
26
-3
-62
-52
-10
-12
-26
12
56
91
57
1
75
58
53
55
-49
-1
12
-2
12
-43
-20
-57
-151
-147
-107
-142
-156
-73
-49
17
79
66
108
62
30
35
-11
29
-5
-51
6
28
49
49
37
19
51
66
15
-6
-22
1
38
55
82
106
101
150
160
100
84
12
-80
-85
-56
-104
-125
-71
-49
43
23
-88
-87
-93
-48
31
-3
-21
31
9
38
55
-14
-54
-115
-91
-26
-81
-130
-91
-60
-24
17
10
16
-26
-32
104
101
9
-10
-29
19
13
-24
2
-21
-39
-42
-85
-93
-52
-62
-63
-30
39
78
-12
-55
49
70
-46
-88
-118
-137
-145
-139
-63
-81
-65
-76
-177
-164
-184
-202
-124
-85
-45
-56
-145
-110
-33
3
50
15
-3
29
48
-12
-34
-4
-54
27
90
41
130
158
113
156
124
95
112
77
77
104
109
128
183
260
220
161
176
149
167
140
121
145
81
61
69
22
48
74
19
44
19
22
102
29
44
111
36
-17
-39
-31
-28
-65
-56
-49
-61
-54
-17
-63
-63
-15
-76
-14
28
-44
-86
-128
-21
70
15
-10
-56
-61
-61
-111
-82
-45
-64
-36
5
-53
-76
-59
-53
11
35
39
5
-92
-125
-98
-77
-100
-110
-59
-65
-59
-2
-2
1
-2
-36
-63
-79
-82
-124
-198
-136
-93
-64
12
84
119
31
-1
-44
-127
-77
-20
-21
-9
-23
-31
-23
52
102
134
152
84
129
175
151
114
70
100
86
18
-20
7
97
104
112
110
79
145
61
-19
35
-55
-68
5
-40
-67
-9
-9
-33
-30
-33
29
48
0
-46
-108
-96
-44
-55
-43
21
70
60
35
3
-4
62
42
-43
-40
-32
-61
-41
-32
0
44
56
77
69
76
79
75
60
42
101
95
0
-11
14
-24
-25
-25
-4
37
-8
44
60
-23
-17
-5
-18
-28
-27
-46
23
46
-57
-31
-70
-107
-59
-39
56
15
-93
-91
-17
-55
-132
-71
-33
24
48
14
27
46
30
-15
5
-10
-29
-9
-45
-37
-7
37
-10
-76
-86
-109
-79
-60
-18
35
14
-14
-7
-34
30
123
33
-39
11
27
25
-17
-42
4
-72
-80
20
83
90
47
63
27
-95
-89
-55
-57
-40
-16
-2
13
-2
-71
-33
8
-2
-29
-134
-124
11
67
52
-8
24
89
86
98
63
113
153
37
37
131
110
44
26
88
95
41
34
5
45
72
40
52
59
83
59
94
134
36
66
54
-76
-30
33
6
-10
37
73
58
17
-34
-10
-13
-20
-25
-81
-52
-68
-105
-81
5
60
-26
-6
14
-12
-60
-69
-25
-75
-64
-143
-127
-45
-89
-17
-54
-76
4
-12
10
-9
10
65
13
4
17
0
38
31
-106
-136
-118
-105
-4
-33
-94
-71
-68
-16
-1
19
118
112
78
15
-49
25
44
7
2
-34
21
119
73
44
58
0
14
33
-22
-13
-19
-17
28
40
71
73
55
44
6
63
88
-95
-164
-62
45
38
-37
-36
-81
-3
91
64
65
20
9
40
65
105
69
-23
-40
-40
-40
-43
-82
-67
-35
-54
-62
-13
-36
-113
-92
-49
-88
-81
-10
-58
-115
-92
-80
-106
-66
10
-48
-109
-104
-59
-19
-27
-67
-111
-116
-127
-107
-86
-35
99
91
47
65
23
13
23
31
60
42
-15
27
91
85
66
55
89
144
151
126
121
74
92
156
140
182
161
70
32
25
51
-4
-37
-6
-1
-5
-64
-18
71
11
-27
41
76
6
-46
27
81
76
100
85
44
-21
-32
-1
-16
21
36
22
-14
-28
5
-28
-69
-56
-8
-33
-65
-10
-56
-64
82
27
-61
-65
-120
-46
9
-7
-38
-59
-65
-116
-79
-31
-50
-21
28
8
-17
0
21
-17
-76
-71
-100
-56
-88
-206
-56
-70
-133
-27
-81
-62
-4
-94
-108
-52
-34
14
8
34
101
48
77
98
46
89
16
-33
26
20
23
-9
10
-1
-37
-11
30
66
64
148
117
34
64
53
60
37
3
-10
-32
20
-4
-51
3
16
43
36
68
125
58
40
35
44
8
-73
-80
-111
-55
-17
-14
-33
-134
-129
-147
-142
-57
-44
-52
-28
4
25
-28
-14
47
-28
-7
15
31
45
10
50
36
80
74
21
19
-6
-6
23
62
26
-31
-49
-15
19
-27
-106
-143
-96
-26
-18
21
64
-7
-6
33
23
15
33
39
32
82
9
-22
79
61
38
43
19
63
60
24
17
14
62
52
57
76
36
13
27
-1
-41
-4
-28
-42
-1
-14
4
35
26
33
69
40
28
145
146
62
29
27
-10
-97
-28
-26
-114
-97
-120
-72
8
5
5
-17
-84
-37
2
-75
-32
24
-7
-73
-121
-91
-71
-43
-56
-116
-70
-66
-57
49
27
-13
-36
-65
-30
-44
-74
-72
-10
-8
-61
-65
-65
-7
-50
-144
-81
-48
-60
-27
-15
60
88
27
57
74
46
23
29
19
39
38
-18
25
25
-27
14
47
32
71
71
109
164
52
57
72
1
33
-52
-53
24
-72
-50
36
35
18
23
95
110
73
107
111
129
130
53
57
22
-9
-2
-10
-32
-42
10
14
73
57
-48
-41
17
40
18
36
4
-41
-40
-43
-52
-84
-87
-102
-112
-142
-122
21
33
-59
-62
-12
-22
-22
-14
-55
-11
-15
-92
-80
-100
-80
-50
-90
-2
0
-78
-36
-57
-33
2
-28
53
17
-36
77
99
76
128
131
43
-35
-55
-7
25
52
94
97
34
0
38
80
114
55
24
-23
9
68
53
117
21
-39
-9
13
21
13
58
-19
-24
45
-21
-30
47
16
37
60
-12
2
-59
-85
2
-36
-57
-10
1
16
-12
-31
6
-31
-59
14
35
-11
-104
-90
12
-52
-68
-37
-24
60
101
47
-24
0
15
50
103
86
74
31
40
10
-82
-76
-28
-21
-49
-79
-55
52
47
7
28
-6
31
25
-68
-6
37
-62
-74
-10
-9
-66
-85
-68
-83
-30
-12
-42
-60
-82
-15
-10
-53
-3
14
-20
-19
-14
-23
14
6
12
-24
-103
-32
-6
14
23
-32
-7
21
69
90
87
79
138
269
222
132
70
93
107
61
78
-27
-69
-83
-71
6
-9
43
65
36
15
-32
-7
16
19
-8
-32
-12
-71
-114
-160
-179
-122
-101
-102
-75
-36
-42
-29
-29
-14
38
84
51
-20
17
6
-23
-22
-67
-91
-54
13
31
3
44
87
17
5
74
104
129
152
64
-16
43
80
68
72
73
60
-5
-50
2
14
7
44
10
4
-16
13
80
-30
-48
-18
5
-3
-76
-35
-3
-67
-88
-107
-105
-84
-123
-41
-13
32
98
48
102
66
-12
2
-12
-72
-105
-55
-52
-56
-12
-39
-73
-48
6
62
102
171
128
50
60
98
63
-24
-42
-49
-53
-60
-35
-61
-12
62
16
152
179
164
230
91
46
18
-83
31
111
86
47
-78
-40
-60
-127
-63
-74
-55
-30
21
6
-1
72
-2
0
10
-77
-127
-197
-199
-152
-94
-57
-128
-69
26
-51
-123
-30
36
22
74
77
82
33
55
122
41
42
6
-31
-19
-14
50
48
18
19
59
93
96
92
173
194
77
116
37
-145
-52
3
-32
26
9
-90
-67
-42
-77
-29
-28
-2
108
14
-56
-34
-102
-95
-112
-139
-121
-89
-107
-124
-81
-79
-15
-20
25
141
112
104
55
1
7
-15
-11
17
14
-21
-26
0
58
55
0
53
99
100
134
153
77
-9
49
87
104
104
-20
-65
-85
-60
11
-10
2
29
-63
-107
-34
-15
13
-27
-54
72
97
56
66
34
23
-8
-39
3
-24
28
16
-62
53
43
-4
11
-43
-25
21
63
92
109
81
-23
-39
-40
-44
-83
-147
-39
-62
-68
56
32
28
11
55
147
57
-44
25
81
-14
-24
37
-37
-90
-20
-72
-100
-75
-116
-2
61
25
38
6
33
86
36
-20
-73
-77
-39
-16
70
67
-20
-30
-55
-107
-83
-44
-20
-24
-105
-69
3
-72
-81
-8
-12
9
-5
-79
17
50
14
31
-17
14
20
-10
46
65
48
50
56
59
65
73
73
48
0
-1
39
5
-4
67
116
118
66
32
84
125
85
55
79
25
-22
-10
-28
-12
-104
-154
-104
-96
-97
-98
-24
-81
-133
-41
-38
23
90
25
12
23
-31
-13
62
-24
-141
-42
2
18
85
5
13
26
7
77
31
34
68
22
48
31
-61
-101
-46
-77
-56
39
-56
-14
60
29
113
82
56
60
-23
-3
10
-71
-98
-62
-93
-120
-103
-46
-37
-88
-29
8
16
-18
15
107
33
46
96
100
81
52
100
35
34
58
-48
-18
36
73
102
35
84
113
69
89
-4
-9
-1
-106
-85
-61
-99
-71
-15
-39
-17
-43
-42
30
13
26
17
-15
-61
-41
-42
-124
-72
-35
-117
-129
-127
-146
-82
-74
-33
45
-39
13
89
7
64
112
108
95
-14
39
100
39
89
107
31
-44
-79
-100
-115
-52
-5
11
29
28
31
8
-12
-10
9
22
1
-28
26
59
17
68
87
30
33
66
26
10
80
32
-23
-20
17
61
46
27
-13
-96
-102
22
46
64
84
36
89
73
-22
-50
0
77
49
26
-38
-79
-39
-61
-16
-48
-135
-54
-26
-48
17
30
-13
-98
-109
-62
-77
-61
-96
-57
13
-4
-65
-37
113
130
69
39
87
108
39
-9
-47
1
4
-27
31
-44
-47
1
-38
-25
-37
-32
-18
16
25
-10
-63
-107
-53
-37
-105
-122
-114
-82
-36
-76
-92
-41
-20
54
-12
-108
-1
-8
19
82
16
-7
40
53
72
126
117
121
109
101
86
76
140
130
79
9
53
153
64
35
-29
-84
-6
-50
-71
-78
-40
36
7
6
-17
-88
-98
-44
9
4
-42
-46
19
-20
-74
-48
-86
-41
-65
-59
40
-56
6
67
6
50
50
27
27
85
100
92
72
-2
-39
-10
67
28
-42
26
70
46
67
47
-38
-48
-45
-102
-117
-101
-111
-96
-129
-89
-26
-90
-47
-51
-90
-22
-4
39
67
32
28
25
-23
-8
71
17
-13
35
87
98
-47
-63
36
42
68
42
15
65
-6
-37
-6
47
87
-35
-30
-14
-29
38
14
10
47
-3
25
18
-50
-34
-103
-100
-27
-21
-6
17
12
-29
-36
21
30
82
126
84
91
58
42
63
54
8
22
44
-35
-78
-77
-24
8
23
-84
-154
-41
-52
-46
-74
-89
11
14
1
-58
-36
-30
-36
6
-85
-43
-55
-88
-39
-51
31
104
62
21
29
26
80
114
49
8
38
45
7
-57
26
43
-37
69
68
82
122
64
82
27
39
74
-59
-49
-85
-87
31
12
-50
-131
-96
-76
-67
-67
-96
-23
29
34
-42
-31
24
10
55
70
48
26
-10
59
106
44
78
39
40
127
56
29
55
49
44
26
14
-32
-70
-21
-56
-106
-75
-57
7
-15
-69
-47
20
35
-24
-8
-24
15
33
-61
-63
-30
-24
-1
52
17
-19
-57
-126
-90
-74
-18
20
31
54
-47
-70
36
1
-24
50
38
50
28
0
55
17
-101
-133
-104
-81
-5
-3
-73
-58
-19
29
79
68
16
-10
72
120
104
88
97
141
73
87
156
90
78
99
142
168
115
130
92
-28
-18
54
18
-93
-51
-60
-174
-131
-120
-134
-151
-162
-102
-62
-15
-18
-42
-1
-55
-145
-96
-83
-109
-88
-92
-63
-67
-88
-57
-73
11
116
44
86
134
28
110
167
144
202
137
105
138
119
53
54
120
7
-37
-8
-90
-49
7
-11
-45
2
35
-43
-39
-60
-73
-19
-108
-128
-63
-106
-47
-8
-51
-43
-30
9
17
66
140
86
128
123
-49
-26
-29
-24
16
-59
-63
-86
-49
-38
-42
57
98
119
16
-36
26
-13
-65
-97
-70
-68
-91
-81
-67
-45
-4
34
-3
-31
39
78
56
75
50
48
64
26
48
56
71
90
115
109
97
168
161
138
154
63
5
81
59
21
34
16
9
-90
-153
-118
-102
-132
-211
-222
-151
-124
-138
-194
-185
-118
-147
-193
-99
43
28
24
94
110
52
17
17
-55
-32
59
79
67
32
46
99
161
179
140
140
102
67
76
38
78
40
-10
-11
-49
-16
-51
5
-6
-80
-48
-76
-48
-66
-100
-49
-34
-109
-154
-137
-125
-70
-38
-95
-82
9
37
58
125
134
106
131
123
108
132
91
78
57
-7
105
146
68
40
6
-19
-33
22
-4
-55
-69
-108
-30
22
20
0
-101
-111
-59
-52
-66
-131
-208
-171
-120
-103
-12
-8
6
3
6
57
26
97
151
136
96
75
70
-7
-113
-110
9
37
34
1
16
54
53
141
142
78
42
-28
5
29
-13
-47
-95
-119
-137
-109
-112
-90
-29
-105
