-6
-8
-9
-3
-2
-4
-5
-3
-3
-7
-4
-8
-10
-13
-10
-10
-9
-11
-13
-9
-10
-9
-6
-5
-8
-10
-9
-12
-10
-9
-11
-10
-9
-11
-11
-10
-10
-9
-9
-7
-10
-10
-10
-12
-11
-9
-10
-8
-8
-10
-12
-12
-10
-13
-11
-9
-7
-7
-7
-6
-5
-3
-7
-10
-11
-12
-11
-13
-14
-12
-10
-9
-8
-8
-6
-5
-6
-7
-7
-3
-8
-4
-2
-1
1
-5
-4
-8
-7
-10
-8
-9
-10
-6
-3
-4
-2
-4
-4
-7
-9
-9
-11
-12
-9
-11
-10
-10
-9
-4
-5
-3
-4
-1
-2
1
0
4
2
0
1
-1
1
3
0
-2
-1
-4
-3
-7
-5
-5
-8
-4
-3
-4
-5
-2
-1
-3
0
0
2
2
4
4
6
5
7
6
3
5
5
5
7
9
8
9
7
9
12
12
13
9
8
9
11
10
9
8
16
13
16
18
20
18
15
12
12
12
13
12
11
13
7
12
13
14
14
12
11
14
14
13
14
13
14
14
13
14
15
15
17
16
12
15
15
13
14
14
15
13
13
13
13
16
16
15
15
15
13
12
14
19
24
20
21
23
22
18
17
17
12
12
10
9
8
6
5
5
7
6
5
3
3
0
4
4
5
5
4
4
7
5
5
8
7
7
8
11
12
13
14
14
14
15
13
9
9
9
6
4
5
6
3
1
5
3
2
5
1
0
-1
5
7
9
5
7
7
9
8
9
9
6
8
3
9
6
4
8
7
9
8
9
11
11
6
6
6
4
2
0
4
2
3
6
10
7
9
9
7
7
10
11
11
8
12
8
5
4
1
6
1
1
3
3
4
9
6
8
10
8
7
6
8
8
4
9
7
7
10
10
11
8
10
9
10
9
9
12
10
10
11
10
12
9
11
10
9
8
7
7
4
-1
-1
-2
-2
-2
0
0
0
-2
-4
-5
-7
-6
-7
-4
-6
-6
-5
-7
-8
-10
-7
-8
-5
-5
-3
-2
0
1
1
3
3
5
2
0
2
1
1
-4
-5
-4
-2
2
2
7
7
4
1
2
0
-3
1
-1
1
3
0
1
1
2
5
5
6
9
7
10
8
8
11
10
9
11
9
6
8
10
7
3
5
3
1
6
8
11
11
9
9
8
9
9
7
12
13
12
15
14
14
14
15
14
15
14
11
13
14
15
15
13
12
14
13
15
15
13
11
14
12
12
11
13
16
14
19
18
18
18
16
18
18
16
19
18
16
16
15
18
17
17
15
17
16
17
21
17
14
16
16
14
14
14
15
14
14
15
14
12
12
15
14
15
16
14
14
15
14
16
13
15
19
18
17
21
26
21
23
19
15
18
22
19
17
14
9
12
13
7
9
11
13
10
6
11
9
6
9
13
11
13
10
14
17
16
18
13
15
12
14
17
16
19
19
22
22
18
18
15
15
17
16
16
16
21
20
20
20
23
22
21
20
17
21
23
23
22
20
22
23
25
25
24
26
26
25
22
26
25
24
24
29
24
25
22
23
22
21
24
20
21
20
21
22
18
21
21
22
22
21
25
22
25
23
24
26
22
24
22
20
16
17
22
19
18
18
20
17
18
15
14
13
14
17
16
15
14
13
11
15
14
15
18
14
14
13
13
11
12
13
11
16
14
15
13
13
15
14
15
15
17
19
19
18
19
17
16
16
13
14
13
13
11
13
14
10
14
12
12
10
13
14
15
16
17
21
16
16
19
18
20
19
17
17
19
18
13
16
15
12
16
20
16
15
12
15
16
17
19
19
19
17
20
13
15
11
10
11
9
12
12
13
15
14
14
15
12
13
21
19
19
20
18
23
20
21
20
19
22
16
17
18
18
17
16
20
18
17
19
16
17
18
15
15
15
15
13
19
20
19
20
20
20
22
16
19
19
17
20
18
23
22
19
19
18
16
15
18
16
15
18
15
16
15
17
16
18
18
17
18
20
21
13
13
14
14
15
15
14
16
15
15
17
15
15
15
16
14
10
12
10
9
12
10
12
10
9
12
9
9
9
10
10
10
8
9
11
8
12
13
13
12
15
11
16
19
14
16
15
13
13
14
9
8
9
7
11
13
11
11
10
12
13
11
12
10
13
12
16
15
15
17
15
13
14
16
13
18
19
18
19
19
22
22
23
23
23
22
23
21
21
20
18
17
14
16
19
17
17
17
14
14
15
18
19
19
17
15
15
18
18
19
18
17
18
15
18
16
14
15
14
15
16
13
13
15
17
15
13
14
14
15
14
14
15
15
14
16
16
15
11
11
10
14
11
8
10
14
12
10
9
8
7
8
9
9
7
8
12
8
10
9
11
10
9
8
8
10
6
7
7
9
7
9
7
10
8
9
10
8
7
7
9
7
7
7
9
9
5
4
2
5
2
1
0
-4
-2
-5
-6
-3
-4
-5
-6
-10
-13
-15
-12
-15
-14
-15
-15
-13
-9
-13
-11
-13
-13
-11
-11
-12
-12
-11
-14
-12
-10
-16
-15
-16
-16
-13
-15
-19
-15
-16
-16
-18
-15
-15
-17
-17
-19
-17
-20
-21
-23
-20
-21
-20
-22
-22
-19
-19
-20
-21
-19
-17
-18
-20
-18
-16
-15
-17
-19
-17
-12
-17
-16
-17
-18
-18
-17
-15
-16
-13
-13
-13
-13
-15
-11
-11
-11
-10
-11
-14
-14
-15
-12
-9
-15
-14
-14
-12
-14
-14
-16
-16
-13
-11
-10
-12
-11
-11
-11
-10
-10
-11
-9
-10
-11
-9
-8
-10
-10
-11
-10
-7
-7
-7
-6
-5
-5
-4
-2
-5
-6
-2
-1
-1
-2
-5
-1
-1
-3
-6
-5
-3
-7
-5
-6
-6
-9
-9
-7
-8
-6
-5
-3
-3
-3
-1
0
-2
-1
-3
2
3
5
4
3
5
7
6
8
10
8
8
8
11
8
7
6
8
8
7
5
4
3
4
4
2
5
4
3
-2
-4
0
0
-1
3
0
-1
1
2
4
2
6
6
5
5
3
7
6
9
4
5
8
9
8
7
8
8
7
2
6
5
8
9
5
6
5
3
3
2
4
3
4
4
4
5
6
7
2
6
5
5
2
4
6
-1
2
5
3
1
2
5
5
5
5
5
6
2
4
2
1
7
9
5
6
4
2
0
-1
-3
-1
4
-1
1
3
0
-1
-2
-2
-3
-2
1
-1
1
0
-3
-4
-6
-8
-8
-7
-4
-5
-11
-11
-10
-15
-14
-12
-12
-12
-15
-12
-11
-9
-9
-12
-9
-10
-12
-13
-12
-15
-14
-14
-14
-16
-16
-17
-18
-21
-23
-21
-22
-25
-23
-25
-26
-26
-25
-24
-31
-33
-31
-34
-32
-32
-32
-30
-27
-25
-27
-27
-26
-27
-26
-24
-27
-23
-21
-21
-22
-24
-22
-24
-25
-29
-29
-25
-27
-27
-25
-28
-28
-30
-32
-30
-34
-37
-32
-34
-36
-35
-38
-36
-40
-40
-38
-39
-37
-39
-39
-37
-38
-39
-41
-39
-38
-42
-41
-41
-42
-41
-45
-42
-40
-42
-41
-40
-41
-37
-36
-40
-39
-39
-36
-39
-39
-38
-38
-36
-40
-36
-36
-35
-33
-34
-33
-36
-36
-34
-34
-33
-32
-27
-30
-30
-31
-30
-29
-31
-35
-32
-31
-35
-35
-37
-36
-31
-32
-31
-33
-36
-35
-36
-34
-31
-29
-29
-29
-30
-29
-27
-28
-29
-33
-31
-26
-25
-25
-24
-23
-25
-28
-28
-28
-29
-31
-32
-33
-33
-33
-34
-33
-35
-38
-36
-35
-36
-33
-33
-34
-36
-36
-36
-39
-36
-34
-35
-34
-34
-32
-34
-36
-32
-38
-36
-36
-37
-38
-38
-35
-39
-41
-44
-44
-39
-41
-42
-41
-39
-41
-41
-39
-38
-42
-40
-39
-36
-34
-38
-35
-34
-33
-31
-31
-32
-30
-31
-30
-32
-32
-35
-31
-33
-30
-30
-31
-31
-31
-31
-33
-32
-31
-28
-27
-30
-31
-30
-30
-30
-25
-26
-29
-29
-30
-29
-26
-28
-30
-29
-32
-32
-30
-28
-30
-33
-30
-31
-32
-30
-30
-27
-27
-28
-27
-27
-25
-27
-31
-30
-31
-30
-30
-31
-31
-29
-33
-30
-31
-33
-32
-35
-33
-31
-32
-30
-31
-27
-29
-30
-28
-25
-24
-24
-24
-26
-26
-25
-24
-24
-20
-22
-23
-24
-22
-24
-24
-23
-25
-21
-23
-23
-23
-20
-22
-22
-19
-21
-19
-20
-20
-18
-19
-20
-20
-20
-20
-16
-15
-16
-12
-13
-17
-16
-16
-16
-17
-18
-19
-19
-20
-21
-18
-19
-16
-17
-14
-16
-15
-15
-15
-14
-11
-6
-9
-9
-9
-9
-9
-5
-4
-6
-7
-9
-11
-8
-9
-12
-12
-15
-11
-11
-13
-15
-16
-16
-13
-14
-15
-14
-17
-15
-16
-15
-15
-17
-17
-18
-16
-17
-17
-14
-18
-20
-13
-14
-15
-17
-18
-12
-14
-20
-21
-19
-22
-22
-22
-23
-21
-22
-27
-24
-25
-28
-26
-26
-25
-24
-24
-24
-24
-25
-22
-23
-21
-20
-22
-22
-23
-21
-22
-24
-25
-23
-20
-24
-19
-19
-18
-20
-20
-18
-19
-23
-24
-21
-23
-19
-23
-21
-20
-26
-23
-27
-24
-19
-21
-23
-22
-21
-25
-24
-22
-23
-24
-23
-25
-26
-26
-26
-25
-25
-25
-28
-28
-30
-26
-27
-29
-29
-28
-27
-29
-29
-31
-28
-28
-28
-26
-27
-27
-25
-25
-22
-23
-21
-19
-21
-21
-25
-19
-20
-22
-18
-21
-22
-20
-22
-21
-23
-24
-24
-23
-25
-24
-24
-26
-29
-30
-30
-30
-29
-30
-28
-27
-22
-26
-25
-21
-22
-17
-20
-24
-25
-21
-19
-18
-14
-15
-18
-17
-17
-20
-18
-20
-19
-21
-17
-23
-24
-22
-23
-21
-25
-24
-22
-23
-25
-25
-24
-24
-26
-26
-29
-27
-24
-23
-22
-21
-20
-23
-26
-23
-22
-22
-19
-20
-22
-22
-18
-19
-19
-18
-18
-19
-18
-18
-16
-18
-19
-18
-18
-16
-19
-18
-17
-19
-20
-20
-18
-15
-14
-13
-12
-11
-8
-12
-13
-15
-14
-12
-11
-7
-8
-9
-15
-13
-11
-8
-11
-11
-12
-9
-10
-11
-9
-11
-11
-10
-10
-9
-8
-5
-4
-4
-5
-5
-4
-4
-2
-2
-3
-5
-5
-4
-5
-6
-7
-11
-9
-12
-12
-13
-12
-14
-13
-13
-14
-13
-14
-16
-20
-15
-16
-14
-12
-16
-13
-11
-11
-9
-10
-6
-2
-3
-4
-6
-5
-4
-2
2
1
-2
-1
2
1
-1
-7
-3
-3
-1
-2
0
-2
-5
0
-1
-2
-1
-2
-2
1
0
0
-2
-2
-3
0
-1
-2
-1
2
0
1
2
0
1
-2
4
2
2
6
6
6
6
4
3
1
5
4
7
9
7
11
9
7
6
7
7
9
10
12
12
13
13
13
16
17
16
19
15
17
22
22
22
20
23
23
24
30
23
28
25
21
23
26
29
27
27
30
32
31
29
28
28
29
30
31
30
28
29
30
31
32
31
29
26
28
27
28
27
30
29
27
27
25
27
25
30
29
30
32
30
27
29
30
26
30
29
32
33
31
34
32
30
34
33
34
34
36
41
37
39
38
37
40
39
39
38
41
39
37
38
35
34
31
34
34
32
32
34
35
34
36
33
36
35
40
44
40
40
40
40
42
43
43
41
41
43
45
45
43
42
47
48
41
45
47
43
48
43
44
45
42
46
41
43
42
39
43
43
45
44
45
44
44
44
44
44
45
45
42
41
43
42
44
42
45
42
45
44
44
43
43
43
46
49
44
45
46
41
40
40
40
40
40
39
35
37
37
41
38
37
39
39
37
36
37
36
37
37
32
34
39
37
37
33
33
39
35
37
35
34
34
37
36
35
35
35
33
31
32
34
32
32
33
32
29
29
27
26
25
25
27
28
28
25
29
27
23
22
24
21
21
20
20
20
17
14
16
10
13
18
13
15
15
15
19
21
18
20
21
23
25
21
18
17
20
19
21
21
21
21
20
21
20
20
17
19
16
19
19
20
21
19
21
18
20
16
15
19
19
21
22
26
24
22
23
23
24
23
23
20
20
20
24
20
19
20
23
25
21
21
25
24
21
20
19
21
22
26
26
24
25
25
25
21
21
21
21
25
24
26
25
25
23
24
25
27
29
27
29
30
33
35
33
33
33
27
28
29
27
29
28
27
26
28
30
29
29
26
30
29
29
31
31
30
28
27
26
28
29
28
30
26
27
26
25
24
25
26
27
28
26
25
23
20
22
21
20
19
20
21
20
20
21
20
18
19
19
20
25
23
23
26
22
27
28
30
32
35
35
34
32
31
33
30
31
30
27
29
27
26
25
23
22
24
24
25
22
21
22
26
26
27
29
28
30
31
29
30
31
30
28
30
28
29
31
30
30
28
29
29
27
31
25
25
27
26
29
29
29
29
30
24
26
23
23
22
28
25
22
23
19
22
23
22
25
23
25
26
21
21
21
17
21
23
21
23
23
25
23
20
20
17
17
22
22
20
18
21
19
16
17
17
17
14
17
15
15
15
15
17
14
15
14
11
10
10
8
11
13
12
9
8
14
10
11
10
12
13
12
12
10
12
13
14
14
10
11
11
11
11
9
9
13
14
13
14
11
13
9
13
13
15
17
15
17
14
13
11
9
11
9
6
7
8
5
6
6
1
2
0
2
4
0
5
4
4
6
5
9
8
10
8
6
8
6
7
4
4
2
-1
-1
2
1
-4
0
0
-2
-3
-2
-2
-3
-2
-2
-5
-7
-6
-8
-8
-9
-11
-12
-9
-11
-13
-13
-11
-11
-10
-11
-12
-6
-11
-12
-13
-10
-8
-10
-9
-15
-12
-8
-10
-10
-10
-12
-12
-14
-10
-11
-11
-9
-9
-9
-12
-9
-8
-12
-11
-13
-14
-11
-7
-9
-7
-9
-14
-12
-12
-9
-10
-5
-7
-2
-5
-6
-6
-9
-9
-6
-4
-4
-3
-1
-2
-5
-3
-1
-2
0
3
0
5
4
3
1
-1
0
-3
1
-3
-2
2
-2
-1
-1
-4
-2
-2
1
5
0
0
1
-1
-2
-2
-1
-1
3
1
3
0
0
1
-2
-3
-2
0
0
2
2
2
2
2
1
1
6
10
11
10
10
7
9
4
3
1
1
0
0
-1
-5
-4
-2
-1
-1
-2
-6
-3
-4
-4
-3
-9
-7
-8
-9
-2
-3
-3
-2
0
-2
-5
-5
-3
0
-3
0
0
-2
1
-3
-4
1
-1
-3
-2
1
1
1
2
1
4
-1
-3
-4
-3
1
2
2
1
2
3
7
6
7
7
2
6
2
1
0
0
3
-2
-1
3
1
0
4
2
3
3
3
6
5
7
5
6
4
5
6
5
3
5
7
4
6
10
8
6
6
5
3
1
2
2
8
8
5
5
5
2
3
2
1
3
7
5
2
3
2
1
3
4
3
6
4
3
4
2
4
0
0
-1
0
0
-1
1
1
0
-2
-4
-2
-3
-1
-1
-1
-4
-4
-5
-10
-9
-12
-12
-12
-10
-12
-13
-14
-14
-14
-14
-12
-12
-7
-6
-9
-9
-8
-11
-11
-7
-10
-7
-9
-8
-7
-8
-10
-10
-9
-11
-10
-9
-11
-12
-12
-13
-12
-12
-8
-11
-13
-11
-11
-11
-11
-13
-12
-11
-12
-11
-11
-9
-7
-8
-10
-6
-9
-10
-6
-6
-4
-4
-5
-6
-3
-6
-7
-6
-5
-6
-9
-6
-5
-3
-4
-6
-5
-7
-4
-2
-6
-3
-3
-5
-5
-5
-6
-4
-3
-4
-2
-2
0
-2
-4
-3
-3
-6
-5
-3
-5
-3
-2
1
-1
-1
-1
-2
1
1
-2
-2
-4
-1
-1
-4
-2
-3
-4
-3
-1
-1
-2
-5
-5
-4
-6
-3
-5
-3
-3
-4
-6
-6
-6
-3
-4
-5
-5
-4
-5
-4
-7
-6
-5
-6
-5
-5
-7
-7
-1
-2
0
-3
-1
-4
-3
2
0
-2
1
-1
2
2
3
7
5
7
6
5
5
5
4
2
4
4
6
3
1
2
4
4
3
1
2
2
5
5
7
9
7
8
8
10
9
8
7
8
9
11
8
10
11
17
17
13
14
14
15
12
13
14
15
13
12
9
12
7
5
9
4
2
7
8
9
6
9
7
4
9
10
8
12
11
12
13
10
11
9
7
7
7
4
6
5
7
9
8
4
9
7
4
5
3
6
4
7
5
6
3
4
3
-1
1
1
3
1
4
3
1
0
-2
-1
1
1
-1
1
3
1
-3
-2
-3
3
1
0
1
0
0
-1
-1
-3
2
1
0
2
1
1
0
2
4
1
3
2
1
2
2
4
0
3
-1
2
2
-1
0
-1
-2
-3
-5
-6
-6
-7
-6
-6
-7
-11
-11
-8
-11
-13
-8
-6
-7
-2
-1
-6
-3
-3
0
1
2
0
1
1
2
6
4
5
3
4
4
5
5
2
2
2
3
0
0
-2
-1
-1
-2
0
0
-1
-2
0
0
-1
2
-2
-2
2
1
1
1
-1
3
0
-1
1
1
4
1
2
3
1
1
0
-3
-5
-4
-4
-6
-5
-3
-3
-1
-2
-3
-4
-5
-6
-7
-7
-6
-6
-7
-4
-8
-5
-5
-4
-3
-6
-3
-5
-3
-5
-6
-5
-4
-3
-5
-6
-4
-4
-3
-4
-4
-1
-2
-3
-5
-5
-5
-4
-4
-4
-4
-5
-5
-8
-3
-1
-5
-3
-3
-3
0
-2
-5
-3
-5
-2
-3
-4
-4
-2
-4
-7
-2
-1
-3
-1
-2
-3
-2
-3
-2
1
-3
-3
-1
-1
0
3
2
3
6
7
5
5
6
7
11
6
8
9
8
7
10
9
7
9
3
7
3
-1
1
0
1
0
-2
-5
-3
-5
-5
-3
-4
-3
-1
0
1
0
0
1
3
4
2
2
3
4
8
7
5
5
6
4
5
3
3
0
3
2
1
5
2
4
2
0
1
-3
3
6
4
5
5
2
2
7
6
5
10
7
5
6
6
4
2
4
8
7
9
10
11
9
7
8
7
10
8
8
8
11
12
12
10
9
12
9
11
9
9
14
13
12
12
11
9
8
9
10
10
9
11
7
9
7
8
10
2
6
5
7
8
8
7
4
6
8
9
3
7
4
5
7
3
9
4
4
5
8
7
6
4
2
4
5
6
5
6
1
0
-1
-1
0
-1
-2
-1
-4
-3
-4
-4
-10
-11
-11
-12
-11
-13
-12
-12
-8
-10
-8
-6
-7
-3
-7
-5
-11
-9
-10
-9
-5
-10
-8
-7
-6
-7
-4
-6
-9
-10
-10
-8
-9
-8
-7
-6
-10
-14
-14
-12
-15
-15
-13
-15
-15
-14
-15
-14
-15
-14
-14
-11
-12
-12
-11
-11
-8
-10
-14
-8
-7
-13
-12
-14
-13
-15
-12
-11
-13
-12
-10
-9
-10
-7
-7
-7
-10
-10
-9
-11
-9
-10
-10
-7
-7
-6
-8
-4
-3
-6
-4
-5
-4
-3
-4
2
3
4
3
3
3
-1
1
0
1
3
7
5
7
6
6
3
5
6
4
6
9
10
8
7
4
3
6
8
10
12
11
10
8
8
9
9
6
8
10
9
7
8
9
9
6
6
6
4
5
3
5
6
5
3
6
3
2
5
9
9
9
9
8
7
7
11
8
9
6
4
7
9
5
4
5
3
5
3
3
4
2
0
1
-2
0
0
3
2
1
0
3
4
3
4
2
2
3
4
4
7
6
6
8
9
12
12
12
14
11
11
12
9
9
6
8
8
10
11
8
10
8
8
10
9
12
11
7
10
11
11
10
11
13
15
11
8
6
8
7
9
9
10
11
10
13
11
11
12
14
12
11
14
12
10
10
9
9
6
8
6
3
4
5
9
13
10
10
8
12
9
5
5
6
10
5
10
8
8
6
8
8
9
10
6
6
7
8
5
8
9
7
9
9
11
12
11
14
13
10
8
12
10
10
11
11
12
12
10
11
12
12
10
10
9
6
6
5
7
6
5
2
2
3
2
1
0
-1
-1
-1
-4
-1
-1
1
-1
1
4
2
6
5
4
5
3
4
7
7
6
8
9
7
9
9
6
4
2
2
4
1
3
2
2
-1
-1
0
-2
1
0
4
-1
1
2
1
4
2
5
7
8
6
5
4
4
1
4
5
3
7
4
0
1
0
-1
-3
-1
0
1
-1
0
-2
1
1
-3
-4
-7
-4
-2
-2
-4
-3
-1
-3
-5
-4
-6
-6
-4
-4
-3
-2
-3
0
-3
0
2
2
3
-3
-3
-1
-5
-7
-5
-4
-6
-5
-5
-6
-8
-10
-10
-8
-10
-5
-6
-8
-5
-10
-5
-7
-7
-4
-6
-5
-5
-4
-6
-4
-4
-4
-5
-6
-6
-5
-2
-3
1
1
-2
0
-1
2
3
3
5
4
3
8
8
8
7
7
9
10
14
14
16
21
17
16
22
18
18
17
17
15
15
13
8
12
9
7
11
12
9
11
10
9
8
8
13
13
12
12
13
14
13
13
12
15
14
17
16
17
19
17
17
16
12
12
15
14
13
14
13
10
9
6
7
8
9
9
4
5
4
4
4
7
6
4
4
3
8
7
6
6
5
5
4
6
8
4
7
9
6
7
7
8
11
11
10
12
9
8
9
7
7
7
7
6
5
4
3
6
5
7
5
5
5
3
3
0
0
1
-2
-2
0
2
-1
0
-1
0
1
-3
-2
-2
-3
1
-3
-2
-3
-3
-1
-3
1
-1
-2
-2
-3
-3
-3
-3
0
0
1
0
-5
-3
-5
-7
-5
-5
-7
-7
-7
-8
-7
-7
-8
-10
-10
-12
-13
-10
-13
-11
-12
-15
-12
-11
-9
-7
-9
-8
-8
-7
-5
-4
1
2
6
6
3
2
3
7
7
10
9
9
10
11
9
8
7
3
5
6
3
6
5
6
5
5
2
3
2
3
3
1
2
5
4
2
6
4
2
6
7
1
6
9
3
4
1
3
2
2
2
3
4
3
4
3
2
3
6
4
5
5
5
5
3
3
3
4
4
5
2
5
5
8
4
3
3
5
4
4
7
7
6
7
6
8
9
6
7
2
3
4
5
5
5
6
9
7
12
11
8
12
8
11
10
11
9
9
10
9
11
11
11
7
9
7
7
10
10
13
12
13
11
13
11
8
9
9
12
9
7
10
8
8
9
10
12
10
14
12
15
14
15
17
18
19
18
18
21
24
22
20
22
24
22
24
22
23
18
19
21
19
16
16
19
18
18
21
19
18
19
20
21
22
21
23
25
24
28
28
30
31
28
30
29
28
32
34
34
32
32
34
32
33
35
34
33
31
33
33
35
32
31
32
31
31
33
30
29
30
32
28
31
31
32
33
31
34
32
33
30
34
35
30
31
36
34
35
33
33
33
33
31
32
33
33
33
30
33
36
33
32
29
32
31
29
28
27
28
26
28
28
26
30
27
29
29
27
28
29
28
30
28
28
28
21
25
24
27
25
24
24
21
22
19
24
21
22
22
21
22
19
19
17
19
23
19
19
20
18
19
19
20
21
21
23
23
21
19
20
19
18
18
17
21
18
14
14
11
8
10
8
11
11
9
16
14
13
14
17
19
18
23
22
23
22
22
22
22
22
19
21
19
17
21
19
15
14
16
17
16
13
16
15
12
16
11
11
8
8
9
11
13
11
11
11
12
13
14
14
15
14
13
14
15
15
14
16
18
15
12
9
11
9
10
12
14
16
13
14
17
18
15
16
14
15
15
16
15
14
13
14
16
17
15
17
17
17
21
19
19
23
21
22
21
22
24
23
20
17
21
19
17
18
16
20
17
19
20
17
18
19
19
18
17
22
19
17
16
15
17
18
17
16
17
14
15
13
14
15
17
19
17
15
12
15
14
13
14
15
13
12
16
13
13
12
11
10
11
16
15
16
17
17
15
17
19
19
21
26
23
24
26
22
24
21
21
20
22
20
17
14
11
17
13
15
14
13
10
11
14
13
15
13
15
15
16
17
14
18
17
16
18
15
15
16
17
19
19
18
16
19
18
17
19
20
20
19
17
16
18
18
19
15
16
17
13
17
18
21
22
15
16
17
19
17
22
22
22
22
20
22
20
21
20
21
20
20
19
22
22
19
20
20
21
20
20
22
20
18
17
18
19
19
20
19
21
17
22
22
18
21
23
24
22
20
19
21
18
17
14
14
13
16
18
15
20
16
17
18
17
15
13
18
19
17
19
21
19
19
18
18
22
17
16
19
19
14
15
15
15
17
18
17
16
19
16
16
15
13
12
8
8
9
6
7
6
6
2
0
4
0
1
6
3
3
7
9
9
11
12
13
11
12
10
11
14
16
16
15
13
10
11
12
5
5
6
6
7
8
7
10
11
7
7
7
7
8
6
6
6
4
3
7
8
3
7
5
4
7
4
6
7
5
8
6
8
10
13
8
5
9
9
7
5
7
7
9
6
10
7
7
6
8
7
7
8
4
6
8
7
3
6
5
5
2
0
4
5
7
4
8
6
4
9
7
6
6
3
4
5
4
4
5
6
8
7
4
9
6
5
6
7
10
8
10
8
3
4
5
7
7
4
5
8
7
8
4
5
6
5
3
3
3
2
4
4
3
-1
0
0
2
2
1
0
-1
1
0
3
3
1
7
7
2
5
5
6
4
9
10
10
11
8
6
5
6
1
3
4
1
1
0
0
0
0
2
1
1
1
3
1
1
4
0
3
3
4
4
4
5
5
3
6
8
8
9
7
10
7
13
8
11
12
7
10
8
8
8
11
10
11
11
10
10
9
6
7
3
6
10
7
8
6
7
9
9
8
8
7
10
7
8
7
4
6
5
4
4
5
9
9
4
5
3
5
6
5
7
5
7
8
6
6
7
5
3
3
3
6
5
7
8
4
3
2
1
-1
2
3
1
2
3
1
4
1
1
4
1
5
0
4
3
2
1
-1
1
3
3
5
4
5
3
1
4
5
1
3
3
4
5
5
5
4
4
4
2
6
4
5
2
0
4
-2
0
-4
-3
-3
-1
-3
-7
-4
-5
-6
-7
-5
-5
-5
-6
-4
0
-3
-1
1
-1
-2
-4
-6
-6
-2
-4
-5
-7
-5
-8
-10
-8
-8
-8
-9
-10
-9
-8
-8
-11
-14
-13
-14
-16
-13
-11
-14
-17
-15
-11
-13
-12
-11
-11
-11
-10
-8
-8
-6
-10
-12
-9
-11
-10
-8
-5
-8
-10
-8
-9
-10
-7
-8
-9
-11
-6
-4
-7
-6
-5
-6
-7
-7
-6
-7
-8
-4
-2
-1
-2
-5
-2
-2
-4
-1
-2
-4
-2
2
-2
-2
1
-1
-2
-3
-2
-2
-3
-3
-3
-2
1
-3
-1
0
-1
-1
-4
-2
0
1
0
-4
-3
-2
-4
0
-2
1
0
0
0
-1
1
1
2
2
4
-1
2
4
2
1
-2
-1
-2
-4
-3
-4
-1
0
0
-1
1
1
3
5
4
5
3
6
6
6
7
9
12
9
14
10
10
8
10
8
7
6
5
6
3
3
3
7
6
6
5
3
5
3
4
6
4
7
8
8
8
8
9
9
8
9
10
9
13
12
12
15
10
12
11
12
13
12
9
9
9
9
10
11
11
12
5
7
7
1
8
9
7
5
5
6
7
13
12
14
15
11
11
10
12
13
12
13
13
13
12
12
10
12
11
10
10
11
13
13
13
11
11
12
13
10
11
14
11
13
15
14
18
15
13
12
12
12
9
11
10
9
10
9
11
10
7
9
8
8
9
12
10
7
8
4
6
6
8
5
10
7
4
5
5
9
8
10
10
9
8
9
9
10
12
10
7
7
6
4
8
5
4
3
2
1
-1
0
-3
-1
-1
-4
-6
-1
-4
-2
-5
-3
-2
-1
-3
-3
1
0
2
1
4
3
2
2
5
4
3
2
-1
0
2
-1
0
-3
-3
0
-2
-4
-4
-6
-7
-9
-7
-11
-11
-13
-10
-9
-15
-10
-9
-12
-11
-9
-10
-10
-9
-10
-10
-9
-11
-9
-11
-12
-8
-10
-14
-14
-13
-16
-18
-17
-18
-20
-14
-14
-16
-14
-16
-13
-18
-13
-13
-15
-17
-19
-20
-19
-17
-19
-16
-16
-17
-18
-15
-17
-15
-15
-14
-13
-12
-9
-10
-10
-10
-10
-9
-8
-11
-10
-9
-8
-8
-9
-9
-12
-7
-9
-10
-5
-4
-7
-4
-6
-7
-10
-6
-2
-2
-4
-2
-2
-3
-2
-1
-2
-1
-1
-1
0
-1
1
-1
0
1
2
1
-2
0
-1
-1
0
1
2
3
1
2
2
5
8
8
8
9
9
8
11
11
8
9
8
3
4
6
5
3
5
2
4
3
-1
3
2
3
1
-1
-3
1
2
2
-2
4
0
1
7
6
7
3
5
5
5
7
7
7
9
10
9
9
8
10
8
5
4
7
2
2
2
3
5
1
2
3
-1
1
1
1
5
2
2
0
1
3
-2
-1
0
-1
1
-2
-3
-6
-3
-5
-3
-2
-3
0
-2
-2
-1
-1
-3
0
1
-2
-2
-11
8
-4
-5
-2
-6
-3
-15
-1
-6
-13
-6
-6
-9
-8
-1
-3
-8
-8
-8
-7
-10
-10
-9
-13
-12
-10
-9
-10
-11
-10
-11
-10
-9
-11
-12
-11
-11
-6
-8
-9
-8
-10
-4
-6
-6
-1
-4
-2
-2
-2
0
-1
-1
0
-2
0
-1
1
1
-4
-2
-1
0
1
2
-1
0
1
2
2
-4
-3
-2
1
0
-5
-2
-4
-5
-3
-1
-2
-3
0
0
2
0
2
2
4
5
2
3
5
4
2
0
-1
-2
-4
-2
-5
-6
-5
-3
-3
-6
-8
-9
-9
-7
-10
-11
-14
-11
-9
-13
-12
-9
-13
-9
-9
-11
-11
-9
-7
-9
-8
-12
-11
-8
-10
-9
-11
-9
-12
-13
-13
-13
-10
-12
-7
-7
-9
-7
-7
-9
-9
-10
-9
-11
-12
-9
-9
-11
-10
-12
-12
-9
-10
-9
-6
-6
-7
-8
-5
-2
-2
-5
-4
-1
-4
-2
-4
-5
-3
-2
0
1
-2
0
4
2
1
3
1
7
4
5
6
4
6
8
6
6
8
5
6
3
6
5
6
7
3
5
3
4
6
7
7
7
7
6
4
3
7
5
6
2
5
5
5
8
4
6
8
7
7
10
10
13
12
12
15
13
13
14
12
14
13
10
9
11
10
5
7
12
9
8
8
10
9
8
8
7
13
11
12
13
15
12
7
10
12
13
11
13
12
12
11
10
11
11
10
10
12
11
12
10
11
9
13
14
9
12
9
10
8
9
12
10
10
12
7
7
11
12
10
10
12
10
6
8
9
7
8
9
9
11
8
13
14
11
11
13
12
10
11
11
12
7
12
12
13
13
9
9
9
9
11
11
13
11
10
13
8
8
7
8
9
10
11
9
12
7
7
9
10
11
11
12
12
11
10
12
10
12
9
11
14
10
10
10
12
11
11
11
13
12
12
8
9
11
11
11
8
7
5
5
6
6
6
5
4
3
1
1
0
-2
1
-6
-5
-4
-5
-3
-4
-1
-3
-3
-2
-4
0
5
3
5
3
6
4
1
7
3
2
2
3
3
2
2
-1
-3
-1
-5
-6
-3
-5
-6
-4
-7
-6
-7
-7
-7
-4
-5
-7
-4
-6
-6
-1
-1
-1
0
0
0
0
1
0
2
2
2
4
5
2
3
1
0
-2
0
0
-3
-2
0
3
2
2
3
4
2
3
3
4
5
3
7
4
4
8
8
7
6
10
9
7
7
6
7
7
11
11
8
9
9
7
8
11
9
9
9
11
8
11
14
12
15
15
16
14
16
13
14
14
15
17
17
14
14
18
16
15
12
13
13
11
16
16
14
15
17
19
14
19
16
16
18
18
16
16
18
16
22
20
21
21
22
26
25
24
26
26
28
29
32
34
27
32
30
32
32
29
28
29
32
32
35
32
34
33
35
38
39
38
40
45
41
43
41
45
43
42
38
36
36
33
30
32
30
30
36
32
36
34
38
37
40
39
38
37
40
46
43
46
48
49
53
53
57
58
61
66
68
69
81
85
87
89
90
95
92
92
99
91
90
84
75
89
70
91
80
92
93
92
110
107
121
118
119
126
127
126
119
109
131
143
168
184
199
209
218
221
229
218
198
178
131
127
67
51
1
-35
-59
-109
-107
-142
-140
-161
-172
-170
-181
-171
-170
-105
-23
95
231
372
513
648
771
893
941
978
934
854
749
558
408
154
-34
-295
-511
-689
-850
-930
-1013
-1024
-1012
-947
-852
-738
-613
-493
-382
-275
-191
-102
-47
0
25
48
77
100
146
171
223
256
308
351
385
414
408
398
349
295
218
128
18
-100
-213
-324
-409
-472
-516
-529
-511
-471
-398
-305
-188
-71
50
170
292
403
505
585
657
711
757
793
812
831
829
826
801
777
730
676
593
491
382
255
132
-15
-152
-289
-413
-521
-613
-693
-749
-789
-812
-833
-832
-821
-814
-800
-792
-767
-755
-735
-712
-699
-655
-644
-592
-560
-512
-444
-408
-336
-291
-209
-139
-68
16
71
152
213
268
313
331
351
341
333
299
259
212
153
95
34
-11
-70
-96
-131
-150
-153
-148
-124
-110
-66
-33
16
66
112
173
226
285
337
394
463
525
598
661
728
796
853
906
955
1010
1054
1111
1144
1170
1174
1155
1125
1063
975
864
712
556
355
172
-40
-254
-464
-695
-904
-1142
-1340
-1555
-1751
-1951
-2125
-2266
-2370
-2420
-2431
-2397
-2331
-2203
-2044
-1826
-1593
-1320
-1040
-737
-409
-56
333
716
1109
1448
1777
2043
2267
2415
2465
2434
2277
2062
1750
1370
944
465
-15
-516
-965
-1356
-1679
-1909
-2075
-2131
-2101
-1984
-1797
-1565
-1283
-997
-704
-410
-118
153
392
608
798
985
1151
1321
1461
1581
1689
1767
1830
1843
1835
1761
1636
1473
1251
1005
719
417
101
-208
-479
-715
-884
-985
-999
-925
-774
-553
-287
20
329
656
911
1169
1321
1454
1482
1475
1396
1254
1085
838
602
321
40
-255
-561
-877
-1179
-1500
-1768
-2057
-2280
-2494
-2673
-2802
-2893
-2911
-2877
-2801
-2641
-2462
-2186
-1884
-1507
-1049
-567
7
549
1131
1663
2162
2599
2916
3152
3236
3202
3045
2750
2376
1880
1348
745
134
-458
-1007
-1473
-1876
-2167
-2370
-2446
-2436
-2347
-2179
-1973
-1701
-1438
-1140
-845
-549
-245
28
327
615
918
1212
1500
1786
2044
2284
2465
2601
2665
2648
2556
2362
2108
1770
1382
946
480
29
-386
-737
-1011
-1187
-1262
-1247
-1137
-959
-718
-448
-166
117
357
587
763
938
1045
1131
1169
1156
1127
1035
948
805
643
423
167
-125
-465
-826
-1242
-1631
-2056
-2401
-2762
-3029
-3253
-3406
-3461
-3475
-3352
-3198
-2927
-2625
-2239
-1806
-1273
-711
-79
534
1152
1732
2243
2718
3066
3332
3449
3439
3318
3048
2703
2240
1701
1113
464
-158
-773
-1308
-1787
-2182
-2473
-2668
-2743
-2726
-2620
-2439
-2206
-1919
-1614
-1267
-912
-538
-179
182
544
898
1260
1589
1915
2198
2454
2665
2810
2901
2903
2830
2666
2424
2112
1735
1316
850
378
-74
-480
-791
-1025
-1158
-1198
-1141
-996
-776
-488
-175
155
448
722
947
1125
1248
1305
1318
1271
1198
1107
991
879
727
567
381
182
-55
-317
-643
-1019
-1417
-1878
-2284
-2739
-3122
-3487
-3810
-3993
-4141
-4119
-4025
-3815
-3499
-3093
-2609
-2007
-1366
-591
153
949
1666
2342
2947
3419
3817
3995
4110
3974
3785
3398
2941
2368
1706
1031
289
-395
-1071
-1651
-2137
-2551
-2835
-3037
-3099
-3063
-2948
-2744
-2503
-2180
-1846
-1466
-1062
-659
-230
177
613
1033
1463
1867
2219
2555
2808
3030
3139
3189
3128
2973
2728
2382
1993
1529
1049
544
63
-391
-787
-1098
-1322
-1429
-1422
-1322
-1111
-850
-499
-139
255
633
979
1299
1544
1754
1867
1948
1943
1908
1817
1684
1535
1351
1169
957
735
503
245
-17
-333
-655
-1052
-1444
-1901
-2365
-2820
-3276
-3645
-4009
-4248
-4437
-4499
-4443
-4304
-4016
-3669
-3199
-2685
-2134
-1520
-909
-212
483
1189
1866
2457
3012
3436
3810
4031
4133
4076
3860
3529
3051
2492
1805
1073
268
-525
-1311
-2025
-2620
-3116
-3474
-3710
-3794
-3712
-3511
-3188
-2797
-2330
-1819
-1294
-747
-227
286
738
1153
1536
1883
2204
2456
2672
2821
2925
2971
2950
2861
2686
2447
2113
1727
1279
814
324
-155
-594
-993
-1301
-1539
-1675
-1695
-1608
-1403
-1107
-740
-315
127
595
1021
1410
1751
2004
2245
2404
2507
2575
2551
2485
2332
2153
1939
1665
1375
1033
655
279
-139
-541
-957
-1379
-1773
-2221
-2602
-3006
-3344
-3626
-3889
-4039
-4153
-4184
-4133
-4033
-3848
-3574
-3290
-2888
-2543
-2076
-1655
-1182
-653
-116
543
1167
1835
2432
2994
3477
3863
4118
4233
4171
3940
3533
2980
2309
1531
659
-244
-1150
-1987
-2724
-3316
-3723
-3975
-4039
-3947
-3684
-3272
-2787
-2224
-1667
-1083
-530
-27
443
833
1192
1464
1707
1927
2135
2318
2464
2594
2694
2756
2768
2717
2588
2376
2073
1690
1244
750
225
-303
-798
-1227
-1565
-1793
-1898
-1883
-1732
-1468
-1060
-590
-45
501
1024
1517
1922
2275
2505
2682
2754
2761
2708
2608
2448
2252
2016
1762
1492
1195
918
586
300
-56
-383
-735
-1085
-1423
-1794
-2138
-2498
-2831
-3163
-3424
-3689
-3839
-3981
-4014
-4013
-3924
-3783
-3552
-3285
-2956
-2587
-2218
-1761
-1376
-837
-323
328
1000
1624
2299
2834
3392
3787
4082
4246
4196
4020
3611
3106
2450
1684
834
-86
-977
-1823
-2563
-3156
-3592
-3827
-3927
-3833
-3599
-3201
-2714
-2197
-1633
-1102
-546
-70
385
770
1092
1379
1595
1838
2031
2229
2393
2520
2652
2722
2768
2728
2620
2420
2128
1770
1331
848
333
-191
-678
-1121
-1458
-1698
-1812
-1811
-1680
-1431
-1082
-617
-122
423
929
1428
1836
2192
2470
2678
2808
2841
2832
2721
2596
2384
2156
1872
1573
1261
941
629
315
-14
-349
-673
-1013
-1310
-1652
-1947
-2279
-2594
-2904
-3205
-3448
-3692
-3835
-3966
-3994
-3967
-3868
-3699
-3479
-3202
-2891
-2558
-2164
-1777
-1334
-862
-281
358
1030
1724
2327
2959
3428
3867
4125
4252
4210
3943
3554
2963
2308
1505
626
-287
-1200
-2022
-2752
-3306
-3689
-3905
-3944
-3836
-3539
-3121
-2618
-2079
-1540
-980
-475
10
423
793
1099
1338
1566
1760
1983
2160
2327
2472
2583
2683
2714
2696
2580
2390
2103
1724
1292
804
298
-225
-720
-1148
-1491
-1708
-1821
-1794
-1640
-1371
-977
-520
14
531
1055
1509
1923
2270
2534
2740
2823
2860
2784
2692
2511
2302
2036
1755
1445
1134
823
501
194
-138
-442
-767
-1065
-1362
-1671
-1981
-2302
-2623
-2933
-3244
-3512
-3742
-3942
-4043
-4107
-4077
-3966
-3830
-3597
-3363
-3032
-2690
-2311
-1893
-1455
-919
-277
416
1160
1867
2540
3165
3676
4117
4366
4484
4381
4092
3639
3027
2312
1457
537
-423
-1352
-2195
-2909
-3453
-3817
-4012
-4041
-3884
-3562
-3116
-2600
-2064
-1510
-963
-452
22
439
812
1101
1360
1592
1820
2061
2255
2443
2599
2738
2835
2870
2843
2716
2502
2175
1775
1321
815
282
-259
-765
-1207
-1546
-1765
-1860
-1821
-1642
-1341
-923
-434
111
654
1181
1651
2064
2438
2721
2925
3017
3023
2946
2797
2595
2347
2033
1718
1351
1007
690
359
67
-268
-554
-869
-1156
-1444
-1768
-2057
-2430
-2743
-3111
-3417
-3702
-3942
-4095
-4234
-4244
-4220
-4070
-3899
-3638
-3351
-3000
-2602
-2192
-1724
-1188
-568
171
882
1674
2380
3057
3667
4105
4511
4639
4674
4434
4035
3504
2778
1980
1022
63
-914
-1862
-2654
-3339
-3778
-4094
-4216
-4150
-3910
-3499
-3038
-2483
-1929
-1346
-793
-296
188
590
956
1235
1500
1760
1998
2250
2427
2631
2781
2911
2986
2975
2910
2714
2449
2062
1615
1122
568
24
-540
-1033
-1447
-1750
-1913
-1965
-1867
-1625
-1263
-795
-272
295
860
1387
1850
2279
2635
2911
3079
3133
3114
2992
2825
2571
2283
1946
1592
1202
865
524
204
-105
-430
-715
-1018
-1281
-1574
-1854
-2152
-2468
-2810
-3140
-3445
-3743
-3951
-4152
-4244
-4296
-4243
-4128
-3943
-3719
-3430
-3102
-2723
-2312
-1900
-1352
-776
-19
698
1487
2214
2919
3536
4039
4433
4642
4687
4478
4114
3570
2908
2079
1151
157
-829
-1777
-2618
-3311
-3800
-4114
-4265
-4225
-3999
-3597
-3116
-2575
-2010
-1427
-865
-357
113
525
890
1174
1427
1672
1922
2159
2358
2546
2713
2864
2951
2974
2917
2769
2511
2164
1746
1263
738
182
-371
-884
-1317
-1644
-1835
-1921
-1844
-1634
-1304
-847
-334
236
789
1324
1805
2223
2573
2846
3003
3060
3035
2917
2756
2518
2242
1934
1582
1268
915
617
310
9
-268
-579
-836
-1136
-1399
-1690
-2008
-2309
-2655
-2960
-3294
-3558
-3796
-3987
-4093
-4177
-4148
-4088
-3930
-3740
-3509
-3233
-2942
-2613
-2277
-1886
-1443
-839
-181
567
1312
2051
2778
3418
3987
4396
4663
4722
4565
4220
3715
3046
2237
1272
272
-754
-1711
-2581
-3297
-3799
-4141
-4273
-4243
-3984
-3567
-3052
-2498
-1917
-1314
-751
-229
219
617
949
1210
1439
1656
1893
2105
2296
2476
2650
2816
2934
2985
2955
2832
2614
2301
1912
1449
932
381
-183
-699
-1158
-1502
-1743
-1864
-1817
-1647
-1301
-866
-340
216
780
1307
1807
2263
2633
2934
3075
3164
3094
3001
2811
2564
2267
1921
1566
1209
879
554
257
-52
-313
-592
-819
-1060
-1286
-1541
-1827
-2129
-2453
-2786
-3137
-3463
-3788
-4034
-4238
-4352
-4396
-4357
-4241
-4088
-3853
-3606
-3278
-2962
-2580
-2203
-1739
-1116
-431
387
1162
1952
2731
3412
4044
4519
4834
4983
4841
4570
4066
3442
2647
1677
667
-437
-1435
-2395
-3179
-3776
-4194
-4409
-4459
-4265
-3892
-3385
-2836
-2250
-1636
-1044
-474
13
458
827
1115
1378
1606
1866
2099
2309
2506
2679
2875
3005
3100
3094
3003
2824
2521
2165
1707
1198
629
44
-517
-1033
-1431
-1729
-1895
-1895
-1772
-1467
-1057
-537
16
605
1200
1740
2222
2633
2942
3133
3217
3174
3085
2873
2662
2332
2022
1689
1351
1060
736
473
182
-84
-344
-602
-843
-1118
-1414
-1719
-2066
-2393
-2773
-3120
-3498
-3812
-4083
-4282
-4385
-4439
-4395
-4293
-4106
-3888
-3627
-3339
-3033
-2746
-2433
-2141
-1700
-1187
-505
213
965
1772
2508
3277
3885
4434
4798
4948
4896
4604
4179
3535
2723
1750
658
-432
-1525
-2507
-3352
-3988
-4411
-4655
-4655
-4443
-4011
-3468
-2868
-2219
-1568
-911
-353
168
601
948
1226
1423
1643
1835
2042
2209
2379
2565
2735
2909
2999
3032
2972
2812
2570
2215
1793
1283
718
119
-470
-997
-1433
-1766
-1945
-1975
-1842
-1552
-1131
-595
-26
585
1178
1735
2236
2692
3010
3251
3319
3313
3200
2999
2771
2412
2092
1692
1352
1002
671
377
74
-177
-439
-666
-889
-1127
-1394
-1696
-2022
-2368
-2756
-3127
-3527
-3864
-4172
-4363
-4524
-4555
-4532
-4422
-4234
-4033
-3729
-3452
-3130
-2841
-2562
-2256
-1890
-1394
-730
-45
745
1480
2302
3054
3757
4361
4774
5040
5017
4827
4420
3853
3085
2116
1028
-121
-1250
-2304
-3243
-3969
-4501
-4799
-4903
-4750
-4356
-3816
-3185
-2539
-1834
-1140
-491
72
556
972
1264
1512
1716
1931
2133
2298
2462
2612
2802
2962
3082
3131
3089
2962
2733
2417
2004
1517
959
347
-260
-835
-1323
-1716
-1969
-2068
-2018
-1775
-1402
-897
-301
337
989
1606
2155
2657
3022
3311
3435
3454
3375
3193
2959
2639
2297
1913
1542
1173
836
498
195
-110
-386
-668
-936
-1215
-1518
-1847
-2202
-2569
-2968
-3357
-3768
-4110
-4398
-4622
-4738
-4818
-4768
-4676
-4488
-4262
-3989
-3685
-3373
-3036
-2713
-2285
-1785
-1076
-308
551
1403
2263
3111
3876
4538
5040
5359
5435
5283
4902
4364
3601
2675
1553
370
-838
-1983
-3016
-3883
-4511
-4936
-5122
-5089
-4792
-4311
-3693
-3036
-2341
-1615
-931
-304
238
710
1088
1389
1634
1876
2113
2336
2530
2713
2905
3091
3244
3327
3328
3220
3017
2709
2299
1805
1225
585
-89
-723
-1309
-1773
-2127
-2319
-2348
-2203
-1867
-1393
-790
-150
537
1213
1883
2481
2996
3393
3642
3766
3732
3623
3400
3093
2732
2287
1845
1414
994
613
241
-89
-393
-688
-924
-1175
-1407
-1681
-2007
-2352
-2746
-3130
-3553
-3941
-4319
-4596
-4820
-4943
-4955
-4919
-4742
-4556
-4245
-3940
-3555
-3161
-2734
-2262
-1703
-949
-158
761
1569
2464
3249
4005
4625
5081
5403
5461
5312
4923
4371
3651
2755
1670
532
-674
-1776
-2840
-3697
-4375
-4826
-5065
-5115
-4888
-4479
-3885
-3272
-2583
-1892
-1179
-530
48
584
1007
1369
1650
1921
2185
2423
2634
2805
2973
3134
3248
3324
3304
3201
2984
2676
2300
1818
1282
658
32
-593
-1168
-1644
-2008
-2229
-2293
-2203
-1930
-1504
-952
-331
334
1025
1698
2323
2858
3290
3579
3742
3737
3649
3428
3150
2767
2331
1881
1412
1005
588
243
-109
-399
-687
-937
-1183
-1455
-1743
-2107
-2497
-2953
-3405
-3868
-4286
-4682
-4987
-5238
-5354
-5397
-5327
-5160
-4936
-4582
-4237
-3717
-3251
-2585
-1842
-915
117
1096
2144
3047
3971
4699
5312
5733
5931
5920
5618
5143
4472
3613
2598
1408
196
-1032
-2183
-3216
-4084
-4687
-5129
-5312
-5323
-5059
-4604
-4051
-3398
-2749
-2009
-1343
-691
-94
426
900
1256
1609
1922
2252
2547
2794
3035
3230
3426
3553
3609
3589
3432
3196
2831
2389
1857
1229
565
-140
-791
-1418
-1904
-2287
-2481
-2519
-2394
-2052
-1598
-979
-339
403
1162
1876
2540
3089
3515
3814
3935
3931
3806
3533
3240
2775
2336
1837
1351
924
461
125
-240
-520
-780
-1039
-1264
-1534
-1836
-2172
-2579
-3011
-3460
-3925
-4337
-4738
-5058
-5281
-5447
-5459
-5437
-5269
-5024
-4703
-4264
-3787
-3177
-2412
-1460
-368
743
1818
2885
3825
4732
5386
5933
6212
6268
6050
5584
4973
4122
3148
1931
695
-605
-1797
-2915
-3852
-4563
-5056
-5328
-5403
-5222
-4817
-4278
-3662
-3005
-2308
-1602
-969
-343
186
684
1063
1405
1741
2058
2396
2658
2926
3154
3379
3562
3666
3705
3621
3430
3101
2698
2201
1603
929
208
-496
-1163
-1743
-2191
-2480
-2597
-2554
-2317
-1885
-1325
-650
84
887
1676
2392
3022
3506
3865
4054
4070
3958
3691
3354
2899
2407
1892
1368
898
429
58
-279
-540
-771
-969
-1144
-1351
-1607
-1922
-2306
-2735
-3230
-3698
-4175
-4630
-5026
-5370
-5577
-5708
-5708
-5619
-5433
-5132
-4728
-4236
-3595
-2786
-1751
-599
583
1727
2851
3889
4813
5531
6084
6401
6462
6247
5787
5168
4317
3320
2099
830
-476
-1691
-2822
-3783
-4520
-5037
-5343
-5442
-5285
-4911
-4392
-3809
-3162
-2479
-1785
-1141
-524
21
518
922
1287
1642
1998
2344
2647
2946
3206
3458
3658
3787
3839
3768
3583
3267
2861
2368
1756
1067
324
-398
-1097
-1713
-2200
-2531
-2708
-2702
-2505
-2092
-1531
-853
-119
667
1469
2231
2904
3451
3870
4099
4202
4101
3930
3588
3191
2672
2131
1584
1046
576
123
-217
-554
-799
-1038
-1205
-1400
-1605
-1863
-2196
-2583
-3026
-3482
-3930
-4374
-4778
-5133
-5409
-5537
-5628
-5540
-5422
-5161
-4802
-4371
-3751
-3036
-2022
-914
263
1436
2562
3647
4594
5375
5970
6337
6472
6326
5922
5346
4539
3583
2403
1145
-165
-1411
-2567
-3578
-4371
-4946
-5283
-5448
-5329
-5014
-4502
-3926
-3286
-2596
-1911
-1234
-616
-47
464
881
1262
1614
1958
2312
2610
2910
3165
3413
3617
3758
3823
3771
3612
3325
2944
2460
1882
1209
481
-245
-947
-1575
-2091
-2452
-2653
-2674
-2512
-2153
-1631
-965
-225
606
1425
2237
2917
3496
3920
4171
4281
4168
3976
3567
3150
2561
2002
1408
846
371
-94
-409
-711
-903
-1083
-1212
-1354
-1519
-1755
-2046
-2418
-2848
-3326
-3805
-4295
-4764
-5181
-5526
-5743
-5872
-5867
-5769
-5529
-5131
-4632
-3910
-3009
-1851
-573
694
1969
3139
4270
5186
5916
6430
6679
6688
6369
5851
5116
4204
3116
1836
538
-776
-1970
-3058
-3955
-4608
-5065
-5285
-5330
-5111
-4719
-4210
-3633
-3037
-2383
-1770
-1165
-610
-106
365
747
1149
1526
1932
2319
2679
3041
3350
3656
3870
4019
4056
3951
3725
3352
2891
2314
1637
878
93
-665
-1381
-1981
-2450
-2742
-2858
-2775
-2482
-1993
-1346
-595
204
1056
1861
2629
3243
3743
4053
4186
4179
3967
3671
3220
2735
2151
1581
1021
516
80
-272
-557
-781
-963
-1120
-1262
-1452
-1675
-2016
-2406
-2899
-3398
-3930
-4424
-4930
-5363
-5747
-6015
-6130
-6156
-5982
-5770
-5302
-4765
-3950
-2873
-1626
-202
1096
2448
3647
4777
5698
6367
6824
6981
6879
6452
5833
4997
3986
2764
1413
55
-1265
-2452
-3506
-4336
-4901
-5293
-5437
-5395
-5100
-4626
-4113
-3498
-2931
-2265
-1661
-1073
-518
-38
427
802
1219
1634
2074
2498
2873
3241
3574
3883
4101
4216
4206
4036
3742
3302
2777
2120
1367
549
-290
-1056
-1771
-2329
-2748
-2956
-2953
-2751
-2300
-1687
-931
-102
753
1602
2368
3024
3537
3864
4052
4029
3880
3573
3166
2711
2168
1646
1102
634
228
-113
-367
-591
-776
-951
-1145
-1346
-1635
-1983
-2432
-2953
-3505
-4076
-4628
-5163
-5634
-6065
-6340
-6532
-6519
-6383
-6061
-5545
-4872
-3786
-2527
-1028
431
1877
3286
4531
5640
6462
7069
7366
7381
7027
6479
5661
4671
3441
2044
628
-800
-2087
-3273
-4216
-4886
-5345
-5587
-5590
-5383
-4919
-4418
-3810
-3226
-2603
-1986
-1439
-876
-387
79
482
902
1343
1838
2333
2822
3273
3700
4109
4422
4643
4708
4601
4339
3907
3358
2659
1837
935
-25
-923
-1762
-2458
-2966
-3305
-3416
-3299
-2945
-2382
-1683
-846
-2
870
1709
2495
3153
3685
4053
4242
4274
4111
3870
3468
3027
2473
1892
1321
754
276
-184
-565
-895
-1205
-1456
-1723
-1974
-2239
-2595
-2985
-3458
-3928
-4417
-4888
-5345
-5765
-6101
-6367
-6470
-6448
-6202
-5834
-5184
-4209
-2936
-1413
101
1695
3169
4594
5785
6731
7435
7789
7870
7513
6969
6112
5057
3731
2203
678
-888
-2290
-3591
-4601
-5306
-5784
-5966
-5944
-5626
-5108
-4510
-3820
-3170
-2460
-1849
-1256
-735
-271
163
502
901
1285
1769
2257
2753
3256
3708
4175
4532
4815
4933
4861
4637
4200
3643
2896
2024
1045
0
-1006
-1962
-2736
-3337
-3701
-3821
-3702
-3313
-2697
-1891
-977
-8
982
1887
2724
3378
3891
4216
4348
4329
4089
3782
3316
2819
2235
1647
1086
543
94
-332
-655
-956
-1210
-1469
-1738
-2007
-2324
-2683
-3149
-3642
-4174
-4700
-5219
-5700
-6124
-6465
-6724
-6788
-6671
-6343
-5736
-4872
-3581
-2133
-520
1096
2680
4225
5506
6579
7371
7840
8035
7789
7306
6528
5494
4255
2712
1203
-390
-1835
-3198
-4326
-5124
-5674
-5944
-6000
-5758
-5327
-4757
-4142
-3492
-2820
-2211
-1629
-1134
-658
-210
163
592
989
1503
2028
2574
3157
3659
4202
4615
4957
5152
5138
4965
4573
4038
3303
2416
1432
359
-700
-1728
-2597
-3293
-3772
-4028
-4025
-3725
-3222
-2501
-1690
-770
185
1128
2049
2834
3492
3993
4286
4450
4403
4239
3930
3497
3007
2401
1831
1218
648
108
-411
-837
-1251
-1598
-1936
-2244
-2531
-2866
-3226
-3650
-4070
-4508
-4926
-5346
-5717
-6052
-6308
-6434
-6442
-6220
-5848
-5152
-4137
-2835
-1315
223
1835
3375
4802
6024
6982
7669
8028
8039
7701
7106
6220
5095
3671
2114
511
-1080
-2542
-3861
-4867
-5593
-6049
-6212
-6119
-5728
-5184
-4544
-3834
-3138
-2412
-1789
-1203
-684
-221
196
563
961
1390
1878
2386
2911
3425
3929
4394
4775
5044
5141
5062
4792
4346
3732
2932
2009
981
-98
-1147
-2126
-2906
-3528
-3899
-4025
-3890
-3473
-2890
-2094
-1210
-241
712
1629
2444
3139
3658
4008
4185
4158
4018
3697
3332
2851
2331
1803
1249
774
289
-109
-473
-816
-1101
-1441
-1747
-2112
-2516
-2983
-3531
-4069
-4659
-5200
-5731
-6204
-6594
-6906
-7046
-7023
-6728
-6202
-5314
-4084
-2605
-976
676
2378
3952
5387
6526
7408
7977
8221
8110
7663
6959
5980
4746
3265
1703
114
-1396
-2801
-3995
-4904
-5518
-5895
-5996
-5851
-5468
-4965
-4378
-3748
-3115
-2481
-1925
-1398
-938
-493
-83
341
800
1312
1881
2466
3068
3660
4222
4712
5089
5326
5364
5220
4881
4358
3654
2769
1769
683
-415
-1470
-2405
-3156
-3698
-4017
-4039
-3809
-3325
-2662
-1848
-964
-38
889
1776
2558
3208
3696
4012
4182
4144
4014
3695
3320
2832
2303
1762
1202
697
189
-257
-673
-1031
-1370
-1700
-2039
-2387
-2790
-3227
-3737
-4241
-4785
-5289
-5794
-6256
-6632
-6949
-7031
-6977
-6607
-5958
-4875
-3484
-1926
-239
1478
3205
4760
6094
7161
7915
8364
8398
8113
7526
6645
5505
4038
2480
800
-788
-2310
-3648
-4671
-5441
-5888
-6107
-6001
-5653
-5147
-4533
-3905
-3237
-2604
-2014
-1482
-1030
-598
-236
161
570
1049
1591
2165
2793
3391
4021
4570
5040
5374
5509
5469
5198
4765
4109
3266
2270
1157
20
-1116
-2140
-2999
-3663
-4070
-4214
-4060
-3632
-3005
-2187
-1286
-306
660
1595
2404
3084
3585
3911
4073
4029
3880
3557
3182
2700
2184
1677
1159
728
296
-82
-424
-759
-1037
-1368
-1692
-2075
-2519
-3022
-3596
-4181
-4780
-5369
-5938
-6454
-6904
-7196
-7318
-7157
-6757
-5991
-4856
-3406
-1769
-49
1708
3402
4957
6229
7257
7932
8326
8300
7960
7312
6391
5218
3755
2202
576
-967
-2397
-3651
-4603
-5270
-5670
-5804
-5700
-5341
-4871
-4299
-3713
-3122
-2544
-2029
-1557
-1143
-739
-377
28
467
983
1563
2193
2864
3514
4159
4724
5184
5500
5601
5509
5188
4687
3986
3079
2051
915
-233
-1351
-2349
-3162
-3767
-4113
-4180
-3955
-3465
-2779
-1916
-1002
-45
866
1744
2504
3114
3598
3855
4013
3942
3789
3482
3102
2671
2158
1675
1175
740
322
-54
-407
-733
-1054
-1402
-1761
-2167
-2612
-3143
-3734
-4362
-4986
-5586
-6136
-6649
-7044
-7298
-7306
-7041
-6459
-5441
-4134
-2529
-882
901
2647
4306
5737
6873
7722
8215
8379
8155
7647
6819
5731
4355
2816
1191
-387
-1880
-3199
-4276
-5046
-5543
-5757
-5713
-5432
-4974
-4450
-3851
-3281
-2698
-2183
-1713
-1298
-933
-578
-210
214
708
1270
1897
2563
3252
3930
4554
5083
5460
5648
5619
5383
4931
4284
3418
2394
1258
80
-1071
-2136
-3025
-3704
-4126
-4253
-4100
-3683
-3027
-2218
-1294
-359
576
1435
2193
2827
3284
3616
3752
3770
3619
3388
3060
2685
2264
1811
1378
951
579
193
-151
-504
-842
-1196
-1585
-1994
-2476
-2996
-3580
-4208
-4807
-5415
-5944
-6464
-6853
-7088
-7103
-6836
-6282
-5305
-4041
-2506
-891
821
2525
4124
5528
6641
7474
7973
8128
7941
7450
6667
5612
4293
2820
1261
-249
-1694
-2957
-3999
-4756
-5244
-5474
-5438
-5199
-4786
-4305
-3752
-3202
-2658
-2153
-1699
-1285
-918
-558
-175
258
762
1316
1942
2601
3275
3935
4531
5038
5387
5556
5506
5260
4809
4148
3306
2305
1210
70
-1034
-2049
-2886
-3532
-3902
-4019
-3839
-3426
-2791
-1995
-1122
-205
689
1543
2277
2888
3318
3600
3692
3670
3471
3193
2808
2373
1918
1439
1005
590
235
-100
-406
-696
-976
-1278
-1618
-2007
-2451
-2960
-3544
-4153
-4783
-5380
-5954
-6467
-6839
-7006
-6893
-6475
-5655
-4506
-3055
-1482
227
1933
3595
5058
6255
7174
7747
8001
7876
7473
6737
5755
4480
3047
1517
5
-1427
-2706
-3740
-4506
-4998
-5229
-5206
-4959
-4556
-4082
-3546
-3021
-2499
-2050
-1640
-1288
-973
-674
-363
20
461
992
1584
2239
2925
3605
4247
4799
5220
5451
5477
5299
4914
4333
3539
2582
1511
387
-720
-1758
-2624
-3311
-3739
-3897
-3774
-3364
-2753
-1981
-1125
-209
684
1524
2224
2807
3186
3427
3494
3407
3217
2874
2510
2042
1618
1184
789
456
149
-98
-352
-572
-809
-1070
-1391
-1776
-2256
-2806
-3422
-4096
-4763
-5420
-6043
-6578
-6975
-7097
-6943
-6396
-5440
-4208
-2675
-1047
689
2427
4020
5437
6516
7323
7780
7865
7673
7106
6305
5188
3850
2409
882
-544
-1909
-3051
-3944
-4572
-4922
-5035
-4903
-4596
-4171
-3700
-3209
-2727
-2286
-1900
-1587
-1277
-1025
-750
-424
-42
468
1014
1669
2352
3065
3782
4405
4950
5305
5470
5439
5176
4730
4046
3195
2182
1076
-35
-1122
-2082
-2881
-3458
-3810
-3841
-3619
-3129
-2468
-1674
-810
62
924
1696
2354
2868
3215
3383
3423
3299
3096
2754
2394
1963
1527
1126
728
411
103
-157
-414
-666
-935
-1242
-1595
-2000
-2484
-3029
-3646
-4292
-4935
-5573
-6171
-6682
-6995
-7058
-6791
-6158
-5133
-3806
-2262
-595
1131
2852
4413
5738
6745
7466
7841
7859
7554
6928
6034
4849
3469
1980
473
-956
-2269
-3360
-4195
-4749
-5033
-5079
-4893
-4549
-4102
-3609
-3117
-2636
-2205
-1825
-1502
-1211
-943
-652
-301
126
654
1243
1914
2624
3350
4044
4648
5140
5436
5539
5420
5095
4569
3817
2891
1828
700
-425
-1494
-2417
-3157
-3667
-3891
-3844
-3502
-2949
-2193
-1335
-424
480
1329
2054
2647
3074
3307
3413
3331
3149
2824
2455
2024
1571
1154
744
406
125
-124
-341
-556
-766
-1009
-1320
-1687
-2154
-2701
-3328
-4011
-4724
-5410
-6105
-6687
-7071
-7194
-6929
-6314
-5248
-3915
-2330
-608
1164
2937
4513
5872
6878
7593
7933
7928
7584
6916
5972
4728
3314
1784
278
-1143
-2437
-3478
-4260
-4741
-4958
-4940
-4682
-4314
-3830
-3355
-2879
-2425
-2045
-1709
-1465
-1219
-1004
-737
-397
31
573
1186
1896
2641
3416
4146
4778
5284
5580
5676
5537
5188
4613
3808
2836
1720
557
-605
-1686
-2603
-3344
-3820
-4061
-3974
-3616
-3033
-2271
-1430
-512
383
1238
1984
2586
3026
3302
3393
3365
3187
2909
2549
2139
1717
1292
922
586
302
45
-194
-424
-660
-932
-1252
-1638
-2125
-2684
-3332
-3999
-4696
-5368
-5996
-6573
-6902
-7009
-6710
-6081
-5067
-3764
-2247
-572
1131
2822
4353
5669
6643
7332
7651
7674
7345
6717
5792
4614
3280
1820
376
-982
-2213
-3224
-4000
-4504
-4728
-4749
-4532
-4222
-3809
-3372
-2943
-2522
-2160
-1843
-1593
-1360
-1127
-856
-510
-73
453
1064
1751
2486
3248
3970
4599
5093
5399
5517
5409
5086
4553
3804
2889
1826
712
-397
-1445
-2348
-3092
-3574
-3804
-3755
-3455
-2938
-2237
-1458
-603
249
1083
1780
2369
2792
3057
3185
3144
3022
2753
2440
2065
1659
1303
931
626
334
72
-167
-429
-658
-956
-1273
-1669
-2160
-2683
-3297
-3911
-4579
-5204
-5820
-6329
-6640
-6670
-6352
-5707
-4692
-3444
-1931
-356
1328
2921
4381
5618
6509
7160
7426
7424
7072
6420
5512
4331
3039
1618
225
-1066
-2252
-3189
-3933
-4365
-4574
-4557
-4349
-4052
-3629
-3220
-2781
-2393
-2034
-1740
-1502
-1263
-1052
-764
-431
1
516
1101
1785
2479
3225
3903
4493
4960
5228
5339
5207
4891
4360
3624
2744
1716
671
-398
-1387
-2249
-2945
-3407
-3659
-3615
-3335
-2818
-2160
-1384
-564
258
1045
1713
2294
2688
2974
3069
3052
2911
2655
2350
1975
1616
1234
896
596
299
57
-200
-428
-679
-970
-1283
-1689
-2112
-2644
-3210
-3821
-4450
-5045
-5630
-6112
-6390
-6403
-6062
-5407
-4418
-3166
-1728
-167
1427
2964
4367
5532
6397
6979
7213
7202
6810
6174
5254
4104
2845
1447
125
-1147
-2246
-3141
-3835
-4228
-4421
-4387
-4168
-3865
-3452
-3049
-2630
-2254
-1920
-1632
-1402
-1182
-961
-688
-361
72
570
1150
1796
2475
3185
3825
4392
4808
5059
5144
5007
4709
4180
3481
2628
1646
640
-373
-1291
-2108
-2763
-3195
-3372
-3291
-2999
-2521
-1887
-1178
-408
344
1072
1667
2163
2489
2677
2740
2650
2494
2204
1918
1560
1239
926
641
396
161
-46
-267
-491
-740
-1042
-1401
-1830
-2340
-2919
-3530
-4177
-4824
-5433
-5948
-6212
-6227
-5872
-5229
-4248
-3016
-1607
-75
1477
2978
4338
5415
6240
6757
6973
6907
6482
5841
4886
3787
2521
1214
-39
-1219
-2219
-3039
-3619
-3945
-4059
-3970
-3747
-3433
-3059
-2686
-2315
-1999
-1726
-1524
-1345
-1201
-1022
-793
-494
-84
387
964
1598
2302
3003
3645
4211
4620
4894
4962
4837
4539
4026
3354
2502
1578
608
-346
-1231
-1999
-2602
-2984
-3123
-3036
-2717
-2240
-1625
-952
-243
448
1072
1609
2020
2281
2428
2423
2326
2126
1857
1561
1223
935
652
410
204
4
-163
-361
-564
-814
-1113
-1477
-1933
-2458
-3049
-3672
-4326
-4953
-5534
-5900
-6014
-5795
-5274
-4439
-3327
-2004
-571
944
2394
3773
4912
5764
6377
6637
6693
6343
5791
4938
3891
2732
1442
242
-911
-1892
-2693
-3305
-3638
-3779
-3702
-3486
-3195
-2823
-2476
-2107
-1819
-1566
-1396
-1270
-1162
-1058
-889
-672
-323
84
599
1203
1861
2579
3232
3836
4306
4637
4810
4774
4578
4164
3576
2822
1933
1016
64
-808
-1615
-2265
-2679
-2876
-2806
-2572
-2121
-1571
-930
-266
365
967
1429
1810
2010
2117
2084
1943
1744
1444
1167
843
585
347
147
5
-146
-246
-398
-555
-764
-1032
-1372
-1814
-2349
-2941
-3610
-4275
-4965
-5477
-5755
-5726
-5372
-4749
-3779
-2590
-1207
236
1715
3112
4355
5295
6004
6392
6537
6341
5844
5100
4101
2991
1735
517
-636
-1647
-2478
-3104
-3480
-3603
-3537
-3291
-2965
-2574
-2184
-1816
-1496
-1254
-1087
-1007
-958
-935
-870
-756
-532
-214
204
736
1349
2050
2731
3365
3905
4310
4573
4655
4557
4263
3765
3105
2286
1403
478
-408
-1240
-1945
-2432
-2743
-2762
-2596
-2211
-1700
-1083
-416
219
819
1321
1711
1949
2058
2010
1871
1631
1350
1023
691
395
121
-68
-244
-366
-473
-583
-716
-892
-1113
-1415
-1801
-2284
-2843
-3467
-4095
-4727
-5175
-5405
-5320
-4980
-4340
-3407
-2247
-912
472
1875
3196
4342
5214
5852
6192
6282
6013
5500
4705
3729
2602
1373
191
-926
-1873
-2661
-3214
-3519
-3586
-3459
-3172
-2802
-2365
-1938
-1540
-1208
-960
-805
-723
-695
-670
-626
-534
-335
-68
320
800
1374
2011
2640
3231
3718
4097
4349
4414
4314
3996
3504
2843
2058
1204
318
-536
-1330
-1950
-2401
-2583
-2563
-2303
-1892
-1342
-720
-79
541
1071
1511
1781
1943
1918
1804
1559
1277
932
573
244
-66
-297
-477
-609
-705
-783
-864
-964
-1128
-1327
-1647
-2010
-2505
-3034
-3647
-4208
-4662
-4907
-4881
-4626
-4059
-3261
-2175
-994
344
1640
2934
4027
4904
5547
5899
6024
5784
5309
4556
3616
2525
1322
157
-936
-1892
-2652
-3238
-3512
-3589
-3435
-3139
-2742
-2260
-1809
-1351
-991
-691
-499
-401
-357
-354
-329
-283
-148
49
351
767
1264
1851
2417
2976
3450
3851
4129
4232
4164
3896
3453
2844
2081
1276
429
-388
-1125
-1759
-2146
-2375
-2341
-2157
-1772
-1274
-706
-95
463
991
1382
1665
1793
1792
1669
1454
1175
848
499
166
-142
-393
-613
-781
-911
-1038
-1144
-1306
-1474
-1725
-2020
-2402
-2862
-3359
-3864
-4248
-4485
-4486
-4297
-3824
-3123
-2183
-1093
114
1343
2565
3630
4512
5182
5602
5791
5632
5268
4602
3777
2755
1626
498
-592
-1553
-2383
-3008
-3378
-3534
-3460
-3237
-2882
-2430
-1969
-1491
-1086
-727
-474
-295
-191
-134
-79
-10
113
274
528
862
1292
1780
2273
2756
3182
3566
3833
3955
3926
3709
3341
2799
2133
1400
612
-147
-875
-1486
-1918
-2171
-2205
-2081
-1755
-1319
-785
-205
331
858
1256
1567
1728
1768
1700
1516
1279
968
633
290
-45
-333
-613
-836
-1053
-1231
-1418
-1617
-1839
-2101
-2399
-2774
-3194
-3664
-4041
-4313
-4375
-4285
-3937
-3398
-2571
-1624
-503
663
1844
2991
3886
4711
5208
5575
5596
5371
4902
4178
3325
2266
1170
87
-951
-1826
-2601
-3124
-3430
-3527
-3396
-3180
-2780
-2375
-1891
-1453
-1058
-721
-487
-285
-186
-75
15
142
316
519
832
1189
1647
2112
2561
2992
3336
3652
3803
3830
3685
3374
2931
2317
1635
901
143
-552
-1227
-1707
-2037
-2163
-2109
-1913
-1522
-1078
-529
-8
509
939
1279
1487
1592
1581
1480
1309
1077
805
506
210
-54
-305
-535
-741
-946
-1123
-1355
-1563
-1854
-2128
-2495
-2898
-3354
-3808
-4133
-4342
-4336
-4156
-3725
-3077
-2192
-1194
-42
1095
2265
3286
4138
4836
5239
5488
5370
5061
4486
3717
2813
1742
686
-359
-1305
-2094
-2755
-3153
-3371
-3366
-3196
-2923
-2520
-2115
-1656
-1271
-911
-635
-425
-262
-162
-38
68
247
443
709
1058
1453
1926
2365
2793
3175
3484
3721
3774
3702
3452
3058
2536
1860
1160
378
-328
-1017
-1576
-1965
-2175
-2172
-2036
-1703
-1274
-741
-189
341
805
1195
1456
1610
1621
1542
1362
1116
826
490
172
-144
-415
-672
-910
-1106
-1295
-1477
-1687
-1926
-2190
-2520
-2881
-3333
-3718
-4005
-4117
-4053
-3812
-3344
-2641
-1745
-734
373
1487
2606
3523
4312
4873
5234
5360
5167
4773
4119
3322
2356
1292
252
-757
-1626
-2372
-2931
-3240
-3374
-3276
-3067
-2723
-2309
-1871
-1424
-1037
-690
-443
-236
-94
21
132
262
449
666
955
1296
1705
2153
2557
2937
3251
3509
3646
3612
3444
3100
2645
2035
1350
617
-133
-808
-1418
-1832
-2083
-2116
-1986
-1707
-1290
-804
-247
253
737
1080
1352
1490
1516
1462
1272
1061
756
456
139
-161
-405
-642
-831
-1010
-1167
-1290
-1456
-1613
-1848
-2098
-2414
-2783
-3168
-3506
-3689
-3718
-3576
-3256
-2724
-1960
-1070
-76
961
1989
2963
3730
4364
4753
4972
4903
4588
4061
3343
2505
1527
532
-438
-1304
-2029
-2610
-2978
-3138
-3117
-2922
-2634
-2240
-1833
-1406
-1014
-670
-399
-206
-41
59
161
264
414
613
857
1167
1518
1937
2349
2726
3052
3302
3465
3478
3339
3053
2627
2081
1424
711
-11
-712
-1304
-1785
-2067
-2174
-2075
-1829
-1451
-970
-429
121
607
1023
1301
1506
1554
1516
1354
1114
839
495
175
-151
-457
-702
-954
-1127
-1310
-1451
-1584
-1749
-1913
-2159
-2395
-2706
-2989
-3251
-3359
-3334
-3156
-2807
-2308
-1573
-775
169
1088
2020
2876
3544
4103
4415
4580
4475
4147
3636
2929
2139
1231
311
-561
-1362
-2003
-2521
-2817
-2950
-2905
-2713
-2425
-2037
-1654
-1234
-876
-541
-284
-96
68
170
297
396
548
742
967
1259
1576
1952
2312
2644
2930
3120
3234
3189
3026
2723
2277
1749
1106
456
-233
-851
-1363
-1732
-1889
-1907
-1721
-1444
-1020
-566
-61
393
808
1105
1302
1398
1356
1261
1018
764
405
81
-257
-580
-850
-1097
-1291
-1438
-1582
-1678
-1808
-1928
-2094
-2300
-2517
-2753
-2878
-2940
-2839
-2658
-2306
-1802
-1158
-398
416
1263
2085
2790
3396
3817
4110
4188
4025
3695
3142
2514
1712
877
31
-773
-1463
-2074
-2484
-2734
-2803
-2713
-2521
-2200
-1838
-1422
-1021
-658
-330
-86
128
271
405
513
625
770
918
1130
1360
1652
1952
2238
2504
2702
2857
2886
2814
2621
2308
1896
1371
800
203
-386
-927
-1420
-1734
-1866
-1788
-1567
-1225
-774
-280
248
708
1126
1403
1593
1593
1528
1333
1064
734
328
-53
-481
-829
-1151
-1403
-1594
-1744
-1837
-1920
-1996
-2082
-2200
-2323
-2496
-2617
-2669
-2588
-2413
-2127
-1721
-1182
-517
207
971
1743
2458
3050
3514
3812
3982
3926
3683
3229
2626
1914
1112
295
-509
-1237
-1870
-2377
-2695
-2843
-2811
-2647
-2381
-2021
-1628
-1195
-787
-407
-99
144
344
499
642
756
888
1027
1194
1398
1632
1911
2176
2414
2598
2709
2748
2674
2490
2179
1769
1269
691
100
-488
-1026
-1492
-1822
-1953
-1890
-1671
-1327
-896
-403
80
554
938
1251
1432
1480
1431
1256
1030
681
328
-75
-472
-829
-1162
-1391
-1598
-1716
-1808
-1862
-1894
-1943
-1986
-2071
-2129
-2172
-2131
-2001
-1803
-1517
-1139
-668
-122
469
1104
1711
2249
2692
3011
3230
3292
3206
2941
2529
1997
1368
691
8
-647
-1251
-1767
-2159
-2405
-2497
-2443
-2282
-2027
-1708
-1341
-954
-575
-229
64
314
524
705
863
1012
1163
1314
1478
1662
1869
2067
2235
2355
2424
2424
2337
2154
1889
1538
1122
653
166
-264
-663
-972
-1218
-1346
-1369
-1297
-1143
-915
-632
-337
-45
195
417
543
626
604
520
373
152
-72
-367
-626
-913
-1153
-1365
-1538
-1666
-1759
-1812
-1850
-1853
-1807
-1654
-1442
-1151
-849
-484
-88
319
740
1116
1487
1773
1975
2110
2152
2145
2017
1810
1527
1181
818
408
25
-347
-672
-949
-1188
-1333
-1426
-1428
-1390
-1298
-1162
-1007
-806
-609
-378
-179
27
237
433
645
845
1062
1266
1455
1642
1806
1956
2039
2068
2035
1934
1792
1558
1291
953
609
230
-133
-474
-772
-961
-1073
-1039
-924
-707
-445
-147
139
428
649
847
928
961
900
755
576
281
14
-334
-620
-936
-1188
-1398
-1560
-1654
-1706
-1719
-1711
-1688
-1660
-1607
-1531
-1388
-1200
-947
-679
-346
3
404
789
1189
1557
1866
2116
2261
2348
2316
2198
1975
1655
1265
813
350
-117
-560
-946
-1281
-1524
-1683
-1739
-1704
-1583
-1397
-1174
-904
-617
-315
-26
239
472
680
864
1025
1171
1296
1406
1492
1568
1627
1671
1676
1643
1567
1450
1286
1071
825
526
206
-130
-450
-697
-866
-934
-902
-762
-547
-283
-8
294
552
760
906
953
954
813
619
347
38
-298
-660
-978
-1259
-1488
-1640
-1735
-1765
-1732
-1680
-1577
-1498
-1373
-1260
-1111
-924
-730
-495
-252
31
317
629
936
1245
1514
1738
1903
2011
2052
2002
1856
1631
1329
977
565
148
-258
-653
-984
-1277
-1467
-1579
-1592
-1516
-1380
-1164
-918
-631
-333
-44
237
484
709
885
1035
1153
1245
1316
1358
1386
1395
1399
1375
1328
1250
1135
991
807
598
358
112
-65
-193
-241
-272
-244
-201
-135
-60
54
165
228
269
221
199
63
-57
-242
-449
-654
-925
-1096
-1284
-1394
-1465
-1520
-1484
-1494
-1403
-1335
-1228
-1099
-1008
-835
-665
-423
-165
98
399
675
966
1231
1459
1678
1783
1844
1799
1718
1561
1332
1058
714
362
-15
-355
-662
-918
-1113
-1251
-1307
-1301
-1212
-1054
-866
-643
-421
-179
56
274
478
636
775
874
960
1031
1075
1125
1142
1156
1144
1126
1090
1026
934
804
644
458
251
39
-118
-223
-231
-233
-171
-107
9
104
226
327
389
413
332
266
79
-80
-329
-567
-814
-1084
-1268
-1447
-1527
-1563
-1546
-1463
-1365
-1224
-1067
-901
-721
-580
-429
-288
-120
60
238
425
601
797
968
1149
1290
1423
1485
1486
1452
1348
1227
1011
765
466
149
-155
-455
-705
-923
-1081
-1172
-1209
-1150
-1038
-863
-654
-427
-176
74
319
539
735
879
991
1063
1108
1125
1112
1093
1041
979
900
812
732
631
526
402
273
145
37
-35
-57
-48
16
106
227
366
488
597
636
645
577
467
302
79
-172
-459
-741
-1019
-1259
-1442
-1582
-1643
-1661
-1609
-1514
-1405
-1254
-1117
-947
-800
-626
-450
-281
-77
102
314
525
732
953
1131
1331
1452
1546
1591
1553
1492
1324
1135
865
564
244
-99
-405
-698
-934
-1125
-1246
-1279
-1258
-1151
-1008
-806
-582
-337
-75
159
391
575
744
870
962
1035
1064
1085
1066
1048
1021
974
935
863
791
691
576
448
284
113
-86
-288
-488
-597
-619
-523
-367
-161
73
301
516
711
863
952
935
825
652
387
119
-220
-532
-867
-1168
-1396
-1567
-1616
-1621
-1528
-1382
-1217
-1014
-824
-611
-431
-279
-147
-71
22
94
188
276
366
486
596
751
892
1039
1160
1229
1265
1231
1171
1035
856
618
323
37
-261
-524
-758
-942
-1052
-1114
-1080
-983
-810
-588
-342
-68
193
449
677
872
1025
1124
1184
1198
1189
1150
1109
1061
995
924
836
773
708
655
585
498
399
268
134
-18
-177
-353
-548
-752
-947
-1134
-1299
-1429
-1540
-1610
-1662
-1654
-1615
-1551
-1435
-1326
-1154
-989
-790
-562
-328
-48
204
493
766
1027
1277
1461
1630
1713
1753
1703
1587
1416
1154
873
517
163
-202
-550
-850
-1122
-1307
-1446
-1485
-1450
-1353
-1174
-976
-717
-458
-183
88
337
572
752
918
1031
1124
1186
1208
1215
1184
1148
1076
995
896
778
648
487
319
128
-60
-266
-460
-649
-819
-912
-953
-891
-789
-606
-395
-132
129
423
674
906
1061
1124
1172
1069
997
784
580
313
12
-234
-518
-702
-876
-992
-1051
-1101
-1062
-1023
-931
-824
-732
-619
-553
-454
-394
-312
-253
-183
-99
-28
106
220
397
548
710
871
982
1109
1159
1189
1154
1059
932
745
553
330
109
-102
-297
-440
-542
-586
-582
-527
-425
-275
-100
96
295
471
630
744
821
863
859
845
772
702
606
505
427
328
263
170
104
24
-54
-124
-209
-299
-414
-533
-672
-800
-924
-1036
-1125
-1201
-1232
-1249
-1188
-1074
-901
-663
-421
-157
92
340
567
768
939
1055
1121
1121
1086
1005
897
762
610
450
277
129
-6
-103
-177
-225
-251
-268
-253
-228
-183
-128
-76
-13
35
95
155
224
295
363
437
501
581
650
719
776
815
838
835
818
774
710
619
507
384
240
99
-50
-188
-321
-440
-544
-633
-703
-762
-805
-847
-876
-897
-907
-911
-904
-893
-867
-835
-765
-686
-567
-428
-273
-98
77
270
453
641
805
949
1043
1105
1107
1075
992
865
714
517
326
117
-57
-220
-349
-440
-500
-519
-497
-440
-348
-238
-112
14
134
252
353
442
511
572
603
633
648
654
661
660
671
665
665
651
632
606
561
508
427
337
221
102
-31
-168
-301
-434
-547
-661
-753
-844
-908
-966
-997
-1017
-1014
-986
-949
-891
-812
-717
-605
-462
-325
-155
1
176
331
493
635
756
858
921
953
941
902
818
716
576
430
265
101
-52
-186
-293
-373
-419
-437
-421
-376
-301
-201
-91
29
153
263
376
466
547
607
650
686
695
702
689
674
646
621
589
553
511
459
408
346
282
201
125
41
-47
-131
-216
-294
-371
-444
-503
-568
-618
-668
-707
-736
-760
-763
-767
-741
-712
-656
-592
-510
-411
-300
-175
-52
77
201
321
421
508
572
607
622
609
571
515
436
356
260
167
77
0
-62
-109
-133
-142
-122
-100
-45
12
74
147
211
276
329
378
415
443
465
475
481
482
477
473
462
457
447
438
433
420
406
386
361
326
288
235
181
118
52
-21
-89
-159
-219
-282
-337
-395
-444
-491
-534
-559
-592
-598
-617
-599
-594
-553
-511
-453
-374
-300
-195
-108
4
97
196
272
350
394
440
447
444
413
371
316
241
184
107
50
-14
-49
-83
-85
-80
-56
-20
27
75
133
179
237
281
321
356
370
388
388
395
388
383
373
357
349
336
327
325
320
319
311
305
294
282
266
241
214
176
138
93
52
13
-46
-111
-172
-232
-288
-339
-392
-433
-483
-505
-522
-529
-520
-513
-489
-452
-401
-333
-264
-194
-123
-54
22
85
156
209
244
268
266
269
255
225
184
128
72
15
-29
-57
-80
-92
-98
-93
-70
-44
6
52
104
145
188
235
270
310
335
352
357
356
353
338
328
321
307
292
278
270
268
266
266
266
267
260
254
247
227
207
177
149
110
65
21
-33
-75
-126
-168
-218
-265
-310
-348
-372
-390
-400
-403
-399
-383
-366
-331
-299
-267
-218
-187
-143
-109
-68
-37
-11
13
27
39
41
37
34
26
15
-1
-21
-43
-60
-69
-77
-72
-66
-48
-23
4
33
75
104
141
172
200
220
246
264
275
286
281
275
262
249
235
226
209
194
182
178
171
173
176
186
193
200
209
210
206
195
180
163
131
102
59
22
-23
-76
-118
-161
-201
-248
-285
-308
-331
-337
-335
-323
-306
-287
-256
-234
-193
-169
-131
-105
-77
-50
-30
-6
4
23
30
48
45
58
53
52
46
40
38
29
31
28
28
35
40
48
61
79
95
107
125
138
161
183
207
220
239
255
273
286
289
287
286
275
266
260
247
233
212
198
179
168
157
153
144
137
128
125
120
110
101
79
65
41
22
-4
-28
-55
-79
-108
-141
-167
-190
-203
-214
-217
-215
-210
-197
-175
-152
-129
-112
-96
-86
-74
-61
-49
-44
-45
-45
-41
-39
-35
-33
-31
-31
-30
-29
-32
-25
-20
-11
-3
6
14
34
54
70
82
91
96
99
109
120
123
119
121
131
136
137
142
149
149
151
153
152
150
142
147
147
144
137
134
124
111
103
93
82
66
58
55
45
35
28
21
10
0
-10
-16
-31
-44
-53
-71
-80
-100
-115
-126
-132
-132
-131
-128
-128
-131
-130
-126
-123
-114
-96
-77
-69
-58
-59
-55
-52
-44
-33
-28
-23
-17
-7
-1
5
5
8
12
18
21
33
40
44
49
52
57
58
61
66
70
74
81
88
93
100
112
121
135
148
162
176
187
193
190
189
187
180
165
150
131
119
99
82
64
50
38
28
24
15
14
16
21
22
22
15
10
10
16
13
-1
-11
-21
-28
-34
-41
-47
-55
-66
-68
-69
-67
-67
-73
-81
-83
-79
-67
-54
-34
-23
-20
-25
-31
-38
-41
-36
-31
-35
-40
-44
-43
-39
-28
-20
-6
5
19
44
65
88
107
124
134
137
133
139
139
137
129
116
97
77
71
56
44
42
44
55
59
61
70
80
90
106
122
128
130
133
137
136
134
123
107
95
86
78
72
62
53
49
39
36
32
26
18
14
11
6
2
-5
-11
-21
-34
-42
-47
-52
-54
-58
-58
-58
-54
-50
-42
-31
-22
-16
-12
-6
8
20
32
39
43
42
37
43
47
49
45
56
57
60
46
45
47
48
52
47
52
49
57
56
65
67
72
76
82
84
86
86
88
91
92
98
101
106
102
100
98
100
102
101
96
87
76
70
63
51
45
41
34
29
35
42
43
43
41
44
43
50
63
65
60
45
43
34
30
16
5
1
-9
-4
-7
-4
-9
-8
-16
-14
-16
-15
-10
-1
11
13
21
32
46
41
38
40
45
53
56
57
52
46
46
46
49
53
52
50
46
35
32
33
35
40
42
46
51
57
66
74
81
81
72
69
68
67
68
66
69
75
76
73
83
87
85
85
83
85
81
81
81
79
64
53
46
42
42
30
16
4
-5
-10
-14
1
13
30
37
43
44
51
59
62
60
52
51
48
53
53
52
36
28
26
29
27
17
11
12
13
10
7
5
10
9
18
21
19
13
21
24
22
17
14
18
26
28
32
42
53
67
74
72
67
62
53
47
44
48
42
46
45
44
33
24
26
18
16
4
1
9
11
5
6
15
26
29
32
36
34
31
30
34
28
25
25
28
27
24
27
31
31
30
23
16
9
-4
-10
-10
-6
-2
-4
-5
-8
-2
4
6
8
9
8
-3
-9
-10
-10
-7
-3
-2
-5
-9
-8
-6
-1
5
8
9
11
9
11
13
11
12
8
6
-2
-7
-9
-5
1
-4
-4
-5
-2
-6
-4
-9
-9
-2
3
8
5
-3
-13
-11
-12
-17
-27
-34
-31
-28
-17
-7
6
14
13
14
14
18
21
24
26
23
15
3
-8
-16
-17
-15
-15
-13
-15
-11
-19
-26
-23
-19
-11
-4
-2
-1
-1
-2
6
7
0
-3
-7
-8
-6
1
1
2
-1
-16
-24
-31
-27
-17
-17
-17
-11
1
11
10
4
5
-2
-20
-37
-41
-42
-56
-72
-82
-86
-90
-87
-75
-63
-53
-47
-43
-43
-55
-60
-55
-55
-57
-59
-57
-58
-61
-62
-60
-60
-71
-81
-83
-76
-66
-60
-56
-58
-61
-63
-65
-74
-81
-77
-74
-78
-86
-87
-94
-99
-104
-113
-114
-118
-119
-119
-114
-106
-97
-99
-102
-112
-111
-108
-112
-120
-126
-136
-143
-146
-149
-148
-143
-138
-146
-151
-151
-152
-165
-174
-177
-181
-181
-180
-184
-191
-189
-186
-184
-184
-181
-181
-189
-195
-203
-206
-207
-208
-214
-221
-226
-223
-229
-233
-232
-236
-240
-246
-240
-230
-224
-213
-207
-211
-220
-228
-226
-222
-225
-231
-243
-253
-263
-271
-277
-272
-265
-260
-250
-249
-252
-259
-259
-254
-247
-246
-243
-244
-241
-247
-259
-258
-255
-260
-273
-279
-288
-293
-298
-294
-284
-285
-288
-293
-292
-282
-275
-276
-281
-283
-279
-277
-276
-273
-276
-288
-290
-292
-295
-296
-298
-293
-295
-299
-300
-290
-286
-279
-277
-277
-275
-272
-266
-266
-263
-258
-254
-256
-256
-261
-261
-261
-270
-276
-279
-269
-259
-255
-252
-248
-247
-249
-253
-250
-243
-244
-239
-233
-222
-213
-219
-221
-226
-229
-236
-242
-251
-253
-252
-257
-254
-251
-246
-244
-242
-238
-230
-211
-194
-180
-172
-169
-166
-163
-162
-162
-164
-158
-154
-162
-169
-169
-174
-179
-182
-185
-181
-175
-163
-150
-140
-132
-126
-120
-112
-107
-104
-98
-95
-94
-93
-93
-98
-98
-89
-86
-80
-85
-90
-84
-76
-70
-72
-71
-62
-48
-47
-42
-40
-33
-30
-31
-43
-45
-34
-34
-37
-46
-47
-54
-56
-57
-49
-32
-24
-23
-20
-17
-19
-15
-3
3
14
28
37
41
38
37
31
22
4
-8
-16
-24
-29
-38
-37
-30
-28
-27
-19
-11
-2
2
6
3
12
19
26
34
39
41
45
49
55
57
52
53
47
39
27
35
52
64
63
52
47
49
52
56
61
67
66
52
49
58
63
70
75
79
80
80
89
94
101
103
104
114
122
134
134
136
131
127
113
110
113
103
100
98
100
92
89
92
90
86
79
78
78
74
73
76
88
89
90
95
99
96
88
78
72
63
53
51
50
52
46
45
48
51
50
39
36
37
37
39
39
43
50
60
62
69
82
79
72
66
71
80
85
87
75
66
60
59
63
67
75
73
69
69
64
70
67
64
59
54
58
56
60
59
58
55
48
39
31
33
29
25
32
34
29
35
37
42
43
41
36
32
34
32
35
26
19
18
19
17
16
13
2
4
1
9
11
10
10
3
-3
-6
-7
-3
9
1
1
3
8
6
11
15
12
3
-2
5
16
24
29
39
39
41
35
34
34
41
42
30
29
25
22
30
43
51
55
53
50
52
59
68
82
92
95
87
93
107
123
132
142
151
149
145
139
149
152
163
160
157
157
161
173
174
179
180
172
158
161
163
164
158
153
153
159
159
159
167
169
168
159
145
148
153
155
162
166
166
164
171
170
175
176
171
170
165
160
160
169
173
176
173
174
172
160
152
141
144
138
136
132
126
130
133
145
156
155
153
