-14
-18
-18
-17
-15
-14
-14
-18
-18
-14
-14
-13
-12
-10
-11
-11
-8
-12
-11
-10
-13
-12
-12
-13
-12
-13
-10
-10
-11
-15
-10
-10
-12
-11
-11
-9
-13
-14
-14
-13
-13
-17
-17
-19
-14
-11
-15
-9
-8
-13
-12
-13
-14
-16
-16
-12
-11
-8
-10
-10
-9
-11
-12
-10
-8
-11
-11
-12
-9
-8
-13
-15
-16
-12
-14
-17
-13
-15
-14
-18
-19
-20
-20
-17
-17
-16
-17
-16
-16
-20
-17
-19
-19
-17
-19
-17
-17
-20
-19
-17
-18
-20
-21
-18
-21
-20
-18
-19
-21
-21
-21
-19
-17
-18
-18
-19
-16
-20
-19
-19
-19
-16
-21
-20
-17
-18
-21
-19
-20
-24
-24
-20
-24
-24
-28
-26
-25
-25
-26
-26
-23
-26
-26
-27
-24
-23
-25
-31
-27
-26
-25
-23
-22
-21
-19
-23
-26
-20
-22
-21
-23
-20
-22
-24
-21
-21
-21
-18
-20
-20
-21
-21
-25
-25
-26
-29
-27
-29
-27
-26
-25
-26
-25
-27
-26
-25
-28
-29
-26
-25
-27
-25
-27
-26
-26
-26
-24
-28
-26
-24
-24
-25
-24
-22
-23
-24
-28
-27
-25
-26
-28
-27
-26
-26
-24
-20
-22
-25
-24
-23
-24
-26
-24
-23
-24
-24
-25
-27
-27
-26
-25
-24
-25
-23
-25
-19
-19
-23
-21
-21
-16
-19
-18
-21
-20
-19
-20
-17
-17
-19
-17
-16
-14
-16
-17
-16
-15
-17
-20
-18
-19
-19
-19
-15
-18
-16
-20
-18
-15
-16
-18
-18
-16
-17
-17
-17
-12
-14
-14
-15
-16
-13
-15
-14
-14
-14
-11
-14
-14
-14
-18
-13
-12
-14
-11
-9
-6
-8
-9
-6
-11
-12
-11
-9
-13
-11
-9
-5
-9
-11
-9
-11
-13
-13
-13
-13
-13
-14
-11
-9
-13
-14
-9
-11
-10
-7
-12
-11
-10
-9
-10
-10
-6
-4
-5
-3
-3
-4
-5
-8
-4
-7
-9
-5
-4
-5
-3
-1
-5
-5
-5
-5
-5
-8
-9
-5
-5
-6
-7
-7
-5
-13
-14
-11
-10
-10
-6
-10
-7
-7
-9
-9
-8
-11
-8
-7
-7
-8
-9
-9
-9
-7
-10
-10
-13
-10
-7
-8
-7
-10
-10
-10
-12
-12
-13
-13
-12
-12
-14
-14
-15
-13
-14
-12
-13
-12
-13
-12
-14
-13
-18
-17
-17
-20
-16
-18
-15
-18
-13
-14
-16
-19
-19
-17
-17
-15
-17
-17
-20
-18
-19
-16
-20
-19
-21
-22
-17
-20
-19
-21
-19
-22
-20
-20
-22
-22
-19
-18
-23
-23
-21
-22
-23
-24
-30
-28
-25
-28
-29
-29
-31
-27
-29
-29
-24
-26
-26
-32
-28
-28
-23
-24
-22
-22
-23
-18
-25
-25
-23
-23
-22
-22
-23
-26
-25
-24
-23
-22
-23
-26
-27
-26
-28
-27
-28
-31
-29
-29
-27
-31
-32
-27
-27
-29
-29
-27
-30
-31
-28
-28
-28
-28
-24
-25
-28
-28
-27
-27
-27
-26
-28
-24
-24
-29
-28
-28
-29
-31
-31
-30
-27
-29
-28
-27
-26
-26
-26
-23
-24
-25
-24
-25
-26
-26
-26
-23
-27
-27
-24
-25
-25
-27
-23
-23
-25
-22
-23
-22
-21
-24
-19
-21
-22
-22
-20
-18
-20
-21
-19
-17
-19
-18
-16
-18
-17
-18
-17
-20
-18
-18
-16
-19
-19
-16
-18
-18
-20
-18
-20
-18
-18
-19
-18
-20
-17
-17
-18
-18
-16
-16
-17
-17
-16
-17
-18
-17
-15
-14
-17
-12
-12
-13
-14
-12
-10
-9
-9
-7
-9
-9
-4
-6
-12
-10
-6
-8
-4
-1
-7
-5
-7
-13
-7
-9
-14
-9
-10
-11
-9
-9
-10
-10
-11
-11
-11
-9
-8
-11
-8
-9
-9
-9
-7
-7
-8
-4
-6
-2
0
-3
-4
-7
-4
-5
-7
-7
-6
-2
-6
-8
-5
-5
-6
-8
-7
-7
-7
-6
-4
-4
-7
-10
-11
-8
-4
-4
-4
-4
-8
-9
-6
-7
-9
-6
-5
-4
-4
-5
-7
-4
-6
-7
-7
-7
-7
-5
-4
-4
-5
-8
-9
-4
-8
-10
-8
-9
-9
-9
-12
-11
-11
-9
-10
-9
-9
-9
-11
-11
-9
-12
-11
-10
-9
-10
-10
-12
-11
-10
-12
-9
-10
-14
-10
-10
-15
-11
-9
-11
-9
-11
-14
-11
-12
-9
-10
-9
-12
-11
-10
-12
-11
-9
-11
-10
-8
-12
-13
-12
-11
-14
-12
-12
-14
-17
-17
-16
-19
-16
-18
-17
-18
-19
-18
-16
-14
-16
-21
-24
-18
-20
-17
-14
-16
-16
-13
-15
-15
-17
-17
-19
-17
-16
-18
-16
-20
-18
-17
-14
-17
-17
-19
-22
-22
-21
-23
-25
-23
-24
-24
-22
-23
-24
-21
-20
-23
-26
-26
-26
-25
-22
-21
-19
-19
-21
-23
-25
-21
-23
-20
-21
-22
-19
-17
-20
-22
-20
-22
-22
-21
-22
-25
-21
-20
-18
-17
-20
-18
-19
-20
-21
-21
-17
-16
-18
-18
-20
-20
-20
-21
-19
-17
-20
-20
-18
-17
-14
-18
-16
-13
-15
-14
-12
-12
-17
-16
-16
-15
-14
-15
-13
-13
-14
-13
-11
-10
-6
-9
-12
-9
-12
-13
-11
-13
-14
-12
-14
-13
-11
-9
-10
-9
-8
-11
-14
-12
-12
-11
-8
-10
-12
-10
-10
-11
-10
-10
-10
-11
-10
-10
-10
-11
-7
-6
-8
-3
-6
-3
-6
-3
-5
-8
-5
-4
-2
-3
-3
0
-1
-1
-2
-6
-6
-6
-5
-5
-6
-5
-5
-5
-3
-9
-10
-6
-4
-3
-2
-4
-6
-3
-5
-5
-4
-2
-1
-3
1
1
-2
0
-1
-4
-1
-1
-2
0
-2
0
3
0
-1
0
0
0
-1
1
4
3
0
0
4
1
-6
-3
-1
-2
0
2
-2
0
3
3
2
3
4
0
4
5
2
2
2
0
3
0
1
-2
0
2
3
1
1
-2
-1
0
0
0
-1
1
-5
-5
-6
-5
-5
-4
-5
-7
-5
-5
-7
-5
-8
-9
-6
-8
-10
-9
-8
-8
-4
-6
-5
-6
-8
-7
-9
-6
-6
-9
-8
-9
-9
-11
-9
-10
-10
-9
-9
-9
-9
-8
-10
-7
-9
-7
-9
-10
-6
-9
-7
-10
-7
-8
-8
-7
-12
-12
-10
-14
-13
-11
-11
-10
-14
-13
-11
-11
-14
-15
-15
-13
-12
-10
-10
-6
-6
-6
-7
-12
-6
-7
-8
-9
-8
-11
-10
-8
-7
-8
-7
-7
-7
-9
-9
-10
-10
-11
-13
-9
-9
-9
-8
-7
-8
-9
-7
-7
-10
-9
-12
-6
-3
-6
-8
-7
-6
-7
-5
-11
-8
-10
-8
-8
-4
-2
-7
-8
-10
-9
-12
-8
-10
-9
-7
-7
-7
-6
-8
-11
-8
-4
-8
-7
-6
-9
-9
-12
-11
-11
-11
-12
-10
-6
-6
-5
-5
-2
-3
-2
-6
-5
-3
-4
-4
-5
-6
-4
-2
-3
-5
-4
-3
-2
-3
-1
-5
-1
-1
-1
2
-1
-1
0
-1
0
1
0
-3
-3
-2
-2
-1
-1
3
-1
0
-2
-1
2
0
1
-1
0
0
2
1
1
2
5
3
2
3
2
5
4
5
5
4
6
7
9
7
5
8
6
7
6
7
12
9
5
8
6
5
6
5
3
5
5
7
9
8
7
8
9
10
8
6
4
5
6
6
6
6
9
11
11
11
11
9
8
8
7
8
9
9
6
8
9
11
8
8
8
7
10
5
9
9
9
10
10
8
5
6
3
9
10
9
9
9
10
8
9
9
8
9
7
7
7
3
6
9
7
8
6
4
6
7
9
8
7
0
3
2
4
4
3
2
0
1
2
2
1
1
1
2
2
0
1
-1
1
0
0
-1
-2
-2
-4
0
0
-2
-1
-1
-5
-4
-6
-3
-3
-2
-3
-1
-2
-2
-3
-3
-3
-3
-4
-4
-2
-4
-3
-6
-4
0
-4
-3
-3
-5
-4
-7
-8
-6
-5
-8
-8
-11
-13
-10
-11
-12
-10
-10
-12
-12
-7
-10
-10
-8
-19
-15
-13
-15
-8
-8
-6
-4
-9
-9
-12
-9
-9
-10
-9
-10
-11
-11
-12
-11
-12
-16
-13
-13
-16
-14
-14
-17
-19
-18
-18
-18
-16
-15
-14
-13
-13
-15
-18
-18
-17
-16
-14
-15
-15
-12
-11
-14
-15
-16
-16
-13
-16
-14
-10
-10
-12
-11
-12
-15
-14
-16
-16
-17
-16
-14
-12
-9
-9
-14
-15
-14
-12
-12
-13
-13
-14
-14
-15
-12
-14
-18
-14
-14
-12
-14
-13
-11
-11
-10
-11
-9
-10
-10
-7
-9
-10
-13
-9
-10
-12
-8
-12
-11
-10
-9
-9
-8
-10
-6
-8
-9
-13
-12
-8
-11
-12
-12
-11
-12
-8
-12
-9
-8
-9
-9
-8
-6
-10
-9
-7
-7
-9
-9
-10
-9
-6
-5
-8
-6
-5
-4
-4
-3
-2
0
-1
0
0
4
3
2
3
2
3
0
0
0
1
0
8
3
-1
2
1
0
-3
-4
-5
-6
-1
-1
-2
0
-1
-2
2
1
-1
2
1
1
0
1
3
5
5
7
8
9
7
7
6
4
2
5
5
3
3
6
7
5
6
2
5
4
5
1
3
5
-1
1
1
5
-1
-5
-2
-1
0
4
3
2
-1
1
1
-3
-1
-5
1
3
3
0
0
0
1
3
0
3
-2
1
4
1
-2
-3
1
-2
0
-2
-3
-3
-3
-2
-2
-2
-3
-1
0
0
-2
-2
0
-1
-3
-1
-2
-3
-5
-2
-2
-5
-3
-2
-1
-2
-4
-5
-2
-1
0
-1
-2
-3
-3
-6
-7
-5
-6
-3
-4
-6
-5
-5
-6
-7
-5
-5
-4
-5
-4
-6
-2
-5
-5
-6
-8
-8
-12
-11
-13
-10
-12
-12
-11
-11
-15
-15
-10
-13
-13
-14
-20
-21
-19
-15
-11
-10
-10
-12
-9
-14
-14
-9
-11
-13
-9
-14
-12
-13
-11
-12
-8
-10
-13
-10
-14
-15
-16
-17
-19
-18
-16
-17
-15
-16
-17
-15
-15
-15
-17
-19
-16
-17
-16
-14
-17
-15
-15
-16
-19
-15
-16
-22
-18
-18
-17
-12
-12
-14
-15
-18
-15
-16
-16
-16
-14
-14
-14
-13
-12
-16
-17
-10
-14
-17
-15
-17
-16
-16
-15
-13
-16
-16
-17
-13
-13
-16
-14
-13
-14
-14
-15
-12
-11
-12
-8
-12
-15
-13
-11
-14
-12
-12
-11
-8
-8
-9
-9
-11
-13
-10
-12
-12
-11
-13
-14
-13
-11
-7
-11
-12
-8
-10
-12
-9
-11
-9
-13
-12
-12
-12
-11
-12
-12
-11
-13
-13
-13
-12
-11
-12
-13
-10
-9
-13
-12
-10
-8
-8
-7
-6
-2
-4
-5
-3
-7
-4
-7
-6
-4
-3
2
-5
-3
-5
-8
-6
-6
-6
-8
-6
-6
-1
1
-5
-6
-7
-4
-6
-6
-7
-8
-6
-4
-5
-2
-1
-3
-3
-2
-1
-2
-3
-5
-4
-3
-2
-3
-5
-3
0
-1
3
0
-1
0
-2
-2
-6
-2
-3
-1
-1
-1
-3
-9
-7
-9
-6
-3
-3
-1
-4
-5
-3
-3
-6
-5
-7
-5
-4
-6
-9
-7
-6
-8
-5
-7
-7
-6
-5
-8
-8
-7
-8
-8
-9
-9
-11
-10
-6
-9
-8
-10
-12
-13
-10
-11
-10
-10
-9
-9
-12
-12
-14
-13
-13
-17
-15
-14
-13
-13
-14
-14
-14
-17
-17
-17
-16
-16
-19
-18
-19
-17
-20
-18
-20
-21
-17
-20
-20
-20
-16
-16
-15
-17
-17
-18
-20
-22
-22
-19
-21
-18
-20
-20
-18
-22
-24
-26
-24
-28
-27
-26
-25
-26
-27
-24
-24
-25
-29
-31
-26
-31
-26
-23
-26
-26
-21
-21
-24
-23
-26
-22
-27
-25
-29
-31
-26
-25
-23
-26
-27
-25
-27
-27
-30
-31
-29
-30
-27
-30
-32
-31
-31
-32
-32
-31
-32
-30
-31
-32
-30
-27
-28
-26
-27
-30
-25
-27
-28
-30
-28
-30
-28
-25
-24
-23
-26
-26
-27
-27
-23
-26
-27
-27
-28
-25
-23
-24
-30
-27
-25
-27
-26
-25
-27
-24
-25
-28
-27
-28
-25
-25
-25
-23
-21
-23
-23
-22
-21
-22
-17
-17
-19
-17
-20
-20
-18
-19
-19
-17
-18
-19
-15
-16
-15
-17
-16
-16
-17
-19
-16
-19
-19
-16
-17
-15
-13
-19
-16
-14
-16
-15
-16
-16
-17
-15
-17
-17
-17
-16
-15
-17
-15
-17
-18
-15
-13
-17
-16
-14
-14
-11
-9
-12
-10
-10
-5
-5
-5
-7
-7
-5
-6
-7
-6
-8
-8
-8
-5
0
-6
-1
-5
-9
-11
-11
-11
-15
-11
-8
-8
-9
-8
-8
-8
-7
-10
-7
-9
-10
-8
-6
-6
-6
-6
-4
-5
-1
-5
-6
-6
-9
-8
-8
-8
-10
-10
-8
-5
-5
-5
-10
-8
-9
-6
-6
-9
-9
-9
-8
-11
-7
-9
-15
-13
-9
-9
-12
-11
-13
-9
-11
-8
-7
-10
-10
-11
-8
-7
-9
-12
-9
-9
-9
-9
-7
-9
-9
-7
-6
-7
-10
-10
-11
-9
-11
-12
-10
-12
-12
-10
-8
-15
-13
-11
-14
-11
-15
-12
-12
-13
-15
-14
-12
-16
-16
-15
-16
-14
-15
-15
-14
-15
-16
-17
-17
-16
-16
-14
-17
-14
-15
-16
-16
-19
-15
-17
-17
-17
-14
-14
-15
-15
-17
-16
-16
-18
-17
-15
-17
-14
-18
-19
-16
-18
-19
-21
-22
-21
-20
-18
-21
-21
-20
-25
-21
-19
-19
-24
-26
-23
-24
-18
-19
-17
-16
-18
-19
-18
-19
-22
-17
-17
-17
-18
-18
-19
-20
-17
-18
-20
-16
-17
-18
-21
-20
-19
-20
-19
-19
-21
-20
-23
-20
-21
-22
-19
-23
-22
-20
-19
-19
-18
-15
-16
-18
-19
-19
-20
-19
-20
-18
-17
-11
-11
-18
-18
-20
-17
-17
-18
-18
-16
-16
-15
-13
-13
-15
-14
-16
-13
-11
-12
-12
-13
-14
-14
-12
-12
-13
-13
-14
-9
-8
-11
-6
-6
-7
-10
-10
-8
-8
-6
-7
-8
-9
-8
-8
-7
-7
-6
-6
-3
-5
-5
-4
-4
-3
-4
-8
-6
-5
-6
-8
-6
-5
-6
-7
-7
-3
-5
-4
-5
-2
-5
-6
-3
-5
-7
-6
-6
-9
-4
-6
-7
-7
-5
-6
-7
-4
-1
-1
-4
-6
-3
-5
-5
-2
-1
-1
-1
-1
-2
-2
-6
-1
0
-3
3
2
-3
-4
-3
-5
-5
-7
-4
-5
-6
-2
-1
1
-6
-3
-5
-5
-2
-6
-5
-5
-3
-3
-1
0
0
4
-1
-2
-2
-1
-4
-3
-1
-1
0
0
2
2
2
2
3
1
1
1
1
-2
1
-1
0
-1
-1
0
-3
-6
-7
-5
1
0
0
0
0
1
0
-1
0
0
0
0
3
1
-1
1
2
1
2
1
2
3
5
3
2
0
-3
0
-2
-3
-5
-5
-3
-4
-5
-3
-4
-3
-3
-1
-1
-1
-1
0
-1
-5
-2
-3
-2
0
0
0
-1
0
3
0
0
-2
0
1
1
-1
-2
-4
-3
0
-1
-2
1
0
1
-1
-3
3
-1
1
1
1
2
1
1
-1
0
0
1
0
0
-3
-2
-4
-4
-6
-6
-4
-4
-3
-5
-4
-3
-3
-4
0
-8
-7
-1
-4
-2
1
2
3
5
3
0
2
1
1
5
3
2
2
3
6
6
4
5
3
2
2
3
0
0
1
3
3
1
5
3
6
5
4
6
2
6
6
13
10
14
19
19
23
31
51
78
111
134
167
215
267
317
359
406
448
481
510
520
533
533
509
472
418
375
317
241
165
83
12
-50
-122
-185
-242
-288
-328
-374
-399
-421
-438
-471
-498
-513
-531
-561
-597
-647
-680
-702
-721
-730
-742
-727
-703
-657
-583
-504
-407
-299
-191
-62
55
182
300
402
488
541
594
634
654
648
612
577
544
495
438
374
321
279
223
175
137
119
99
62
36
12
-1
-26
-62
-93
-123
-143
-156
-171
-167
-162
-145
-109
-58
15
95
193
304
414
530
628
729
817
864
891
874
849
801
695
567
416
252
76
-125
-319
-509
-691
-854
-1027
-1161
-1275
-1360
-1438
-1495
-1491
-1442
-1360
-1300
-1212
-1097
-929
-762
-628
-484
-328
-167
-26
83
207
347
459
534
562
644
747
819
836
832
862
917
932
905
866
854
835
741
646
562
504
403
250
106
-3
-93
-213
-362
-467
-536
-612
-680
-733
-731
-722
-726
-710
-660
-569
-478
-396
-273
-115
49
211
366
554
732
882
1006
1130
1257
1333
1342
1326
1308
1273
1184
1030
875
717
544
340
126
-66
-248
-446
-646
-826
-976
-1110
-1261
-1403
-1533
-1626
-1687
-1719
-1707
-1690
-1666
-1596
-1469
-1295
-1134
-966
-767
-554
-323
-128
79
313
533
695
789
902
1057
1173
1210
1193
1188
1227
1221
1160
1069
1006
965
863
730
626
557
485
348
201
97
22
-58
-189
-319
-422
-500
-586
-671
-731
-759
-789
-804
-780
-696
-587
-471
-325
-151
49
255
465
676
879
1034
1151
1240
1330
1365
1326
1230
1123
1003
842
641
415
204
-2
-238
-462
-656
-828
-987
-1176
-1319
-1432
-1473
-1486
-1503
-1506
-1482
-1420
-1331
-1217
-1107
-996
-881
-743
-607
-452
-307
-148
4
136
248
370
535
687
785
845
913
1013
1110
1144
1140
1125
1136
1109
1028
939
867
785
647
481
337
238
136
-10
-174
-284
-355
-427
-506
-568
-593
-604
-592
-561
-499
-400
-308
-209
-67
75
232
379
525
665
763
859
929
999
1041
1011
945
879
816
718
557
392
229
67
-110
-332
-522
-689
-865
-1069
-1272
-1411
-1478
-1538
-1574
-1621
-1609
-1531
-1421
-1277
-1162
-1004
-829
-653
-467
-297
-124
65
211
326
393
489
633
732
780
767
803
896
958
963
931
937
985
973
920
857
838
816
696
554
437
367
273
101
-86
-219
-309
-402
-529
-623
-662
-669
-657
-627
-530
-416
-278
-128
37
236
415
590
757
896
1006
1068
1123
1164
1143
1074
949
853
754
589
387
184
23
-130
-334
-545
-726
-874
-1017
-1226
-1398
-1515
-1559
-1602
-1672
-1694
-1676
-1595
-1499
-1389
-1256
-1094
-910
-715
-527
-323
-120
88
279
425
542
652
803
927
980
985
1007
1074
1132
1104
1046
1016
1029
1005
905
819
767
728
616
455
325
257
176
23
-165
-293
-376
-458
-577
-697
-740
-758
-729
-703
-613
-483
-344
-164
20
243
461
669
884
1041
1174
1282
1350
1419
1399
1307
1170
1040
938
734
484
243
18
-171
-416
-679
-889
-1073
-1220
-1434
-1618
-1708
-1754
-1777
-1830
-1841
-1797
-1715
-1618
-1506
-1380
-1216
-1035
-840
-638
-429
-210
-6
203
386
524
651
808
971
1065
1094
1126
1206
1277
1278
1214
1161
1160
1143
1032
898
805
754
644
456
287
185
108
-39
-234
-379
-452
-515
-632
-758
-797
-756
-721
-699
-655
-533
-357
-189
-16
167
394
630
815
977
1129
1266
1363
1399
1392
1336
1251
1158
1007
811
581
343
123
-123
-389
-665
-926
-1133
-1332
-1557
-1736
-1879
-1929
-1966
-1992
-1963
-1927
-1812
-1701
-1567
-1403
-1239
-1021
-816
-629
-408
-206
20
225
382
524
631
797
945
1029
1082
1117
1196
1270
1279
1259
1227
1233
1218
1105
992
896
833
709
516
345
230
139
-10
-216
-384
-483
-563
-669
-784
-808
-772
-727
-691
-627
-472
-270
-83
95
270
502
737
919
1068
1183
1291
1353
1356
1323
1242
1142
1000
809
596
362
127
-119
-390
-664
-932
-1172
-1362
-1560
-1747
-1917
-1987
-1992
-1979
-1961
-1939
-1837
-1684
-1509
-1358
-1194
-965
-741
-545
-360
-164
75
274
404
487
594
769
908
979
1018
1065
1160
1238
1249
1240
1232
1248
1224
1139
1061
988
911
785
601
429
295
179
21
-180
-345
-464
-545
-623
-702
-722
-693
-619
-539
-423
-258
-74
125
294
472
662
847
1001
1085
1144
1174
1174
1162
1074
943
793
616
434
213
-18
-263
-521
-771
-1035
-1274
-1474
-1657
-1820
-1943
-2000
-1981
-1937
-1890
-1810
-1690
-1494
-1311
-1130
-916
-712
-484
-287
-118
87
282
439
514
575
702
826
900
917
932
1003
1081
1103
1092
1098
1145
1152
1089
1032
1001
976
881
718
564
454
343
175
-28
-189
-287
-380
-473
-560
-585
-545
-505
-447
-332
-155
38
207
367
548
736
915
1028
1080
1127
1132
1096
1019
894
735
531
306
68
-190
-445
-720
-1008
-1261
-1505
-1709
-1888
-2000
-2035
-2055
-1999
-1941
-1821
-1645
-1453
-1243
-1069
-853
-622
-421
-221
-68
89
266
391
479
513
588
703
761
787
796
854
964
1019
1022
1020
1061
1132
1107
1039
978
950
912
766
591
451
335
194
-26
-239
-372
-451
-518
-619
-677
-625
-526
-403
-280
-110
112
326
531
708
875
1048
1172
1222
1219
1183
1136
1038
883
674
419
180
-60
-328
-628
-940
-1221
-1466
-1695
-1902
-2089
-2157
-2161
-2146
-2100
-2052
-1889
-1698
-1483
-1311
-1147
-881
-638
-421
-235
-74
139
334
462
531
585
734
852
888
908
922
1012
1113
1132
1115
1104
1167
1199
1137
1066
994
963
889
722
544
400
291
139
-81
-269
-392
-459
-532
-639
-678
-621
-521
-398
-279
-106
117
338
550
718
897
1080
1199
1252
1249
1213
1164
1053
889
652
396
150
-137
-435
-766
-1117
-1410
-1679
-1921
-2142
-2281
-2305
-2303
-2228
-2187
-2077
-1851
-1597
-1369
-1196
-958
-678
-432
-216
-64
105
314
462
521
542
645
782
839
849
855
931
1067
1126
1121
1125
1191
1271
1251
1195
1137
1097
1051
893
703
553
414
253
28
-200
-352
-440
-517
-615
-673
-619
-527
-380
-223
-60
164
394
623
806
971
1135
1240
1296
1284
1211
1141
1019
829
570
281
10
-284
-592
-940
-1307
-1591
-1830
-2052
-2257
-2356
-2365
-2312
-2228
-2165
-2009
-1766
-1476
-1266
-1093
-835
-560
-313
-122
11
189
384
517
554
579
709
835
885
887
900
1013
1151
1187
1181
1177
1256
1316
1270
1200
1124
1088
1009
828
646
501
364
188
-44
-236
-362
-442
-502
-579
-582
-485
-349
-195
-37
150
374
590
795
953
1077
1194
1256
1246
1194
1095
967
789
550
273
-36
-339
-652
-1003
-1369
-1691
-1963
-2176
-2377
-2452
-2478
-2409
-2308
-2229
-2044
-1798
-1483
-1241
-1026
-745
-476
-208
0
153
342
503
604
631
659
783
868
882
872
888
1004
1115
1138
1142
1170
1269
1305
1260
1216
1172
1148
1032
840
678
540
395
170
-77
-230
-342
-411
-492
-578
-540
-441
-317
-173
-15
205
401
608
792
932
1091
1185
1221
1192
1123
1034
891
690
435
116
-189
-516
-868
-1233
-1598
-1907
-2166
-2397
-2525
-2575
-2545
-2440
-2373
-2211
-1989
-1672
-1357
-1136
-860
-575
-290
-27
140
317
487
606
663
652
733
845
872
861
829
899
1032
1095
1117
1125
1207
1303
1305
1273
1233
1214
1168
995
810
661
525
347
86
-152
-301
-393
-468
-569
-611
-545
-426
-268
-114
85
321
546
759
927
1087
1231
1313
1304
1224
1113
977
784
507
158
-223
-597
-978
-1379
-1768
-2129
-2399
-2646
-2784
-2815
-2790
-2642
-2544
-2347
-2088
-1755
-1383
-1121
-817
-523
-261
16
193
359
519
600
644
620
675
790
795
796
777
833
994
1071
1129
1165
1248
1372
1373
1360
1338
1311
1259
1065
852
685
516
306
7
-248
-410
-511
-588
-677
-698
-590
-440
-293
-98
134
395
635
831
1002
1155
1288
1349
1288
1188
1052
872
632
312
-61
-461
-862
-1272
-1675
-2051
-2357
-2621
-2823
-2866
-2889
-2779
-2652
-2504
-2247
-1966
-1595
-1286
-992
-655
-407
-149
83
244
425
525
577
583
589
696
740
743
761
768
890
1021
1080
1156
1214
1336
1401
1394
1399
1360
1329
1207
992
797
621
422
184
-111
-336
-490
-581
-658
-751
-712
-598
-441
-260
-57
199
468
712
906
1066
1231
1352
1364
1296
1166
1009
802
511
146
-280
-698
-1130
-1564
-1963
-2333
-2609
-2862
-2981
-2996
-2948
-2796
-2666
-2438
-2148
-1807
-1441
-1140
-802
-490
-245
3
167
336
484
526
529
496
545
624
623
620
621
693
852
940
1021
1102
1215
1357
1384
1401
1402
1388
1335
1145
930
750
567
353
49
-232
-414
-540
-613
-720
-747
-650
-494
-305
-126
106
385
647
858
1014
1150
1283
1334
1274
1127
948
744
447
84
-373
-818
-1263
-1710
-2110
-2505
-2791
-3041
-3129
-3140
-3080
-2917
-2744
-2473
-2135
-1759
-1397
-1062
-678
-333
-93
148
311
495
621
642
601
554
616
661
625
574
591
677
825
883
951
1052
1194
1330
1334
1359
1365
1387
1313
1110
897
741
554
313
4
-283
-455
-571
-648
-771
-781
-663
-500
-322
-126
114
416
702
913
1069
1211
1368
1415
1347
1187
990
775
483
83
-401
-874
-1326
-1761
-2188
-2571
-2882
-3071
-3111
-3121
-3019
-2858
-2625
-2301
-1943
-1556
-1216
-833
-424
-133
103
309
471
661
729
710
624
616
692
678
627
586
633
771
894
936
1034
1169
1362
1451
1454
1489
1508
1536
1397
1163
957
797
593
301
-36
-300
-450
-558
-670
-782
-727
-581
-394
-208
1
278
598
876
1059
1204
1354
1479
1462
1345
1144
917
657
292
-186
-705
-1177
-1647
-2070
-2501
-2844
-3123
-3184
-3183
-3132
-2964
-2772
-2425
-2064
-1665
-1309
-946
-516
-145
93
332
474
670
783
766
681
593
664
663
613
528
544
643
822
872
945
1085
1262
1452
1455
1517
1520
1589
1526
1310
1071
887
697
423
82
-245
-442
-568
-645
-807
-812
-688
-487
-282
-67
196
494
835
1058
1201
1340
1488
1523
1441
1239
1003
734
400
-46
-623
-1126
-1612
-2037
-2458
-2842
-3137
-3218
-3186
-3125
-2989
-2785
-2425
-2023
-1586
-1219
-861
-406
7
246
482
609
816
930
928
826
691
768
755
701
579
582
656
845
905
967
1109
1301
1531
1543
1623
1617
1709
1673
1486
1241
1058
887
635
300
-68
-286
-447
-514
-701
-741
-665
-483
-277
-82
159
455
809
1065
1215
1351
1517
1580
1543
1345
1087
811
503
43
-540
-1108
-1599
-2069
-2487
-2892
-3231
-3273
-3266
-3156
-3039
-2812
-2417
-1973
-1502
-1108
-755
-235
178
447
692
784
1015
1077
1086
920
803
838
813
710
582
565
627
836
846
962
1054
1316
1520
1565
1655
1653
1770
1726
1559
1300
1127
919
670
304
-53
-292
-459
-533
-737
-763
-666
-454
-234
-8
241
558
917
1190
1352
1462
1624
1642
1588
1337
1051
728
347
-166
-802
-1398
-1915
-2367
-2811
-3210
-3460
-3434
-3371
-3213
-3051
-2748
-2274
-1773
-1296
-918
-498
22
366
640
789
917
1095
1085
1020
791
746
732
681
524
442
453
603
761
786
945
1076
1393
1503
1601
1647
1688
1754
1628
1419
1161
981
709
412
-2
-279
-500
-609
-734
-874
-810
-665
-403
-178
87
376
727
1039
1272
1393
1521
1594
1536
1370
1053
744
352
-123
-730
-1375
-1944
-2442
-2866
-3289
-3587
-3652
-3591
-3424
-3240
-2941
-2494
-1951
-1445
-1015
-596
-83
315
620
811
904
1067
1078
1033
828
722
668
606
481
372
361
464
633
692
849
993
1282
1457
1566
1645
1686
1763
1673
1495
1248
1047
780
506
112
-205
-445
-607
-703
-839
-794
-680
-438
-192
78
375
728
1045
1318
1474
1586
1688
1630
1503
1178
845
438
-75
-657
-1332
-1941
-2473
-2921
-3348
-3622
-3719
-3663
-3507
-3298
-2972
-2545
-1936
-1441
-944
-506
35
429
779
986
1091
1239
1225
1187
932
876
737
682
506
411
383
470
647
672
862
983
1304
1452
1616
1674
1747
1811
1706
1552
1285
1116
791
524
101
-193
-433
-583
-704
-846
-782
-652
-379
-138
165
458
848
1167
1438
1604
1729
1814
1727
1564
1223
882
446
-116
-778
-1476
-2092
-2630
-3115
-3558
-3812
-3891
-3788
-3609
-3368
-3002
-2490
-1897
-1370
-873
-367
176
558
920
1059
1235
1328
1344
1217
1006
922
793
718
519
463
415
567
654
762
920
1104
1407
1538
1699
1721
1849
1845
1744
1538
1299
1072
758
454
7
-276
-557
-679
-839
-921
-864
-713
-439
-194
124
449
847
1157
1434
1568
1709
1761
1695
1476
1115
744
239
-324
-1019
-1691
-2338
-2852
-3361
-3756
-3945
-3987
-3849
-3674
-3384
-2997
-2425
-1856
-1326
-844
-289
180
574
893
1029
1220
1251
1256
1053
925
809
700
550
396
334
347
516
554
722
844
1117
1351
1525
1665
1721
1838
1784
1680
1447
1246
937
630
237
-140
-406
-636
-768
-938
-935
-856
-622
-350
-68
255
630
998
1297
1544
1685
1785
1779
1641
1339
978
555
-4
-653
-1366
-2027
-2622
-3094
-3568
-3855
-3956
-3936
-3756
-3563
-3211
-2734
-2152
-1612
-1115
-595
-22
373
781
990
1174
1307
1331
1263
1062
1000
876
788
595
536
474
602
689
773
950
1103
1418
1552
1745
1796
1915
1944
1842
1667
1436
1208
864
558
107
-206
-512
-663
-854
-960
-906
-787
-513
-252
85
416
823
1188
1476
1671
1828
1918
1877
1694
1368
1011
552
-14
-696
-1393
-2023
-2580
-3066
-3530
-3737
-3816
-3737
-3563
-3348
-2955
-2449
-1870
-1370
-899
-352
147
535
881
1038
1226
1298
1301
1156
1001
915
815
682
538
478
475
641
694
859
997
1233
1499
1658
1827
1878
2005
1981
1873
1657
1449
1154
837
465
47
-267
-549
-699
-923
-978
-932
-758
-494
-228
103
444
848
1191
1467
1644
1813
1872
1808
1593
1258
907
415
-151
-851
-1512
-2124
-2665
-3147
-3592
-3745
-3805
-3698
-3526
-3302
-2892
-2367
-1824
-1327
-859
-312
162
525
850
977
1170
1218
1201
1034
911
806
723
581
452
411
426
616
647
844
975
1244
1500
1667
1819
1880
2006
1960
1865
1633
1441
1130
848
446
52
-243
-516
-661
-886
-894
-860
-646
-389
-120
215
585
996
1318
1589
1775
1914
1967
1892
1645
1330
973
466
-114
-802
-1465
-2051
-2596
-3059
-3512
-3658
-3697
-3633
-3435
-3240
-2861
-2351
-1823
-1345
-891
-377
117
452
798
928
1107
1206
1184
1059
912
843
761
659
508
477
471
673
725
881
1038
1234
1533
1667
1821
1855
1981
1957
1846
1624
1412
1129
822
460
3
-262
-574
-700
-924
-994
-960
-780
-511
-274
46
397
802
1130
1430
1574
1761
1826
1781
1564
1259
936
463
-84
-767
-1457
-2059
-2622
-3146
-3617
-3933
-3963
-3953
-3784
-3586
-3308
-2801
-2306
-1812
-1356
-900
-362
-1
343
543
684
862
876
809
652
570
507
466
305
261
230
382
530
603
817
945
1259
1437
1587
1660
1736
1787
1702
1519
1273
1056
739
457
-16
-325
-616
-802
-933
-1084
-1049
-938
-647
-394
-82
260
674
1031
1365
1584
1742
1899
1886
1778
1482
1170
769
263
-334
-1018
-1638
-2173
-2656
-3104
-3482
-3624
-3608
-3517
-3329
-3123
-2777
-2264
-1792
-1332
-919
-451
45
335
668
773
972
1086
1080
981
833
801
747
706
536
534
532
743
810
925
1090
1242
1550
1643
1780
1789
1900
1886
1775
1556
1331
1098
799
484
26
-227
-510
-618
-809
-904
-854
-686
-400
-178
129
458
877
1205
1492
1655
1831
1928
1882
1710
1386
1073
621
116
-561
-1225
-1813
-2342
-2819
-3272
-3646
-3743
-3705
-3644
-3460
-3282
-2882
-2431
-1945
-1502
-1099
-597
-125
162
470
608
829
960
936
855
710
732
694
633
499
476
510
711
775
875
1041
1200
1485
1553
1685
1694
1785
1782
1618
1394
1157
933
621
266
-216
-479
-760
-894
-1100
-1209
-1164
-1006
-729
-526
-235
108
508
813
1098
1261
1445
1525
1492
1287
977
660
226
-309
-990
-1649
-2246
-2749
-3247
-3678
-4057
-4120
-4090
-4010
-3814
-3622
-3204
-2735
-2237
-1796
-1351
-820
-320
-15
309
453
703
859
853
777
654
692
662
615
473
470
509
729
781
894
1059
1230
1527
1589
1729
1744
1872
1860
1717
1495
1285
1081
797
459
14
-201
-463
-553
-737
-814
-737
-547
-262
-44
278
636
1047
1381
1681
1845
2054
2170
2138
1965
1678
1387
967
468
-192
-860
-1449
-1968
-2492
-2950
-3349
-3560
-3519
-3512
-3375
-3192
-2865
-2437
-1993
-1543
-1135
-703
-165
124
405
615
780
1007
1006
1004
837
868
863
853
731
699
727
873
1043
1041
1250
1350
1635
1727
1824
1869
1895
1973
1805
1617
1337
1175
864
576
125
-186
-403
-571
-685
-853
-789
-689
-379
-147
136
476
887
1258
1544
1781
1956
2129
2165
2065
1803
1540
1209
775
215
-447
-1048
-1585
-2078
-2572
-2977
-3306
-3368
-3321
-3265
-3101
-2883
-2529
-2111
-1706
-1298
-910
-454
10
223
517
651
901
1015
1015
912
798
853
817
788
621
648
653
859
879
931
1085
1203
1443
1441
1548
1516
1607
1551
1370
1122
893
708
387
77
-401
-617
-854
-988
-1146
-1257
-1170
-1002
-710
-495
-176
171
626
917
1238
1425
1617
1793
1737
1639
1324
1114
731
285
-343
-973
-1578
-2087
-2602
-3140
-3476
-3850
-3848
-3860
-3799
-3646
-3431
-3063
-2713
-2278
-1877
-1455
-1024
-546
-344
-19
188
427
626
601
628
545
684
678
690
596
648
713
901
987
1017
1230
1319
1557
1547
1635
1619
1657
1624
1394
1187
953
794
465
160
-275
-505
-676
-811
-965
-1059
-952
-842
-528
-326
-29
319
740
1068
1316
1595
1783
1963
1977
1895
1653
1489
1192
785
250
-352
-870
-1417
-1865
-2411
-2787
-3091
-3270
-3267
-3248
-3160
-2952
-2697
-2443
-2080
-1719
-1275
-940
-501
-186
39
388
574
827
885
953
927
1004
1061
1094
1071
1051
1136
1177
1379
1346
1500
1587
1700
1784
1788
1854
1803
1823
1663
1492
1260
1129
860
568
227
-121
-302
-514
-632
-839
-835
-807
-661
-440
-237
47
358
725
972
1252
1493
1690
1799
1796
1700
1518
1364
1048
645
107
-422
-951
-1458
-1947
-2472
-2824
-3147
-3378
-3410
-3393
-3315
-3129
-2927
-2675
-2317
-1902
-1501
-1180
-784
-427
-188
182
357
606
716
791
826
854
971
986
1015
975
1044
1095
1299
1310
1403
1518
1589
1738
1749
1850
1796
1826
1735
1580
1412
1261
1055
769
495
154
-17
-228
-333
-520
-561
-535
-426
-199
-14
249
516
870
1142
1425
1664
1859
1995
2036
1993
1853
1718
1456
1093
616
104
-399
-917
-1421
-1967
-2377
-2699
-2973
-3157
-3149
-3163
-3057
-2903
-2744
-2460
-2091
-1704
-1388
-1072
-636
-333
-9
284
447
710
803
927
919
1028
1083
1125
1103
1088
1137
1234
1379
1319
1457
1476
1612
1679
1702
1723
1661
1699
1546
1429
1237
1109
845
612
289
6
-184
-422
-539
-767
-778
-801
-658
-493
-317
-80
212
530
815
1099
1287
1518
1622
1728
1634
1551
1411
1137
792
316
-155
-664
-1166
-1761
-2266
-2736
-3033
-3345
-3580
-3593
-3628
-3466
-3340
-3159
-2878
-2485
-2105
-1753
-1452
-989
-631
-321
8
134
451
562
712
700
768
853
927
935
909
983
1049
1249
1193
1356
1389
1530
1649
1660
1715
1649
1707
1581
1468
1252
1108
844
598
287
-49
-269
-554
-682
-909
-982
-1030
-920
-776
-613
-379
-110
232
536
868
1072
1340
1548
1692
1688
1642
1571
1386
1135
726
300
-175
-652
-1220
-1778
-2274
-2648
-2958
-3269
-3445
-3423
-3328
-3183
-3013
-2803
-2469
-2065
-1687
-1370
-1045
-602
-263
12
269
446
727
842
953
943
1043
1160
1247
1290
1307
1421
1540
1724
1725
1858
1931
2069
2166
2174
2193
2125
2146
1996
1835
1596
1411
1134
850
516
156
-81
-354
-487
-727
-806
-843
-716
-531
-365
-122
177
562
884
1216
1441
1747
1935
2078
2054
1983
1938
1737
1453
1007
578
107
-361
-945
-1487
-1971
-2316
-2618
-2932
-3112
-3113
-3026
-2922
-2794
-2623
-2321
-1982
-1650
-1388
-1110
-729
-404
-174
75
217
507
668
789
833
906
1079
1188
1268
1286
1417
1526
1727
1756
1856
1933
2013
2127
2079
2080
1963
1936
1794
1601
1338
1103
864
576
286
-100
-324
-588
-710
-893
-1004
-1010
-900
-719
-581
-340
-82
309
589
906
1122
1366
1625
1735
1787
1720
1698
1557
1343
981
623
217
-205
-708
-1270
-1714
-2133
-2465
-2820
-3142
-3354
-3325
-3344
-3315
-3259
-3149
-2910
-2668
-2392
-2169
-1924
-1514
-1236
-990
-712
-499
-156
26
199
268
433
635
795
845
887
990
1122
1325
1286
1374
1389
1496
1549
1500
1475
1380
1397
1268
1097
854
736
529
323
24
-283
-442
-636
-728
-950
-1022
-1019
-891
-766
-631
-439
-156
199
454
774
999
1339
1574
1762
1821
1851
1910
1829
1649
1316
1020
635
257
-275
-811
-1309
-1742
-2106
-2521
-2834
-3132
-3150
-3157
-3178
-3107
-2995
-2776
-2520
-2228
-1968
-1681
-1302
-878
-677
-346
-107
227
496
650
768
846
1079
1206
1316
1273
1371
1427
1613
1614
1592
1679
1702
1816
1727
1725
1623
1630
1557
1376
1138
967
832
554
307
-86
-286
-519
-686
-912
-1103
-1139
-1096
-989
-917
-728
-495
-122
165
478
791
1104
1460
1655
1820
1872
1956
1956
1842
1586
1268
937
527
60
-549
-1081
-1608
-2033
-2449
-2856
-3141
-3380
-3430
-3409
-3423
-3321
-3187
-2995
-2759
-2490
-2209
-1898
-1550
-1148
-921
-638
-325
-45
264
397
554
653
873
1042
1144
1168
1257
1367
1494
1568
1525
1630
1645
1715
1663
1614
1573
1516
1469
1262
1074
905
812
572
347
58
-140
-287
-452
-610
-789
-797
-786
-652
-583
-409
-158
158
470
754
1087
1411
1747
2019
2187
2297
2438
2497
2448
2271
2035
1779
1454
1060
548
3
-476
-932
-1399
-1812
-2203
-2437
-2652
-2781
-2766
-2771
-2636
-2534
-2420
-2242
-1984
-1713
-1400
-1188
-826
-582
-306
38
252
587
724
930
1021
1208
1351
1483
1511
1551
1632
1662
1787
1691
1772
1703
1713
1660
1569
1523
1388
1320
1104
951
731
631
368
145
-134
-384
-551
-799
-944
-1209
-1284
-1385
-1352
-1328
-1245
-1095
-904
-635
-412
-90
181
522
752
1016
1152
1339
1467
1504
1457
1297
1183
934
683
280
-138
-612
-1037
-1492
-1931
-2305
-2612
-2829
-3077
-3175
-3126
-3027
-2905
-2784
-2673
-2442
-2124
-1808
-1514
-1280
-876
-571
-273
28
261
591
783
979
1071
1253
1438
1607
1655
1697
1780
1879
2038
1995
2047
2033
2087
2105
2066
2034
1948
1927
1813
1689
1501
1406
1210
1004
753
490
312
93
-61
-332
-504
-639
-658
-663
-647
-596
-475
-242
-38
237
482
788
1070
1342
1539
1706
1898
2011
2027
1918
1821
1659
1451
1130
706
265
-183
-622
-1116
-1562
-1976
-2266
-2546
-2772
-2945
-2927
-2833
-2785
-2688
-2620
-2438
-2228
-1949
-1782
-1577
-1319
-962
-759
-500
-257
-26
258
399
603
696
951
1110
1248
1283
1375
1485
1606
1693
1631
1703
1674
1761
1701
1648
1540
1452
1418
1252
1099
905
811
571
394
109
-92
-286
-466
-658
-935
-1046
-1150
-1136
-1206
-1167
-1121
-931
-711
-496
-232
36
396
684
977
1204
1466
1678
1853
1883
1891
1865
1774
1600
1297
961
564
176
-277
-753
-1243
-1598
-1952
-2238
-2501
-2696
-2786
-2772
-2693
-2686
-2611
-2543
-2414
-2270
-2077
-1888
-1673
-1387
-1077
-861
-580
-299
7
311
530
741
915
1213
1438
1598
1674
1815
1937
2079
2132
2095
2138
2125
2162
2047
1967
1865
1792
1700
1509
1314
1157
1056
823
614
326
145
-50
-235
-473
-733
-859
-971
-1036
-1147
-1148
-1131
-989
-859
-689
-484
-234
93
342
589
812
1073
1313
1487
1550
1591
1601
1569
1446
1185
884
538
175
-262
-776
-1263
-1687
-2036
-2367
-2671
-2904
-3031
-3117
-3102
-3093
-3076
-2977
-2903
-2784
-2640
-2416
-2152
-1914
-1647
-1331
-1114
-774
-472
-154
137
367
618
818
1084
1285
1454
1536
1686
1776
1906
1943
1928
1971
1927
1935
1816
1757
1659
1568
1447
1280
1106
962
841
596
390
135
-23
-237
-428
-644
-869
-999
-1132
-1203
-1300
-1296
-1267
-1148
-1035
-848
-611
-330
-15
285
617
906
1269
1571
1822
1994
2135
2254
2285
2250
2109
1897
1635
1344
943
496
28
-426
-869
-1284
-1621
-1886
-2025
-2143
-2227
-2330
-2293
-2243
-2237
-2227
-2271
-2206
-2071
-1878
-1722
-1568
-1344
-1015
-777
-440
-142
192
580
865
1169
1392
1724
1996
2187
2274
2377
2440
2539
2552
2428
2353
2193
2128
1937
1758
1558
1380
1239
1046
845
656
541
340
181
-76
-244
-412
-566
-752
-1021
-1206
-1379
-1499
-1657
-1753
-1867
-1855
-1802
-1705
-1554
-1351
-1030
-731
-369
-3
382
789
1173
1470
1723
1939
2130
2218
2193
2097
1898
1668
1360
942
465
-1
-477
-951
-1396
-1725
-1983
-2141
-2238
-2312
-2316
-2313
-2245
-2225
-2237
-2247
-2233
-2183
-2055
-1917
-1768
-1623
-1427
-1116
-889
-564
-287
60
419
740
1069
1356
1697
1979
2206
2291
2435
2521
2633
2614
2502
2422
2278
2196
1974
1773
1543
1374
1202
1022
812
648
548
366
211
-20
-140
-306
-466
-682
-935
-1123
-1303
-1461
-1682
-1838
-1978
-2008
-2037
-1990
-1899
-1734
-1461
-1178
-832
-479
-31
395
824
1195
1541
1858
2125
2317
2371
2366
2273
2133
1854
1500
1051
588
103
-412
-910
-1377
-1698
-1935
-2069
-2171
-2152
-2121
-2102
-2133
-2211
-2213
-2264
-2264
-2319
-2367
-2342
-2256
-2139
-2010
-1893
-1636
-1317
-1031
-632
-274
203
634
1057
1419
1757
2112
2398
2566
2642
2735
2738
2756
2582
2392
2143
1908
1696
1405
1177
936
770
588
447
271
198
115
25
-64
-181
-224
-341
-414
-589
-775
-967
-1130
-1316
-1520
-1698
-1832
-1886
-1928
-1875
-1806
-1605
-1333
-995
-612
-201
300
810
1307
1753
2183
2572
2902
3110
3228
3235
3156
3008
2706
2334
1858
1376
842
280
-261
-748
-1140
-1404
-1552
-1579
-1503
-1407
-1290
-1243
-1248
-1330
-1463
-1621
-1759
-1955
-2130
-2285
-2404
-2434
-2423
-2363
-2251
-2071
-1743
-1337
-899
-354
182
803
1351
1855
2292
2669
3028
3259
3351
3333
3298
3157
2964
2608
2244
1883
1550
1270
916
669
457
333
191
86
0
-4
5
-37
-91
-196
-241
-401
-587
-882
-1191
-1490
-1801
-2128
-2496
-2785
-3042
-3201
-3328
-3304
-3220
-3014
-2675
-2268
-1763
-1213
-550
89
708
1309
1875
2339
2794
3092
3276
3347
3341
3274
3023
2733
2337
1912
1443
964
449
7
-383
-687
-909
-1029
-947
-851
-669
-511
-393
-316
-314
-439
-668
-1006
-1406
-1867
-2308
-2646
-3036
-3307
-3543
-3647
-3584
-3391
-3054
-2655
-2101
-1379
-652
106
878
1611
2312
2846
3266
3553
3784
3922
3863
3628
3351
3019
2655
2226
1726
1332
988
784
574
424
403
429
524
607
702
810
947
983
950
808
664
451
98
-309
-823
-1308
-1786
-2224
-2668
-3051
-3330
-3497
-3554
-3502
-3314
-3014
-2596
-2132
-1587
-1025
-403
229
814
1345
1766
2183
2503
2711
2835
2827
2769
2641
2447
2189
1851
1513
1181
785
421
79
-222
-441
-643
-715
-712
-590
-390
-246
-114
-23
3
-48
-214
-482
-816
-1228
-1653
-2119
-2587
-2996
-3386
-3640
-3819
-3915
-3908
-3767
-3449
-3004
-2452
-1825
-1157
-402
376
1050
1682
2224
2732
3080
3262
3309
3236
3140
2938
2573
2116
1703
1296
956
578
295
140
85
136
122
191
309
487
620
701
741
787
786
668
447
113
-180
-571
-1003
-1510
-1999
-2412
-2768
-3047
-3303
-3438
-3462
-3342
-3153
-2870
-2520
-2093
-1586
-1050
-542
-48
466
936
1360
1699
1988
2210
2372
2513
2522
2480
2465
2396
2300
2146
2002
1846
1690
1542
1355
1129
968
814
623
468
319
258
209
212
197
151
114
29
-95
-289
-508
-776
-1009
-1280
-1550
-1825
-2078
-2273
-2492
-2667
-2842
-2889
-2878
-2788
-2655
-2487
-2164
-1753
-1281
-812
-340
146
690
1118
1518
1808
2062
2307
2378
2413
2341
2298
2202
2024
1738
1489
1291
1157
1012
827
762
689
745
748
757
778
834
898
873
808
697
621
438
213
-121
-438
-759
-1100
-1455
-1854
-2156
-2406
-2553
-2685
-2740
-2735
-2632
-2447
-2226
-1957
-1662
-1307
-967
-596
-277
55
389
673
930
1106
1293
1474
1627
1742
1828
1873
1977
2045
2087
2129
2121
2169
2158
2133
2072
1970
1869
1710
1489
1243
975
695
444
154
-63
-267
-398
-444
-502
-519
-541
-539
-539
-574
-655
-736
-826
-890
-997
-1120
-1212
-1347
-1448
-1592
-1732
-1860
-1918
-1871
-1824
-1723
-1589
-1355
-1012
-606
-212
188
611
1106
1519
1840
2140
2339
2532
2560
2489
2332
2174
2003
1763
1408
1046
773
492
275
-44
-273
-442
-493
-539
-658
-701
-710
-662
-694
-749
-851
-882
-957
-1083
-1282
-1505
-1655
-1867
-2062
-2324
-2523
-2655
-2711
-2754
-2799
-2751
-2630
-2432
-2232
-1977
-1713
-1389
-1063
-740
-441
-164
144
390
638
819
991
1153
1297
1422
1513
1595
1693
1800
1876
1967
2009
2095
2171
2236
2260
2257
2247
2193
2103
1957
1784
1550
1331
1051
775
501
268
78
-86
-194
-274
-273
-255
-201
-173
-123
-87
-30
5
-1
-12
-65
-108
-199
-308
-467
-614
-763
-920
-1096
-1297
-1449
-1522
-1557
-1576
-1551
-1462
-1243
-972
-661
-340
-15
394
777
1082
1353
1562
1776
1920
1977
1977
1933
1916
1841
1661
1424
1239
1080
937
739
562
469
453
506
476
463
477
525
528
473
397
315
249
107
-109
-367
-565
-777
-1016
-1304
-1579
-1798
-1996
-2153
-2324
-2421
-2442
-2382
-2286
-2173
-2012
-1797
-1547
-1305
-1056
-832
-566
-327
-113
64
215
386
521
663
763
842
946
1072
1194
1302
1397
1519
1634
1743
1861
1902
1961
1988
1978
1917
1800
1673
1496
1268
1011
728
430
180
-86
-312
-533
-691
-762
-809
-789
-758
-678
-558
-436
-336
-254
-200
-167
-179
-246
-331
-448
-559
-692
-857
-1037
-1219
-1374
-1534
-1690
-1820
-1885
-1870
-1812
-1731
-1632
-1448
-1187
-879
-572
-269
28
378
689
939
1152
1301
1458
1485
1448
1333
1223
1113
965
746
499
329
186
94
-75
-176
-250
-261
-246
-282
-286
-289
-244
-264
-310
-388
-441
-510
-634
-813
-1016
-1157
-1321
-1486
-1701
-1876
-2007
-2103
-2161
-2236
-2251
-2213
-2118
-2019
-1888
-1730
-1537
-1335
-1135
-935
-746
-531
-338
-163
-29
100
224
347
453
542
615
692
792
875
972
1062
1161
1272
1366
1461
1545
1608
1688
1729
1723
1714
1661
1590
1483
1341
1168
969
767
575
356
165
-6
-141
-227
-292
-300
-269
-197
-96
4
100
197
267
313
328
307
271
213
132
8
-134
-285
-429
-575
-726
-849
-972
-1075
-1157
-1241
-1297
-1291
-1236
-1153
-1065
-947
-759
-560
-340
-133
58
291
529
731
909
1046
1181
1282
1317
1311
1264
1233
1190
1097
957
829
727
650
558
448
368
323
319
272
215
164
136
99
22
-79
-183
-263
-363
-509
-685
-833
-959
-1098
-1269
-1436
-1562
-1656
-1709
-1779
-1818
-1812
-1772
-1700
-1626
-1526
-1403
-1261
-1102
-957
-809
-640
-470
-321
-191
-81
35
144
247
327
400
470
545
621
695
770
844
937
1031
1125
1211
1301
1382
1454
1503
1530
1536
1528
1491
1420
1318
1193
1061
902
737
546
373
206
72
-39
-132
-185
-203
-188
-158
-92
-22
82
183
277
349
395
434
430
399
338
268
173
75
-40
-166
-283
-391
-488
-596
-691
-783
-844
-902
-948
-963
-939
-876
-798
-731
-631
-489
-324
-136
31
201
404
596
778
930
1051
1185
1276
1349
1392
1411
1446
1461
1426
1331
1248
1159
1074
950
801
661
537
430
287
149
19
-79
-190
-313
-434
-545
-621
-716
-833
-963
-1060
-1141
-1233
-1345
-1455
-1537
-1604
-1648
-1706
-1742
-1752
-1724
-1669
-1613
-1522
-1401
-1260
-1107
-953
-786
-605
-425
-253
-102
36
173
301
419
504
581
651
723
789
842
894
947
998
1060
1116
1161
1217
1266
1309
1322
1334
1340
1324
1296
1242
1162
1067
972
857
740
594
454
325
208
113
13
-50
-87
-92
-81
-50
-7
61
141
218
298
368
442
487
510
503
478
441
382
310
208
108
11
-81
-175
-275
-360
-433
-505
-571
-633
-688
-725
-764
-774
-770
-754
-713
-675
-606
-519
-409
-275
-154
-13
152
306
469
623
774
933
1053
1153
1223
1286
1342
1360
1344
1303
1262
1224
1167
1084
997
904
823
720
605
498
394
306
200
93
-3
-83
-154
-249
-355
-457
-539
-615
-706
-813
-901
-979
-1042
-1111
-1179
-1220
-1240
-1247
-1247
-1226
-1172
-1087
-998
-904
-807
-685
-547
-417
-289
-173
-51
76
190
293
385
471
553
621
684
733
782
836
874
912
949
985
1022
1050
1066
1079
1080
1082
1067
1035
998
925
856
770
671
564
437
316
187
70
-47
-150
-241
-310
-361
-403
-412
-396
-358
-313
-259
-200
-129
-55
7
56
86
105
101
82
37
-20
-88
-165
-246
-329
-405
-483
-545
-604
-649
-683
-710
-723
-744
-766
-788
-808
-802
-786
-770
-737
-716
-663
-590
-506
-401
-306
-192
-56
70
208
336
465
609
718
811
868
935
994
1026
1018
975
934
891
830
724
608
496
406
296
170
54
-60
-134
-228
-326
-417
-477
-512
-568
-637
-698
-731
-759
-802
-874
-938
-982
-1020
-1066
-1131
-1170
-1185
-1184
-1188
-1191
-1163
-1100
-1026
-957
-892
-794
-671
-545
-423
-318
-194
-70
44
141
225
307
385
447
488
523
554
584
600
610
619
630
648
661
670
678
684
695
698
693
681
655
623
582
527
471
391
310
228
143
66
-15
-83
-139
-173
-200
-214
-207
-181
-136
-85
-30
34
112
181
252
305
355
393
409
404
372
338
291
239
161
78
5
-68
-139
-206
-270
-311
-348
-383
-421
-460
-489
-507
-544
-591
-621
-648
-646
-651
-647
-630
-576
-510
-430
-337
-235
-92
51
203
350
506
670
829
962
1064
1161
1245
1317
1343
1327
1299
1260
1207
1120
1010
900
802
701
581
467
361
295
224
142
68
10
-32
-85
-148
-231
-303
-366
-431
-525
-640
-738
-823
-913
-1012
-1104
-1168
-1209
-1242
-1272
-1285
-1265
-1217
-1153
-1089
-1010
-906
-783
-660
-542
-423
-297
-175
-71
20
105
189
258
314
350
383
422
449
478
494
502
534
552
574
591
599
629
642
643
637
626
608
582
532
474
405
334
258
171
87
-4
-79
-147
-211
-259
-295
-307
-301
-288
-257
-218
-167
-102
-40
28
90
148
196
228
244
241
228
203
166
117
56
-4
-57
-112
-169
-219
-264
-293
-327
-349
-365
-382
-393
-402
-432
-455
-471
-504
-523
-541
-545
-540
-522
-494
-446
-382
-301
-200
-89
35
171
308
451
601
745
889
1016
1114
1200
1267
1307
1333
1318
1283
1238
1174
1093
994
889
783
681
569
462
367
291
227
157
86
22
-31
-82
-143
-216
-282
-342
-422
-515
-615
-712
-799
-897
-1002
-1100
-1175
-1225
-1264
-1294
-1307
-1278
-1233
-1172
-1101
-1012
-895
-769
-642
-526
-407
-285
-173
-72
2
75
142
186
226
247
259
279
283
279
285
280
293
297
301
317
334
353
363
375
383
394
392
382
366
344
311
275
229
180
134
77
30
-19
-58
-84
-101
-115
-111
-99
-77
-41
-9
33
80
127
170
205
235
260
272
271
260
245
220
187
143
88
43
-7
-50
-93
-137
-167
-190
-210
-232
-247
-255
-263
-275
-288
-300
-314
-330
-351
-368
-382
-379
-366
-346
-312
-267
-195
-127
-45
59
171
281
391
491
597
705
810
897
961
1004
1030
1048
1036
1010
963
910
834
750
659
567
473
368
268
161
71
-9
-77
-141
-206
-263
-315
-359
-402
-443
-485
-524
-560
-596
-638
-675
-706
-743
-774
-802
-822
-827
-819
-814
-790
-758
-711
-648
-571
-486
-395
-299
-199
-106
-14
84
165
244
312
369
418
465
498
521
530
535
537
536
537
534
528
510
506
496
494
504
508
499
474
446
427
407
376
352
314
269
232
205
177
148
111
76
58
45
53
51
51
59
63
86
111
137
156
173
186
196
217
228
216
202
184
166
142
111
77
34
-9
-50
-87
-121
-151
-187
-216
-240
-254
-262
-270
-279
-291
-294
-298
-300
-306
-306
-304
-303
-284
-260
-237
-203
-160
-117
-57
9
80
161
239
313
387
462
529
584
622
665
686
693
683
664
626
577
512
427
351
270
188
104
19
-67
-140
-211
-276
-329
-382
-420
-458
-490
-508
-525
-537
-546
-566
-579
-582
-591
-601
-612
-624
-625
-622
-621
-614
-600
-581
-552
-517
-479
-435
-386
-330
-261
-201
-136
-77
-29
26
75
126
168
186
198
205
214
218
209
197
172
146
123
98
78
48
17
-7
-34
-52
-66
-80
-90
-108
-124
-126
-131
-132
-143
-152
-152
-148
-145
-144
-139
-142
-133
-126
-114
-106
-95
-82
-69
-58
-43
-26
-15
-5
2
6
12
19
10
-1
-19
-30
-45
-69
-97
-126
-153
-179
-204
-234
-259
-278
-302
-320
-341
-348
-360
-369
-374
-382
-381
-377
-378
-371
-361
-345
-331
-309
-278
-247
-205
-156
-107
-47
11
75
140
196
260
320
379
434
472
502
530
554
568
567
562
540
513
481
445
407
360
311
260
211
168
127
89
57
26
5
-12
-28
-45
-55
-65
-72
-76
-79
-81
-88
-89
-87
-87
-81
-75
-67
-55
-37
-18
10
49
86
131
175
219
268
320
374
425
466
498
527
552
571
584
592
585
578
554
532
501
463
427
381
338
296
263
224
192
157
129
104
84
66
48
36
30
31
22
21
17
17
15
20
18
14
17
11
16
14
13
12
7
4
2
1
4
1
-3
-7
-16
-21
-29
-44
-63
-85
-104
-127
-152
-179
-211
-237
-269
-304
-330
-357
-378
-397
-414
-426
-433
-435
-439
-441
-438
-429
-411
-402
-388
-373
-352
-328
-305
-280
-251
-216
-184
-147
-108
-70
-30
14
54
95
142
180
220
252
284
312
333
347
360
368
364
358
346
331
315
291
262
233
199
170
137
107
76
45
14
-19
-35
-52
-65
-80
-88
-91
-93
-95
-95
-90
-86
-76
-66
-56
-51
-40
-31
-18
-4
6
25
42
65
91
113
138
165
179
198
216
231
245
246
241
230
215
199
176
148
115
85
49
14
-17
-47
-77
-106
-130
-152
-165
-181
-189
-194
-194
-186
-185
-180
-174
-163
-149
-139
-127
-118
-109
-105
-100
-98
-99
-108
-111
-116
-126
-132
-136
-147
-151
-159
-162
-164
-168
-169
-171
-171
-176
-178
-185
-192
-199
-213
-224
-230
-242
-255
-264
-271
-278
-282
-287
-286
-285
-278
-269
-260
-248
-231
-217
-196
-177
-160
-138
-113
-87
-65
-36
-11
13
36
61
85
109
128
145
162
173
187
195
206
217
222
230
231
239
246
249
254
255
258
257
262
261
263
260
253
250
248
246
240
239
233
227
221
213
208
205
202
200
199
202
208
215
214
217
229
235
240
245
252
261
263
264
265
265
260
254
249
248
242
224
214
196
185
175
160
151
133
124
112
98
89
74
64
54
43
34
24
14
0
-10
-20
-31
-39
-49
-60
-69
-80
-88
-92
-102
-112
-118
-121
-121
-126
-136
-141
-142
-148
-149
-154
-160
-167
-170
-170
-177
-184
-186
-186
-192
-191
-193
-197
-192
-190
-188
-181
-181
-170
-163
-154
-140
-135
-128
-122
-114
-106
-98
-93
-86
-81
-74
-73
-62
-60
-56
-45
-41
-30
-24
-19
-12
-11
-3
7
12
25
30
34
42
49
57
64
71
72
75
85
93
102
110
118
135
157
182
210
230
250
269
286
306
318
321
323
317
315
307
295
275
257
239
220
199
180
159
142
131
113
101
87
74
60
51
44
35
29
21
12
8
4
-2
-18
-37
-46
-61
-78
-96
-120
-137
-153
-170
-186
-195
-195
-197
-196
-196
-188
-175
-165
-152
-138
-126
-109
-101
-92
-79
-76
-61
-55
-54
-50
-42
-39
-37
-36
-35
-34
-30
-30
-31
-29
-27
-23
-18
-14
-14
-10
-6
-1
4
9
12
15
20
24
33
35
38
39
41
44
48
53
59
62
63
70
75
80
80
82
87
85
78
73
72
66
59
53
45
34
28
22
14
9
4
-4
-5
-12
-12
-11
-10
-5
-6
-1
6
9
14
16
24
28
31
34
33
39
39
43
41
37
38
37
35
38
41
41
49
53
61
68
78
82
87
95
103
104
110
113
116
119
117
124
124
123
121
116
112
105
98
94
86
78
70
64
61
59
56
56
50
52
54
60
70
73
83
90
93
101
104
103
102
108
108
100
102
95
87
80
69
62
56
50
40
34
29
23
15
18
17
21
23
29
40
44
50
59
69
76
83
91
99
106
118
123
127
140
148
160
169
173
181
191
195
200
205
209
214
214
216
216
217
215
214
213
215
208
198
191
188
180
169
165
154
146
135
127
122
118
113
111
111
113
114
119
125
133
143
152
163
172
183
190
197
204
207
209
212
217
213
214
214
212
217
221
223
229
234
238
237
236
234
228
219
207
199
184
172
160
151
136
129
120
107
100
87
79
65
48
37
28
15
2
-6
-14
-22
-27
-34
-40
-51
-64
-71
-78
-84
-90
-95
-100
-106
-109
-113
-115
-115
-120
-126
-127
-132
-137
-141
-145
-151
-155
-158
-158
-160
-158
-152
-149
-145
-144
-138
-136
-135
-137
-132
-121
-118
-112
-101
-93
-87
-80
-72
-66
-60
-57
-51
-48
-44
-40
-35
-30
-23
-14
-12
-7
2
8
18
25
28
36
38
40
45
49
54
56
58
60
60
62
66
70
73
79
83
82
85
85
83
80
80
77
72
72
70
70
73
76
69
65
65
63
62
59
57
61
60
58
54
52
42
40
33
30
21
13
6
2
1
-8
-15
-23
-30
-37
-41
-47
-53
-62
-71
-75
-80
-82
-81
-74
-68
-58
-51
-48
-39
-35
-26
-23
-20
-16
-21
-22
-24
-29
-34
-33
-33
-34
-34
-29
-26
-21
-13
-9
-3
2
8
9
15
18
22
24
22
22
21
14
11
4
-3
-16
-29
-41
-56
-69
-85
-98
-108
-119
-128
-135
-142
-148
-153
-161
-170
-171
-175
-178
-183
-188
-192
-201
-212
-226
-236
-246
-262
-266
-278
-294
-299
-309
-317
-325
-333
-338
-339
-342
-338
-339
-341
-345
-346
-346
-347
-346
-353
-358
-359
-365
-368
-371
-374
-379
-381
-387
-391
-395
-397
-398
-398
-395
-388
-383
-380
-369
-357
-346
-339
-329
-320
-309
-297
-287
-276
-265
-255
-245
-234
-225
-215
-213
-205
-196
-193
-187
-179
-174
-171
-165
-164
-163
-161
-164
-164
-165
-163
-163
-167
-169
-173
-176
-179
-179
-184
-188
-187
-188
-188
-188
-184
-184
-177
-172
-170
-161
-148
-140
-129
-124
-108
-95
-83
-68
-54
-43
-35
-23
-16
-14
-6
-1
2
2
5
9
12
11
11
12
9
6
2
-2
-6
-7
-14
-19
-25
-31
-35
-39
-41
-47
-50
-52
-55
-61
-62
-66
-72
-76
-81
-85
-92
-96
-101
-104
-107
-110
-113
-115
-117
-126
-127
-126
-128
-129
-127
-129
-131
-134
-137
-140
-142
-144
-147
-155
-155
-152
-153
-149
-156
-153
-151
-152
-149
-148
-144
-139
-137
-133
-129
-127
-122
-124
-116
-113
-111
-108
-111
-110
-108
-109
-104
-100
-100
-96
-91
-93
-91
-88
-89
-91
-90
-94
-98
-102
-106
-106
-113
-117
-122
-132
-136
-141
-141
-145
-147
-145
-146
-142
-139
-135
-136
-133
-131
-129
-123
-122
-121
-118
-115
-114
-114
-113
-113
-115
-110
-111
-109
-109
-108
-107
-104
-101
-100
-101
-98
-96
-95
-90
-95
-95
-94
-101
-104
-107
-108
-114
-119
-122
-130
-137
-137
-140
-139
-140
-142
-146
-151
-152
-159
-164
-169
-176
-182
-190
-198
-204
-209
-214
-223
-225
-232
-236
-241
-246
-246
-250
-254
-258
-256
-257
-260
-265
-262
-262
-263
-263
-261
-260
-259
-256
-255
-255
-254
-249
-246
-246
-244
-245
-241
-234
-234
-229
-221
-220
-213
-211
-207
-204
-201
-193
-189
-183
-179
-166
-166
-167
-160
-159
-157
-154
-153
-151
-148
-141
-136
-135
-131
-130
-126
-122
-120
-118
-115
-113
-111
-105
-104
-101
-95
-93
-90
-83
-84
-81
-78
-74
-71
-67
-62
-57
-50
-46
-41
-38
-33
-31
-27
-27
-25
-22
-21
-19
-19
-17
-19
-19
-16
-23
-23
-21
-16
-22
-18
-13
-13
-14
-13
-10
-9
-9
-12
-10
-7
-8
-11
-9
-6
-8
-7
-10
-9
-9
-9
-7
-5
-6
-6
-5
-4
-3
-2
5
5
8
10
14
16
21
24
28
33
36
37
42
45
46
50
53
57
59
67
69
69
75
80
84
87
88
90
92
99
103
104
104
105
108
110
113
114
114
118
122
123
123
125
130
132
134
134
137
135
133
137
137
136
137
137
139
139
135
134
133
134
129
129
127
126
129
128
127
128
129
127
124
129
129
129
130
128
129
130
128
125
123
119
117
113
110
103
99
96
87
81
75
69
64
55
43
40
31
19
10
4
-5
-16
-21
-32
-41
-48
-57
-62
-70
-78
-85
-90
-91
-98
-102
-108
-113
-116
-118
-121
-122
-124
-127
-126
-121
-119
-121
-124
-122
-121
-118
-117
-113
-108
-104
-101
-95
-92
-88
-88
-83
-77
-73
-70
-69
-65
-64
-58
-56
-54
-53
-50
-42
-35
-26
-24
-20
-11
-8
-4
3
9
14
19
24
28
28
35
35
35
40
41
44
45
47
50
52
50
50
53
50
49
50
49
47
50
49
48
46
42
42
38
38
36
31
29
27
23
22
18
19
15
16
13
9
10
6
9
6
8
7
7
9
10
10
11
14
15
20
20
20
23
22
23
26
28
28
30
36
38
41
39
38
39
38
39
36
37
40
39
38
38
39
34
33
32
31
26
25
23
18
20
18
17
19
17
16
16
15
17
13
11
9
7
5
6
5
0
-2
-1
-1
-6
-14
-16
-22
-24
-23
-28
-32
-34
-34
-38
-36
-40
-43
-42
-37
-39
-39
-35
-31
-31
-31
-27
-29
-25
-23
-23
-19
-15
-17
-15
-13
-11
-8
-5
-1
0
3
7
10
10
10
16
19
25
26
29
35
36
40
43
40
47
50
54
59
58
64
65
67
72
73
76
78
82
82
85
87
91
92
95
97
93
99
100
99
100
101
101
100
98
102
97
95
95
92
92
90
87
85
83
80
81
77
78
73
73
74
72
73
71
67
67
67
65
59
58
58
56
55
53
53
50
51
52
53
52
51
48
44
49
48
53
55
53
55
54
54
54
54
56
57
57
61
58
60
62
65
67
70
69
73
75
75
79
80
82
83
89
89
90
93
96
99
99
102
102
101
100
103
104
106
107
107
108
107
108
111
111
112
112
112
113
116
119
117
113
116
116
117
118
118
118
117
119
117
118
118
113
119
119
119
118
117
118
117
118
117
119
120
116
117
116
114
112
110
111
111
110
108
109
111
108
108
107
104
106
107
108
106
108
106
108
112
110
108
109
106
106
103
103
101
96
97
95
94
93
92
90
90
87
87
88
90
87
85
83
78
75
76
74
71
70
68
66
65
65
59
60
57
55
55
53
53
54
57
54
56
57
56
55
53
51
53
50
48
48
47
50
49
41
37
36
37
34
30
30
29
28
31
30
31
31
27
29
25
26
27
21
22
20
20
16
17
17
18
16
15
15
12
10
11
9
11
9
11
10
9
13
12
11
11
11
11
9
10
10
10
14
12
10
12
11
7
7
12
16
13
14
16
18
18
18
18
17
17
16
18
21
20
16
20
18
14
15
15
14
16
13
14
14
13
11
12
12
9
14
14
14
16
13
12
17
19
18
21
25
22
23
27
26
25
27
28
31
32
33
36
35
40
41
42
44
45
44
42
46
50
49
49
54
53
53
52
53
54
54
58
57
59
62
60
62
63
61
65
62
63
61
64
66
68
65
67
66
66
67
64
64
66
69
69
71
71
73
74
72
72
70
67
70
65
67
68
66
68
66
65
59
57
56
54
56
53
51
50
49
48
46
49
40
42
39
34
33
28
27
23
21
19
17
17
13
11
10
7
3
-4
-3
-5
-8
-9
-12
-13
-13
-18
-20
-19
-25
-27
-28
-33
-36
-38
-36
-43
-46
-52
-57
-58
-60
-61
-65
-67
-70
-74
-74
-77
-80
-77
-78
-81
-82
-83
-83
-86
-85
-85
-87
-86
-85
-82
-80
-80
-83
-81
-79
-79
-76
-73
-69
-68
-62
-64
-60
-62
-58
-57
-55
-53
-51
-48
-47
-39
-44
-40
-38
-32
-33
-31
-32
-29
-26
-28
-23
-21
-21
-19
-20
-20
-18
-18
-18
-18
-17
-19
-17
-15
-16
-15
-12
-11
-11
-9
-8
-9
-6
-5
-6
-4
-1
0
1
3
5
9
5
9
9
7
7
7
10
9
8
8
8
10
12
12
7
8
7
6
9
9
11
10
8
15
15
14
17
18
23
22
25
27
27
26
27
27
28
34
36
32
38
38
38
42
45
45
45
49
50
51
55
58
62
60
64
63
60
64
64
65
65
67
69
66
69
70
68
65
68
71
68
74
74
72
75
75
74
72
72
75
72
76
76
72
73
72
73
73
74
74
77
79
79
80
81
83
83
79
83
81
81
86
83
82
81
81
82
80
83
81
81
79
76
76
76
76
76
74
74
71
71
71
69
69
72
71
69
66
64
68
65
63
61
60
61
62
61
60
61
58
59
58
55
52
51
55
54
54
52
52
49
47
47
43
41
43
41
37
35
32
29
29
27
26
29
26
25
24
26
29
27
26
21
21
24
25
27
27
27
27
31
28
28
30
31
33
34
32
32
35
35
38
37
37
36
35
34
33
37
32
33
32
34
33
31
33
33
34
31
34
38
34
32
31
35
42
39
41
42
42
42
39
40
42
42
39
41
45
43
41
40
39
39
42
41
41
42
42
46
46
43
41
42
43
44
44
43
44
43
38
39
39
36
37
39
39
38
39
37
37
36
34
36
36
37
37
35
35
31
31
31
26
25
26
28
24
24
26
21
23
21
22
21
20
19
17
17
16
17
16
14
11
12
9
8
10
6
1
2
0
1
2
-1
1
-3
-5
-4
-1
-4
-4
-7
-7
-7
-12
-10
-13
-13
-13
-16
-15
-16
-15
-16
-18
-20
-19
-19
-22
-19
-19
-20
-18
-13
-16
-19
-20
-24
-22
-22
-26
-24
-23
-25
-21
-23
-24
-25
-25
-23
-23
-21
-23
-21
-17
-16
-19
-16
-12
-13
-10
-9
-6
-7
-8
-4
-6
-7
-6
-4
-4
-3
0
1
2
1
-1
-2
2
1
1
5
4
6
6
5
6
4
-2
3
9
6
8
8
12
13
11
13
12
12
14
17
18
18
16
16
18
19
22
21
21
23
22
21
21
19
18
18
19
18
18
18
19
18
15
17
17
14
18
17
16
15
19
20
18
16
16
16
17
17
17
13
13
16
13
14
15
16
14
15
12
12
14
11
9
13
9
11
9
7
8
11
11
6
9
8
8
10
10
9
10
8
8
8
7
4
5
6
4
4
0
1
0
-1
-1
-7
-2
-3
-1
-6
-2
1
-2
-6
-3
0
-7
-3
1
1
1
1
4
1
2
4
3
6
5
3
4
5
5
4
4
3
6
6
3
2
4
0
1
5
6
6
5
9
8
7
9
5
5
7
7
10
10
12
12
10
10
8
8
10
9
9
9
9
13
14
11
10
6
6
8
9
10
12
12
11
11
12
5
8
6
9
10
7
11
10
8
8
7
6
6
9
7
6
9
7
8
8
8
11
11
9
13
13
12
14
15
13
13
15
13
14
14
14
16
16
13
14
15
10
11
10
11
9
8
10
7
10
7
8
8
7
8
5
7
6
4
1
3
5
3
3
-1
-1
1
0
1
1
1
0
3
3
3
4
2
7
10
9
12
9
11
11
12
12
10
11
10
13
15
21
15
14
16
17
17
12
14
11
12
12
16
12
9
10
12
13
9
11
10
9
11
13
12
13
13
16
14
18
20
16
13
12
15
13
13
15
13
11
14
14
14
12
9
10
8
8
11
9
7
9
4
10
8
3
1
6
5
4
8
7
7
4
6
5
3
2
2
0
4
1
-2
2
-2
-2
-6
-3
-3
-6
-4
-3
-3
-6
-9
-9
-9
-7
-12
-10
-8
-10
-11
-12
-15
-13
-11
-13
-13
-11
-12
-15
-15
-16
-17
-16
-17
-17
-17
-16
-19
-20
-18
-17
-20
-19
-21
-22
-17
-19
-20
-20
-18
-20
-20
-20
-17
-16
-16
-14
-17
-18
-18
-17
-19
-19
-21
-20
-20
-19
-22
-22
-20
-21
-21
-21
-19
-20
-23
-24
-26
-24
-24
-20
-21
-21
-16
-19
-18
-18
-18
-26
-24
-22
-17
-15
-15
-17
-16
-13
-17
-15
-12
-9
-11
-7
-8
-11
-8
-11
-9
-5
-7
-10
-7
-6
-5
-6
-7
-9
-7
-4
-4
-2
-4
1
-1
-1
1
-2
-3
-1
-1
2
4
3
4
7
7
6
7
6
6
5
10
15
16
12
11
9
10
9
8
10
9
8
11
10
10
10
6
9
11
12
10
5
5
4
1
1
-1
-3
-1
0
3
4
1
1
2
3
3
3
1
5
1
1
1
-1
1
0
0
-1
1
0
0
2
4
6
5
4
5
2
1
2
0
0
0
1
4
3
1
1
0
3
1
0
1
-1
1
0
-2
-1
-1
-4
-2
-3
-4
-2
-3
-1
-2
-1
1
1
-1
2
2
4
6
3
6
3
5
5
2
5
2
2
4
0
6
8
1
-1
3
2
-2
-2
-3
0
-1
3
2
1
5
3
5
2
-1
0
-1
-1
0
2
4
1
2
1
2
5
3
2
2
3
1
-1
0
1
1
2
3
3
1
1
2
1
1
0
1
0
-2
-2
-1
1
1
-5
-9
-3
1
-1
-1
2
2
1
-1
-3
-4
-4
-5
-4
-3
-7
-4
-5
-6
-7
-8
-8
-9
-9
-6
-6
-7
-12
-12
-14
-11
-11
-13
-13
-14
-13
-12
-13
-18
-17
-13
-12
-17
-15
-15
-17
-15
-18
-22
-20
-20
-21
-21
-20
-20
-20
-20
-19
-20
-22
-22
-19
-18
-20
-20
-20
-21
-20
-24
-21
-22
-21
-20
-17
-19
-20
-17
-18
-14
-18
-16
-17
-17
-18
-18
-21
-20
-21
-21
-20
-25
-22
-23
-23
-29
-26
-24
-22
-23
-21
-19
-22
-18
-20
-23
-25
-19
-21
-18
-17
-18
-17
-16
-17
-18
-18
-19
-18
-17
-16
-20
-17
-19
-17
-17
-17
-18
-19
-18
-20
-19
-19
-22
-22
-20
-23
-22
-24
-22
-22
-21
-23
-24
-26
-27
-22
-24
-20
-19
-19
-17
-20
-18
-18
-19
-17
-17
-19
-22
-19
-15
-19
-23
-24
-26
-23
-25
-26
-25
-24
-24
-22
-24
-26
-28
-27
-24
-24
-25
-23
-25
-22
-23
-24
-25
-25
-24
-24
-24
-19
-20
-23
-20
-20
-21
-20
-19
-18
-20
-19
-21
-20
-19
-20
-20
-20
-20
-20
-20
-20
-20
-21
-18
-19
-21
-20
-19
-22
-18
-18
-17
-19
-19
-18
-17
-17
-17
-14
-18
-20
-17
-20
-22
-20
-20
-20
-21
-24
-19
-18
-21
-18
-19
-16
-19
-17
-15
-18
-20
-16
-16
-14
-11
-13
-10
-11
-10
-15
-18
-16
-15
-15
-14
-18
-14
-15
-18
-15
-17
-18
-19
-20
-19
-18
-21
-19
-16
-16
-17
-18
-18
-20
-18
-17
-21
-19
-15
-17
-19
-16
-17
-18
-12
-13
-15
-14
-14
-11
-15
-16
-12
-14
-14
-14
-15
-14
-15
-16
-16
-18
-17
-15
-13
-16
-16
-19
-18
-16
-19
-23
-21
-19
-24
-23
-19
-17
-19
-19
-18
-18
-19
-20
-22
-21
-19
-22
-22
-21
-20
-23
-22
-19
-21
-23
-23
-23
-24
-26
-25
-25
-28
-28
-24
-26
-26
-24
-26
-26
-25
-27
-28
-29
-26
-27
-27
-25
-26
-27
-27
-28
-29
-29
-29
-26
-28
-27
-25
-27
-26
-28
-28
-30
-30
-28
-29
-28
-29
-29
-31
-30
-31
-29
-30
-31
-32
-33
-32
-35
-34
-34
-33
-36
-36
-32
-33
-34
-31
-33
-34
-33
-37
-38
-38
-39
-41
-40
-41
-40
-38
-38
-37
-39
-40
-40
-42
-44
-42
-40
-36
-36
-37
-37
-38
-37
-39
-39
-36
-38
-38
-39
-42
-42
-41
-40
-41
-40
-43
-40
-45
-43
-44
-46
-45
-48
-45
-46
-45
-47
-46
-45
-45
-45
