-12
-44
19
-13
12
56
110
90
59
73
13
26
49
72
90
61
56
52
15
-41
-27
51
135
137
51
54
61
5
26
-1
-16
-22
-86
-50
3
-30
-60
1
-39
-85
-59
-50
47
4
-91
-50
-12
36
-29
-76
-45
-102
-46
-19
-67
-48
-83
-94
-70
-50
-91
-89
-18
-5
4
-21
-24
-6
-2
58
99
23
-8
28
65
98
45
38
53
51
42
35
46
60
72
40
84
51
-7
44
20
-28
49
45
-31
24
52
56
11
-79
-43
-5
-78
-96
-21
6
32
9
-53
-3
-27
-36
50
24
37
14
-38
50
61
31
46
17
-32
8
109
77
41
23
-3
44
36
45
52
32
61
24
-39
-7
-34
-60
-12
-10
13
17
86
83
-43
-25
-53
-73
-46
-83
-71
-38
23
-2
-25
7
-76
-180
-92
0
-84
-82
-20
-16
9
19
-41
-34
11
-11
45
40
-4
34
-50
-115
-11
29
48
102
47
62
39
-59
42
18
-27
59
67
124
21
-51
-1
22
76
18
-29
-36
19
69
25
-20
6
40
-51
-33
53
-19
20
65
29
22
-13
44
11
-43
5
-56
-65
-16
-26
-41
-30
16
25
-50
-92
-40
21
2
-14
27
80
93
9
22
91
52
92
84
42
86
26
19
53
-6
-47
-42
-4
3
-6
-18
20
52
91
127
75
37
0
-26
-24
-32
17
40
-57
-61
-70
-41
111
59
-17
-28
-90
-74
-1
-49
-134
-79
-65
-55
-9
-76
-55
-55
-134
-98
-101
-69
-70
-75
-22
-66
-75
-82
-58
23
30
-4
31
-10
-35
34
20
47
64
57
92
78
106
106
72
94
34
-13
-13
9
144
153
74
133
114
26
19
55
66
17
-17
-19
18
38
18
38
48
37
35
22
32
21
-91
-83
13
6
34
55
-10
-76
-42
-16
-39
15
-13
-68
-38
-5
-7
34
63
-34
-47
5
-18
-41
-74
-63
-4
-36
-26
-1
-71
-72
-117
-146
-82
-89
-37
-31
-76
-74
-130
-49
40
-42
-46
-77
-94
-22
-22
14
46
4
-42
-52
-97
-43
29
-47
-30
-55
-55
31
0
-8
-38
-45
34
113
94
-12
-5
89
64
45
87
46
83
88
57
36
36
86
17
-25
25
93
105
50
8
7
7
39
84
69
69
26
30
105
61
-1
-26
-110
-75
6
54
144
56
-38
-76
-113
4
73
56
-23
-78
-62
-75
29
46
-49
-100
-174
-163
-32
102
39
-91
-126
-97
-8
70
42
-48
-113
-156
-89
35
70
54
-2
-121
-140
11
113
144
61
-98
-98
19
165
212
106
-84
-191
-89
106
294
213
-68
-197
-186
17
209
201
86
-160
-274
-131
98
294
222
-60
-235
-267
-34
225
181
29
-229
-340
-138
118
250
164
-135
-369
-239
42
399
513
-7
-580
-645
-113
461
537
220
-340
-642
-388
192
616
372
-167
-498
-518
-24
456
510
252
-387
-661
-245
316
612
307
-301
-530
-316
83
455
364
14
-337
-528
-172
340
583
357
-193
-453
-328
35
395
338
-14
-387
-447
-58
313
445
209
-240
-432
-241
238
480
309
57
-342
-444
-39
371
526
200
-264
-465
-289
200
463
332
-70
-456
-386
-8
319
405
132
-236
-355
-100
233
364
212
-182
-419
-334
16
375
340
34
-236
-281
-82
169
303
149
-211
-385
-217
90
348
288
-67
-265
-221
59
306
248
57
-201
-275
-132
40
181
98
-142
-258
-153
30
190
220
22
-190
-233
-90
133
159
68
-50
-155
-74
6
132
185
-31
-157
-159
-76
116
180
64
-35
-28
-24
36
123
126
100
56
-9
-39
20
80
56
-67
-74
-50
-61
6
17
52
5
-41
-60
-86
46
55
-20
-30
-46
8
84
77
-12
-72
-84
-75
-40
-2
25
3
-63
-32
8
20
89
24
-22
-20
-69
16
20
12
-30
-92
10
-3
-19
-19
-39
-4
-22
-10
71
64
-19
6
22
-26
-11
-14
8
31
-27
53
127
124
93
-35
-59
-65
-116
-54
-31
-64
-15
-4
-46
-47
-24
-31
-36
7
5
25
84
3
-15
33
-3
2
-67
-106
-76
-18
71
82
73
-8
-40
-10
33
77
75
119
76
-54
-50
39
76
80
-19
-52
-1
29
101
84
10
-53
-59
-23
16
87
102
10
-78
-43
50
137
149
33
-121
-175
-71
9
27
37
-114
-231
-112
92
183
70
-73
-135
-48
59
79
172
114
-115
-183
-146
-61
38
56
-42
-151
-122
1
174
160
-48
-148
-106
35
134
121
50
-28
-61
-73
-1
94
91
-4
-113
-73
-50
-34
59
63
15
-86
-106
-58
56
166
15
-66
-20
-21
51
135
196
125
-34
-29
9
35
105
68
-27
-75
12
96
99
144
34
-20
56
-15
20
127
71
-32
-76
-42
53
109
56
-25
-123
-160
-53
3
6
26
-26
-116
-121
-92
-66
-21
-69
-154
-143
-95
1
92
11
-90
-95
-42
49
116
63
-98
-180
-135
-40
24
58
38
-71
-178
-155
15
105
100
72
-65
-84
-5
101
178
80
-48
-107
10
164
185
112
69
31
-11
75
119
121
79
15
-28
-2
100
166
186
33
-104
-26
44
104
143
-2
-101
-120
-125
5
107
21
-102
-158
-123
-9
-20
-1
-31
-188
-172
-83
32
81
3
-101
-198
-156
-12
126
97
-48
-98
-142
-25
136
114
103
-55
-163
-54
25
135
130
0
-90
-109
-23
75
68
7
52
-11
-30
129
143
149
29
-96
-55
-5
102
60
10
47
-42
-26
103
95
116
136
-5
-70
-7
95
141
93
23
1
11
5
146
196
45
-21
-58
-8
93
111
17
-64
-93
-148
-26
94
44
-43
-158
-169
-80
-19
25
46
-80
-202
-146
-75
26
68
-39
-145
-200
-100
0
-3
90
-12
-226
-137
-2
70
114
-16
-111
-93
-69
72
110
11
-18
-44
-37
-7
92
111
-14
-67
-97
-25
207
184
-27
-19
-45
-78
41
143
99
-20
-111
-150
-33
59
106
80
-67
-108
-12
106
186
128
13
-7
2
33
75
84
66
-32
-82
63
147
76
-12
-81
-25
23
3
34
4
-43
-16
-10
10
16
19
14
-69
-77
-48
-7
65
-6
-57
-23
-35
14
7
46
40
-69
6
16
60
106
17
42
-13
-108
-37
26
2
29
35
-30
-32
-26
6
3
-27
0
-46
-71
-18
94
89
-35
-44
-37
-3
88
96
52
-5
-97
-152
-110
20
75
-27
-91
-54
-35
46
126
48
-6
-54
-47
67
72
53
3
-190
-249
-30
218
224
38
-124
-193
-107
22
16
-22
-117
-187
-71
20
66
63
-66
-161
-102
-39
45
150
73
52
91
83
112
42
-27
-74
-80
-20
-5
41
84
35
13
7
-37
87
145
61
52
9
31
70
96
55
-57
-65
-41
26
69
71
-29
-130
-52
-14
-3
-4
-25
-97
-160
-78
53
75
-79
-78
-41
-82
98
182
23
-65
-109
-92
-8
66
112
26
-30
17
98
142
104
45
-29
-19
38
41
-13
-35
-9
-27
-80
-16
146
117
24
-39
-84
-44
-8
97
101
-42
-60
-7
102
146
24
-52
-80
-62
-1
32
73
25
-110
-112
-99
-60
36
1
-11
-65
-61
29
2
22
-49
-92
-25
3
87
13
-38
-64
-95
42
37
11
-11
-56
-54
-22
82
75
33
42
-2
-72
6
102
78
40
-65
-83
-34
-84
-66
-39
-103
-83
-28
-11
30
-2
-121
-155
-54
-22
-12
-31
-97
-58
-19
-42
-53
49
87
18
67
112
87
57
-7
-31
-13
-35
-31
1
6
-5
40
40
66
120
44
50
80
124
154
115
112
37
-22
30
70
111
80
-19
-42
-51
-21
52
37
-48
-89
27
55
-23
49
-1
-74
-12
-27
36
59
35
27
-56
-57
-29
22
-10
-42
-68
-100
0
31
72
22
-51
-6
-47
-13
5
-15
-9
-94
-90
27
84
17
-57
-83
-64
33
74
20
35
-6
-65
-15
-41
10
68
-21
-64
-113
-76
26
-20
-67
-48
-78
-129
-54
25
-41
-66
-52
-95
-12
70
44
-23
-126
-87
-17
46
37
22
61
-90
-138
-46
5
-1
-53
-23
20
49
24
42
45
-68
-101
-64
27
33
14
49
51
8
-46
22
110
141
87
44
103
137
109
82
-6
-59
9
4
40
88
91
73
26
82
140
133
139
138
35
1
81
67
34
-26
-65
-36
-54
-52
2
55
-21
-84
-22
-67
-81
-50
-111
-62
-41
-75
-8
-6
35
51
-13
23
-35
-50
33
-33
-84
-99
-66
2
23
28
-55
-54
24
96
104
-35
-20
-13
-16
122
102
43
-18
-45
-11
15
58
59
46
-26
-105
-61
-4
-61
-70
-16
32
9
-105
-74
9
-37
-91
-107
-46
11
-26
-34
-12
-32
-5
38
20
-38
-98
-56
19
44
-5
-17
35
-16
-34
16
-30
-110
-126
-58
-9
21
41
22
117
43
-202
-179
50
229
111
-159
-124
30
78
158
68
-75
-88
-118
-75
-3
-18
53
50
-96
4
229
273
135
-40
-44
102
137
40
-22
-13
49
86
2
-42
-9
28
59
-21
-71
39
147
78
21
-75
-113
18
-11
-68
-40
38
20
-85
-53
-18
31
80
-57
-89
42
22
19
73
-54
-87
43
54
74
78
32
1
-29
49
63
25
15
-47
-6
52
43
10
-64
-64
-45
-79
-66
-27
-14
1
-34
-62
64
108
15
7
-82
-135
-41
-39
48
45
-108
-129
-149
13
79
-17
18
-33
-6
24
-5
-19
-36
3
39
24
-56
12
113
53
-28
-22
42
98
87
-29
-21
74
-4
-62
39
8
-96
-46
4
58
18
-48
27
-17
-72
-20
21
24
-40
-26
-25
-66
-49
-46
-59
-38
5
-17
-46
-24
-1
-55
-66
-21
-21
-35
-39
62
135
98
56
79
98
59
60
91
57
32
21
-25
59
118
78
37
5
16
-18
24
94
23
-1
80
76
-16
-19
8
-59
-82
-57
-45
-20
-47
-57
-28
-91
-124
-69
-10
40
-39
-111
-114
-104
-56
-27
10
-2
-1
-19
-20
41
29
-12
-58
-59
-50
-5
99
117
81
-1
-33
-48
-17
79
63
-2
-26
41
53
53
61
-2
40
26
-18
39
21
36
57
-53
10
135
33
-2
-33
-85
-7
0
44
43
-19
-49
-128
-98
-56
-13
-13
-99
-41
-6
8
56
-33
-82
-70
-27
-42
-84
2
-18
-33
-21
-66
-16
13
10
21
-3
28
77
42
21
-16
55
109
41
112
123
81
35
-35
39
52
-12
42
57
66
96
-2
-21
15
-2
-3
-6
-23
-9
50
-34
-66
26
-22
-62
-20
-16
-12
53
68
8
27
84
57
45
76
71
14
-44
-62
2
95
112
77
26
82
44
-20
58
52
46
-18
-93
-3
61
56
33
-74
-121
-60
-70
-50
17
27
35
-23
-84
-62
-69
-15
-9
-54
-49
-57
-23
-53
-54
-29
-30
7
-27
-24
-22
-12
-54
-166
-77
31
38
-36
-83
-36
16
26
-48
-103
-128
-94
-77
-40
50
12
-50
-30
93
152
33
3
25
-37
-40
20
103
84
48
47
49
98
69
105
108
32
79
147
100
30
55
57
88
166
134
40
47
75
16
-74
-10
53
16
39
-33
-93
-111
-82
7
-48
-67
-59
-49
3
-1
-10
-22
-25
-44
-67
-116
-52
-23
-87
-81
-45
58
53
42
-10
-52
-22
-10
31
0
6
-8
-13
-8
-19
78
76
29
92
84
4
32
29
-65
3
44
-83
-31
12
93
116
-39
-63
-102
47
124
10
2
19
69
14
-43
-28
-25
-20
-38
-26
22
42
104
51
-17
87
83
-5
-44
-14
-46
-61
36
-15
-27
52
1
-25
-2
-16
0
-82
-153
-85
-67
18
94
5
-10
-20
-91
-22
84
74
5
-40
3
46
10
-17
-46
-71
-34
-26
-10
25
-20
13
40
11
81
5
-65
-15
-74
-25
28
-49
-33
-54
-66
-21
-71
-33
-12
-53
-45
-120
-146
-81
-54
-58
-8
34
44
67
66
48
53
81
55
21
90
121
65
99
110
73
59
19
51
79
52
49
8
-4
80
34
-72
-6
-39
-32
87
45
20
-36
-76
7
33
-12
-18
-8
19
39
61
37
-14
17
-35
-16
-15
-135
-90
-46
-37
-72
-111
-51
-26
-7
14
-44
-93
-45
-26
-1
-1
-39
-59
-56
45
19
36
128
-13
-79
-42
-63
-66
-43
-61
-126
-92
-13
19
9
28
105
150
71
26
30
-22
43
15
-12
16
4
69
47
49
-11
36
93
20
95
29
46
4
-166
-118
-97
-44
42
42
2
-87
-78
-31
-36
-10
-98
-120
3
-14
-44
-12
-41
-11
-35
-99
-54
-32
-28
-73
-55
-36
-63
-37
-49
-67
-33
-14
-109
-108
-49
-68
20
67
76
88
4
-11
2
-22
18
87
83
31
17
64
93
85
48
-11
32
51
19
8
24
71
16
27
46
-2
62
93
95
71
-6
-10
-27
-55
32
126
155
116
20
27
31
-6
7
19
41
41
25
-11
-20
10
5
19
-1
-60
-35
-37
-59
-2
41
36
38
-26
-79
-75
-58
-2
-5
-55
-69
-83
-136
-71
-2
-60
-58
-57
-33
29
-29
-54
-16
-69
-60
72
104
5
-59
-43
-76
-43
-11
-43
6
-31
11
54
-14
-36
-93
-8
7
-88
-9
4
-22
-2
78
106
32
44
-23
-6
4
-30
50
15
80
104
29
-4
-20
38
31
52
56
-2
8
-17
-57
-56
-91
31
108
57
112
23
-53
-43
-32
2
-5
-17
26
66
54
48
38
73
11
49
93
10
97
47
-10
42
1
-7
-37
-66
31
-15
-87
-26
-18
-27
-71
-58
3
-2
8
14
-13
-48
-92
-77
-50
-71
-16
27
0
-29
-51
-33
-39
-2
51
58
42
22
22
-56
-24
8
-11
68
81
76
25
14
51
4
-1
-32
-32
5
-7
57
12
3
72
5
-18
16
61
83
75
99
66
22
-2
-39
-11
-4
-9
35
16
-54
-20
2
-60
-16
-37
-46
5
-19
3
-5
-15
37
33
-45
-15
50
-7
-33
23
46
61
68
12
-50
-64
-37
-56
-43
7
-34
9
-28
-127
-78
-103
-65
-5
-41
-29
-77
-25
86
22
-22
-29
-80
-107
-67
12
42
0
-22
7
40
19
-54
-14
38
7
37
50
-1
122
108
-8
115
37
-4
23
-25
42
-16
1
35
-16
29
23
-45
-27
-37
-11
37
-14
4
-48
-58
28
61
99
98
122
82
10
23
20
7
-7
26
64
-1
6
58
42
22
-22
0
15
36
96
17
-2
17
-67
-82
-15
-4
-47
12
43
-2
3
27
56
-17
-63
-15
-18
-2
20
-32
-40
3
9
18
12
45
-1
-98
-60
-69
-28
9
-89
-77
-12
-49
-52
8
9
-20
-47
-70
-38
2
-22
-25
-7
13
5
-82
-40
32
-19
15
65
22
-4
-29
-5
-13
-32
-22
-14
67
47
48
55
48
81
69
70
70
76
69
49
7
6
20
5
20
-16
-56
5
4
-59
-43
-24
12
13
-22
-77
-95
-36
-19
-72
-114
-57
-16
17
9
-8
50
56
39
10
32
41
-4
-24
-18
27
-8
-17
2
-124
-123
-23
-88
-87
-31
21
43
-19
65
114
-10
-11
52
-24
-36
7
31
13
-54
-2
85
91
10
-27
5
-55
-5
105
39
32
2
-39
53
47
2
37
19
-50
-8
32
40
86
40
7
49
54
59
27
-6
74
66
-64
-37
79
119
90
35
54
42
-18
-57
-38
-19
-51
-46
-48
-77
-101
-38
15
-1
-38
-59
-78
-100
-84
-43
-24
-69
-18
13
4
4
-77
-41
-14
-29
31
15
-1
34
53
26
-11
-5
26
-9
-90
-31
-33
-73
11
8
-47
-52
-21
-43
-61
-21
12
21
-31
-42
-5
36
29
-19
-6
25
31
102
109
-13
12
99
50
32
54
12
23
28
65
73
-14
0
76
54
-40
12
93
71
53
67
73
85
69
-22
-51
-24
-47
-52
28
-36
-53
46
-38
-27
-40
-90
-69
-83
6
-12
-51
-18
-77
-36
65
71
39
20
5
14
24
-11
-28
-27
-74
-104
4
53
11
7
22
56
-3
-32
25
45
4
-45
28
33
-41
-11
24
33
11
-34
19
77
33
0
-17
-35
-90
-94
18
53
59
80
72
6
-51
-55
-16
55
76
38
-8
-23
-54
-4
1
8
96
38
-67
-29
27
-23
-4
37
-9
5
27
36
45
-61
-69
21
34
-25
-64
-31
-64
-75
-27
-22
-96
-131
-21
27
-8
-34
-58
-87
-27
32
-71
-73
-29
-9
23
-18
32
-31
-114
-17
7
-1
-2
-6
-35
-91
-80
-48
-25
-14
-7
55
95
59
60
81
87
113
97
63
45
33
58
53
77
110
88
66
14
53
127
140
93
61
65
5
-11
-53
-61
-19
15
16
-13
-13
-79
-80
16
6
-19
-1
-28
7
-9
-25
24
-13
-50
-56
-27
-59
-67
-43
-54
-29
-50
-77
-81
-71
-91
-64
30
-26
-49
29
-28
-53
0
-25
-51
-78
-68
18
37
50
68
31
61
49
62
87
80
108
13
-13
65
102
59
-21
-55
-36
2
34
59
26
67
56
-54
-18
-3
-46
-19
3
18
-7
-17
-21
-81
-43
-79
-106
-46
-76
-84
-14
-42
-118
-65
-17
33
-1
-16
80
-32
-72
58
-30
-78
15
-4
11
20
-56
-51
52
55
21
96
112
91
74
19
-30
-25
-5
19
83
92
50
9
55
39
-4
22
-18
52
32
-3
55
14
8
-44
-33
59
50
-35
-35
4
-50
-41
-1
-8
6
22
-47
-33
-6
-54
-42
-49
31
-4
-113
-53
-16
12
45
-6
30
48
-125
-137
-14
0
-74
-31
55
29
-38
-114
3
49
18
25
-90
-125
-60
-29
21
72
-10
25
34
-51
-15
-4
52
74
8
5
-43
-52
50
-10
-25
38
-8
-16
-22
-14
-6
-34
0
-9
-19
59
35
33
62
77
88
5
34
96
69
2
-55
-20
-7
-10
-3
24
54
-10
-56
-10
17
26
131
138
42
14
-20
23
8
-84
-58
10
-52
-84
-31
-11
57
-39
-154
-133
-113
-62
-65
-96
-77
-72
-56
38
-6
-81
-45
-35
-50
-68
-4
11
-45
-17
2
33
46
23
7
-23
21
46
-3
-40
-30
-5
23
66
-3
-18
65
44
-4
-19
19
33
5
58
67
13
14
1
-19
39
69
36
69
61
22
34
82
120
87
44
44
115
21
-25
58
-44
-19
86
63
62
51
20
7
1
-25
-97
-55
48
-35
-81
-42
-53
-19
-29
-24
18
-32
-59
-47
0
27
-35
15
83
57
52
34
22
53
3
-69
-54
-7
18
-19
2
41
7
-30
-22
53
37
2
54
-14
-14
7
-29
63
38
-37
-21
53
21
-34
20
-8
-36
-97
-96
-1
-2
27
59
20
-2
5
58
22
-14
0
-44
43
64
-11
5
-77
-91
12
22
66
57
7
50
26
23
30
-22
-51
-12
50
34
-40
-76
-61
-29
22
38
58
11
-42
-31
9
60
-38
11
73
-50
1
31
83
187
137
131
93
58
117
66
34
-10
-88
-43
12
-23
-56
-79
-135
-122
-134
-131
-87
-104
-92
-81
-120
-101
-7
-47
-98
-33
20
-24
-93
-77
-71
-4
38
-1
-45
-45
30
-9
-55
56
107
76
57
42
87
22
-73
-58
-47
-2
-12
-59
-50
-49
1
9
-51
7
0
40
87
-9
71
118
88
56
-14
44
80
3
-9
-9
-17
66
53
31
61
66
53
12
-8
-28
27
59
71
186
126
33
47
65
137
196
237
222
215
161
92
104
164
240
263
216
161
128
110
121
102
66
19
46
72
32
63
45
-3
18
-16
-73
-49
-56
-77
-63
-128
-148
-62
-52
-103
-116
-99
-105
-127
-192
-229
-163
-206
-244
-206
-212
-203
-198
-225
-254
-276
-272
-200
-187
-268
-212
-123
-183
-199
-172
-157
-86
-78
-119
-89
-70
-41
-17
-80
-114
-89
-118
-118
-33
-6
-9
-21
-25
-33
-81
-53
-70
-152
-124
-59
-81
-60
-8
-100
-119
29
96
69
117
161
141
178
151
134
218
227
264
373
332
274
249
269
280
175
206
184
184
266
260
284
236
214
253
271
239
207
247
193
134
210
231
253
387
383
340
391
429
371
245
273
268
186
149
140
191
200
117
65
78
0
-32
-146
-309
-292
-330
-370
-432
-450
-339
-345
-349
-273
-286
-256
-223
-240
-233
-211
-181
-198
-165
-99
-123
-171
-184
-162
-160
-216
-227
-265
-349
-424
-506
-487
-463
-506
-458
-425
-445
-403
-432
-394
-276
-265
-306
-324
-302
-250
-181
-97
-17
-11
-23
12
-8
-44
-27
-52
-114
-188
-199
-211
-265
-234
-230
-155
-60
-40
47
54
19
26
56
107
116
122
227
360
455
510
476
476
585
649
633
657
696
703
657
617
569
494
486
455
435
411
371
424
396
344
316
213
203
277
360
405
406
355
315
481
588
592
675
635
579
543
550
565
474
440
374
322
274
242
302
224
29
-68
-142
-292
-312
-407
-581
-624
-673
-582
-563
-633
-562
-497
-409
-425
-504
-506
-481
-478
-454
-436
-404
-276
-206
-202
-206
-239
-330
-415
-509
-623
-690
-769
-832
-871
-927
-938
-931
-955
-898
-910
-967
-953
-1004
-1005
-937
-814
-666
-528
-341
-250
-214
-83
-93
-145
-76
-182
-253
-164
-91
-2
-3
6
124
143
42
-48
-47
-11
-57
-91
-74
-10
49
103
226
284
414
527
480
535
595
662
724
714
843
982
1004
1004
1065
1173
1157
1092
949
836
855
744
733
723
695
772
712
679
634
484
437
515
451
410
530
522
625
804
804
877
937
890
836
792
815
786
666
550
509
574
662
682
552
382
215
-17
-192
-382
-544
-574
-683
-652
-566
-595
-514
-498
-559
-563
-656
-816
-810
-806
-769
-677
-640
-496
-356
-236
-214
-330
-472
-636
-770
-960
-1194
-1244
-1212
-1277
-1246
-1196
-1160
-1066
-1066
-1094
-1216
-1294
-1314
-1404
-1365
-1285
-1104
-837
-586
-365
-187
-72
-45
-15
-100
-231
-295
-418
-440
-236
-113
-6
180
247
347
295
97
-14
-238
-363
-380
-424
-213
-8
150
419
604
783
859
821
720
541
526
560
591
748
875
1051
1275
1405
1572
1583
1389
1230
1021
723
611
657
667
757
897
1078
1178
1123
1082
1017
905
677
439
381
392
434
560
818
1118
1269
1343
1429
1441
1381
1141
946
855
787
861
896
1011
1102
1079
1062
915
638
307
3
-350
-741
-1014
-1130
-1188
-1208
-1150
-1073
-1029
-1098
-1123
-1211
-1359
-1422
-1538
-1466
-1290
-1142
-956
-747
-555
-472
-466
-574
-747
-993
-1291
-1505
-1724
-1895
-1918
-1892
-1772
-1628
-1626
-1667
-1707
-1785
-1851
-1885
-1942
-1931
-1716
-1471
-1154
-790
-544
-299
-167
5
107
-50
-172
-302
-312
-158
-108
48
235
298
392
362
315
261
35
-202
-318
-271
-175
-96
130
412
584
737
901
975
907
856
758
664
736
819
997
1168
1384
1654
1759
1905
1969
1829
1654
1514
1394
1291
1269
1337
1427
1499
1612
1647
1595
1482
1270
1076
867
659
511
475
534
685
904
1076
1237
1343
1352
1282
1146
1054
987
928
1014
1134
1224
1321
1375
1433
1378
1227
887
394
55
-344
-733
-963
-1170
-1220
-1164
-1184
-1237
-1289
-1447
-1604
-1706
-1870
-1985
-1945
-1792
-1505
-1210
-1009
-748
-448
-373
-407
-401
-585
-837
-1083
-1339
-1518
-1620
-1655
-1678
-1626
-1677
-1794
-1846
-1990
-2079
-2142
-2239
-2184
-2057
-1921
-1720
-1429
-1003
-617
-355
-60
122
176
166
18
-8
15
-17
45
102
166
222
269
293
267
155
21
-36
-105
-115
-161
-225
-136
51
218
336
516
659
727
754
739
703
717
849
945
1007
1176
1301
1413
1574
1704
1741
1662
1662
1583
1507
1473
1388
1494
1437
1266
1290
1302
1318
1257
1186
1140
1005
944
887
797
698
682
775
781
876
964
1006
1099
1108
1141
1216
1260
1235
1255
1395
1482
1428
1384
1386
1298
1212
1082
865
700
333
-123
-493
-892
-1122
-1359
-1633
-1805
-2043
-2230
-2334
-2440
-2516
-2461
-2290
-2143
-1965
-1686
-1395
-1044
-669
-485
-375
-308
-299
-357
-594
-752
-925
-1267
-1524
-1762
-1981
-2076
-2165
-2246
-2373
-2545
-2629
-2663
-2634
-2554
-2373
-2072
-1708
-1302
-868
-410
-23
294
493
587
581
450
348
297
271
255
129
41
81
74
67
8
-81
-207
-385
-479
-672
-725
-577
-365
-94
89
384
722
984
1187
1336
1402
1407
1366
1243
1249
1363
1537
1713
1815
1946
2062
2062
2026
1863
1576
1403
1182
1007
1016
1081
1189
1215
1352
1492
1514
1624
1519
1363
1266
1058
930
826
807
845
878
999
1079
1133
1173
1189
1208
1101
1039
1101
1206
1395
1552
1767
1949
1999
2103
2036
1851
1699
1334
815
334
-77
-490
-936
-1342
-1697
-1957
-2214
-2539
-2853
-3116
-3233
-3242
-3207
-2988
-2530
-2062
-1590
-1075
-619
-179
69
45
13
-111
-410
-713
-1043
-1296
-1506
-1778
-2022
-2301
-2546
-2734
-2944
-3179
-3443
-3582
-3617
-3522
-3157
-2697
-2180
-1470
-752
-233
264
654
861
947
867
691
501
405
309
272
240
148
180
132
-3
-134
-406
-654
-846
-1089
-1137
-1045
-942
-640
-220
199
573
937
1230
1354
1464
1475
1388
1293
1168
1129
1251
1402
1537
1757
1810
1782
1824
1700
1537
1299
1013
829
611
473
498
570
668
899
1020
1145
1375
1331
1265
1183
1100
1112
1034
1034
1092
1178
1300
1375
1428
1508
1529
1447
1433
1464
1477
1566
1805
2079
2302
2490
2562
2649
2741
2690
2598
2395
2133
1791
1352
871
224
-312
-850
-1483
-1981
-2489
-2998
-3465
-3921
-4139
-4091
-3911
-3568
-3134
-2581
-1967
-1423
-867
-343
33
151
171
140
-24
-199
-486
-774
-1112
-1534
-1935
-2368
-2732
-3177
-3571
-3929
-4248
-4252
-4190
-3950
-3559
-3038
-2177
-1412
-705
-33
411
863
1163
1248
1220
1083
911
634
428
280
65
-58
-152
-329
-455
-622
-868
-1032
-1299
-1524
-1546
-1543
-1351
-972
-493
106
559
972
1390
1600
1740
1786
1736
1731
1635
1521
1574
1632
1746
1880
1951
1986
1883
1735
1459
1086
806
486
164
22
-33
60
292
559
865
1180
1510
1674
1751
1805
1758
1750
1685
1621
1676
1735
1820
1885
1907
1921
1915
1809
1605
1554
1515
1365
1416
1608
1822
2136
2410
2616
2795
2926
2986
2808
2523
2168
1702
1231
617
-35
-652
-1317
-1952
-2579
-3145
-3610
-4099
-4450
-4565
-4481
-4167
-3746
-3142
-2509
-1867
-1134
-548
-66
248
324
234
75
-236
-618
-948
-1266
-1544
-1958
-2408
-2802
-3193
-3582
-3884
-4134
-4413
-4458
-4352
-4101
-3550
-2826
-1931
-1005
-173
520
1094
1515
1605
1488
1182
765
379
80
-139
-355
-378
-338
-390
-423
-573
-787
-1047
-1396
-1634
-1757
-1761
-1636
-1261
-683
-5
643
1170
1682
1944
2089
2006
1783
1600
1310
1229
1206
1321
1602
1827
2035
2095
2054
1902
1583
1253
895
488
197
50
100
305
617
1003
1346
1667
1902
1970
1943
1827
1730
1706
1675
1713
1792
1925
2065
2161
2170
1993
1806
1612
1334
1140
1093
1188
1412
1740
2233
2726
3037
3313
3476
3427
3332
3115
2780
2353
1874
1565
1284
899
446
-161
-934
-1838
-2731
-3600
-4474
-5188
-5660
-5760
-5431
-4820
-3945
-2974
-2055
-1174
-532
-161
37
78
-112
-458
-695
-974
-1245
-1383
-1541
-1672
-1887
-2293
-2832
-3469
-4200
-4837
-5221
-5594
-5689
-5258
-4590
-3674
-2522
-1339
-274
725
1457
1799
2002
1924
1638
1274
921
660
401
305
233
176
49
-273
-589
-1092
-1610
-2068
-2451
-2498
-2431
-2172
-1617
-916
-132
575
1113
1452
1761
2000
1952
1831
1676
1574
1583
1583
1734
1879
1962
2069
2057
1864
1642
1398
1076
803
530
378
346
430
644
894
1168
1326
1456
1602
1722
1793
1841
1860
1941
2032
1983
2005
2060
2049
1992
1886
1759
1655
1461
1249
1264
1325
1393
1636
1886
2124
2426
2616
2854
3097
3132
3114
2998
2869
2779
2606
2317
1944
1509
985
388
-438
-1369
-2351
-3389
-4227
-4915
-5423
-5658
-5585
-5241
-4670
-3841
-3002
-2205
-1416
-891
-490
-205
-118
-230
-531
-778
-999
-1202
-1311
-1467
-1764
-2079
-2512
-3034
-3538
-4107
-4565
-4982
-5264
-5164
-4805
-4106
-3219
-2286
-1200
-112
793
1428
1829
1915
1802
1601
1236
850
470
285
207
-4
-120
-178
-390
-738
-1196
-1611
-1975
-2305
-2331
-2188
-1933
-1482
-851
-81
608
1116
1475
1705
1684
1648
1538
1288
1174
1063
1094
1287
1490
1764
1986
2078
2044
1852
1517
1268
1053
729
557
532
620
845
1084
1409
1739
1939
2100
2210
2263
2152
1957
1903
1838
1773
1763
1765
1800
1746
1692
1646
1422
1263
1198
1147
1200
1252
1480
1801
2068
2417
2763
3101
3435
3570
3541
3479
3342
3222
2979
2604
2345
2006
1447
820
96
-839
-1837
-2852
-3804
-4504
-5180
-5718
-5819
-5671
-5228
-4419
-3550
-2718
-1934
-1368
-847
-419
-280
-350
-558
-814
-1107
-1387
-1544
-1617
-1774
-1962
-2321
-2763
-3146
-3744
-4262
-4641
-5035
-5143
-5108
-4835
-4145
-3330
-2382
-1319
-302
535
1171
1627
1829
1741
1523
1272
898
558
309
113
-24
-177
-352
-515
-749
-1051
-1332
-1634
-1916
-2027
-1889
-1628
-1253
-729
-71
568
1084
1596
1925
2013
2057
1996
1835
1604
1358
1299
1375
1504
1646
1762
1877
1943
1823
1563
1271
934
696
520
425
586
798
1061
1475
1883
2235
2436
2586
2655
2552
2444
2230
1984
1796
1636
1536
1548
1599
1516
1458
1425
1381
1374
1378
1349
1401
1669
1852
2071
2484
2833
3175
3439
3560
3483
3325
3190
2785
2453
2148
1732
1355
805
343
-274
-1129
-1952
-2942
-3764
-4437
-5152
-5673
-5951
-5800
-5260
-4480
-3585
-2734
-1934
-1257
-778
-542
-543
-731
-972
-1296
-1622
-1760
-1825
-1875
-1839
-1851
-2075
-2465
-2900
-3483
-4100
-4547
-4999
-5260
-5149
-4699
-3917
-2925
-1803
-701
340
1238
1854
2128
2064
1838
1488
1005
585
305
116
15
2
-75
-192
-395
-844
-1304
-1749
-2140
-2425
-2555
-2404
-1996
-1346
-512
440
1233
1931
2455
2575
2495
2249
1863
1412
1084
867
805
1027
1337
1734
2086
2231
2216
2022
1638
1130
678
315
-2
-59
134
433
959
1526
2027
2547
2762
2691
2542
2282
1874
1461
1240
1010
962
1189
1447
1728
1916
2084
2139
2089
2005
1760
1663
1675
1744
2028
2398
2777
3121
3534
3892
3960
3760
3437
3104
2649
2225
1864
1472
1205
954
643
157
-609
-1579
-2604
-3625
-4575
-5465
-6206
-6416
-6194
-5608
-4725
-3712
-2595
-1560
-793
-315
-77
-83
-256
-616
-1053
-1319
-1467
-1490
-1425
-1421
-1566
-1865
-2294
-2935
-3755
-4615
-5390
-5958
-6283
-6269
-5741
-4759
-3498
-2191
-936
240
1145
1730
1997
1921
1724
1394
890
541
424
393
432
511
403
129
-242
-726
-1360
-2002
-2528
-2894
-2879
-2555
-2018
-1290
-339
693
1497
2077
2372
2399
2276
1908
1421
992
710
715
913
1197
1648
2106
2429
2537
2362
2072
1687
1187
609
85
-192
-178
58
493
1057
1540
2008
2376
2492
2578
2432
1997
1709
1514
1346
1404
1581
1748
2054
2392
2508
2574
2498
2225
1990
1746
1582
1515
1590
1926
2276
2635
3054
3404
3670
3704
3564
3412
3092
2750
2444
2062
1787
1616
1407
1120
642
-48
-944
-2071
-3255
-4373
-5274
-6008
-6518
-6411
-5786
-4887
-3882
-2887
-1876
-1033
-522
-323
-349
-545
-839
-1235
-1607
-1802
-1870
-1796
-1804
-1961
-2103
-2456
-3041
-3753
-4588
-5281
-5796
-6132
-6095
-5629
-4801
-3683
-2228
-846
281
1346
2039
2381
2351
1998
1601
1067
631
325
60
71
146
60
-62
-271
-657
-1129
-1717
-2263
-2670
-2953
-2794
-2275
-1599
-700
286
1197
2008
2577
2755
2694
2381
1839
1367
997
792
816
1036
1474
1869
2269
2622
2662
2526
2168
1652
1015
317
-176
-429
-335
-19
409
1027
1670
2241
2631
2798
2782
2533
2138
1776
1426
1196
1198
1228
1418
1691
1880
2071
2142
2167
2038
1820
1641
1438
1469
1628
1922
2388
2896
3418
3798
4089
4208
4149
3864
3505
3189
2735
2392
2017
1618
1339
907
201
-659
-1639
-2769
-3933
-5026
-5790
-6356
-6537
-6155
-5457
-4404
-3313
-2240
-1259
-561
-132
-25
-87
-360
-810
-1234
-1586
-1704
-1735
-1858
-1894
-2031
-2283
-2633
-3352
-4129
-4844
-5487
-5868
-6077
-5864
-5215
-4279
-3054
-1768
-638
318
1183
1660
1720
1583
1278
942
548
274
170
23
4
72
-17
-251
-575
-989
-1532
-2146
-2570
-2712
-2747
-2543
-2008
-1362
-526
441
1262
1879
2254
2368
2260
1967
1681
1479
1231
1175
1309
1507
1813
2099
2404
2501
2380
2165
1686
1162
619
41
-381
-598
-559
-226
318
965
1661
2261
2802
3190
3280
3135
2818
2507
2170
1857
1725
1741
1897
2101
2264
2398
2489
2502
2448
2182
1891
1786
1759
1865
2123
2566
3124
3730
4192
4470
4571
4435
4218
3702
3194
2770
2130
1636
1238
815
398
-112
-854
-1861
-3048
-4245
-5341
-6247
-6706
-6888
-6666
-5867
-4818
-3620
-2363
-1296
-501
-60
-120
-467
-985
-1588
-2148
-2610
-2775
-2790
-2756
-2670
-2572
-2571
-2801
-3245
-3982
-4756
-5398
-5902
-6054
-5765
-5115
-4125
-2885
-1557
-203
901
1750
2292
2398
2296
1945
1455
908
424
216
138
99
93
71
-56
-291
-737
-1300
-1812
-2248
-2485
-2516
-2311
-1914
-1296
-438
418
1175
1798
2197
2321
2281
2147
1938
1668
1429
1388
1453
1641
1880
2141
2431
2460
2335
2010
1468
924
293
-241
-594
-805
-703
-256
433
1208
1940
2627
3145
3366
3458
3305
2938
2575
2183
1863
1687
1653
1788
2011
2160
2241
2277
2249
2064
1820
1699
1666
1716
1870
2288
2948
3635
4172
4557
4813
4809
4554
4097
3603
3039
2394
1946
1626
1224
846
464
-84
-934
-2182
-3480
-4662
-5762
-6737
-7338
-7330
-6750
-5636
-4297
-2941
-1720
-669
50
274
93
-397
-958
-1563
-2045
-2299
-2404
-2296
-2066
-1995
-2086
-2315
-2763
-3467
-4394
-5234
-5868
-6170
-6224
-5976
-5128
-3958
-2678
-1426
-255
667
1205
1548
1581
1336
1029
688
384
224
120
-4
-18
-95
-381
-727
-1130
-1603
-2128
-2608
-2826
-2794
-2532
-2008
-1396
-729
61
775
1430
1894
1984
2123
2178
2040
2013
1862
1781
1951
2099
2317
2441
2466
2564
2441
2213
1822
1218
726
212
-237
-457
-467
-134
408
1048
1825
2608
3301
3737
3859
3744
3477
3090
2609
2171
1824
1667
1644
1731
1915
2172
2393
2345
2224
2041
1763
1577
1540
1590
1859
2381
2950
3664
4305
4686
4922
4859
4572
4119
3449
2824
2273
1809
1387
1077
855
445
-119
-1059
-2332
-3636
-4927
-6102
-7003
-7418
-7141
-6209
-4945
-3587
-2247
-954
7
445
453
29
-581
-1321
-2062
-2485
-2553
-2483
-2404
-2252
-2254
-2437
-2770
-3408
-4255
-5080
-5914
-6621
-6755
-6483
-5895
-4840
-3582
-2213
-820
420
1373
1953
2162
2025
1633
1091
542
69
-258
-407
-415
-525
-753
-930
-1197
-1584
-2071
-2529
-2834
-2943
-2768
-2390
-1764
-992
-179
626
1328
1955
2301
2353
2347
2265
2095
1987
1930
1926
2059
2248
2440
2646
2870
2963
2798
2388
1839
1273
594
-1
-391
-556
-427
-28
597
1323
2142
2899
3377
3583
3612
3299
2858
2415
1867
1473
1303
1313
1477
1810
2151
2388
2505
2532
2489
2378
2186
1992
2038
2183
2458
3012
3639
4234
4708
4955
5073
4966
4521
3972
3328
2617
2083
1695
1334
969
530
-12
-921
-2246
-3583
-5002
-6370
-7356
-7940
-7745
-6903
-5666
-4057
-2452
-996
128
798
918
481
-128
-888
-1598
-2067
-2259
-2077
-1865
-1648
-1509
-1697
-2143
-2829
-3815
-4951
-6039
-6893
-7275
-7242
-6726
-5716
-4361
-2818
-1325
49
1163
1912
2115
1848
1261
603
79
-502
-854
-934
-893
-757
-777
-933
-1213
-1723
-2297
-2907
-3492
-3796
-3791
-3435
-2798
-1945
-986
-17
823
1401
1893
2095
2024
1934
1734
1536
1397
1378
1574
1780
2077
2498
2854
3082
3149
2993
2488
1824
1114
373
-194
-465
-446
-23
674
1503
2540
3471
4092
4437
4527
4291
3905
3425
2809
2335
2076
1997
2001
2241
2523
2684
2851
2896
2944
2817
2597
2495
2392
2592
2906
3274
3857
4475
5150
5596
5757
5743
5480
5003
4305
3546
2786
2100
1594
1089
522
-216
-1229
-2480
-3913
-5449
-6942
-8054
-8551
-8341
-7554
-6284
-4652
-3014
-1476
-173
519
638
358
-319
-1030
-1798
-2388
-2489
-2515
-2412
-2330
-2352
-2377
-2703
-3333
-4333
-5567
-6615
-7507
-8011
-8006
-7490
-6350
-4848
-3069
-1167
519
1858
2720
2907
2594
1929
1028
181
-551
-1007
-1208
-1224
-1124
-1097
-1192
-1408
-1897
-2693
-3488
-4158
-4428
-4287
-3876
-3055
-1938
-694
527
1629
2416
2829
2959
2808
2471
2059
1769
1655
1602
1786
2141
2502
2977
3307
3365
3210
2743
2100
1339
431
-372
-804
-876
-702
-130
727
1679
2654
3434
3976
4128
4040
3917
3595
3163
2759
2506
2464
2413
2508
2702
2745
2783
2703
2467
2209
2052
1916
1737
1751
1991
2522
3233
3892
4568
5259
5827
6150
6107
5785
5367
4710
3882
3152
2474
1932
1380
708
-37
-1163
-2567
-4054
-5693
-7238
-8252
-8568
-8254
-7402
-6173
-4643
-3002
-1524
-349
292
352
162
-265
-912
-1517
-1875
-1966
-2020
-2014
-2066
-2164
-2361
-2880
-3697
-4824
-5956
-7016
-7882
-8327
-8360
-7737
-6510
-4858
-3052
-1371
280
1648
2386
2435
1951
1241
394
-371
-988
-1401
-1406
-1239
-1014
-835
-890
-1150
-1652
-2493
-3456
-4206
-4553
-4387
-3920
-3108
-1767
-210
1253
2450
3306
3779
3863
3526
2846
2141
1536
1155
1170
1460
2023
2814
3483
3920
4063
3803
3232
2369
1223
122
-696
-1129
-1019
-519
274
1308
2422
3341
3866
4214
4302
4043
3646
3159
2725
2419
2331
2364
2399
2588
2818
3067
3169
2959
2723
2441
2094
1750
1368
1321
1668
2140
2819
3636
4530
5322
5836
6067
5888
5425
4806
4137
3463
2741
2209
1763
1150
332
-842
-2248
-3781
-5400
-6942
-8179
-8673
-8334
-7459
-6149
-4576
-2912
-1350
-202
477
659
490
46
-572
-1209
-1758
-1931
-1874
-1919
-1960
-2044
-2277
-2681
-3539
-4707
-5892
-7050
-8130
-8951
-9195
-8695
-7519
-5950
-4092
-2072
-111
1670
2869
3325
3226
2658
1802
873
54
-516
-812
-759
-620
-654
-788
-1080
-1500
-2330
-3471
-4312
-4862
-5023
-4710
-4015
-2814
-1265
335
1741
2869
3681
4086
3978
3475
2859
2191
1649
1370
1362
1646
2188
2889
3425
3714
3683
3341
2688
1699
586
-419
-1016
-1249
-1030
-456
380
1505
2548
3409
4015
4288
4232
3935
3509
3017
2639
2420
2325
2356
2383
2413
2512
2579
2554
2284
1922
1675
1381
1134
1144
1440
1969
2662
3423
4197
4855
5315
5606
5518
5158
4637
4092
3708
3190
2724
2385
1864
1005
-301
-1899
-3602
-5269
-6855
-8139
-8767
-8653
-7808
-6494
-4886
-3101
-1497
-200
568
845
920
666
139
-376
-824
-1153
-1327
-1405
-1470
-1631
-1868
-2339
-3099
-4143
-5394
-6620
-7730
-8480
-8793
-8521
-7595
-6107
-4229
-2242
-239
1371
2480
3074
2995
2504
1663
788
187
-217
-376
-328
-229
-189
-233
-608
-1388
-2389
-3495
-4511
-5237
-5454
-5072
-4202
-2935
-1398
195
1619
2692
3350
3572
3295
2709
2097
1457
978
941
1233
1734
2388
2939
3553
3950
3850
3545
2753
1822
897
-94
-680
-887
-716
-166
561
1368
2253
2989
3375
3480
3443
3297
3080
2886
2771
2743
2745
2814
2820
2798
2722
2452
2195
1861
1495
1210
1009
974
1277
1778
2334
3082
3763
4407
4883
5084
5148
5007
4755
4395
3947
3527
3217
2882
2276
1374
193
-1343
-3102
-4899
-6603
-7901
-8568
-8580
-8015
-6819
-5285
-3610
-1868
-617
307
929
1054
971
570
60
-232
-484
-710
-802
-900
-1068
-1274
-1778
-2610
-3750
-5113
-6396
-7654
-8719
-9310
-9216
-8418
-7128
-5507
-3616
-1476
370
1759
2751
3149
3150
2779
2146
1507
913
566
399
241
153
80
-200
-784
-1625
-2743
-3868
-4813
-5466
-5655
-5332
-4399
-3036
-1474
179
1720
2936
3734
3975
3645
3039
2365
1725
1288
1102
1181
1557
2068
2631
3085
3290
3250
2847
2086
1121
251
-495
-1103
-1300
-1105
-516
419
1387
2251
3000
3465
3736
3808
3530
3315
3245
3188
3087
3038
3153
3213
3218
2945
2386
1923
1440
878
521
356
388
861
1576
2336
3229
4078
4778
5178
5133
4866
4439
3929
3450
3014
2712
2672
2673
2295
1425
104
-1386
-3186
-5209
-6982
-8292
-8765
-8546
-7813
-6549
-4952
-3171
-1472
-157
685
1154
1222
942
503
-71
-611
-887
-1084
-1265
-1294
-1260
-1341
-1613
-2288
-3422
-4640
-5951
-7328
-8460
-9076
-8893
-7978
-6579
-4845
-2895
-800
1171
2555
3258
3501
3384
2933
2313
1613
1100
918
745
579
502
330
-13
-714
-1829
-3030
-4172
-5119
-5743
-5999
-5629
-4636
-3201
-1568
4
1486
2587
3232
3349
2923
2345
1718
1291
1080
1089
1545
2207
2896
3504
3807
3766
3371
2552
1378
100
-1047
-1877
-2229
-2233
-1894
-1043
48
1131
1984
2608
3126
3394
3454
3310
3158
3171
3226
3259
3361
3526
3555
3536
3392
2925
2396
1962
1453
963
699
643
909
1486
2284
3200
4095
4869
5304
5288
4928
4442
3920
3488
3099
2847
2772
2582
2312
1561
257
-1305
-3178
-5110
-6924
-8294
-8830
-8563
-7685
-6442
-4862
-3031
-1353
-9
884
1306
1397
1210
802
201
-227
-405
-516
-618
-751
-625
-575
-930
-1757
-3100
-4528
-6082
-7574
-8688
-9289
-9066
-8159
-6734
-4932
-2822
-693
1143
2458
3101
3369
3160
2692
2119
1385
973
699
497
465
283
131
-201
-971
-1943
-3114
-4301
-5170
-5748
-5859
-5371
-4494
-3120
-1500
8
1352
2353
2913
3058
2762
2116
1533
1205
1061
1090
1349
1864
2568
3079
3269
3196
2727
2017
1099
2
-1012
-1694
-2042
-2038
-1550
-719
342
1421
2355
3142
3622
3882
3845
3507
3199
2845
2621
2553
2456
2471
2607
2845
2996
2947
2673
2297
1889
1403
1005
780
934
1567
2320
3133
4088
4891
5417
5599
5368
4818
4177
3653
3272
2982
2813
2737
2359
1529
306
-1310
-3066
-4836
-6604
-7843
-8260
-8129
-7375
-6140
-4659
-3044
-1509
-283
377
759
858
645
245
-337
-641
-667
-675
-674
-641
-534
-452
-813
-1713
-2804
-4176
-5594
-6847
-7890
-8427
-8400
-7659
-6379
-4782
-2870
-928
818
2080
2778
3067
2815
2341
1800
1084
529
207
153
375
608
677
520
-15
-931
-2096
-3351
-4571
-5513
-5928
-5882
-5237
-4002
-2428
-825
617
1853
2595
2774
2529
2098
1594
1097
856
933
1317
1892
2532
3103
3396
3375
3091
2512
1528
423
-619
-1495
-1874
-1888
-1513
-763
99
1007
1901
2661
3142
3372
3330
3060
2779
2454
2232
2240
2309
2455
2669
2929
3126
3081
2836
2519
2087
1594
1176
901
961
1400
2158
3038
4020
4996
5681
6002
5827
5363
4782
3999
3341
2870
2518
2396
2209
1805
1045
-194
-1733
-3570
-5549
-7136
-8213
-8693
-8390
-7441
-6021
-4324
-2495
-910
272
993
1209
1123
731
163
-334
-635
-780
-763
-633
-492
-472
-671
-1058
-2052
-3363
-4667
-6174
-7443
-8332
-8680
-8234
-7243
-5856
-4161
-2310
-484
1118
2231
2850
3047
2773
2372
1797
1132
808
691
732
765
740
607
73
-693
-1782
-3025
-4066
-5015
-5664
-5726
-5179
-4122
-2637
-1005
556
1841
2698
3093
2981
2585
2084
1581
1141
1033
1224
1498
2080
2636
3023
3304
3173
2666
1828
846
-139
-1091
-1758
-2035
-1876
-1289
-383
708
1784
2745
3517
3905
3903
3727
3294
2776
2398
2074
1930
1954
2220
2580
2895
3154
3063
2779
2352
1650
962
476
281
478
1107
2142
3261
4363
5323
5815
5847
5447
4672
3695
2811
2180
1759
1662
1705
1743
1489
640
-693
-2530
-4579
-6584
-8245
-9179
-9333
-8649
-7305
-5484
-3555
-1696
-68
965
1350
1182
776
109
-643
-1074
-1357
-1441
-1256
-1022
-772
-606
-694
-1234
-2147
-3278
-4690
-6024
-7026
-7709
-7699
-7157
-6165
-4610
-2830
-936
763
2146
2995
3304
3298
2815
2177
1561
1094
849
753
853
967
1041
888
358
-502
-1685
-2908
-4023
-4935
-5382
-5280
-4614
-3460
-2036
-498
998
2156
2897
3208
3096
2611
1933
1395
946
870
1224
1694
2356
3024
3559
3779
3575
2990
2065
1016
-278
-1389
-1994
-2302
-2101
-1490
-524
716
1915
3012
3756
4056
4031
3708
3190
2629
2106
1768
1667
1751
2057
2437
2792
3027
2968
2663
2183
1552
1001
713
581
793
1428
2346
3450
4337
4941
5209
5016
4571
3868
3041
2441
2078
1909
1963
2139
2166
1675
582
-987
-2934
-5164
-7308
-8920
-9764
-9655
-8812
-7409
-5543
-3614
-1785
-293
576
883
774
397
-194
-772
-1111
-1270
-1221
-1095
-859
-579
-432
-462
-978
-1867
-3062
-4534
-5957
-7225
-7999
-8147
-7686
-6513
-4924
-2968
-802
1091
2560
3458
3707
3423
2864
2115
1333
795
525
588
818
1056
1232
1183
747
-169
-1320
-2612
-3823
-4656
-5071
-4950
-4263
-2992
-1418
135
1531
2632
3317
3542
3251
2611
2086
1564
1136
1053
1167
1668
2397
3042
3609
3844
3614
2974
1892
574
-601
-1563
-2166
-2286
-2015
-1301
-191
1012
2067
2892
3328
3502
3469
3207
2804
2402
2160
2000
2041
2239
2438
2723
2888
2892
2789
2395
1805
1227
839
646
633
1002
1645
2549
3666
4532
5088
5325
5173
4687
3848
2943
2246
1868
1755
1782
2055
2307
2067
1274
-66
-1866
-4031
-6286
-8095
-9171
-9367
-8746
-7522
-5833
-3852
-1887
-317
717
1122
904
331
-416
-1174
-1769
-2060
-1974
-1743
-1505
-1245
-1127
-1294
-1855
-2847
-4055
-5392
-6639
-7610
-8189
-8125
-7567
-6458
-4765
-2901
-892
974
2321
3204
3474
3268
2796
2141
1447
900
584
508
688
830
902
869
474
-354
-1431
-2590
-3702
-4533
-5081
-5060
-4460
-3535
-2147
-594
919
2212
3068
3504
3456
3026
2356
1770
1335
1147
1348
1801
2435
3120
3888
4385
4407
3912
2891
1697
374
-829
-1647
-1982
-1843
-1355
-399
883
2096
3178
3976
4245
4083
3627
3078
2411
1778
1476
1391
1539
1871
2386
2933
3191
3179
2977
2505
1853
1299
803
573
730
1245
2116
3110
4242
5233
5844
5978
5684
5074
4029
2942
2076
1426
1208
1396
1636
1867
1860
1156
-66
-1931
-4235
-6330
-8093
-9262
-9688
-9144
-7699
-5847
-3869
-2049
-617
203
445
209
-360
-996
-1522
-1821
-1953
-1830
-1594
-1448
-1348
-1530
-1887
-2455
-3332
-4305
-5389
-6230
-6764
-7055
-6920
-6339
-5289
-3952
-2534
-1109
240
1287
1909
2079
1890
1585
1223
798
508
468
473
546
612
616
548
81
-679
-1529
-2446
-3214
-3757
-4122
-4025
-3548
-2854
-1844
-812
290
1311
2032
2525
2653
2602
2419
2046
1636
1395
1323
1456
1888
2458
3086
3620
3892
3827
3334
2466
1402
228
-906
-1692
-1996
-1766
-900
350
1707
3104
4256
4896
5033
4738
4077
3249
2415
1731
1447
1470
1765
2357
2932
3408
3719
3636
3203
2482
1613
817
166
-4
371
1090
2269
3787
5114
6125
6693
6522
5816
4696
3281
1907
816
216
234
633
1140
1511
1429
805
-491
-2464
-4674
-6768
-8469
-9285
-9173
-8278
-6653
-4684
-2715
-992
246
827
670
59
-730
-1574
-2170
-2497
-2559
-2387
-2138
-1927
-1892
-2091
-2553
-3141
-3874
-4756
-5619
-6262
-6550
-6472
-5998
-5215
-4257
-3087
-1846
-698
340
1008
1390
1493
1236
875
517
327
241
154
253
491
632
601
396
-45
-689
-1463
-2213
-2824
-3311
-3454
-3185
-2618
-1854
-977
34
1019
1880
2541
2917
3097
2967
2665
2350
2007
1776
1655
1814
2178
2539
3051
3501
3637
3466
2849
1949
972
-76
-1009
-1526
-1501
-980
64
1328
2695
4107
5002
5471
5423
4715
3867
2879
2012
1499
1167
1352
1900
2464
3073
3444
3426
3184
2673
1868
1105
513
71
-15
482
1420
2610
3950
5130
5989
6392
6153
5319
4143
2799
1382
263
-365
-498
-111
415
777
738
72
-1180
-2987
-4986
-6798
-8181
-8808
-8555
-7623
-6127
-4304
-2624
-1430
-843
-557
-638
-1063
-1609
-2099
-2242
-2214
-2177
-2141
-2064
-2106
-2444
-3074
-3837
-4421
-4868
-5224
-5457
-5501
-5128
-4712
-4359
-3836
-3224
-2528
-2059
-1682
-1140
-576
-7
388
672
958
1173
1309
1255
1069
815
472
37
-494
-830
-984
-1124
-1128
-1069
-963
-873
-852
-863
-1003
-1084
-1091
-896
-337
463
1477
2517
3477
4138
4360
4300
3870
3103
2285
1622
1287
1302
1624
2232
2907
3300
3323
2866
1824
589
-500
-1242
-1577
-1367
-457
894
2407
3794
4965
5653
5548
4995
4149
2943
1917
1212
778
891
1335
1902
2545
3126
3400
3283
2762
1873
898
34
-534
-446
221
1279
2799
4432
5858
6877
7212
6783
5635
3930
2121
561
-621
-1063
-808
-169
764
1444
1437
745
-742
-2847
-5220
-7470
-9043
-9550
-8990
-7494
-5533
-3469
-1506
-134
524
489
-116
-1131
-2162
-2951
-3449
-3412
-3106
-2716
-2387
-2304
-2470
-2953
-3522
-4188
-4965
-5606
-5970
-6047
-5935
-5515
-4774
-3892
-3070
-2315
-1575
-1018
-527
-141
-16
51
121
225
287
358
481
397
194
-76
-352
-536
-806
-904
-907
-943
-889
-862
-770
-812
-962
-1176
-1320
-1189
-907
-220
722
1777
2940
3778
4273
4445
4202
3775
3106
2278
1664
1375
1522
2077
2675
3168
3541
3452
2922
2096
939
-47
-673
-1030
-755
97
1337
2827
4152
5229
5811
5659
5090
4203
3163
2162
1376
974
881
1151
1623
2076
2521
2937
2955
2511
1980
1373
827
451
352
779
1639
2767
4058
5381
6397
6767
6345
5283
3863
2074
415
-794
-1559
-1663
-1349
-794
-323
-367
-969
-2231
-4086
-6039
-7748
-8903
-9236
-8744
-7358
-5487
-3626
-1858
-451
357
576
146
-660
-1502
-2296
-2871
-3224
-3357
-3267
-3156
-3209
-3352
-3445
-3638
-3979
-4376
-4857
-5155
-5173
-5161
-4991
-4566
-3950
-3233
-2605
-1848
-1028
-357
270
594
734
748
569
360
114
-77
-239
-330
-370
-330
-281
-183
0
-51
-133
-209
-380
-535
-780
-1019
-1134
-1075
-724
-176
621
1655
2663
3586
4217
4443
4374
3933
3300
2778
2330
2090
2160
2566
3152
3675
4037
3925
3417
2567
1416
313
-586
-996
-844
-219
874
2196
3507
4461
4968
4992
4355
3391
2333
1379
739
441
610
1088
1764
2531
3077
3356
3225
2723
2051
1288
692
305
299
822
1688
2762
3940
5130
5911
6026
5646
4736
3378
1925
620
-375
-925
-942
-715
-434
-121
-239
-975
-2344
-4167
-6170
-7984
-9157
-9583
-9126
-7870
-6066
-4144
-2211
-403
730
1115
837
-78
-1323
-2454
-3333
-3937
-4107
-3964
-3676
-3259
-2986
-2779
-2721
-3116
-3742
-4575
-5358
-5849
-6097
-5973
-5397
-4464
-3362
-2194
-984
168
894
1170
1229
907
391
-125
-576
-805
-856
-657
-282
148
515
771
815
605
288
-181
-683
-1176
-1559
-1666
-1572
-1235
-763
-65
868
1630
2353
2952
3171
3192
2957
2610
2217
1823
1691
1783
2086
2596
3167
3631
3844
3767
3387
2621
1659
746
23
-339
-354
95
912
1894
3104
4052
4594
4821
4607
4101
3243
2327
1617
1204
1167
1382
1865
2507
3187
3633
3715
3546
3044
2411
1759
1243
1078
1258
1805
2562
3513
4471
5238
5778
5787
5264
4354
3180
1937
814
17
-379
-349
-156
111
196
-246
-1090
-2539
-4399
-6297
-8007
-9053
-9286
-8803
-7594
-5935
-4268
-2595
-1378
-739
-449
-826
-1500
-2234
-2994
-3489
-3786
-3830
-3639
-3396
-3170
-3139
-3199
-3343
-3721
-4358
-5141
-5686
-6138
-6363
-6098
-5562
-4694
-3588
-2471
-1385
-401
272
603
644
430
148
-154
-423
-583
-619
-409
-102
169
524
692
610
472
133
-361
-846
-1259
-1491
-1573
-1397
-972
-387
282
930
1683
2329
2808
3122
3059
2843
2604
2237
1980
1895
1884
2186
2803
3436
3947
4306
4420
4120
3404
2450
1385
563
74
-69
257
969
2014
3033
3919
4573
4653
4301
3815
3141
2442
1902
1518
1561
1791
2231
2872
3295
3645
3671
3347
2919
2236
1603
1105
768
910
1448
2369
3403
4343
5183
5571
5388
4636
3519
2207
874
-93
-741
-996
-821
-408
-12
-31
-413
-1326
-2770
-4389
-6212
-7679
-8523
-8752
-8194
-7095
-5511
-3811
-2387
-1349
-810
-766
-1207
-1919
-2772
-3535
-3914
-3948
-3651
-3189
-2710
-2217
-1981
-2088
-2456
-3130
-3966
-4782
-5540
-6089
-6328
-6157
-5351
-4233
-3067
-1798
-710
123
644
758
576
191
-228
-584
-786
-710
-539
-288
164
398
365
231
-85
-489
-978
-1431
-1692
-1817
-1754
-1488
-1076
-488
79
718
1372
1824
2148
2284
2304
2172
1950
1745
1624
1652
1723
1989
2419
2789
3141
3501
3694
3629
3372
2830
2135
1469
872
459
253
483
1127
1908
2854
3778
4448
4738
4608
4206
3572
2858
2266
1898
1756
1807
2069
2419
2768
3041
3154
2976
2624
2257
1837
1427
1221
1324
1720
2420
3176
3923
4590
5017
5124
4758
3946
2852
1711
767
179
-66
-49
212
519
363
-306
-1502
-3263
-5130
-6837
-8149
-8806
-8663
-7687
-6264
-4574
-2844
-1450
-453
-98
-309
-862
-1602
-2280
-2839
-3115
-2999
-2731
-2408
-2122
-2043
-2087
-2416
-3122
-3999
-4949
-5852
-6568
-6932
-6868
-6362
-5478
-4303
-2977
-1744
-586
288
638
797
651
191
-141
-440
-525
-382
-182
110
265
360
240
-36
-512
-1273
-1859
-2345
-2684
-2742
-2567
-2102
-1442
-748
-57
558
1073
1543
1812
1994
2044
1943
1943
1919
1939
2001
2074
2360
2663
2945
3220
3339
3293
3078
2720
2137
1486
882
452
373
513
987
1729
2568
3445
4060
4395
4475
4240
3776
3243
2694
2212
1935
1847
1983
2220
2618
2962
3026
3070
2970
2766
2501
2124
1948
2030
2195
2648
3336
3916
4489
4938
5096
4973
4406
3528
2577
1665
899
392
261
372
538
642
424
-343
-1681
-3445
-5352
-7047
-8286
-8847
-8521
-7452
-5942
-4232
-2673
-1462
-797
-759
-1049
-1586
-2190
-2681
-2986
-2961
-2663
-2208
-1775
-1618
-1715
-1944
-2509
-3273
-4109
-5025
-5785
-6311
-6644
-6678
-6195
-5335
-4170
-2955
-1875
-791
-30
303
302
93
-76
-311
-530
-499
-288
45
417
634
570
316
-185
-799
-1353
-1941
-2305
-2502
-2556
-2274
-1796
-1245
-697
-96
558
1101
1497
1862
2056
2062
2037
1959
1915
1888
1867
1952
2232
2464
2715
3049
3152
3226
3116
2674
2167
1604
981
497
269
364
812
1509
2406
3346
4209
4839
5096
5036
4647
4038
3304
2589
2045
1748
1711
1851
2245
2689
2989
3181
3191
2938
2538
2216
2000
1885
2003
2459
3092
3929
4838
5477
5781
5618
4965
3992
2824
1674
759
184
73
231
587
862
510
-402
-1850
-3620
-5452
-7125
-8280
-8763
-8369
-7206
-5736
-4136
-2562
-1402
-689
-499
-807
-1343
-1846
-2312
-2699
-2718
-2660
-2588
-2455
-2422
-2500
-2803
-3292
-3969
-4823
-5664
-6246
-6628
-6916
-6909
-6500
-5710
-4664
-3596
-2513
-1433
-632
-46
290
317
286
209
182
156
193
361
430
468
399
170
-153
-637
-1235
-1840
-2286
-2538
-2670
-2657
-2399
-1848
-1117
-328
574
1448
2203
2869
3258
3418
3382
3217
2885
2522
2382
2296
2413
2793
3279
3792
4052
4027
3676
2987
2182
1141
199
-452
-903
-660
113
1124
2382
3597
4534
5223
5450
5028
4307
3458
2518
1615
1070
973
1148
1609
2237
2928
3337
3464
3327
2844
2239
1483
980
847
1090
1800
2820
4125
5243
6046
6389
6118
5378
4121
2713
1316
210
-330
-454
-159
346
755
744
112
-1270
-3168
-5129
-7045
-8489
-9200
-9043
-7932
-6357
-4506
-2649
-1213
-296
-55
-435
-1104
-1910
-2673
-3186
-3373
-3247
-2989
-2707
-2418
-2279
-2383
-2684
-3327
-4244
-5104
-5864
-6498
-6838
-6821
-6378
-5488
-4311
-3096
-1853
-634
166
552
511
161
-204
-539
-680
-702
-453
26
496
892
1003
973
689
70
-700
-1577
-2304
-2718
-2926
-2843
-2344
-1643
-713
297
1174
2041
2651
2963
3106
3012
2674
2272
2056
1930
2007
2333
2758
3302
3783
4180
4308
4040
3548
2703
1593
574
-239
-801
-940
-497
336
1385
2674
3843
4643
5106
5080
4706
4053
3199
2480
1917
1508
1523
1817
2142
2602
2917
3084
3178
2972
2571
2163
1735
1420
1393
1562
2126
2960
3917
4940
5599
5916
5766
4982
3808
2458
1149
98
-530
-532
-61
530
1018
1017
424
-824
-2693
-4757
-6764
-8364
-9121
-8930
-7908
-6322
-4523
-2848
-1533
-721
-596
-968
-1619
-2449
-3090
-3490
-3657
-3485
-3125
-2727
-2416
-2407
-2593
-2869
-3398
-4106
-4850
-5489
-6010
-6324
-6243
-5928
-5225
-4182
-3141
-2068
-1052
-261
230
480
399
166
43
-104
-114
113
403
649
813
761
585
284
-277
-912
-1614
-2237
-2546
-2711
-2668
-2445
-2070
-1402
-688
130
969
1674
2350
2783
2897
2870
2694
2394
2128
2048
2139
2370
2970
3704
4263
4665
4742
4369
3673
2667
1446
388
-349
-659
-416
333
1415
2610
3812
4891
5541
5720
5527
4879
3902
2894
2056
1592
1464
1640
2180
2862
3475
3896
4003
3783
3174
2364
1481
742
487
563
1216
2264
3496
4904
5904
6385
6245
5410
4139
2577
978
-289
-986
-1119
-846
-202
412
664
483
-533
-2205
-4246
-6427
-8183
-9351
-9691
-9023
-7637
-5757
-3929
-2437
-1215
-753
-893
-1422
-2266
-2982
-3615
-3904
-3746
-3452
-2930
-2410
-2222
-2286
-2539
-2975
-3609
-4387
-5167
-5672
-5852
-5890
-5641
-5151
-4451
-3480
-2551
-1795
-1117
-497
-170
-52
79
53
105
231
324
529
688
814
806
744
565
194
-104
-525
-918
-1243
-1507
-1582
-1659
-1560
-1316
-902
-248
398
1103
1866
2508
2972
3281
3309
3163
2962
2582
2287
2160
2226
2684
3280
3750
4139
4350
4130
3523
2648
1605
629
-97
-413
-137
576
1617
2848
4001
4936
5309
5211
4737
3984
3145
2333
1791
1505
1634
2085
2644
3211
3567
3661
3499
3074
2320
1484
821
456
516
927
1771
2955
4188
5176
5761
5821
5179
4068
2595
1002
-296
-1144
-1341
-913
-120
643
1235
1378
731
-693
-2780
-5013
-7100
-8591
-9136
-8773
-7499
-5802
-4009
-2436
-1268
-630
-761
-1405
-2310
-3180
-3850
-4140
-3905
-3477
-2922
-2339
-2010
-1996
-2298
-2764
-3391
-4080
-4680
-5181
-5411
-5471
-5349
-5024
-4538
-3813
-3132
-2514
-1994
-1572
-1137
-873
-718
-546
-331
-108
43
231
480
618
658
680
465
148
-16
-213
-427
-599
-760
-900
-997
-1129
-1209
-1074
-843
-411
185
839
1658
2422
2981
3313
3270
2947
2612
2258
1980
1958
2172
2751
3343
3774
4200
4178
3695
2992
2149
1193
285
-264
-363
55
949
2100
3330
4491
5295
5561
5404
4921
4119
3190
2281
1621
1416
1600
2167
2836
3387
3847
4108
3898
3366
2714
1915
1270
861
798
1334
2223
3310
4496
5308
5784
5759
5032
3973
2550
1063
-100
-828
-997
-746
-75
684
1117
1013
217
-1188
-3165
-5381
-7286
-8615
-9237
-8856
-7725
-6212
-4358
-2816
-1788
-1121
-1099
-1552
-2242
-3159
-3865
-4123
-4161
-3916
-3479
-3053
-2729
-2665
-2700
-2978
-3583
-4142
-4711
-5221
-5463
-5600
-5590
-5301
-4863
-4357
-3772
-3155
-2592
-1993
-1383
-999
-672
-359
-207
-50
42
9
27
34
54
91
200
259
138
96
-81
-372
-649
-944
-1141
-1401
-1503
-1237
-732
-145
507
1278
2033
2695
3107
3229
3151
3052
2894
2649
2685
2937
3277
3806
4413
4785
4866
4717
4116
3180
2141
1215
606
259
396
973
1823
2914
3913
4693
5232
5206
4658
3898
3183
2618
2016
1724
1933
2305
2813
3329
3599
3702
3597
3162
2624
2037
1492
1230
1293
1619
2206
3060
3948
4617
5018
5030
4669
3973
2835
1666
667
-239
-723
-694
-461
-86
327
482
246
-564
-1870
-3512
-5268
-6787
-7853
-8226
-7891
-7027
-5839
-4496
-3288
-2457
-1971
-1951
-2289
-2802
-3362
-3657
-3754
-3630
-3372
-3244
-3148
-3120
-3196
-3432
-3797
-4144
-4542
-4796
-4894
-4968
-4818
-4625
-4494
-4328
-4202
-3991
-3690
-3294
-2870
-2417
-1820
-1270
-698
-163
219
601
755
723
653
452
327
259
181
269
363
366
380
322
159
-124
-440
-683
-897
-890
-508
71
832
1648
2346
2939
3290
3321
3144
2823
2418
2162
2110
2303
2723
3220
3764
4185
4333
4102
3458
2651
1888
1204
687
574
916
1586
2486
3381
4174
4752
4795
4554
4147
3364
2626
2043
1651
1564
1731
2160
2663
3066
3221
3186
2911
2477
2125
1728
1484
1486
1734
2333
2935
3599
4242
4526
4650
4407
3821
3047
2059
1129
343
-146
-275
-239
-84
107
198
81
-541
-1579
-2885
-4339
-5634
-6556
-7063
-7125
-6676
-5951
-4945
-3927
-3176
-2664
-2478
-2527
-2763
-2998
-3219
-3331
-3253
-3203
-3077
-3029
-3142
-3404
-3780
-4007
-4224
-4292
-4111
-3886
-3587
-3343
-3222
-3262
-3518
-3868
-4248
-4493
-4497
-4178
-3447
-2557
-1625
-762
-107
401
563
334
16
-279
-528
-626
-503
-177
307
792
1088
1186
1035
677
150
-546
-1089
-1472
-1655
-1433
-883
-57
981
2038
2788
3334
3644
3555
3356
3055
2623
2414
2437
2683
3237
3803
4308
4655
4655
4295
3699
2960
2110
1420
1026
993
1306
1986
2898
3732
4397
4770
4801
4422
3861
3193
2456
1992
1724
1785
2172
2601
3051
3426
3547
3339
2991
2534
1999
1504
1167
1110
1267
1617
2112
2761
3315
3633
3742
3535
3010
2145
1131
38
-935
-1602
-2048
-2002
-1647
-1184
-642
-353
-391
-874
-1821
-3194
-4631
-5860
-6783
-7068
-6936
-6417
-5478
-4452
-3629
-2987
-2420
-2251
-2366
-2621
-2921
-3000
-3094
-3163
-3156
-3107
-2990
-3075
-3233
-3196
-3082
-2993
-2771
-2591
-2565
-2581
-2775
-3144
-3669
-4137
-4357
-4456
-4227
-3637
-2853
-1938
-1137
-522
-80
84
-36
-312
-641
-795
-719
-482
-25
466
1014
1439
1507
1305
845
170
-654
-1401
-1993
-2324
-2192
-1675
-884
181
1312
2336
3152
3606
3674
3365
2855
2381
2001
1853
2159
2744
3501
4366
5058
5463
5443
4960
4060
2930
1922
1125
570
547
1108
2040
3015
3959
4720
5058
5041
4489
3726
2975
2239
1786
1491
1601
2111
2652
3243
3656
3784
3644
3164
2520
1807
1211
852
793
1094
1563
2258
2968
3588
4040
3914
3466
2680
1577
487
-522
-1348
-1895
-1944
-1634
-1150
-526
-21
80
-294
-1170
-2497
-3981
-5536
-6873
-7592
-7749
-7356
-6538
-5443
-4261
-3260
-2529
-2316
-2493
-2801
-3206
-3573
-3831
-3922
-3781
-3509
-3258
-3017
-2795
-2743
-2804
-2858
-2987
-3081
-3151
-3292
-3491
-3770
-4034
-4329
-4547
-4625
-4599
-4324
-3891
-3318
-2559
-1865
-1352
-819
-349
-98
44
185
399
635
943
1397
1713
1904
2121
2045
1709
1225
527
-226
-945
-1452
-1666
-1600
-1110
-326
578
1584
2588
3310
3671
3807
3648
3242
2812
2555
2532
2747
3173
3804
4562
5200
5503
5368
4954
4100
2940
1890
961
385
200
468
1184
2070
3033
3747
4212
4382
4075
3657
3139
2612
2206
1933
2052
2426
2860
3327
3675
3800
3777
3536
3003
2281
1657
1210
924
968
1222
1744
2366
2910
3400
3562
3404
2824
1828
678
-434
-1348
-1951
-2135
-1868
-1319
-721
-136
144
-196
-1098
-2531
-4324
-6035
-7478
-8323
-8466
-7974
-6983
-5857
-4593
-3606
-3026
-2796
-3013
-3444
-3935
-4274
-4407
-4246
-3973
-3632
-3088
-2816
-2709
-2633
-2763
-2835
-2861
-2996
-3097
-3135
-3222
-3314
-3529
-3851
-4058
-4206
-4168
-3926
-3531
-2830
-2007
-1284
-674
-240
100
347
328
379
462
600
1092
1549
1908
2315
2569
2557
2311
1691
922
145
-793
-1440
-1719
-1674
-1155
-322
734
1818
2801
3562
3898
3898
3464
2797
2226
1837
1846
2129
2712
3613
4434
5126
5582
5442
4879
3931
2674
1487
516
-64
-227
218
1107
2028
3005
3759
4212
4307
3992
3583
3034
2491
2210
2097
2294
2744
3180
3513
3765
3873
3672
3250
2712
2217
1711
1245
1065
1085
1347
1906
2663
3344
3811
4008
3754
3131
2109
910
-126
-1075
-1768
-1944
-1612
-945
-178
473
639
140
-882
-2368
-4175
-5994
-7424
-8215
-8395
-7905
-6785
-5448
-4217
-3177
-2616
-2528
-2740
-3329
-3927
-4320
-4503
-4444
-4207
-3732
-3296
-3018
-2879
-2908
-3023
-3314
-3584
-3746
-3949
-4078
-4172
-4295
-4503
-4742
-4899
-4997
-4881
-4522
-3999
-3350
-2548
-1753
-1117
-671
-380
-94
-30
17
313
605
972
1401
1870
2278
2381
2246
1809
1128
465
-219
-879
-1147
-1125
-809
-154
692
1733
2646
3423
3985
4157
4014
3570
3082
2678
2492
2676
3104
3821
4583
5277
5887
6033
5682
4930
3883
2674
1486
601
156
237
791
1559
2488
3370
3900
4096
3953
3557
3055
2449
1966
1854
1906
2193
2698
3170
3644
3972
4012
3810
3365
2778
2140
1404
960
829
853
1140
1664
2439
3182
3733
3990
3804
3249
2338
1180
37
-949
-1624
-1824
-1528
-925
-265
194
164
-380
-1488
-3125
-5047
-6928
-8317
-9053
-9062
-8306
-7040
-5594
-4252
-3243
-2697
-2650
-2913
-3414
-3984
-4448
-4618
-4325
-3927
-3440
-2979
-2735
-2573
-2710
-2987
-3135
-3284
-3487
-3695
-3760
-3781
-3994
-4187
-4262
-4321
-4258
-4039
-3631
-2975
-2214
-1465
-799
-278
84
197
218
199
181
441
835
1185
1623
1989
2165
2160
1828
1191
471
-240
-1008
-1558
-1765
-1606
-1051
-320
647
1682
2535
3145
3432
3495
3268
2719
2232
1942
1838
2191
2838
3681
4615
5376
5970
6003
5434
4614
3471
2239
1220
411
116
432
1063
2008
3057
3925
4571
4799
4675
4285
3649
3085
2636
2316
2318
2522
2819
3275
3789
4030
3959
3803
3389
2757
2122
1406
910
838
903
1220
1884
2656
3362
3873
4105
3834
3128
2138
933
-241
-1248
-1817
-1903
-1609
-846
-70
343
347
-285
-1565
-3365
-5407
-7257
-8633
-9327
-9119
-8213
-6843
-5326
-4051
-3072
-2652
-2702
-3086
-3716
-4245
-4573
-4631
-4375
-3892
-3376
-2984
-2782
-2826
-3006
-3329
-3700
-3889
-4068
-4241
-4250
-4252
-4301
-4443
-4610
-4546
-4452
-4184
-3639
-3098
-2321
-1491
-868
-259
115
253
364
358
457
668
976
1427
1759
2115
2371
2227
1846
1221
434
-281
-1018
-1605
-1740
-1531
-1004
-133
968
2039
2988
3761
4190
4234
3982
3562
3061
2828
2847
3089
3672
4395
5294
5988
6321
6294
5719
4831
3687
2496
1484
734
474
689
1304
2230
3174
4027
4637
4732
4505
4048
3320
2564
1945
1628
1686
2006
2496
3100
3625
3821
3744
3350
2629
1757
943
332
-118
-137
312
992
1837
2795
3603
3986
4002
3522
2618
1529
359
-661
-1363
-1676
-1554
-1078
-464
110
341
-1
-974
-2563
-4383
-6146
-7719
-8615
-8739
-8211
-7116
-5758
-4356
-3296
-2657
-2420
-2698
-3213
-3740
-4160
-4287
-4138
-3923
-3634
-3288
-3040
-3078
-3389
-3670
-4004
-4264
-4410
-4452
-4249
-4099
-4011
-3946
-3949
-3936
-4046
-4087
-3801
-3301
-2650
-1965
-1209
-525
0
421
606
761
722
631
813
981
1298
1646
1871
2070
2112
1888
1355
685
-74
-770
-1299
-1489
-1196
-599
306
1340
2452
3390
3901
4111
3926
3453
2991
2615
2340
2483
2939
3555
4309
5024
5623
5784
5462
4734
3775
2665
1531
824
445
471
1014
1825
2837
3744
4405
4800
4811
4408
3662
2909
2248
1796
1578
1538
1982
2548
3098
3627
3780
3766
3447
2790
2023
1294
795
511
503
792
1484
2304
3072
3790
4099
4074
3705
2863
1720
529
-437
-990
-1145
-910
-371
187
614
568
9
-1005
-2604
-4364
-6068
-7571
-8301
-8307
-7776
-6677
-5509
-4510
-3685
-3331
-3311
-3502
-3982
-4451
-4777
-4839
-4570
-4187
-3748
-3419
-3313
-3390
-3602
-3892
-4148
-4279
-4358
-4308
-4131
-3926
-3801
-3913
-4125
-4288
-4497
-4709
-4621
-4218
-3506
-2530
-1648
-782
-18
459
747
769
743
763
738
902
1322
1846
2321
2684
2775
2527
2003
1162
95
-848
-1518
-1894
-1697
-1163
-290
922
2159
3280
3998
4369
4316
3958
3467
2904
2672
2701
2980
3597
4373
5207
5818
6049
5860
5169
4067
2809
1570
592
82
48
592
1469
2544
3643
4425
4979
5060
4630
4004
3271
2634
2193
1984
2161
2648
3161
3603
4020
4202
3913
3414
2745
1969
1329
717
473
522
819
1453
2086
2766
3228
3461
3402
2870
2185
1304
310
-555
-1110
-1260
-1069
-601
-150
216
265
-160
-914
-2225
-3800
-5337
-6760
-7673
-8023
-7864
-7228
-6353
-5387
-4546
-4034
-3864
-3914
-4044
-4274
-4471
-4505
-4430
-4210
-3950
-3732
-3558
-3604
-3758
-3878
-3930
-3805
-3620
-3351
-3016
-2793
-2765
-3019
-3460
-3981
-4527
-4892
-4980
-4755
-4118
-3099
-1943
-856
12
574
786
673
500
341
226
389
879
1496
2161
2831
3239
3120
2581
1722
583
-503
-1408
-2030
-2063
-1545
-643
594
1955
3190
4074
4510
4620
4206
3493
2916
2438
2358
2674
3281
4236
5254
6107
6511
6352
5673
4591
3354
2017
832
114
-48
313
1103
2188
3273
4220
4836
4918
4620
4055
3313
2484
1816
1490
1456
1733
2186
2788
3396
3745
3767
3422
2867
2182
1435
780
338
299
586
1185
1911
2638
3303
3631
3574
3043
2213
1186
22
-1006
-1694
-1949
-1836
-1269
-517
132
602
540
20
-971
-2450
-4064
-5556
-6776
-7597
-7651
-7216
-6458
-5427
-4614
-3982
-3653
-3672
-3906
-4225
-4470
-4683
-4658
-4357
-3934
-3455
-3096
-2947
-2992
-3105
-3200
-3364
-3295
-3011
-2853
-2690
-2694
-2942
-3393
-4088
-4801
-5436
-5814
-5729
-5277
-4374
-3145
-1984
-857
57
547
786
804
672
571
706
1035
1518
2197
2829
3283
3378
2988
2246
1244
113
-946
-1725
-2024
-1821
-1153
-9
1295
2506
3564
4209
4417
4233
3741
3169
2643
2407
2633
3168
3995
5030
5927
6571
6706
6299
5500
4253
2824
1476
445
-46
-70
441
1414
2435
3459
4394
4876
4885
4521
3928
3126
2361
1950
1820
2079
2554
3106
3701
4016
4053
3748
3163
2367
1452
800
245
21
381
1007
1773
2532
3115
3401
3354
2868
2064
1043
-110
-1120
-1942
-2401
-2406
-2175
-1634
-948
-461
-164
-223
-711
-1565
-2828
-4313
-5655
-6797
-7538
-7634
-7348
-6753
-6071
-5568
-5242
-5139
-5239
-5411
-5554
-5614
-5340
-4886
-4414
-3802
-3246
-2878
-2754
-2880
-3116
-3148
-2988
-2746
-2378
-2054
-1842
-1918
-2283
-2950
-3840
-4624
-5326
-5687
-5543
-4977
-4006
-2747
-1416
-424
316
879
1016
957
968
1065
1282
1764
2404
2960
3520
3843
3716
3281
2484
1520
487
-637
-1405
-1748
-1576
-829
115
1348
2658
3675
4387
4694
4594
4271
3838
3273
2965
3090
3407
3995
4795
5534
5997
6085
5854
5257
4264
3085
1901
949
444
314
675
1474
2440
3486
4339
4817
4986
4658
3929
3133
2389
1783
1482
1539
1959
2573
3148
3601
3610
3267
2595
1675
796
34
-311
-333
21
771
1584
2461
3128
3400
3295
2752
1925
818
-263
-1249
-2063
-2429
-2587
-2370
-1829
-1270
-708
-324
-244
-541
-1247
-2213
-3333
-4473
-5466
-6239
-6635
-6653
-6487
-6149
-5857
-5795
-5765
-5911
-6015
-5978
-5843
-5393
-4799
-4030
-3379
-2901
-2656
-2742
-2761
-2907
-3042
-2914
-2625
-2162
-1748
-1551
-1637
-2035
-2778
-3902
-5192
-6287
-6904
-7012
-6569
-5534
-4151
-2705
-1243
32
962
1483
1581
1517
1351
1344
1606
1990
2489
3051
3576
3864
3802
3381
2590
1485
281
-840
-1587
-1807
-1582
-817
394
1713
2961
4017
4693
5048
4916
4445
4027
3560
3335
3491
3842
4413
5102
5634
5833
5669
5083
4113
2968
1814
819
221
81
531
1475
2524
3687
4721
5349
5452
4979
4220
3144
2084
1427
1139
1230
1642
2325
2972
3477
3709
3385
2679
1756
744
-48
-553
-732
-365
410
1339
2308
3128
3674
3842
3497
2677
1704
612
-533
-1430
-2010
-2284
-2383
-2239
-1888
-1476
-1056
-919
-1039
-1417
-2051
-2683
-3473
-4400
-5007
-5429
-5776
-5890
-5926
-5887
-5977
-6256
-6456
-6567
-6527
-6251
-5780
-5225
-4484
-3691
-3237
-2990
-2942
-3111
-3329
-3495
-3380
-3069
-2573
-1888
-1314
-981
-1097
-1714
-2672
-3890
-5229
-6477
-7215
-7324
-6836
-5837
-4343
-2507
-831
596
1609
2185
2374
2255
2072
1860
1919
2173
2462
2908
3288
3554
3482
2948
2182
1227
164
-728
-1280
-1505
-1180
-301
919
2290
3620
4745
5458
5733
5601
5135
4529
3971
3582
3566
3857
4223
4703
5140
5330
5203
4608
3596
2424
1306
365
-211
-178
351
1296
2552
3818
4845
5411
5492
5094
4430
3481
2389
1635
1135
1055
1463
2019
2677
3182
3297
3024
2380
1459
501
-336
-904
-932
-447
430
1522
2555
3412
3881
3825
3238
2222
953
-350
-1538
-2441
-2919
-2965
-2631
-2211
-1702
-1233
-984
-972
-1248
-1807
-2609
-3315
-4016
-4707
-5135
-5388
-5484
-5556
-5686
-5811
-5956
-6255
-6602
-6848
-6918
-6652
-6153
-5464
-4616
-3749
-3044
-2612
-2464
-2543
-2781
-3067
-3248
-3187
-2777
-2038
-1250
-733
-549
-891
-1708
-2852
-4230
-5510
-6453
-6846
-6589
-5715
-4258
-2425
-633
931
2109
2830
3150
3059
2820
2451
2162
2207
2381
2590
2805
3047
3100
2766
2197
1468
591
-283
-913
-1101
-896
-257
816
2105
3423
4552
5367
5799
5831
5566
5164
4632
4081
3824
3910
4152
4534
4888
4960
4834
4371
3527
2565
1635
821
418
498
991
1836
2831
3875
4677
5139
5133
4596
3829
2941
2036
1349
989
981
1328
1762
2228
2584
2528
2180
1476
688
-29
-710
-944
-755
-146
709
1710
2785
3510
3826
3597
2961
2012
715
-559
-1720
-2544
-2931
-3046
-2848
-2416
-1879
-1361
-1054
-1034
-1279
-1824
-2444
-3195
-4013
-4649
-5101
-5317
-5518
-5656
-5760
-5958
-6219
-6552
-6871
-7085
-7075
-6789
-6148
-5284
-4369
-3519
-2807
-2398
-2415
-2573
-2778
-3047
-3216
-3082
-2667
-2105
-1535
-1133
-1055
-1344
-1938
-2961
-4188
-5194
-5882
-6104
-5747
-4850
-3501
-1896
-296
1108
2248
2995
3216
3123
2822
2398
2161
2139
2272
2541
2899
3155
3160
2940
2370
1521
649
-142
-627
-605
-167
663
1908
3283
4509
5499
6084
6147
5835
5282
4537
3838
3355
3175
3266
3633
4107
4403
4590
4393
3804
3021
2078
1276
667
379
593
1199
2165
3347
4410
5162
5475
5295
4644
3722
2681
1681
908
506
575
910
1510
2086
2281
2246
1909
1271
465
-258
-756
-1023
-731
34
989
1992
2850
3420
3536
3159
2459
1423
101
-1077
-2065
-2735
-2930
-2818
-2495
-2083
-1644
-1293
-1197
-1445
-1891
-2490
-3308
-4133
-4789
-5250
-5511
-5569
-5530
-5504
-5501
-5656
-6063
-6494
-6855
-7103
-7007
-6636
-6025
-5114
-4136
-3242
-2530
-2243
-2202
-2381
-2800
-3051
-3166
-3067
-2600
-2043
-1598
-1224
-1141
-1469
-2125
-3067
-4045
-4944
-5400
-5416
-4924
-3796
-2517
-970
508
1571
2520
2975
2947
2769
2438
2173
2130
2166
2335
2652
2963
3097
2939
2586
1973
1173
338
-327
-596
-384
318
1318
2534
3798
4866
5679
6052
5974
5535
4776
4021
3383
3008
2991
3194
3642
4090
4389
4482
4243
3633
2860
2159
1421
1024
1023
1366
2159
3009
3941
4760
5254
5329
4893
4287
3486
2519
1696
1149
908
954
1175
1451
1733
1864
1723
1353
784
167
-313
-504
-340
73
789
1607
2381
3098
3434
3280
2753
1866
698
-517
-1686
-2640
-3099
-3140
-2874
-2250
-1621
-1145
-806
-863
-1261
-1999
-2992
-3984
-4902
-5614
-5974
-6056
-5912
-5626
-5353
-5142
-5167
-5385
-5774
-6143
-6301
-6310
-5943
-5372
-4612
-3809
-3207
-2700
-2470
-2433
-2669
-3031
-3168
-3244
-3095
-2748
-2438
-2164
-2078
-2277
-2813
-3529
-4316
-4995
-5192
-5064
-4642
-3722
-2446
-1051
289
1366
2070
2581
2733
2517
2337
2189
2082
2111
2223
2492
2777
2815
2707
2425
1938
1333
673
210
20
102
576
1414
2479
3577
4603
5358
5699
5643
5183
4517
3945
3528
3241
3316
3667
4107
4564
4844
4801
4425
3823
2954
2053
1298
779
719
1156
1954
2855
3830
4628
5103
5240
4904
4262
3429
2527
1727
1210
981
1000
1356
1731
2054
2291
2106
1729
1299
728
138
-251
-273
17
570
1319
2194
2949
3373
3386
2911
2050
963
-284
-1594
-2560
-3046
-3219
-3049
-2512
-1838
-1366
-1121
-1171
-1678
-2459
-3473
-4530
-5365
-6004
-6333
-6286
-5948
-5563
-5113
-4715
-4633
-4665
-4879
-5227
-5536
-5805
-5810
-5437
-4838
-4235
-3661
-3092
-2707
-2622
-2657
-2723
-2849
-2883
-2870
-2803
-2643
-2565
-2464
-2460
-2747
-3094
-3544
-3918
-4007
-3949
-3563
-2936
-2068
-1055
-167
708
1448
1923
2217
2312
2311
2356
2390
2422
2468
2559
2632
2591
2424
2175
1876
1414
928
685
592
616
924
1498
2323
3147
3795
4391
4729
4812
4745
4466
4106
3688
3483
3572
3672
3912
4175
4380
4428
4259
3903
3350
2726
2079
1666
1467
1546
1947
2588
3380
3981
4427
4671
4500
4061
3423
2636
1940
1365
971
847
956
1251
1618
1913
1998
1830
1508
1091
592
205
53
182
613
1209
1950
2586
2952
3053
2740
1989
915
-312
-1485
-2369
-2987
-3177
-2968
-2635
-2161
-1743
-1643
-1850
-2438
-3403
-4453
-5529
-6343
-6766
-6945
-6621
-6082
-5511
-4803
-4347
-4138
-4091
-4259
-4437
-4635
-4771
-4607
-4295
-3909
-3399
-2932
-2528
-2314
-2308
-2424
-2579
-2724
-2973
-3085
-3178
-3277
-3236
-3248
-3208
-3268
-3275
-3157
-3142
-2972
-2652
-2228
-1725
-1125
-456
119
716
1240
1634
1982
2215
2426
2559
2590
2566
2511
2542
2445
2221
1992
1802
1533
1153
941
821
916
1235
1590
2073
2640
3201
3660
4007
4241
4258
4116
3952
3840
3795
3891
4069
4241
4451
4535
4384
4099
3688
3085
2453
1898
1482
1381
1488
1815
2371
2950
3440
3804
3983
3928
3655
3214
2824
2360
1884
1652
1519
1492
1523
1652
1867
1851
1632
1371
1039
653
320
178
196
524
1048
1575
2139
2476
2633
2468
1959
1262
257
-652
-1397
-2008
-2309
-2440
-2417
-2275
-2208
-2435
-2967
-3694
-4583
-5514
-6275
-6778
-7013
-6871
-6425
-5743
-4970
-4409
-4014
-3767
-3736
-3889
-4158
-4344
-4366
-4278
-4061
-3646
-3232
-2796
-2343
-2197
-2239
-2420
-2774
-3133
-3486
-3776
-3833
-3871
-3895
-3773
-3620
-3290
-3044
-2807
-2477
-2232
-1857
-1574
-1349
-1038
-660
-216
137
476
943
1522
1980
2321
2618
2716
2688
2465
2148
1886
1556
1277
1011
898
967
1127
1428
1632
1858
2157
2402
2650
2866
3090
3343
3612
3904
4156
4474
4793
5007
5177
5136
4974
4683
4195
3733
3091
2529
2169
1787
1617
1724
2029
2379
2726
2901
3000
3059
2890
2712
2537
2274
2125
2255
2355
2497
2767
2811
2824
2739
2449
2155
1742
1343
1097
979
941
1018
1302
1694
2085
2276
2340
2270
1995
1573
1024
511
-5
-487
-782
-1022
-1207
-1305
-1601
-2027
-2613
-3449
-4249
-5048
-5791
-6288
-6645
-6686
-6326
-5886
-5324
-4682
-4073
-3671
-3558
-3598
-3874
-4176
-4432
-4660
-4656
-4371
-3935
-3447
-3001
-2649
-2439
-2496
-2809
-3284
-3795
-4291
-4606
-4840
-4849
-4502
-4074
-3545
-3111
-2683
-2308
-2127
-2023
-1945
-1802
-1715
-1447
-1088
-711
-198
265
771
1172
1474
1688
1768
1775
1622
1516
1424
1201
1091
1081
1178
1359
1524
1739
1860
2040
2185
2187
2309
2363
2420
2545
2755
3036
3345
3741
4060
4471
4819
5080
5236
5059
4852
4598
4167
3657
3123
2673
2413
2189
2072
2248
2487
2760
3017
3067
3080
2971
2784
2630
2450
2449
2450
2495
2642
2768
2896
2867
2814
2561
2185
1896
1462
1210
1077
865
915
1155
1390
1689
1876
1896
1830
1527
1149
783
287
-78
-342
-536
-556
-638
-755
-1064
-1661
-2412
-3361
-4464
-5490
-6355
-7056
-7265
-7174
-6825
-6139
-5304
-4360
-3714
-3272
-2988
-3034
-3262
-3565
-3746
-3907
-3907
-3719
-3460
-3022
-2617
-2325
-2085
-2152
-2533
-2984
-3547
-4027
-4459
-4722
-4715
-4585
-4026
-3381
-2798
-2238
-1766
-1326
-1131
-1061
-1076
-1072
-976
-934
-737
-318
20
382
771
962
1038
1031
975
771
526
392
223
155
241
382
598
886
1159
1381
1649
1887
2108
2270
2343
2486
2552
2709
3051
3290
3638
4050
4353
4651
4850
4903
4673
4318
3975
3480
2961
2535
2170
1991
2061
2172
2389
2696
2902
3070
3099
2976
2777
2584
2449
2330
2325
2376
2578
2856
3109
3354
3402
3302
3043
2659
2224
1885
1693
1530
1559
1882
2217
2456
2698
2733
2506
2117
1627
1093
553
36
-331
-473
-460
-335
-316
-492
-965
-1812
-2771
-3813
-4886
-5822
-6580
-6958
-6861
-6425
-5760
-4987
-4202
-3537
-3200
-3218
-3426
-3726
-4033
-4218
-4238
-4079
-3728
-3299
-2896
-2472
-2124
-2051
-2313
-2797
-3404
-4048
-4619
-5007
-5077
-4940
-4626
-4045
-3384
-2774
-2220
-1877
-1624
-1501
-1622
-1662
-1647
-1549
-1293
-953
-464
38
476
796
929
884
625
236
-114
-435
-652
-613
-400
-48
440
969
1397
1697
1801
1750
1666
1586
1480
1410
1516
1731
2162
2617
3076
3701
4189
4531
4743
4785
4684
4441
4056
3606
3334
3116
2902
2832
2805
2851
2982
3012
2989
2974
2800
2641
2495
2282
2176
2179
2295
2473
2587
2800
3002
3065
3199
3188
3083
2926
2759
2626
2454
2440
2432
2539
2710
2770
2833
2754
2526
2219
1879
1451
996
723
473
291
254
218
191
-20
-376
-933
-1733
-2565
-3553
-4560
-5448
-6091
-6395
-6559
-6378
-5880
-5274
-4602
-4102
-3794
-3616
-3650
-3886
-4159
-4421
-4497
-4322
-4070
-3535
-2939
-2491
-2027
-1876
-2073
-2497
-3081
-3713
-4451
-4873
-5040
-5060
-4608
-4060
-3458
-2778
-2209
-1748
-1400
-1209
-1240
-1270
-1265
-1157
-949
-733
-417
-48
264
506
694
686
552
259
-158
-486
-689
-786
-845
-688
-384
34
580
976
1294
1505
1636
1693
1563
1460
1343
1403
1650
1893
2353
2926
3487
4017
4472
4757
4793
4647
4269
3795
3352
2896
2563
2376
2368
2523
2756
2985
3126
3268
3203
2944
2566
2199
1897
1566
1448
1398
1480
1796
2148
2473
2709
2910
2970
2875
2676
2478
2425
2375
2505
2718
2887
3197
3337
3345
3249
2954
2551
1964
1423
968
543
349
324
319
314
156
-119
-575
-1407
-2412
-3398
-4361
-5227
-5755
-5994
-5939
-5493
-4877
-4178
-3501
-3023
-2746
-2710
-2941
-3291
-3647
-3923
-4057
-3934
-3587
-3109
-2506
-2001
-1625
-1378
-1426
-1819
-2465
-3113
-3780
-4486
-4931
-5078
-4888
-4464
-3881
-3052
-2326
-1821
-1459
-1265
-1265
-1387
-1467
-1506
-1450
-1204
-849
-389
101
415
613
608
307
-94
-571
-1033
-1462
-1753
-1688
-1420
-978
-442
26
468
806
978
966
836
743
671
679
829
1090
1565
2185
2868
3580
4034
4392
4597
4463
4252
3797
3315
2932
2558
2355
2250
2297
2505
2720
2875
3094
3246
3212
3042
2768
2558
2313
2075
1940
1936
1990
2031
2236
2442
2620
2766
2689
2649
2705
2597
2540
2626
2688
2893
3066
3129
3200
3205
3159
3000
2742
2382
2026
1692
1416
1254
1081
905
676
289
-268
-980
-1856
-2775
-3697
-4497
-5102
-5490
-5542
-5396
-4977
-4380
-3859
-3338
-2910
-2781
-2844
-2979
-3236
-3466
-3565
-3588
-3412
-2988
-2526
-2041
-1588
-1331
-1350
-1733
-2274
-2913
-3653
-4354
-4934
-5205
-5192
-4956
-4456
-3804
-3132
-2511
-1934
-1538
-1411
-1397
-1471
-1516
-1500
-1421
-1141
-701
-222
203
500
720
766
418
-6
-503
-1130
-1546
-1784
-1810
-1589
-1184
-711
-248
152
481
785
776
624
573
486
549
791
1182
1762
2489
3256
3884
4332
4534
4529
4266
3859
3448
2953
2508
2214
2074
2089
2249
2431
2739
2978
3000
3111
2985
2736
2609
2410
2353
2265
2284
2484
2469
2605
2674
2578
2607
2523
2465
2472
2494
2533
2695
2847
2946
3215
3273
3205
3216
3060
2764
2513
2287
2110
1900
1701
1680
1571
1439
1198
754
148
-663
-1515
-2544
-3547
-4369
-4972
-5194
-5225
-4979
-4544
-4056
-3465
-2973
-2707
-2662
-2791
-3033
-3321
-3580
-3731
-3628
-3307
-2976
-2487
-1817
-1385
-1167
-1080
-1331
-1926
-2672
-3387
-4108
-4699
-5016
-5129
-4911
-4401
-3762
-3074
-2550
-2031
-1551
-1381
-1369
-1462
-1563
-1569
-1446
-1211
-880
-392
147
649
958
940
765
380
-220
-780
-1367
-1787
-1890
-1869
-1557
-1055
-567
-23
356
458
482
424
244
98
69
307
687
1247
1966
2768
3589
4102
4486
4566
4338
3923
3282
2708
2172
1844
1731
1654
1769
2070
2371
2622
2807
2834
2791
2743
2606
2497
2447
2439
2507
2616
2835
3092
3149
3114
3139
3036
2936
2833
2665
2644
2738
2905
3012
3101
3254
3211
3026
2799
2520
2299
2021
1791
1795
1758
1733
1780
1672
1544
1167
450
-409
-1360
-2343
-3322
-4159
-4738
-5001
-5061
-4831
-4396
-3926
-3396
-2987
-2709
-2607
-2707
-2907
-3195
-3425
-3516
-3455
-3217
-2765
-2119
-1551
-1135
-836
-779
-1097
-1677
-2381
-3214
-3994
-4541
-4883
-4979
-4757
-4313
-3700
-3079
-2554
-1978
-1581
-1492
-1480
-1501
-1487
-1416
-1197
-837
-466
-39
344
587
759
643
316
-60
-531
-871
-1264
-1580
-1616
-1514
-1287
-971
-674
-461
-193
-93
-67
-53
-84
41
207
528
950
1429
1965
2467
2976
3398
3699
3815
3755
3566
3225
2855
2562
2281
2063
1980
1987
2027
2066
2154
2184
2092
2041
2114
2140
2234
2443
2513
2602
2702
2724
2696
2607
2530
2454
2344
2290
2359
2471
2659
2914
3228
3370
3303
3203
2990
2687
2324
1994
1655
1392
1243
1121
1210
1305
1351
1428
1285
834
174
-675
-1634
-2465
-3210
-3818
-4156
-4204
-4033
-3722
-3330
-2911
-2486
-2282
-2209
-2234
-2388
-2551
-2697
-2696
-2638
-2488
-2163
-1842
-1585
-1207
-891
-880
-952
-1302
-1794
-2320
-2942
-3416
-3856
-4098
-4068
-3925
-3555
-3106
-2764
-2423
-2127
-1831
-1631
-1550
-1374
-1165
-900
-621
-275
152
460
608
708
726
441
99
-246
-728
-1082
-1335
-1440
-1372
-1291
-1107
-885
-613
-420
-370
-350
-440
-453
-453
-433
-116
334
851
1400
1966
2491
2839
3029
3003
2872
2559
2167
1897
1664
1549
1483
1523
1655
1718
1741
1734
1695
1602
1530
1499
1507
1629
1816
1993
2239
2523
2741
2917
2978
2906
2788
2659
2526
2460
2450
2484
2622
2824
3036
3139
3179
3216
3060
2783
2511
2163
1867
1671
1524
1450
1446
1367
1167
863
378
-185
-906
-1645
-2261
-2791
-3084
-3188
-3187
-2990
-2684
-2374
-2087
-1836
-1687
-1745
-1769
-1884
-2029
-1977
-1955
-1851
-1655
-1360
-1019
-808
-660
-726
-1014
-1426
-1947
-2485
-3034
-3425
-3714
-3891
-3730
-3477
-3161
-2838
-2587
-2425
-2379
-2340
-2316
-2232
-2089
-1843
-1542
-1096
-579
-91
392
590
594
521
326
31
-392
-807
-1174
-1547
-1706
-1668
-1587
-1389
-1159
-976
-765
-652
-731
-750
-816
-839
-650
-512
-201
368
952
1511
2095
2560
2875
3014
2962
2815
2504
2199
1921
1752
1717
1643
1590
1660
1816
1863
1894
1903
1784
1656
1503
1292
1232
1224
1301
1572
1811
2068
2380
2713
2906
2981
3108
3214
3159
3127
3261
3266
3300
3367
3325
3259
3049
2790
2547
2260
2030
1880
1704
1589
1414
1085
829
406
-194
-758
-1470
-2053
-2492
-2966
-3213
-3251
-3050
-2812
-2573
-2106
-1758
-1563
-1436
-1413
-1454
-1616
-1775
-1877
-1879
-1730
-1543
-1244
-844
-563
-392
-406
-610
-872
-1348
-1884
-2428
-2871
-3100
-3254
-3119
-2960
-2837
-2542
-2308
-2039
-1834
-1838
-1796
-1729
-1575
-1260
-1031
-698
-368
-213
8
157
224
202
71
-138
-373
-620
-885
-1025
-1090
-1104
-1069
-992
-889
-781
-734
-835
-934
-1059
-1086
-965
-787
-423
-7
467
945
1407
1814
1950
2039
2070
1939
1765
1566
1507
1469
1399
1449
1469
1516
1566
1515
1419
1246
1035
815
653
567
459
479
666
839
1096
1432
1744
2046
2254
2321
2344
2425
2581
2749
2818
2911
3048
3150
3199
3114
3022
2897
2690
2509
2206
1936
1817
1574
1320
1085
771
404
6
-407
-874
-1422
-1840
-2030
-2187
-2293
-2235
-2026
-1720
-1355
-1059
-830
-601
-492
-497
-559
-713
-863
-948
-1055
-1016
-858
-619
-395
-443
-578
-754
-976
-1388
-1792
-2097
-2534
-2709
-2783
-2796
-2598
-2464
-2304
-2090
-1864
-1821
-1873
-1757
-1740
-1670
-1521
-1378
-985
-652
-329
117
334
416
327
31
-308
-733
-1120
-1412
-1575
-1652
-1686
-1528
-1326
-1164
-1055
-1094
-1158
-1216
-1358
-1496
-1444
-1190
-860
-414
170
746
1283
1728
1967
2049
1990
1783
1605
1401
1180
1115
1115
1252
1418
1454
1562
1673
1592
1493
1383
1133
845
697
572
421
550
734
958
1255
1420
1676
1857
1886
1934
2011
2056
2127
2307
2393
2512
2730
2791
2810
2708
2514
2471
2238
1945
1781
1519
1377
1279
1163
1075
790
540
311
-30
-383
-741
-1015
-1280
-1541
-1684
-1747
-1730
-1630
-1511
-1325
-1198
-1123
-1053
-1097
-1104
-1074
-1029
-966
-936
-824
-720
-649
-584
-625
-683
-846
-1074
-1276
-1539
-1768
-1904
-1929
-1874
-1774
-1666
-1617
-1457
-1321
-1401
-1417
-1495
-1595
-1545
-1491
-1367
-1091
-736
-489
-230
17
145
159
17
-121
-350
-608
-773
-901
-914
-878
-821
-718
-546
-414
-393
-377
-486
-669
-869
-1038
-1070
-1033
-873
-585
-194
202
642
1076
1292
1460
1471
1254
1029
809
626
491
529
648
808
1028
1092
1226
1419
1346
1276
1242
1048
906
784
799
865
868
1030
1186
1305
1350
1333
1320
1223
1128
1105
1131
1227
1356
1532
1712
1833
1892
1842
1841
1818
1642
1433
1322
1299
1267
1217
1177
1085
891
663
352
36
-285
-663
-950
-1092
-1123
-1111
-1070
-1008
-868
-717
-743
-758
-779
-937
-1111
-1194
-1225
-1259
-1196
-1086
-989
-828
-668
-581
-521
-589
-681
-875
-1043
-1021
-1162
-1280
-1282
-1215
-1142
-1130
-1100
-1107
-1092
-1084
-1120
-1189
-1090
-1016
-976
-727
-651
-547
-358
-283
-201
-131
-43
-12
-100
-284
-385
-437
-534
-548
-560
-549
-480
-413
-368
-413
-459
-495
-697
-809
-779
-763
-659
-530
-316
-3
250
523
861
1113
1245
1213
1195
1131
985
972
901
888
982
1030
1156
1184
1162
1244
1152
1034
940
819
785
684
691
744
787
885
930
1013
1032
1020
1011
1004
994
943
946
914
878
912
977
1045
1048
1070
1077
1025
984
928
891
838
769
757
728
628
462
277
111
-59
-291
-492
-697
-982
-1203
-1299
-1344
-1455
-1472
-1419
-1351
-1178
-1127
-1029
-873
-923
-971
-974
-1004
-1031
-1037
-971
-939
-893
-764
-696
-635
-537
-533
-644
-727
-795
-864
-876
-919
-944
-876
-785
-719
-678
-619
-551
-509
-490
-403
-332
-250
-97
25
176
226
265
375
388
258
102
14
-117
-131
-185
-267
-195
-101
26
122
165
87
40
-28
-149
-193
-254
-278
-231
-123
-47
112
323
458
590
682
749
723
725
781
741
771
811
853
936
920
938
1076
1177
1162
1179
1139
1059
934
747
695
583
460
360
281
294
305
369
345
362
429
402
410
347
290
333
362
464
504
517
643
580
552
594
577
568
457
486
458
307
239
92
-62
-206
-275
-401
-692
-823
-882
-1071
-1165
-1080
-1013
-1003
-961
-862
-806
-810
-779
-786
-861
-798
-755
-703
-518
-464
-397
-238
-191
-214
-210
-309
-466
-594
-744
-771
-797
-829
-769
-719
-652
-562
-466
-483
-477
-368
-362
-373
-294
-172
-35
195
377
466
487
386
369
381
376
295
143
49
-3
41
40
36
79
69
74
112
123
65
-19
-131
-220
-323
-440
-428
-407
-312
-191
-160
-85
31
147
192
177
143
150
147
178
267
332
451
593
704
816
979
1081
1038
973
912
812
689
553
463
403
349
391
440
429
461
421
306
188
23
-104
-200
-269
-299
-259
-10
247
387
504
663
795
743
725
701
514
381
293
214
126
96
111
118
220
201
176
230
109
-34
-142
-342
-518
-618
-652
-712
-689
-556
-600
-547
-348
-333
-325
-318
-357
-309
-440
-520
-413
-464
-437
-442
-532
-498
-446
-360
-306
-373
-446
-543
-708
-715
-675
-728
-732
-720
-630
-503
-431
-304
-151
-31
71
182
245
247
292
252
209
129
-13
22
11
-47
-69
-190
-255
-216
-190
-206
-287
-438
-527
-498
-484
-494
-354
-165
-103
-29
14
8
32
-12
-142
-308
-294
-155
-45
71
175
334
498
683
837
884
881
868
872
774
760
832
879
934
972
1022
1004
1036
1029
897
752
589
461
318
167
76
59
55
65
87
75
146
212
205
231
202
223
267
259
341
351
294
298
261
227
199
124
53
-76
-120
-94
-139
-189
-261
-260
-309
-363
-293
-327
-339
-334
-377
-326
-322
-334
-250
-238
-318
-392
-409
-412
-480
-509
-515
-544
-553
-541
-485
-396
-349
-377
-420
-460
-459
-472
-588
-640
-659
-707
-619
-544
-483
-401
-318
-212
-250
-185
-53
-34
-29
-48
24
93
113
108
78
60
39
122
65
-43
-86
-273
-331
-387
-452
-346
-338
-287
-277
-338
-273
-271
-291
-317
-354
-328
-252
-209
-188
-19
129
152
247
350
430
468
460
515
525
529
600
556
486
512
500
576
583
497
572
477
432
518
495
544
525
530
504
395
406
330
253
299
277
215
189
137
98
123
185
196
162
170
131
175
216
163
160
129
161
125
104
233
303
262
267
317
271
195
92
63
82
14
-12
-6
14
27
-39
43
186
211
230
186
172
127
24
7
-91
-163
-225
-274
-228
-300
-394
-445
-451
-500
-624
-714
-767
-825
-865
-799
-728
-662
-624
-543
-438
-411
-362
-316
-280
-298
-306
-217
-158
-76
45
76
157
243
234
136
-14
-5
-111
-240
-274
-412
-419
-394
-312
-221
-223
-108
-39
-95
-73
-20
-100
-243
-338
-301
-235
-236
-196
-196
-105
-9
24
158
136
151
226
223
336
409
431
430
467
598
657
713
740
740
743
653
566
503
383
224
122
64
-1
30
5
-54
56
161
194
226
244
251
167
94
117
69
94
128
46
76
164
242
321
349
325
228
139
90
36
-87
-108
26
24
73
168
157
211
200
142
125
102
124
135
109
125
129
140
182
116
52
69
49
-70
-177
-251
-330
-319
-382
-432
-354
-368
-370
-345
-397
-410
-421
-417
-339
-313
-440
-485
-387
-406
-340
-344
-450
-370
-347
-356
-311
-264
-211
-135
-21
13
-29
4
34
-44
-113
-109
-108
-128
-120
-84
-77
-84
-66
-35
-6
-64
-120
-120
-165
-180
-174
-179
-175
-158
-104
-45
-19
31
109
114
126
169
130
66
110
134
78
114
191
244
226
253
249
207
264
166
169
234
110
92
87
44
70
112
137
89
41
103
93
-12
-77
-108
-5
30
-92
6
198
218
257
347
359
336
337
320
252
271
322
285
321
353
386
455
405
357
315
308
272
182
201
134
36
26
90
186
217
249
282
303
270
224
154
61
89
62
-57
-139
-225
-264
-321
-402
-364
-381
-455
-427
-435
-436
-386
-379
-381
-373
-339
-223
-162
-244
-242
-189
-208
-184
-137
-160
-137
-124
-148
-81
-126
-132
-120
-222
-206
-207
-211
-160
-102
-60
-37
-23
-38
-25
-15
4
-72
-130
-148
-302
-305
-271
-247
-167
-213
-285
-273
-269
-305
-354
-458
-449
-408
-405
-346
-269
-148
-107
-51
69
113
108
142
182
223
235
162
246
314
334
473
448
422
401
354
345
198
160
168
147
196
188
242
314
266
218
279
346
332
275
233
216
154
128
94
155
219
112
191
244
251
329
269
281
397
436
395
311
273
276
259
216
181
188
117
93
74
26
60
65
13
-74
-79
-120
-70
11
-54
-34
-16
-30
-54
-89
-102
-63
-65
-85
-52
-5
-41
-183
-124
-7
-7
-29
-104
-211
-197
-200
-295
-292
-303
-274
-285
-247
-153
-194
-171
-176
-210
-239
-240
-205
-239
-240
-250
-209
-208
-252
-192
-171
-118
-76
-117
-189
-221
-236
-253
-170
-173
-196
-202
-234
-240
-299
-280
-162
-222
-275
-211
-297
-243
-180
-286
-245
-185
-124
-86
-162
-54
73
56
39
52
146
109
117
196
190
183
104
123
110
84
106
52
48
127
132
101
150
117
111
221
227
189
250
196
207
237
132
252
347
299
238
223
292
269
221
191
79
58
132
128
175
172
181
230
230
330
331
283
258
228
225
234
262
238
285
259
241
261
181
269
246
161
197
26
-48
66
35
35
85
75
117
46
10
46
4
61
-47
-143
-88
-230
-264
-250
-297
-279
-296
-236
-204
-153
-112
-206
-231
-195
-214
-190
-147
-172
-133
-145
-173
-137
-200
-221
-114
-109
-220
-283
-243
-252
-343
-374
-379
-391
-391
-377
-371
-336
-256
-250
-321
-333
-338
-327
-221
-213
-201
-147
-171
-105
-38
-96
-116
-45
0
-8
-12
-70
-72
-54
-122
-108
-68
-10
21
12
81
136
173
120
71
125
223
251
194
223
233
242
279
312
349
363
324
231
234
228
154
125
100
40
-9
18
10
74
181
145
162
160
176
214
138
138
186
224
274
270
284
280
232
228
243
253
197
190
294
299
230
188
199
176
171
206
142
121
89
74
17
-90
-29
50
80
58
58
13
-5
28
-40
-107
-130
-107
-124
-115
-67
-108
-120
-117
-186
-174
-198
-154
-14
-103
-114
-74
-97
-32
-61
-131
-173
-234
-260
-261
-216
-256
-248
-239
-264
-249
-271
-69
-57
-148
-88
-199
-246
-277
-253
-194
-258
-246
-224
-223
-169
-219
-248
-183
-176
-153
-155
-196
-128
-74
-84
-52
1
48
54
48
-37
-68
-28
-98
-70
36
5
-44
-9
37
96
67
86
163
42
51
179
107
65
89
82
168
216
198
246
289
333
295
187
174
187
120
106
57
-33
12
-8
-26
-25
-33
23
15
15
0
-27
84
66
20
132
156
120
87
111
180
208
126
113
150
142
168
144
208
274
299
259
204
237
171
172
149
87
116
21
-6
50
-20
33
108
97
73
-15
25
78
64
9
-33
-22
-117
-158
-142
-147
-110
-121
-110
-11
-43
-93
-117
-189
-142
-124
-170
-193
-185
-195
-233
-166
-161
-205
-172
-140
-123
-212
-195
-118
-121
-63
-51
-9
11
-7
81
16
-139
-148
-129
-119
-166
-230
-121
-87
-157
-67
-26
-42
-70
-53
11
-29
-147
-219
-150
-145
-191
-219
-255
-184
-87
-83
-119
-4
75
45
27
6
73
68
52
78
26
31
91
48
3
72
58
117
165
146
238
215
211
290
224
152
177
143
113
96
89
144
138
121
112
126
93
52
107
102
129
191
208
257
224
217
230
162
161
215
226
156
126
64
-1
68
140
157
81
59
130
111
76
78
43
-21
-93
-75
-13
-37
-99
-102
-9
15
-26
-16
-26
-7
85
26
-63
-86
-131
-135
-146
-104
-116
-160
-206
-149
-105
-213
-146
-83
-95
-105
-103
-101
-51
-61
-145
-66
-49
-81
-154
-133
-110
-168
-105
-158
-54
-37
-119
-19
-118
-107
-73
-148
-89
-63
-95
-139
-167
-113
-167
-206
-106
-118
-108
-94
-96
-48
-59
-87
-69
-24
-55
-62
-65
-56
-55
-41
76
86
126
167
167
196
185
278
274
182
156
126
163
61
-65
60
100
57
48
9
5
54
147
146
139
140
100
160
204
149
117
123
128
146
120
97
82
34
-10
16
52
50
80
95
113
116
87
75
50
61
28
-45
-44
-41
-16
-44
1
151
95
93
120
62
92
58
58
23
-82
-133
-187
-177
-126
-141
-97
-28
-125
-90
-27
-91
-116
-116
-26
-16
-133
-125
-81
-130
-94
-80
-127
-87
-54
-58
-95
-83
-74
-29
-13
-140
-78
-19
-102
-34
26
-10
-77
-103
-85
-108
-120
-128
-99
-48
-17
-49
-64
-84
-76
14
36
29
-70
-80
-4
-17
-76
-97
3
-31
-40
55
-24
-76
-28
58
104
30
0
36
102
34
-36
7
56
104
68
101
114
31
52
94
68
59
-11
-18
50
32
33
-12
6
1
-76
8
35
9
-28
-24
94
55
0
53
36
43
132
87
61
182
196
200
199
182
171
116
115
123
98
25
29
49
46
52
37
122
157
134
77
45
67
-47
-64
-44
-120
-121
-125
-63
-10
-22
-39
-59
32
41
-79
-68
-61
-58
46
32
-42
-85
-95
-100
-75
16
-21
-96
-74
-9
-2
-60
-71
-61
-41
-93
-139
-123
-50
2
-63
-12
60
11
-21
-42
-83
-46
-14
-1
50
21
-60
-54
-29
-29
25
37
17
-8
-67
-87
-49
-54
-57
-51
-82
-116
-128
-64
-80
-8
107
70
47
-29
-42
36
25
-43
-49
-19
-15
82
117
58
135
137
43
71
56
33
35
0
66
109
63
31
28
56
88
64
73
122
115
124
113
56
48
11
-72
-4
34
-19
13
14
-17
-21
48
109
91
78
37
-1
10
-11
64
106
96
102
0
-45
-51
3
-24
-72
8
-46
-49
-31
-79
-20
19
40
110
103
-23
-83
-13
32
-25
-42
-46
-113
-138
-85
-10
-54
-73
-87
-48
16
-35
37
65
5
-8
-26
-31
-56
-70
-91
-90
-26
-36
-89
-113
-72
-7
-64
-44
33
-29
-58
-44
-42
-46
-95
-145
-197
-159
-136
-158
-21
20
-67
-60
-33
32
24
-31
45
72
7
-50
-66
-34
-64
-80
-15
-24
-14
-13
-46
-11
-25
0
34
30
61
73
38
22
36
34
73
89
83
60
22
86
93
29
76
76
98
135
44
14
33
63
90
83
107
9
-30
45
2
21
6
-27
-22
-64
-51
-66
-81
-10
71
79
44
63
131
91
87
117
78
54
6
66
56
6
61
42
34
82
66
9
31
111
82
18
60
12
4
101
112
79
18
-70
-75
27
63
12
13
5
-23
-23
-54
-39
-23
6
21
-45
-6
-22
-92
-106
-112
-108
-79
-38
-80
-51
-26
-41
-57
-74
-52
-19
52
67
98
31
-36
15
-34
-17
-46
-121
-93
-74
-50
-85
-95
-15
-11
-38
-29
-4
1
-1
-10
-95
-76
-17
-23
-8
-94
-168
-109
-79
-29
-27
-65
-42
-43
8
-32
-67
-47
-112
-52
-27
-54
0
-13
24
76
52
13
15
65
72
92
50
14
24
-55
-60
-32
-34
-3
-16
-21
8
26
55
-27
-93
9
18
-29
-40
-83
-112
-6
108
42
23
54
51
52
63
82
-5
20
83
18
32
-24
-108
-34
7
88
170
107
144
149
22
29
124
123
84
75
70
89
62
35
55
7
-33
-14
-17
11
73
63
-49
-29
-36
-109
-55
-97
-39
36
14
35
32
57
24
-4
26
30
-1
-20
-9
-38
10
12
23
123
146
84
67
180
107
4
43
36
6
-88
-151
-96
-105
-116
-73
-63
-50
-32
33
-5
-88
-110
-135
-92
-56
-43
-72
-68
-97
-139
-30
-34
-82
-21
-10
0
-1
-60
-66
-51
-83
-67
-44
-40
-18
-31
-38
-27
-111
-75
70
19
-21
-2
83
79
-70
-19
22
40
37
20
69
1
19
89
-30
-78
-37
-66
-49
-7
-2
37
-29
-56
46
-18
10
115
107
111
67
67
59
46
52
21
18
24
64
2
-57
52
82
80
97
71
81
93
155
104
-25
16
40
-21
-36
14
3
-32
-17
-39
-64
13
5
-29
36
-69
-33
28
-118
-84
-56
-64
-26
10
33
80
132
-19
-65
-7
-2
16
-12
5
-26
-56
-6
23
37
-17
-1
77
86
94
67
46
27
14
-10
-52
-42
-102
-96
45
43
-60
-24
52
13
-8
-21
-35
14
-67
-73
-27
-72
-80
-158
-122
-77
-75
41
92
60
30
50
71
45
-16
-41
-39
-72
-56
-40
-90
-78
-9
-62
-47
-16
-33
-45
-78
1
-9
-57
-20
-41
-43
-22
-18
-14
-38
-36
-16
5
22
32
15
-54
-44
-24
7
21
-47
29
102
65
38
48
128
144
127
96
81
67
-19
25
76
54
57
71
121
106
55
103
173
156
141
120
116
105
-13
11
58
4
17
-30
-71
-18
-2
13
57
1
0
38
-25
-39
-27
2
-52
-75
7
-23
-6
19
-14
-18
-5
47
19
-9
26
-38
-83
-94
-63
24
-63
-123
-36
-46
-86
-74
-43
-68
-79
-4
1
-56
-127
-105
-4
-15
-72
-84
-68
-84
-86
-44
-38
-66
-77
-41
-6
-15
-16
-14
-100
-53
27
-37
16
34
-15
-14
8
34
-7
40
117
73
85
130
159
126
86
83
-25
-28
28
-24
32
44
-47
28
74
98
119
77
114
45
12
19
-32
10
-9
-47
-41
-39
-15
-58
-51
1
10
-18
-94
-10
74
65
26
9
72
29
-36
1
42
-20
-14
36
-37
-54
-6
46
46
-12
-61
-67
-24
-89
-125
-75
-112
-68
-51
-80
0
-4
-64
-75
-20
-15
-78
-77
-4
40
14
82
66
45
108
52
40
29
55
76
41
60
40
14
-49
14
94
57
83
73
33
13
66
104
35
-52
-19
-9
-78
-30
-42
-55
-15
-32
2
46
111
137
89
26
-134
-132
4
-51
-130
-70
5
-35
-59
-54
-40
-58
-48
13
-9
29
-14
-34
29
-55
-73
-81
-130
-79
-78
-43
9
-32
34
41
-5
16
38
55
63
35
-75
-114
-129
-104
-58
-65
-52
-21
39
116
98
73
80
23
55
81
51
49
6
2
125
157
76
11
-33
-12
32
41
27
64
116
138
81
19
38
40
76
139
87
38
25
-49
-5
10
10
76
91
109
75
42
-11
-34
-40
-37
-18
-12
-11
-25
-11
-76
-107
-62
-90
-98
3
9
-64
-10
8
-88
-67
36
-43
-49
7
-80
-41
-5
8
14
-52
-5
-29
-73
-2
-62
-112
-50
-14
24
-31
-91
-103
-139
-141
-175
-141
-47
-62
-53
58
81
6
36
69
-34
-57
-52
-38
-5
-10
76
54
59
54
26
142
57
13
14
-60
35
45
40
93
100
123
108
55
-11
-47
-11
-61
-66
63
75
111
103
99
134
53
47
15
-51
-40
-49
-36
7
15
-58
-111
-29
-34
-67
43
52
38
5
-74
-4
35
33
59
13
27
-1
-162
-180
-128
-131
-71
-33
7
65
74
130
72
-21
-10
-26
-23
35
11
-60
-41
-51
-17
18
-57
-10
122
87
53
116
87
67
-21
-69
8
18
-9
-92
-130
-24
77
72
-9
-16
51
60
74
13
-8
36
-21
-16
56
38
31
58
-1
-3
-16
21
76
-3
-11
29
45
29
54
1
-54
-55
-30
50
12
13
-86
-157
-42
-20
-53
9
82
-5
-52
-61
-98
-89
-42
-25
-56
-37
-17
-46
-74
-19
-22
-62
-52
-45
8
43
6
-50
16
75
72
114
69
20
-37
-47
-6
-63
-92
-59
0
-18
3
65
20
65
9
-99
0
27
35
18
-32
-11
-22
29
30
14
48
17
13
32
72
71
6
87
131
65
11
-27
-19
-108
-143
-74
0
28
-2
-11
27
104
52
-17
35
43
95
111
-1
4
27
39
-29
-121
-34
-20
-29
10
-30
-27
-8
-47
-36
-2
-52
-79
-4
