-1
0
-1
0
-3
-4
0
-2
-3
-3
-3
-3
-2
-4
-1
-5
-2
-1
-2
-3
-1
-5
-7
-2
-3
-4
-6
-5
-6
-6
-10
-10
-7
-8
-10
-7
-9
-10
-10
-12
-13
-10
-12
-12
-11
-13
-14
-13
-13
-13
-12
-10
-13
-11
-13
-11
-11
-14
-13
-13
-12
-12
-14
-14
-15
-14
-11
-10
-12
-11
-10
-11
-12
-9
-13
-14
-16
-17
-16
-18
-19
-17
-17
-20
-23
-19
-21
-19
-16
-19
-16
-14
-11
-11
-14
-13
-10
-9
-11
-10
-11
-9
-9
-7
-7
-6
-10
-13
-10
-11
-11
-12
-13
-11
-13
-12
-11
-13
-12
-9
-12
-11
-11
-10
-11
-14
-15
-10
-12
-13
-11
-13
-11
-12
-12
-16
-13
-14
-15
-15
-14
-12
-10
-14
-13
-16
-17
-13
-15
-14
-14
-13
-12
-12
-8
-8
-8
-7
-9
-8
-11
-11
-9
-9
-8
-9
-9
-7
-6
-5
-5
-6
-8
-7
-7
-8
-8
-10
-11
-9
-8
-8
-9
-5
-7
-8
-7
-8
-8
-6
-5
-8
-6
-4
-1
-3
-8
-4
-6
-2
-5
-7
-4
-5
-4
-2
-3
-2
-1
-5
-4
0
-2
-2
-2
-3
-1
-5
-4
-2
-5
-2
-4
-2
-1
-3
-2
-1
-1
1
-3
0
1
1
4
4
7
6
4
3
4
7
6
7
11
8
8
11
6
9
8
6
6
5
5
4
0
1
-3
-4
1
1
-1
1
-1
4
2
3
3
4
5
8
10
5
9
6
8
10
9
10
9
8
11
12
8
11
11
12
8
7
11
8
10
10
10
12
9
9
11
11
10
10
10
12
10
11
11
11
9
11
9
9
9
9
8
3
8
6
6
8
6
6
11
8
9
7
5
7
6
9
6
9
8
7
6
7
7
8
8
6
3
2
5
6
6
6
5
7
6
7
5
3
4
3
5
4
4
3
2
1
1
3
3
3
5
3
1
3
3
2
2
2
3
1
2
2
0
5
6
3
3
6
3
5
4
4
4
4
4
3
3
2
3
3
3
-1
0
-1
-1
0
-2
-4
-5
-10
-12
-6
-7
-6
-5
-8
-10
-5
-5
-2
0
-5
0
2
3
1
3
3
4
7
0
2
1
1
1
2
3
2
-1
-1
1
-1
-1
-1
1
-3
-5
-2
-4
-3
-5
-2
-3
-2
-3
-4
1
4
1
1
1
1
1
-1
2
1
-1
0
2
1
1
-2
-4
-2
-7
-6
-2
-6
-3
-3
-4
-4
-5
-3
-5
-2
-6
-5
-6
-6
-6
-5
-3
-5
-7
-7
-6
-7
-6
-5
-7
-5
-7
-8
-7
-4
-2
-2
-5
-4
-4
0
-2
-5
-2
-2
-2
-1
-1
-4
-1
1
-4
-4
-4
-2
-4
-4
0
-4
-1
0
-2
-3
0
-2
-3
-5
-5
-1
1
2
2
-1
-2
1
-1
-1
1
2
1
2
0
1
3
2
3
0
4
4
4
4
6
8
5
8
6
7
2
7
10
6
8
4
6
6
4
1
0
0
-1
0
-3
-3
-5
-5
-2
-5
-9
-8
-10
-9
-7
-5
-7
-5
-6
-5
-5
-4
-3
-2
-4
-4
-1
-2
-1
3
4
4
6
3
3
3
1
3
6
2
1
1
1
4
6
3
3
0
2
4
1
5
6
5
2
1
5
6
5
10
9
9
6
3
5
3
6
8
7
6
8
10
10
11
9
6
7
8
7
9
2
2
4
0
-2
1
1
-2
2
2
1
1
1
1
0
-1
0
-1
2
-1
-1
2
4
-1
0
-2
-4
-4
-2
-1
-1
-2
-2
-3
-4
-3
-2
0
1
1
0
0
0
-1
-2
0
0
0
-1
3
1
1
2
-2
-1
-1
-3
-2
-3
-6
-2
-4
-7
-4
-5
-7
-7
-4
-7
-10
-11
-13
-13
-9
-11
-12
-12
-12
-10
-8
-11
-9
-8
-6
-3
-4
-5
-7
-6
-5
-4
-2
-4
-4
-6
-8
-8
-7
-10
-10
-10
-13
-11
-13
-14
-14
-11
-13
-14
-15
-14
-12
-14
-13
-12
-14
-11
-13
-14
-11
-11
-12
-11
-11
-11
-9
-10
-8
-8
-6
-7
-7
-8
-12
-14
-11
-14
-15
-15
-13
-12
-10
-11
-12
-9
-7
-9
-10
-10
-9
-10
-10
-9
-6
-8
-8
-4
-7
-8
-4
-2
-3
-3
-3
-4
-2
-2
-1
2
-2
0
0
-1
-3
-2
-2
-3
-1
-2
-4
-4
-3
-1
-1
-3
-3
-1
-1
-1
-3
-5
-3
-4
-1
-1
-3
-4
-7
-5
-4
-9
-5
-6
-5
-7
-7
-6
-7
-8
-6
-7
-6
-8
-8
-6
-8
-6
-4
-6
-10
-6
-6
-4
-4
-5
-3
-5
-2
-1
0
-3
3
3
2
2
0
2
-1
-3
-3
-5
-7
-10
-13
-13
-11
-12
-13
-12
-12
-11
-15
-13
-15
-12
-13
-8
-13
-14
-6
-10
-9
-9
-9
-9
-9
-8
-7
-7
-4
-6
-3
-3
-4
-2
-5
-6
-5
-4
-8
-8
-7
-5
-3
-6
-10
-10
-8
-14
-15
-9
-9
-7
-7
-10
-10
-9
-7
-9
-9
-7
-7
-8
-9
-8
-12
-11
-7
-6
-6
-8
-9
-9
-11
-13
-11
-10
-10
-10
-9
-11
-12
-10
-10
-10
-12
-13
-14
-15
-12
-13
-9
-10
-10
-11
-12
-12
-12
-10
-14
-13
-13
-12
-11
-13
-11
-13
-16
-13
-11
-11
-10
-13
-13
-15
-17
-14
-14
-14
-14
-15
-14
-14
-17
-17
-15
-17
-19
-19
-18
-18
-17
-19
-19
-19
-17
-21
-22
-19
-19
-19
-22
-21
-22
-23
-25
-27
-28
-27
-32
-31
-33
-34
-28
-32
-30
-31
-33
-32
-32
-30
-29
-28
-28
-25
-24
-26
-23
-23
-22
-20
-22
-22
-23
-21
-23
-22
-23
-24
-23
-22
-23
-23
-25
-24
-23
-24
-20
-21
-22
-21
-23
-22
-23
-22
-19
-20
-22
-21
-18
-17
-19
-20
-21
-23
-20
-20
-23
-22
-20
-18
-17
-20
-18
-17
-21
-20
-19
-18
-19
-19
-18
-18
-16
-19
-18
-17
-18
-22
-19
-19
-20
-22
-21
-20
-18
-16
-21
-21
-16
-17
-16
-16
-15
-17
-16
-14
-14
-13
-13
-15
-17
-15
-15
-16
-17
-16
-13
-11
-11
-11
-11
-12
-11
-10
-9
-9
-7
-10
-12
-11
-12
-11
-7
-7
-11
-10
-9
-6
-7
-8
-8
-7
-6
-9
-8
-4
-6
-7
-6
-4
-7
-7
-7
-8
-7
-6
-10
-9
-5
-7
-5
-6
-4
-3
-4
-3
-2
0
1
-2
3
3
-1
4
5
3
2
3
1
-3
-3
-4
-4
-7
-6
-10
-9
-9
-8
-8
-11
-8
-12
-10
-9
-9
-8
-5
-4
-5
-3
-7
-5
-6
-7
-4
-3
-3
-4
-2
-1
-7
-6
-5
-4
-5
-5
-5
-5
-5
-5
-5
-3
-4
-4
-6
-5
-4
-4
-2
-4
-3
1
-5
-3
-1
-1
1
1
-2
-2
-4
-4
-2
-4
-4
1
0
2
2
0
0
2
-2
-3
-7
-2
-5
-2
-4
-8
-5
-9
-7
-5
-8
-10
-9
-9
-3
-6
-7
-10
-10
-9
-13
-10
-10
-9
-10
-13
-11
-14
-13
-12
-13
-14
-9
-11
-11
-9
-11
-12
-11
-12
-11
-9
-12
-12
-14
-11
-12
-13
-9
-13
-13
-12
-12
-13
-12
-10
-12
-12
-12
-11
-12
-11
-11
-11
-9
-13
-10
-13
-12
-16
-14
-15
-17
-15
-18
-20
-23
-20
-23
-21
-19
-21
-21
-19
-16
-15
-15
-10
-11
-12
-11
-12
-8
-12
-10
-10
-11
-12
-17
-15
-15
-14
-21
-19
-17
-19
-18
-17
-19
-17
-17
-19
-18
-20
-20
-19
-18
-18
-21
-17
-18
-18
-18
-16
-14
-17
-14
-12
-14
-11
-15
-13
-12
-15
-11
-11
-13
-12
-11
-13
-12
-10
-7
-6
-9
-8
-7
-6
-8
-7
-7
-7
-6
-8
-6
-9
-8
-9
-7
-8
-7
-7
-8
-7
-6
-3
-4
-1
0
-2
0
-2
0
1
-2
1
-1
-4
-3
-2
-4
-1
-3
-1
2
-2
0
-2
-3
-5
-1
0
-2
-2
-2
-1
1
1
0
2
1
0
0
2
1
0
1
-3
1
3
1
-1
1
1
2
-1
-3
-1
0
0
-1
0
-1
-2
0
3
3
6
4
3
8
6
5
6
8
12
8
12
10
12
11
9
9
8
8
5
5
6
4
4
1
3
2
2
1
-1
-2
-2
-1
3
4
3
4
7
7
6
6
9
10
7
6
11
11
11
11
10
10
10
11
9
6
10
9
6
3
4
8
6
7
2
3
0
-3
3
5
2
6
3
3
4
4
2
5
7
5
4
3
4
2
5
4
7
5
7
6
6
4
5
5
5
2
4
7
6
5
3
6
4
2
2
2
3
4
2
2
5
2
4
3
2
0
0
0
-3
-3
-1
-2
-2
-3
-4
-4
-6
-1
-1
-3
-1
-5
-6
-4
-5
-3
-4
-5
-3
-3
-3
-4
-6
-3
-3
-3
-3
-3
-5
-6
-6
-6
-6
-4
-6
-7
-5
-8
-9
-10
-10
-10
-10
-10
-10
-8
-9
-11
-12
-9
-14
-14
-12
-12
-12
-13
-11
-12
-9
-12
-10
-9
-8
-9
-5
-8
-5
-7
-9
-6
-6
-8
-11
-8
-9
-9
-12
-12
-12
-12
-12
-13
-12
-11
-15
-17
-14
-14
-16
-16
-16
-14
-14
-12
-12
-12
-13
-11
-11
-12
-11
-10
-9
-8
-7
-11
-9
-6
-4
-6
-7
-9
-5
-7
-10
-10
-7
-6
-7
-3
-6
-4
-6
-6
-2
-2
-4
-3
-5
-6
-5
-6
-6
-7
0
-3
-1
2
-1
1
-2
-1
0
0
-1
3
5
5
6
4
2
3
3
6
1
6
5
3
3
5
6
5
4
6
5
4
8
3
6
6
4
4
5
3
3
2
3
2
6
5
5
5
4
6
2
3
1
3
2
1
2
-1
0
0
3
6
-1
0
3
4
3
2
7
6
5
6
9
11
13
10
17
15
12
15
9
10
8
8
8
6
8
4
3
2
3
2
2
1
3
0
1
0
-1
-1
-2
-1
0
1
5
6
4
4
3
3
-1
1
1
4
4
1
1
-1
1
0
0
0
0
-3
0
-3
-3
-2
-2
-4
-2
-7
-7
-5
-5
0
-6
-3
-4
-2
-4
-2
-1
-3
-5
-4
-1
-6
-2
-3
-3
-3
-3
-3
1
1
1
-3
-3
-1
-3
-2
-2
-1
-3
-3
-6
-4
-7
-5
-4
-6
-7
-11
-12
-9
-6
-9
-8
-10
-9
-9
-12
-10
-11
-14
-12
-11
-12
-11
-17
-13
-16
-14
-13
-11
-9
-16
-16
-14
-13
-13
-12
-15
-15
-12
-11
-13
-12
-10
-12
-11
-9
-8
-9
-12
-8
-8
-10
-9
-7
-9
-12
-9
-10
-11
-12
-13
-11
-13
-7
-10
-13
-11
-11
-11
-13
-10
-11
-15
-12
-10
-9
-9
-9
-6
-4
-5
-1
-3
-3
-3
-2
-1
0
1
-1
-1
0
-2
-2
-2
-4
-5
-5
-5
-4
-6
-7
-5
-3
-5
-4
-6
-6
-4
-6
-6
-6
-3
0
-2
-3
0
1
-1
2
4
2
3
2
4
3
2
3
4
6
4
2
3
0
-2
0
2
3
2
3
3
0
2
4
1
0
4
2
-1
1
1
0
0
1
-1
0
1
0
0
2
5
1
0
2
4
3
2
2
-2
-2
-1
-1
-2
0
1
1
0
1
0
2
1
1
2
1
3
2
-1
3
2
0
2
4
1
0
3
0
1
2
-1
0
-1
2
-1
-3
0
3
1
0
3
2
2
0
-2
-2
-1
-1
1
-4
-3
-3
-2
-1
-1
0
3
3
5
4
3
8
6
8
5
1
4
2
2
2
0
0
-1
-5
-5
-3
-6
-5
-3
-5
-5
-6
-7
-5
-5
-5
-3
-3
-1
0
-1
0
4
3
2
2
0
5
4
5
6
5
7
5
5
4
2
3
3
0
2
2
0
3
2
0
4
-2
-4
0
3
3
1
0
-2
2
4
3
3
3
2
-1
0
2
4
2
2
4
0
3
2
1
2
3
0
0
0
1
2
3
1
1
0
0
-4
-2
4
-1
-3
-3
1
0
0
0
1
1
0
2
0
-3
1
0
4
3
-1
-1
-1
1
1
2
1
2
1
1
4
3
4
2
4
4
4
5
5
6
5
5
8
6
7
10
8
10
10
6
7
9
10
9
7
7
8
7
3
3
4
0
0
1
-2
0
-5
-7
-1
-3
-4
-5
-4
-3
-1
0
-2
2
1
2
3
2
2
2
4
1
2
2
2
1
-1
1
1
0
0
-5
-7
-5
-5
-5
-8
-8
-10
-10
-8
-11
-10
-11
-11
-12
-9
-8
-10
-10
-7
-6
-9
-7
-7
-6
-5
-5
-6
-5
-5
-4
-5
-5
-6
-7
-6
-7
-5
-6
-5
-3
-6
-6
-1
-4
-3
-3
-4
-5
-5
-5
-5
-5
-6
-3
-5
-4
-4
-2
-4
-3
-4
-3
-3
-4
-4
-5
-3
-2
-1
-1
-5
-6
-6
-8
-6
-6
-6
-5
-6
-8
-6
-6
-5
-8
-10
-8
-6
-4
-5
-4
-7
-8
-8
-6
-8
-8
-9
-11
-9
-9
-10
-9
-8
-11
-10
-11
-13
-12
-12
-12
-8
-9
-8
-10
-13
-8
-8
-12
-10
-10
-9
-8
-9
-7
-7
-5
-2
1
1
-1
4
3
3
4
1
-1
0
0
-1
-1
0
-3
-5
-7
-7
-7
-5
-7
-7
-6
-7
-6
-7
-7
-6
-6
-2
-3
-1
0
-1
-2
-3
0
0
3
0
0
0
2
3
-2
-2
0
-1
-5
-4
-2
-2
-3
-4
-3
-3
-1
0
-4
-10
-4
-4
-5
-1
-1
0
-2
-2
-1
-1
-2
0
4
0
1
-1
-2
-2
-1
4
4
4
3
3
7
5
8
6
7
7
6
10
7
8
9
8
10
7
8
6
3
9
7
11
11
9
11
11
13
10
12
11
13
15
12
12
12
11
9
7
11
9
7
11
8
8
7
7
9
6
7
7
5
6
3
8
10
8
7
7
6
4
4
2
3
3
4
7
7
6
6
5
2
4
2
1
-1
0
-4
-3
-5
-4
-1
-5
-6
-4
-8
-8
-7
-5
-4
-4
-2
-3
-3
-4
0
-1
-2
-1
-1
0
0
2
0
-3
-4
-3
-5
-3
-3
-6
-3
-6
-6
-6
-5
-6
-6
-8
-11
-11
-12
-12
-12
-10
-14
-8
-13
-13
-11
-9
-5
-9
-5
-8
-9
-5
-9
-4
-7
-5
-3
-5
-7
-8
-7
-7
-8
-7
-6
-8
-4
-3
-4
-4
-6
-3
-1
-4
-5
-5
-6
-7
-7
-5
-8
-7
-10
-8
-5
-6
-6
-3
-7
-5
-3
-5
-3
-2
-2
-4
-3
-4
-2
-2
-3
-6
-4
-6
-6
-5
-6
-6
-6
-5
-6
-4
-3
0
0
-1
0
-3
-3
-1
0
2
1
1
2
-2
-1
1
1
-2
1
-1
-3
-1
-1
1
2
2
3
0
1
5
5
6
4
5
4
9
9
12
11
10
11
12
13
14
15
16
21
18
18
18
20
19
20
20
19
17
14
15
13
15
12
13
17
16
13
9
10
10
11
10
15
14
12
15
16
18
18
17
18
17
17
17
19
18
20
23
21
22
21
18
18
19
19
18
19
17
17
19
18
18
19
15
15
19
19
17
19
19
22
19
23
23
24
26
22
23
21
19
20
24
21
21
23
22
21
22
25
22
21
21
18
20
17
19
17
19
18
17
20
18
18
18
17
14
15
15
15
15
16
15
15
12
8
12
11
10
11
9
12
13
8
8
8
10
7
10
12
9
8
8
8
9
12
10
9
10
8
7
7
8
10
11
13
14
12
15
13
9
16
14
11
10
11
11
11
11
12
11
11
7
9
5
4
4
2
1
-2
2
-2
2
2
4
2
4
6
6
8
6
10
10
10
9
10
9
9
9
7
8
8
7
4
5
3
2
3
1
2
2
2
1
1
1
1
0
0
0
1
-2
-2
0
-3
-2
0
-1
0
0
0
-2
-4
-2
1
0
-2
-1
2
1
3
-1
-3
-1
-3
-1
-3
-2
-4
-4
-3
-2
-1
-3
-5
-2
-3
-2
-2
-2
1
0
-2
-5
-4
-1
0
-2
-2
-4
-5
0
-2
-2
-2
5
2
2
3
1
5
0
0
4
3
0
4
2
4
3
2
2
0
3
6
8
5
5
3
5
7
7
6
5
6
6
6
6
6
5
4
7
6
7
5
8
10
9
10
9
10
9
8
10
8
12
12
13
15
14
17
18
17
17
19
19
20
21
19
26
28
26
29
25
25
26
27
25
24
25
25
22
21
22
18
18
21
21
19
21
18
18
17
21
20
22
21
23
23
23
24
25
26
23
26
25
25
26
27
27
26
25
25
25
23
26
24
22
24
25
25
21
24
23
17
23
22
14
18
21
21
20
22
21
25
23
21
23
25
24
23
24
23
18
23
26
25
28
25
26
24
22
23
22
24
22
25
23
25
22
23
23
21
23
18
23
23
20
17
21
20
19
20
18
18
14
15
15
15
15
15
16
16
18
13
10
16
14
14
16
18
16
13
13
15
11
15
16
17
16
13
16
15
15
14
14
12
12
14
11
16
11
10
11
11
10
11
14
13
13
10
7
8
7
7
4
3
4
5
1
0
3
1
3
4
3
5
5
4
7
6
9
9
10
10
12
10
10
11
10
11
9
7
10
9
8
5
2
3
4
5
5
6
7
5
5
3
2
2
-1
-1
0
2
4
1
1
0
3
3
1
0
-3
-2
2
2
4
0
-1
3
1
-2
-2
-3
-1
-4
-1
-1
-4
0
-3
-3
-2
-1
-2
-5
-4
-7
-8
-9
-9
-9
-8
-7
-5
-7
-7
-5
-6
-3
-5
-5
-4
-8
-7
-6
-2
-3
-1
-2
-3
-5
-3
-3
-1
-1
-2
-1
4
1
1
3
-1
1
2
1
3
5
5
4
3
5
3
3
3
3
5
3
1
4
3
2
3
3
5
3
3
2
3
3
5
5
4
5
4
7
8
8
8
8
13
10
12
11
12
15
14
19
18
18
23
24
23
24
21
21
20
21
18
19
20
18
17
15
18
13
15
16
17
15
16
18
16
17
18
17
16
16
21
20
19
22
23
20
21
22
23
25
25
27
26
29
29
29
29
27
29
30
27
28
26
24
25
24
27
25
20
25
23
22
25
26
25
25
26
29
29
28
28
29
32
28
31
29
28
30
28
29
27
31
27
29
28
28
25
28
25
24
25
23
24
24
25
25
23
22
26
20
21
23
22
19
18
17
15
15
13
15
13
14
14
15
14
9
9
13
8
11
10
9
10
10
11
8
9
8
9
9
8
8
5
5
5
7
4
3
3
4
4
4
4
4
5
-1
1
0
-2
-2
-2
-1
-2
-3
-6
-6
-5
-7
-6
-8
-9
-10
-14
-15
-14
-13
-11
-17
-12
-8
-9
-11
-7
-8
-6
-2
-6
-4
-6
-3
-4
-4
-6
-6
-5
-6
-5
-8
-8
-8
-9
-6
-8
-5
-5
-8
-5
-7
-7
-9
-7
-8
-8
-9
-11
-8
-5
-5
-7
-3
-4
-5
-3
-5
-1
-5
-4
-4
-1
-3
0
0
-3
0
-2
-3
-4
-7
-6
-5
-6
-4
-3
-1
-4
-4
-3
-4
-2
-4
-7
-7
-6
-7
-5
-3
-3
-1
-4
-4
-2
-3
-2
-3
-2
-1
0
0
1
2
4
3
-1
-3
0
2
0
2
6
7
4
3
2
5
4
4
4
4
6
7
7
6
5
4
5
5
8
6
2
2
3
2
6
6
7
4
5
9
7
8
9
7
9
7
9
9
10
10
10
10
9
14
11
15
14
12
16
14
14
16
16
15
22
20
17
17
15
17
17
19
16
12
11
13
9
9
9
11
11
9
10
8
7
9
9
10
10
11
11
11
16
14
13
14
14
14
15
17
17
14
13
15
15
17
14
14
11
10
13
11
9
12
10
11
13
14
10
11
13
9
10
8
12
10
9
11
12
12
12
14
13
10
9
12
9
12
8
9
12
10
11
10
11
11
13
12
8
10
12
11
9
10
9
8
7
6
8
6
7
8
7
7
5
6
8
5
6
3
1
-1
1
1
3
1
-3
0
0
-1
-3
1
-2
2
3
0
2
4
1
-2
2
2
1
3
2
-4
0
-1
1
1
2
2
5
3
2
3
3
-1
1
-2
-2
-2
-4
-2
-3
-3
-3
-2
-2
-6
-6
-4
-6
-6
-10
-7
-7
-6
-3
-4
-2
-5
-2
-3
0
4
6
4
4
5
4
3
3
7
6
2
5
4
-1
2
-2
0
2
1
1
3
5
4
4
0
0
0
1
2
-2
-2
-5
2
2
-2
-2
1
3
0
1
0
1
1
1
-2
2
3
2
3
2
0
0
0
-2
1
0
-2
-1
-3
-4
-4
-1
-2
1
0
-1
-1
0
1
-4
-2
0
-1
-1
2
0
4
6
3
3
6
3
7
7
6
9
5
7
7
7
7
6
9
7
11
9
7
9
9
8
9
9
5
8
12
8
4
7
6
3
10
9
5
6
8
8
8
7
7
9
7
8
6
7
6
8
9
6
12
9
9
10
10
8
9
11
9
10
11
13
11
13
14
14
14
12
15
15
18
21
20
20
20
19
19
18
15
17
17
16
15
12
10
10
9
7
7
7
5
6
4
6
6
3
2
5
4
4
5
2
5
4
1
7
6
4
6
7
8
8
9
7
7
7
5
4
3
1
3
0
3
4
3
6
6
0
2
1
6
6
5
4
3
5
5
5
1
6
5
3
4
5
4
3
8
5
5
6
5
6
3
3
3
4
3
4
4
4
3
2
2
4
3
-1
2
2
3
3
3
4
0
6
6
5
5
3
0
-3
-3
-2
0
2
2
-1
0
-5
1
1
-1
-1
0
1
0
-1
-2
1
1
2
1
1
2
1
2
0
2
2
2
0
3
1
2
4
1
3
1
4
4
2
1
0
1
1
-1
0
-1
-4
-3
-2
-7
-9
-8
-9
-8
-8
-10
-10
-7
-4
-3
-1
-3
3
1
2
2
-3
1
2
4
0
3
1
0
-1
-1
-1
-1
-1
-3
-5
-4
-3
-6
-5
-5
-9
-9
-9
-11
-8
-7
-8
-4
-5
-9
-10
-6
-4
-8
-5
-6
-6
-5
-4
-4
-7
-4
-4
-4
-7
-6
-5
-4
-4
-7
-4
-4
-7
-7
-5
-2
-1
-3
-4
-3
-6
-5
-7
-5
-6
-3
-4
-6
-4
-7
-5
-7
-5
-3
-6
-6
-5
-1
-2
-5
-1
-4
-3
-1
-4
-3
-7
-8
-5
-5
-7
-5
-7
-7
-6
-6
-7
-6
-6
0
-3
-7
-6
-5
-2
1
0
-1
3
1
1
1
-2
0
-1
-1
-2
-1
2
0
-1
0
-1
0
-2
2
2
-1
3
3
2
2
3
3
4
2
5
2
3
4
5
6
6
7
9
10
9
7
6
6
7
9
2
5
4
5
2
2
1
0
2
2
0
-3
1
-2
1
2
1
2
5
5
4
3
3
4
2
6
6
7
3
7
6
8
6
6
5
3
5
3
8
7
7
6
8
6
6
5
4
8
4
1
4
7
6
7
7
4
2
7
4
7
8
8
12
7
10
7
6
9
7
8
7
10
8
7
9
7
4
7
8
8
7
3
3
4
5
3
7
3
-1
0
2
2
3
0
2
7
0
-2
0
3
0
0
-2
0
3
1
1
-2
-3
1
0
3
4
-1
-1
-2
-3
-4
-1
-1
0
-1
0
2
2
1
4
5
1
3
2
3
2
1
3
1
2
-1
-1
0
-3
-3
-7
-3
-5
-3
-5
-7
-4
-7
-3
-9
-12
-8
-10
-11
-10
-10
-14
-12
-8
-9
-10
-11
-6
-8
-6
-6
-6
-5
-7
-8
-10
-8
-10
-11
-8
-12
-12
-12
-12
-14
-16
-19
-20
-18
-19
-17
-17
-19
-19
-20
-21
-20
-21
-19
-19
-23
-21
-18
-18
-18
-20
-19
-21
-22
-23
-22
-22
-19
-15
-15
-14
-18
-16
-17
-21
-17
-19
-18
-20
-17
-13
-14
-16
-15
-17
-18
-16
-16
-19
-18
-16
-18
-15
-15
-16
-14
-12
-16
-16
-14
-14
-13
-14
-16
-15
-11
-11
-11
-9
-10
-12
-14
-11
-11
-13
-12
-13
-9
-11
-8
-10
-8
-6
-10
-10
-9
-9
-11
-10
-11
-9
-8
-8
-9
-7
-8
-9
-10
-8
-7
-6
-6
-9
-6
-7
-7
-6
-4
-6
-5
-3
-4
-3
-3
-2
-2
-2
0
-1
0
3
6
3
1
4
6
6
3
7
11
14
9
9
10
9
13
12
10
10
7
6
9
7
6
7
8
5
5
6
9
10
11
10
8
9
12
9
8
10
13
14
14
16
14
15
17
17
17
19
19
16
14
14
14
16
16
17
17
17
16
19
17
18
16
14
11
10
12
10
13
13
9
11
12
10
10
12
14
13
12
10
9
8
9
9
9
8
10
9
10
11
11
8
8
7
7
5
4
5
3
4
3
4
0
7
10
14
17
18
21
22
23
23
17
14
6
5
1
0
-4
0
1
-2
-2
-4
0
5
9
10
11
10
12
8
10
8
6
3
3
4
2
1
-2
1
-2
-2
2
1
6
3
4
6
4
3
3
2
1
2
1
1
-2
-2
-3
-5
-5
-4
-4
-6
-3
-6
-11
-12
-10
-9
-9
-7
-13
-12
-4
-9
-6
-7
-9
-6
-7
-5
-8
-4
-5
-4
-3
-6
-6
-5
-6
-11
-9
-8
-11
-9
-10
-11
-12
-8
-8
-10
-10
-10
-10
-11
-12
-9
-10
-11
-8
-9
-10
-11
-7
-5
-7
-6
-8
-7
-7
-5
-4
-5
-5
-6
-7
-8
-6
-5
-5
-8
-5
-5
-7
-6
-6
-3
-2
-1
-4
-5
-4
-3
-5
-5
-4
-3
-3
-2
-2
-3
-4
-1
-3
-3
-2
0
1
1
2
-1
1
4
2
2
-1
0
1
0
0
-2
0
2
2
-2
0
1
1
0
4
4
4
3
2
6
1
2
6
6
4
6
6
4
4
4
6
6
3
5
5
4
2
4
5
3
3
5
7
6
5
4
7
7
5
3
6
7
7
7
9
7
8
12
12
12
14
15
15
14
11
11
11
12
6
7
8
6
3
6
6
3
4
2
2
-2
-1
0
0
1
0
3
2
0
3
4
4
2
1
2
1
0
0
1
3
2
0
-2
-1
-1
1
-5
-6
-6
-6
-7
-5
-6
-5
-3
-7
-4
-5
-6
-8
-8
-8
-7
-4
-6
-7
-7
-7
-10
-8
-9
-8
-10
-11
-11
-13
-12
-11
-10
-12
-9
-7
-9
-9
-9
-12
-14
-12
-14
-10
-13
-13
-11
-13
-15
-15
-16
-17
-14
-16
-12
-11
-13
-14
-14
-17
-17
-16
-16
-18
-18
-16
-18
-17
-16
-15
-18
-24
-21
-20
-22
-19
-16
-22
-22
-23
-23
-22
-22
-20
-20
-20
-22
-21
-19
-21
-24
-20
-24
-21
-19
-24
-24
-21
-23
-21
-20
-19
-19
-23
-20
-19
-20
-27
-29
-25
-27
-27
-30
-32
-31
-36
-34
-34
-35
-36
-36
-35
-34
-32
-31
-28
-32
-30
-28
-30
-30
-27
-28
-26
-27
-29
-29
-27
-27
-29
-28
-31
-31
-28
-27
-30
-30
-28
-30
-31
-29
-33
-29
-34
-34
-31
-28
-29
-31
-29
-28
-25
-26
-23
-24
-21
-22
-24
-22
-21
-24
-21
-23
-20
-20
-20
-20
-22
-20
-20
-23
-24
-22
-23
-21
-21
-20
-20
-16
-20
-20
-22
-23
-19
-18
-19
-22
-20
-18
-18
-17
-17
-19
-18
-19
-20
-20
-19
-18
-15
-13
-14
-12
-15
-16
-14
-15
-14
-14
-13
-15
-14
-16
-13
-14
-16
-15
-13
-14
-17
-13
-11
-9
-15
-10
-12
-10
-7
-9
-8
-11
-11
-10
-11
-13
-12
-10
-10
-12
-13
-11
-10
-10
-11
-10
-13
-12
-10
-13
-14
-13
-10
-6
-7
-9
-10
-10
-7
-7
-4
-4
-4
-2
-4
-6
-1
2
0
-1
1
-2
-1
0
-1
-2
-5
-5
-4
-7
-6
-7
-6
-5
-8
-10
-10
-11
-14
-12
-10
-10
-10
-8
-8
-6
-10
-8
-7
-10
-7
-7
-5
-4
-3
-6
-5
-5
-4
-6
-9
-8
-5
-6
-7
-5
-5
-6
-7
-9
-8
-10
-13
-12
-11
-11
-11
-8
-10
-10
-8
-11
-6
-9
-6
-8
-8
-8
-8
-8
-11
-6
-9
-8
-8
-5
-7
-7
-8
-9
-9
-8
-6
-8
-9
-11
-9
-9
-9
-8
-13
-13
-15
-13
-10
-10
-5
-6
-11
-8
-8
-7
-8
-11
-11
-11
-11
-9
-9
-11
-9
-15
-13
-9
-7
-8
-6
-4
-9
-8
-8
-9
-10
-7
-8
-7
-4
-9
-7
-7
-6
-8
-7
-9
-7
-6
-8
-6
-4
-6
-3
-8
-9
-7
-6
-8
-11
-9
-11
-10
-11
-12
-12
-16
-14
-15
-20
-17
-17
-18
-16
-18
-19
-17
-14
-14
-12
-11
-9
-9
-13
-10
-11
-8
-5
-5
-3
-5
-7
-6
-8
-9
-8
-7
-6
-10
-8
-8
-7
-7
-7
-7
-8
-9
-8
-8
-8
-6
-9
-7
-4
-3
-6
-6
-5
-4
0
-4
-5
-4
-4
-3
1
-1
0
-2
-2
-4
-2
1
-3
-3
-5
-2
-2
1
0
2
1
-2
3
3
2
2
0
1
2
1
2
2
1
0
0
0
0
1
0
1
0
-1
3
2
4
7
7
2
2
0
0
3
1
2
5
3
2
4
2
5
3
3
4
5
7
1
4
5
5
5
8
4
6
8
5
6
4
6
8
8
6
7
7
8
8
10
9
10
10
9
7
7
9
8
7
7
9
12
12
14
14
14
14
16
17
19
14
17
21
22
24
21
22
21
22
21
19
21
18
18
18
15
14
14
13
12
11
9
10
10
12
13
15
16
17
17
18
16
15
16
16
18
17
16
15
18
17
15
16
15
17
14
14
15
15
14
12
15
16
15
15
15
10
17
14
9
13
13
15
12
14
13
12
15
17
15
15
15
12
11
12
13
13
14
11
12
10
12
12
13
14
13
13
13
13
13
14
14
14
15
15
11
11
11
8
8
10
10
9
11
12
10
10
8
8
10
7
8
11
10
9
10
9
5
6
5
9
9
11
9
8
8
8
9
9
10
8
9
9
9
9
13
12
9
11
10
8
8
9
8
11
10
12
10
10
10
7
6
7
6
5
8
8
9
5
5
6
4
-3
0
-4
-2
1
-1
1
7
7
3
7
5
9
13
11
9
7
11
13
16
11
7
8
7
6
6
8
6
6
5
4
6
5
5
1
1
3
-1
-3
-2
-1
-1
2
4
6
4
0
0
0
-2
2
1
-1
1
0
2
3
3
5
3
3
3
1
3
0
-3
-2
-2
-1
1
1
3
1
2
5
2
3
3
3
0
0
2
4
4
0
-1
2
2
-1
1
-1
2
3
2
1
1
5
3
5
4
4
2
1
1
0
2
3
3
4
6
5
6
7
6
4
7
8
6
7
5
3
6
6
4
6
4
4
3
7
9
8
10
11
11
9
11
10
5
4
9
8
4
5
8
7
9
10
8
10
6
10
7
9
10
13
13
14
15
13
14
17
15
14
17
13
12
12
14
11
10
10
12
7
6
7
8
9
4
4
6
5
4
3
7
7
4
5
6
8
6
7
8
9
7
6
8
10
9
11
13
12
12
12
14
11
11
10
9
9
13
11
10
9
8
8
4
4
7
8
9
8
7
7
6
6
7
7
7
5
4
0
-1
-2
-2
-1
0
2
0
1
0
0
1
0
-2
-1
1
0
-1
-1
-3
-1
-1
-5
-3
-2
-1
-5
-4
-3
-2
-4
-3
2
2
0
-4
-2
0
-1
1
3
0
1
-1
0
1
-1
0
0
4
5
3
3
5
5
3
6
7
8
11
9
8
9
12
11
12
12
9
9
13
10
13
17
12
13
13
12
10
12
9
11
11
10
11
11
9
6
9
9
11
5
9
5
6
8
7
7
8
9
10
12
11
15
14
16
17
16
16
16
19
17
17
19
15
17
17
15
14
14
12
17
14
13
11
10
14
14
11
10
9
12
8
11
12
11
15
14
15
17
16
13
15
15
17
19
18
20
16
20
17
17
18
16
16
13
13
12
12
11
12
14
15
15
13
14
13
10
12
8
6
2
4
10
8
9
10
6
8
9
8
8
8
10
12
11
12
10
11
11
8
10
9
5
7
6
5
8
4
3
4
5
4
7
6
7
8
7
3
5
5
4
4
4
5
2
4
4
3
1
2
4
4
5
0
1
-1
-1
-2
2
-1
-2
-2
-3
-3
-3
-2
-4
-3
-4
-1
2
0
1
2
-1
2
4
5
6
6
12
10
9
11
7
4
5
3
1
1
0
3
2
0
0
-2
-3
-3
-3
-4
-1
3
2
-2
0
0
3
1
4
4
2
4
2
7
5
8
9
11
11
12
12
11
10
8
11
9
8
9
8
10
9
10
11
8
9
9
6
6
8
12
9
8
10
7
8
10
9
12
10
10
9
9
9
9
10
12
14
12
14
16
16
16
13
12
13
13
15
11
13
12
12
14
12
15
17
15
13
14
14
17
17
16
15
16
13
15
14
15
11
12
15
9
11
12
9
7
6
9
12
13
11
11
11
10
12
12
12
13
10
13
9
8
12
11
13
13
11
11
11
13
14
11
13
9
10
11
11
10
7
6
8
5
5
6
4
3
5
5
3
0
-3
2
-2
-3
-1
-4
-1
1
1
6
6
6
9
8
10
10
9
11
10
13
11
9
9
11
9
8
11
9
10
6
5
7
2
2
5
3
4
2
2
1
1
3
1
2
2
5
6
4
5
2
4
1
2
2
1
1
2
3
1
3
0
-1
-2
-1
-2
-4
-4
-4
-2
-2
1
1
-1
-2
0
-4
-3
-2
-4
-2
-2
-2
-5
-1
-2
-1
1
-1
-4
-2
-1
-2
0
0
2
2
3
7
6
5
3
3
4
6
8
4
7
10
7
8
6
12
9
10
10
9
11
6
13
12
10
11
11
11
11
13
14
15
12
12
12
12
15
11
10
12
12
11
11
13
8
8
11
8
8
8
9
8
8
11
11
13
14
11
11
11
10
13
12
15
18
16
19
17
14
13
14
15
11
12
14
10
9
8
10
7
5
4
4
6
5
5
3
5
4
6
10
10
9
11
11
12
14
11
13
12
12
15
17
17
17
19
20
17
17
21
22
22
20
21
21
18
18
19
18
13
17
21
17
21
22
18
20
18
17
19
17
21
19
18
20
18
19
18
19
20
20
24
22
22
22
20
19
20
20
17
16
19
17
14
14
17
14
10
12
11
6
11
10
10
13
11
11
8
13
10
8
8
9
8
10
9
8
9
8
5
5
7
8
10
8
5
6
10
5
7
11
9
7
8
10
5
6
9
6
7
8
5
7
7
7
10
8
7
7
7
5
7
8
2
1
2
1
3
2
1
0
-2
0
-3
-5
-1
-4
-4
-3
0
1
-2
-3
-3
-2
-2
1
2
0
0
1
0
0
0
0
0
-2
-3
-2
-4
-4
-5
-8
-7
-6
-7
-7
-6
-8
-8
-9
-12
-14
-14
-11
-12
-15
-15
-12
-11
-12
-14
-14
-12
-10
-9
-12
-9
-9
-7
-10
-13
-10
-8
-7
-9
-9
-12
-12
-12
-13
-13
-13
-13
-10
-11
-11
-9
-10
-9
-8
-9
-9
-11
-12
-10
-10
-9
-8
-7
-8
-6
-4
-7
-5
-4
-7
-5
-6
-6
-4
-7
-5
-6
-5
-3
-4
-3
-2
-1
-2
-2
-4
-1
-2
0
5
3
6
4
7
7
4
2
3
5
5
8
3
5
5
5
6
5
5
6
5
1
3
2
6
6
7
10
7
5
6
8
7
11
10
11
12
10
11
13
14
9
9
13
14
12
14
18
21
20
22
20
15
16
16
13
13
12
13
10
6
7
6
7
9
9
7
4
4
6
9
10
9
12
13
12
12
11
12
12
14
11
13
12
11
10
13
14
14
13
16
13
7
8
11
12
11
11
10
14
8
10
11
11
7
5
10
10
11
13
12
10
11
10
10
12
12
14
11
9
12
8
8
10
9
10
8
7
5
6
8
9
7
5
8
7
6
6
9
11
8
6
7
4
3
5
4
6
5
7
5
5
7
3
3
2
3
-1
1
2
-1
2
0
1
1
3
2
2
4
3
0
3
2
1
4
2
3
4
1
1
2
3
2
4
4
2
5
5
3
6
7
6
6
3
5
4
4
2
1
0
-2
1
1
-5
-4
-7
-8
-12
-13
-8
-12
-8
-7
-10
-9
-10
-12
-8
-6
-6
-4
-5
-5
-3
0
-1
-3
-2
-1
-6
-5
-5
-4
-7
-10
-10
-11
-10
-14
-10
-10
-11
-12
-10
-10
-12
-11
-13
-12
-9
-13
-12
-11
-10
-12
-13
-14
-12
-14
-18
-13
-13
-12
-9
-10
-10
-9
-10
-13
-16
-13
-12
-15
-14
-14
-14
-15
-14
-15
-13
-16
-12
-15
-15
-14
-15
-15
-17
-14
-19
-14
-13
-14
-13
-14
-15
-15
-11
-13
-13
-12
-10
-11
-9
-8
-9
-8
-8
-11
-8
-9
-10
-7
-4
-5
-5
-4
-4
-1
0
-1
-4
1
-1
1
1
2
4
2
7
7
1
6
4
2
7
5
7
4
5
4
6
9
1
3
7
7
8
9
7
6
7
8
6
4
7
6
5
7
6
9
6
6
8
7
9
7
11
13
9
11
10
7
10
11
10
4
2
0
-1
-1
2
1
-2
0
1
0
-1
-1
-1
0
1
0
2
2
5
5
2
3
1
3
5
6
6
9
7
7
7
8
8
8
7
5
5
4
5
2
2
2
4
4
4
0
2
4
0
3
3
5
4
3
2
5
3
3
7
6
5
1
2
2
3
3
5
6
3
6
6
6
4
3
4
2
1
1
1
2
0
3
0
0
-4
-3
-2
-6
-4
-4
0
-1
-1
-2
-1
0
-2
-1
-1
-4
-4
-5
-7
-7
-8
-10
-10
-8
-7
-5
-6
-10
-9
-10
-9
-7
-7
-6
-7
-7
-8
-6
-6
-8
-7
-6
-2
-3
-1
-4
-4
-3
-4
-5
-4
-5
-6
-5
-5
-2
-4
-7
-3
-4
-3
-4
-7
-6
-8
-8
-12
-8
-6
-9
-7
-5
-4
-8
-2
-4
-3
-2
-1
3
1
5
1
0
1
1
2
0
-2
-3
0
-1
-1
-3
-2
-3
-5
-5
-7
-4
-4
-7
-7
-8
-9
-9
-7
-7
-7
-9
-9
-8
-7
-10
-8
-11
-11
-8
-7
-5
-9
-7
-7
-11
-11
-9
-8
-8
-11
-8
-9
-11
-9
-10
-9
-7
-9
-10
-5
-6
-8
-9
-9
-11
-11
-11
-11
-6
-7
-6
-4
-4
-5
-5
-8
-6
-7
-6
-4
-4
-3
-3
0
1
0
0
-1
-3
1
0
-1
-1
-2
2
0
0
-1
0
1
-1
3
3
4
2
0
3
1
2
6
6
2
3
4
4
2
1
-1
-1
-1
-2
0
-1
-3
-3
3
-1
0
-2
-1
-1
-2
1
1
3
2
1
-3
1
6
5
2
5
4
7
8
6
12
11
8
12
10
10
9
8
6
4
5
4
4
2
2
1
1
0
0
1
2
2
-1
3
3
7
7
6
7
8
8
6
9
10
8
8
10
9
10
11
10
10
10
13
11
6
12
9
6
5
6
5
4
5
5
7
4
4
3
3
5
4
5
4
1
4
5
7
8
5
8
4
5
6
1
5
6
4
5
6
6
8
6
2
5
3
5
3
4
4
5
5
4
3
1
0
1
-1
-1
2
2
0
-1
2
3
2
1
0
-1
-1
-2
-2
-1
0
0
0
1
3
2
1
2
-3
-2
-2
-1
-2
-1
1
-3
-2
-2
-3
-3
-2
3
3
-1
2
1
-2
-1
2
1
2
3
4
1
-1
0
-1
-3
-1
0
-4
-4
-3
0
0
-3
-5
-7
-5
-3
-8
-1
-3
-1
-2
-1
5
3
3
4
3
2
3
3
8
8
8
7
6
8
3
4
5
5
4
3
4
3
1
2
4
4
3
0
3
0
0
2
2
-2
3
1
0
1
4
2
2
2
0
1
-1
2
2
4
0
3
6
0
2
3
3
0
-1
-1
0
-1
-1
-2
1
1
0
0
-1
0
-2
-3
0
-1
-2
-2
-1
-2
-3
0
0
-4
1
-1
0
-2
0
1
0
4
1
5
-2
-2
0
-1
0
-1
2
3
2
0
2
0
1
3
2
0
2
5
2
2
3
2
4
3
3
3
6
6
6
4
5
5
6
9
7
8
5
6
6
6
4
5
6
6
4
3
6
3
6
5
7
7
8
10
9
9
10
11
10
12
11
17
17
17
19
15
16
17
15
15
16
13
13
10
12
15
12
10
7
11
10
10
12
12
11
14
15
17
18
19
17
18
17
16
18
19
22
20
23
23
23
22
17
19
18
19
18
20
16
18
18
13
18
17
14
13
12
10
10
9
12
12
11
14
12
13
17
16
16
16
15
14
13
15
9
12
11
13
12
12
12
14
15
13
9
8
10
7
9
9
9
8
7
8
5
7
8
9
10
9
9
9
8
11
8
9
8
5
5
8
8
7
10
6
5
5
3
4
6
8
8
7
6
6
5
7
6
6
7
3
7
3
3
6
5
2
1
2
2
2
2
0
2
2
2
3
0
2
1
0
1
-3
-1
-1
-2
-1
-5
-5
-6
-9
-10
-14
-12
-15
-16
-12
-12
-8
-9
-10
-7
-7
-9
-4
-4
-4
-4
-6
-2
-4
0
-1
-5
-4
-5
-7
-8
-5
-6
-8
-5
-7
-5
-7
-8
-8
-8
-10
-7
-9
-10
-10
-11
-7
-7
-8
-7
-8
-7
-5
-4
-4
-6
-6
-6
-7
-7
-5
-4
-7
-6
-6
-8
-7
-5
-5
-9
-10
-10
-9
-7
-6
-6
-5
-6
-3
-8
-8
-5
-8
-6
-7
-9
-8
-5
-6
-4
-5
-6
-3
-4
-7
-5
-1
-3
-2
-2
-1
0
-1
-3
-2
-4
-5
-3
-5
-7
-3
-5
-4
-2
1
-1
-5
-3
-1
-3
-1
-5
-1
-2
-2
1
-2
-3
-2
-2
-3
-3
-1
0
0
-1
0
1
-1
1
0
2
4
3
2
2
2
2
3
4
0
0
2
5
5
6
5
8
3
4
7
7
9
9
12
8
9
12
7
7
7
9
9
4
4
4
1
2
4
0
0
3
3
0
2
4
6
5
5
6
8
7
10
8
7
6
5
7
5
7
6
8
7
10
8
8
7
9
9
5
7
6
6
5
7
8
6
6
5
3
1
2
2
2
2
1
2
0
0
5
2
1
4
3
-1
0
0
0
-1
0
-5
-6
-4
-1
-1
-2
-2
-4
-2
-4
-6
-4
-6
-8
-3
-4
-3
-4
-6
-7
-7
-9
-7
-6
-6
-8
-6
-5
-7
-8
-8
-8
-9
-6
-9
-10
-13
-9
-11
-10
-12
-13
-12
-11
-9
-11
-10
-9
-8
-12
-7
-9
-10
-10
-13
-13
-12
-13
-13
-9
-14
-13
-13
-15
-17
-12
-10
-8
-9
-10
-12
-11
-11
-14
-11
-10
-11
-12
-11
-12
-11
-11
-13
-14
-17
-16
-15
-14
-16
-12
-15
-12
-10
-9
-5
-7
-5
-2
-3
-6
-5
-1
-5
-2
-4
-5
-5
-7
-5
-8
-10
-10
-9
-10
-10
-12
-10
-11
-12
-12
-11
-12
-15
-14
-17
-16
-17
-13
-12
-12
-14
-13
-11
-8
-12
-3
8
32
46
44
55
62
76
78
71
65
54
37
21
7
-7
-26
-37
-54
-68
-64
-63
-57
-52
-48
-37
-24
-7
2
14
17
27
31
31
38
42
42
42
32
39
45
45
47
40
44
42
40
33
26
18
5
-9
-24
-33
-35
-43
-48
-50
-48
-43
-32
-20
-7
7
18
29
39
47
54
54
57
54
48
47
46
41
39
58
88
111
115
109
105
112
118
103
81
53
20
-9
-25
-31
-29
-23
-5
28
79
141
208
266
323
399
482
569
611
624
611
584
551
493
405
310
198
83
-12
-84
-136
-178
-210
-229
-210
-173
-113
-58
-17
20
47
77
95
97
87
54
20
-22
-63
-86
-118
-160
-201
-238
-256
-275
-302
-339
-379
-415
-456
-486
-522
-560
-600
-640
-666
-681
-680
-671
-659
-647
-622
-582
-524
-456
-391
-325
-250
-187
-119
-48
21
79
125
187
258
333
396
437
477
505
526
533
517
480
413
338
257
173
92
9
-71
-136
-179
-187
-162
-114
-58
11
103
217
336
457
563
660
734
794
848
886
905
892
867
832
793
752
701
639
568
499
434
370
299
229
148
59
-34
-126
-220
-318
-415
-522
-613
-690
-756
-817
-876
-932
-980
-1026
-1064
-1084
-1092
-1103
-1117
-1126
-1130
-1127
-1134
-1128
-1129
-1110
-1091
-1044
-976
-885
-781
-669
-527
-349
-139
119
397
675
909
1108
1272
1391
1450
1424
1318
1145
901
621
326
31
-266
-563
-819
-1025
-1144
-1200
-1204
-1155
-1069
-939
-789
-608
-421
-249
-86
46
179
305
419
527
619
707
785
866
957
1033
1084
1105
1090
1059
985
886
766
629
512
400
339
288
261
245
246
280
321
375
428
455
477
486
498
504
497
490
473
465
469
485
510
516
514
487
444
394
306
202
67
-86
-252
-435
-622
-811
-992
-1165
-1334
-1477
-1612
-1720
-1834
-1922
-1984
-2012
-1998
-1976
-1904
-1830
-1703
-1562
-1389
-1195
-992
-773
-551
-299
-13
297
639
970
1288
1554
1773
1946
2045
2052
1956
1756
1485
1128
727
290
-157
-594
-1026
-1389
-1676
-1860
-1950
-1960
-1889
-1740
-1522
-1255
-957
-644
-344
-64
191
431
642
825
977
1097
1200
1283
1363
1426
1465
1476
1448
1393
1303
1171
1005
783
540
263
6
-215
-386
-508
-538
-448
-281
-80
123
358
605
850
1049
1190
1267
1279
1237
1170
1078
975
842
712
607
516
482
463
453
418
353
299
217
122
-28
-216
-424
-651
-882
-1109
-1342
-1562
-1781
-1951
-2094
-2176
-2228
-2258
-2244
-2227
-2146
-2062
-1957
-1834
-1730
-1587
-1455
-1303
-1137
-969
-754
-524
-207
181
604
1060
1445
1829
2146
2395
2575
2582
2493
2238
1879
1449
907
368
-237
-824
-1361
-1841
-2149
-2354
-2426
-2387
-2267
-2009
-1699
-1304
-902
-530
-163
132
408
640
831
991
1087
1174
1240
1317
1417
1494
1567
1604
1625
1619
1572
1473
1311
1086
799
463
135
-174
-442
-663
-821
-850
-765
-546
-266
50
389
724
1053
1337
1554
1688
1715
1671
1560
1417
1258
1075
888
708
569
487
441
430
398
361
306
238
163
41
-114
-323
-552
-806
-1053
-1302
-1544
-1802
-2045
-2253
-2387
-2472
-2519
-2528
-2528
-2496
-2419
-2289
-2118
-1959
-1821
-1695
-1542
-1374
-1188
-986
-764
-513
-182
234
715
1204
1638
2037
2364
2643
2805
2837
2722
2447
2045
1530
958
347
-305
-946
-1567
-2074
-2436
-2652
-2716
-2674
-2512
-2245
-1897
-1465
-1020
-579
-188
136
436
688
914
1076
1191
1283
1351
1436
1524
1624
1703
1741
1761
1748
1702
1602
1435
1196
882
527
158
-177
-469
-712
-882
-932
-862
-677
-400
-57
320
696
1037
1346
1594
1766
1845
1820
1732
1585
1412
1230
1032
859
707
596
533
483
466
434
386
328
230
119
-35
-227
-461
-737
-1009
-1302
-1580
-1845
-2123
-2341
-2557
-2686
-2772
-2800
-2794
-2811
-2745
-2678
-2506
-2351
-2194
-2049
-1916
-1741
-1561
-1332
-1049
-742
-323
127
681
1262
1793
2309
2706
3063
3273
3323
3252
2961
2566
1998
1338
648
-135
-853
-1602
-2208
-2670
-3005
-3119
-3131
-2968
-2688
-2338
-1859
-1397
-887
-438
-54
317
590
856
1049
1200
1338
1436
1561
1667
1794
1927
2008
2088
2105
2088
2007
1833
1595
1257
877
432
-13
-406
-768
-1039
-1220
-1249
-1131
-894
-555
-155
299
764
1198
1586
1884
2095
2190
2196
2119
1966
1771
1545
1316
1092
907
759
651
563
482
415
339
257
136
-17
-201
-433
-689
-973
-1267
-1564
-1881
-2179
-2471
-2710
-2910
-3081
-3178
-3239
-3227
-3166
-3082
-2944
-2800
-2601
-2386
-2192
-1968
-1769
-1507
-1184
-817
-332
208
846
1470
2032
2581
3052
3496
3744
3791
3682
3384
2965
2368
1644
865
-11
-876
-1727
-2445
-2968
-3366
-3566
-3642
-3520
-3206
-2794
-2262
-1733
-1188
-668
-203
246
602
913
1149
1317
1470
1592
1746
1889
2022
2141
2212
2298
2351
2350
2262
2061
1798
1448
1027
546
32
-474
-959
-1361
-1621
-1740
-1682
-1508
-1184
-737
-207
388
965
1507
1964
2321
2571
2696
2716
2620
2430
2176
1867
1570
1291
1041
821
621
478
375
282
197
83
-43
-202
-387
-596
-847
-1113
-1407
-1729
-2050
-2355
-2634
-2901
-3133
-3305
-3410
-3437
-3411
-3335
-3198
-3036
-2837
-2630
-2396
-2165
-1950
-1728
-1510
-1215
-855
-389
175
794
1414
1986
2539
3076
3532
3817
3902
3800
3543
3111
2528
1809
999
96
-855
-1744
-2504
-3085
-3517
-3789
-3869
-3762
-3448
-2999
-2447
-1857
-1275
-717
-211
268
686
1014
1252
1412
1554
1685
1818
1945
2057
2162
2234
2308
2374
2387
2321
2145
1892
1554
1141
673
158
-376
-914
-1364
-1671
-1798
-1796
-1662
-1377
-939
-374
245
884
1483
1997
2414
2725
2922
2987
2913
2733
2449
2128
1800
1489
1196
916
683
507
381
293
209
127
13
-128
-294
-488
-702
-968
-1279
-1614
-1957
-2295
-2620
-2949
-3224
-3481
-3622
-3729
-3729
-3644
-3510
-3314
-3130
-2891
-2614
-2338
-2050
-1835
-1603
-1292
-917
-344
251
923
1537
2117
2746
3306
3828
4130
4207
4138
3825
3426
2829
2094
1237
197
-796
-1779
-2585
-3207
-3750
-4055
-4217
-4122
-3796
-3339
-2700
-2113
-1472
-870
-300
297
752
1144
1398
1583
1772
1909
2084
2202
2298
2383
2427
2521
2568
2575
2486
2272
2010
1640
1233
757
203
-358
-964
-1456
-1786
-1944
-1927
-1834
-1555
-1135
-549
148
822
1488
2035
2489
2845
3088
3222
3175
2990
2704
2353
2023
1691
1378
1069
775
556
389
291
206
98
-21
-183
-333
-513
-722
-984
-1323
-1697
-2083
-2447
-2799
-3158
-3514
-3824
-4011
-4050
-3998
-3904
-3765
-3572
-3319
-3003
-2656
-2306
-1993
-1739
-1436
-1035
-417
263
951
1582
2150
2795
3409
3970
4335
4460
4405
4130
3733
3186
2468
1619
555
-541
-1588
-2485
-3185
-3817
-4253
-4525
-4541
-4255
-3819
-3195
-2577
-1928
-1252
-609
69
636
1122
1473
1699
1928
2116
2334
2491
2551
2608
2626
2697
2734
2707
2606
2373
2086
1708
1288
827
271
-308
-943
-1462
-1822
-2023
-2057
-2011
-1788
-1396
-832
-149
541
1223
1819
2317
2746
3050
3255
3271
3140
2888
2564
2253
1913
1573
1218
872
604
395
261
131
-4
-147
-317
-477
-659
-866
-1132
-1486
-1898
-2325
-2735
-3132
-3550
-3934
-4269
-4492
-4585
-4577
-4456
-4252
-3997
-3660
-3285
-2823
-2347
-1870
-1369
-792
-15
806
1605
2285
2911
3533
4080
4495
4709
4728
4557
4154
3603
2919
2125
1195
103
-999
-2035
-2892
-3589
-4167
-4549
-4756
-4709
-4441
-3989
-3392
-2767
-2081
-1419
-742
-67
532
1072
1480
1806
2097
2360
2629
2822
2940
3003
3028
3069
3029
2913
2707
2398
2014
1526
1000
448
-149
-774
-1405
-1922
-2241
-2370
-2334
-2177
-1867
-1381
-753
-8
742
1459
2079
2576
2973
3247
3406
3403
3225
2933
2568
2202
1843
1463
1094
729
433
220
53
-61
-210
-360
-537
-732
-908
-1141
-1421
-1806
-2251
-2711
-3170
-3596
-4015
-4398
-4690
-4896
-4939
-4868
-4686
-4402
-4062
-3618
-3131
-2593
-1979
-1315
-484
409
1324
2151
2870
3594
4202
4703
4983
5045
4946
4609
4097
3414
2602
1695
600
-509
-1605
-2567
-3355
-4061
-4542
-4860
-4937
-4774
-4463
-3939
-3367
-2716
-2027
-1357
-633
14
618
1132
1553
1963
2301
2637
2905
3094
3241
3300
3355
3331
3220
3016
2686
2300
1795
1230
629
-26
-673
-1351
-1913
-2290
-2505
-2543
-2477
-2204
-1769
-1185
-479
243
992
1662
2228
2711
3072
3324
3400
3331
3135
2837
2513
2150
1771
1377
975
629
335
94
-117
-309
-488
-685
-870
-1068
-1282
-1539
-1869
-2248
-2676
-3110
-3559
-3992
-4371
-4679
-4886
-5008
-5010
-4900
-4658
-4307
-3879
-3362
-2777
-2097
-1284
-318
715
1725
2589
3376
4089
4716
5166
5352
5326
5073
4613
3975
3179
2286
1244
84
-1073
-2145
-3021
-3761
-4361
-4761
-4980
-4939
-4700
-4280
-3730
-3160
-2516
-1883
-1202
-515
99
672
1135
1562
1974
2360
2739
3026
3259
3411
3512
3592
3569
3441
3163
2778
2303
1722
1092
399
-325
-1055
-1768
-2303
-2655
-2796
-2780
-2619
-2240
-1721
-1030
-261
529
1299
1940
2496
2942
3268
3459
3457
3329
3064
2739
2391
2008
1622
1200
804
467
183
-38
-253
-450
-648
-868
-1076
-1294
-1531
-1823
-2202
-2620
-3061
-3492
-3921
-4331
-4688
-4972
-5150
-5196
-5113
-4925
-4606
-4191
-3666
-3034
-2279
-1354
-286
824
1884
2807
3692
4465
5115
5541
5676
5613
5306
4800
4098
3223
2257
1115
-93
-1285
-2366
-3223
-3992
-4577
-4966
-5134
-5022
-4765
-4315
-3777
-3198
-2539
-1906
-1207
-544
72
639
1106
1583
2014
2450
2869
3178
3448
3645
3803
3903
3872
3732
3429
3030
2512
1880
1194
425
-359
-1160
-1903
-2446
-2789
-2914
-2886
-2694
-2275
-1703
-940
-132
674
1430
2056
2609
3038
3346
3500
3452
3291
2998
2671
2336
1957
1575
1155
793
495
244
42
-181
-395
-614
-866
-1093
-1364
-1669
-2058
-2517
-3002
-3507
-3971
-4414
-4835
-5175
-5440
-5536
-5498
-5316
-5003
-4583
-4026
-3348
-2498
-1416
-200
1062
2191
3194
4159
5016
5741
6139
6259
6138
5757
5193
4404
3463
2390
1115
-191
-1477
-2563
-3453
-4247
-4845
-5270
-5399
-5260
-4957
-4470
-3945
-3337
-2687
-2022
-1287
-621
20
572
1071
1582
2057
2573
3025
3398
3704
3936
4179
4317
4317
4156
3826
3410
2842
2168
1399
547
-327
-1250
-2039
-2619
-2986
-3135
-3158
-2934
-2491
-1830
-1024
-212
610
1340
2001
2579
3007
3316
3428
3393
3229
2974
2714
2397
2056
1668
1272
965
692
467
224
-40
-292
-587
-846
-1147
-1482
-1870
-2351
-2850
-3393
-3910
-4403
-4877
-5273
-5630
-5848
-5914
-5842
-5605
-5256
-4757
-4105
-3313
-2279
-1039
323
1649
2788
3872
4857
5747
6376
6655
6680
6425
5945
5228
4294
3238
1968
579
-832
-2139
-3188
-4121
-4881
-5445
-5770
-5747
-5530
-5099
-4561
-3974
-3298
-2630
-1876
-1141
-460
178
717
1261
1782
2319
2865
3313
3708
4009
4289
4531
4631
4589
4339
3979
3472
2811
2054
1174
249
-729
-1647
-2379
-2901
-3213
-3358
-3304
-2990
-2448
-1715
-901
-83
698
1411
2066
2612
3021
3271
3354
3296
3140
2934
2694
2397
2045
1663
1311
1016
745
468
172
-134
-442
-769
-1107
-1471
-1892
-2385
-2942
-3518
-4079
-4629
-5146
-5628
-6016
-6290
-6412
-6373
-6182
-5831
-5324
-4603
-3674
-2461
-1050
455
1875
3157
4377
5483
6423
7030
7287
7269
6957
6397
5580
4554
3346
1911
407
-1092
-2417
-3517
-4502
-5259
-5814
-6055
-5967
-5696
-5206
-4672
-4051
-3359
-2664
-1894
-1197
-527
73
612
1185
1738
2343
2917
3419
3881
4263
4657
4954
5097
5061
4817
4460
3910
3213
2370
1396
353
-735
-1722
-2533
-3134
-3505
-3695
-3631
-3293
-2718
-1949
-1096
-216
623
1412
2121
2699
3136
3403
3501
3455
3303
3097
2839
2533
2170
1789
1445
1143
866
580
289
-12
-330
-652
-1005
-1388
-1816
-2329
-2892
-3495
-4093
-4664
-5216
-5740
-6187
-6502
-6649
-6644
-6468
-6127
-5602
-4835
-3877
-2630
-1176
374
1851
3171
4438
5577
6533
7165
7435
7431
7133
6573
5752
4706
3487
2050
528
-981
-2350
-3485
-4494
-5288
-5853
-6127
-6071
-5816
-5358
-4829
-4231
-3549
-2859
-2107
-1411
-753
-135
418
1009
1579
2194
2809
3348
3843
4267
4691
5028
5202
5201
5002
4666
4146
3443
2602
1620
568
-535
-1556
-2401
-3048
-3466
-3689
-3661
-3357
-2803
-2039
-1191
-328
508
1290
2011
2597
3032
3294
3387
3341
3184
2979
2726
2418
2058
1674
1345
1058
803
543
255
-34
-334
-644
-991
-1411
-1905
-2479
-3093
-3755
-4425
-5063
-5667
-6204
-6672
-6993
-7141
-7081
-6823
-6378
-5684
-4741
-3461
-1924
-266
1342
2817
4228
5517
6598
7363
7767
7873
7648
7127
6346
5335
4134
2674
1092
-477
-1925
-3145
-4238
-5113
-5757
-6108
-6132
-5955
-5542
-5040
-4473
-3837
-3202
-2489
-1810
-1174
-585
-49
532
1111
1745
2402
3007
3593
4116
4637
5096
5403
5535
5455
5220
4785
4147
3356
2386
1300
125
-1011
-1988
-2789
-3374
-3752
-3867
-3689
-3241
-2549
-1730
-857
5
831
1611
2276
2798
3145
3321
3345
3256
3099
2881
2602
2263
1900
1569
1273
997
717
424
114
-207
-538
-907
-1335
-1839
-2411
-3040
-3707
-4385
-5039
-5655
-6237
-6740
-7117
-7286
-7253
-7041
-6619
-5960
-4974
-3611
-2014
-310
1287
2822
4305
5652
6771
7515
7945
8046
7802
7286
6482
5488
4226
2700
1090
-519
-1922
-3178
-4306
-5192
-5863
-6164
-6192
-5981
-5561
-5095
-4503
-3901
-3243
-2530
-1885
-1250
-723
-195
371
955
1624
2257
2885
3479
4054
4648
5135
5495
5652
5619
5438
5022
4427
3631
2661
1551
332
-817
-1836
-2685
-3342
-3801
-3958
-3819
-3387
-2725
-1933
-1074
-219
638
1443
2132
2681
3040
3236
3285
3234
3109
2913
2641
2304
1959
1654
1383
1112
817
510
186
-147
-504
-901
-1364
-1898
-2508
-3166
-3842
-4515
-5174
-5814
-6390
-6887
-7217
-7380
-7346
-7116
-6651
-5934
-4840
-3411
-1752
-70
1523
3088
4590
5948
7005
7688
8078
8124
7859
7298
6475
5436
4095
2537
908
-657
-2038
-3323
-4440
-5327
-5939
-6199
-6201
-5957
-5558
-5081
-4494
-3881
-3185
-2486
-1849
-1243
-711
-150
423
1038
1710
2343
2975
3572
4179
4785
5279
5613
5750
5732
5532
5106
4498
3684
2698
1555
347
-789
-1797
-2640
-3322
-3782
-3936
-3785
-3338
-2685
-1923
-1097
-247
613
1414
2094
2618
2972
3173
3241
3210
3109
2924
2648
2316
1987
1685
1406
1110
793
460
109
-243
-631
-1056
-1551
-2127
-2765
-3464
-4187
-4896
-5569
-6199
-6791
-7277
-7611
-7729
-7638
-7314
-6728
-5800
-4472
-2841
-1075
626
2293
3935
5455
6721
7611
8176
8429
8312
7879
7141
6189
4954
3423
1763
96
-1409
-2783
-4048
-5062
-5829
-6236
-6352
-6227
-5871
-5428
-4872
-4265
-3620
-2916
-2283
-1673
-1136
-613
-50
526
1179
1840
2498
3157
3809
4492
5097
5572
5867
5975
5928
5641
5139
4427
3512
2425
1174
-57
-1202
-2213
-3067
-3740
-4091
-4132
-3849
-3311
-2594
-1747
-865
50
937
1732
2391
2858
3175
3337
3376
3327
3178
2951
2626
2289
1980
1689
1400
1079
749
419
65
-307
-728
-1194
-1749
-2378
-3078
-3803
-4514
-5220
-5910
-6555
-7113
-7510
-7759
-7793
-7642
-7223
-6523
-5479
-4032
-2342
-576
1122
2771
4408
5872
7058
7857
8332
8497
8300
7805
7018
5997
4682
3089
1423
-216
-1701
-3073
-4325
-5306
-6021
-6374
-6447
-6279
-5894
-5441
-4872
-4244
-3547
-2816
-2172
-1564
-1015
-449
151
758
1432
2094
2757
3415
4066
4742
5322
5746
5980
6043
5949
5613
5065
4299
3325
2182
903
-339
-1488
-2495
-3321
-3942
-4232
-4212
-3873
-3274
-2504
-1607
-681
272
1184
1981
2641
3102
3411
3559
3563
3478
3286
3010
2657
2278
1937
1597
1271
934
594
262
-98
-461
-859
-1326
-1857
-2492
-3163
-3886
-4613
-5332
-6032
-6693
-7263
-7692
-7916
-7935
-7708
-7197
-6370
-5101
-3492
-1674
135
1882
3616
5252
6660
7707
8371
8733
8719
8365
7687
6755
5561
4040
2335
600
-1032
-2479
-3842
-4963
-5814
-6338
-6504
-6426
-6094
-5638
-5106
-4471
-3824
-3105
-2431
-1832
-1271
-770
-203
375
1000
1671
2323
3009
3688
4397
5073
5605
5989
6168
6185
5995
5549
4897
4000
2922
1661
337
-900
-2048
-3013
-3790
-4276
-4402
-4226
-3725
-3018
-2142
-1177
-213
766
1637
2386
2952
3328
3552
3603
3551
3384
3120
2789
2388
2030
1683
1364
1052
718
410
75
-260
-619
-1046
-1538
-2144
-2796
-3514
-4256
-4999
-5755
-6468
-7127
-7664
-8010
-8156
-8044
-7659
-6934
-5766
-4214
-2390
-533
1288
3093
4825
6365
7547
8336
8799
8893
8636
8026
7142
5990
4525
2823
1046
-642
-2162
-3564
-4765
-5695
-6289
-6530
-6497
-6213
-5777
-5250
-4641
-3998
-3304
-2631
-2032
-1481
-979
-443
129
745
1412
2087
2790
3502
4242
4959
5563
6009
6252
6328
6198
5810
5194
4337
3271
2030
698
-580
-1755
-2796
-3661
-4254
-4474
-4360
-3937
-3285
-2458
-1513
-531
462
1390
2185
2803
3233
3499
3615
3604
3483
3241
2911
2533
2161
1822
1495
1157
819
495
175
-155
-521
-927
-1419
-2005
-2665
-3391
-4132
-4907
-5700
-6464
-7170
-7717
-8126
-8319
-8280
-7937
-7205
-6028
-4457
-2600
-722
1169
3015
4831
6433
7652
8480
8951
9066
8834
8226
7351
6163
4667
2931
1114
-577
-2135
-3573
-4811
-5773
-6348
-6592
-6544
-6255
-5824
-5278
-4684
-4028
-3323
-2657
-2062
-1556
-1069
-538
34
658
1303
1974
2684
3425
4207
4947
5584
6049
6328
6437
6329
5990
5389
4537
3458
2201
865
-451
-1670
-2779
-3706
-4333
-4608
-4516
-4118
-3485
-2652
-1703
-682
345
1309
2140
2789
3251
3542
3691
3708
3592
3350
3013
2642
2274
1935
1592
1239
890
554
233
-89
-442
-839
-1329
-1891
-2540
-3212
-3925
-4678
-5433
-6187
-6864
-7432
-7870
-8094
-8126
-7852
-7292
-6346
-4941
-3236
-1348
482
2281
4066
5717
7100
8063
8659
8946
8835
8419
7647
6625
5305
3664
1915
150
-1451
-2903
-4263
-5321
-6120
-6517
-6599
-6441
-6034
-5578
-4991
-4346
-3668
-2926
-2312
-1720
-1199
-691
-108
464
1124
1779
2444
3155
3859
4608
5273
5789
6131
6281
6288
6048
5562
4846
3872
2744
1430
94
-1165
-2333
-3307
-4096
-4548
-4650
-4423
-3861
-3117
-2184
-1173
-143
901
1818
2610
3194
3593
3838
3899
3855
3679
3384
3025
2599
2215
1841
1474
1129
766
450
129
-198
-516
-935
-1386
-1945
-2547
-3198
-3919
-4645
-5398
-6116
-6771
-7354
-7770
-8016
-8035
-7771
-7216
-6246
-4871
-3162
-1307
517
2329
4112
5767
7138
8103
8716
8993
8919
8489
7729
6706
5373
3760
1988
224
-1392
-2883
-4240
-5338
-6128
-6534
-6634
-6463
-6084
-5598
-5004
-4337
-3632
-2905
-2261
-1670
-1142
-615
-50
524
1154
1791
2439
3120
3826
4564
5215
5729
6076
6255
6272
6054
5592
4900
3966
2851
1572
241
-1038
-2223
-3242
-4059
-4555
-4696
-4519
-4031
-3322
-2409
-1386
-336
708
1653
2485
3132
3592
3885
3997
3977
3825
3552
3206
2794
2398
1996
1604
1224
851
517
179
-164
-509
-900
-1317
-1811
-2363
-2948
-3593
-4250
-4975
-5653
-6286
-6846
-7300
-7674
-7827
-7757
-7398
-6744
-5762
-4359
-2682
-887
892
2619
4349
5903
7173
8060
8596
8840
8710
8249
7465
6391
5066
3444
1714
-22
-1642
-3098
-4441
-5488
-6244
-6640
-6697
-6525
-6122
-5620
-4996
-4269
-3538
-2779
-2128
-1510
-927
-391
181
735
1344
1959
2557
3202
3848
4526
5122
5563
5880
6026
6033
5815
5338
4665
3760
2696
1473
199
-1009
-2155
-3137
-3926
-4407
-4536
-4378
-3921
-3269
-2413
-1426
-409
615
1541
2347
3004
3485
3825
3986
4023
3926
3695
3401
3030
2669
2287
1881
1478
1070
717
369
4
-365
-781
-1203
-1665
-2173
-2698
-3279
-3894
-4560
-5232
-5838
-6379
-6839
-7218
-7501
-7569
-7430
-7000
-6331
-5340
-4000
-2377
-635
1075
2742
4385
5882
7117
7966
8506
8747
8648
8208
7426
6403
5111
3553
1845
108
-1493
-2975
-4325
-5403
-6204
-6618
-6735
-6598
-6216
-5705
-5041
-4304
-3536
-2746
-2048
-1365
-750
-178
392
929
1510
2086
2656
3242
3824
4446
4990
5415
5718
5870
5897
5700
5282
4660
3843
2858
1700
472
-729
-1861
-2837
-3646
-4159
-4357
-4265
-3886
-3291
-2471
-1515
-506
501
1423
2253
2940
3462
3822
3998
4047
3959
3761
3483
3136
2779
2420
2044
1673
1304
971
640
295
-70
-473
-880
-1334
-1833
-2386
-2988
-3608
-4283
-4939
-5556
-6080
-6512
-6869
-7134
-7259
-7187
-6886
-6424
-5755
-4894
-3701
-2231
-607
978
2462
3909
5286
6458
7344
7894
8193
8168
7822
7183
6316
5241
3886
2309
675
-890
-2293
-3619
-4768
-5673
-6287
-6550
-6574
-6326
-5888
-5341
-4656
-3935
-3136
-2337
-1587
-883
-270
337
921
1509
2109
2647
3171
3670
4170
4667
5047
5324
5451
5456
5314
4968
4463
3784
2943
1949
835
-257
-1289
-2222
-3038
-3662
-3975
-4017
-3792
-3348
-2717
-1902
-1009
-71
851
1690
2431
3009
3454
3751
3907
3946
3851
3655
3383
3069
2753
2404
2040
1666
1297
963
607
239
-148
-551
-969
-1432
-1905
-2403
-2923
-3473
-4071
-4675
-5208
-5671
-6047
-6361
-6584
-6689
-6663
-6479
-6159
-5674
-5004
-4182
-3096
-1776
-299
1169
2517
3827
5061
6162
7006
7523
7795
7771
7465
6886
6067
5052
3766
2283
726
-788
-2143
-3428
-4543
-5427
-6046
-6319
-6342
-6088
-5637
-5087
-4395
-3654
-2820
-1994
-1249
-546
69
674
1225
1742
2270
2742
3192
3601
4003
4433
4777
5022
5129
5132
5030
4748
4318
3726
2974
2099
1098
100
-861
-1737
-2502
-3119
-3464
-3563
-3418
-3040
-2491
-1755
-947
-67
817
1635
2372
2948
3409
3730
3900
3954
3884
3718
3465
3150
2835
2487
2137
1771
1418
1098
777
447
104
-258
-625
-1032
-1451
-1919
-2411
-2940
-3491
-4063
-4616
-5129
-5569
-5920
-6185
-6345
-6394
-6336
-6147
-5827
-5358
-4721
-3988
-3014
-1825
-438
932
2190
3407
4599
5685
6545
7074
7401
7447
7247
6759
6036
5148
4003
2641
1166
-299
-1605
-2873
-4004
-4945
-5648
-6014
-6135
-5985
-5638
-5168
-4538
-3852
-3064
-2255
-1515
-798
-171
431
981
1492
2017
2478
2909
3299
3686
4111
4454
4712
4853
4901
4866
4660
4317
3818
3177
2409
1502
563
-358
-1224
-2013
-2710
-3167
-3383
-3336
-3079
-2658
-2063
-1343
-517
339
1156
1908
2546
3060
3447
3702
3850
3867
3764
3562
3294
3024
2729
2399
2040
1664
1326
993
681
362
10
-358
-757
-1166
-1588
-2038
-2506
-3026
-3583
-4128
-4647
-5064
-5433
-5725
-5947
-6073
-6061
-5961
-5780
-5473
-5077
-4535
-3908
-3115
-2070
-855
440
1622
2749
3894
4991
5931
6586
6983
7188
7121
6824
6255
5499
4528
3300
1922
494
-851
-2097
-3326
-4375
-5235
-5776
-6015
-6028
-5789
-5412
-4876
-4188
-3440
-2594
-1806
-1057
-356
262
858
1382
1898
2367
2750
3108
3438
3807
4152
4385
4542
4602
4614
4514
4259
3886
3369
2736
1970
1116
278
-563
-1348
-2068
-2628
-2951
-3069
-2978
-2711
-2278
-1665
-963
-173
591
1320
1978
2532
2983
3304
3501
3601
3573
3464
3275
3064
2841
2575
2288
1977
1689
1416
1115
797
451
81
-301
-731
-1167
-1640
-2112
-2602
-3119
-3627
-4107
-4558
-4947
-5308
-5588
-5768
-5829
-5772
-5675
-5514
-5275
-4944
-4493
-3964
-3326
-2479
-1463
-284
852
1970
3078
4170
5184
5966
6495
6859
6970
6853
6446
5820
5026
3968
2714
1332
-52
-1330
-2603
-3743
-4709
-5424
-5813
-6004
-5906
-5609
-5142
-4496
-3790
-2988
-2177
-1409
-669
-37
556
1083
1559
2010
2376
2713
3023
3336
3671
3933
4147
4291
4378
4401
4280
4048
3693
3210
2609
1866
1081
276
-526
-1289
-1983
-2485
-2792
-2909
-2844
-2608
-2167
-1575
-872
-115
624
1345
1985
2536
2988
3312
3535
3631
3602
3495
3319
3135
2890
2606
2298
1980
1696
1402
1095
786
451
115
-242
-627
-1015
-1414
-1813
-2242
-2682
-3098
-3521
-3921
-4313
-4649
-4909
-5101
-5217
-5255
-5213
-5106
-4964
-4732
-4425
-4038
-3572
-3021
-2286
-1358
-285
795
1821
2842
3847
4797
5580
6125
6470
6598
6497
6156
5597
4866
3902
2738
1450
146
-1078
-2253
-3334
-4261
-4970
-5394
-5576
-5498
-5224
-4809
-4250
-3592
-2844
-2073
-1352
-672
-74
471
955
1392
1813
2162
2453
2724
3005
3330
3614
3827
3982
4094
4150
4099
3939
3660
3259
2728
2071
1351
599
-167
-925
-1626
-2195
-2569
-2749
-2734
-2568
-2235
-1747
-1102
-369
368
1072
1712
2278
2742
3106
3354
3486
3499
3400
3238
3053
2842
2601
2318
2031
1757
1500
1245
981
700
409
91
-222
-549
-892
-1271
-1663
-2061
-2449
-2810
-3151
-3489
-3823
-4130
-4380
-4525
-4613
-4641
-4634
-4567
-4454
-4286
-4086
-3825
-3543
-3189
-2796
-2228
-1452
-524
440
1334
2236
3184
4116
4934
5511
5903
6112
6092
5873
5423
4817
3982
2909
1702
456
-706
-1811
-2897
-3828
-4585
-5039
-5244
-5213
-4967
-4585
-4058
-3418
-2704
-1926
-1208
-552
25
509
951
1329
1684
1969
2169
2359
2553
2813
3074
3276
3433
3559
3677
3724
3665
3522
3252
2866
2343
1738
1096
410
-310
-1027
-1659
-2126
-2423
-2541
-2509
-2327
-1971
-1475
-834
-140
557
1204
1799
2322
2756
3097
3328
3424
3400
3285
3141
2973
2755
2498
2207
1942
1698
1466
1227
970
710
428
144
-135
-433
-742
-1084
-1434
-1782
-2115
-2419
-2727
-3040
-3356
-3649
-3875
-4057
-4178
-4251
-4282
-4234
-4163
-4043
-3903
-3727
-3503
-3287
-3018
-2692
-2280
-1702
-987
-159
691
1509
2367
3214
4046
4730
5212
5534
5646
5582
5314
4827
4191
3322
2293
1161
12
-1053
-2096
-3051
-3850
-4453
-4780
-4901
-4795
-4498
-4081
-3525
-2901
-2203
-1479
-827
-222
289
737
1143
1473
1771
1996
2175
2349
2532
2747
2947
3113
3252
3357
3433
3432
3345
3169
2877
2478
1974
1400
785
142
-514
-1127
-1644
-2009
-2224
-2282
-2189
-1952
-1572
-1059
-459
191
832
1428
1969
2425
2804
3093
3269
3337
3303
3213
3081
2907
2706
2458
2214
1963
1721
1480
1228
973
700
407
127
-180
-485
-810
-1131
-1441
-1741
-2018
-2279
-2519
-2738
-2938
-3108
-3250
-3357
-3438
-3500
-3502
-3478
-3396
-3340
-3267
-3211
-3139
-3033
-2929
-2805
-2633
-2426
-2080
-1594
-916
-137
640
1427
2217
3052
3844
4474
4922
5181
5251
5132
4800
4313
3629
2758
1727
626
-422
-1399
-2307
-3107
-3759
-4177
-4355
-4311
-4064
-3690
-3209
-2654
-2042
-1393
-775
-221
241
605
915
1173
1396
1594
1745
1863
1989
2158
2380
2596
2785
2942
3069
3166
3191
3133
2978
2707
2318
1827
1276
714
136
-438
-970
-1395
-1669
-1793
-1774
-1633
-1368
-982
-507
42
603
1141
1618
2026
2362
2624
2806
2899
2899
2819
2701
2557
2412
2233
2038
1827
1626
1439
1251
1049
835
600
359
104
-150
-400
-651
-896
-1156
-1394
-1596
-1759
-1916
-2079
-2246
-2378
-2487
-2563
-2636
-2724
-2788
-2847
-2865
-2878
-2873
-2882
-2884
-2909
-2914
-2922
-2871
-2807
-2700
-2547
-2271
-1842
-1221
-508
253
987
1752
2547
3315
3955
4403
4678
4791
4731
4481
4066
3491
2755
1866
904
-31
-878
-1667
-2385
-2976
-3377
-3561
-3559
-3405
-3130
-2769
-2336
-1865
-1360
-859
-418
-36
267
516
745
956
1159
1323
1469
1632
1833
2089
2349
2582
2784
2952
3092
3166
3152
3046
2834
2505
2078
1600
1108
613
101
-383
-787
-1059
-1209
-1250
-1194
-1031
-771
-433
-47
368
771
1126
1437
1691
1906
2075
2178
2225
2214
2166
2127
2071
2006
1914
1797
1692
1577
1457
1326
1163
979
742
491
235
-11
-259
-518
-783
-1020
-1220
-1394
-1553
-1701
-1841
-1975
-2104
-2220
-2318
-2401
-2490
-2591
-2679
-2747
-2789
-2821
-2849
-2894
-2927
-2956
-2939
-2916
-2874
-2824
-2724
-2546
-2300
-1931
-1406
-764
-56
645
1349
2088
2824
3483
3955
4275
4453
4483
4354
4036
3572
2971
2234
1410
547
-257
-994
-1687
-2282
-2753
-3028
-3117
-3076
-2924
-2690
-2368
-1983
-1570
-1143
-751
-397
-87
173
407
632
844
1045
1227
1414
1625
1883
2169
2427
2647
2846
3018
3136
3166
3104
2947
2697
2363
1949
1497
1031
558
93
-316
-631
-845
-968
-996
-931
-767
-530
-238
80
402
712
995
1247
1462
1633
1769
1857
1914
1936
1945
1950
1934
1894
1838
1778
1714
1624
1507
1363
1186
984
745
502
263
27
-208
-468
-715
-935
-1132
-1306
-1477
-1628
-1770
-1896
-2010
-2105
-2184
-2253
-2315
-2371
-2421
-2456
-2482
-2497
-2526
-2547
-2569
-2567
-2568
-2595
-2613
-2604
-2582
-2525
-2443
-2301
-2100
-1801
-1383
-849
-206
440
1089
1738
2389
2997
3493
3846
4054
4098
4020
3769
3403
2904
2280
1571
808
78
-604
-1224
-1746
-2185
-2486
-2636
-2658
-2541
-2347
-2095
-1796
-1470
-1108
-769
-454
-176
45
254
434
620
809
989
1173
1363
1586
1845
2103
2349
2559
2731
2867
2941
2925
2843
2671
2427
2109
1733
1354
968
600
245
-74
-315
-467
-539
-524
-464
-337
-172
34
263
494
719
925
1100
1266
1401
1521
1627
1693
1739
1760
1789
1801
1784
1743
1668
1579
1482
1352
1207
1034
845
639
418
208
-5
-204
-405
-609
-792
-953
-1088
-1212
-1322
-1416
-1506
-1587
-1675
-1758
-1853
-1958
-2065
-2179
-2293
-2401
-2501
-2573
-2645
-2695
-2738
-2757
-2767
-2765
-2736
-2675
-2601
-2499
-2380
-2189
-1948
-1623
-1205
-673
-77
535
1141
1755
2367
2942
3406
3731
3929
4007
3953
3753
3437
2990
2438
1796
1101
421
-227
-834
-1382
-1865
-2210
-2432
-2528
-2520
-2438
-2274
-2059
-1800
-1500
-1202
-905
-629
-377
-130
98
341
585
823
1069
1310
1573
1865
2146
2407
2623
2809
2945
3018
3009
2928
2777
2554
2259
1914
1550
1170
796
424
87
-181
-381
-523
-592
-609
-545
-441
-294
-109
82
296
509
704
908
1091
1270
1428
1552
1665
1742
1820
1874
1888
1877
1831
1757
1650
1507
1341
1144
920
682
434
195
-31
-261
-470
-659
-808
-925
-1032
-1116
-1211
-1298
-1369
-1427
-1481
-1553
-1640
-1721
-1809
-1887
-1975
-2050
-2126
-2197
-2261
-2311
-2326
-2346
-2350
-2351
-2337
-2316
-2294
-2271
-2221
-2180
-2111
-2047
-1927
-1745
-1499
-1148
-722
-215
317
849
1411
1976
2498
2941
3254
3468
3562
3538
3383
3100
2713
2217
1634
1013
386
-208
-767
-1272
-1701
-2018
-2215
-2303
-2293
-2209
-2052
-1843
-1597
-1329
-1051
-783
-542
-325
-119
74
268
460
648
838
1038
1270
1516
1766
2005
2218
2403
2555
2651
2690
2674
2590
2448
2233
1975
1691
1395
1085
763
458
199
-20
-173
-289
-348
-352
-324
-245
-134
9
173
331
501
670
834
1002
1149
1285
1394
1490
1575
1629
1667
1669
1633
1582
1494
1381
1242
1080
896
698
496
304
110
-77
-259
-418
-547
-649
-753
-853
-947
-1029
-1095
-1166
-1231
-1324
-1421
-1524
-1623
-1706
-1769
-1834
-1900
-1976
-2040
-2092
-2112
-2113
-2102
-2103
-2109
-2103
-2079
-2048
-2018
-2002
-1979
-1965
-1924
-1855
-1758
-1603
-1418
-1138
-777
-340
144
623
1114
1621
2077
2505
2814
3037
3159
3146
3037
2808
2497
2106
1610
1085
528
0
-475
-934
-1308
-1617
-1837
-1951
-1986
-1943
-1832
-1691
-1505
-1308
-1097
-873
-672
-480
-300
-140
35
215
403
603
802
1026
1270
1516
1773
2001
2211
2388
2502
2569
2577
2535
2438
2276
2059
1807
1532
1263
966
680
412
190
5
-138
-235
-276
-288
-255
-183
-92
46
192
345
513
668
839
1009
1154
1303
1415
1520
1605
1659
1697
1694
1666
1610
1505
1390
1247
1077
902
689
488
305
123
-40
-215
-366
-479
-589
-662
-739
-812
-861
-930
-973
-1031
-1093
-1157
-1246
-1347
-1422
-1493
-1547
-1631
-1705
-1767
-1799
-1805
-1816
-1819
-1822
-1811
-1805
-1763
-1741
-1712
-1692
-1682
-1663
-1646
-1630
-1589
-1554
-1499
-1411
-1276
-1038
-750
-400
-16
373
791
1210
1633
2010
2301
2520
2634
2666
2618
2467
2242
1934
1541
1112
659
241
-157
-540
-872
-1150
-1353
-1467
-1517
-1499
-1437
-1351
-1228
-1084
-919
-749
-596
-458
-333
-218
-79
59
210
367
523
709
904
1121
1355
1567
1768
1941
2073
2177
2227
2242
2198
2105
1969
1794
1603
1390
1166
937
708
506
331
189
80
-2
-45
-60
-43
1
72
162
265
378
512
643
782
915
1045
1160
1249
1342
1416
1473
1500
1494
1472
1420
1345
1248
1126
994
836
674
504
348
204
76
-56
-180
-295
-392
-458
-515
-563
-608
-666
-722
-787
-834
-882
-940
-1017
-1100
-1192
-1249
-1312
-1352
-1415
-1487
-1538
-1570
-1572
-1574
-1587
-1597
-1589
-1594
-1571
-1572
-1534
-1537
-1540
-1547
-1547
-1520
-1484
-1458
-1398
-1324
-1197
-1011
-772
-466
-140
209
570
932
1297
1643
1936
2156
2278
2333
2320
2238
2075
1836
1530
1187
815
449
99
-229
-527
-785
-994
-1135
-1212
-1231
-1208
-1167
-1094
-1005
-883
-757
-638
-523
-421
-322
-218
-111
20
163
309
471
643
838
1051
1260
1457
1627
1765
1880
1954
2006
2011
1976
1886
1762
1612
1449
1278
1088
885
697
519
374
253
157
95
40
27
30
68
133
204
296
384
479
596
708
825
926
1002
1087
1149
1209
1249
1260
1261
1227
1180
1113
1030
943
832
702
571
439
333
239
131
34
-65
-156
-225
-286
-349
-405
-464
-521
-578
-636
-675
-736
-810
-884
-965
-1021
-1085
-1148
-1211
-1299
-1367
-1428
-1474
-1483
-1514
-1521
-1539
-1535
-1500
-1457
-1411
-1375
-1348
-1311
-1284
-1247
-1218
-1201
-1184
-1177
-1155
-1113
-1041
-936
-800
-625
-414
-160
133
440
743
1030
1297
1533
1724
1859
1926
1921
1858
1715
1529
1293
1023
730
418
114
-172
-419
-625
-788
-912
-985
-1018
-1002
-957
-890
-806
-711
-620
-526
-436
-345
-255
-172
-88
1
109
233
366
515
672
834
1007
1172
1331
1467
1577
1649
1695
1707
1708
1672
1594
1491
1357
1231
1092
946
800
656
522
407
302
237
181
144
126
117
143
187
246
331
405
495
599
696
805
892
975
1048
1096
1143
1162
1158
1147
1101
1033
954
865
779
682
572
461
347
246
148
50
-36
-127
-206
-268
-335
-383
-434
-485
-528
-587
-636
-679
-744
-799
-879
-951
-1017
-1078
-1130
-1178
-1226
-1271
-1313
-1343
-1361
-1369
-1368
-1358
-1339
-1312
-1280
-1253
-1223
-1199
-1176
-1151
-1134
-1123
-1104
-1095
-1070
-1062
-1030
-976
-902
-792
-657
-491
-282
-60
184
437
686
925
1132
1319
1457
1544
1576
1554
1480
1362
1195
996
773
535
301
71
-140
-321
-474
-595
-681
-728
-739
-728
-694
-647
-592
-529
-467
-407
-341
-282
-223
-163
-94
-14
72
175
293
424
565
713
857
1006
1136
1247
1338
1397
1419
1430
1421
1398
1354
1271
1181
1079
996
903
799
702
608
524
463
396
365
335
306
297
289
316
360
408
470
516
574
646
716
791
846
891
933
949
962
961
940
911
857
793
718
644
571
489
399
320
248
190
132
61
2
-53
-100
-146
-204
-247
-288
-341
-385
-439
-483
-523
-583
-633
-689
-733
-774
-824
-864
-908
-939
-974
-1010
-1046
-1075
-1093
-1106
-1115
-1113
-1104
-1105
-1088
-1078
-1053
-1037
-1019
-1006
-989
-977
-965
-936
-918
-898
-876
-842
-788
-717
-629
-522
-396
-244
-82
93
278
464
649
802
935
1052
1137
1187
1190
1157
1092
996
877
737
582
419
259
100
-42
-170
-273
-355
-423
-464
-488
-492
-478
-459
-431
-404
-372
-327
-285
-239
-185
-132
-64
9
89
186
293
406
522
635
749
862
958
1041
1099
1148
1178
1202
1200
1174
1139
1091
1034
971
901
830
750
672
601
529
478
428
389
349
320
308
309
315
333
354
389
428
465
518
564
609
647
677
706
729
743
747
737
715
688
652
615
567
518
462
402
344
283
222
164
105
47
-4
-58
-101
-149
-190
-239
-291
-332
-373
-412
-454
-498
-542
-583
-623
-667
-706
-748
-787
-813
-850
-873
-894
-916
-929
-951
-951
-935
-933
-913
-911
-903
-890
-880
-865
-852
-843
-830
-820
-812
-793
-783
-755
-729
-700
-657
-607
-534
-451
-361
-257
-153
-42
79
197
318
432
535
625
689
737
773
782
769
727
670
601
521
434
336
239
144
53
-29
-112
-176
-224
-269
-306
-331
-346
-344
-334
-325
-312
-288
-255
-215
-171
-115
-55
11
86
157
237
326
419
498
573
643
707
760
802
839
865
890
895
891
881
867
852
826
790
751
709
666
617
564
517
466
421
377
336
310
292
283
286
290
310
339
372
412
452
490
532
567
600
619
627
640
636
624
600
572
538
499
452
405
353
304
259
209
162
110
72
38
2
-27
-60
-93
-124
-158
-193
-227
-264
-298
-346
-387
-428
-468
-510
-552
-592
-628
-658
-686
-708
-725
-735
-738
-742
-741
-735
-737
-724
-714
-710
-700
-694
-676
-666
-662
-642
-645
-632
-622
-617
-602
-592
-568
-544
-517
-485
-452
-407
-355
-305
-249
-186
-128
-58
4
73
141
205
267
322
372
418
447
471
486
483
479
455
428
390
341
291
240
190
137
85
36
-5
-48
-86
-115
-135
-152
-159
-159
-157
-150
-129
-102
-77
-43
-6
38
85
134
187
239
292
343
388
433
484
524
564
602
628
655
675
691
700
705
706
704
697
688
669
651
629
600
573
541
501
463
423
393
362
337
315
298
290
284
295
303
320
339
362
387
404
426
441
453
457
456
442
431
410
384
354
323
291
255
219
182
152
121
94
61
30
-3
-32
-58
-88
-122
-153
-182
-211
-243
-275
-307
-335
-368
-398
-426
-454
-477
-499
-526
-546
-561
-577
-580
-590
-594
-596
-599
-596
-597
-589
-584
-569
-561
-557
-548
-545
-534
-526
-523
-519
-512
-508
-500
-483
-481
-465
-454
-436
-404
-377
-339
-306
-267
-228
-188
-147
-105
-62
-20
13
54
89
122
152
177
203
219
230
243
242
239
235
227
217
202
181
163
143
119
98
74
53
29
13
3
-11
-17
-18
-28
-24
-18
-8
13
33
58
83
115
146
183
217
254
288
314
347
375
401
424
440
456
464
472
476
481
487
482
482
483
476
472
463
452
441
429
412
394
371
349
324
297
275
257
238
219
206
200
198
203
209
221
229
237
255
265
278
289
296
295
287
279
270
252
235
213
185
160
133
101
74
47
21
0
-26
-47
-68
-84
-101
-123
-146
-163
-185
-207
-231
-253
-277
-298
-319
-343
-361
-377
-388
-395
-402
-410
-410
-416
-411
-409
-410
-409
-402
-392
-387
-384
-378
-381
-377
-371
-369
-370
-362
-357
-347
-346
-336
-321
-305
-283
-269
-253
-236
-217
-193
-169
-148
-122
-102
-86
-68
-53
-38
-26
-14
-4
5
9
17
18
32
43
47
60
69
76
86
97
108
116
124
130
138
147
155
163
170
174
178
185
193
202
208
219
229
234
239
250
260
273
282
292
302
308
312
315
323
325
329
332
333
341
340
346
348
351
352
353
358
361
368
370
373
377
378
378
375
372
368
361
351
350
338
335
326
317
310
295
291
277
267
258
249
238
230
223
207
197
186
172
168
155
147
138
126
121
116
108
102
96
88
77
70
57
45
34
21
7
-7
-26
-39
-59
-76
-93
-110
-127
-149
-164
-178
-192
-207
-222
-231
-240
-243
-245
-243
-240
-242
-237
-237
-235
-230
-230
-227
-227
-222
-219
-216
-217
-211
-210
-206
-198
-192
-184
-175
-165
-156
-150
-146
-137
-129
-122
-117
-111
-107
-100
-92
-85
-79
-68
-57
-35
-14
4
20
36
58
76
91
103
107
110
108
103
102
96
95
87
78
71
57
55
59
64
69
76
81
94
103
118
138
153
169
176
183
190
196
204
208
206
207
209
209
208
213
217
221
221
221
215
219
225
239
247
244
250
248
248
250
254
253
249
247
237
233
232
229
231
230
228
223
219
225
220
225
226
223
229
224
227
226
221
217
208
206
198
193
181
163
157
136
127
111
102
95
77
65
58
48
48
50
47
48
50
50
48
45
35
35
27
24
11
-1
-11
-32
-41
-55
-68
-78
-88
-93
-102
-105
-114
-117
-117
-122
-124
-127
-130
-126
-122
-131
-133
-135
-137
-135
-129
-131
-132
-135
-129
-123
-127
-120
-117
-114
-111
-113
-110
-108
-100
-101
-103
-97
-97
-93
-90
-88
-91
-89
-89
-86
-80
-78
-74
-73
-65
-59
-48
-40
-29
-24
-23
-11
-4
8
13
22
28
30
33
37
46
53
57
59
58
63
64
74
77
76
81
79
82
91
93
99
93
102
122
115
119
128
125
127
140
148
153
160
162
168
172
173
176
182
185
192
196
202
204
207
214
216
218
217
223
220
222
225
225
220
215
208
206
201
190
182
182
187
179
180
172
164
155
158
152
148
155
159
161
153
144
138
132
129
122
116
108
98
85
75
65
61
56
43
39
31
27
22
19
20
13
12
5
3
-1
-12
-18
-24
-26
-33
-39
-46
-54
-64
-70
-74
-87
-97
-105
-113
-113
-114
-122
-123
-131
-132
-138
-142
-143
-156
-154
-157
-161
-166
-171
-172
-172
-171
-174
-175
-178
-177
-174
-170
-170
-177
-176
-180
-180
-176
-174
-174
-174
-173
-173
-172
-165
-159
-153
-151
-145
-141
-141
-130
-127
-126
-119
-117
-117
-115
-113
-112
-109
-111
-108
-106
-110
-108
-105
-101
-95
-90
-87
-83
-75
-68
-56
-51
-45
-39
-37
-26
-16
-10
0
6
10
12
17
21
24
28
29
30
29
29
27
23
22
24
25
26
29
31
32
33
33
29
29
29
28
29
27
27
30
31
36
37
36
36
35
37
37
35
33
28
29
26
24
19
15
13
9
5
3
-1
-3
-4
-7
-10
-13
-18
-26
-28
-29
-31
-34
-39
-43
-51
-50
-51
-55
-50
-53
-48
-52
-57
-50
-48
-49
-46
-45
-42
-42
-45
-46
-42
-42
-49
-49
-50
-53
-54
-53
-55
-58
-62
-68
-69
-72
-75
-76
-76
-73
-75
-73
-72
-74
-72
-72
-70
-67
-70
-72
-67
-64
-64
-60
-57
-49
-45
-46
-42
-40
-40
-39
-41
-43
-41
-40
-43
-43
-46
-46
-49
-52
-54
-58
-58
-59
-60
-64
-63
-60
-58
-60
-52
-51
-49
-44
-41
-36
-35
-32
-28
-23
-18
-11
-10
-8
-9
-13
-9
-8
-7
-10
-8
-6
-6
-8
-8
-7
-4
-3
-2
-3
2
3
7
11
11
13
15
17
18
21
26
25
29
33
32
35
37
38
39
42
45
46
51
53
56
57
59
57
62
64
65
64
61
58
56
57
54
56
54
57
55
56
55
52
54
51
49
51
48
48
49
48
49
50
50
54
51
53
52
49
52
48
51
47
46
42
40
43
44
42
33
31
34
26
26
26
21
20
23
22
24
24
22
26
25
24
27
23
23
21
22
20
20
21
15
18
17
12
8
6
4
3
4
5
0
0
-1
-2
-11
-13
-12
-21
-26
-32
-35
-39
-39
-40
-39
-45
-49
-48
-53
-50
-44
-41
-40
-36
-40
-37
-37
-35
-33
-29
-25
-27
-27
-27
-26
-27
-30
-33
-35
-35
-35
-38
-43
-39
-40
-45
-42
-46
-46
-46
-48
-51
-51
-46
-46
-36
-38
-37
-33
-37
-35
-37
-31
-32
-32
-28
-28
-25
-24
-24
-20
-16
-11
-8
-6
-2
-1
1
1
-2
-2
1
-1
0
-1
-1
-1
-7
-3
-1
-2
0
-2
0
2
1
8
10
12
13
14
14
11
12
13
16
18
15
15
18
16
19
23
21
21
22
22
25
24
22
22
23
26
24
21
23
23
22
20
17
16
12
10
10
6
2
1
2
3
-1
1
0
3
7
6
7
11
13
13
15
16
17
19
20
20
20
19
18
13
13
9
8
2
1
2
-3
1
-5
-7
-5
-8
-12
-14
-13
-15
-13
-12
-10
-9
-8
-6
-8
-7
-8
-5
-3
-5
-3
-5
-8
-12
-13
-15
-14
-16
-18
-16
-17
-23
-23
-26
-31
-31
-32
-35
-37
-38
-38
-39
-36
-38
-38
-40
-38
-38
-39
-37
-34
-36
-34
-36
-35
-31
-29
-28
-28
-29
-29
-28
-31
-30
-30
-31
-37
-35
-34
-34
-35
-35
-37
-37
-40
-43
-39
-36
-36
-37
-34
-40
-42
-38
-35
-36
-31
-30
-32
-29
-26
-27
-29
-30
-34
-30
-29
-34
-33
-34
-34
-34
-39
-41
-41
-44
-43
-42
-44
-45
-46
-47
-48
-47
-47
-45
-41
-41
-41
-41
-44
-41
-39
-41
-40
-39
-39
-39
-38
-37
-36
-37
-33
-33
-31
-33
-29
-25
-21
-22
-23
-24
-24
-22
-28
-26
-26
-31
-27
-28
-31
-27
-29
-30
-36
-39
-39
-41
-39
-34
-30
-32
-29
-31
-30
-26
-26
-24
-22
-22
-20
-21
-24
-22
-24
-28
-29
-32
-30
-32
-34
-36
-38
-37
-42
-38
-41
-41
-41
-43
-40
-40
-39
-40
-42
-40
-46
-45
-47
-48
-47
-46
-43
-41
-45
-45
-45
-48
-46
-45
-43
-42
-44
-41
-36
-33
-36
-38
-41
-42
-45
-43
-43
-42
-43
-41
-40
-43
-40
-38
-41
-38
-41
-45
-48
-51
-52
-57
-56
-55
-62
-62
-61
-67
-66
-68
-70
-68
-68
-73
-69
-67
-66
-62
-64
-62
-64
-63
-60
-64
-65
-63
-66
-66
-67
-67
-66
-65
-69
-68
-70
-71
-70
-66
-68
-66
-64
-68
-63
-59
-55
-51
-45
-44
-37
-39
-34
-38
-35
-30
-26
-20
-26
-25
-28
-27
-28
-31
-30
-30
-27
-30
-32
-35
-32
-29
-26
-23
-21
-18
-20
-23
-23
-19
-19
-15
-17
-19
-14
-14
-15
-10
-12
-13
-11
-12
-15
-18
-19
-19
-17
-19
-21
-17
-27
-32
-30
-40
-40
-42
-43
-45
-45
-50
-50
-50
-53
-54
-56
-55
-59
-61
-57
-59
-60
-57
-59
-60
-59
-59
-59
-61
-60
-65
-66
-66
-71
-71
-75
-79
-80
-76
-83
-78
-83
-81
-79
-78
-75
-74
-70
-72
-69
-73
-72
-71
-71
-72
-68
-68
-70
-68
-68
-70
-68
-71
-73
-70
-71
-68
-74
-70
-72
-76
-74
-74
-68
-67
-68
-67
-63
-60
-59
-57
-52
-52
-51
-52
-52
-46
-45
-39
-38
-37
-40
-41
-40
-41
-41
-38
-34
-36
-36
-31
-28
-27
-29
-28
-23
-27
-23
-15
-16
-12
-10
-10
-10
-10
-11
-11
-7
-11
-8
-7
-5
-5
-7
-6
-4
1
2
4
5
4
7
2
3
4
1
-3
-3
-1
1
2
2
-2
-4
-4
1
-2
0
-1
-1
-2
-7
-4
-7
-5
-7
-8
-7
-14
-12
-9
-13
-13
-16
-13
-12
-16
-16
-15
-13
-17
-21
-21
-19
-21
-16
-17
-17
-20
-18
-17
-16
-14
-18
-20
-20
-19
-24
-22
-20
-25
-24
-24
-25
-25
-25
-27
-23
-23
-23
-25
-29
-25
-25
-26
-29
-29
-27
-27
-26
-25
-27
-25
-23
-24
-21
-21
-17
-18
-20
-17
-15
-17
-20
-20
-20
-21
-22
-21
-22
-26
-26
-28
-32
-24
-26
-21
-22
-23
-23
-24
-24
-21
-20
-18
-13
-17
-15
-14
-13
-14
-9
-12
-14
-10
-14
-10
-12
-10
-8
-10
-10
-10
-10
-9
-6
-2
-5
-4
-2
-6
-7
-11
-7
-9
-8
-14
-13
-17
-20
-17
-18
-21
-16
-16
-22
-23
-22
-23
-20
-19
-19
-16
-15
-11
-8
-9
-6
-9
-13
-17
-15
-15
-16
-16
-16
-19
-26
-23
-28
-29
-27
-29
-29
-35
-36
-34
-34
-27
-25
-27
-24
-28
-26
-30
-31
-27
-23
-27
-24
-21
-22
-18
-18
-19
-22
-20
-24
-26
-28
-26
-24
-17
-13
-15
-11
-12
-16
-13
-19
-20
-16
-19
-18
-16
-14
-16
-13
-10
-9
-13
-11
-14
-13
-17
-16
-10
-14
-11
-9
-9
-14
-12
-12
-13
-14
-12
-12
-15
-13
-13
-16
-16
-12
-11
-12
-14
-12
-14
-17
-15
-17
-18
-12
-14
-12
-14
-14
-13
-15
-11
-11
-13
-11
-13
-16
-16
-14
-13
-14
-13
-13
-13
-14
-14
-21
-23
-23
-28
-29
-28
-30
-29
-33
-33
-33
-35
-36
-35
-32
-34
-34
-38
-36
-34
-38
-35
-34
-35
-33
-34
-36
-36
-34
-36
-35
-32
-37
-36
-43
-45
-45
-46
-48
-48
-53
-54
-54
-50
-52
-55
-54
-54
-54
-57
-53
-56
-56
-63
-61
-60
-61
-60
-63
-62
-62
-62
-60
-63
-66
-63
-67
-67
-69
-72
-66
-64
-66
-66
-65
-68
-67
-64
-64
-64
-66
-68
-65
-65
-67
-65
-66
-66
-64
-64
-61
-62
-60
-60
-60
-59
-54
-59
-55
-54
-51
-51
-52
-49
-48
-46
-44
-38
-38
-37
-37
-41
-40
-37
-35
-38
-38
-35
-37
-37
-36
-33
-33
-32
-31
-36
-32
-31
-35
-33
-31
-31
-32
-29
-29
-30
-28
-27
-29
-27
-31
-31
-28
-33
-32
-33
-32
-32
-31
-31
-33
-35
-35
-37
-37
-37
-40
-41
-41
-43
-46
-47
-49
-47
-45
-44
-46
-44
-43
-41
-44
-42
-42
-45
-42
-42
-41
-40
-41
-48
-52
-50
-51
-55
-57
-60
-61
-62
-67
-63
-67
-67
-67
-68
-70
-71
-67
-69
-65
-65
-72
-72
-68
-71
-74
-71
-77
-79
-78
-79
-81
-81
-76
-80
-81
-80
-80
-83
-86
-86
-87
-87
-85
-85
-83
-89
-88
-85
-87
-87
-86
-85
-85
-87
-88
-87
-87
-89
-90
-87
-90
-93
-95
-92
-96
-95
-91
-89
-90
-89
-86
-89
-85
-89
-87
-89
-87
-85
-86
-84
-81
-78
-83
-80
-80
-82
-81
-78
-78
-79
-77
-73
-74
-77
-75
-77
-76
-80
-78
-79
-78
-76
-79
-80
-79
-75
-81
-77
-74
-76
-77
-75
-74
-75
-70
-67
-65
-68
-67
-63
-63
-65
-61
-59
-57
-61
-59
-55
-60
-56
-56
-59
-58
-60
-61
-60
-61
-62
-62
-59
-60
-62
-64
-64
-63
-64
-65
-68
-64
-63
-62
-66
-67
-65
-67
-64
-63
-60
-63
-62
-58
-56
-57
-52
-51
-54
-51
-57
-53
-57
-56
-53
-58
-55
-58
-58
-61
-59
-60
-55
-55
-58
-53
-57
-55
-55
-54
-52
-57
-53
-50
-47
-45
-41
-40
-44
-40
-43
-40
-41
-37
-35
-33
-34
-33
-29
-27
-31
-30
-24
-24
-20
-20
-19
-20
-16
-16
-15
-12
-8
-8
-11
-7
-4
-2
-2
-5
-3
-1
0
2
2
6
6
6
8
9
11
10
13
15
16
14
13
18
17
17
20
20
23
24
21
25
24
25
29
29
31
34
34
33
36
36
35
35
40
40
42
44
39
40
41
43
43
40
43
44
45
45
44
40
39
35
37
38
38
37
37
37
36
35
33
34
31
32
33
34
31
29
30
32
31
34
36
33
36
36
35
34
33
34
41
36
36
32
31
31
30
28
21
27
21
19
17
12
12
13
17
12
11
7
7
8
7
6
5
6
4
1
6
4
4
5
5
6
5
5
4
7
8
10
6
4
8
7
8
11
11
9
7
6
4
3
0
-1
1
-3
-2
-2
-5
0
-3
0
1
2
2
7
7
9
9
9
12
6
6
6
10
11
11
12
13
15
15
16
13
13
13
14
16
10
14
15
14
13
13
11
13
13
15
16
13
14
13
14
16
17
18
14
11
14
19
24
27
25
26
25
20
20
17
20
15
13
18
16
15
14
15
12
15
13
13
11
10
6
7
6
6
6
3
1
-1
-1
-1
0
1
2
1
-1
1
-1
-2
-4
-3
-5
-7
-6
-10
-14
-15
-14
-16
-18
-22
-20
-21
-22
-21
-25
-25
-22
-22
-24
-23
-24
-17
-18
-20
-22
-21
-15
-15
-19
-19
-19
-23
-28
-23
-19
-22
-21
-22
-21
-22
-23
-23
-25
-22
-22
-24
-25
-24
-25
-25
-21
-20
-20
-21
-18
-19
-19
-20
-18
-19
-18
-17
-16
-17
-14
-12
-16
-14
-11
-12
-14
-12
-10
-10
-14
-14
-16
-13
-13
-15
-11
-12
-8
-8
-10
-12
-11
-12
-14
-14
-10
-14
-11
-7
-11
-11
-13
-7
-10
-11
-9
-4
-8
-9
-6
-5
-5
-3
-5
-9
-6
-3
-2
-5
-5
-2
-2
0
-2
-4
-1
-1
-2
-3
1
-1
-4
-2
-3
-1
-1
-2
-6
-6
-7
-8
-9
-11
-11
-9
-10
-11
-11
-9
-9
-11
-7
-7
-6
-10
-12
-9
-10
-11
-12
-14
-18
-19
-15
-17
-16
-18
-17
-19
-19
-17
-18
-19
-18
-16
-23
-20
-20
-20
-20
-21
-22
-26
-23
-22
-21
-23
-26
-26
-24
-29
-27
-27
-30
-31
-33
-32
-29
-28
-31
-30
-26
-25
-29
-26
-26
-26
-24
-25
-25
-27
-24
-24
-26
-28
-27
-27
-31
-27
-26
-26
-23
-24
-24
-27
-25
-20
-18
-23
-24
-20
-25
-24
-21
-18
-20
-19
-18
-16
-15
-16
-13
-13
-11
-10
-14
-16
-17
-16
-15
-14
-12
-14
-11
-12
-13
-14
-15
-8
-13
-11
-13
-12
-12
-13
-15
-12
-12
-17
-16
-17
-20
-17
-10
-14
-15
-13
-17
-16
-14
-17
-22
-20
-17
-21
-19
-19
-17
-19
-19
-23
-25
-25
-24
-23
-23
-26
-24
-28
-29
-28
-27
-23
-25
-25
-23
-28
-27
-26
-30
-33
-29
-29
-28
-27
-27
-29
-29
-33
-35
-34
-34
-34
-33
-35
-35
-35
-37
-38
-38
-39
-41
-36
-42
-43
-41
-46
-47
-44
-44
-42
-40
-40
-40
-38
-38
-38
-36
-37
-38
-37
-36
-37
-38
-38
-39
-35
-37
-36
-38
-38
-37
-35
-32
-34
-29
-32
-38
-36
-32
-31
-35
-37
-39
-38
-36
-36
-32
-32
-30
-32
-31
-29
-28
-31
-34
-30
-29
-30
-30
-33
-33
-30
-29
-25
-28
-28
-26
-29
-32
-29
-28
-29
-33
-31
-30
-29
-30
-28
-28
-28
-28
-29
-30
-32
-30
-31
-31
-29
-29
-24
-21
-26
-26
-24
-23
-25
-23
-24
-21
-19
-15
-19
-18
-19
-21
-20
-23
-22
-22
-20
-20
-19
-18
-20
-17
-20
-23
-19
-15
-15
-13
-15
-20
-19
-18
-19
-20
-18
-14
-15
-15
-19
-17
-16
-17
-16
-19
-15
-15
-13
-13
-13
-12
-15
-15
-13
-16
-15
-18
-18
-15
-18
-13
-15
-15
-17
-17
-14
-14
-16
-16
-18
-16
-12
-14
-14
-14
-11
-14
-13
-11
-11
-12
-17
-13
-18
-20
-19
-16
-13
-14
-16
-15
-16
-18
-14
-13
-15
-15
-16
-11
-10
-10
-12
-14
-13
-16
-14
-12
-14
-12
-10
-10
-9
-14
-9
-12
-12
-7
-9
-11
-12
-12
-11
-8
-8
-10
-12
-15
-12
-10
-10
-8
-10
-7
-9
-11
-9
-9
-11
-13
-11
-12
-12
-10
-11
-11
-14
-7
-8
-11
-7
-9
-8
-5
-8
-9
-5
-8
-10
-12
-10
-7
-11
-9
-11
-16
-16
-14
-15
-16
-19
-20
-20
-18
-20
-19
-19
-21
-21
-21
-23
-23
-20
-21
-18
-16
-19
-22
-18
-20
-21
-20
-21
-22
-24
-20
-20
-19
-18
-17
-17
-18
-18
-18
-16
-18
-17
-19
-21
-18
-22
-24
-21
-22
-19
-21
-20
-19
-20
-20
-24
-23
-26
-28
-27
-28
-27
-28
-27
-26
-29
-31
-34
-32
-34
-32
-32
-31
-33
-25
-27
-29
-24
-24
-19
-18
-18
-20
-24
-24
-22
-21
-21
-21
-20
-21
-19
-22
-26
-26
-24
-23
-24
-23
-21
-22
-27
-27
-26
-28
-28
-26
-27
-27
-25
-28
-27
-22
-24
-23
-25
-20
-18
-20
-22
-26
-23
-23
-21
-21
-19
-22
-23
-24
-22
-18
-23
-24
-24
-29
-29
-26
-24
-24
-22
-20
-22
-23
-21
-21
-22
-19
-20
-18
-24
-25
-28
-24
-18
-19
-20
-21
-23
-21
-22
-19
-16
-20
-20
-22
-21
-21
-17
-19
-21
-19
-18
-18
-17
-17
-16
-16
-16
-15
-19
-19
-15
-18
-18
-16
-13
-13
-10
-6
-12
-13
-8
-3
-5
-8
-6
-8
-10
-11
-16
-16
-17
-18
-22
-21
-18
-22
-17
-17
-19
-18
-16
-13
-18
-19
-19
-14
-12
-13
-10
-11
-12
-11
-10
-12
-10
-10
-11
-12
-7
-8
-9
-9
-5
-8
-11
-12
-14
-13
-19
-18
-16
-18
-16
-17
-19
-19
-20
-16
-14
-16
-12
-14
-15
-10
-10
-11
-10
-9
-8
-10
-9
-9
-11
-11
-9
-9
-12
-10
-11
-11
-11
-11
-12
-14
-15
-11
-10
-11
-7
-9
-7
-7
-9
-8
-12
-10
-10
-10
-9
-12
-11
-10
-7
-3
-7
-5
-7
-6
-4
-9
-7
-4
-5
-3
-3
-3
-4
-5
-1
-4
-4
-6
-8
-7
-10
-5
-6
-10
-9
-10
-10
-15
-13
-14
-13
-13
-14
-15
-17
-20
-21
-14
-17
-16
-12
-14
-16
-19
-18
-20
-21
-21
-21
-18
-19
-22
-23
-22
-24
-24
-21
-23
-28
-25
-26
-26
-25
-24
-23
-25
-24
-24
-26
-24
-23
-23
-22
-21
-19
-20
-20
-22
-23
-20
-20
-19
-22
-23
-22
-24
-23
-24
-27
-28
-28
-30
-32
-31
-32
-29
-28
-31
-28
-27
-26
-26
-22
-21
-16
-18
-19
-19
-19
-20
-18
-16
-20
-20
-19
-18
-21
-22
-21
-24
-23
-24
-25
-24
-27
-25
-25
-27
-26
-28
-27
-26
-23
-24
-25
-28
-31
-28
-30
-28
-26
-30
-28
-30
-35
-31
-31
-30
-30
-28
-27
-27
-30
-32
-31
-32
-32
-30
-31
-29
-30
-31
-33
-32
-35
-29
-31
-30
-30
-32
-30
-29
-32
-33
-37
-37
-33
-35
-33
-35
-36
-35
-33
-30
-33
-28
-28
-30
-27
-29
-30
-30
-28
-25
-23
-23
-22
-22
-21
-22
-27
-27
-24
-28
-25
-24
-24
-21
-24
-23
-21
-22
-24
-20
-23
-21
-20
-23
-23
-25
-22
-16
-13
-14
-14
-16
-17
-23
-18
-15
-16
-18
-19
-16
-19
-22
-21
-19
-19
-18
-19
-17
-20
-19
-17
-18
-18
-14
-15
-13
-16
-10
-8
-14
-7
-6
-7
-8
-7
-10
-10
-14
-18
-17
-20
-15
-16
-17
-19
-18
-16
-16
-18
-17
-16
-16
-18
-17
-18
-15
-12
-13
-9
-9
-8
-11
-7
-6
-6
-2
-3
-2
-3
-5
-7
-6
-9
-8
-3
-8
-11
-11
-10
-10
-11
-10
-12
-10
-13
-14
-11
-12
-11
-14
-10
-15
-10
-13
-11
-7
-8
-9
-10
-10
-11
-10
-8
-7
-7
-10
-14
-9
-11
-9
-11
-14
-11
-12
-14
-14
-12
-15
-14
-11
-13
-14
-11
-12
-12
-13
-14
-11
-14
-15
-17
-13
-15
-16
-15
-16
-17
-17
-17
-17
-15
-17
-19
-21
-25
-21
-20
-16
-19
-22
-18
-22
-23
-22
-26
-21
-22
-20
-17
-19
-21
-18
-16
-16
-14
-13
-14
-13
-17
-17
-15
-19
-18
-21
-21
-17
-19
-19
-21
-20
-22
-22
-21
-24
-25
-26
-27
-30
-32
-27
-31
-26
-26
-24
-21
-22
-19
-20
-22
-20
-19
-23
-18
-20
-17
-20
-17
-12
-18
-17
-17
-19
-20
-20
-18
-21
-23
-24
-24
-26
-25
-26
-27
-26
-28
-24
-24
-29
-29
-25
-25
-26
-27
-28
-28
-25
-23
-24
-24
-25
-25
-24
-26
-24
-24
-25
-20
-25
-25
-24
-27
-26
-27
-27
-23
-25
-22
-26
-27
-24
-24
-21
-25
-26
-22
-23
-24
-20
-22
-22
-17
-20
-20
-16
-20
-14
-15
-15
-14
-12
-9
-11
-11
-11
-9
-10
-10
-11
-10
-10
-9
-13
-13
-12
-11
-11
-12
-10
-13
-10
-10
-16
-12
-11
-13
-11
-10
-13
-12
-13
-16
-13
-12
-11
-13
-13
-13
-11
-10
-11
-10
-12
-12
-12
-11
-10
-10
-12
-10
-7
-10
-12
-9
-10
-9
-9
-8
-7
-3
-3
-1
-2
-1
-2
-2
-3
-1
4
2
3
1
-1
1
0
0
1
1
-1
-3
-4
-6
-5
-2
-2
-2
-4
-3
-7
-7
-7
-9
-2
-5
-4
-1
0
0
2
3
1
0
-3
-3
-1
-1
2
1
-1
0
-1
-2
-2
-2
1
-4
-5
-4
-6
-2
-4
-2
-1
0
-4
-6
-4
-4
-2
-6
-4
-3
-2
1
-1
0
1
-1
-1
-1
-1
-2
-5
-2
-1
-6
-5
-3
-4
-3
-3
-5
-7
-7
-9
-5
-6
-8
-9
-7
-6
-8
-7
-5
-6
-7
-6
-7
-9
-7
-9
-8
-6
-8
-8
-11
-10
-10
-10
-11
-14
-11
-12
-14
-19
-17
-17
-15
-15
-14
-19
-18
-18
-20
-15
-17
-17
-14
-14
-20
-17
-18
-18
-18
-15
-14
-18
-14
-16
-19
-17
-18
-19
-19
-21
-20
-20
-18
-21
-22
-22
-25
-25
-26
-27
-27
-25
-25
-30
-30
-25
-29
-25
-26
-28
-28
-27
-28
-27
-27
-26
-23
-23
-25
-24
-24
-27
-26
-25
-26
-30
-29
-28
-29
-28
-29
-28
-27
-29
-26
-28
-32
-30
-29
-31
-30
-31
-32
-29
-28
-29
-30
-33
-31
-30
-30
-27
-28
-28
-27
-25
-25
-24
-23
-25
-26
-22
-24
-29
-25
-28
-26
-29
-28
-24
-24
-22
-23
-22
-23
-20
-19
-21
-23
-23
-20
-20
-21
-20
-20
-20
-19
-20
-19
-19
-17
-17
-16
-14
-16
-14
-15
-14
-15
-13
-13
-14
-14
-16
-14
-15
-15
-15
-17
-14
-13
-14
-11
-12
-10
-9
-7
-8
-7
-6
-9
-7
-5
-5
-3
-3
-6
-8
-6
-4
-3
-2
-4
-2
-3
-2
0
0
-2
-1
-1
-4
0
-2
0
-4
-3
-5
-3
-6
-4
-2
-2
1
-1
2
5
5
5
4
9
9
11
11
11
10
11
12
9
11
8
5
4
3
3
2
2
3
0
4
0
3
2
-2
-1
-3
-1
-3
1
-4
-1
3
2
3
0
2
0
2
3
4
3
2
1
3
1
2
0
-1
0
-3
-3
-5
-5
-2
-3
-3
-8
-5
-8
-8
-9
-8
-5
-7
-3
-7
-7
-5
-3
-7
-9
-7
-5
-5
-8
-5
-8
-12
-12
-9
-8
-9
-9
-9
-9
-13
-10
-10
-11
-10
-13
-10
-11
-10
-8
-10
-10
-12
-11
-11
-15
-11
-14
-10
-10
-11
-12
-14
-12
-13
-15
-10
-12
-13
-13
-15
-14
-16
-15
-20
-18
-15
-16
-16
-15
-14
-18
-17
-17
-13
-14
-16
-15
-18
-19
-19
-19
-17
-18
-17
-14
-16
-15
-12
-15
-17
-15
-17
-15
-17
-18
-19
-20
-19
-19
-19
-21
-20
-23
-23
-19
-22
-26
-30
-27
-30
-31
-23
-28
-28
-30
-24
-25
-24
-24
-23
-20
-20
-21
-24
-21
-19
-21
-20
-20
-24
-22
-21
-23
-23
-23
-27
-29
-26
-25
-23
-21
-22
-20
-23
-24
-26
-25
-23
-23
-21
-20
-24
-20
-16
-19
-16
-19
-22
-15
-17
-20
-19
-20
-16
-19
-15
-14
-16
-16
-19
-16
-14
-16
-20
-19
-18
-20
-18
-17
-17
-14
-12
-12
-15
-13
-13
-14
-10
-13
-12
-10
-9
-8
-7
-9
-9
-5
-7
-7
-6
-7
-8
-4
-5
-3
-7
-6
-9
-5
-4
-5
-3
-7
-2
-5
-4
-2
2
1
0
1
0
2
0
1
-2
0
0
-1
-2
2
0
1
2
0
0
1
2
0
-2
-2
0
1
-2
2
1
0
1
1
0
1
2
0
1
4
2
2
6
7
8
8
9
10
9
12
10
9
14
15
13
13
14
9
10
12
4
7
3
2
2
-2
-2
1
-3
-2
-6
-6
-2
-4
-3
-2
-1
-2
-1
1
-2
-2
-2
-3
-1
0
-2
-3
-1
-2
0
-2
-2
-2
-5
-5
-4
-4
-7
-7
-6
-6
-8
-10
-7
-7
-11
-11
-13
-9
-13
-12
-11
-12
-9
-10
-11
-14
-10
-11
-9
-13
-13
-17
-18
-18
-17
-14
-18
-16
-13
-16
-16
-15
-16
-21
-20
-20
-19
-20
-21
-23
-22
-22
-22
-22
-22
-22
-22
-22
-24
-25
-20
-19
-21
-24
-26
-28
-28
-26
-25
-26
-29
-26
-26
-30
-30
-29
-31
-27
-29
-29
-27
-28
-30
-32
-30
-33
-33
-35
-32
-30
