20
20
22
18
18
16
18
17
13
16
18
18
18
13
18
21
18
16
16
18
18
17
16
16
16
13
13
10
12
10
14
9
10
11
8
12
11
11
11
11
10
9
3
9
12
7
8
7
11
12
11
11
9
8
7
8
7
9
9
8
5
7
10
6
6
3
3
5
0
2
-1
0
1
2
2
1
4
6
5
7
6
4
3
6
4
5
7
6
7
7
7
6
3
4
4
4
5
4
7
4
2
3
4
2
0
0
2
0
-2
-1
6
6
1
3
5
3
3
4
1
6
6
6
2
3
6
5
3
9
8
6
10
8
9
8
9
9
9
12
10
8
13
12
9
11
11
12
11
13
11
12
14
12
12
11
11
13
14
14
15
18
16
15
16
15
15
16
16
14
12
16
15
15
17
16
16
13
14
14
14
15
16
16
17
19
17
19
19
23
20
20
21
23
26
22
26
24
20
22
24
23
21
29
28
22
22
18
20
19
16
17
17
17
17
18
20
22
16
17
19
18
18
17
16
19
18
18
18
20
19
18
22
19
21
19
19
17
19
19
19
18
21
19
22
26
25
24
20
24
20
22
21
24
22
20
23
22
21
15
15
17
22
18
18
19
18
16
19
20
17
20
18
17
18
18
15
17
17
16
15
16
16
17
20
17
16
15
16
14
16
19
13
16
12
13
14
13
12
14
13
12
12
12
14
10
11
12
13
10
9
4
7
11
7
6
6
10
8
7
6
10
10
9
9
7
6
7
5
6
5
4
5
5
8
7
7
5
6
6
5
5
7
7
3
5
3
4
4
1
2
-2
0
-1
-1
-1
-4
-2
0
-1
-1
-4
-1
-3
-6
1
-3
-2
-2
-2
3
0
1
0
1
1
1
2
0
0
0
0
-1
1
1
1
2
0
-3
-2
-3
-5
-7
-5
-5
-3
0
-3
-3
-1
-6
-4
-5
-6
-9
-9
-7
-9
-5
-7
-3
-4
-6
-7
-7
-6
-8
-12
-6
-6
-8
-7
-9
-10
-12
-7
-9
-9
-7
-11
-10
-8
-9
-8
-8
-8
-8
-8
-7
-7
-8
-11
-12
-10
-12
-10
-10
-11
-8
-7
-9
-3
-3
-7
-4
-6
-5
-3
-3
-5
-3
-7
-6
-3
-3
-2
-3
-4
-2
-1
-2
-3
-4
-3
-5
-1
-2
-3
-4
1
-4
-1
-1
-3
-3
0
-1
-2
-4
-3
-2
-6
-4
-5
-3
-4
-3
-2
-3
-2
-1
-1
-1
0
-3
0
3
-2
2
1
0
0
2
5
6
4
7
6
7
6
7
7
4
10
11
5
8
5
4
7
5
4
2
4
4
6
8
7
5
7
4
2
6
4
4
4
6
4
6
4
6
6
7
8
6
5
4
7
5
4
4
6
5
3
4
5
4
1
4
4
3
5
2
0
1
0
0
5
0
-4
-1
3
-1
0
2
-1
2
1
1
2
2
4
6
6
3
1
2
2
0
3
4
6
5
5
4
6
8
5
3
0
0
2
-2
3
1
-1
-2
-6
-4
-5
-3
-3
-4
-2
-5
-4
-1
-5
-2
-3
-2
-3
-5
-4
-4
-6
-4
-4
-4
-1
-4
-1
-3
-3
-2
-3
-2
-2
-3
-2
-1
-3
-2
-1
1
-1
0
-3
-1
2
1
-3
-2
-1
-1
-2
-3
-1
-1
-1
-2
-4
-5
-7
-4
-4
-6
-4
-4
-5
-5
-4
-5
-10
-5
-5
-6
-4
-1
-1
-2
2
-1
-2
0
-2
-1
-4
-2
-2
-6
-4
-5
-3
-2
-3
0
-4
-4
-7
-8
-8
-9
-9
-8
-7
-6
-5
-7
-7
-9
-9
-9
-12
-13
-11
-9
-9
-13
-11
-10
-11
-10
-10
-10
-9
-13
-11
-11
-10
-12
-14
-13
-14
-11
-13
-13
-14
-14
-11
-13
-15
-13
-15
-18
-13
-16
-16
-16
-17
-14
-16
-18
-19
-18
-18
-14
-17
-15
-12
-17
-15
-16
-13
-13
-12
-12
-14
-13
-14
-14
-17
-12
-14
-13
-12
-12
-9
-8
-8
-9
-9
-10
-8
-9
-11
-7
-9
-10
-7
-7
-4
-4
-4
-1
-4
-2
-2
0
-4
-1
-2
-3
-2
-2
1
0
-2
-2
1
0
2
4
4
1
4
6
2
6
6
8
8
7
9
8
9
9
5
7
7
4
5
8
14
6
8
7
7
5
5
4
3
6
0
3
2
2
1
0
3
3
3
5
3
5
3
2
6
5
5
6
6
6
4
5
6
3
6
2
0
5
6
6
6
3
5
5
4
5
4
0
1
2
2
2
4
7
3
-2
1
4
1
0
4
2
6
5
4
5
2
2
4
4
3
6
4
6
6
5
7
6
7
6
7
8
8
4
2
5
2
2
4
3
6
2
3
2
2
2
3
3
5
6
5
2
3
5
3
4
2
2
3
5
4
2
1
2
-1
-2
1
0
-1
0
0
-1
3
1
2
2
2
1
0
2
0
3
1
1
4
3
0
0
1
0
1
0
1
-1
-3
-3
-5
-5
-3
-5
-7
-6
-6
-6
-5
-6
-7
-6
-5
-11
-14
-8
-9
-11
-6
-8
-5
-7
-6
-6
-6
-7
-8
-7
-6
-5
-6
-7
-7
-6
-7
-8
-6
-5
-6
-5
-10
-7
-8
-11
-7
-7
-10
-8
-10
-9
-7
-8
-9
-10
-10
-8
-8
-10
-7
-7
-3
-5
-7
-7
-7
-7
-8
-7
-5
-2
-6
-6
-7
-6
-3
-6
-8
-7
-5
-4
-4
-6
-4
-6
-8
-4
-3
-4
-2
-3
-6
-1
-3
-3
-5
-5
-6
-6
-4
-3
-3
-2
1
-2
0
1
-1
1
3
1
1
-1
-2
-2
0
-2
-3
-1
1
1
2
-1
1
2
-2
-1
2
0
-1
-1
0
-1
0
0
-1
-2
-2
0
0
-3
-1
0
-1
0
-3
-1
1
-2
-3
-1
-3
0
-1
-3
-4
-3
-1
-2
-2
-1
0
-4
1
1
3
1
2
2
-3
0
-4
-2
-3
0
3
-2
-1
-5
-2
-1
-5
-4
-6
-6
-6
-5
-3
-5
-5
-5
-7
-2
-1
-4
-8
-6
-4
-6
-4
-2
2
2
1
3
0
-1
-2
-2
0
-2
-2
-2
1
1
2
0
2
-1
-5
-3
-4
-3
-5
-3
-2
-3
-1
3
-1
-7
-5
-1
3
-2
-1
-1
1
2
5
3
0
0
1
2
2
1
1
1
0
2
-1
1
1
1
2
1
2
-1
-3
0
-3
-2
0
-1
-2
-1
-1
-6
-4
-3
-5
0
-2
-2
-4
-3
0
-3
-3
-2
-5
-4
-2
-3
-6
-5
-2
-3
-7
-5
-7
-6
-3
-2
-3
-3
-6
-6
-4
-6
-7
-4
-2
-5
-4
-4
-4
-2
-3
-2
-1
-3
-3
-1
-2
-3
-4
-1
-2
-6
-7
-5
-4
-8
-6
-6
-5
-6
-5
-3
-6
-4
-3
-9
-5
-2
-5
-4
-8
-6
-2
-3
1
2
-2
-1
-1
0
-1
-1
-2
-1
2
-1
-2
0
-3
-3
-2
-3
-6
-7
-2
-5
-4
-2
-4
0
-1
-1
-3
-3
-2
-4
-1
0
-3
-1
-1
-1
1
1
1
3
4
2
1
1
5
4
4
4
1
0
2
6
0
2
3
2
6
4
2
5
3
6
6
4
7
3
3
2
3
4
2
6
5
5
8
9
11
11
5
6
8
8
8
8
9
5
10
9
7
7
9
11
5
8
7
8
12
8
10
8
8
8
5
7
6
6
4
5
5
8
8
4
7
5
1
5
6
4
4
3
2
1
2
2
1
1
3
0
-1
3
-1
2
6
1
3
4
2
5
5
5
4
5
5
4
2
4
6
2
5
12
7
7
8
9
7
3
7
6
5
4
3
4
3
6
3
1
1
3
4
-1
0
2
3
4
5
9
6
11
10
11
11
8
12
9
12
11
11
10
13
11
11
15
13
11
11
11
11
10
10
8
8
11
12
14
8
8
10
11
10
8
12
10
16
13
13
11
10
16
14
15
15
12
14
12
10
15
14
16
14
14
17
16
14
9
9
10
8
10
10
10
10
8
9
8
9
9
8
9
8
6
6
6
8
7
3
7
7
4
6
6
5
5
4
3
0
-2
-1
0
0
-3
-1
-2
-1
-1
-1
-2
-4
-1
-4
-2
-5
-4
-2
-3
0
-3
-3
-2
-5
-3
-3
-4
-3
-6
-4
-7
-9
-6
-9
-7
-7
-9
-9
-8
-8
-8
-8
-8
-10
-15
-11
-9
-10
-11
-8
-6
-4
-6
-8
-8
-6
-8
-10
-9
-8
-8
-7
-4
-5
-4
-5
-9
-7
-5
-6
-8
-10
-10
-8
-7
-9
-8
-7
-5
-6
-3
-6
-7
-7
-6
-5
-7
-3
-3
-3
-3
-4
-4
-3
0
0
-1
-2
-4
-2
-1
2
-1
-1
0
0
-1
-1
1
-2
0
3
3
1
4
0
3
3
1
5
4
1
3
0
-2
0
1
2
2
5
4
5
4
3
5
5
6
9
6
7
4
4
5
3
4
4
5
5
7
7
3
7
5
6
8
4
6
6
7
4
4
5
3
5
4
6
1
6
5
6
4
4
5
5
6
6
6
4
7
5
3
4
8
4
3
8
11
8
11
13
10
12
12
12
13
13
11
10
8
9
7
8
7
10
16
9
11
11
10
7
8
4
6
5
5
6
5
6
5
8
5
5
6
4
6
4
6
7
8
9
11
13
13
11
10
8
7
7
9
8
8
11
12
14
13
12
11
12
10
11
12
10
11
12
11
12
12
12
13
9
11
10
15
16
14
14
14
17
14
18
15
14
17
17
18
15
14
16
15
17
16
15
14
15
14
15
17
15
10
11
13
11
14
17
14
15
13
13
12
14
16
11
11
13
15
16
11
10
13
10
12
13
16
16
15
15
14
13
14
12
13
12
13
11
12
11
11
13
13
13
10
11
12
11
8
10
10
11
8
7
8
8
5
8
7
4
7
5
5
4
4
1
1
-2
1
1
-4
-2
1
1
-1
2
2
-1
-1
3
1
2
0
0
1
0
-1
2
2
-1
-1
-3
0
-2
-2
0
-3
0
1
0
-1
-3
-3
-1
-4
-1
-5
-6
-3
-4
-6
-6
-5
-7
-4
-6
-4
-9
-9
-12
-9
-6
-6
-5
-6
-2
-4
-5
-4
-9
-6
-7
-7
-2
-3
1
-5
0
-2
-8
-4
-4
-4
-6
-6
-3
-1
-3
-4
-3
-1
-2
-2
-3
-1
-2
-4
-3
-5
-5
-1
1
0
0
2
3
3
4
4
2
2
7
5
4
3
5
4
5
4
5
7
6
8
7
7
6
6
10
6
5
7
9
8
6
7
7
8
8
8
6
7
6
5
5
7
3
3
3
4
5
4
6
4
4
7
5
6
4
2
6
8
7
6
7
7
6
9
9
9
9
7
8
6
8
8
7
8
15
14
8
9
6
5
9
8
6
4
3
5
5
6
7
4
4
5
5
5
3
5
6
5
5
5
6
9
9
12
10
9
7
9
9
9
9
10
8
8
7
5
5
5
5
4
3
3
4
4
3
3
4
5
6
-1
-3
1
4
3
4
7
8
5
8
9
8
6
9
6
6
10
5
6
7
9
10
9
8
9
8
12
12
7
7
9
11
11
11
15
13
12
13
9
11
11
11
10
10
11
12
10
11
9
12
10
9
12
10
7
9
13
11
12
13
12
11
10
9
9
7
10
12
8
12
14
12
12
11
8
8
10
8
10
7
11
9
7
8
5
4
4
5
0
1
4
4
2
2
1
0
-1
-2
0
0
0
2
1
-2
-3
-5
-1
0
2
-1
1
2
3
4
4
4
4
7
2
2
2
2
-1
-2
-4
-3
-2
2
0
0
0
-1
-3
-1
-3
0
0
-3
-2
-3
-1
-2
-2
-2
-5
-6
-7
-8
-6
-3
-3
-2
1
-3
-2
0
-3
-2
-3
-5
0
1
-3
-4
-1
-6
-1
-3
-3
-1
0
0
0
0
-2
2
-2
2
2
0
0
0
0
-1
-1
-2
-4
-4
-1
1
3
0
0
2
-2
0
0
-2
1
1
-1
-1
-1
0
0
1
1
2
2
-2
1
-1
0
1
3
2
-3
1
2
1
0
-1
-2
1
-2
-1
-1
-3
-2
-6
-1
0
0
1
0
0
2
-2
-2
-4
-7
-5
-4
0
0
-2
-2
0
1
3
2
2
1
-2
4
0
3
0
0
2
0
0
1
-1
-2
3
0
0
-2
0
-2
-4
-4
-6
-5
-3
-2
-5
-5
-5
-5
-5
-5
-3
-5
-8
-7
-7
-6
-8
-10
-6
-4
-3
-4
-3
-3
-3
0
0
1
1
2
2
0
1
3
3
2
-3
-2
-3
-4
1
-6
-4
0
-4
0
0
-2
-1
1
2
5
2
2
0
0
1
3
2
2
5
4
5
4
2
2
3
1
0
4
3
6
7
7
4
7
5
4
5
3
2
4
4
2
3
3
3
1
3
3
1
4
4
2
3
3
3
-1
-1
-4
-3
-2
0
-3
-3
0
2
0
0
5
1
4
3
2
1
-3
-3
-2
-2
1
1
-2
-1
4
4
3
3
1
5
3
4
4
4
6
1
0
-3
-4
0
2
2
-1
1
3
1
1
-4
-2
1
-5
-1
-8
-8
-7
-9
-9
-5
-6
-7
-3
-3
-2
-2
-1
-2
1
-1
2
-2
1
-3
-4
-1
-6
1
-2
-1
-3
-2
-4
-9
-7
-9
-6
-11
-12
-9
-9
-13
-12
-15
-14
-15
-9
-13
-9
-8
-6
-1
-4
-2
-6
-2
-4
-5
-10
-9
-6
-9
-9
-10
-10
-10
-12
-14
-14
-12
-11
-12
-9
-8
-9
-9
-9
-7
-7
-3
-7
-9
-6
-9
-5
-7
-5
-3
-5
-3
-4
-2
-2
-2
-2
-4
-4
-1
2
0
-3
1
-3
-1
-1
-5
-5
-3
-5
-5
-5
-6
-8
-8
-9
-14
-10
-9
-8
-7
-6
-5
-3
0
-2
-4
-3
-5
-2
-5
-2
-5
-7
-8
-6
-4
-6
-4
-1
-2
2
1
2
4
3
5
-1
0
0
2
3
-1
-1
-3
0
3
0
2
4
1
4
3
9
6
12
15
6
9
6
3
2
-1
-4
-6
-4
-4
-5
-6
-6
-9
-10
-8
-10
-8
-13
-15
-16
-16
-18
-13
-12
-7
-5
0
-2
3
7
6
8
5
7
8
6
7
3
3
2
4
2
-2
-1
-2
-2
-2
-5
1
-2
-1
2
-2
-5
-6
-1
-2
-2
0
-1
-2
2
6
3
2
3
2
2
1
2
-1
2
-2
-6
-5
-5
-4
-6
-5
-4
-7
-9
-7
-3
-2
-2
-1
-2
-4
-3
-1
0
-2
2
4
7
8
9
8
9
10
9
8
3
3
0
2
2
0
-2
1
1
-2
-4
-6
-5
-7
-5
-5
-4
-8
-5
-3
-1
-1
2
3
0
0
-2
0
-3
-1
-6
-5
-9
-9
-8
-11
-14
-13
-12
-15
-14
-10
-9
-8
-12
-7
-9
-8
-3
-3
-5
-5
-4
-8
-10
-8
-4
-9
-6
-5
-2
0
0
2
0
-2
-1
1
-1
-1
-1
0
1
4
8
11
19
15
20
16
17
16
11
10
6
2
-2
-5
-8
-10
-9
-11
-13
-11
-12
-12
-12
-8
-10
-10
-11
-12
-14
-21
-18
-20
-20
-19
-24
-18
-19
-14
-19
-21
-20
-22
-19
-25
-22
-27
-28
-25
-31
-26
-26
-22
-17
-16
-12
-8
-1
2
3
5
6
11
13
14
20
20
20
20
26
21
21
23
21
27
25
28
25
25
21
20
21
23
20
21
18
23
21
22
24
19
20
22
22
19
17
21
17
14
14
9
8
-3
-1
-14
-19
-27
-36
-45
-57
-66
-77
-90
-99
-114
-120
-132
-143
-145
-152
-150
-150
-141
-130
-116
-96
-76
-51
-29
-6
18
42
63
80
92
101
106
106
107
101
97
94
82
73
69
64
56
53
54
52
53
58
61
66
65
73
81
83
91
93
101
104
110
119
125
131
134
140
148
152
156
151
145
143
142
138
134
127
121
119
108
100
84
72
47
19
-6
-42
-81
-132
-192
-254
-329
-403
-463
-527
-582
-624
-632
-626
-598
-555
-486
-409
-317
-225
-132
-46
34
97
152
191
218
232
235
229
212
189
167
135
105
71
42
12
-19
-44
-65
-81
-93
-96
-94
-79
-54
-21
16
59
108
157
207
253
288
323
346
366
377
378
378
375
369
362
359
352
350
347
345
341
337
334
333
329
320
310
300
288
269
253
231
199
162
119
62
-11
-97
-195
-301
-404
-511
-609
-709
-802
-880
-934
-945
-929
-888
-826
-753
-652
-553
-452
-358
-275
-201
-149
-103
-69
-42
-26
-23
-16
-4
19
57
81
113
132
156
164
171
163
142
106
62
15
-27
-64
-93
-113
-120
-111
-79
-33
21
78
130
189
244
295
339
373
399
425
457
493
527
560
590
622
649
674
689
692
679
659
625
588
542
491
433
382
339
309
289
272
257
246
242
225
199
159
97
13
-81
-187
-307
-434
-580
-725
-867
-1001
-1122
-1219
-1286
-1324
-1332
-1284
-1209
-1093
-972
-844
-704
-572
-432
-319
-210
-125
-61
-9
21
62
97
144
214
297
403
481
547
599
621
617
555
460
329
164
-11
-211
-390
-553
-680
-771
-813
-785
-711
-588
-442
-272
-85
94
267
408
523
609
659
681
674
657
626
589
550
518
495
469
442
409
370
326
271
207
127
57
-16
-77
-121
-114
-54
34
150
281
445
623
797
937
1034
1091
1099
1058
984
869
734
568
408
258
134
49
-24
-81
-117
-136
-145
-183
-235
-321
-421
-554
-709
-886
-1073
-1264
-1431
-1551
-1606
-1587
-1523
-1406
-1252
-1043
-821
-596
-394
-221
-74
36
102
134
124
117
89
81
105
176
272
364
445
533
605
650
630
559
430
256
50
-187
-413
-632
-813
-949
-1026
-1008
-917
-759
-569
-349
-102
149
378
560
690
767
799
785
734
666
579
490
414
355
328
314
312
310
311
312
299
260
187
103
10
-85
-170
-234
-254
-208
-106
61
274
543
833
1105
1335
1503
1611
1640
1569
1419
1195
935
638
332
54
-183
-347
-471
-514
-486
-417
-309
-212
-107
-24
26
23
-26
-94
-208
-352
-540
-744
-941
-1137
-1310
-1453
-1556
-1614
-1651
-1626
-1578
-1469
-1353
-1211
-1069
-916
-756
-599
-433
-259
-71
137
346
579
809
1011
1184
1299
1377
1368
1295
1134
907
620
292
-75
-427
-759
-1046
-1272
-1414
-1475
-1435
-1326
-1153
-925
-664
-389
-112
138
367
551
695
801
876
918
938
943
931
913
884
853
804
738
654
544
414
260
93
-86
-259
-416
-547
-629
-660
-650
-575
-463
-249
49
402
748
1067
1362
1597
1780
1857
1845
1750
1559
1309
1014
696
394
86
-171
-382
-495
-536
-530
-475
-397
-275
-158
-55
22
48
39
-30
-127
-243
-389
-564
-763
-962
-1124
-1255
-1369
-1474
-1540
-1584
-1569
-1585
-1558
-1533
-1469
-1398
-1325
-1221
-1102
-951
-759
-550
-260
61
430
785
1108
1405
1640
1823
1874
1816
1677
1427
1102
681
236
-205
-645
-1033
-1370
-1583
-1693
-1702
-1625
-1480
-1243
-955
-654
-363
-90
176
400
586
723
843
938
1009
1053
1097
1141
1173
1169
1136
1075
989
857
677
463
225
-14
-266
-493
-679
-803
-864
-865
-802
-637
-380
-43
330
708
1078
1413
1684
1862
1955
1955
1849
1664
1416
1136
836
525
232
-23
-198
-312
-367
-375
-347
-268
-178
-80
-6
58
91
73
32
-48
-144
-268
-424
-609
-812
-992
-1176
-1362
-1511
-1653
-1717
-1791
-1792
-1809
-1783
-1769
-1753
-1678
-1585
-1460
-1329
-1166
-940
-673
-332
43
446
879
1241
1601
1882
2099
2193
2146
1993
1710
1361
911
401
-127
-660
-1120
-1529
-1816
-1990
-2046
-1988
-1845
-1591
-1273
-918
-561
-228
103
398
646
851
1011
1145
1238
1320
1378
1423
1453
1433
1390
1303
1184
1017
800
538
242
-54
-356
-624
-862
-1041
-1145
-1165
-1090
-924
-616
-237
218
686
1162
1592
1958
2227
2370
2410
2328
2127
1852
1495
1111
715
333
9
-253
-408
-509
-516
-473
-380
-249
-133
-18
76
137
161
133
83
-22
-147
-296
-473
-652
-855
-1063
-1298
-1524
-1720
-1884
-1993
-2101
-2164
-2211
-2216
-2188
-2144
-2039
-1920
-1748
-1553
-1317
-1029
-699
-299
116
564
1028
1449
1842
2136
2356
2448
2402
2251
1944
1564
1065
503
-82
-677
-1201
-1683
-2033
-2270
-2376
-2337
-2202
-1932
-1602
-1210
-795
-390
21
380
700
966
1183
1364
1491
1594
1660
1694
1697
1653
1580
1456
1293
1078
808
508
174
-163
-501
-806
-1066
-1269
-1385
-1412
-1329
-1162
-863
-471
5
519
1042
1559
2006
2377
2614
2742
2748
2610
2355
2008
1587
1145
684
262
-120
-404
-601
-710
-713
-658
-532
-378
-211
-40
107
228
292
318
300
223
131
-30
-197
-406
-629
-871
-1128
-1373
-1641
-1863
-2083
-2247
-2376
-2452
-2519
-2524
-2509
-2408
-2296
-2123
-1954
-1718
-1447
-1128
-766
-364
96
578
1068
1529
1956
2322
2581
2708
2696
2553
2283
1872
1343
722
67
-600
-1236
-1801
-2256
-2572
-2738
-2765
-2634
-2367
-1986
-1554
-1076
-577
-86
367
768
1104
1386
1615
1787
1903
1970
1998
1990
1914
1799
1637
1426
1162
844
489
116
-268
-649
-1003
-1307
-1527
-1673
-1710
-1654
-1476
-1216
-822
-337
227
838
1428
2010
2494
2902
3152
3268
3224
3021
2688
2242
1713
1150
561
29
-447
-796
-1027
-1139
-1113
-1002
-789
-533
-254
30
265
470
588
645
643
562
438
231
0
-255
-548
-833
-1160
-1446
-1771
-2036
-2263
-2421
-2554
-2693
-2790
-2831
-2790
-2720
-2657
-2542
-2389
-2172
-1892
-1556
-1138
-675
-118
471
1130
1766
2338
2798
3134
3342
3388
3239
2915
2392
1766
987
177
-656
-1442
-2147
-2742
-3145
-3345
-3339
-3168
-2865
-2420
-1889
-1286
-694
-133
391
843
1231
1539
1801
2004
2129
2203
2232
2233
2194
2082
1910
1667
1369
1009
601
142
-341
-818
-1268
-1648
-1932
-2091
-2128
-2034
-1809
-1464
-1015
-451
157
774
1358
1898
2379
2765
3021
3133
3129
2993
2739
2383
1963
1491
1010
516
82
-289
-557
-761
-871
-894
-812
-652
-466
-246
-15
218
415
565
681
737
723
637
497
329
115
-139
-429
-711
-1017
-1332
-1677
-2021
-2360
-2657
-2938
-3125
-3238
-3257
-3279
-3247
-3150
-2947
-2680
-2418
-2112
-1733
-1258
-751
-160
465
1158
1805
2395
2873
3312
3599
3713
3580
3262
2793
2193
1412
515
-425
-1322
-2160
-2887
-3459
-3784
-3895
-3821
-3574
-3119
-2498
-1809
-1116
-440
228
865
1408
1831
2163
2422
2597
2679
2687
2639
2536
2353
2091
1773
1427
1024
554
35
-487
-977
-1418
-1814
-2125
-2321
-2363
-2284
-2064
-1739
-1253
-651
19
758
1501
2238
2844
3333
3647
3837
3848
3652
3273
2758
2147
1487
775
110
-492
-951
-1278
-1447
-1436
-1295
-1028
-717
-364
21
382
682
880
1000
1037
993
879
671
429
141
-164
-492
-795
-1084
-1368
-1662
-1962
-2264
-2534
-2802
-3016
-3153
-3252
-3327
-3376
-3355
-3243
-3076
-2859
-2587
-2233
-1779
-1260
-606
116
916
1686
2382
2992
3523
3919
4109
4055
3794
3319
2704
1887
949
-55
-1079
-2034
-2891
-3542
-3978
-4192
-4188
-3992
-3562
-2964
-2262
-1531
-803
-78
600
1212
1724
2136
2463
2689
2844
2916
2924
2860
2700
2464
2146
1789
1351
844
274
-324
-895
-1436
-1906
-2293
-2555
-2664
-2617
-2396
-2046
-1559
-962
-224
592
1431
2190
2851
3371
3751
3947
3962
3786
3421
2898
2281
1610
930
270
-339
-822
-1152
-1297
-1306
-1184
-975
-681
-346
2
331
607
810
933
984
980
897
754
537
289
25
-247
-520
-811
-1073
-1355
-1639
-1925
-2195
-2469
-2719
-2976
-3159
-3265
-3331
-3406
-3423
-3335
-3181
-2935
-2693
-2351
-1898
-1343
-710
30
849
1679
2421
3047
3565
4013
4261
4235
3956
3483
2861
2059
1081
12
-1055
-2047
-2964
-3691
-4178
-4409
-4414
-4234
-3828
-3205
-2434
-1652
-885
-122
615
1292
1850
2279
2624
2873
3022
3075
3059
2972
2792
2515
2151
1749
1292
765
169
-461
-1059
-1604
-2076
-2472
-2749
-2855
-2807
-2589
-2231
-1725
-1110
-361
471
1326
2157
2855
3431
3834
4087
4146
4027
3693
3188
2562
1876
1145
446
-230
-792
-1215
-1449
-1512
-1432
-1224
-948
-588
-203
179
533
809
993
1090
1125
1080
961
764
507
224
-76
-373
-666
-951
-1231
-1513
-1812
-2079
-2343
-2611
-2869
-3101
-3228
-3329
-3388
-3490
-3527
-3455
-3304
-3057
-2792
-2408
-1911
-1265
-496
381
1304
2183
2941
3601
4131
4537
4660
4486
4050
3403
2614
1609
493
-715
-1874
-2913
-3793
-4402
-4764
-4845
-4703
-4334
-3715
-2928
-2041
-1194
-373
422
1164
1814
2319
2707
2987
3169
3270
3277
3221
3059
2801
2454
2029
1565
1016
395
-294
-985
-1610
-2173
-2631
-2994
-3184
-3194
-3000
-2631
-2102
-1467
-744
85
938
1792
2571
3278
3820
4217
4409
4437
4263
3902
3344
2665
1904
1124
329
-416
-1055
-1532
-1816
-1927
-1849
-1618
-1252
-810
-329
159
610
990
1237
1390
1452
1413
1261
1017
712
372
16
-339
-693
-1001
-1305
-1591
-1879
-2178
-2452
-2739
-2964
-3163
-3268
-3409
-3551
-3684
-3712
-3648
-3496
-3337
-3068
-2690
-2110
-1389
-491
497
1498
2437
3268
4023
4638
5010
5066
4811
4315
3611
2699
1564
282
-1023
-2278
-3379
-4266
-4875
-5190
-5231
-5006
-4510
-3751
-2840
-1927
-1026
-157
699
1458
2082
2546
2893
3151
3303
3373
3366
3271
3076
2780
2417
1999
1514
930
247
-461
-1155
-1795
-2368
-2862
-3216
-3394
-3355
-3121
-2698
-2123
-1419
-603
265
1150
2020
2836
3530
4058
4389
4557
4544
4335
3912
3333
2632
1861
1043
237
-504
-1124
-1602
-1911
-2021
-1934
-1689
-1329
-890
-396
127
614
1004
1307
1510
1616
1602
1476
1267
965
628
229
-150
-507
-828
-1133
-1433
-1690
-1963
-2213
-2497
-2755
-2970
-3133
-3288
-3421
-3561
-3674
-3747
-3694
-3587
-3380
-3103
-2695
-2115
-1351
-407
630
1674
2623
3474
4224
4823
5167
5182
4873
4325
3547
2562
1344
24
-1333
-2603
-3724
-4596
-5150
-5391
-5363
-5071
-4487
-3641
-2675
-1697
-775
119
970
1715
2299
2733
3051
3259
3360
3378
3322
3205
2981
2653
2267
1839
1354
758
78
-628
-1302
-1927
-2492
-2959
-3281
-3408
-3343
-3070
-2620
-2006
-1302
-475
428
1355
2230
2971
3617
4123
4492
4639
4592
4338
3909
3316
2600
1790
961
114
-660
-1326
-1796
-2082
-2196
-2128
-1901
-1495
-990
-441
110
622
1070
1410
1646
1761
1746
1615
1369
1058
697
304
-123
-543
-938
-1295
-1611
-1928
-2232
-2518
-2742
-2976
-3191
-3356
-3512
-3667
-3819
-3927
-3920
-3827
-3670
-3471
-3068
-2477
-1631
-576
546
1676
2732
3707
4574
5246
5627
5641
5353
4766
3915
2839
1514
75
-1431
-2839
-4061
-4971
-5555
-5848
-5805
-5449
-4764
-3823
-2791
-1740
-740
235
1116
1875
2471
2903
3214
3390
3475
3498
3453
3323
3076
2764
2395
1990
1490
849
157
-578
-1296
-1980
-2594
-3104
-3470
-3637
-3586
-3299
-2798
-2158
-1382
-478
490
1458
2320
3076
3675
4149
4434
4555
4487
4234
3802
3239
2576
1867
1108
348
-379
-981
-1442
-1771
-1933
-1961
-1820
-1536
-1140
-659
-145
363
808
1193
1500
1701
1778
1715
1530
1261
916
510
61
-412
-876
-1293
-1664
-2010
-2339
-2635
-2886
-3090
-3253
-3371
-3501
-3623
-3744
-3820
-3812
-3724
-3555
-3339
-2945
-2339
-1401
-310
851
1928
2997
3995
4886
5496
5782
5722
5374
4696
3734
2528
1139
-384
-1957
-3415
-4583
-5394
-5891
-6099
-5952
-5413
-4537
-3483
-2381
-1276
-212
786
1633
2326
2852
3217
3414
3481
3476
3435
3319
3099
2787
2454
2102
1691
1173
557
-109
-788
-1463
-2108
-2678
-3136
-3448
-3576
-3479
-3141
-2604
-1938
-1158
-232
760
1735
2579
3292
3874
4328
4578
4627
4485
4166
3673
3052
2321
1569
788
9
-717
-1303
-1703
-1954
-2053
-2016
-1796
-1431
-961
-444
89
605
1058
1429
1712
1875
1918
1812
1573
1256
883
450
-32
-530
-1020
-1462
-1853
-2215
-2489
-2713
-2882
-3012
-3134
-3243
-3346
-3470
-3616
-3722
-3777
-3753
-3646
-3431
-3062
-2374
-1410
-231
986
2152
3267
4339
5256
5849
6086
5962
5517
4752
3666
2299
773
-866
-2519
-4022
-5187
-5955
-6353
-6425
-6137
-5425
-4375
-3182
-1977
-818
287
1285
2112
2717
3145
3411
3511
3488
3395
3282
3114
2858
2532
2190
1869
1473
969
368
-278
-920
-1574
-2212
-2786
-3228
-3514
-3614
-3476
-3105
-2526
-1803
-988
-42
980
1984
2848
3557
4129
4542
4769
4746
4518
4111
3537
2832
2045
1228
420
-356
-1042
-1584
-1909
-2058
-2065
-1925
-1636
-1191
-670
-128
391
882
1305
1625
1853
1957
1937
1789
1523
1182
785
354
-122
-595
-1062
-1467
-1820
-2146
-2428
-2663
-2848
-3025
-3164
-3262
-3332
-3428
-3524
-3621
-3623
-3566
-3433
-3207
-2806
-2174
-1285
-202
947
2073
3137
4118
4966
5564
5830
5750
5344
4636
3639
2382
926
-636
-2198
-3645
-4827
-5637
-6095
-6201
-5967
-5353
-4413
-3271
-2085
-928
170
1173
2027
2690
3154
3439
3568
3565
3462
3312
3109
2831
2491
2119
1748
1347
867
301
-308
-912
-1506
-2077
-2589
-3000
-3257
-3346
-3224
-2896
-2375
-1703
-917
-15
945
1889
2715
3397
3936
4319
4509
4502
4303
3916
3391
2744
2022
1263
509
-205
-825
-1311
-1622
-1776
-1791
-1675
-1426
-1049
-602
-116
357
799
1188
1499
1729
1845
1853
1744
1522
1239
891
499
55
-391
-822
-1223
-1598
-1919
-2177
-2374
-2578
-2763
-2964
-3131
-3252
-3359
-3482
-3604
-3707
-3722
-3639
-3463
-3203
-2737
-2003
-976
202
1386
2484
3548
4534
5336
5808
5936
5733
5228
4393
3237
1862
342
-1261
-2857
-4278
-5340
-6006
-6324
-6331
-5955
-5157
-4060
-2851
-1647
-471
652
1647
2432
3011
3410
3641
3685
3597
3438
3251
2994
2642
2238
1849
1470
1048
531
-53
-641
-1208
-1774
-2313
-2770
-3101
-3282
-3294
-3097
-2694
-2107
-1419
-623
288
1242
2152
2914
3525
3999
4344
4489
4414
4149
3729
3180
2526
1783
1031
297
-385
-991
-1435
-1693
-1807
-1785
-1661
-1373
-960
-476
8
465
901
1285
1597
1789
1873
1848
1712
1481
1163
820
426
13
-423
-827
-1198
-1528
-1850
-2133
-2393
-2615
-2797
-3015
-3183
-3358
-3465
-3580
-3642
-3676
-3634
-3520
-3345
-3064
-2615
-1995
-1132
-123
968
2035
3026
3940
4710
5269
5498
5405
5031
4355
3430
2219
834
-655
-2137
-3501
-4670
-5475
-5948
-6064
-5849
-5290
-4397
-3307
-2137
-996
98
1121
1992
2677
3139
3433
3571
3569
3451
3246
2993
2680
2307
1903
1490
1080
606
71
-487
-1042
-1563
-2071
-2519
-2884
-3096
-3142
-3029
-2719
-2245
-1625
-860
-11
895
1796
2626
3306
3840
4220
4425
4436
4223
3821
3266
2602
1846
1053
269
-454
-1073
-1523
-1819
-1919
-1865
-1667
-1355
-926
-432
78
566
979
1329
1605
1783
1847
1803
1649
1417
1118
778
404
5
-390
-767
-1100
-1420
-1687
-1955
-2171
-2407
-2573
-2734
-2922
-3051
-3189
-3266
-3393
-3498
-3590
-3596
-3519
-3388
-3104
-2655
-2000
-1073
9
1160
2245
3248
4187
4969
5522
5675
5510
5043
4276
3246
1906
431
-1134
-2647
-4047
-5175
-5893
-6244
-6243
-5908
-5206
-4150
-2929
-1688
-516
604
1617
2454
3068
3441
3657
3704
3607
3394
3120
2831
2466
2058
1619
1214
823
351
-172
-723
-1240
-1732
-2208
-2618
-2938
-3092
-3097
-2923
-2555
-2022
-1344
-581
293
1212
2129
2913
3517
3975
4284
4414
4333
4028
3567
2972
2295
1534
767
42
-611
-1139
-1532
-1732
-1758
-1652
-1436
-1120
-683
-206
274
710
1092
1413
1653
1808
1850
1797
1641
1411
1120
788
424
53
-326
-679
-1008
-1280
-1562
-1821
-2052
-2289
-2510
-2766
-2990
-3190
-3304
-3393
-3475
-3535
-3559
-3488
-3342
-3139
-2844
-2411
-1814
-995
-13
1056
2057
2990
3813
4550
5092
5325
5227
4826
4174
3261
2110
765
-678
-2118
-3454
-4575
-5358
-5794
-5894
-5690
-5148
-4273
-3158
-1976
-837
248
1258
2139
2829
3292
3570
3676
3640
3476
3234
2940
2583
2165
1711
1280
868
417
-90
-627
-1133
-1603
-2027
-2405
-2702
-2866
-2882
-2731
-2415
-1937
-1331
-638
133
965
1824
2589
3219
3678
4023
4233
4261
4075
3702
3186
2574
1877
1133
386
-302
-904
-1378
-1664
-1779
-1718
-1555
-1264
-864
-365
154
629
1047
1396
1674
1862
1934
1900
1760
1535
1251
932
585
222
-143
-487
-794
-1062
-1307
-1557
-1796
-2003
-2208
-2436
-2686
-2916
-3052
-3150
-3244
-3412
-3521
-3569
-3467
-3336
-3146
-2901
-2465
-1871
-1020
-28
1062
2067
2990
3822
4588
5165
5404
5278
4847
4188
3306
2165
800
-673
-2123
-3453
-4565
-5343
-5790
-5893
-5699
-5148
-4263
-3120
-1923
-785
288
1310
2214
2932
3398
3663
3757
3720
3560
3318
3002
2614
2169
1695
1249
823
355
-169
-723
-1233
-1681
-2080
-2432
-2723
-2878
-2869
-2678
-2321
-1830
-1226
-525
233
1047
1882
2686
3330
3794
4067
4210
4208
3994
3570
2985
2327
1623
905
196
-447
-975
-1366
-1599
-1627
-1502
-1250
-934
-556
-109
375
815
1161
1424
1620
1761
1817
1775
1645
1449
1209
926
636
333
24
-290
-584
-841
-1040
-1242
-1454
-1672
-1865
-2076
-2309
-2529
-2778
-2974
-3145
-3252
-3357
-3412
-3464
-3417
-3265
-3021
-2743
-2339
-1853
-1104
-173
861
1822
2694
3492
4229
4814
5095
5047
4743
4172
3371
2324
1084
-254
-1628
-2951
-4121
-4947
-5440
-5635
-5549
-5158
-4392
-3348
-2215
-1102
-33
1013
1941
2707
3241
3588
3766
3775
3636
3403
3113
2743
2286
1781
1282
840
379
-142
-687
-1186
-1608
-1981
-2301
-2555
-2681
-2654
-2489
-2172
-1721
-1149
-507
214
972
1737
2448
3034
3475
3780
3949
3960
3789
3435
2954
2385
1756
1086
432
-185
-696
-1090
-1335
-1431
-1380
-1213
-953
-618
-213
208
617
958
1243
1475
1640
1719
1701
1609
1452
1243
998
703
406
87
-212
-508
-761
-1003
-1215
-1441
-1665
-1848
-2041
-2238
-2513
-2751
-2961
-3057
-3172
-3297
-3432
-3497
-3448
-3320
-3138
-2907
-2573
-2102
-1376
-456
611
1597
2510
3330
4139
4805
5179
5205
4908
4404
3647
2659
1411
42
-1389
-2765
-3981
-4890
-5464
-5719
-5708
-5351
-4622
-3571
-2410
-1267
-168
894
1891
2698
3276
3635
3814
3829
3693
3467
3154
2769
2294
1778
1292
851
412
-78
-606
-1084
-1497
-1846
-2160
-2425
-2587
-2615
-2476
-2210
-1802
-1301
-671
66
878
1694
2436
3055
3524
3856
4034
4042
3853
3463
2913
2292
1623
938
252
-384
-900
-1241
-1410
-1431
-1322
-1117
-809
-432
-14
409
781
1089
1314
1494
1617
1664
1609
1470
1285
1076
856
595
311
26
-240
-470
-675
-851
-1027
-1201
-1401
-1592
-1772
-1967
-2234
-2491
-2737
-2895
-3065
-3210
-3381
-3454
-3464
-3371
-3228
-3009
-2724
-2319
-1773
-979
-14
1005
1932
2753
3558
4298
4857
5060
4946
4590
4030
3218
2146
878
-460
-1821
-3093
-4181
-4941
-5383
-5532
-5422
-4951
-4115
-3036
-1912
-833
225
1264
2185
2901
3368
3657
3777
3735
3558
3287
2946
2524
2035
1533
1069
643
198
-297
-794
-1225
-1570
-1881
-2165
-2389
-2488
-2444
-2261
-1966
-1557
-1050
-440
288
1074
1851
2521
3067
3480
3796
3961
3944
3732
3335
2816
2223
1570
889
208
-408
-906
-1242
-1403
-1432
-1335
-1137
-837
-445
-13
408
780
1092
1335
1526
1652
1676
1606
1453
1261
1037
797
524
232
-53
-302
-510
-689
-864
-1057
-1250
-1456
-1658
-1890
-2129
-2424
-2713
-2971
-3136
-3256
-3380
-3506
-3572
-3510
-3356
-3139
-2887
-2543
-2089
-1438
-572
435
1424
2297
3082
3841
4532
4967
5054
4825
4379
3721
2832
1683
378
-991
-2327
-3554
-4531
-5174
-5505
-5573
-5344
-4744
-3790
-2663
-1530
-451
609
1631
2504
3148
3558
3789
3854
3768
3547
3244
2865
2402
1874
1352
894
453
-28
-550
-1043
-1448
-1780
-2075
-2337
-2513
-2560
-2455
-2217
-1855
-1391
-807
-90
705
1518
2265
2914
3425
3804
4027
4082
3944
3594
3083
2481
1813
1100
380
-300
-856
-1253
-1465
-1538
-1460
-1266
-957
-565
-131
314
715
1060
1319
1508
1641
1690
1644
1515
1334
1131
910
662
392
130
-114
-329
-525
-706
-891
-1080
-1304
-1516
-1740
-1965
-2244
-2517
-2768
-2937
-3094
-3227
-3337
-3379
-3366
-3291
-3146
-2924
-2631
-2279
-1846
-1232
-386
576
1511
2307
3061
3803
4463
4826
4860
4630
4212
3568
2663
1510
254
-1052
-2339
-3534
-4466
-5059
-5345
-5386
-5144
-4517
-3546
-2442
-1356
-302
751
1751
2585
3178
3551
3766
3824
3712
3471
3143
2758
2300
1770
1248
787
356
-123
-634
-1109
-1485
-1792
-2070
-2326
-2474
-2477
-2335
-2085
-1721
-1254
-668
-55
695
1508
2315
2991
3489
3869
4127
4250
4092
3728
3187
2547
1826
1054
242
-477
-1106
-1559
-1860
-1899
-1769
-1496
-1139
-704
-156
405
892
1267
1559
1789
1915
1959
1870
1698
1467
1187
891
569
269
-57
-351
-628
-857
-1045
-1226
-1440
-1632
-1847
-1997
-2192
-2364
-2570
-2749
-2854
-2977
-3028
-3135
-3148
-3167
-3078
-2969
-2750
-2487
-2114
-1594
-785
163
1166
2032
2842
3643
4369
4881
5001
4870
4475
3893
3016
1876
597
-747
-2090
-3367
-4412
-5083
-5446
-5511
-5337
-4758
-3818
-2687
-1544
-475
600
1621
2488
3116
3502
3742
3797
3696
3444
3120
2755
2309
1807
1293
849
448
3
-473
-951
-1339
-1663
-1971
-2250
-2459
-2509
-2443
-2237
-1918
-1466
-894
-247
503
1302
2107
2801
3349
3748
4026
4145
4053
3722
3223
2607
1935
1189
421
-309
-937
-1405
-1717
-1818
-1755
-1530
-1210
-800
-303
232
726
1142
1464
1714
1883
1971
1933
1801
1590
1343
1057
747
413
86
-239
-528
-776
-982
-1154
-1324
-1483
-1647
-1779
-1885
-2012
-2150
-2332
-2475
-2587
-2654
-2733
-2829
-2895
-2920
-2869
-2761
-2620
-2426
-2157
-1725
-1026
-150
797
1605
2385
3135
3902
4463
4685
4614
4317
3827
3094
2090
928
-337
-1604
-2846
-3876
-4583
-4994
-5154
-5081
-4635
-3823
-2784
-1726
-723
280
1262
2135
2789
3208
3457
3552
3499
3297
3026
2696
2290
1822
1336
920
552
148
-307
-767
-1143
-1457
-1739
-2020
-2245
-2340
-2304
-2140
-1867
-1483
-962
-325
404
1186
1954
2650
3190
3598
3843
3947
3850
3535
3025
2402
1719
1007
277
-417
-997
-1410
-1633
-1686
-1560
-1308
-954
-548
-82
395
841
1196
1441
1605
1711
1738
1674
1507
1294
1055
807
549
280
25
-222
-440
-647
-813
-959
-1108
-1273
-1424
-1567
-1696
-1863
-2061
-2251
-2426
-2534
-2623
-2670
-2764
-2817
-2851
-2792
-2673
-2540
-2381
-2169
-1877
-1391
-681
166
988
1715
2426
3155
3853
4287
4411
4268
3954
3453
2699
1708
558
-648
-1852
-2985
-3882
-4491
-4834
-4959
-4806
-4282
-3429
-2422
-1434
-474
504
1453
2267
2841
3204
3402
3462
3372
3146
2852
2488
2053
1568
1099
702
326
-88
-539
-945
-1260
-1520
-1764
-1998
-2147
-2174
-2084
-1881
-1588
-1192
-723
-129
562
1278
1962
2526
3007
3370
3639
3724
3626
3325
2878
2329
1731
1067
402
-259
-803
-1220
-1448
-1511
-1450
-1264
-990
-595
-147
304
707
1043
1305
1501
1636
1685
1632
1505
1306
1092
860
606
332
38
-218
-455
-634
-828
-986
-1159
-1315
-1477
-1609
-1754
-1886
-2063
-2256
-2433
-2550
-2637
-2747
-2837
-2985
-3006
-3006
-2871
-2767
-2546
-2318
-1898
-1281
-427
482
1377
2145
2930
3691
4328
4664
4685
4463
4017
3387
2475
1363
127
-1160
-2412
-3513
-4337
-4865
-5134
-5135
-4839
-4143
-3188
-2132
-1104
-99
900
1833
2588
3111
3424
3584
3575
3443
3190
2868
2457
1978
1475
1005
596
177
-282
-739
-1141
-1454
-1716
-1953
-2151
-2256
-2228
-2083
-1818
-1471
-1024
-451
233
992
1715
2383
2925
3348
3623
3745
3700
3458
3029
2471
1830
1174
508
-145
-716
-1157
-1400
-1488
-1408
-1220
-925
-563
-148
285
688
1032
1280
1448
1554
1601
1572
1466
1294
1094
891
681
452
224
-12
-221
-406
-565
-715
-847
-993
-1134
-1291
-1423
-1582
-1740
-1939
-2171
-2384
-2533
-2650
-2748
-2880
-2987
-3022
-2955
-2820
-2674
-2454
-2190
-1758
-1162
-353
536
1401
2150
2881
3580
4208
4543
4584
4338
3931
3320
2482
1415
218
-1022
-2216
-3287
-4112
-4650
-4915
-4940
-4671
-4045
-3137
-2110
-1105
-130
833
1749
2504
3028
3346
3495
3499
3367
3116
2790
2385
1927
1431
976
579
193
-215
-635
-999
-1280
-1506
-1709
-1895
-1998
-1994
-1872
-1654
-1366
-992
-552
-15
632
1305
1952
2471
2901
3247
3517
3626
3543
3268
2857
2353
1792
1165
526
-105
-661
-1094
-1356
-1433
-1399
-1256
-1024
-672
-226
236
653
996
1294
1536
1715
1794
1773
1667
1490
1278
1034
780
501
197
-98
-347
-544
-726
-902
-1057
-1197
-1309
-1406
-1510
-1644
-1788
-1948
-2108
-2273
-2425
-2586
-2727
-2866
-2932
-2937
-2865
-2778
-2619
-2390
-2028
-1497
-769
87
967
1785
2555
3311
3984
4442
4600
4497
4184
3682
2943
1955
802
-407
-1612
-2731
-3680
-4356
-4758
-4895
-4767
-4305
-3524
-2572
-1590
-618
350
1288
2105
2709
3099
3330
3417
3360
3166
2875
2522
2116
1659
1209
805
436
42
-371
-747
-1057
-1310
-1550
-1771
-1939
-1990
-1941
-1796
-1570
-1251
-856
-382
132
785
1515
2184
2701
3079
3414
3634
3697
3494
3123
2642
2087
1439
760
66
-534
-1064
-1435
-1645
-1606
-1437
-1200
-876
-460
63
549
937
1224
1474
1667
1745
1729
1629
1455
1239
975
717
464
214
-50
-327
-530
-692
-813
-947
-1079
-1190
-1290
-1381
-1500
-1630
-1776
-1941
-2118
-2291
-2459
-2584
-2706
-2807
-2889
-2896
-2833
-2709
-2535
-2306
-1981
-1534
-905
-113
739
1527
2239
2916
3560
4051
4272
4218
3948
3504
2845
1966
921
-200
-1339
-2431
-3379
-4069
-4486
-4660
-4602
-4253
-3588
-2703
-1754
-827
83
977
1781
2411
2834
3080
3183
3156
2986
2721
2400
2028
1598
1154
756
411
72
-297
-654
-953
-1189
-1397
-1587
-1748
-1831
-1821
-1719
-1536
-1268
-932
-529
-70
445
1084
1724
2284
2685
3020
3279
3431
3376
3119
2738
2266
1710
1082
434
-176
-699
-1137
-1425
-1537
-1443
-1262
-1001
-672
-231
250
664
991
1244
1464
1602
1637
1586
1462
1295
1072
832
588
356
119
-123
-344
-509
-641
-765
-893
-1022
-1106
-1199
-1306
-1456
-1600
-1787
-1976
-2152
-2389
-2540
-2690
-2774
-2869
-2912
-2914
-2821
-2646
-2446
-2189
-1835
-1368
-697
112
928
1691
2369
3053
3658
4114
4275
4191
3925
3442
2764
1866
826
-295
-1434
-2510
-3450
-4084
-4479
-4647
-4569
-4183
-3474
-2576
-1633
-722
208
1115
1891
2495
2891
3133
3228
3159
2965
2691
2376
1988
1542
1113
734
415
77
-285
-614
-885
-1095
-1311
-1503
-1673
-1761
-1756
-1682
-1523
-1281
-953
-557
-22
622
1287
1889
2371
2786
3132
3359
3394
3245
2941
2523
2022
1456
832
224
-345
-813
-1140
-1292
-1296
-1207
-1022
-752
-374
43
424
746
1013
1238
1406
1496
1507
1438
1313
1151
972
788
594
375
155
-43
-206
-332
-461
-595
-711
-805
-894
-1003
-1138
-1320
-1523
-1735
-1959
-2191
-2428
-2601
-2734
-2830
-2886
-2895
-2830
-2717
-2555
-2322
-2037
-1692
-1317
-803
-163
579
1308
1939
2523
3077
3565
3861
3902
3739
3409
2910
2209
1313
348
-673
-1683
-2636
-3394
-3899
-4178
-4241
-4087
-3640
-2934
-2103
-1243
-398
452
1254
1928
2425
2761
2961
3007
2921
2730
2472
2162
1794
1394
997
655
341
12
-321
-639
-897
-1117
-1325
-1524
-1672
-1739
-1724
-1631
-1450
-1188
-841
-437
41
661
1309
1911
2366
2764
3086
3321
3364
3196
2897
2485
1987
1412
779
166
-391
-873
-1220
-1402
-1374
-1270
-1069
-793
-402
52
460
799
1065
1307
1475
1551
1544
1455
1325
1143
950
746
557
365
152
-39
-195
-310
-409
-538
-658
-778
-863
-975
-1103
-1295
-1508
-1743
-1989
-2237
-2461
-2659
-2810
-2902
-2932
-2922
-2851
-2733
-2555
-2299
-2019
-1688
-1323
-853
-268
421
1126
1752
2330
2868
3357
3700
3813
3714
3434
3006
2369
1563
640
-343
-1331
-2279
-3084
-3654
-3998
-4133
-4067
-3724
-3119
-2350
-1521
-701
129
936
1641
2194
2583
2833
2944
2920
2781
2563
2296
1966
1590
1201
847
522
188
-171
-517
-809
-1066
-1304
-1516
-1685
-1771
-1778
-1699
-1523
-1268
-916
-525
-66
429
1040
1687
2234
2653
2950
3205
3321
3281
3021
2650
2188
1650
1044
436
-142
-629
-1055
-1329
-1438
-1350
-1151
-926
-610
-212
254
649
949
1194
1390
1536
1569
1529
1438
1285
1103
879
680
484
304
102
-97
-235
-338
-427
-546
-669
-765
-861
-970
-1119
-1271
-1443
-1641
-1848
-2095
-2272
-2447
-2572
-2697
-2751
-2739
-2697
-2593
-2490
-2299
-2063
-1786
-1485
-1088
-558
100
780
1439
2013
2604
3134
3542
3743
3718
3545
3185
2651
1903
1025
92
-904
-1856
-2725
-3378
-3808
-4037
-4052
-3832
-3315
-2623
-1839
-1030
-216
612
1348
1948
2387
2685
2862
2888
2795
2601
2348
2047
1682
1299
934
603
278
-75
-416
-720
-963
-1197
-1412
-1585
-1685
-1700
-1649
-1510
-1290
-981
-612
-193
285
889
1485
2017
2406
2738
3009
3163
3149
2922
2616
2207
1726
1174
600
58
-421
-836
-1122
-1243
-1189
-1073
-895
-637
-286
126
470
747
984
1198
1353
1404
1405
1340
1243
1092
912
741
573
395
195
11
-132
-244
-352
-488
-610
-704
-778
-879
-1025
-1204
-1395
-1560
-1765
-1969
-2201
-2422
-2603
-2740
-2787
-2794
-2715
-2649
-2500
-2294
-2017
-1735
-1434
-1124
-712
-189
453
1063
1621
2114
2592
3049
3346
3470
3389
3168
2777
2222
1524
704
-169
-1089
-1979
-2724
-3271
-3620
-3815
-3800
-3537
-3015
-2322
-1577
-807
-20
750
1446
2005
2425
2689
2826
2817
2694
2501
2236
1892
1487
1081
724
393
57
-293
-604
-852
-1055
-1223
-1372
-1469
-1506
-1464
-1363
-1184
-951
-653
-333
128
681
1251
1735
2109
2452
2726
2917
2919
2786
2531
2178
1755
1277
764
284
-193
-574
-854
-956
-942
-873
-739
-535
-228
101
379
624
822
1004
1118
1197
1219
1178
1110
996
890
780
667
524
353
202
77
-30
-150
-293
-432
-550
-660
-784
-906
-1061
-1217
-1382
-1553
-1731
-1902
-2101
-2284
-2437
-2518
-2574
-2580
-2584
-2531
-2389
-2233
-2011
-1813
-1523
-1214
-791
-272
326
953
1528
2053
2562
3009
3340
3464
3398
3173
2795
2283
1571
753
-131
-1027
-1862
-2607
-3153
-3529
-3696
-3672
-3419
-2910
-2269
-1541
-810
-61
677
1342
1870
2247
2503
2638
2647
2552
2370
2126
1823
1473
1128
805
506
190
-122
-406
-649
-847
-1032
-1196
-1330
-1396
-1401
-1337
-1212
-1026
-777
-479
-135
295
779
1283
1722
2102
2438
2719
2898
2911
2792
2567
2259
1852
1375
856
349
-134
-553
-890
-1073
-1150
-1128
-1029
-818
-511
-163
173
476
766
1034
1240
1371
1434
1436
1382
1264
1121
945
756
530
297
80
-107
-266
-431
-590
-725
-820
-902
-978
-1074
-1170
-1276
-1390
-1498
-1655
-1822
-2014
-2159
-2317
-2425
-2520
-2544
-2523
-2458
-2342
-2176
-1935
-1687
-1381
-1043
-583
-24
598
1165
1684
2180
2659
3051
3253
3288
3160
2916
2490
1909
1191
396
-434
-1283
-2063
-2693
-3130
-3417
-3536
-3445
-3113
-2574
-1959
-1300
-608
113
791
1372
1825
2159
2385
2490
2476
2363
2200
1970
1681
1351
1038
748
461
154
-159
-418
-645
-847
-1046
-1213
-1323
-1372
-1364
-1303
-1165
-953
-663
-319
110
612
1135
1598
1981
2308
2577
2745
2759
2627
2402
2097
1707
1252
769
300
-129
-505
-779
-936
-968
-931
-820
-635
-366
-51
233
500
735
959
1127
1232
1278
1275
1225
1132
998
852
687
509
312
127
-30
-176
-312
-442
-553
-627
-687
-736
-801
-868
-970
-1088
-1222
-1364
-1518
-1698
-1890
-2092
-2242
-2366
-2441
-2501
-2499
-2448
-2319
-2169
-1980
-1762
-1492
-1180
-786
-312
240
818
1344
1843
2304
2741
3056
3183
3141
2963
2670
2205
1577
836
46
-748
-1535
-2235
-2778
-3149
-3350
-3389
-3209
-2808
-2263
-1644
-1004
-329
359
989
1495
1869
2152
2329
2395
2348
2223
2040
1803
1521
1222
940
674
398
109
-175
-420
-627
-826
-1023
-1179
-1279
-1313
-1293
-1209
-1065
-841
-566
-192
301
830
1331
1731
2104
2426
2682
2771
2709
2529
2258
1904
1471
987
500
32
-383
-705
-884
-929
-911
-819
-644
-364
-38
262
522
749
958
1115
1210
1255
1235
1171
1064
931
792
644
478
293
119
-16
-120
-219
-335
-436
-502
-556
-607
-663
-737
-825
-932
-1059
-1221
-1408
-1612
-1810
-1991
-2150
-2246
-2345
-2396
-2431
-2365
-2253
-2088
-1930
-1740
-1503
-1213
-873
-471
20
549
1074
1553
2030
2459
2837
3032
3073
2970
2763
2410
1874
1200
457
-307
-1073
-1804
-2409
-2869
-3154
-3283
-3217
-2936
-2477
-1918
-1313
-663
27
686
1243
1682
2010
2250
2380
2392
2304
2152
1938
1675
1384
1092
807
523
231
-49
-295
-510
-710
-891
-1060
-1169
-1218
-1213
-1165
-1062
-894
-662
-381
-31
423
901
1350
1710
2042
2326
2545
2609
2534
2359
2109
1778
1364
919
471
61
-314
-601
-773
-820
-804
-729
-575
-333
-42
222
450
656
855
1010
1094
1131
1119
1075
985
873
749
629
484
323
165
41
-67
-182
-306
-414
-486
-548
-618
-710
-805
-921
-1030
-1160
-1283
-1439
-1606
-1771
-1939
-2070
-2172
-2229
-2242
-2247
-2189
-2103
-1937
-1764
-1585
-1379
-1144
-833
-463
-17
472
959
1410
1837
2248
2610
2814
2878
2774
2577
2253
1771
1150
442
-282
-1014
-1696
-2276
-2717
-2997
-3129
-3072
-2816
-2382
-1845
-1262
-651
-14
611
1148
1567
1871
2080
2186
2187
2096
1944
1734
1482
1208
944
700
465
221
-17
-220
-394
-554
-713
-869
-978
-1046
-1067
-1055
-989
-876
-698
-471
-174
233
672
1092
1439
1774
2070
2309
2409
2380
2251
2055
1775
1423
1016
604
209
-151
-444
-635
-711
-738
-694
-582
-377
-125
110
318
517
717
873
973
1029
1032
1001
934
841
738
620
487
329
173
57
-47
-146
-265
-364
-440
-499
-563
-646
-729
-828
-930
-1056
-1203
-1355
-1528
-1694
-1846
-1965
-2024
-2093
-2129
-2178
-2141
-2054
-1911
-1768
-1627
-1461
-1245
-977
-654
-265
166
638
1077
1523
1930
2325
2584
2699
2677
2554
2324
1932
1392
748
75
-606
-1274
-1877
-2365
-2712
-2914
-2941
-2788
-2455
-2010
-1493
-940
-346
259
795
1229
1548
1790
1942
1997
1954
1839
1675
1479
1256
1029
817
612
406
193
7
-161
-324
-494
-672
-822
-936
-1007
-1046
-1049
-990
-868
-678
-449
-125
280
711
1106
1452
1788
2069
2273
2320
2278
2144
1942
1640
1275
879
492
123
-202
-466
-627
-688
-702
-646
-516
-299
-73
133
333
525
709
829
908
942
941
912
839
750
650
553
434
307
189
96
4
-105
-217
-316
-397
-479
-575
-682
-788
-902
-1003
-1115
-1229
-1359
-1496
-1614
-1717
-1764
-1800
-1818
-1832
-1823
-1800
-1757
-1703
-1630
-1551
-1448
-1344
-1184
-974
-653
-251
202
653
1098
1559
1999
2368
2589
2668
2627
2469
2154
1693
1111
459
-245
-940
-1587
-2116
-2512
-2780
-2892
-2823
-2549
-2140
-1657
-1126
-565
26
565
1018
1365
1621
1788
1859
1846
1766
1648
1485
1285
1088
912
746
569
374
195
28
-136
-315
-502
-685
-839
-960
-1049
-1084
-1069
-994
-837
-606
-315
38
438
850
1228
1567
1851
2060
2170
2165
2081
1916
1684
1379
1039
692
366
72
-177
-370
-489
-531
-524
-465
-357
-203
-42
115
260
415
560
670
751
809
849
866
855
811
751
671
571
454
333
211
84
-50
-185
-301
-407
-506
-600
-682
-762
-852
-941
-1045
-1129
-1237
-1349
-1461
-1549
-1616
-1644
-1657
-1651
-1652
-1633
-1595
-1541
-1461
-1399
-1314
-1232
-1112
-958
-750
-470
-138
247
638
1027
1427
1785
2080
2255
2321
2275
2124
1837
1417
903
339
-267
-864
-1421
-1878
-2215
-2434
-2510
-2426
-2181
-1820
-1384
-910
-397
119
582
971
1271
1494
1630
1677
1654
1578
1462
1315
1144
977
823
676
528
367
215
73
-75
-236
-405
-569
-710
-822
-905
-945
-930
-858
-719
-527
-259
68
430
816
1174
1517
1798
2028
2150
2187
2126
1971
1743
1439
1095
728
368
23
-270
-492
-628
-702
-692
-619
-475
-282
-77
142
356
559
735
866
966
1016
1038
1004
946
856
741
608
460
311
159
14
-122
-251
-368
-460
-536
-597
-638
-670
-708
-757
-819
-885
-965
-1046
-1160
-1259
-1391
-1480
-1574
-1626
-1664
-1688
-1694
-1670
-1605
-1517
-1425
-1335
-1226
-1081
-886
-659
-363
-29
346
710
1064
1416
1740
1996
2127
2155
2101
1940
1667
1252
770
236
-303
-844
-1351
-1767
-2075
-2267
-2337
-2263
-2037
-1709
-1317
-887
-421
62
501
868
1155
1377
1530
1599
1597
1535
1435
1299
1145
980
815
665
495
322
156
0
-153
-319
-483
-630
-743
-828
-878
-893
-857
-766
-615
-426
-157
177
538
868
1155
1445
1695
1870
1926
1900
1801
1645
1426
1147
841
533
236
-34
-253
-387
-460
-493
-482
-402
-256
-92
58
205
357
519
643
729
790
825
837
803
762
696
608
499
371
250
143
41
-78
-189
-281
-353
-403
-463
-505
-561
-607
-652
-692
-762
-852
-952
-1056
-1158
-1281
-1384
-1468
-1531
-1576
-1589
-1554
-1517
-1473
-1458
-1381
-1300
-1184
-1121
-1032
-911
-720
-473
-186
147
472
815
1138
1472
1744
1930
1993
1952
1825
1609
1280
846
347
-179
-691
-1157
-1565
-1870
-2078
-2163
-2120
-1923
-1625
-1258
-863
-442
-3
411
771
1040
1240
1370
1433
1431
1383
1295
1170
1025
878
748
621
485
332
191
59
-76
-214
-363
-499
-629
-724
-788
-804
-785
-722
-613
-445
-219
56
391
706
1020
1277
1519
1702
1819
1830
1751
1613
1417
1172
881
581
284
22
-203
-360
-455
-477
-455
-384
-255
-90
99
261
413
554
681
774
815
831
811
771
697
607
507
395
283
163
63
-24
-99
-178
-238
-279
-303
-334
-365
-397
-437
-482
-548
-630
-748
-868
-1017
-1156
-1302
-1419
-1511
-1571
-1603
-1606
-1564
-1496
-1411
-1322
-1219
-1129
-1040
-959
-874
-776
-657
-504
-306
-53
228
524
808
1097
1375
1600
1740
1781
1754
1618
1391
1057
650
199
-273
-744
-1180
-1531
-1781
-1932
-1982
-1902
-1693
-1390
-1036
-650
-238
169
540
840
1075
1245
1341
1363
1328
1249
1137
1003
851
704
573
454
330
208
91
-15
-119
-232
-343
-447
-536
-608
-657
-674
-653
-589
-488
-346
-155
76
337
598
854
1099
1314
1487
1592
1630
1607
1527
1372
1174
936
689
435
191
-23
-186
-300
-364
-379
-344
-253
-123
12
151
296
438
549
633
687
719
712
685
629
565
489
396
302
209
132
50
-21
-94
-144
-191
-232
-276
-316
-355
-403
-464
-533
-615
-701
-804
-918
-1034
-1151
-1246
-1343
-1424
-1482
-1490
-1479
-1451
-1422
-1379
-1315
-1243
-1178
-1115
-1050
-958
-846
-704
-505
-253
43
341
637
939
1246
1515
1689
1766
1772
1693
1519
1228
853
425
-29
-495
-941
-1327
-1626
-1828
-1938
-1931
-1793
-1548
-1237
-894
-510
-105
281
606
867
1071
1217
1297
1306
1263
1188
1089
965
827
696
579
459
331
206
93
-14
-134
-260
-385
-491
-581
-651
-700
-710
-675
-606
-490
-343
-137
96
354
611
873
1122
1331
1477
1571
1616
1592
1500
1349
1158
935
700
448
218
14
-148
-272
-347
-368
-337
-269
-178
-64
75
215
351
462
568
645
701
727
725
708
663
605
531
450
359
271
173
91
10
-63
-137
-203
-268
-314
-361
-416
-477
-550
-620
-696
-769
-858
-957
-1053
-1152
-1243
-1299
-1345
-1339
-1328
-1279
-1226
-1148
-1077
-1019
-957
-904
-848
-811
-765
-708
-596
-448
-244
-17
248
510
802
1072
1315
1497
1596
1621
1560
1408
1165
836
454
31
-388
-796
-1140
-1425
-1625
-1721
-1707
-1574
-1360
-1074
-744
-389
-21
324
626
865
1044
1168
1220
1221
1178
1102
998
877
757
646
540
438
323
225
130
29
-82
-196
-309
-414
-507
-582
-626
-638
-613
-553
-446
-301
-106
116
368
611
855
1079
1275
1416
1502
1540
1513
1430
1288
1108
897
673
438
219
28
-124
-237
-311
-333
-307
-242
-149
-38
91
232
367
482
589
669
729
760
763
746
709
645
561
475
376
277
177
78
-11
-91
-154
-216
-255
-290
-313
-353
-401
-462
-521
-585
-662
-753
-858
-956
-1054
-1147
-1232
-1294
-1323
-1323
-1305
-1256
-1205
-1140
-1080
-1005
-945
-878
-836
-777
-723
-628
-515
-354
-164
54
287
535
792
1024
1222
1354
1421
1417
1345
1188
942
635
289
-83
-448
-796
-1089
-1323
-1473
-1536
-1495
-1367
-1157
-905
-610
-295
27
323
572
769
915
1011
1053
1048
1007
939
847
750
655
562
471
380
290
203
117
29
-73
-179
-280
-378
-462
-527
-569
-578
-555
-492
-388
-253
-86
110
331
559
775
973
1141
1277
1362
1404
1384
1318
1198
1047
857
655
446
246
62
-89
-199
-263
-290
-276
-218
-125
-5
126
256
386
506
606
682
736
762
759
731
685
619
543
451
356
261
173
88
5
-62
-121
-168
-217
-254
-278
-310
-350
-395
-448
-502
-573
-636
-707
-793
-886
-977
-1054
-1113
-1153
-1190
-1191
-1183
-1130
-1084
-1013
-964
-898
-849
-796
-757
-711
-662
-604
-524
-417
-267
-89
102
310
527
737
919
1076
1173
1209
1182
1095
942
723
465
163
-136
-434
-698
-926
-1090
-1190
-1218
-1173
-1062
-890
-679
-445
-203
38
265
452
599
713
789
825
825
802
766
710
651
587
520
459
393
320
239
160
73
-19
-122
-219
-306
-380
-438
-466
-471
-445
-385
-286
-148
14
206
401
600
781
950
1081
1175
1224
1227
1190
1103
980
828
661
478
307
153
26
-65
-124
-143
-131
-86
-12
77
178
279
377
461
536
588
620
625
610
583
537
490
425
359
286
224
163
108
52
5
-41
-71
-103
-139
-171
-204
-246
-304
-374
-456
-534
-609
-696
-787
-884
-970
-1051
-1108
-1149
-1157
-1145
-1138
-1114
-1073
-998
-932
-885
-863
-817
-789
-744
-736
-688
-643
-552
-447
-301
-117
101
317
522
730
933
1095
1188
1203
1165
1075
921
687
406
109
-192
-497
-773
-985
-1141
-1222
-1252
-1192
-1062
-867
-658
-427
-189
54
282
462
599
694
759
786
777
748
708
655
589
526
476
428
376
313
243
177
105
22
-74
-169
-259
-337
-396
-444
-462
-449
-406
-321
-201
-45
126
317
515
705
880
1020
1121
1185
1213
1184
1123
1012
879
717
546
375
217
88
-19
-89
-122
-122
-83
-20
59
151
251
348
434
512
561
595
607
600
573
530
473
412
351
285
215
156
96
43
-2
-43
-67
-99
-132
-168
-202
-230
-266
-311
-367
-426
-490
-559
-617
-684
-762
-828
-883
-919
-946
-961
-974
-974
-963
-954
-927
-904
-870
-843
-821
-795
-770
-728
-690
-629
-535
-423
-286
-139
41
237
434
606
762
895
995
1029
1019
948
839
674
466
233
-7
-235
-471
-672
-832
-934
-976
-983
-932
-836
-689
-524
-344
-150
32
210
362
498
607
688
743
768
778
775
753
720
666
604
537
453
363
257
144
32
-83
-193
-291
-374
-438
-468
-476
-446
-387
-279
-148
12
192
386
584
764
921
1047
1151
1204
1216
1177
1104
996
863
700
534
376
236
113
14
-46
-75
-72
-50
-2
74
155
223
289
361
424
465
485
501
500
490
465
432
400
360
316
271
222
181
132
78
30
-16
-62
-108
-152
-196
-236
-283
-329
-383
-441
-500
-570
-627
-689
-748
-816
-879
-931
-970
-1000
-1011
-1012
-999
-970
-923
-881
-829
-789
-740
-701
-657
-625
-585
-539
-478
-410
-325
-223
-101
29
168
314
447
573
662
719
745
727
664
559
418
252
69
-118
-305
-472
-614
-714
-779
-792
-763
-692
-595
-475
-332
-171
-24
112
235
338
423
481
519
541
544
534
517
498
469
434
395
351
304
248
185
110
40
-32
-105
-167
-215
-253
-273
-275
-230
-162
-71
41
175
328
477
613
726
822
895
935
940
917
866
791
682
568
454
350
253
164
106
71
58
57
73
110
159
209
257
306
351
392
418
433
436
433
420
396
362
332
300
257
212
175
136
103
67
40
10
-15
-43
-74
-94
-118
-142
-188
-240
-301
-370
-435
-503
-573
-648
-728
-798
-855
-902
-946
-977
-1006
-1011
-1002
-960
-926
-880
-843
-801
-743
-704
-650
-616
-568
-527
-464
-394
-308
-216
-118
-12
116
251
383
485
566
624
662
664
626
547
439
300
148
-19
-175
-327
-463
-577
-654
-678
-674
-631
-570
-472
-346
-212
-72
56
179
287
379
450
505
540
551
545
531
512
487
452
401
354
306
258
205
148
87
28
-28
-76
-116
-149
-162
-158
-125
-73
1
102
220
346
466
577
675
758
809
833
830
796
743
669
581
490
397
313
247
202
179
171
175
192
226
268
305
337
365
384
392
394
388
376
353
327
303
286
272
256
240
224
214
198
189
168
149
129
97
69
35
2
-36
-78
-133
-176
-224
-274
-336
-400
-468
-528
-586
-647
-689
-742
-789
-828
-851
-856
-869
-865
-865
-843
-831
-803
-779
-747
-725
-704
-677
-646
-602
-554
-496
-435
-348
-252
-143
-39
77
195
311
410
491
544
570
566
531
471
389
277
154
9
-121
-243
-349
-436
-509
-544
-549
-520
-469
-400
-310
-208
-103
4
103
199
279
340
392
431
461
471
467
451
436
420
388
355
312
271
226
175
129
77
29
-21
-60
-93
-103
-94
-61
-16
39
131
227
333
426
515
599
668
714
738
736
717
667
603
527
459
388
318
256
226
215
212
219
234
264
295
317
330
339
343
333
308
287
266
244
215
191
181
179
179
178
178
183
190
187
174
157
137
118
87
53
24
-15
-57
-104
-158
-210
-269
-335
-413
-485
-556
-623
-698
-765
-830
-884
-927
-953
-961
-959
-934
-914
-866
-820
-759
-707
-652
-608
-558
-518
-477
-442
-413
-369
-329
-275
-223
-163
-88
-25
51
123
192
255
301
324
337
326
300
258
186
116
25
-60
-146
-229
-297
-347
-376
-387
-375
-336
-286
-219
-145
-57
33
119
201
271
329
384
419
437
446
441
430
408
374
343
309
273
232
196
166
134
109
92
83
87
96
102
119
147
184
216
247
281
308
338
358
377
393
401
407
401
397
396
395
382
370
358
356
351
336
328
319
312
300
283
269
254
232
211
186
174
163
152
140
136
144
149
158
171
181
200
210
216
223
214
202
182
150
114
71
25
-25
-86
-145
-198
-256
-309
-368
-406
-439
-465
-498
-537
-553
-582
-606
-641
-666
-696
-714
-735
-743
-748
-737
-720
-704
-672
-636
-595
-550
-514
-467
-424
-380
-344
-306
-267
-226
-197
-161
-120
-83
-38
-8
35
70
107
127
141
150
150
135
109
76
40
0
-49
-102
-146
-181
-204
-225
-233
-230
-206
-173
-139
-87
-27
36
101
164
226
281
324
358
382
397
401
389
371
336
300
258
219
189
167
153
137
130
132
153
176
198
215
235
259
279
298
321
337
355
364
364
375
379
377
364
347
340
330
316
299
283
271
257
243
236
232
225
217
210
207
207
201
193
185
179
177
174
171
157
152
142
134
123
107
93
70
47
25
-3
-27
-54
-89
-123
-154
-184
-219
-253
-279
-309
-338
-374
-408
-443
-482
-527
-579
-618
-638
-660
-676
-689
-687
-668
-653
-634
-606
-572
-533
-511
-488
-458
-443
-418
-413
-398
-375
-353
-331
-311
-280
-238
-205
-160
-121
-81
-38
-12
14
35
49
59
44
33
19
3
-9
-33
-50
-68
-82
-83
-91
-92
-84
-76
-60
-51
-34
-10
9
35
54
83
123
154
184
214
251
284
308
326
343
353
358
350
335
322
300
279
253
233
213
192
175
167
172
187
213
235
269
307
342
370
388
404
409
405
390
369
342
319
292
261
232
214
203
198
194
197
209
221
226
235
246
254
245
237
226
212
190
161
132
105
78
50
24
-2
-19
-28
-40
-49
-57
-55
-62
-71
-81
-101
-121
-149
-182
-222
-257
-301
-346
-383
-421
-458
-489
-516
-539
-567
-577
-589
-595
-586
-582
-566
-547
-527
-500
-480
-457
-430
-418
-389
-375
-361
-346
-340
-324
-306
-297
-275
-260
-236
-219
-201
-179
-168
-145
-128
-117
-106
-96
-89
-86
-84
-76
-76
-63
-61
-55
-45
-32
-23
-7
-2
13
23
26
37
46
54
57
62
73
90
105
126
145
167
193
213
239
257
271
284
291
290
286
281
279
278
279
281
286
299
313
329
345
357
367
371
369
365
351
340
323
300
283
262
248
231
220
214
209
211
208
210
213
213
216
214
212
210
203
197
185
177
168
152
132
117
96
77
56
36
22
0
-19
-35
-49
-63
-75
-89
-104
-124
-144
-165
-193
-218
-253
-281
-307
-334
-355
-373
-382
-391
-395
-410
-402
-390
-392
-399
-391
-396
-395
-399
-415
-421
-439
-441
-438
-433
-445
-431
-416
-407
-393
-363
-332
-308
-278
-247
-231
-201
-182
-185
-180
-173
-165
-165
-173
-173
-169
-166
-170
-158
-136
-125
-112
-90
-74
-54
-37
-25
-4
11
28
48
62
79
99
122
142
160
190
216
237
262
284
301
313
323
323
317
315
307
295
280
268
260
257
249
249
254
257
265
272
280
288
295
302
305
308
309
304
297
293
285
280
275
266
256
246
238
226
216
202
192
179
166
156
143
132
121
111
102
94
90
83
73
65
55
41
24
10
-11
-28
-48
-67
-79
-96
-115
-132
-151
-165
-179
-188
-197
-203
-207
-219
-232
-240
-250
-259
-263
-273
-289
-302
-305
-317
-337
-342
-344
-350
-349
-359
-349
-346
-345
-330
-327
-313
-308
-299
-286
-283
-273
-257
-252
-236
-238
-225
-218
-214
-200
-199
-193
-191
-191
-180
-188
-182
-175
-178
-173
-178
-172
-171
-181
-174
-167
-162
-153
-142
-113
-95
-69
-38
-6
36
66
100
137
168
203
222
237
258
267
275
274
275
277
267
253
243
236
226
216
217
212
211
214
216
225
232
238
249
261
269
276
283
291
293
297
298
294
294
289
278
271
265
254
250
241
237
226
216
207
199
191
178
170
158
150
133
120
113
100
89
80
66
57
48
41
33
22
10
0
-10
-27
-39
-59
-65
-82
-95
-113
-131
-144
-160
-172
-187
-197
-209
-219
-231
-234
-240
-249
-252
-254
-249
-251
-248
-248
-249
-220
-182
-133
-72
-13
38
66
74
83
51
10
-42
-103
-168
-253
-304
-339
-385
-407
-415
-374
-326
-286
-224
-178
-125
-84
-68
-48
-51
-55
-81
-130
-153
-186
-220
-260
-276
-264
-254
-243
-214
-166
-119
-85
-47
-1
25
47
67
81
85
78
74
67
57
49
41
42
46
57
65
77
99
117
137
151
175
193
201
206
214
222
216
214
220
220
216
212
212
209
210
209
206
206
201
205
197
193
194
196
199
200
205
209
215
214
215
215
206
201
194
179
169
158
143
120
107
94
79
66
54
51
44
44
41
40
41
35
36
35
33
30
24
9
-1
-15
-30
-48
-65
-74
-87
-94
-101
-105
-110
-110
-109
-112
-117
-121
-119
-120
-126
-131
-135
-138
-138
-139
-143
-143
-142
-142
-145
-150
-153
-161
-162
-172
-177
-180
-184
-189
-188
-183
-180
-177
-170
-160
-163
-164
-162
-165
-169
-174
-172
-178
-184
-189
-195
-196
-198
-196
-190
-185
-171
-167
-159
-156
-149
-138
-135
-125
-115
-110
-104
-96
-90
-80
-70
-60
-49
-37
-24
-20
-6
-4
5
13
14
23
24
33
35
43
51
58
66
75
84
91
101
110
113
119
120
122
123
119
120
122
128
128
134
140
145
153
158
165
166
165
167
164
157
155
149
140
127
120
115
104
96
92
85
84
82
83
82
81
86
84
87
84
80
77
72
69
59
54
49
37
28
18
6
-1
-10
-20
-26
-30
-35
-46
-46
-47
-48
-47
-46
-46
-49
-50
-52
-60
-67
-72
-77
-82
-90
-97
-105
-111
-109
-113
-117
-119
-120
-118
-124
-128
-130
-134
-133
-139
-140
-139
-141
-138
-135
-131
-125
-121
-117
-114
-114
-114
-118
-125
-128
-135
-140
-145
-149
-151
-150
-148
-147
-140
-132
-125
-120
-114
-108
-102
-97
-97
-97
-91
-89
-89
-91
-87
-85
-82
-79
-75
-63
-56
-45
-32
-21
-9
5
19
31
34
43
44
46
47
37
41
36
30
30
33
38
42
52
57
63
73
84
94
98
101
108
108
107
104
98
96
90
85
80
79
78
84
86
88
91
92
95
95
94
93
94
85
81
74
62
58
50
45
42
40
38
36
38
40
39
40
41
39
38
33
36
30
26
22
11
9
6
-3
-10
-20
-23
-25
-34
-38
-41
-42
-41
-42
-41
-43
-43
-47
-47
-50
-55
-59
-66
-71
-75
-82
-88
-88
-87
-86
-86
-80
-77
-73
-71
-72
-69
-75
-75
-81
-87
-92
-101
-104
-108
-111
-116
-116
-113
-109
-107
-100
-94
-87
-81
-78
-73
-73
-72
-74
-78
-79
-83
-90
-95
-99
-102
-106
-104
-103
-106
-98
-97
-91
-82
-75
-70
-69
-57
-52
-46
-44
-43
-40
-41
-36
-37
-36
-35
-34
-33
-33
-31
-29
-31
-29
-32
-31
-32
-30
-26
-29
-26
-26
-26
-23
-21
-15
-9
-9
-4
0
5
9
10
7
10
7
6
7
1
-3
-8
-8
-11
-13
-15
-17
-16
-16
-13
-12
-13
-15
-13
-9
-10
-4
-9
-6
-5
-8
-4
-2
-4
-2
2
-3
-3
-7
-9
-11
-15
-15
-21
-25
-32
-34
-38
-41
-40
-43
-43
-43
-46
-47
-52
-55
-58
-58
-52
-54
-52
-47
-45
-44
-39
-39
-39
-38
-37
-39
-46
-50
-59
-63
-68
-71
-75
-78
-76
-74
-75
-74
-72
-72
-74
-69
-68
-67
-66
-66
-65
-67
-68
-71
-73
-72
-72
-67
-64
-67
-63
-61
-56
-56
-57
-51
-49
-48
-49
-46
-47
-47
-44
-46
-46
-50
-49
-50
-51
-49
-53
-51
-48
-48
-49
-48
-51
-48
-47
-41
-39
-38
-34
-36
-32
-29
-24
-26
-22
-22
-21
-19
-19
-14
-16
-20
-17
-19
-21
-12
-15
-15
-16
-16
-12
-13
-9
-9
-10
-12
-9
-11
-6
-6
-5
-3
-1
2
2
6
9
8
11
15
12
12
10
13
10
10
7
5
3
-2
-4
-7
-11
-14
-19
-21
-20
-22
-20
-22
-15
-15
-13
-6
-5
-2
0
0
-4
-1
-1
-3
-8
-10
-16
-21
-22
-27
-26
-34
-37
-35
-37
-41
-40
-40
-40
-37
-34
-32
-27
-27
-25
-22
-22
-22
-17
-18
-21
-20
-24
-25
-28
-33
-32
-31
-29
-25
-28
-25
-24
-25
-24
-22
-22
-22
-23
-21
-23
-22
-24
-21
-21
-22
-20
-23
-21
-21
-22
-23
-24
-21
-23
-25
-28
-30
-31
-35
-36
-35
-33
-34
-33
-35
-34
-32
-29
-28
-26
-24
-24
-20
-21
-21
-20
-20
-19
-18
-17
-16
-15
-14
-13
-14
-13
-14
-14
-16
-18
-17
-19
-18
-18
-15
-14
-18
-15
-14
-15
-11
-8
-4
-4
-2
-2
-2
1
-3
-4
-3
-6
-7
-5
-8
-14
-16
-14
-15
-14
-14
-13
-9
-7
-6
-6
-4
-4
-4
-3
-4
-5
-4
-4
-4
-7
-6
-6
-10
-10
-13
-13
-13
-12
-13
-12
-11
-11
-7
-10
-11
-17
-16
-14
-12
-15
-17
-17
-16
-14
-10
-11
-9
-4
-3
-1
-1
0
-2
1
1
2
-3
-5
-4
-7
-6
-7
-11
-13
-13
-9
-9
-6
-5
-4
-2
-1
0
-1
0
5
4
-1
1
-3
-3
-4
-8
-8
-13
-15
-17
-18
-14
-11
-10
-12
-8
-4
-4
-5
-1
2
5
5
4
6
7
8
7
5
5
4
3
5
3
3
5
1
4
4
3
6
6
6
7
7
7
9
5
6
5
5
2
-3
-4
1
2
0
0
0
-1
0
-5
-4
-1
-5
-2
1
2
1
0
1
0
-2
-3
0
-6
-2
-4
-8
-4
-6
-4
-4
-1
-5
-7
-9
-9
-12
-12
-12
-13
-13
-14
-16
-14
-13
-12
-15
-14
-11
-15
-14
-12
-8
-7
-7
-5
-4
-5
-4
-6
-5
-5
-10
-12
-10
-9
-11
-12
-13
-15
-16
-11
-12
-9
-9
-10
-3
-1
-3
0
2
4
2
4
4
2
5
1
-1
0
-4
-2
1
5
5
3
5
4
6
5
9
9
13
16
15
17
15
15
17
19
20
21
25
26
27
30
30
31
35
33
37
34
36
40
37
38
36
34
35
34
31
32
32
32
31
31
34
36
38
37
39
39
38
40
43
45
40
39
40
39
38
39
40
38
41
39
36
35
39
38
37
40
38
38
38
36
36
35
33
41
37
33
36
30
30
31
31
31
30
31
33
32
33
34
32
30
28
26
25
21
18
20
20
22
21
22
25
26
26
28
27
23
25
23
22
20
20
22
19
20
18
20
23
20
23
22
24
23
22
22
20
21
22
19
15
14
8
13
9
7
9
10
10
11
14
14
17
19
20
22
19
17
18
19
17
16
14
12
14
10
10
8
7
4
2
3
-1
2
2
4
6
5
6
6
11
13
15
15
14
16
13
13
14
9
4
4
1
-1
-3
-5
-8
-8
-8
-12
-11
-11
-12
-11
-11
-10
-9
-10
-9
-6
-9
-7
-7
-8
-8
-5
-6
-7
-7
-8
-11
-10
-15
-20
-22
-25
-27
-27
-30
-33
-36
-37
-35
-35
-37
-31
-31
-30
-25
-24
-21
-20
-21
-20
-25
-31
-30
-31
-37
-33
-34
-33
-30
-35
-29
-32
-29
-28
-28
-25
-26
-27
-31
-30
-33
-33
-32
-34
-32
-36
-36
-32
-33
-33
-29
-28
-27
-26
-25
-25
-25
-28
-28
-32
-35
-38
-36
-42
-40
-36
-39
-35
-33
-31
-31
-27
-25
-25
-20
-20
-19
-17
-17
-19
-22
-23
-25
-26
-25
-25
-26
-25
-25
-25
-23
-25
-23
-18
-18
-16
-21
-20
-15
-19
-16
-14
-15
-12
-14
-10
-12
-11
-12
-11
-6
-13
-11
-12
-11
-9
-10
-13
-15
-16
-17
-16
-16
-16
-14
-12
-12
-11
-11
-8
-5
-4
-3
-4
-3
-3
-4
-2
-2
-3
-6
-9
-10
-13
-12
-16
-15
-13
-14
-16
-13
-12
-13
-13
-11
-8
-9
-6
-9
-7
-5
-6
-5
-6
-8
-10
-10
-11
-9
-8
-7
-5
-5
-4
-7
-9
-8
-8
-7
-7
-4
-2
-6
-7
-7
-9
-12
-10
-13
-13
-13
-12
-12
-14
-11
-11
-13
-9
-11
-7
-4
-8
-8
-5
-3
-8
-8
-6
-10
-10
-10
-13
-12
-13
-13
-14
-12
-13
-12
-8
-6
-5
-7
-9
-10
-11
-15
-16
-16
-20
-18
-18
-20
-20
-18
-17
-23
-25
-21
-20
-17
-17
-17
-16
-21
-19
-17
-20
-19
-22
-21
-22
-30
-29
-32
-32
-33
-32
-29
-32
-29
-29
-29
-31
-32
-34
-35
-34
-38
-37
-37
-37
-39
-41
-41
-42
-42
-43
-42
-46
-47
-47
-46
-46
-49
-46
-48
-50
-50
-50
-51
-51
-55
-56
-54
-60
-61
-60
-61
-62
-60
-61
-62
-61
-61
-61
-58
-58
-60
-59
-58
-56
-56
-57
-54
-57
-58
-59
-61
-59
-63
-63
-63
-65
-64
-65
-65
-63
-64
-66
-67
-67
-69
-65
-64
-65
-65
-62
-59
-60
-61
-60
-53
-55
-55
-53
-49
-45
-51
-52
-53
-57
-58
-61
-57
-59
-60
-59
-60
-61
-57
-55
-55
-51
-52
-48
-48
-47
-46
-51
-50
-48
-46
-45
-46
-45
-49
-47
-49
-49
-47
-49
-47
-50
-44
-45
-41
-36
-34
-31
-33
-32
-32
-35
-34
-35
-37
-32
-33
-38
-39
-33
-36
-38
-36
-35
-35
-31
-34
-34
-31
-34
-34
-34
-36
-42
-43
-42
-42
-42
-37
-42
-41
-40
-36
-31
-30
-28
-27
-23
-24
-26
-27
-29
-31
-35
-39
-41
-43
-44
-43
-46
-41
-43
-43
-37
-38
-35
-33
-35
-32
-31
-32
-32
-32
-32
-33
-32
-34
-33
-34
-33
-34
-36
-35
-36
-37
-35
-36
-38
-34
-39
-35
-31
-34
-32
-33
-29
-30
-31
-30
-28
-28
-27
-27
-28
-28
-27
-25
-26
-25
-25
-27
-27
-28
-30
-29
-31
-27
-27
-22
-23
-28
-23
-24
-26
-26
-31
-30
-28
-29
-29
-28
-27
-25
-28
-27
-27
-27
-26
-28
-25
-27
-26
-24
-23
-21
-19
-17
-12
-15
-14
-11
-11
-10
-10
-13
-12
-11
-10
-7
-10
-11
-13
-12
-11
-12
-12
-11
-11
-9
-8
-6
-7
-4
-5
-9
-9
-3
-1
-5
-2
-4
-2
-2
1
2
-1
0
-1
-2
0
0
-2
-4
-4
-5
-7
-5
-4
-4
-5
-4
-6
-7
-3
1
-1
1
2
3
6
4
4
1
3
2
1
3
1
1
-2
-3
-4
-4
-6
-6
-9
-4
-3
-2
0
0
0
-1
1
0
-3
1
2
1
2
0
-4
-5
-4
-6
-5
-5
-4
-7
-6
-5
-6
-5
-6
-3
-4
-3
1
-3
-3
-3
-2
-3
-2
-6
-6
-6
-11
-9
-10
-10
-8
-6
-10
-10
-9
-8
-8
-14
-9
-6
-9
-9
-6
-3
-1
2
-1
0
0
2
4
1
4
5
7
6
4
6
5
3
2
2
3
-1
-1
-3
-5
-5
-3
-6
-6
-3
-2
0
4
4
2
2
1
1
5
4
3
2
0
-1
1
0
0
1
2
3
4
8
7
7
6
1
3
4
0
-3
-6
-8
-6
-5
-6
-3
-5
-3
-1
1
4
6
5
9
10
6
7
6
4
2
4
3
4
1
2
4
5
6
4
4
2
3
2
4
2
0
0
-3
-5
-6
-3
-3
-3
-3
-3
-3
-3
-1
1
4
1
4
3
3
5
1
0
-2
-2
-6
-7
-7
-9
-9
-9
-6
-7
-7
-3
-5
-3
-2
-2
0
-2
-3
-4
-2
-3
-3
-3
-4
-4
-3
3
-1
0
1
2
1
1
1
2
-1
0
6
3
-1
1
4
0
0
-3
-5
-3
-2
-1
-2
-2
-2
-4
-5
-8
-8
-8
-13
-14
-13
-13
-11
-11
-8
-6
-4
-1
-1
0
-2
-1
1
2
2
3
2
1
-2
-3
-1
-3
-6
-9
-9
-8
-7
-12
-9
-6
-7
-8
-5
-6
-7
-6
-6
-5
-5
-4
-5
-7
-6
-4
-9
-7
-8
-6
-7
-9
-10
-8
-5
-6
-7
-7
-4
-9
-7
-5
-5
-8
-13
-12
-13
-13
-18
-15
-17
-17
-16
-15
-14
-18
-14
-16
-15
-13
-17
-16
-14
-13
-13
-18
-17
-17
-19
-22
-21
-21
-25
-26
-26
-28
-31
-32
-28
-30
-33
-32
-33
-31
-33
-31
-29
-30
-31
-30
-31
-31
-31
-30
-33
-35
-35
-36
-39
-41
-38
-41
-43
-44
-43
-45
-44
-44
-42
-44
-44
-45
-43
-41
-43
-41
-41
-42
-42
-45
-48
-42
-45
-47
-43
-44
-40
-39
-37
-39
-41
-39
-37
-36
-35
-35
-39
-39
-42
-38
-38
-40
-40
-41
-38
-41
-43
-40
-43
-40
-42
-43
-40
-38
-38
-37
-34
