-4
-3
-6
-4
-5
-2
-3
-2
-4
-4
-2
-1
-2
-6
-2
-4
-3
-3
-5
-5
-4
-2
-7
-5
-5
-6
-5
-8
-10
-7
-5
-8
-6
-5
-7
-6
-6
-2
-3
-3
-1
-2
-1
-1
0
1
1
2
3
4
2
0
-1
-1
2
2
1
1
7
10
2
6
3
3
4
3
3
2
-2
1
0
3
6
3
4
4
5
3
3
2
3
2
4
3
4
4
6
10
5
10
2
1
3
4
7
7
8
5
6
11
6
4
3
3
0
1
0
-2
-1
-3
-3
-3
-2
-3
-6
-5
-3
-3
-5
-4
-2
-3
-4
-4
-1
-4
-4
-2
-1
-4
-6
-5
-6
-5
-7
-7
-6
-5
-9
-5
-5
-6
-9
-12
-11
-10
-13
-14
-13
-13
-15
-14
-18
-19
-14
-16
-12
-16
-15
-14
-13
-14
-15
-13
-15
-16
-15
-15
-16
-15
-16
-19
-19
-16
-18
-21
-22
-18
-15
-20
-20
-18
-18
-20
-21
-19
-21
-18
-20
-19
-18
-18
-15
-19
-17
-20
-18
-21
-18
-20
-24
-24
-21
-23
-27
-24
-26
-27
-26
-25
-25
-25
-24
-24
-23
-21
-23
-25
-31
-25
-25
-26
-28
-21
-24
-20
-19
-20
-22
-24
-21
-23
-23
-25
-22
-23
-24
-23
-21
-20
-20
-22
-24
-23
-24
-24
-27
-28
-24
-25
-23
-21
-18
-21
-21
-21
-21
-22
-21
-23
-19
-19
-19
-18
-16
-14
-16
-16
-16
-12
-15
-18
-18
-13
-13
-11
-12
-15
-14
-13
-13
-17
-11
-12
-12
-12
-9
-9
-11
-8
-11
-9
-12
-11
-9
-9
-13
-12
-9
-12
-10
-11
-7
-6
-7
-6
-6
-6
-5
-8
-4
-3
-2
-4
-4
0
-4
-1
-2
-1
-1
0
0
-2
0
1
-1
-1
-2
-3
-3
-3
-5
-7
-4
-1
0
-3
2
2
2
0
-5
-1
1
1
-3
0
0
-4
-1
-4
-5
-2
-4
-5
-5
-3
-4
-8
-2
-3
-4
-1
-2
-5
-1
0
-1
-2
-1
0
-2
-1
-5
-6
-4
-2
-1
-4
-6
-3
-6
-6
-7
-6
-10
-10
-10
-12
-9
-10
-11
-12
-11
-9
-14
-12
-14
-12
-11
-14
-11
-11
-9
-8
-8
-8
-9
-7
-8
-10
-8
-8
-7
-8
-5
-9
-6
-5
-10
-13
-12
-11
-14
-13
-13
-11
-13
-14
-15
-13
-12
-19
-18
-14
-11
-11
-12
-10
-12
-11
-12
-11
-11
-12
-11
-10
-11
-11
-15
-13
-15
-18
-16
-14
-14
-18
-13
-13
-17
-17
-20
-20
-21
-23
-24
-24
-23
-20
-23
-23
-26
-22
-27
-25
-23
-26
-23
-25
-24
-27
-26
-28
-27
-28
-28
-29
-30
-28
-32
-27
-27
-26
-30
-25
-26
-26
-26
-26
-27
-28
-26
-26
-27
-29
-26
-27
-26
-26
-26
-25
-26
-26
-27
-25
-25
-23
-22
-22
-20
-25
-22
-22
-26
-23
-24
-26
-23
-24
-24
-26
-24
-22
-21
-23
-23
-27
-29
-21
-25
-28
-23
-23
-25
-23
-23
-21
-23
-23
-20
-19
-23
-23
-22
-22
-24
-24
-18
-16
-18
-17
-18
-18
-18
-18
-21
-20
-21
-24
-22
-22
-21
-24
-21
-23
-24
-23
-25
-25
-24
-24
-19
-22
-23
-21
-22
-21
-20
-19
-21
-23
-21
-19
-17
-20
-21
-21
-24
-22
-23
-23
-19
-21
-23
-20
-18
-17
-20
-19
-19
-20
-19
-21
-19
-22
-22
-21
-21
-22
-20
-20
-16
-18
-18
-15
-15
-18
-14
-15
-16
-14
-16
-12
-14
-16
-19
-16
-15
-16
-14
-17
-14
-12
-10
-14
-14
-13
-13
-12
-12
-11
-14
-16
-14
-10
-11
-12
-15
-17
-16
-12
-14
-17
-15
-16
-14
-18
-18
-19
-19
-18
-15
-17
-20
-18
-18
-20
-16
-18
-17
-17
-15
-14
-12
-16
-18
-15
-13
-13
-13
-13
-15
-12
-14
-11
-14
-10
-9
-17
-14
-13
-11
-13
-15
-16
-16
-14
-16
-12
-14
-11
-14
-14
-13
-12
-10
-10
-14
-15
-13
-15
-10
-10
-8
-9
-8
-7
-8
-6
-8
-8
-9
-9
-8
-12
-10
-7
-8
-9
-9
-13
-12
-8
-13
-8
-12
-11
-10
-11
-12
-10
-13
-15
-13
-13
-9
-9
-7
-6
-14
-10
-8
-9
-12
-9
-6
-10
-10
-12
-14
-15
-13
-16
-15
-12
-13
-17
-13
-11
-13
-16
-19
-15
-16
-18
-14
-14
-15
-14
-13
-12
-14
-17
-14
-10
-13
-14
-14
-13
-14
-15
-16
-17
-17
-17
-16
-15
-16
-15
-15
-17
-14
-17
-19
-19
-20
-18
-18
-17
-16
-15
-18
-16
-14
-17
-16
-16
-16
-14
-15
-15
-16
-14
-15
-18
-17
-15
-16
-17
-16
-19
-17
-17
-22
-20
-22
-23
-20
-21
-19
-21
-21
-22
-19
-19
-19
-27
-22
-19
-22
-21
-25
-20
-18
-20
-19
-19
-21
-16
-18
-20
-19
-23
-23
-20
-21
-22
-20
-22
-22
-21
-19
-23
-24
-25
-26
-27
-29
-24
-27
-26
-27
-23
-23
-22
-22
-23
-23
-27
-22
-19
-20
-21
-23
-21
-20
-20
-19
-24
-20
-23
-20
-13
-17
-20
-20
-19
-20
-18
-18
-18
-19
-18
-16
-14
-18
-17
-16
-15
-15
-15
-17
-17
-15
-17
-14
-17
-16
-18
-17
-15
-14
-15
-14
-14
-16
-13
-14
-14
-10
-13
-11
-12
-16
-12
-12
-13
-14
-14
-15
-12
-14
-15
-14
-14
-15
-15
-16
-16
-12
-11
-13
-16
-10
-10
-10
-14
-15
-13
-14
-16
-16
-16
-14
-16
-17
-18
-16
-17
-18
-17
-15
-17
-15
-16
-16
-14
-17
-17
-14
-14
-13
-12
-14
-14
-13
-10
-13
-11
-14
-14
-12
-12
-15
-12
-12
-6
-9
-14
-12
-13
-9
-14
-17
-18
-20
-21
-22
-21
-17
-18
-21
-19
-17
-16
-18
-20
-19
-16
-17
-18
-15
-14
-11
-13
-14
-17
-15
-20
-18
-19
-21
-20
-21
-22
-22
-19
-20
-21
-21
-21
-22
-23
-22
-21
-23
-21
-25
-26
-25
-23
-23
-29
-28
-27
-26
-26
-23
-23
-21
-22
-25
-26
-25
-25
-24
-23
-24
-27
-26
-25
-27
-22
-27
-25
-24
-28
-24
-26
-28
-27
-28
-29
-27
-28
-26
-28
-27
-25
-27
-27
-27
-27
-26
-26
-26
-27
-27
-27
-28
-32
-30
-29
-28
-29
-27
-27
-28
-27
-26
-29
-28
-27
-26
-25
-24
-21
-23
-24
-27
-20
-22
-28
-27
-26
-25
-27
-23
-22
-24
-22
-23
-23
-22
-24
-23
-23
-23
-26
-26
-28
-26
-27
-29
-27
-28
-27
-28
-30
-27
-27
-28
-30
-30
-28
-29
-34
-31
-29
-32
-29
-29
-31
-28
-27
-30
-31
-30
-33
-30
-27
-32
-30
-30
-30
-29
-30
-25
-29
-27
-30
-29
-30
-31
-34
-33
-33
-32
-32
-33
-31
-33
-32
-32
-32
-31
-37
-35
-31
-31
-26
-26
-27
-27
-27
-29
-31
-30
-28
-31
-30
-23
-28
-24
-27
-33
-32
-34
-32
-36
-33
-30
-32
-30
-31
-31
-32
-32
-32
-34
-33
-31
-31
-32
-34
-38
-34
-34
-35
-36
-34
-35
-36
-34
-29
-32
-31
-30
-31
-31
-33
-31
-33
-30
-33
-33
-35
-33
-33
-33
-32
-33
-31
-32
-32
-34
-33
-32
-33
-32
-31
-32
-32
-30
-31
-29
-29
-31
-30
-31
-31
-29
-29
-30
-30
-31
-27
-30
-31
-28
-29
-26
-25
-26
-28
-28
-25
-28
-28
-31
-27
-30
-24
-23
-24
-19
-20
-20
-22
-22
-21
-20
-24
-20
-22
-21
-17
-21
-25
-24
-22
-22
-24
-28
-26
-28
-26
-24
-20
-24
-22
-21
-23
-24
-22
-22
-26
-25
-22
-24
-22
-21
-21
-22
-19
-18
-18
-17
-19
-18
-16
-19
-21
-20
-20
-15
-16
-18
-17
-18
-19
-18
-20
-19
-17
-17
-19
-22
-18
-18
-17
-25
-23
-20
-22
-22
-23
-19
-21
-21
-22
-21
-18
-16
-20
-17
-18
-17
-17
-17
-15
-19
-16
-19
-18
-18
-14
-14
-13
-12
-17
-15
-17
-17
-18
-14
-14
-16
-14
-16
-18
-17
-17
-16
-18
-18
-19
-17
-18
-15
-15
-20
-19
-19
-20
-19
-16
-17
-17
-19
-21
-21
-25
-22
-18
-19
-22
-24
-21
-21
-21
-22
-23
-22
-20
-21
-22
-20
-22
-25
-22
-22
-18
-22
-21
-21
-20
-20
-24
-21
-25
-25
-24
-22
-25
-27
-25
-26
-28
-24
-25
-25
-25
-26
-26
-31
-30
-28
-26
-26
-25
-23
-24
-21
-23
-22
-23
-23
-21
-23
-24
-22
-24
-24
-27
-27
-23
-24
-25
-26
-24
-27
-27
-27
-26
-26
-27
-25
-25
-25
-25
-24
-23
-23
-25
-27
-26
-25
-22
-23
-26
-25
-24
-25
-25
-21
-22
-23
-22
-25
-20
-16
-21
-21
-23
-20
-22
-20
-21
-23
-22
-22
-24
-21
-20
-24
-26
-23
-21
-24
-21
-23
-27
-25
-27
-30
-29
-31
-28
-27
-28
-30
-30
-27
-30
-32
-31
-28
-30
-29
-29
-27
-27
-28
-28
-25
-25
-22
-24
-26
-26
-27
-24
-28
-27
-28
-29
-31
-31
-30
-28
-28
-28
-26
-28
-22
-25
-25
-23
-22
-22
-21
-21
-23
-23
-21
-19
-20
-23
-20
-19
-17
-17
-18
-17
-17
-17
-17
-15
-17
-15
-16
-11
-14
-14
-7
-12
-13
-13
-16
-13
-14
-14
-11
-13
-7
-9
-9
-9
-12
-9
-7
-9
-12
-12
-12
-10
-13
-15
-14
-14
-14
-18
-14
-12
-16
-18
-18
-18
-16
-17
-15
-15
-14
-11
-9
-13
-16
-16
-14
-14
-18
-18
-16
-19
-17
-17
-21
-19
-21
-22
-22
-21
-23
-22
-24
-24
-21
-19
-18
-25
-25
-23
-20
-22
-21
-22
-22
-21
-22
-22
-18
-21
-19
-21
-22
-20
-21
-19
-22
-21
-20
-19
-17
-20
-19
-20
-18
-22
-22
-23
-25
-20
-23
-22
-24
-22
-21
-24
-24
-22
-20
-22
-22
-23
-24
-22
-23
-26
-25
-26
-24
-27
-25
-25
-27
-30
-24
-24
-28
-26
-27
-30
-24
-24
-28
-29
-25
-29
-28
-24
-28
-25
-24
-24
-26
-25
-24
-27
-24
-23
-24
-25
-26
-25
-25
-25
-28
-27
-26
-27
-27
-27
-29
-29
-29
-28
-28
-25
-25
-25
-24
-27
-28
-27
-31
-30
-26
-24
-23
-24
-21
-23
-18
-21
-19
-21
-20
-16
-19
-20
-22
-18
-20
-23
-22
-18
-18
-19
-18
-16
-18
-20
-19
-22
-19
-19
-17
-20
-17
-14
-12
-15
-15
-17
-20
-21
-18
-17
-14
-16
-16
-13
-17
-16
-18
-18
-15
-16
-18
-14
-12
-12
-14
-18
-15
-15
-14
-16
-14
-17
-18
-17
-20
-22
-18
-17
-16
-17
-17
-17
-15
-17
-16
-17
-18
-18
-18
-20
-15
-17
-18
-15
-14
-18
-16
-15
-18
-12
-15
-14
-16
-13
-14
-13
-14
-15
-17
-16
-12
-14
-14
-14
-13
-13
-12
-12
-11
-12
-15
-14
-12
-10
-8
-12
-13
-9
-8
-10
-9
-9
-8
-8
-11
-11
-8
-9
-10
-11
-11
-9
-10
-11
-11
-9
-9
-8
-8
-10
-7
-6
-7
-5
-6
-9
-4
-4
-7
-8
-10
-7
-5
-4
-6
-3
5
-1
-7
-4
-5
-4
-5
-8
-9
-10
-8
-8
-5
-7
-10
-10
-8
-6
-9
-10
-11
-7
-9
-8
-6
-5
-7
-6
-4
-3
-7
-8
-7
-10
-9
-11
-12
-10
-10
-9
-8
-9
-11
-15
-13
-10
-12
-13
-13
-11
-11
-10
-11
-12
-10
-15
-15
-16
-11
-8
-8
-8
-8
-8
-8
-7
-9
-7
-6
-7
-8
-7
-12
-9
-8
-11
-8
-7
-7
-9
-6
-7
-6
-7
-9
-10
-8
-4
-8
-8
-6
-5
-7
-7
-11
-8
-8
-9
-8
-8
-5
-10
-7
-10
-10
-11
-11
-11
-11
-14
-9
-8
-10
-10
-10
-8
-13
-11
-13
-13
-12
-12
-13
-12
-11
-16
-17
-15
-15
-12
-12
-14
-12
-13
-12
-16
-16
-11
-14
-13
-16
-14
-16
-14
-16
-16
-15
-18
-15
-17
-20
-16
-15
-17
-16
-19
-18
-16
-16
-21
-24
-16
-17
-16
-14
-17
-14
-12
-9
-10
-12
-9
-11
-10
-10
-11
-9
-13
-13
-12
-12
-10
-8
-11
-13
-13
-14
-16
-15
-15
-14
-13
-13
-13
-13
-13
-12
-12
-14
-18
-13
-13
-13
-12
-8
-13
-13
-8
-12
-13
-14
-10
-14
-14
-13
-10
-9
-13
-16
-13
-17
-14
-16
-18
-15
-17
-19
-17
-16
-17
-18
-20
-20
-21
-19
-18
-18
-21
-18
-16
-17
-18
-22
-20
-20
-16
-17
-17
-17
-16
-17
-15
-15
-15
-15
-17
-14
-19
-18
-18
-16
-18
-17
-13
-14
-12
-15
-15
-14
-11
-13
-11
-13
-11
-13
-16
-14
-14
-10
-12
-13
-14
-13
-14
-15
-15
-12
-12
-14
-12
-16
-14
-12
-13
-12
-10
-12
-10
-13
-12
-13
-15
-15
-15
-14
-11
-7
-11
-11
-8
-5
-10
-9
-6
-5
-8
-7
-8
-7
-3
-3
-9
-7
-8
-8
-9
-10
-13
-14
-13
-13
-8
-10
-8
-11
-9
-8
-11
-7
-9
-12
-12
-9
-11
-11
-12
-9
-11
-11
-10
-10
-7
-10
-8
-9
-10
-10
-8
-7
-8
-3
-8
-7
-9
-9
-9
-9
-4
-7
-9
-8
-6
-6
-1
-8
-9
-7
0
-2
-4
0
-2
-2
-3
-1
0
-1
-5
-2
-2
-1
0
0
-3
-2
-2
-3
0
-1
0
-1
1
-1
-3
-4
-5
-7
-5
-3
-2
-1
-4
-6
-4
-5
-5
-5
-4
-5
-6
-7
-8
-4
-7
-11
-7
-10
-11
-10
-11
-9
-9
-10
-11
-8
-10
-10
-10
-9
-7
-5
-7
-9
-10
-10
-9
-9
-11
-9
-11
-12
-11
-10
-11
-11
-11
-12
-12
-13
-12
-10
-11
-13
-13
-13
-16
-15
-12
-12
-14
-12
-11
-11
-11
-9
-7
-9
-9
-10
-16
-13
-9
-11
-12
-9
-7
-4
-2
-4
-4
-9
-6
-8
-7
-8
-6
-4
-6
-7
-6
-3
-2
-4
-2
-3
-5
-5
-5
-5
-4
-9
-9
-7
-8
-4
-7
-4
-8
-7
-9
-8
-6
-5
-6
-3
-2
-3
3
-5
-3
-3
-2
-3
-6
-3
-2
-5
-3
-2
-7
-6
-3
-5
-8
-5
-8
-5
-3
-5
-6
-7
-3
-5
-5
1
-7
-5
-6
-6
-5
-9
-9
-6
-4
-7
-4
-5
-5
-7
-7
-2
-2
-3
1
-3
-1
-3
-5
-1
-4
-2
-4
-1
1
-1
0
0
1
-2
-3
0
-1
-2
-1
-2
-1
-2
-3
-5
0
1
-3
-6
-3
-1
-2
-5
-3
-2
-5
-3
-7
-8
-7
-7
-6
-5
-5
-4
-5
-7
-6
-3
-1
-4
-2
-3
-1
-2
-2
-2
-4
-3
-5
-6
-7
-5
-6
-7
-1
-2
-5
-6
-4
-5
-6
-8
-9
-4
-9
-9
-8
-8
-3
-5
-7
-7
-4
-6
-10
-8
-6
-5
-8
-9
-7
-3
-1
-2
-3
-5
-2
-4
-6
-6
-7
-6
-6
-7
-5
-5
-5
-6
-6
-3
-7
-6
-9
-7
-9
-8
-6
-8
-6
-9
-13
-9
-10
-11
-8
-3
-5
-6
-8
-7
-5
-6
-6
-8
-4
-8
-10
-11
-9
-11
-12
-17
-16
-13
-15
-9
-9
-14
-14
-15
-13
-16
-16
-17
-18
-16
-18
-19
-19
-17
-17
-15
-15
-22
-21
-21
-22
-20
-20
-22
-23
-21
-22
-22
-22
-20
-20
-16
-18
-18
-21
-20
-17
-23
-18
-21
-21
-18
-20
-19
-17
-17
-16
-14
-13
-16
-13
-13
-13
-12
-14
-8
-11
-11
-13
-12
-13
-14
-11
-13
-15
-10
-11
-14
-16
-14
-9
-15
-15
-13
-11
-11
-9
-10
-18
-12
-14
-12
-15
-14
-11
-9
-9
-10
-10
-11
-8
-9
-9
-11
-12
-10
-14
-11
-9
-8
-12
-12
-10
-11
-14
-12
-12
-13
-10
-9
-9
-11
-12
-9
-9
-13
-9
-13
-14
-13
-13
-12
-7
-11
-13
-10
-11
-8
-11
-9
-13
-11
-10
-11
-7
-10
-12
-13
-10
-11
-10
-11
-10
-9
-11
-9
-10
-9
-8
-8
-8
-8
-9
-8
-7
-11
-10
-10
-8
-10
-9
-10
-10
-9
-7
-6
-8
-5
-4
-1
-3
-5
-2
-4
-4
-1
-2
-2
-3
-2
-2
-5
-1
-3
0
1
-2
-2
-5
-3
-3
1
-2
-2
-2
1
-1
-2
2
0
0
-3
-3
-2
-1
-3
-1
-4
-3
0
-6
-2
-2
0
0
-2
-3
-4
-2
-4
-3
-3
-3
2
-2
-2
-3
-1
2
-3
1
0
-1
-2
-1
1
-1
1
6
0
-3
-1
1
-2
-4
-2
-4
-6
-6
-6
-2
-2
-6
-5
-6
-2
-2
-3
-5
-6
-9
-8
-6
-4
-4
-4
-2
2
0
-1
0
-4
-2
-1
-1
0
1
3
2
2
1
1
0
-1
2
1
0
1
-1
1
-1
1
-1
-5
-2
-2
4
0
0
1
4
2
3
2
4
7
6
6
5
3
3
7
5
5
8
8
6
5
8
8
9
6
4
3
4
4
3
2
0
5
3
0
3
4
3
4
5
7
6
5
3
6
7
5
4
4
3
6
4
7
7
5
7
8
5
4
8
5
7
6
4
5
6
5
6
6
8
7
7
8
5
9
9
8
10
7
10
10
7
9
8
7
7
6
5
6
7
3
3
5
3
6
9
4
7
6
5
4
-1
2
1
3
3
4
8
6
7
7
6
5
6
6
5
7
5
6
4
2
7
5
2
2
0
0
-3
-2
-5
-6
-1
-2
-2
-1
0
0
0
3
-2
-5
0
1
0
1
2
0
2
4
2
4
6
6
2
2
1
3
7
4
0
2
1
-1
1
1
3
3
2
5
4
3
1
0
2
4
3
2
3
3
0
-2
0
-1
2
3
3
5
4
3
1
3
6
3
4
1
4
5
2
-2
1
2
-1
1
3
0
2
2
1
-2
-1
2
-1
-1
-1
2
1
1
1
0
1
-2
1
2
0
-1
3
-1
0
-3
-4
-2
-4
0
0
-1
-3
4
2
-3
0
-2
-1
0
3
1
1
6
6
7
8
8
8
9
7
4
5
7
6
10
10
13
11
9
10
10
10
10
9
8
9
7
8
10
8
7
9
7
9
12
15
11
9
11
9
8
9
13
14
15
14
14
15
15
16
14
18
14
15
20
19
19
20
20
17
17
19
17
19
15
17
16
18
18
17
18
17
15
18
19
18
19
21
22
20
22
19
20
19
20
18
19
19
19
20
20
20
20
23
23
22
22
22
24
22
19
19
17
19
16
17
18
18
20
18
16
16
16
18
16
16
17
18
18
17
16
15
15
13
14
17
19
16
17
18
19
21
18
20
20
19
21
19
18
20
20
20
19
22
22
21
21
20
21
21
21
25
22
23
22
20
20
21
21
19
21
19
18
17
19
17
18
18
16
19
18
17
21
18
17
15
12
16
16
17
16
18
18
18
21
22
24
21
22
21
21
19
16
19
16
17
16
17
22
19
18
18
16
18
17
17
17
19
19
20
21
19
16
18
17
16
14
15
18
19
17
18
18
17
20
19
20
20
18
18
17
21
23
23
20
18
21
21
20
21
18
20
18
20
20
19
19
18
19
15
19
22
21
20
19
19
25
23
23
24
27
27
24
25
26
26
23
24
27
28
26
24
25
24
27
25
25
25
26
23
26
28
24
25
24
24
24
23
22
24
23
21
21
22
22
21
22
22
21
22
24
26
24
22
26
26
30
27
25
28
25
26
25
17
23
21
20
21
21
24
24
23
24
25
24
26
28
26
27
30
25
28
31
32
28
30
37
32
33
31
29
31
29
29
27
30
30
28
28
28
29
29
29
31
27
28
27
27
29
28
28
28
31
31
29
29
32
28
31
32
30
29
31
34
33
32
33
34
32
29
31
30
31
28
28
28
27
25
24
25
27
26
25
24
29
32
30
31
29
31
32
32
30
30
33
34
36
32
32
33
30
31
33
33
33
30
29
31
30
28
28
27
25
27
28
31
27
30
33
31
32
31
33
32
34
34
30
31
29
28
24
24
30
27
27
29
30
33
34
37
37
32
33
28
29
28
27
25
20
24
25
27
32
29
32
31
38
41
38
39
37
39
36
34
39
39
36
32
32
32
33
34
33
31
28
26
22
25
29
30
29
29
35
34
36
38
35
41
38
42
48
46
42
35
36
35
29
26
25
31
24
20
23
22
27
22
26
27
29
30
28
31
30
31
27
30
33
35
38
32
34
35
30
29
21
20
21
24
25
28
31
38
43
46
50
49
50
47
42
36
31
29
21
15
10
6
9
8
8
9
8
13
16
25
30
31
25
29
41
37
38
35
40
44
35
41
40
34
30
28
35
30
25
17
11
13
12
22
23
16
16
24
51
55
56
57
59
71
62
67
64
57
40
23
24
22
17
0
-12
-3
10
17
17
18
30
35
38
38
44
45
33
34
37
48
45
43
42
45
44
42
48
38
29
17
18
26
16
24
19
29
36
39
60
51
65
61
60
62
45
57
41
35
33
21
38
27
28
21
18
37
35
45
33
29
38
25
31
16
26
23
4
15
21
42
37
24
35
40
44
37
48
66
59
39
38
58
74
66
59
66
62
69
69
71
72
45
48
41
38
40
17
25
4
2
4
1
5
-13
-18
-15
-14
10
7
5
7
13
46
37
41
35
30
19
18
57
59
67
53
72
88
79
83
68
63
33
18
20
-4
-16
-37
-39
-32
-33
-2
1
20
15
31
52
56
57
39
34
26
24
18
7
-1
0
-7
-10
3
28
33
29
30
57
59
55
52
55
68
57
69
82
81
88
70
79
67
58
44
16
0
-23
-18
-24
-33
-28
-16
5
17
34
59
64
78
68
76
67
55
40
10
-14
-24
-11
-3
-24
-33
-38
-20
9
17
47
49
81
93
86
129
144
181
144
115
137
124
134
60
52
39
2
-9
-61
-44
-66
-87
-95
-113
-75
-75
-76
-77
-76
-15
-8
0
10
36
64
45
24
60
78
106
86
97
123
118
126
98
107
92
44
-4
-66
-41
-32
-60
-94
-110
-23
-11
8
13
60
79
43
44
65
74
42
-16
-15
-11
5
2
-7
13
33
69
74
97
119
126
112
95
102
107
79
45
29
42
39
37
39
47
54
65
84
94
99
93
95
74
63
61
56
45
26
30
43
44
50
48
67
74
84
89
96
90
88
77
69
39
24
7
-23
-44
-91
-117
-165
-175
-151
-117
-73
-22
39
82
85
141
194
201
110
30
23
44
26
-32
-77
-77
-12
37
67
62
80
91
64
66
94
103
22
-79
-68
-6
34
-5
-29
8
47
77
82
99
95
55
19
8
14
11
-45
-99
-121
-64
-5
12
20
44
118
158
182
207
224
214
166
138
140
124
86
11
-23
-23
-7
9
-1
7
19
50
86
105
130
115
90
65
72
83
54
1
-41
-40
-36
-22
-17
11
15
40
57
86
86
42
3
-28
-58
-81
-121
-121
-163
-182
-177
-144
-83
-102
-86
-74
-20
2
-2
-3
-23
-32
-48
-57
-64
-81
-100
-125
-126
-118
-90
-101
-118
-140
-127
-115
-129
-128
-142
-129
-131
-113
-82
-59
-41
-35
-6
26
51
76
74
76
75
89
93
89
82
80
87
95
111
134
157
167
184
212
251
273
291
296
314
333
348
355
356
359
361
362
356
360
362
352
335
324
324
325
313
296
284
282
276
268
253
239
215
199
166
133
96
42
-9
-77
-122
-161
-209
-239
-274
-284
-328
-337
-370
-407
-468
-507
-504
-517
-506
-518
-513
-537
-509
-482
-429
-465
-476
-501
-486
-502
-522
-515
-514
-511
-502
-465
-366
-299
-211
-139
-56
70
142
257
275
350
356
369
355
323
314
236
159
80
31
-16
-92
-150
-193
-199
-218
-225
-199
-165
-116
-75
-13
65
163
234
303
363
448
497
538
547
562
551
515
477
425
404
363
327
302
331
386
441
472
490
538
580
595
579
549
520
456
404
348
322
291
249
232
233
286
312
330
330
348
371
361
342
296
268
211
148
93
30
-18
-107
-162
-228
-281
-360
-442
-506
-558
-606
-680
-743
-806
-823
-867
-866
-860
-868
-875
-908
-857
-845
-833
-824
-851
-781
-783
-719
-656
-576
-431
-342
-142
65
361
626
771
922
1044
1190
1200
1071
921
715
490
183
-118
-353
-583
-805
-992
-1052
-995
-917
-817
-713
-527
-290
-77
105
242
410
538
624
682
760
837
844
819
785
799
774
679
550
410
293
147
-6
-158
-293
-379
-449
-465
-430
-318
-163
-4
168
378
653
903
1076
1175
1250
1320
1298
1201
1058
905
732
511
324
180
85
-7
-98
-114
-69
20
89
138
219
308
395
435
462
484
481
442
362
322
261
170
20
-112
-207
-298
-419
-556
-651
-740
-788
-873
-935
-994
-1044
-1084
-1149
-1165
-1170
-1171
-1184
-1200
-1142
-1119
-1052
-1019
-937
-832
-759
-599
-457
-207
31
302
609
845
1094
1271
1442
1518
1438
1310
1080
847
506
121
-252
-620
-909
-1178
-1351
-1419
-1402
-1291
-1162
-954
-676
-378
-91
121
350
561
746
863
933
1004
1041
1049
1010
973
933
843
719
549
398
232
36
-182
-393
-541
-672
-757
-797
-757
-649
-504
-300
-36
274
576
814
1057
1294
1491
1597
1581
1545
1430
1272
1064
814
581
325
104
-88
-222
-272
-308
-288
-257
-144
8
148
275
376
501
575
622
631
624
568
476
355
244
117
-25
-188
-342
-465
-550
-638
-717
-822
-891
-963
-998
-1060
-1137
-1206
-1294
-1333
-1402
-1416
-1471
-1501
-1506
-1471
-1376
-1299
-1195
-1090
-938
-696
-442
-82
257
656
984
1256
1531
1752
1929
1873
1683
1427
1144
804
305
-194
-662
-1068
-1417
-1716
-1826
-1834
-1744
-1629
-1424
-1072
-678
-307
-27
239
542
811
1004
1100
1185
1272
1287
1253
1191
1164
1077
907
686
479
309
76
-210
-497
-719
-875
-1011
-1094
-1097
-989
-825
-638
-384
-81
283
615
905
1168
1398
1617
1734
1770
1721
1639
1513
1291
1041
778
535
284
15
-177
-306
-355
-395
-390
-304
-181
-3
143
305
453
586
688
727
753
736
686
572
417
294
152
6
-170
-310
-429
-512
-597
-666
-752
-856
-939
-1011
-1082
-1196
-1319
-1412
-1472
-1565
-1600
-1677
-1643
-1644
-1616
-1499
-1411
-1233
-1139
-980
-706
-426
15
360
780
1141
1422
1780
1965
2169
2077
1889
1610
1240
875
319
-217
-763
-1258
-1609
-1932
-2041
-2075
-1983
-1813
-1565
-1156
-730
-287
44
354
678
967
1187
1301
1375
1428
1425
1394
1316
1269
1144
962
730
511
322
56
-229
-538
-781
-959
-1119
-1196
-1216
-1125
-963
-756
-452
-127
255
656
1018
1366
1638
1884
2055
2060
2009
1837
1656
1368
989
660
302
26
-272
-488
-567
-622
-549
-497
-329
-135
71
290
425
590
695
783
794
750
715
635
517
362
210
93
-63
-220
-366
-466
-549
-642
-727
-805
-882
-995
-1108
-1198
-1312
-1434
-1549
-1628
-1637
-1708
-1730
-1754
-1702
-1623
-1538
-1396
-1251
-1101
-920
-659
-226
261
702
1045
1327
1722
2092
2324
2279
2069
1848
1557
1112
542
-48
-559
-1133
-1662
-2057
-2185
-2166
-2163
-2101
-1862
-1390
-878
-452
-110
258
648
969
1173
1325
1462
1548
1500
1412
1379
1381
1273
1037
771
581
416
151
-188
-509
-759
-969
-1166
-1302
-1310
-1240
-1117
-969
-679
-288
161
538
897
1328
1720
2030
2120
2177
2173
2063
1821
1432
1103
730
350
-30
-371
-520
-655
-683
-685
-572
-335
-134
92
246
463
655
756
806
799
830
774
659
533
416
329
160
-3
-146
-240
-349
-477
-568
-646
-698
-788
-891
-988
-1108
-1208
-1352
-1451
-1566
-1653
-1750
-1828
-1869
-1846
-1805
-1732
-1674
-1564
-1406
-1232
-980
-686
-210
276
746
1124
1492
1935
2296
2464
2394
2185
1991
1622
1163
495
-117
-693
-1278
-1775
-2202
-2328
-2372
-2328
-2219
-1939
-1430
-926
-487
-123
264
705
1030
1255
1374
1516
1595
1580
1518
1473
1446
1322
1084
840
650
455
168
-203
-531
-795
-1003
-1231
-1370
-1402
-1326
-1205
-1030
-726
-327
139
585
997
1404
1762
2072
2246
2299
2246
2088
1862
1506
1137
749
375
0
-335
-547
-641
-658
-637
-555
-376
-150
79
281
461
628
762
843
867
860
837
770
643
509
384
274
113
-53
-212
-316
-399
-499
-590
-677
-742
-817
-916
-1011
-1129
-1240
-1382
-1510
-1614
-1713
-1786
-1904
-1921
-1953
-1905
-1853
-1757
-1588
-1479
-1257
-998
-491
91
586
1024
1356
1880
2342
2624
2642
2433
2290
1950
1511
862
209
-374
-1075
-1668
-2186
-2380
-2440
-2494
-2448
-2260
-1765
-1220
-752
-359
20
485
857
1129
1316
1477
1604
1598
1561
1550
1565
1508
1291
1065
871
711
465
97
-261
-601
-853
-1132
-1353
-1473
-1509
-1454
-1370
-1125
-779
-369
42
490
1028
1505
1900
2144
2385
2534
2508
2337
2042
1751
1337
893
423
-10
-334
-642
-800
-901
-859
-705
-542
-309
-86
229
490
675
816
924
1018
1008
945
869
761
620
426
264
116
-45
-209
-363
-477
-549
-624
-688
-787
-869
-941
-1017
-1131
-1292
-1400
-1526
-1614
-1795
-1876
-1953
-1972
-2026
-2068
-1979
-1862
-1693
-1576
-1403
-1058
-575
67
605
1048
1442
1931
2476
2762
2795
2587
2405
2094
1604
944
263
-371
-1066
-1735
-2273
-2509
-2564
-2602
-2597
-2414
-1916
-1306
-795
-407
-11
494
932
1219
1393
1578
1726
1754
1677
1645
1657
1621
1397
1102
889
731
501
90
-335
-673
-918
-1179
-1451
-1581
-1586
-1509
-1414
-1192
-813
-301
210
658
1143
1562
2059
2330
2494
2493
2393
2279
1917
1564
1114
719
328
-161
-424
-645
-669
-724
-752
-569
-399
-79
85
296
500
666
833
850
901
903
871
790
619
527
418
287
100
-106
-187
-280
-371
-506
-597
-618
-701
-788
-920
-1021
-1117
-1284
-1377
-1544
-1608
-1745
-1851
-1876
-1971
-1920
-2008
-1914
-1843
-1740
-1615
-1543
-1195
-713
-98
445
811
1301
1839
2449
2782
2793
2715
2529
2315
1791
1157
468
-210
-943
-1678
-2226
-2473
-2599
-2686
-2729
-2485
-1947
-1340
-839
-456
16
523
980
1257
1441
1615
1728
1725
1654
1631
1663
1563
1351
1073
934
802
558
168
-240
-529
-805
-1077
-1368
-1517
-1557
-1540
-1456
-1234
-844
-400
-10
407
941
1524
1995
2242
2428
2592
2646
2515
2179
1835
1438
981
475
-13
-325
-607
-816
-978
-977
-770
-548
-323
-141
151
479
715
850
921
1021
1046
971
858
750
649
459
231
41
-90
-211
-375
-542
-644
-714
-792
-902
-1010
-1076
-1204
-1328
-1477
-1522
-1621
-1766
-1901
-1992
-1984
-2097
-2122
-2112
-2009
-1905
-1864
-1632
-1284
-700
-80
479
1014
1470
2119
2652
2996
3012
2834
2671
2297
1803
1068
329
-417
-1210
-1878
-2426
-2692
-2833
-2892
-2816
-2566
-2012
-1403
-866
-435
-3
534
985
1296
1477
1620
1751
1774
1759
1739
1724
1643
1416
1191
978
802
512
83
-354
-741
-1020
-1330
-1612
-1792
-1834
-1754
-1621
-1319
-844
-304
201
598
1137
1727
2218
2454
2461
2535
2513
2353
1962
1513
1148
686
225
-225
-502
-624
-803
-890
-922
-680
-393
-193
-27
132
473
701
816
855
907
985
895
768
656
584
446
167
-27
-165
-238
-396
-607
-724
-786
-801
-925
-1060
-1161
-1253
-1373
-1511
-1611
-1657
-1786
-1943
-2049
-2048
-2003
-2052
-2087
-2051
-1912
-1711
-1533
-1179
-609
70
692
1068
1593
2214
2841
3060
2893
2740
2572
2291
1613
771
41
-654
-1358
-2137
-2645
-2824
-2881
-2889
-2873
-2479
-1833
-1174
-713
-347
185
777
1207
1396
1506
1708
1832
1815
1718
1687
1707
1561
1304
1043
908
736
380
-83
-503
-781
-1051
-1390
-1681
-1822
-1774
-1698
-1541
-1245
-793
-315
131
699
1307
1902
2258
2501
2700
2819
2778
2495
2123
1668
1180
687
146
-302
-701
-945
-1109
-1165
-1017
-803
-508
-285
11
368
689
903
997
1089
1134
1095
1009
864
721
510
292
105
-78
-222
-393
-529
-649
-743
-804
-893
-1005
-1111
-1240
-1343
-1487
-1574
-1678
-1794
-1925
-2027
-2055
-2085
-2092
-2085
-2031
-1939
-1810
-1587
-1261
-785
-185
411
977
1430
1996
2555
2973
3036
2873
2695
2417
1961
1236
432
-310
-1048
-1734
-2362
-2741
-2896
-2950
-2872
-2683
-2177
-1547
-952
-486
-46
514
1038
1397
1574
1699
1863
1927
1897
1821
1757
1678
1469
1225
984
786
515
112
-330
-702
-976
-1240
-1517
-1684
-1705
-1571
-1397
-1102
-690
-200
277
772
1314
1792
2147
2321
2460
2469
2378
2124
1793
1407
949
547
159
-180
-447
-657
-701
-729
-620
-453
-250
-34
124
374
557
719
794
835
862
816
766
695
572
432
262
155
22
-118
-246
-376
-463
-570
-645
-741
-869
-994
-1149
-1277
-1403
-1576
-1677
-1856
-1943
-2055
-2100
-2118
-2169
-2115
-2114
-2011
-1898
-1717
-1456
-1168
-644
-14
670
1192
1588
2160
2709
3141
3105
2878
2644
2341
1859
1021
187
-572
-1278
-1984
-2651
-2963
-3027
-2972
-2906
-2694
-2077
-1351
-712
-299
140
743
1270
1580
1674
1774
1925
1947
1865
1723
1676
1605
1374
1094
841
714
464
50
-407
-751
-959
-1233
-1536
-1747
-1772
-1648
-1491
-1129
-628
18
543
1034
1618
2196
2680
2787
2772
2658
2521
2231
1696
1153
611
166
-254
-644
-799
-880
-809
-787
-618
-277
57
336
433
618
824
995
1019
926
877
829
737
605
435
336
181
14
-166
-279
-323
-456
-603
-753
-786
-812
-941
-1114
-1287
-1321
-1412
-1516
-1666
-1774
-1834
-1972
-2023
-2095
-2053
-2097
-2133
-2074
-1947
-1680
-1440
-964
-322
372
978
1434
2100
2737
3230
3294
3119
2981
2714
2256
1407
534
-251
-1011
-1772
-2527
-2926
-3058
-3086
-3044
-2844
-2244
-1529
-920
-457
19
655
1187
1511
1643
1758
1928
1955
1893
1788
1750
1698
1474
1250
1052
937
683
270
-153
-495
-731
-1043
-1357
-1577
-1629
-1534
-1388
-1124
-738
-202
348
850
1328
1815
2279
2518
2559
2491
2424
2245
1848
1356
901
546
179
-205
-475
-596
-581
-570
-500
-332
-75
187
331
456
621
822
912
854
813
823
823
710
525
432
355
240
54
-100
-169
-258
-387
-537
-618
-656
-795
-950
-1124
-1206
-1278
-1443
-1568
-1775
-1797
-1904
-1969
-2071
-2173
-2125
-2195
-2146
-2145
-2018
-1785
-1620
-1171
-568
201
855
1265
1915
2536
3208
3390
3278
3127
2852
2503
1741
877
34
-807
-1575
-2409
-2916
-3138
-3221
-3173
-3112
-2581
-1876
-1148
-600
-163
456
1029
1485
1689
1770
1916
1953
1954
1829
1744
1700
1523
1324
1063
953
768
440
11
-396
-654
-933
-1254
-1536
-1687
-1642
-1541
-1315
-992
-503
80
612
1166
1657
2197
2530
2685
2665
2581
2447
2084
1605
1087
646
259
-174
-494
-713
-742
-718
-662
-482
-266
48
234
403
567
768
900
884
833
816
812
731
554
421
325
223
51
-124
-208
-289
-395
-553
-664
-702
-783
-922
-1131
-1262
-1313
-1425
-1599
-1809
-1890
-1980
-2082
-2215
-2280
-2292
-2379
-2407
-2327
-2153
-1979
-1796
-1303
-553
265
847
1328
2024
2808
3424
3545
3413
3292
3109
2631
1765
847
39
-790
-1719
-2623
-3102
-3259
-3356
-3457
-3326
-2705
-1910
-1238
-762
-233
489
1122
1490
1643
1808
2024
2065
1962
1837
1847
1811
1585
1308
1134
1075
860
441
-15
-340
-590
-944
-1371
-1689
-1803
-1762
-1699
-1543
-1214
-728
-183
376
942
1537
2063
2428
2629
2721
2764
2631
2305
1821
1353
954
511
35
-393
-635
-737
-788
-766
-667
-422
-191
8
222
446
695
807
833
841
880
922
807
655
506
437
344
148
-13
-150
-217
-338
-470
-540
-580
-635
-798
-962
-1082
-1206
-1313
-1534
-1700
-1906
-2014
-2121
-2191
-2278
-2374
-2410
-2416
-2323
-2223
-2073
-1926
-1648
-1100
-356
398
946
1415
2104
2836
3400
3460
3362
3194
2970
2475
1653
807
-45
-901
-1822
-2624
-3060
-3266
-3387
-3469
-3302
-2671
-1917
-1220
-751
-199
500
1139
1555
1713
1871
2036
2082
2003
1864
1832
1752
1525
1251
1036
975
757
361
-118
-437
-652
-976
-1381
-1722
-1861
-1851
-1780
-1573
-1234
-803
-326
215
920
1566
2110
2427
2668
2850
2914
2820
2460
1989
1469
1002
553
41
-392
-732
-928
-1002
-970
-760
-568
-342
-149
144
471
697
837
858
904
936
948
888
722
571
422
301
173
8
-114
-279
-403
-518
-555
-590
-718
-865
-980
-1075
-1179
-1374
-1548
-1703
-1871
-2042
-2232
-2276
-2354
-2413
-2543
-2564
-2435
-2265
-2103
-1945
-1568
-851
-25
687
1145
1714
2508
3247
3606
3494
3383
3248
2962
2248
1325
494
-312
-1207
-2173
-2895
-3180
-3330
-3471
-3546
-3183
-2416
-1674
-1120
-686
-8
746
1305
1572
1722
1951
2124
2106
1986
1901
1907
1771
1501
1227
1100
1010
685
211
-233
-481
-732
-1133
-1576
-1841
-1896
-1890
-1847
-1621
-1209
-722
-252
281
987
1673
2214
2508
2741
2960
3045
2903
2490
2028
1570
1092
557
-11
-424
-726
-940
-1073
-1054
-814
-586
-367
-169
153
533
777
902
936
1029
1104
1077
964
792
674
541
358
177
12
-94
-260
-424
-532
-558
-589
-713
-856
-942
-1017
-1156
-1359
-1535
-1633
-1829
-2027
-2232
-2301
-2331
-2444
-2530
-2553
-2395
-2249
-2105
-1880
-1442
-705
77
715
1225
1830
2641
3300
3582
3474
3367
3271
2913
2199
1281
476
-335
-1239
-2169
-2820
-3121
-3302
-3465
-3470
-3072
-2333
-1636
-1128
-650
43
805
1328
1573
1733
1982
2163
2145
2016
1946
1933
1793
1505
1253
1121
1004
648
161
-244
-478
-726
-1160
-1587
-1818
-1841
-1843
-1837
-1618
-1180
-671
-239
225
881
1591
2112
2363
2573
2831
2975
2829
2452
2061
1714
1270
718
170
-218
-489
-749
-981
-1030
-844
-619
-478
-327
-20
377
651
748
837
995
1128
1088
962
850
782
639
416
212
82
-21
-202
-393
-524
-549
-606
-753
-900
-999
-1048
-1192
-1393
-1545
-1667
-1771
-2000
-2159
-2283
-2318
-2390
-2473
-2491
-2452
-2304
-2150
-1938
-1597
-978
-204
490
1007
1575
2325
3076
3453
3458
3343
3263
3005
2414
1545
681
-116
-967
-1869
-2651
-3070
-3280
-3415
-3500
-3243
-2596
-1850
-1291
-832
-213
563
1178
1482
1639
1859
2093
2136
2023
1902
1885
1808
1560
1267
1113
1016
747
269
-162
-421
-633
-1022
-1480
-1761
-1834
-1829
-1844
-1746
-1419
-924
-416
61
632
1320
1939
2367
2606
2842
3021
2988
2667
2240
1850
1425
874
248
-246
-559
-795
-1009
-1124
-1019
-764
-528
-323
-75
295
619
797
866
971
1102
1117
976
816
720
627
430
173
0
-112
-224
-424
-592
-673
-712
-795
-966
-1093
-1194
-1289
-1462
-1684
-1794
-1906
-2024
-2253
-2407
-2426
-2450
-2481
-2553
-2438
-2266
-2051
-1752
-1212
-406
349
915
1436
2167
3005
3520
3584
3427
3345
3204
2681
1826
894
108
-733
-1670
-2516
-3020
-3239
-3432
-3570
-3391
-2782
-2018
-1430
-975
-386
396
1091
1452
1630
1834
2088
2183
2089
1985
1956
1890
1661
1383
1233
1131
884
432
-6
-287
-531
-890
-1365
-1706
-1849
-1874
-1888
-1782
-1453
-1000
-556
-126
443
1133
1729
2113
2394
2682
2923
2920
2720
2382
2065
1674
1177
644
145
-203
-521
-805
-981
-963
-797
-664
-530
-281
70
426
595
752
906
1077
1141
1063
996
886
774
578
347
158
-7
-166
-389
-572
-671
-758
-851
-1010
-1085
-1152
-1259
-1402
-1579
-1715
-1809
-1962
-2113
-2299
-2370
-2418
-2456
-2477
-2496
-2304
-2110
-1809
-1296
-575
228
830
1375
2087
2868
3480
3565
3493
3368
3201
2763
1924
1038
168
-640
-1541
-2406
-2940
-3240
-3395
-3513
-3412
-2845
-2144
-1498
-1051
-497
254
926
1363
1521
1731
1972
2093
2061
1935
1915
1874
1693
1444
1249
1180
943
536
82
-240
-470
-851
-1315
-1705
-1874
-1928
-1967
-1907
-1698
-1262
-737
-221
321
896
1552
2053
2422
2659
2883
2975
2784
2467
2101
1770
1290
704
167
-238
-500
-762
-963
-1027
-939
-710
-538
-314
-57
290
563
690
837
985
1124
1069
928
843
771
650
393
152
-14
-159
-299
-533
-661
-765
-830
-969
-1128
-1218
-1293
-1412
-1636
-1837
-1891
-1925
-2096
-2316
-2488
-2415
-2415
-2439
-2527
-2414
-2132
-1856
-1368
-689
120
785
1260
1960
2791
3468
3629
3439
3375
3221
2888
2043
1082
228
-615
-1464
-2386
-2958
-3266
-3465
-3578
-3526
-2949
-2198
-1575
-1119
-627
181
896
1346
1493
1659
1950
2080
2054
1926
1895
1886
1685
1452
1280
1235
1030
574
140
-181
-372
-771
-1280
-1678
-1878
-1923
-1999
-1945
-1684
-1271
-795
-349
236
916
1593
2070
2335
2605
2866
3014
2822
2429
2054
1719
1303
725
194
-190
-474
-732
-937
-933
-801
-627
-515
-329
-2
351
592
660
767
946
1098
1065
918
829
777
657
437
217
98
-49
-256
-469
-588
-613
-714
-905
-1073
-1137
-1145
-1288
-1532
-1724
-1833
-1882
-2066
-2241
-2373
-2442
-2470
-2522
-2455
-2376
-2249
-2056
-1699
-956
-157
553
1016
1591
2466
3265
3660
3538
3419
3383
3116
2475
1523
692
-137
-1084
-2017
-2742
-3049
-3331
-3562
-3635
-3269
-2489
-1811
-1314
-879
-186
641
1192
1460
1604
1858
2065
2052
1983
1921
1938
1798
1533
1343
1277
1195
830
349
-24
-240
-497
-992
-1475
-1767
-1865
-1926
-1954
-1775
-1438
-1016
-591
-55
611
1270
1820
2168
2450
2732
2958
2945
2637
2254
1920
1597
1103
529
76
-251
-528
-780
-871
-802
-687
-575
-451
-168
171
457
598
675
841
1024
1109
1000
879
833
759
602
375
219
93
-98
-297
-475
-522
-623
-781
-969
-1079
-1092
-1212
-1405
-1634
-1759
-1817
-1949
-2114
-2259
-2337
-2374
-2454
-2431
-2405
-2302
-2180
-2006
-1591
-932
-125
535
1013
1605
2430
3250
3597
3500
3396
3319
3117
2444
1541
663
-170
-1047
-1990
-2686
-3092
-3339
-3529
-3597
-3218
-2507
-1792
-1285
-852
-143
647
1260
1496
1629
1881
2089
2127
2001
1918
1907
1774
1523
1288
1226
1131
779
306
-83
-252
-509
-979
-1476
-1750
-1798
-1864
-1909
-1822
-1473
-979
-504
11
629
1355
1950
2333
2585
2896
3137
3052
2673
2255
1938
1543
945
288
-202
-475
-736
-977
-1069
-967
-728
-554
-352
-72
329
642
752
823
976
1174
1166
980
832
795
729
509
235
75
-29
-167
-374
-529
-589
-658
-788
-970
-1055
-1100
-1194
-1428
-1670
-1755
-1815
-1926
-2174
-2326
-2375
-2367
-2428
-2499
-2433
-2313
-2150
-1983
-1583
-855
-40
591
1024
1644
2551
3333
3616
3444
3363
3364
3120
2386
1420
595
-203
-1088
-2059
-2763
-3107
-3337
-3553
-3619
-3204
-2424
-1735
-1283
-852
-85
767
1316
1505
1629
1940
2178
2159
1998
1914
1925
1782
1496
1258
1197
1111
724
235
-116
-257
-515
-1015
-1510
-1750
-1765
-1816
-1898
-1767
-1364
-865
-427
6
666
1389
1975
2255
2491
2828
3071
2989
2582
2211
1944
1576
990
351
-60
-323
-605
-881
-1018
-860
-670
-544
-431
-138
299
579
673
732
952
1169
1155
992
873
864
781
545
303
149
70
-116
-348
-505
-542
-591
-753
-943
-1021
-1028
-1130
-1379
-1613
-1682
-1739
-1895
-2139
-2259
-2297
-2341
-2444
-2498
-2421
-2337
-2232
-2064
-1699
-1071
-332
351
897
1485
2276
3051
3532
3558
3478
3412
3222
2698
1844
958
101
-758
-1661
-2463
-2970
-3280
-3477
-3551
-3333
-2718
-2016
-1428
-966
-342
453
1113
1473
1621
1838
2088
2185
2101
1969
1922
1842
1638
1393
1238
1164
911
480
61
-178
-373
-769
-1273
-1629
-1728
-1764
-1842
-1842
-1570
-1095
-608
-159
394
1136
1797
2251
2503
2823
3122
3138
2829
2408
2100
1733
1172
518
-18
-329
-601
-870
-1031
-992
-743
-567
-391
-173
226
586
725
792
913
1132
1167
1019
870
810
768
583
326
151
36
-68
-281
-457
-542
-581
-661
-876
-1020
-1096
-1139
-1332
-1620
-1734
-1814
-1913
-2166
-2352
-2369
-2400
-2459
-2608
-2545
-2402
-2269
-2124
-1889
-1201
-385
345
798
1327
2234
3112
3603
3525
3444
3535
3393
2814
1849
1028
280
-634
-1658
-2574
-2977
-3260
-3556
-3772
-3577
-2829
-2098
-1602
-1211
-516
425
1071
1371
1519
1845
2174
2187
2067
1956
2009
1910
1617
1359
1252
1230
918
426
36
-156
-329
-798
-1319
-1652
-1732
-1785
-1945
-1933
-1708
-1256
-821
-370
208
909
1604
2067
2415
2778
3122
3210
2935
2570
2287
1952
1383
659
116
-262
-566
-923
-1148
-1131
-962
-760
-613
-338
47
444
642
726
903
1143
1227
1084
899
866
830
647
348
130
43
-104
-299
-511
-576
-629
-733
-936
-1066
-1083
-1135
-1361
-1629
-1781
-1827
-1931
-2219
-2386
-2453
-2417
-2532
-2629
-2588
-2431
-2233
-2091
-1757
-1045
-224
502
956
1562
2431
3242
3658
3546
3525
3490
3297
2640
1704
887
67
-826
-1839
-2638
-3041
-3352
-3585
-3737
-3438
-2719
-2051
-1525
-1094
-340
492
1105
1409
1582
1918
2170
2200
2097
2006
2033
1893
1638
1392
1279
1205
849
410
12
-182
-426
-894
-1374
-1686
-1761
-1841
-1949
-1900
-1624
-1150
-719
-277
280
962
1652
2102
2418
2717
3033
3135
2895
2548
2236
1928
1404
740
206
-150
-447
-804
-1049
-1052
-883
-700
-586
-370
0
389
611
695
852
1077
1201
1099
935
888
856
685
391
176
80
-53
-282
-521
-632
-677
-804
-1015
-1164
-1196
-1269
-1466
-1715
-1837
-1880
-1977
-2216
-2400
-2478
-2493
-2533
-2585
-2538
-2419
-2211
-1808
-1102
-268
414
923
1616
2534
3408
3735
3691
3643
3665
3434
2705
1787
930
109
-878
-1923
-2652
-3044
-3361
-3705
-3841
-3395
-2660
-1998
-1604
-1107
-286
557
1111
1320
1564
1910
2140
2128
2015
2033
2060
1889
1618
1447
1458
1321
928
460
154
-20
-369
-902
-1409
-1686
-1826
-1999
-2122
-2060
-1797
-1450
-1012
-444
211
831
1368
1927
2437
2847
3038
3091
2989
2776
2481
2063
1567
974
436
-19
-423
-747
-989
-1066
-1068
-978
-748
-482
-166
79
362
618
835
1015
1097
1117
1041
991
927
773
547
309
145
-24
-220
-416
-593
-716
-852
-989
-1095
-1234
-1327
-1442
-1578
-1732
-1859
-1933
-2086
-2256
-2427
-2476
-2513
-2592
-2628
-2531
-2317
-2031
-1481
-699
112
721
1300
2127
3057
3645
3726
3647
3645
3523
3013
2106
1181
350
-543
-1553
-2486
-3021
-3328
-3583
-3799
-3644
-2990
-2247
-1699
-1284
-630
237
923
1258
1405
1698
2021
2111
1995
1888
1945
1932
1712
1449
1364
1377
1140
671
263
58
-144
-634
-1212
-1605
-1760
-1904
-2106
-2161
-1981
-1618
-1199
-718
-117
531
1142
1697
2208
2662
2968
3097
3028
2843
2601
2271
1787
1196
623
167
-227
-599
-904
-1056
-1063
-997
-832
-605
-313
-23
238
491
730
941
1084
1113
1070
1015
987
884
674
418
225
91
-78
-287
-494
-636
-746
-895
-1023
-1136
-1211
-1349
-1530
-1691
-1777
-1801
-1936
-2090
-2273
-2305
-2342
-2381
-2452
-2451
-2305
-2127
-1787
-1209
-451
278
792
1379
2210
3077
3552
3517
3466
3443
3339
2749
1850
986
184
-670
-1671
-2476
-2950
-3247
-3507
-3687
-3424
-2748
-2071
-1581
-1181
-462
372
1000
1261
1415
1738
2004
2053
1913
1848
1895
1807
1567
1331
1284
1257
953
519
154
3
-232
-709
-1236
-1572
-1685
-1834
-1988
-2025
-1818
-1472
-1080
-580
12
645
1218
1724
2191
2592
2882
2973
2869
2637
2378
2080
1602
1032
474
72
-287
-622
-864
-986
-966
-901
-748
-526
-256
20
250
452
640
845
996
995
927
869
865
773
562
332
163
44
-153
-361
-540
-681
-812
-963
-1084
-1181
-1270
-1411
-1622
-1782
-1876
-1925
-2081
-2290
-2463
-2506
-2486
-2536
-2554
-2518
-2308
-2061
-1600
-910
-128
548
1047
1723
2580
3321
3605
3504
3439
3373
3093
2394
1464
645
-204
-1082
-2025
-2698
-3065
-3357
-3588
-3651
-3216
-2517
-1911
-1477
-1013
-245
541
1041
1271
1452
1789
1988
1992
1895
1871
1914
1762
1519
1343
1327
1229
845
402
94
-71
-383
-902
-1372
-1653
-1754
-1880
-1956
-1853
-1576
-1185
-790
-297
291
918
1497
1901
2241
2562
2823
2871
2661
2379
2100
1790
1319
765
308
-56
-360
-653
-835
-856
-794
-686
-580
-370
-79
199
383
485
646
846
957
913
817
797
777
652
453
276
175
38
-169
-365
-486
-550
-681
-881
-1062
-1144
-1181
-1336
-1562
-1766
-1845
-1924
-2096
-2278
-2387
-2413
-2457
-2496
-2460
-2334
-2149
-1927
-1540
-878
-131
554
1046
1651
2413
3127
3468
3421
3355
3282
3029
2396
1555
767
-28
-905
-1807
-2512
-2889
-3193
-3409
-3505
-3188
-2561
-1952
-1459
-1010
-321
420
967
1253
1462
1759
1966
1975
1898
1861
1888
1750
1512
1318
1252
1169
857
468
133
-66
-325
-749
-1180
-1473
-1618
-1750
-1870
-1835
-1617
-1208
-815
-357
164
842
1495
1960
2306
2592
2916
2967
2779
2446
2138
1798
1267
683
177
-182
-465
-790
-951
-981
-810
-636
-524
-303
-29
349
506
595
702
875
991
884
776
730
709
586
348
192
93
-12
-198
-427
-526
-606
-681
-882
-1076
-1148
-1225
-1373
-1655
-1810
-1870
-1955
-2134
-2351
-2362
-2327
-2331
-2389
-2371
-2184
-1982
-1716
-1375
-773
-27
588
1081
1610
2356
3037
3323
3265
3161
3141
2897
2275
1444
657
-55
-881
-1749
-2452
-2852
-3092
-3317
-3390
-3117
-2517
-1887
-1432
-976
-315
449
994
1261
1469
1757
2002
2015
1908
1848
1833
1712
1458
1248
1141
1034
755
356
53
-140
-368
-751
-1160
-1419
-1536
-1631
-1712
-1637
-1392
-1055
-724
-312
225
830
1375
1768
2107
2409
2677
2749
2601
2345
2058
1755
1313
805
363
1
-298
-609
-783
-794
-714
-610
-529
-310
-38
252
429
524
659
807
922
887
807
762
729
638
461
317
231
115
-63
-269
-375
-440
-554
-745
-923
-1030
-1106
-1235
-1445
-1638
-1757
-1829
-1958
-2089
-2207
-2235
-2266
-2291
-2263
-2156
-2000
-1882
-1683
-1255
-597
78
579
1007
1611
2332
2939
3158
3147
3102
3036
2754
2152
1434
711
-41
-893
-1719
-2311
-2663
-2964
-3224
-3295
-2945
-2366
-1804
-1373
-902
-223
467
978
1260
1510
1776
1934
1926
1852
1827
1788
1593
1334
1147
1089
960
656
296
36
-118
-355
-707
-1055
-1283
-1412
-1532
-1619
-1572
-1405
-1102
-781
-366
116
666
1231
1654
2028
2314
2612
2716
2598
2379
2111
1837
1386
867
415
30
-276
-605
-800
-853
-810
-682
-598
-380
-135
170
383
484
651
812
953
910
818
811
791
702
490
336
265
147
-21
-238
-339
-395
-501
-640
-815
-868
-948
-1079
-1250
-1437
-1513
-1671
-1815
-2015
-2105
-2141
-2209
-2267
-2324
-2208
-2078
-1943
-1825
-1600
-1171
-588
15
522
972
1534
2140
2692
2952
2988
2952
2853
2628
2095
1449
740
49
-720
-1497
-2114
-2502
-2779
-3009
-3113
-2883
-2376
-1830
-1383
-955
-341
317
862
1162
1403
1655
1851
1884
1795
1736
1693
1563
1320
1085
970
863
632
301
11
-147
-325
-593
-919
-1138
-1258
-1338
-1423
-1426
-1299
-1084
-779
-426
14
467
955
1387
1776
2088
2344
2495
2476
2332
2113
1866
1501
1048
589
199
-149
-438
-678
-789
-815
-744
-616
-430
-201
44
284
459
624
781
908
928
878
830
807
729
575
408
296
191
61
-93
-216
-300
-389
-491
-592
-660
-734
-853
-999
-1128
-1245
-1396
-1621
-1803
-1935
-2011
-2118
-2236
-2280
-2275
-2185
-2067
-1916
-1722
-1499
-1072
-496
130
668
1066
1598
2179
2726
2970
2948
2895
2776
2550
2015
1339
694
23
-703
-1504
-2082
-2393
-2628
-2844
-2994
-2730
-2198
-1664
-1268
-889
-265
383
868
1122
1321
1606
1771
1757
1640
1594
1610
1453
1194
961
904
854
617
294
36
-59
-212
-502
-822
-1037
-1126
-1244
-1369
-1395
-1279
-1065
-839
-545
-138
311
772
1148
1512
1843
2119
2305
2300
2212
2049
1857
1554
1143
753
385
63
-257
-519
-643
-710
-693
-659
-531
-326
-106
118
264
443
628
782
844
812
810
804
753
620
474
389
283
144
-24
-131
-184
-270
-388
-526
-570
-595
-700
-868
-1049
-1128
-1221
-1401
-1610
-1794
-1839
-1932
-2017
-2102
-2127
-2054
-2000
-1890
-1780
-1591
-1352
-1050
-621
-114
426
878
1276
1772
2259
2624
2717
2668
2592
2405
2059
1493
890
267
-396
-1075
-1675
-2083
-2360
-2575
-2678
-2589
-2223
-1764
-1327
-919
-454
110
591
937
1162
1366
1531
1574
1527
1467
1425
1330
1147
975
865
805
670
442
223
66
-70
-287
-555
-793
-953
-1086
-1212
-1270
-1232
-1101
-909
-650
-310
76
484
896
1268
1609
1865
2077
2170
2142
2031
1849
1629
1295
935
577
264
-22
-294
-474
-581
-611
-576
-508
-366
-203
-4
176
319
474
609
729
748
748
754
744
691
573
476
401
312
197
70
-13
-90
-181
-286
-390
-450
-531
-636
-779
-900
-990
-1112
-1276
-1453
-1581
-1640
-1759
-1874
-1982
-1975
-1936
-1926
-1869
-1798
-1572
-1377
-1129
-777
-293
281
715
1110
1566
2071
2523
2659
2660
2580
2482
2243
1722
1147
517
-40
-676
-1322
-1805
-2130
-2306
-2468
-2505
-2273
-1871
-1421
-1080
-705
-200
308
722
934
1143
1341
1486
1515
1454
1445
1417
1328
1172
1032
968
863
674
418
192
34
-178
-434
-729
-943
-1091
-1212
-1289
-1301
-1199
-1041
-799
-471
-90
311
680
1061
1423
1729
1943
2052
2101
2038
1905
1697
1436
1139
791
469
151
-104
-308
-467
-564
-630
-589
-490
-359
-224
-84
102
263
424
555
654
717
740
770
758
707
622
533
449
325
206
90
4
-89
-219
-319
-387
-445
-529
-643
-754
-850
-948
-1061
-1207
-1331
-1453
-1564
-1628
-1707
-1718
-1759
-1765
-1727
-1683
-1542
-1463
-1308
-1162
-936
-557
-175
285
634
1005
1433
1822
2202
2326
2363
2293
2149
1950
1497
1020
439
-116
-677
-1262
-1671
-2003
-2193
-2336
-2366
-2135
-1789
-1367
-1015
-641
-164
295
721
949
1144
1321
1428
1469
1397
1353
1279
1150
985
812
722
599
427
202
-5
-130
-290
-471
-697
-866
-964
-1038
-1064
-1070
-985
-848
-653
-368
-45
313
619
933
1258
1537
1750
1840
1892
1850
1732
1548
1306
1046
728
416
118
-131
-303
-466
-567
-640
-615
-505
-390
-252
-119
72
250
401
536
652
751
785
795
794
764
706
594
474
360
235
131
0
-116
-237
-324
-389
-464
-516
-603
-673
-743
-816
-889
-1005
-1121
-1235
-1315
-1376
-1428
-1435
-1470
-1490
-1519
-1468
-1373
-1317
-1265
-1243
-1091
-907
-655
-339
-20
362
680
1058
1458
1819
2072
2115
2122
2048
1910
1622
1145
647
96
-397
-912
-1383
-1716
-1983
-2108
-2162
-2018
-1705
-1357
-999
-672
-242
215
590
848
993
1148
1249
1269
1221
1133
1065
940
802
678
601
546
411
264
133
54
-31
-204
-378
-545
-655
-757
-850
-893
-897
-825
-692
-471
-200
84
345
663
1012
1319
1523
1641
1746
1767
1712
1546
1338
1106
808
514
211
-26
-216
-402
-523
-610
-560
-474
-374
-261
-135
87
253
409
524
644
749
764
781
773
749
680
548
452
342
239
113
-31
-118
-220
-269
-348
-404
-436
-471
-487
-547
-585
-651
-726
-825
-954
-1063
-1194
-1279
-1367
-1396
-1434
-1492
-1513
-1497
-1379
-1312
-1239
-1185
-1054
-856
-664
-369
-67
267
552
827
1207
1531
1799
1854
1851
1846
1744
1563
1171
761
319
-128
-569
-1019
-1336
-1594
-1781
-1893
-1885
-1657
-1394
-1123
-864
-544
-117
231
506
680
846
1006
1070
1087
1059
1048
1001
885
795
727
703
596
434
301
199
118
-59
-252
-432
-566
-679
-805
-874
-888
-851
-776
-612
-357
-69
193
441
748
1079
1354
1497
1571
1628
1633
1554
1363
1147
917
660
393
121
-64
-216
-336
-431
-476
-395
-286
-176
-94
35
215
367
477
541
612
668
678
669
629
591
527
434
353
265
208
125
42
-32
-92
-118
-166
-208
-267
-310
-356
-419
-491
-589
-686
-811
-944
-1073
-1195
-1273
-1333
-1369
-1390
-1412
-1380
-1342
-1262
-1167
-1105
-1016
-959
-828
-696
-541
-331
-104
184
431
687
995
1281
1540
1633
1677
1690
1632
1491
1156
797
395
6
-412
-860
-1206
-1481
-1658
-1773
-1799
-1653
-1420
-1143
-877
-571
-175
185
486
676
852
1014
1110
1131
1087
1045
989
892
777
668
600
510
380
259
156
78
-42
-182
-329
-440
-529
-624
-689
-727
-710
-660
-542
-354
-132
88
277
525
823
1087
1257
1320
1415
1474
1466
1360
1181
1034
830
614
367
167
30
-127
-251
-357
-356
-280
-227
-168
-115
37
197
315
404
473
588
644
669
666
663
651
575
501
422
352
282
182
81
-7
-56
-97
-160
-240
-297
-322
-358
-421
-506
-570
-647
-737
-855
-960
-1040
-1111
-1152
-1216
-1226
-1209
-1154
-1110
-1110
-1062
-984
-876
-826
-814
-738
-640
-487
-317
-100
146
363
615
881
1179
1399
1503
1543
1524
1468
1310
1039
700
320
-58
-444
-814
-1106
-1330
-1477
-1583
-1570
-1402
-1163
-912
-689
-403
-66
247
481
637
782
890
948
948
925
904
857
781
691
637
617
561
456
335
254
184
67
-96
-263
-395
-511
-629
-716
-765
-728
-638
-514
-365
-174
93
360
613
823
1034
1221
1333
1383
1375
1339
1232
1072
886
686
505
307
116
-50
-170
-224
-258
-257
-251
-183
-78
14
115
210
327
414
479
529
570
603
589
551
511
466
418
336
253
173
106
45
-34
-91
-150
-180
-222
-270
-308
-342
-386
-446
-522
-590
-671
-764
-859
-977
-1063
-1136
-1137
-1100
-1101
-1159
-1189
-1138
-1026
-998
-1011
-997
-935
-858
-846
-739
-578
-341
-135
51
312
623
967
1212
1332
1422
1492
1546
1429
1165
874
560
233
-204
-592
-916
-1167
-1395
-1583
-1608
-1507
-1329
-1147
-944
-656
-316
12
264
453
640
790
899
921
917
906
864
783
690
641
588
506
396
291
219
146
40
-94
-239
-353
-458
-551
-642
-691
-670
-615
-525
-418
-235
-18
201
409
615
845
1022
1137
1208
1251
1260
1181
1059
910
758
602
403
220
61
-44
-128
-206
-248
-242
-179
-122
-63
24
144
262
326
379
454
531
562
536
519
508
490
427
344
276
224
175
97
25
-16
-40
-66
-124
-155
-178
-201
-256
-339
-397
-469
-555
-675
-786
-888
-973
-1064
-1149
-1198
-1202
-1154
-1126
-1120
-1088
-1017
-928
-880
-855
-810
-742
-679
-618
-471
-263
-26
164
360
619
929
1200
1341
1405
1441
1451
1365
1149
851
537
204
-179
-569
-876
-1099
-1285
-1444
-1505
-1410
-1205
-989
-785
-540
-224
93
342
525
673
803
874
884
861
845
811
725
622
555
531
491
409
309
242
191
116
1
-124
-238
-345
-454
-546
-605
-596
-557
-485
-389
-244
-31
183
385
564
763
952
1070
1135
1172
1186
1140
1020
892
758
622
459
287
148
31
-39
-108
-163
-176
-148
-93
-58
-6
81
185
258
296
362
443
508
519
505
517
524
497
433
364
318
266
201
114
48
-2
-45
-98
-172
-213
-242
-274
-350
-421
-477
-531
-622
-753
-841
-914
-976
-1070
-1126
-1099
-1074
-1058
-1068
-1008
-901
-831
-798
-807
-742
-683
-640
-634
-614
-486
-315
-118
30
204
464
742
980
1110
1209
1303
1319
1235
1037
822
568
258
-103
-467
-738
-954
-1141
-1291
-1354
-1281
-1128
-938
-740
-517
-240
30
255
418
561
675
732
743
715
700
672
618
542
482
470
458
418
357
304
264
198
101
-23
-141
-257
-390
-507
-592
-613
-603
-558
-496
-365
-167
41
249
444
662
862
1005
1108
1172
1212
1174
1067
944
806
678
493
301
136
15
-67
-164
-218
-232
-195
-145
-110
-30
79
192
263
318
406
489
552
545
531
536
531
491
413
347
291
235
158
77
24
-9
-55
-108
-159
-176
-193
-229
-295
-354
-391
-443
-536
-653
-739
-820
-893
-986
-1044
-1069
-1073
-1071
-1031
-977
-909
-860
-817
-754
-717
-681
-674
-659
-643
-600
-506
-352
-182
0
177
408
666
919
1098
1178
1236
1254
1219
1055
816
546
262
-72
-416
-718
-930
-1099
-1243
-1320
-1272
-1103
-908
-717
-524
-260
18
255
409
535
651
735
739
699
678
661
614
514
439
419
407
354
276
204
169
112
27
-91
-200
-293
-393
-468
-515
-510
-487
-453
-374
-231
-46
136
301
486
666
829
951
1035
1091
1083
1030
931
830
716
567
397
229
102
13
-73
-143
-186
-182
-147
-104
-36
45
134
207
277
350
421
475
495
494
483
469
448
404
343
271
208
157
101
45
-13
-54
-85
-120
-158
-191
-213
-258
-321
-390
-439
-489
-581
-694
-801
-864
-939
-999
-1056
-1073
-1059
-1061
-996
-955
-855
-796
-768
-702
-691
-618
-628
-637
-629
-621
-524
-457
-298
-133
45
251
437
704
898
1037
1094
1103
1109
1007
830
564
313
40
-274
-568
-812
-964
-1089
-1173
-1191
-1100
-916
-724
-544
-354
-121
118
286
401
492
573
615
582
546
525
516
465
385
344
335
341
298
237
196
156
110
16
-81
-174
-266
-349
-446
-469
-449
-392
-349
-300
-151
37
247
388
533
696
833
942
973
998
975
900
798
661
564
435
301
153
19
-24
-64
-75
-108
-103
-49
9
86
134
214
283
327
365
399
447
459
437
402
369
357
320
266
198
134
96
57
15
-31
-58
-80
-111
-152
-177
-194
-234
-303
-381
-450
-493
-579
-667
-760
-850
-887
-950
-967
-999
-997
-956
-942
-904
-876
-813
-749
-737
-730
-722
-683
-654
-655
-621
-553
-423
-272
-98
86
282
500
711
900
1022
1087
1107
1074
969
784
564
329
50
-230
-514
-730
-886
-1008
-1075
-1096
-1017
-880
-711
-540
-358
-160
31
198
318
411
496
539
550
528
523
528
508
477
441
439
433
411
363
317
265
193
97
-15
-123
-216
-302
-379
-436
-471
-439
-386
-293
-196
-56
117
295
471
611
755
862
946
975
960
923
853
765
637
501
382
262
168
65
-7
-40
-40
-27
-15
37
84
150
204
256
307
346
375
389
395
390
382
357
331
303
270
237
209
174
148
114
88
63
32
0
-35
-72
-119
-169
-237
-303
-384
-455
-529
-619
-703
-780
-840
-880
-918
-936
-931
-903
-870
-840
-811
-775
-713
-669
-642
-654
-641
-608
-592
-568
-555
-473
-364
-239
-87
80
287
470
632
779
900
989
997
943
836
690
512
278
30
-216
-438
-630
-801
-908
-952
-932
-880
-792
-655
-472
-279
-114
41
185
319
420
473
513
531
530
508
473
454
426
407
381
350
324
298
266
212
141
67
-19
-106
-202
-292
-361
-416
-446
-443
-377
-283
-158
-35
119
315
495
662
769
875
946
967
945
868
798
687
545
399
246
149
53
-24
-89
-125
-99
-71
-13
30
94
165
220
267
303
345
372
372
360
338
329
315
289
256
214
187
149
119
89
60
31
-2
-34
-64
-93
-120
-149
-200
-251
-304
-352
-408
-481
-552
-628
-696
-766
-822
-861
-893
-903
-920
-884
-864
-825
-763
-745
-656
-635
-590
-555
-548
-480
-490
-442
-422
-374
-272
-212
-72
39
188
335
443
577
663
744
755
722
659
555
425
246
61
-136
-308
-481
-628
-719
-773
-764
-747
-684
-576
-446
-282
-144
-4
132
247
348
401
451
484
490
486
453
430
410
386
355
311
283
251
218
175
118
70
7
-55
-125
-186
-227
-252
-262
-248
-202
-129
-30
72
200
340
479
601
695
775
828
847
825
782
715
624
524
411
305
212
135
80
32
22
24
47
77
113
160
202
240
263
295
314
327
329
322
317
308
292
275
251
229
206
179
156
126
100
79
48
24
-11
-36
-57
-98
-131
-171
-208
-255
-306
-364
-424
-483
-548
-605
-673
-719
-762
-778
-790
-797
-800
-782
-748
-706
-666
-637
-601
-562
-527
-509
-479
-457
-412
-370
-315
-244
-152
-38
89
208
326
431
536
614
649
663
628
581
469
342
189
40
-108
-271
-409
-517
-584
-625
-617
-596
-541
-448
-332
-212
-98
16
133
224
297
344
387
423
423
419
394
378
359
342
308
275
253
227
190
150
110
71
34
-21
-68
-100
-120
-144
-153
-146
-111
-60
6
78
168
269
368
452
516
572
614
630
608
567
508
455
380
291
205
142
95
50
17
13
23
55
87
119
173
211
251
272
287
297
297
288
261
233
205
174
143
115
86
67
56
48
37
33
24
23
11
4
-10
-39
-52
-90
-122
-166
-213
-252
-312
-362
-428
-481
-530
-587
-621
-669
-683
-702
-712
-708
-713
-680
-674
-642
-628
-604
-571
-563
-535
-525
-502
-475
-449
-405
-368
-298
-235
-147
-45
42
159
236
338
396
443
469
454
436
357
279
172
66
-47
-171
-271
-363
-419
-458
-477
-459
-422
-345
-271
-185
-88
12
109
181
244
288
331
350
353
343
327
316
292
262
238
214
199
180
155
136
117
104
79
59
35
15
-4
-25
-25
-26
-3
20
54
106
163
233
290
345
394
435
473
479
476
456
433
399
344
304
256
221
183
155
146
145
157
166
183
207
229
244
251
252
248
247
232
211
187
165
149
131
115
105
97
93
92
93
97
99
97
94
86
69
55
32
5
-29
-71
-115
-163
-216
-265
-327
-377
-435
-479
-519
-553
-581
-601
-612
-626
-612
-608
-585
-571
-557
-521
-510
-483
-461
-456
-418
-423
-397
-392
-370
-327
-317
-261
-229
-164
-103
-46
29
92
157
205
241
269
280
272
248
212
152
102
35
-32
-92
-159
-188
-231
-250
-258
-243
-209
-181
-133
-85
-25
31
79
127
170
199
224
237
245
241
234
230
213
199
179
167
146
123
106
92
73
55
41
26
14
7
3
15
32
52
80
122
173
210
250
287
325
351
365
369
366
360
339
309
275
249
228
205
180
166
163
167
163
172
178
184
193
190
185
176
168
157
139
118
104
91
84
71
70
64
69
77
81
91
95
98
97
98
84
68
52
28
-6
-48
-90
-130
-178
-228
-278
-325
-365
-413
-451
-484
-503
-525
-536
-544
-549
-539
-533
-522
-512
-502
-480
-469
-461
-447
-445
-428
-431
-411
-396
-381
-362
-348
-316
-288
-249
-220
-173
-133
-90
-44
-1
42
74
103
128
137
143
143
130
113
83
58
25
-6
-37
-65
-91
-114
-119
-121
-118
-115
-101
-73
-51
-27
7
40
74
103
134
155
177
189
199
205
205
196
189
183
163
153
136
121
107
93
90
84
74
77
97
118
143
166
213
244
279
306
325
350
350
354
342
323
306
279
257
223
198
186
177
175
174
186
198
214
228
243
256
262
263
252
240
229
213
190
165
149
133
121
106
97
98
100
106
105
115
120
119
118
109
104
93
78
56
35
14
-18
-53
-91
-132
-162
-201
-237
-281
-317
-346
-378
-398
-425
-434
-443
-446
-445
-449
-446
-440
-434
-429
-419
-405
-407
-387
-383
-366
-352
-349
-329
-320
-294
-279
-256
-225
-204
-170
-145
-114
-79
-57
-27
-6
23
41
56
65
72
80
71
66
58
48
30
19
5
-2
-9
-15
-21
-18
-14
-9
-2
9
25
42
57
68
88
103
118
130
138
146
158
157
158
158
161
156
148
149
148
147
141
145
149
165
171
189
210
234
265
282
306
314
326
329
324
314
289
266
241
212
186
160
149
142
137
138
150
168
186
208
227
250
271
281
280
276
270
257
242
217
197
178
154
133
112
102
96
82
77
68
73
68
61
60
53
50
46
38
28
14
-1
-16
-39
-66
-92
-116
-146
-177
-210
-240
-267
-297
-323
-341
-353
-375
-384
-395
-401
-399
-409
-409
-415
-417
-413
-418
-415
-405
-380
-338
-312
-259
-224
-168
-138
-128
-96
-97
-82
-92
-101
-125
-159
-154
-167
-174
-195
-192
-151
-136
-111
-96
-49
-15
3
25
45
64
57
60
43
33
24
12
2
-17
-12
5
16
14
28
67
86
96
114
133
152
146
147
150
144
132
117
115
102
91
87
88
87
86
96
113
125
152
188
225
253
277
308
327
338
340
338
332
317
297
270
236
209
187
165
141
129
132
139
137
139
159
177
190
198
208
217
220
221
220
212
208
199
187
173
164
156
146
132
122
120
109
99
86
83
77
70
64
52
41
31
19
2
-17
-36
-57
-74
-102
-128
-151
-179
-203
-234
-253
-273
-285
-303
-312
-312
-308
-308
-315
-310
-310
-301
-306
-302
-306
-304
-301
-303
-308
-305
-314
-302
-302
-300
-286
-277
-258
-251
-235
-215
-193
-173
-151
-137
-115
-98
-76
-62
-47
-35
-21
-12
-14
-10
-8
-2
-12
-12
-13
-8
-6
-7
3
11
13
23
27
36
41
49
56
64
74
78
97
103
124
131
142
152
167
183
190
204
210
216
222
232
240
241
239
240
243
239
234
227
220
215
207
199
195
189
186
183
184
190
197
199
203
209
215
222
222
224
226
221
213
206
199
185
173
166
156
148
139
132
126
121
114
111
106
102
95
95
94
88
83
72
68
61
50
40
29
17
2
-13
-37
-56
-73
-98
-120
-148
-162
-175
-194
-209
-227
-229
-245
-247
-252
-257
-250
-255
-257
-255
-257
-256
-262
-263
-260
-260
-254
-263
-263
-263
-257
-259
-262
-258
-247
-242
-242
-243
-224
-217
-207
-190
-187
-168
-156
-139
-132
-119
-105
-89
-81
-70
-54
-44
-39
-39
-30
-22
-17
-16
-10
-9
0
0
12
15
24
42
51
64
71
88
100
115
125
138
145
156
170
185
194
201
208
223
228
234
241
245
249
250
256
254
252
248
243
240
232
222
213
204
198
190
185
187
187
188
187
191
192
201
202
208
209
215
213
209
207
196
194
180
178
173
163
155
150
138
132
123
116
109
103
91
83
78
67
54
42
33
22
11
-3
-16
-24
-32
-42
-50
-57
-62
-66
-64
-72
-78
-81
-83
-92
-101
-110
-121
-120
-131
-137
-143
-152
-158
-161
-164
-164
-170
-174
-178
-177
-181
-186
-185
-191
-184
-182
-178
-179
-163
-152
-142
-138
-130
-113
-100
-89
-87
-75
-67
-64
-70
-74
-74
-75
-84
-81
-89
-91
-90
-90
-86
-85
-72
-66
-57
-51
-35
-24
-14
-6
9
21
33
44
52
62
71
83
90
94
107
120
127
136
141
150
154
155
153
155
162
165
164
169
172
173
181
182
184
186
188
188
190
195
196
194
194
196
197
201
199
194
193
198
199
200
198
196
189
188
190
184
173
167
161
153
149
142
139
133
127
129
126
123
121
121
121
119
115
107
103
96
87
75
65
58
49
36
22
13
5
-1
-4
-5
-12
-15
-16
-15
-22
-28
-35
-42
-51
-58
-62
-67
-68
-73
-77
-80
-77
-83
-85
-87
-91
-97
-102
-110
-113
-114
-123
-123
-123
-119
-116
-111
-112
-106
-102
-98
-94
-93
-95
-95
-92
-94
-90
-90
-88
-85
-78
-80
-73
-72
-69
-73
-72
-72
-81
-80
-89
-90
-93
-97
-99
-102
-94
-84
-79
-70
-59
-44
-30
-20
-7
5
14
23
28
36
45
47
50
56
57
63
66
67
68
67
69
68
73
74
78
82
85
90
94
105
109
115
119
122
132
136
142
149
159
163
164
166
170
173
169
170
167
165
163
158
157
153
151
144
137
132
128
122
116
116
116
115
114
112
116
117
116
118
117
119
119
114
114
106
106
99
95
95
92
93
93
85
83
74
69
61
53
41
31
22
12
4
2
0
0
5
10
15
23
32
39
41
43
45
36
33
26
20
8
3
-2
-5
-6
-11
-9
-8
-4
0
-2
-2
-1
0
1
-2
-5
-8
-4
-5
-5
-2
-2
5
2
2
5
4
6
5
6
2
6
11
7
9
8
10
4
6
6
4
7
4
9
7
11
20
19
26
32
40
45
50
53
54
61
56
63
66
72
71
73
79
78
86
87
85
87
89
90
88
89
92
89
96
95
99
100
103
108
112
118
122
126
128
129
133
132
131
126
123
125
117
113
114
113
109
113
113
113
115
110
110
111
114
110
108
105
99
100
98
95
90
88
85
81
80
77
74
71
67
63
60
59
52
47
48
45
42
39
41
37
34
32
28
26
20
15
8
5
1
0
-2
-1
-2
-7
-8
-8
-5
-4
-7
-6
-8
-6
-10
-15
-13
-20
-24
-28
-29
-35
-39
-42
-48
-54
-55
-58
-58
-60
-58
-58
-59
-60
-59
-59
-64
-65
-63
-65
-67
-66
-64
-65
-66
-68
-65
-64
-63
-64
-67
-73
-79
-84
-88
-98
-104
-104
-106
-105
-105
-95
-93
-85
-80
-80
-75
-65
-63
-64
-66
-65
-65
-70
-70
-67
-65
-61
-53
-49
-41
-34
-30
-27
-26
-21
-18
-16
-17
-18
-18
-20
-26
-24
-25
-21
-20
-17
-6
0
8
13
19
24
35
41
42
49
57
64
67
69
65
64
64
59
57
52
49
45
44
46
48
47
48
56
59
68
70
71
75
75
78
81
76
76
73
74
73
71
71
68
67
64
63
54
54
49
47
43
41
39
36
39
37
41
42
48
49
49
49
51
49
47
41
41
41
36
39
36
37
37
37
38
41
42
43
47
47
47
43
39
39
41
34
30
29
31
30
29
31
34
35
34
37
40
44
46
46
45
48
49
51
54
56
56
55
60
57
57
53
53
53
51
53
54
56
55
56
58
59
57
59
62
65
64
66
60
55
52
49
46
44
44
49
51
52
57
61
67
60
59
57
51
52
45
40
33
28
24
20
11
10
8
7
4
2
-2
-6
-7
-8
-10
-16
-17
-19
-20
-26
-30
-36
-42
-44
-47
-55
-58
-61
-63
-70
-75
-73
-77
-82
-89
-93
-90
-93
-101
-99
-102
-105
-108
-110
-107
-108
-112
-108
-111
-110
-110
-113
-114
-113
-111
-110
-111
-111
-112
-112
-115
-118
-122
-121
-121
-122
-120
-120
-114
-107
-106
-100
-93
-91
-87
-82
-78
-75
-71
-65
-67
-62
-62
-60
-54
-52
-53
-49
-47
-43
-41
-37
-36
-31
-28
-27
-22
-19
-16
-10
-6
-4
0
3
6
7
13
13
15
14
19
22
23
24
28
29
31
32
32
33
35
32
30
24
20
19
19
13
7
8
4
7
7
2
6
7
4
6
4
8
13
14
14
15
17
19
21
15
18
18
