-4
-5
-4
-4
-3
-2
2
1
0
1
-4
-4
-1
-3
-2
-1
-4
-4
-2
-2
-5
-1
-2
-5
0
1
-3
-1
1
-1
-1
-1
-4
0
5
2
1
-1
0
0
2
1
-1
-3
-2
0
-2
-2
-3
-2
-4
-4
-6
-6
-8
-7
-7
-8
-4
-1
-5
-3
-2
-1
1
3
2
6
6
8
6
6
7
4
6
9
9
4
6
5
3
5
3
4
1
2
6
2
1
4
2
1
4
3
2
1
3
4
3
5
4
4
4
2
3
4
5
6
6
8
6
7
7
8
2
3
2
5
7
8
7
8
6
1
5
1
0
0
4
4
2
2
6
4
2
6
6
5
7
5
2
4
3
2
4
3
4
3
2
4
0
2
-1
3
3
3
1
-1
1
2
3
0
1
1
1
3
1
1
-2
-4
-4
1
2
8
8
5
3
-1
1
0
0
2
6
6
1
-2
3
3
5
5
5
3
1
-2
-1
1
3
1
3
3
1
2
1
0
3
3
2
1
-2
1
-2
-2
3
3
2
2
2
3
2
2
0
-2
1
1
-1
-4
-8
-7
-9
-8
-6
-8
-5
-6
-9
-8
-5
-4
-4
-1
-4
-1
1
-1
-1
-2
-1
3
2
2
0
-2
2
0
0
1
-1
-2
1
-5
-1
-2
-3
-3
-5
-4
-8
-9
-9
-8
-9
-6
-5
-7
-7
-7
-6
-3
-8
-5
-6
-7
-5
-4
-2
-6
-9
-6
-4
-7
-7
-7
-9
-9
-12
-11
-11
-8
-10
-10
-6
-7
-6
-8
-8
-6
-7
-9
-10
-10
-8
-3
-4
-4
-5
-5
-4
-6
-8
-9
-6
-5
-3
-3
-2
-1
0
0
-3
-1
0
-1
-1
0
1
2
5
4
0
-1
2
1
1
1
2
4
2
7
4
4
7
7
6
6
8
6
8
7
6
6
6
3
4
4
4
6
8
11
10
8
7
7
6
9
8
8
11
11
11
16
16
13
14
12
15
17
18
17
20
22
17
17
19
18
16
20
19
15
13
15
14
13
11
11
15
13
12
13
10
8
11
12
11
7
9
11
10
11
12
14
16
15
17
13
17
17
20
21
19
21
18
19
20
20
19
24
18
17
19
15
16
17
16
18
15
15
12
14
16
13
17
16
16
17
21
20
20
20
20
17
16
19
15
16
19
20
19
20
18
18
16
14
15
14
12
14
15
14
10
10
9
11
9
9
10
8
9
8
11
13
11
9
9
7
5
4
3
6
5
5
9
7
6
6
2
4
6
4
4
5
3
0
0
3
2
4
1
2
4
5
4
3
4
3
4
6
7
7
7
6
7
4
4
6
2
7
6
3
3
5
2
2
-1
-1
-1
-1
1
-3
-3
-7
-3
-3
-4
-3
-1
-4
-3
-3
-3
1
2
2
4
5
3
3
2
2
4
3
6
5
4
6
3
0
1
2
1
2
0
-1
1
1
-2
-3
-4
-6
-5
-1
-3
-5
-3
-7
-7
-4
-2
0
-4
-1
-3
-3
1
0
3
1
-1
1
4
-2
-3
2
-1
-2
-6
-6
-2
-2
-5
-3
0
-3
2
0
-2
-4
-3
-4
-4
-4
0
0
-2
2
-1
3
2
2
1
0
3
3
2
2
3
3
5
5
3
0
1
1
3
3
4
4
4
8
6
6
5
4
8
9
8
11
5
6
4
4
8
1
4
1
1
4
2
1
-1
5
3
0
-1
2
1
-2
1
-2
-2
1
1
0
-1
2
0
-4
0
1
1
2
2
4
5
8
7
8
7
7
9
13
12
10
10
11
8
6
10
6
7
5
4
3
3
1
-2
-3
-1
0
-2
-1
-1
-1
0
-1
-3
2
2
1
2
2
2
4
3
3
7
2
5
6
3
5
2
3
-2
0
0
-1
1
-4
0
-2
-1
-1
-5
0
-3
-4
-4
-7
-2
1
-3
-4
-2
-1
-1
-1
0
-1
1
-3
-2
-2
-1
-1
-1
0
-2
1
1
-2
-3
-3
-4
-5
-5
-4
-3
-4
-6
-5
-3
-6
-5
-5
-5
-6
-7
-4
-7
-7
-6
-7
-8
-8
-7
-9
-8
-9
-7
-9
-6
-6
-8
-9
-11
-9
-8
-11
-9
-8
-10
-11
-11
-10
-6
-5
-6
-6
-9
-8
-10
-8
-8
-9
-7
-9
-10
-10
-8
-6
-7
-10
-10
-11
-10
-8
-10
-9
-13
-13
-15
-16
-14
-17
-20
-19
-17
-17
-25
-26
-20
-24
-23
-20
-21
-17
-16
-18
-17
-17
-13
-15
-12
-12
-15
-12
-12
-14
-12
-11
-9
-12
-15
-11
-11
-10
-14
-14
-15
-15
-17
-18
-16
-16
-16
-17
-15
-18
-20
-18
-18
-17
-18
-16
-17
-20
-15
-14
-16
-14
-15
-19
-18
-14
-17
-15
-13
-13
-11
-15
-17
-15
-13
-15
-16
-18
-18
-15
-17
-13
-15
-15
-15
-16
-12
-14
-13
-14
-15
-18
-15
-11
-12
-14
-14
-14
-15
-14
-12
-11
-9
-8
-8
-11
-10
-10
-8
-8
-8
-10
-11
-8
-12
-11
-10
-11
-8
-10
-9
-10
-9
-10
-10
-7
-6
-9
-11
-9
-10
-7
-6
-6
-5
-5
-9
-6
-6
-7
-7
-7
-6
-7
-7
-7
-5
-8
-6
-5
-4
-4
-2
-2
-1
-1
-2
-2
-1
-2
1
3
0
3
6
4
4
5
5
6
8
11
9
11
8
8
8
8
7
6
7
6
6
4
3
4
5
3
4
3
2
3
2
5
4
1
4
4
4
5
7
6
7
7
8
7
5
6
8
10
11
10
10
10
11
8
7
10
7
4
8
7
6
8
7
5
4
1
3
5
7
5
7
3
3
5
6
11
6
9
9
6
8
8
7
7
7
9
6
9
6
8
11
12
12
10
12
8
9
8
10
9
9
8
7
7
6
9
7
6
5
10
7
6
9
9
9
9
8
6
6
7
7
6
8
6
3
6
6
7
6
4
3
3
4
0
2
2
3
6
3
2
1
2
4
7
4
3
0
3
0
-1
1
0
1
-1
-3
-3
-4
-2
-4
-8
-8
-8
-7
-6
-10
-6
-8
-11
-15
-18
-14
-14
-13
-12
-13
-10
-10
-12
-9
-6
-7
-4
-1
-2
-5
-4
-3
-3
-2
-2
-1
-5
-2
-3
-2
-2
-5
-4
-3
-1
-1
-4
-1
-2
-5
-4
-5
-6
-6
-7
-4
-5
0
-5
-6
-2
-2
-5
-4
-3
-4
-6
-6
-3
-2
-5
-4
-5
-5
-9
-7
-9
-7
-10
-14
-11
-11
-7
-13
-9
-9
-10
-9
-10
-5
-7
-12
-8
-10
-11
-8
-7
-9
-8
-9
-6
-9
-6
-7
-8
-8
-8
-7
-9
-9
-6
-9
-10
-7
-8
-8
-7
-7
-8
-6
-5
-6
-6
-7
-5
-7
-4
-3
-4
-3
-1
-2
0
-6
-2
0
-3
-3
-2
0
0
-2
-6
-3
-5
-5
-6
-7
-3
-5
-5
-5
-6
-4
-4
-2
-6
-3
-2
-2
-1
-5
-1
0
2
2
3
3
3
6
9
9
7
9
14
13
15
15
11
13
12
10
8
5
6
6
4
4
6
9
9
6
6
7
7
7
8
6
10
9
10
10
10
11
11
12
11
12
15
14
12
17
16
17
18
22
17
15
14
15
16
14
13
11
11
9
13
8
9
10
8
9
7
11
12
11
11
8
7
13
11
10
10
7
7
6
4
4
6
6
10
8
13
9
9
10
6
8
11
8
8
10
7
7
9
7
3
4
5
4
5
4
6
7
4
3
3
2
6
2
-1
2
1
3
3
2
5
5
0
2
2
2
1
3
2
2
2
0
0
0
0
2
3
1
3
3
3
3
3
4
2
4
2
2
3
5
5
4
4
5
3
2
4
2
4
1
2
0
4
0
2
1
0
-2
-2
-3
-5
-2
-1
-2
1
5
2
4
4
4
7
6
4
2
4
6
9
8
6
9
7
6
7
7
3
2
2
-1
0
-1
-5
-1
-2
-5
-5
-5
-6
-6
-6
-7
-8
-8
-6
-8
-9
-7
-8
-5
-9
-9
-8
-10
-9
-10
-8
-6
-5
-6
-8
-11
-10
-11
-13
-13
-10
-9
-9
-9
-9
-6
-9
-8
-7
-9
-10
-11
-8
-11
-12
-12
-10
-6
-8
-7
-10
-11
-10
-11
-13
-10
-9
-8
-9
-8
-7
-9
-8
-8
-9
-9
-7
-7
-8
-6
-3
-7
-5
-4
-5
-5
-6
-4
-3
-2
-1
-2
-3
-6
-2
-1
-1
-1
-2
-1
2
-1
1
0
-3
-3
0
0
-3
-1
-1
-3
-3
-1
-4
0
-3
-4
0
-3
-1
-1
0
0
-1
2
2
4
5
6
7
7
8
10
14
13
11
10
11
10
10
8
6
7
3
8
3
0
3
2
4
4
1
5
4
2
8
8
6
3
6
8
7
9
10
7
11
11
13
13
13
17
17
17
16
16
16
16
14
15
15
11
14
13
15
16
17
17
13
16
13
15
18
18
18
19
20
18
21
23
21
20
21
24
19
19
19
19
18
20
22
19
19
19
24
24
20
18
17
20
21
20
20
20
19
17
19
18
18
16
16
18
15
17
16
16
15
13
15
14
12
14
9
10
14
13
16
14
12
10
10
12
14
14
14
11
7
9
9
10
12
11
13
9
10
10
7
9
9
9
10
8
4
8
6
9
11
11
7
4
7
4
5
3
5
2
2
1
1
-1
0
1
-5
-8
-8
-5
-8
-5
-5
-7
-5
-3
-5
-4
-3
-3
-2
-1
-2
0
-2
-1
0
0
1
-2
-2
-2
-2
0
-2
-3
-4
-4
-8
-7
-6
-5
-7
-9
-8
-11
-10
-10
-5
-9
-10
-8
-9
-13
-11
-9
-11
-9
-9
-9
-11
-11
-9
-7
-9
-6
-5
-7
-8
-11
-8
-10
-8
-10
-8
-8
-9
-6
-2
-5
-5
-7
-7
-7
-8
-5
-9
-6
-6
-6
-3
-6
-5
-5
-2
-3
-2
-2
-1
-3
-2
2
-2
-1
-3
0
-2
-4
-3
-3
-2
-3
0
-3
-3
2
-2
-2
-1
-1
-1
-2
3
1
1
0
-1
-4
0
-4
-5
-2
-5
-4
-6
-5
-6
-2
-2
-2
-1
-2
-4
-2
-2
-4
0
-1
-2
-3
-2
1
1
2
-2
-1
-3
-1
1
2
4
3
6
4
6
7
6
10
10
8
14
11
11
10
12
9
8
5
3
6
3
5
7
7
6
4
5
3
5
4
5
5
5
9
10
8
10
13
12
11
14
12
12
17
12
13
18
17
17
16
15
14
14
15
15
16
15
14
15
15
14
14
16
14
14
12
12
16
13
14
14
16
16
18
15
15
16
15
10
12
16
13
12
12
12
15
15
14
13
15
13
12
12
11
13
14
11
13
16
12
12
11
13
10
7
7
10
8
12
9
8
8
7
4
3
1
2
3
3
4
2
1
1
-2
0
2
2
3
0
-2
0
-2
1
2
1
0
-1
-2
-2
-4
-5
-4
-5
-3
-4
-5
-5
-6
-5
-4
-4
-4
-7
-5
-3
-5
-3
-8
-5
-4
-9
-8
-9
-10
-12
-12
-10
-17
-18
-17
-17
-13
-13
-11
-11
-9
-9
-10
-9
-7
-7
-6
-5
-7
-5
-5
-4
-6
-7
-9
-9
-7
-6
-8
-7
-7
-8
-9
-8
-9
-9
-7
-10
-8
-10
-12
-12
-11
-11
-9
-8
-7
-7
-9
-9
-5
-6
-7
-7
-9
-10
-9
-7
-8
-8
-8
-7
-5
-9
-7
-8
-7
-7
-10
-5
-8
-7
-6
-3
-3
-7
-4
-8
-7
-8
-6
-7
-8
-5
-7
-5
-3
-2
-3
-5
-2
-1
-3
-2
0
1
0
-3
1
-3
0
-2
-2
-2
-1
1
-2
-1
-3
-1
1
0
-2
2
0
-1
0
-1
1
-3
2
2
-2
2
2
2
2
0
1
1
1
2
2
4
2
3
4
2
2
4
2
2
1
1
3
2
7
3
4
5
4
4
7
10
10
11
12
13
10
14
13
15
19
16
15
16
15
16
16
16
15
13
12
12
10
8
9
7
7
7
7
6
5
4
-1
2
3
4
3
6
6
9
6
8
9
8
7
6
8
11
12
10
10
11
12
11
8
8
7
4
5
6
7
7
7
8
4
-2
-2
-1
-1
-1
2
1
2
2
2
2
3
1
5
4
7
4
2
3
1
3
2
4
4
2
1
3
1
-1
-2
-4
-2
-4
-1
-2
-3
-1
-2
-2
0
0
-2
-4
-2
-5
-3
-6
-5
-5
-6
-5
-10
-7
-10
-10
-7
-11
-9
-9
-9
-10
-13
-11
-8
-7
-6
-8
-8
-7
-9
-7
-11
-6
-6
-10
-7
-8
-8
-7
-7
-8
-11
-8
-9
-10
-10
-8
-9
-8
-8
-6
-9
-9
-8
-12
-12
-13
-14
-14
-12
-12
-13
-11
-14
-14
-21
-22
-18
-19
-16
-19
-15
-11
-13
-16
-14
-12
-12
-10
-11
-10
-7
-12
-7
-6
-10
-8
-8
-8
-11
-9
-8
-11
-9
-13
-11
-14
-11
-10
-14
-9
-13
-15
-15
-16
-15
-17
-17
-16
-17
-14
-16
-16
-14
-15
-16
-18
-17
-17
-16
-16
-15
-16
-12
-11
-13
-10
-13
-13
-13
-15
-17
-17
-14
-14
-11
-9
-8
-10
-12
-13
-13
-14
-13
-16
-17
-12
-14
-14
-14
-17
-16
-14
-14
-14
-15
-12
-12
-9
-11
-11
-9
-7
-7
-11
-7
-11
-12
-10
-10
-9
-3
-4
-5
-7
-5
-3
-7
-8
-5
-2
-3
-5
-2
-1
-5
0
-1
-5
-4
-2
-1
0
-2
3
0
-2
-3
-1
0
-3
-3
-1
4
-1
3
-1
-2
-2
-5
-1
-2
-1
1
1
1
4
3
2
4
2
3
4
4
4
10
10
10
9
7
6
5
5
2
5
3
0
1
-2
-2
1
-2
0
-1
-5
-4
-4
-3
-4
-1
3
0
-1
2
1
1
-1
-1
-2
-2
1
1
2
4
4
5
5
2
0
1
2
1
-2
-1
-1
0
1
2
1
0
-2
-5
-2
-4
-2
1
-1
-1
0
-3
-4
0
0
1
-1
0
1
-2
-3
-3
-3
-1
1
2
3
-1
0
-2
-6
-2
-4
-2
0
-3
-2
-5
-4
-4
-5
-6
-9
-7
-7
-5
-5
-2
-2
-4
-4
-5
-4
-7
-5
-5
-4
-6
-6
-8
-7
-11
-9
-10
-6
-4
-5
-5
-8
-8
-8
-10
-8
-9
-10
-10
-7
-8
-7
-9
-11
-7
-9
-8
-9
-7
-7
-9
-11
-8
-9
-11
-9
-11
-9
-10
-12
-16
-13
-15
-14
-14
-15
-17
-18
-17
-19
-21
-21
-19
-20
-19
-17
-19
-17
-12
-18
-16
-13
-12
-9
-8
-7
-10
-13
-12
-11
-12
-13
-14
-13
-14
-13
-17
-17
-17
-17
-17
-18
-14
-17
-16
-15
-14
-17
-19
-19
-20
-22
-22
-17
-19
-19
-19
-15
-12
-16
-15
-14
-16
-16
-17
-17
-15
-16
-17
-13
-15
-14
-14
-12
-15
-16
-16
-18
-17
-14
-12
-13
-12
-12
-10
-14
-14
-15
-15
-13
-16
-14
-11
-14
-13
-14
-15
-18
-13
-10
-8
-7
-8
-6
-5
-2
-3
-5
-7
-8
-7
-7
-5
-9
-8
-5
-4
-5
-2
-3
-4
-6
-5
-7
-7
-2
-1
-4
0
-1
-5
-4
-8
-7
-6
-3
-6
-4
-4
-3
-4
-6
-6
-7
-8
-10
-11
-6
-5
-8
-5
-6
-7
-4
-7
-6
-6
-7
-5
-5
-2
-3
0
-2
-3
-2
-1
1
0
-1
6
4
5
5
6
6
3
5
1
2
1
-1
3
-1
-2
-3
-4
-2
-4
-5
-6
-8
-5
-5
-2
-3
-3
-3
1
-2
-1
-2
-4
0
-4
-2
2
2
4
3
3
1
0
1
2
5
4
0
2
2
0
2
3
0
-4
-2
-3
-4
-2
-2
0
-1
1
-2
-3
3
2
5
4
6
1
-1
2
1
0
1
3
2
1
0
2
1
4
1
-1
2
3
2
3
-2
-2
0
-1
-4
-4
-1
-4
-2
-5
-4
-3
-7
-2
-4
-6
-7
-3
-1
-6
-7
-7
-5
-7
-7
-5
-5
-8
-5
-8
-6
-6
-11
-8
-10
-11
-9
-7
-4
-6
-7
-10
-12
-12
-12
-10
-6
-9
-9
-6
-8
-7
-7
-8
-7
-9
-8
-8
-9
-9
-8
-7
-10
-11
-11
-12
-12
-14
-17
-16
-15
-20
-15
-14
-16
-13
-17
-17
-11
-15
-13
-11
-15
-12
-10
-9
-7
-10
-8
-7
-10
-8
-9
-8
-10
-7
-8
-12
-10
-11
-8
-12
-16
-15
-14
-11
-14
-11
-12
-13
-13
-12
-13
-12
-8
-11
-9
-10
-6
-6
-4
-7
-7
-8
-8
-6
-7
-7
-5
-5
-6
-3
-4
-5
-5
-2
-2
-9
-7
-7
-8
-7
-4
-9
-7
-4
-4
-3
-5
-7
-8
-8
-10
-7
-8
-8
-10
-9
-8
-12
-9
-7
-8
-9
-3
-4
-7
-3
-3
-4
-7
-9
-7
-7
-9
-6
-7
-7
-8
-8
-9
-10
-7
-9
-10
-5
-6
-4
-8
-6
-9
-11
-10
-8
-5
-7
-5
-4
-4
-6
-7
-7
-4
-2
-4
0
-3
-6
-3
-4
-5
-3
-1
-3
-3
-3
-4
-2
-2
-1
0
-1
2
1
3
5
9
11
9
10
9
11
12
16
14
13
15
16
13
9
8
5
4
4
5
5
9
7
6
7
3
6
1
0
5
6
8
8
10
11
8
7
6
5
5
4
9
10
6
12
13
13
11
10
10
9
12
11
9
6
8
9
8
7
8
7
1
5
3
3
7
4
3
-1
-2
-1
4
5
4
5
6
2
-1
0
-4
-3
-3
1
-1
-2
-1
-2
2
1
-2
-3
-7
-4
-9
-8
-6
-6
-1
-4
-6
-6
-8
-10
-11
-8
-5
-5
-4
-6
-7
-8
-8
-7
-11
-13
-14
-14
-13
-16
-10
-12
-12
-11
-7
-11
-11
-13
-16
-14
-14
-8
-10
-13
-13
-12
-10
-11
-13
-9
-10
-10
-12
-11
-13
-15
-13
-16
-12
-9
-13
-12
-13
-13
-14
-14
-13
-15
-15
-15
-14
-15
-16
-15
-16
-17
-19
-21
-20
-21
-20
-23
-19
-16
-12
-13
-15
-12
-13
-12
-13
-13
-12
-12
-10
-9
-9
-9
-11
-10
-13
-12
-13
-13
-13
-12
-13
-13
-11
-12
-12
-13
-13
-16
-19
-17
-16
-17
-20
-20
-20
-19
-16
-16
-14
-15
-17
-16
-18
-19
-17
-19
-16
-13
-16
-12
-11
-14
-15
-17
-18
-15
-18
-16
-18
-15
-13
-14
-10
-15
-14
-14
-15
-15
-12
-10
-15
-12
-13
-10
-10
-11
-9
-9
-8
-10
-10
-9
-5
-8
-7
-7
-4
-6
-7
-5
-11
-8
-9
-7
-6
-7
-5
-4
-4
-5
-6
-4
-5
-7
-6
-2
-4
-3
-3
-2
-1
-3
-2
-5
-4
-1
-2
-4
-2
1
2
2
1
-1
-2
-2
-2
-3
0
4
1
-1
-2
-2
-3
1
1
2
2
2
4
3
5
5
4
7
7
3
11
10
11
14
11
12
14
10
9
11
9
9
11
9
6
7
5
6
5
4
5
6
5
3
5
7
7
8
8
8
7
7
11
7
10
9
11
8
12
15
13
15
12
12
11
11
12
14
14
13
9
14
12
11
15
12
10
8
9
7
13
7
11
11
10
9
6
12
11
13
11
11
12
11
10
11
9
7
9
9
7
8
9
8
9
4
3
4
7
7
2
3
3
2
4
2
5
3
0
0
-3
-1
-1
-3
0
1
0
-3
-4
-7
-7
-8
-8
-5
-2
-4
-5
-6
-12
-10
-6
-8
-8
-11
-10
-8
-9
-8
-6
-10
-9
-10
-12
-10
-11
-10
-8
-9
-8
-6
-5
-3
-3
-3
-4
-5
-6
-8
-5
-6
-7
-5
-7
-6
-11
-9
-10
-9
-7
-16
-13
-12
-16
-18
-15
-13
-15
-14
-16
-16
-16
-14
-14
-15
-16
-15
-10
-10
-9
-8
-12
-12
-12
-11
-9
-10
-9
-11
-11
-13
-15
-16
-17
-18
-22
-21
-22
-20
-22
-21
-21
-21
-21
-19
-23
-20
-20
-23
-23
-21
-22
-21
-24
-26
-23
-25
-25
-28
-24
-27
-28
-23
-22
-17
-24
-21
-20
-22
-22
-21
-23
-21
-21
-21
-19
-20
-22
-23
-21
-22
-25
-22
-25
-21
-20
-22
-21
-25
-24
-26
-24
-22
-18
-19
-18
-19
-20
-17
-17
-17
-16
-18
-20
-22
-19
-18
-15
-9
-8
-8
-12
-15
-13
-13
-12
-8
-7
-12
-16
-19
-19
-16
-19
-16
-16
-18
-19
-15
-12
-9
-10
-14
-17
-17
-13
-11
-9
-12
-16
-19
-17
-15
-16
-12
-12
-12
-13
-13
-11
-8
-7
-7
-2
-8
-6
-4
-6
-3
-3
-3
-6
-9
-1
1
1
3
-1
-2
0
-3
2
0
3
2
-3
-3
-3
1
4
1
-1
-6
-6
-6
-5
1
1
-1
-3
-1
2
2
3
4
4
2
1
2
1
5
9
8
4
3
5
4
4
5
3
5
5
6
5
5
8
4
3
0
1
0
-2
2
0
-6
-8
-7
-6
-6
-3
1
2
2
2
3
-1
1
0
0
3
8
5
2
2
-1
-3
-1
-3
-2
-2
-5
-1
0
-2
3
1
0
-3
-1
2
5
4
3
5
2
2
4
2
1
2
-1
-2
-2
-1
-2
-1
0
2
-1
2
5
5
0
-2
-3
-3
1
1
4
3
5
4
4
4
3
3
1
3
4
4
7
4
5
5
2
-1
1
3
1
2
0
0
0
-1
1
1
-2
-1
-1
-3
-6
-6
-5
-8
-9
-8
-6
-5
-7
-11
-11
-7
-5
-6
-6
-5
-2
0
-2
1
3
1
1
0
-3
0
-1
-1
-2
-3
-4
-4
-6
-3
-3
-3
-4
-7
-5
-7
-6
-3
-4
-7
-5
-6
-8
-6
-4
-3
-6
-2
-5
-5
-3
-3
-2
-4
-5
-2
-3
-3
2
-1
-3
-4
-4
-5
-1
-5
-6
-3
-5
-6
-4
-2
-1
0
-2
-3
-4
-4
-5
-5
-3
-2
-2
-4
-4
-1
-3
-3
-1
1
1
3
0
4
-2
-1
1
0
0
-3
-2
-1
1
0
0
0
1
2
0
1
2
1
0
7
5
3
0
0
0
-1
2
1
2
2
2
2
3
2
0
1
-1
2
4
-1
3
3
1
2
2
3
4
5
3
5
2
4
6
9
7
8
8
11
10
11
13
12
10
11
11
15
18
14
16
12
13
15
16
16
15
16
14
13
8
10
9
8
10
11
8
5
6
5
7
6
5
7
8
9
11
8
8
9
8
12
7
10
9
13
15
13
12
13
9
8
13
10
10
8
5
7
5
8
9
4
5
5
8
4
5
7
7
5
2
5
7
11
13
12
9
10
11
8
10
12
8
9
10
10
10
10
11
10
9
9
7
8
7
4
6
8
3
2
3
3
3
3
5
3
1
1
0
1
4
1
1
-1
-4
0
-2
0
-4
-1
-1
-3
-1
-3
-1
-1
0
-3
-3
-4
-6
-4
-2
0
-1
-3
-2
-1
0
-3
-3
-3
-4
-2
-2
-2
-4
0
-4
-5
-2
-1
0
2
1
-1
-5
-5
-5
-4
-4
-6
-10
-6
-8
-9
-13
-16
-15
-12
-14
-13
-13
-13
-10
-12
-9
-10
-9
-9
-5
-4
-7
-12
-8
-4
-4
-5
-3
-3
-6
-7
-5
-3
-3
-7
-10
-10
-10
-9
-9
-9
-10
-10
-9
-9
-10
-9
-8
-9
-7
-7
-5
-4
-7
-6
-8
-6
-5
-10
-8
-7
-6
-2
-7
-4
-7
-2
-1
-7
-5
-6
-4
-9
-7
-6
-8
-6
-3
-3
-4
-5
-4
-5
-7
-6
-4
-5
-5
-3
-4
-5
-4
-4
-3
-5
-4
-5
-5
-9
-6
-4
-4
-2
-4
-4
-7
-7
-8
-9
-8
-3
-4
-6
-6
-4
0
-3
-4
-1
-6
-5
-4
-3
-1
2
3
-1
0
0
-3
-4
-5
-6
-5
-6
-4
-6
-4
-7
-9
-6
-4
-7
-7
-5
-5
-7
-5
-3
-4
-6
-6
-5
-3
-3
-5
-3
-1
-1
-1
-2
-3
1
3
3
3
4
6
6
7
5
2
4
3
8
6
3
2
3
-2
1
2
-1
3
4
0
1
3
3
2
3
4
5
1
4
6
5
7
5
6
10
13
10
10
10
7
8
10
12
10
10
12
11
10
5
8
8
8
8
8
7
2
6
1
3
6
7
4
3
6
2
6
8
12
10
7
9
7
6
8
6
7
5
6
8
7
8
8
6
3
4
3
3
1
4
7
2
2
1
2
1
3
1
3
-1
1
1
3
6
2
4
1
2
3
2
3
4
3
3
3
1
4
1
2
3
2
5
1
1
1
2
3
2
1
6
6
3
6
2
3
3
2
1
2
5
7
5
2
2
1
2
1
5
3
2
2
-2
0
-3
-3
-3
-2
-8
-9
-10
-9
-12
-13
-11
-11
-8
-8
-8
-11
-5
-9
-9
-7
-7
-4
-3
-5
-3
-4
-5
-2
-6
-7
-8
-5
-6
-5
-5
-7
-9
-9
-9
-9
-7
-6
-6
-8
-6
-8
-10
-13
-15
-11
-12
-11
-10
-12
-12
-12
-7
-8
-10
-7
-10
-11
-11
-10
-12
-15
-9
-6
-8
-6
-6
-11
-12
-14
-14
-11
-10
-10
-12
-10
-13
-15
-15
-12
-11
-12
-10
-12
-13
-12
-11
-15
-13
-12
-15
-10
-10
-11
-10
-11
-8
-10
-11
-11
-11
-6
-8
-7
-9
-10
-7
-5
-5
-8
-8
-10
-8
-6
-4
-6
-4
-1
-6
-5
-4
-5
-3
-6
-8
-8
-6
-6
-6
-4
-5
-4
-8
-10
-7
-7
-7
-7
-6
-6
-6
-6
-6
-4
-4
-5
-7
-7
-7
-6
-5
-7
-2
-5
-6
-4
-1
1
-3
-1
-2
-1
2
1
4
7
6
5
2
3
3
2
2
3
2
-1
0
-1
-3
-1
0
2
-2
-3
-4
-1
-3
1
0
-4
-2
-2
2
6
3
3
5
3
2
0
2
5
7
7
10
9
8
8
8
8
6
5
3
4
5
7
7
4
3
5
2
2
1
2
5
7
4
1
4
5
7
7
8
10
4
2
3
4
2
4
9
3
4
8
6
6
0
1
0
0
1
2
4
2
4
5
5
3
5
3
3
1
2
4
4
4
4
5
6
3
1
3
3
4
0
-1
1
-3
-3
-2
-5
-6
-5
-3
-1
-5
-7
-5
-4
-4
-4
-1
-2
0
-2
-3
-5
-2
-1
-4
-3
-5
-2
-4
-1
0
-1
-1
0
0
-2
-2
-3
-5
-1
-3
-3
-3
-3
-5
-7
-7
-11
-13
-19
-14
-12
-15
-12
-11
-12
-13
-9
-12
-10
-8
-6
-4
-4
-4
-3
-2
-3
-1
-2
-2
-5
-5
-6
-5
-6
-8
-9
-6
-7
-6
-7
-7
-10
-12
-10
-10
-12
-11
-12
-13
-11
-9
-8
-10
-7
-9
-8
-7
-9
-10
-8
-8
-6
-6
-7
-4
-8
-2
-3
-7
-9
-6
-8
-9
-7
-4
-2
-3
-2
-2
-1
-2
0
2
1
0
-1
-1
-2
-1
1
2
3
2
2
2
1
2
3
2
2
1
4
3
6
8
7
5
3
1
1
3
5
4
1
5
5
6
2
2
3
0
3
1
4
6
6
4
3
4
1
2
4
6
5
3
3
5
6
9
8
6
6
4
2
4
8
8
5
6
8
7
8
7
6
6
8
10
8
11
13
16
15
18
17
14
20
17
20
21
14
19
21
20
19
21
19
16
16
13
14
12
13
13
16
14
13
14
14
11
14
15
14
12
11
15
12
13
15
14
15
16
15
15
18
16
19
21
17
15
18
14
17
20
19
17
12
14
10
13
13
13
11
13
13
10
13
8
8
6
8
9
11
15
16
14
14
13
11
9
12
14
13
13
14
13
13
12
15
14
11
12
12
13
15
15
15
14
10
9
12
13
12
11
10
10
11
13
14
14
14
14
14
9
11
13
10
10
12
11
14
11
6
10
8
10
12
12
15
14
15
16
14
13
11
10
13
14
13
16
16
15
13
14
17
14
14
14
14
15
13
12
15
13
15
16
14
13
13
15
12
11
9
8
8
9
6
6
3
3
3
4
3
3
2
3
5
6
9
7
7
11
12
9
9
9
13
11
11
9
12
10
9
9
11
10
7
8
8
9
9
8
10
6
7
6
4
7
7
2
4
5
7
10
6
4
6
5
4
6
6
7
10
9
8
4
11
8
9
10
7
11
8
9
9
6
6
6
6
11
9
8
8
9
6
5
6
4
3
2
4
3
5
2
3
7
7
4
5
7
6
5
4
4
6
6
12
8
8
8
4
7
5
9
9
7
10
12
9
10
6
8
9
8
9
7
6
5
3
4
6
8
11
8
5
5
2
1
0
1
5
0
0
3
2
2
1
3
4
3
2
4
7
9
7
6
9
9
10
14
12
13
17
15
17
13
19
20
21
24
22
24
21
22
19
20
19
18
17
14
13
13
14
12
13
13
12
13
11
12
10
10
12
11
15
13
14
14
14
15
12
15
12
13
15
13
14
14
18
16
14
15
14
16
14
10
11
14
14
16
17
15
17
14
10
10
9
17
18
17
15
14
13
15
17
17
16
19
16
15
18
17
16
18
17
19
19
18
16
19
19
15
14
16
16
15
17
17
16
16
15
15
16
15
20
18
18
19
16
18
17
15
15
16
14
14
13
14
13
17
16
14
12
13
15
14
16
15
17
17
14
16
20
17
20
18
18
18
15
15
15
15
16
16
14
14
15
16
15
14
13
14
10
11
14
12
12
11
9
8
9
8
7
8
5
3
4
2
-2
-5
-3
-2
1
-1
-4
1
1
1
3
4
3
5
6
5
5
5
5
8
7
4
5
3
6
3
1
2
0
0
2
4
0
-2
-2
-2
-1
-3
-6
-4
-3
-2
1
2
0
0
0
-2
-3
-1
-4
-3
-1
-2
0
-4
1
-1
0
3
0
-1
-2
0
2
0
3
-1
-2
-3
-2
2
3
1
1
0
-1
1
-2
-3
-1
1
1
1
-2
1
1
0
1
1
-1
0
0
3
3
1
4
1
1
-1
0
0
1
-2
-3
1
1
0
0
1
-3
1
1
-6
-1
0
2
0
-1
1
-3
-2
-2
-3
1
2
-2
1
2
-1
1
3
0
0
0
-2
0
0
-1
0
0
4
2
0
1
1
1
4
5
5
8
7
8
6
4
6
11
8
9
11
17
15
14
13
12
13
11
15
12
13
11
12
11
10
7
8
8
8
7
6
9
10
8
12
11
11
11
12
13
9
12
12
13
15
17
19
18
15
16
17
18
14
16
15
16
17
16
16
14
14
15
15
16
16
13
16
13
10
14
13
14
14
13
11
11
12
16
16
17
16
16
15
16
17
13
16
14
16
15
15
16
17
19
16
15
18
16
17
16
14
13
14
18
14
15
17
15
16
15
16
19
17
18
17
16
16
11
14
16
17
20
17
18
16
13
16
14
16
18
20
17
17
16
17
16
14
16
16
18
18
17
17
18
21
17
17
17
18
19
19
20
17
15
17
17
13
15
15
13
12
10
8
8
8
9
8
7
5
2
3
1
-1
2
2
-1
-1
-2
0
-1
4
5
2
5
7
7
6
5
7
6
4
5
5
5
3
4
3
1
-2
-2
-1
-3
-6
-6
-1
-5
-6
-5
-7
-9
-11
-8
-6
-5
-5
-8
-5
-6
-7
-4
-5
-3
-4
-4
-4
-7
-4
-4
-3
2
-3
-1
-5
-5
-6
-6
-2
-8
-5
-2
-4
-4
-2
-3
-4
-2
-4
-3
-5
-4
-3
-5
-4
-4
-2
2
-3
-1
2
-1
-1
-1
-2
1
-3
2
2
4
6
2
1
1
2
-2
-2
-2
-1
3
1
1
1
3
1
3
3
4
-1
0
3
2
3
-2
4
3
3
4
-1
-1
-1
-2
-1
0
2
-1
-2
0
0
-2
-3
-3
-2
-1
-5
-5
-7
-7
-5
-2
1
4
6
5
4
4
4
4
5
6
9
8
7
16
15
16
17
16
17
15
17
15
13
13
13
10
9
12
13
12
11
11
10
8
8
11
12
12
15
14
17
18
16
16
15
18
16
16
18
19
18
20
22
17
19
19
16
16
15
17
16
16
18
15
14
17
9
11
11
12
9
12
16
16
18
15
14
12
16
17
16
18
18
19
17
19
15
18
21
22
22
21
23
20
21
22
20
23
24
23
21
23
21
20
23
24
23
21
20
21
19
21
23
23
23
22
23
21
22
18
22
22
21
21
18
20
22
17
18
15
17
18
15
17
16
14
12
13
12
12
12
14
13
10
12
12
13
12
12
13
11
11
15
12
12
14
13
9
12
13
12
11
13
13
10
13
9
6
5
5
5
7
4
5
6
5
5
4
6
5
8
12
5
6
7
7
8
9
12
11
11
10
9
9
6
5
5
6
4
6
2
4
7
5
6
3
4
1
2
2
2
1
-2
-5
-4
-1
1
1
1
2
4
2
2
2
-4
0
-1
-4
0
4
1
0
0
-2
-2
-4
-1
-2
-4
-7
-6
-5
-6
-4
-4
-5
-4
-4
-5
-8
-3
-5
-9
-5
-7
-6
-5
-4
-5
-7
-4
-5
-2
-4
-2
0
-1
1
-2
-3
-5
-2
-4
-6
-2
-3
-2
-3
-3
-5
-5
-5
-6
-1
-1
-5
-6
-3
-4
-2
-6
0
-2
-7
-4
-4
-5
-3
-3
-3
-1
-2
-1
-1
1
4
1
2
0
0
1
2
-1
-1
1
0
1
0
1
0
2
1
1
2
5
6
4
7
7
11
11
12
13
15
17
16
16
15
16
17
15
11
15
10
9
10
7
10
10
7
10
9
8
7
8
9
9
9
9
8
10
10
12
14
13
13
13
12
16
16
14
16
18
16
21
21
16
19
15
18
17
17
19
17
17
20
19
16
19
13
15
14
18
19
17
16
14
17
20
19
17
18
18
19
18
20
18
17
17
16
16
17
19
21
19
17
17
15
15
14
13
15
13
14
15
15
15
15
11
10
9
8
6
11
11
8
8
6
7
4
7
6
4
6
4
6
3
2
-1
-1
3
-1
-1
2
1
-3
1
-3
-2
-2
-3
-3
-2
-3
-5
-2
-5
-3
-4
-6
-3
-6
-5
-4
-5
-6
-3
-2
-1
-2
-4
-4
-6
-4
-4
-5
-4
-6
-5
-6
-8
-9
-9
-17
-13
-9
-13
-11
-12
-13
-13
-12
-9
-9
-8
-6
-4
-5
-8
-4
-5
-4
-3
-1
0
-1
-3
-6
-5
-5
-3
-5
-5
-4
-8
-7
-6
-7
-9
-9
-9
-12
-13
-11
-9
-8
-12
-10
-9
-11
-8
-5
-7
-8
-7
-5
-7
-9
-6
-6
-8
-5
-5
-6
-9
-8
-7
-7
-5
-7
-7
-6
-8
-8
-5
-5
-7
-10
-5
-6
-7
-9
-8
-12
-11
-8
-4
-9
-9
-10
-10
-7
-8
-9
-10
-5
-5
-5
-6
-4
-4
-6
-6
-8
-8
-8
-9
-7
-3
-3
-4
-5
-3
-1
-4
-1
-4
-3
-1
-2
-7
-3
-1
-3
-1
-3
-2
0
0
0
-3
0
0
3
7
6
3
2
3
4
2
3
5
5
5
5
7
7
9
9
7
5
7
10
12
12
12
13
14
14
17
19
18
21
19
19
19
17
18
19
16
19
20
14
16
12
11
15
16
13
13
14
8
8
10
11
12
11
11
15
16
15
15
17
18
15
14
14
14
17
18
21
19
17
18
18
18
19
19
15
17
13
13
13
11
12
11
10
7
9
4
10
12
12
9
10
12
9
12
14
14
17
14
11
10
11
9
4
8
7
6
7
11
10
10
8
6
3
3
2
2
4
3
6
6
5
5
6
4
5
3
2
6
8
6
4
3
6
0
1
-2
-1
1
1
1
-1
-1
-1
-1
-4
1
4
2
2
0
-1
-1
0
0
0
-2
-1
0
0
0
-2
-1
-3
0
-1
-2
-2
-2
0
-1
-3
-2
-1
-2
-2
-5
-8
-7
-10
-8
-8
-6
-6
-10
-8
-11
-13
-13
-17
-16
-14
-13
-13
-16
-14
-13
-14
-11
-11
-10
-10
-9
-7
-9
-10
-9
-10
-11
-12
-9
-9
-9
-10
-9
-10
-11
-11
-12
-13
-14
-13
-10
-12
-11
-9
-11
-13
-15
-12
-13
-10
-12
-10
-12
-13
-8
-9
-7
-10
-8
-8
-7
-8
-7
-4
-2
1
-1
-3
-3
-5
-6
-2
-5
-5
-3
0
-4
-4
0
-3
-1
2
-1
-2
-1
-3
-2
-1
-1
-1
-2
0
0
2
3
1
1
1
2
-1
2
4
5
6
5
4
6
2
2
2
4
4
4
1
4
5
0
2
4
1
3
3
2
6
6
3
2
1
5
6
3
6
10
5
3
2
2
4
1
5
5
2
4
5
6
4
4
4
5
4
5
6
6
7
6
8
10
11
10
10
11
8
12
11
14
15
18
20
17
18
18
16
16
15
15
14
13
12
8
12
10
11
14
13
11
9
9
8
11
10
11
9
9
9
10
12
13
12
14
13
12
11
11
10
13
13
14
13
12
16
14
12
10
13
11
14
11
12
13
11
11
10
11
8
10
7
14
11
11
10
8
10
13
15
11
12
11
9
11
15
12
10
13
13
14
15
14
12
11
11
8
10
11
10
15
13
10
11
10
9
7
6
5
5
5
6
5
5
5
4
5
5
3
2
3
1
2
2
2
3
1
2
-2
-2
1
-1
2
-1
2
4
3
3
4
3
4
3
1
1
-2
-2
-2
2
-2
-4
-1
-3
-2
-2
-4
-4
-4
-6
-4
-5
-6
-4
-9
-5
-4
-5
-6
-6
-5
-5
-9
-13
-16
-18
-13
-14
-17
-16
-18
-13
-14
-17
-13
-11
-13
-14
-9
-10
-13
-10
-9
-9
-5
-10
-8
-9
-12
-10
-10
-8
-11
-10
-14
-10
-12
-13
-14
-16
-16
-16
-15
-15
-13
-15
-14
-14
-15
-16
-13
-14
-11
-10
-14
-13
-12
-14
-12
-11
-12
-8
-11
-8
-4
-6
-9
-10
-9
-9
-10
-12
-10
-9
-11
-8
-8
-7
-7
-6
-8
-7
-3
-8
-6
-7
-5
-6
-4
-5
-6
-3
-5
-2
-1
-4
-3
-2
-1
-3
-2
-1
1
-5
-8
-8
-5
-5
-5
-4
-4
-5
-3
-1
0
-1
0
0
-4
-2
-1
-1
-1
2
0
-1
5
1
2
2
2
0
-5
-1
0
0
1
3
1
-1
0
1
2
-1
2
2
2
2
1
0
1
0
2
8
4
5
6
6
8
8
11
9
9
11
15
12
11
11
12
14
13
14
12
10
10
7
7
8
4
3
4
9
6
5
5
2
4
4
7
5
5
5
6
6
3
7
8
4
5
5
5
7
10
11
12
11
10
10
10
7
6
9
7
4
8
8
9
11
8
4
12
4
1
5
5
6
6
9
6
10
10
11
11
7
11
6
7
9
6
9
7
7
6
8
8
7
8
10
8
8
5
7
4
2
6
4
5
3
4
2
2
2
0
3
3
4
3
5
4
3
1
0
1
2
2
0
2
5
4
3
0
2
5
3
4
4
6
3
5
2
-1
1
-1
-2
-1
1
0
1
1
-1
1
4
0
0
1
3
2
0
1
0
0
3
0
-1
0
-2
-4
-8
-4
-8
-9
-9
-9
-9
-13
-16
-14
-14
-11
-9
-11
-11
-6
-6
-5
-5
-6
-6
-5
-6
-6
-5
-4
-2
-4
-5
-7
-4
-3
-5
-6
-5
-8
-9
-5
-4
-7
-7
-5
-6
-9
-10
-13
-10
-10
-11
-10
-10
-10
-10
-10
-10
-7
-9
-7
-6
-8
-8
-8
-7
-6
-6
-3
-5
-6
-5
-7
-6
-7
-8
-10
-13
-12
-12
-11
-7
-6
-9
-9
-8
-10
-11
-10
-10
-13
-13
-9
-9
-9
-9
-9
-5
-7
-4
-9
-9
-8
-6
-5
-5
-5
-2
-2
-3
-6
-7
-6
-7
-5
-3
-5
-1
0
-2
0
-1
-1
-2
-1
-1
2
3
1
4
0
-2
2
-1
1
1
0
2
1
1
0
2
2
3
5
1
0
2
3
6
6
5
6
9
8
9
10
8
13
12
11
10
12
13
12
16
15
15
17
18
19
21
21
21
20
17
19
21
23
17
18
16
15
16
15
16
16
17
14
14
11
13
15
14
12
14
15
16
17
15
18
17
14
15
16
15
20
20
19
22
18
18
17
15
18
16
15
15
14
16
16
16
15
11
12
13
9
11
7
8
12
11
10
9
8
9
9
10
10
11
10
8
8
9
9
9
9
11
9
12
11
9
10
8
8
8
9
8
6
6
6
8
9
6
3
2
6
5
2
0
2
2
1
2
1
2
1
0
1
4
0
1
1
0
0
-5
-3
-2
1
-1
0
1
0
-2
1
0
0
2
1
0
-3
-3
-3
-3
-1
-1
-3
-2
-2
-2
-6
-3
-1
-1
1
1
0
-1
-1
-2
-2
-2
-2
-2
-2
-6
-4
-6
-5
-8
-9
-12
-10
-8
-8
-7
-7
-3
-6
-4
-6
-1
0
0
4
3
4
0
1
2
3
3
2
1
1
1
0
-1
0
0
-3
-3
-2
-3
-3
-5
-5
-8
-6
-6
-6
-7
-7
-5
-7
-2
0
0
-2
0
-3
-2
-3
-5
-4
-2
-2
-4
-4
-4
0
-2
-3
-5
-3
-3
-7
-8
-3
-1
-1
2
-1
-1
-1
1
3
0
-1
-2
-2
-1
-1
0
1
1
1
0
-2
1
1
-1
0
0
-3
0
2
2
5
6
4
5
8
7
11
9
15
19
19
22
22
27
25
118
280
454
573
660
747
845
857
847
788
699
512
253
99
-64
-206
-394
-567
-617
-660
-592
-550
-449
-288
-207
-38
85
317
516
588
682
728
843
846
784
740
626
503
329
204
134
1
-118
-234
-281
-300
-320
-307
-323
-344
-346
-360
-354
-387
-433
-485
-563
-592
-625
-604
-602
-617
-584
-541
-439
-367
-296
-242
-206
-151
-137
-119
-125
-155
-204
-268
-294
-301
-293
-307
-298
-243
-159
-58
53
177
282
369
433
503
553
555
536
485
448
402
369
354
326
323
326
369
426
476
538
575
608
619
629
635
597
554
485
426
385
339
310
275
256
249
246
252
238
216
159
73
-22
-136
-258
-414
-574
-726
-867
-981
-1073
-1128
-1172
-1183
-1137
-1071
-967
-871
-767
-681
-615
-547
-508
-466
-473
-510
-526
-568
-557
-571
-538
-503
-455
-352
-264
-96
71
235
392
488
635
705
764
762
703
651
509
393
249
123
5
-144
-231
-305
-319
-313
-305
-249
-203
-125
-47
26
111
172
234
287
348
430
505
580
666
777
933
1081
1229
1371
1479
1582
1630
1648
1600
1493
1328
1093
855
594
321
54
-225
-452
-652
-798
-905
-979
-997
-1010
-987
-968
-957
-943
-963
-983
-1012
-1033
-1060
-1098
-1123
-1141
-1140
-1119
-1091
-1056
-1004
-951
-890
-832
-779
-718
-702
-678
-684
-669
-636
-606
-490
-388
-207
-22
193
459
664
896
1053
1180
1261
1220
1170
1010
826
580
282
29
-266
-491
-705
-859
-917
-957
-901
-826
-689
-512
-357
-172
-13
147
285
380
482
556
634
704
754
842
921
1005
1098
1170
1281
1411
1586
1742
1865
1959
2000
1986
1895
1740
1532
1255
907
546
205
-100
-391
-647
-846
-965
-1019
-1016
-966
-876
-785
-703
-636
-575
-532
-547
-599
-673
-759
-863
-969
-1079
-1185
-1272
-1337
-1390
-1420
-1439
-1463
-1473
-1477
-1499
-1490
-1517
-1538
-1583
-1610
-1607
-1553
-1415
-1194
-852
-430
37
551
1065
1566
1987
2319
2533
2603
2548
2322
2011
1585
1085
534
-36
-546
-1007
-1369
-1625
-1773
-1784
-1722
-1569
-1356
-1112
-846
-616
-391
-199
-33
108
216
334
447
575
734
907
1111
1308
1505
1687
1825
1925
1937
1889
1750
1541
1262
1011
819
668
523
429
399
462
545
657
797
912
977
943
934
884
783
620
379
202
41
-58
-131
-160
-95
-51
32
112
205
314
259
170
10
-187
-424
-801
-1170
-1633
-2052
-2464
-2850
-3086
-3327
-3480
-3576
-3624
-3495
-3363
-3120
-2935
-2694
-2381
-2095
-1667
-1284
-759
-173
444
1107
1730
2405
2992
3438
3769
3896
3968
3774
3392
2872
2191
1479
587
-282
-1112
-1866
-2475
-3044
-3350
-3457
-3433
-3234
-2998
-2564
-2096
-1622
-1140
-715
-236
136
471
793
1070
1382
1618
1852
2102
2309
2526
2654
2739
2742
2650
2495
2192
1817
1355
823
273
-320
-853
-1320
-1644
-1783
-1764
-1558
-1202
-740
-182
375
963
1482
1904
2200
2350
2423
2359
2195
1942
1631
1332
1001
724
506
348
256
175
145
143
153
154
69
-28
-193
-419
-691
-1021
-1338
-1699
-2066
-2400
-2691
-2898
-3056
-3130
-3142
-3113
-3014
-2896
-2774
-2659
-2577
-2472
-2382
-2246
-2125
-1915
-1680
-1365
-948
-375
314
990
1690
2335
2965
3476
3786
3958
3908
3675
3172
2527
1815
971
108
-850
-1659
-2307
-2832
-3146
-3334
-3247
-3064
-2756
-2336
-1888
-1349
-939
-569
-231
54
336
507
689
852
1035
1264
1484
1781
2044
2293
2506
2646
2731
2702
2556
2276
1865
1381
818
243
-348
-903
-1364
-1697
-1784
-1670
-1380
-962
-431
189
824
1427
1977
2404
2682
2761
2702
2581
2318
1977
1546
1134
786
459
252
103
54
72
66
161
216
307
301
176
57
-188
-442
-794
-1191
-1570
-2012
-2374
-2698
-2965
-3118
-3287
-3286
-3285
-3209
-3085
-2987
-2873
-2838
-2760
-2661
-2557
-2451
-2342
-2131
-1842
-1461
-933
-241
527
1285
2031
2737
3442
3928
4243
4323
4210
3881
3284
2585
1741
830
-145
-1158
-1948
-2614
-3074
-3385
-3512
-3366
-3145
-2746
-2327
-1835
-1335
-966
-591
-299
-9
213
359
534
696
931
1183
1480
1825
2137
2448
2708
2913
3023
2990
2828
2505
2068
1524
912
267
-405
-1014
-1532
-1887
-2099
-2045
-1750
-1285
-723
-73
634
1363
1967
2454
2785
3004
3051
2901
2716
2410
2078
1672
1265
972
712
554
417
313
339
310
351
311
280
250
60
-80
-319
-561
-831
-1191
-1501
-1870
-2164
-2441
-2717
-2911
-3126
-3262
-3331
-3407
-3389
-3385
-3352
-3341
-3314
-3208
-3096
-2978
-2833
-2625
-2310
-1935
-1452
-750
-7
809
1596
2361
3149
3746
4205
4432
4464
4337
3869
3312
2546
1698
784
-285
-1156
-1994
-2614
-3094
-3473
-3489
-3461
-3197
-2875
-2506
-1980
-1618
-1190
-852
-536
-197
-14
243
431
685
1002
1272
1660
1993
2357
2694
2936
3155
3212
3175
2971
2616
2166
1584
956
265
-436
-1051
-1579
-1950
-2180
-2232
-2012
-1596
-1009
-371
351
1095
1787
2344
2802
3139
3337
3322
3147
2934
2628
2271
1832
1425
1091
798
584
402
335
320
271
261
215
208
148
-20
-186
-437
-659
-979
-1313
-1647
-2004
-2308
-2629
-2900
-3121
-3310
-3438
-3542
-3592
-3570
-3550
-3477
-3459
-3416
-3336
-3250
-3099
-2984
-2781
-2498
-2145
-1606
-944
-110
762
1612
2472
3256
3964
4478
4753
4850
4666
4251
3630
2844
1961
929
-138
-1161
-2051
-2734
-3289
-3627
-3734
-3681
-3429
-3102
-2649
-2145
-1717
-1303
-959
-607
-297
-73
156
359
618
911
1236
1647
2048
2453
2818
3134
3400
3516
3505
3318
2975
2500
1895
1214
475
-280
-977
-1589
-2029
-2309
-2384
-2197
-1802
-1226
-563
184
956
1684
2286
2793
3150
3387
3399
3286
3088
2798
2462
2036
1644
1284
957
712
487
392
320
239
225
152
152
72
-52
-182
-418
-618
-951
-1252
-1603
-1989
-2314
-2684
-2953
-3200
-3436
-3577
-3745
-3788
-3820
-3773
-3711
-3697
-3603
-3571
-3463
-3333
-3196
-2966
-2719
-2346
-1790
-1045
-144
756
1702
2606
3484
4230
4770
5111
5215
5037
4570
3922
3113
2166
1064
-116
-1208
-2152
-2928
-3532
-3908
-4019
-3975
-3735
-3376
-2890
-2340
-1886
-1455
-1079
-702
-380
-142
85
294
560
859
1204
1641
2069
2508
2909
3265
3568
3730
3754
3581
3242
2761
2138
1437
641
-173
-944
-1613
-2137
-2470
-2619
-2499
-2134
-1572
-886
-113
695
1477
2160
2734
3191
3501
3651
3561
3414
3145
2808
2423
1966
1586
1205
905
686
470
430
307
235
181
55
45
-153
-294
-522
-805
-1029
-1426
-1729
-2116
-2507
-2775
-3184
-3405
-3671
-3858
-3935
-4091
-4034
-4012
-3921
-3802
-3788
-3603
-3493
-3331
-3124
-2944
-2561
-2199
-1592
-818
36
1024
1909
2836
3700
4374
4948
5199
5300
5074
4564
3929
3031
2075
916
-288
-1362
-2383
-3132
-3765
-4121
-4203
-4178
-3875
-3511
-2963
-2390
-1931
-1432
-1036
-623
-294
-61
207
409
678
957
1287
1728
2133
2575
2957
3307
3611
3762
3788
3610
3280
2805
2168
1460
653
-158
-944
-1645
-2177
-2543
-2697
-2603
-2228
-1637
-942
-152
659
1460
2185
2772
3255
3571
3724
3658
3505
3279
2948
2567
2130
1736
1386
1073
847
663
560
432
310
244
124
42
-146
-366
-599
-898
-1205
-1571
-1920
-2291
-2711
-3042
-3400
-3681
-3940
-4153
-4275
-4357
-4348
-4298
-4224
-4098
-4016
-3874
-3694
-3507
-3253
-2959
-2579
-2022
-1286
-365
590
1583
2553
3489
4332
4946
5391
5598
5534
5134
4506
3722
2767
1639
364
-876
-1954
-2918
-3685
-4249
-4484
-4512
-4378
-4042
-3579
-2944
-2391
-1905
-1412
-974
-538
-238
27
299
546
860
1160
1570
2027
2451
2897
3265
3618
3871
3963
3908
3634
3227
2661
1959
1173
295
-545
-1339
-2022
-2518
-2817
-2891
-2690
-2239
-1569
-795
70
921
1752
2474
3072
3523
3806
3880
3760
3562
3240
2863
2422
1954
1544
1169
900
700
558
511
416
384
331
267
212
9
-213
-527
-875
-1233
-1696
-2114
-2595
-3045
-3413
-3806
-4024
-4226
-4333
-4365
-4368
-4241
-4120
-3965
-3827
-3746
-3568
-3480
-3337
-3175
-2961
-2610
-2143
-1421
-519
448
1474
2457
3481
4367
5043
5528
5732
5710
5298
4656
3829
2816
1652
291
-991
-2120
-3108
-3860
-4441
-4635
-4611
-4409
-4002
-3496
-2804
-2221
-1715
-1232
-821
-409
-171
23
234
431
708
973
1372
1835
2291
2779
3193
3615
3927
4073
4059
3823
3446
2880
2164
1346
427
-462
-1321
-2048
-2582
-2923
-2940
-2714
-2222
-1551
-743
151
1034
1851
2549
3115
3537
3737
3748
3641
3416
3108
2720
2303
1919
1558
1262
1016
864
779
693
637
556
490
394
205
-13
-310
-640
-1004
-1436
-1836
-2281
-2678
-3067
-3439
-3729
-4011
-4223
-4363
-4483
-4494
-4468
-4383
-4310
-4265
-4161
-4048
-3877
-3713
-3501
-3120
-2651
-1944
-1092
-45
1039
2138
3172
4163
5002
5623
5965
6066
5854
5355
4610
3660
2551
1270
-68
-1367
-2479
-3412
-4136
-4607
-4787
-4742
-4484
-4080
-3530
-2915
-2361
-1865
-1405
-957
-592
-307
-53
200
500
827
1207
1684
2185
2688
3169
3613
3994
4232
4312
4186
3885
3412
2759
1985
1101
166
-741
-1582
-2265
-2756
-3017
-2974
-2675
-2125
-1424
-582
312
1222
2060
2778
3345
3742
3918
3909
3778
3503
3154
2713
2255
1829
1460
1182
959
826
768
699
684
626
562
462
247
8
-323
-699
-1125
-1603
-2076
-2575
-3004
-3381
-3748
-3998
-4249
-4380
-4464
-4516
-4480
-4401
-4312
-4230
-4190
-4096
-4023
-3911
-3771
-3601
-3222
-2763
-2007
-1071
8
1151
2300
3431
4481
5299
5941
6254
6345
6056
5458
4678
3633
2448
1041
-371
-1651
-2803
-3718
-4447
-4839
-4907
-4830
-4478
-4021
-3389
-2754
-2235
-1712
-1274
-840
-533
-318
-78
140
434
752
1148
1670
2189
2750
3269
3762
4191
4439
4532
4392
4079
3582
2884
2067
1111
140
-821
-1685
-2391
-2883
-3151
-3104
-2756
-2144
-1393
-512
408
1326
2182
2905
3490
3870
4072
4011
3886
3614
3252
2826
2348
1926
1547
1258
1067
885
831
743
678
652
528
468
212
-50
-393
-810
-1214
-1716
-2194
-2697
-3184
-3542
-3897
-4129
-4299
-4453
-4460
-4510
-4443
-4336
-4226
-4146
-4134
-4063
-3982
-3900
-3774
-3628
-3303
-2830
-2124
-1214
-115
1036
2203
3318
4380
5267
5932
6291
6374
6120
5578
4787
3770
2586
1202
-190
-1538
-2690
-3611
-4334
-4749
-4888
-4791
-4455
-4000
-3373
-2765
-2216
-1707
-1290
-863
-562
-337
-123
74
355
665
1072
1582
2100
2675
3208
3725
4179
4463
4591
4482
4191
3716
3044
2241
1305
321
-646
-1544
-2264
-2795
-3088
-3076
-2803
-2239
-1530
-678
223
1105
1921
2659
3257
3688
3915
3953
3879
3664
3392
3025
2674
2300
1925
1649
1424
1248
1100
928
809
638
468
256
-13
-271
-645
-1010
-1396
-1807
-2172
-2614
-2989
-3318
-3614
-3833
-4076
-4199
-4315
-4396
-4433
-4434
-4369
-4307
-4280
-4224
-4189
-4073
-3941
-3767
-3448
-3028
-2330
-1454
-407
701
1863
3007
4089
4965
5668
6117
6313
6168
5687
5020
4120
3026
1735
353
-935
-2108
-3120
-3921
-4470
-4673
-4705
-4516
-4153
-3646
-3033
-2523
-2038
-1581
-1156
-784
-545
-301
-48
230
561
925
1409
1947
2487
3029
3525
3993
4331
4499
4473
4253
3870
3294
2554
1697
761
-166
-1065
-1846
-2448
-2837
-3007
-2960
-2574
-1948
-1159
-325
548
1415
2256
2960
3497
3866
4088
4104
3954
3732
3410
3061
2616
2178
1801
1503
1277
1050
878
746
600
475
306
147
-65
-389
-716
-1109
-1487
-1914
-2362
-2791
-3238
-3603
-3921
-4186
-4371
-4569
-4654
-4721
-4706
-4651
-4561
-4465
-4402
-4331
-4208
-4068
-3846
-3554
-3139
-2451
-1584
-491
608
1815
2983
4126
5075
5809
6325
6588
6493
6061
5379
4499
3411
2075
641
-755
-1987
-3103
-4009
-4640
-4927
-4983
-4831
-4499
-3964
-3316
-2739
-2212
-1719
-1228
-815
-524
-280
-21
265
571
918
1390
1918
2463
3011
3525
4024
4406
4632
4659
4493
4156
3621
2911
2054
1091
126
-836
-1692
-2402
-2890
-3155
-3186
-2913
-2387
-1645
-814
66
949
1812
2552
3205
3679
4032
4162
4184
4078
3886
3613
3246
2844
2448
2054
1715
1387
1098
829
555
331
94
-91
-322
-584
-858
-1165
-1456
-1769
-2144
-2506
-2933
-3294
-3687
-4001
-4295
-4563
-4746
-4903
-4978
-4960
-4924
-4806
-4714
-4586
-4393
-4188
-3863
-3522
-2999
-2303
-1417
-356
718
1858
2999
4072
4991
5693
6197
6465
6410
6032
5409
4596
3583
2326
945
-399
-1635
-2753
-3725
-4442
-4816
-4978
-4929
-4704
-4249
-3654
-3107
-2566
-2046
-1500
-1017
-671
-334
-9
333
682
1029
1496
1991
2505
3007
3471
3946
4298
4512
4555
4416
4132
3647
3002
2217
1318
409
-527
-1376
-2100
-2650
-2971
-3101
-2933
-2515
-1859
-1086
-247
607
1479
2273
2956
3465
3860
4077
4134
4063
3881
3659
3325
2945
2523
2153
1850
1541
1248
979
738
524
259
20
-229
-497
-803
-1182
-1526
-1889
-2263
-2677
-3116
-3471
-3835
-4139
-4412
-4632
-4767
-4889
-4944
-4919
-4853
-4746
-4670
-4554
-4394
-4194
-3895
-3549
-3011
-2275
-1346
-295
820
2003
3165
4260
5150
5870
6342
6580
6475
6065
5429
4551
3485
2192
790
-543
-1812
-2918
-3864
-4542
-4881
-5042
-4930
-4675
-4194
-3597
-3069
-2501
-1987
-1471
-1011
-685
-344
-49
291
642
994
1478
1964
2506
3030
3516
4003
4350
4584
4628
4494
4214
3715
3070
2268
1360
443
-506
-1358
-2097
-2646
-2985
-3090
-2920
-2511
-1860
-1091
-275
584
1428
2221
2914
3451
3857
4090
4194
4143
3994
3775
3443
3063
2632
2224
1882
1520
1200
871
594
352
94
-117
-372
-605
-865
-1202
-1497
-1847
-2221
-2632
-3099
-3507
-3935
-4254
-4577
-4818
-4975
-5106
-5151
-5100
-5020
-4892
-4757
-4593
-4378
-4137
-3757
-3340
-2647
-1806
-818
262
1401
2574
3733
4725
5557
6170
6565
6664
6412
5965
5220
4301
3105
1742
390
-946
-2181
-3278
-4174
-4718
-5055
-5127
-4996
-4657
-4105
-3591
-3004
-2439
-1884
-1343
-945
-568
-225
117
473
803
1243
1714
2205
2739
3236
3748
4168
4478
4650
4638
4488
4129
3603
2915
2080
1187
248
-663
-1483
-2185
-2673
-2982
-3013
-2757
-2226
-1547
-789
29
872
1721
2489
3117
3588
3926
4062
4070
3950
3761
3449
3060
2619
2176
1835
1526
1235
996
787
646
484
327
164
-58
-306
-667
-1042
-1470
-1954
-2438
-3002
-3542
-4007
-4419
-4741
-5033
-5219
-5326
-5343
-5280
-5173
-4982
-4786
-4645
-4433
-4244
-3941
-3620
-3165
-2526
-1683
-658
401
1571
2740
3910
4917
5729
6319
6715
6781
6504
5952
5191
4188
2944
1508
62
-1290
-2558
-3675
-4552
-5065
-5336
-5353
-5160
-4738
-4122
-3502
-2893
-2294
-1702
-1164
-758
-413
-95
220
545
851
1257
1728
2232
2760
3277
3801
4253
4588
4772
4774
4615
4252
3702
2987
2111
1172
191
-764
-1633
-2344
-2849
-3094
-3050
-2732
-2180
-1431
-611
265
1145
2013
2788
3382
3776
3991
4079
4012
3790
3479
3112
2733
2308
1933
1654
1433
1252
1039
890
782
656
505
254
-24
-350
-771
-1226
-1778
-2295
-2855
-3440
-3971
-4456
-4771
-5073
-5328
-5475
-5584
-5543
-5458
-5339
-5172
-5012
-4800
-4625
-4390
-3986
-3595
-2918
-2123
-1104
30
1238
2498
3717
4839
5775
6465
6949
7139
6961
6525
5766
4834
3615
2187
694
-764
-2126
-3357
-4387
-5041
-5437
-5547
-5440
-5122
-4515
-3915
-3288
-2673
-2064
-1473
-1028
-649
-297
41
395
714
1131
1633
2153
2734
3279
3851
4376
4769
5028
5097
5005
4700
4180
3493
2624
1671
645
-397
-1344
-2159
-2777
-3148
-3222
-2990
-2491
-1788
-960
-101
847
1767
2618
3284
3777
4078
4224
4196
4003
3722
3363
2965
2491
2087
1762
1501
1274
1054
888
791
672
557
348
124
-182
-596
-1041
-1574
-2088
-2686
-3315
-3874
-4412
-4834
-5220
-5556
-5749
-5870
-5868
-5789
-5634
-5396
-5215
-4943
-4713
-4421
-4025
-3603
-3010
-2232
-1237
-136
1039
2275
3500
4665
5638
6391
6943
7234
7163
6782
6133
5244
4108
2707
1183
-316
-1749
-3057
-4208
-5026
-5525
-5756
-5718
-5478
-4937
-4285
-3643
-2975
-2323
-1671
-1124
-693
-293
57
434
773
1150
1632
2127
2683
3230
3777
4316
4739
5046
5167
5116
4882
4425
3800
2976
2032
1012
-52
-1049
-1938
-2654
-3093
-3264
-3120
-2733
-2090
-1298
-375
629
1613
2493
3219
3748
4079
4267
4246
4074
3796
3432
3025
2604
2233
1917
1647
1411
1188
1035
918
772
596
351
58
-293
-741
-1231
-1800
-2365
-2992
-3618
-4178
-4723
-5175
-5602
-5923
-6146
-6244
-6248
-6143
-5995
-5767
-5557
-5290
-4973
-4648
-4168
-3670
-2843
-1908
-728
473
1767
3072
4351
5458
6386
7047
7498
7599
7336
6829
5997
4984
3612
2082
483
-1059
-2494
-3809
-4873
-5561
-5995
-6092
-5986
-5583
-4956
-4317
-3612
-2954
-2234
-1588
-1076
-615
-228
189
587
969
1441
1951
2513
3081
3639
4222
4712
5101
5312
5341
5205
4843
4295
3531
2612
1589
506
-571
-1561
-2416
-3023
-3331
-3325
-3046
-2528
-1794
-885
152
1164
2100
2915
3569
3984
4208
4264
4155
3905
3510
3058
2640
2260
1940
1638
1442
1304
1206
1134
1043
964
821
554
216
-222
-695
-1278
-1944
-2640
-3331
-3976
-4599
-5167
-5601
-5976
-6231
-6358
-6376
-6249
-6080
-5843
-5591
-5308
-5008
-4725
-4345
-3896
-3336
-2533
-1522
-372
853
2131
3436
4709
5786
6669
7269
7668
7676
7358
6751
5855
4738
3292
1661
41
-1524
-2944
-4255
-5265
-5874
-6213
-6199
-6010
-5482
-4777
-4079
-3342
-2638
-1900
-1254
-773
-345
22
419
791
1150
1624
2118
2685
3253
3818
4405
4891
5262
5439
5446
5277
4870
4265
3443
2463
1403
271
-816
-1796
-2591
-3101
-3329
-3244
-2916
-2305
-1530
-587
434
1444
2353
3128
3703
4069
4274
4278
4122
3837
3450
3019
2617
2256
1944
1671
1476
1321
1226
1146
1043
921
739
460
98
-360
-882
-1494
-2184
-2914
-3615
-4261
-4877
-5441
-5922
-6291
-6543
-6654
-6659
-6499
-6290
-6052
-5800
-5478
-5136
-4748
-4318
-3794
-3029
-2065
-905
294
1634
2960
4298
5469
6455
7226
7743
7923
7731
7260
6508
5483
4142
2566
896
-721
-2297
-3706
-4906
-5721
-6246
-6446
-6365
-6000
-5359
-4668
-3937
-3199
-2440
-1724
-1142
-650
-222
187
599
975
1435
1946
2493
3079
3650
4251
4790
5227
5501
5579
5496
5185
4672
3946
3011
1978
859
-262
-1305
-2209
-2853
-3223
-3310
-3120
-2632
-1864
-932
62
1055
1972
2796
3422
3827
4039
4097
3958
3671
3297
2907
2543
2200
1893
1655
1534
1475
1417
1382
1316
1215
1039
723
328
-162
-751
-1452
-2222
-2973
-3732
-4440
-5111
-5703
-6160
-6527
-6743
-6845
-6829
-6690
-6498
-6269
-5996
-5724
-5385
-5044
-4573
-4014
-3179
-2096
-870
435
1834
3251
4678
5895
6920
7650
8147
8299
8042
7512
6652
5551
4098
2403
659
-1028
-2610
-4078
-5298
-6081
-6569
-6690
-6585
-6161
-5474
-4767
-4010
-3278
-2493
-1771
-1220
-734
-326
121
567
971
1483
2036
2668
3307
3938
4598
5160
5609
5860
5909
5790
5416
4834
4000
2983
1866
671
-498
-1597
-2512
-3165
-3510
-3535
-3240
-2645
-1776
-812
218
1200
2135
2912
3484
3806
3942
3926
3736
3425
3034
2658
2307
2003
1768
1618
1551
1539
1500
1492
1418
1328
1102
722
249
-347
-1003
-1794
-2617
-3434
-4242
-4997
-5686
-6264
-6663
-6954
-7082
-7136
-7024
-6795
-6538
-6249
-5947
-5606
-5191
-4722
-4095
-3218
-2119
-832
441
1869
3314
4783
6020
7020
7793
8317
8474
8261
7720
6911
5795
4326
2625
851
-838
-2493
-4033
-5310
-6170
-6685
-6877
-6818
-6404
-5760
-5039
-4280
-3509
-2674
-1931
-1336
-829
-359
130
588
1023
1529
2089
2714
3344
3985
4634
5191
5641
5901
5980
5871
5520
4944
4126
3118
1995
794
-394
-1512
-2476
-3189
-3622
-3680
-3471
-2913
-2075
-1061
-7
1039
2027
2891
3539
3933
4107
4118
3987
3631
3235
2797
2421
2060
1755
1567
1470
1432
1396
1343
1316
1211
1017
671
175
-353
-1039
-1821
-2647
-3507
-4320
-5124
-5797
-6371
-6819
-7070
-7245
-7244
-7124
-6880
-6527
-6188
-5842
-5463
-4987
-4380
-3664
-2707
-1573
-320
1025
2370
3778
5148
6288
7206
7816
8230
8274
7997
7389
6463
5297
3805
2110
388
-1301
-2861
-4328
-5501
-6289
-6733
-6828
-6723
-6273
-5637
-4911
-4118
-3332
-2512
-1790
-1183
-641
-160
359
822
1286
1800
2334
2947
3548
4155
4731
5209
5570
5743
5762
5580
5161
4534
3679
2682
1560
393
-729
-1770
-2632
-3260
-3568
-3542
-3213
-2574
-1737
-762
266
1269
2207
2969
3541
3897
4080
4085
3921
3654
3321
2958
2595
2244
1967
1760
1587
1453
1312
1206
1053
846
534
118
-355
-924
-1588
-2306
-3053
-3776
-4495
-5179
-5762
-6275
-6647
-6953
-7130
-7179
-7111
-6936
-6723
-6453
-6128
-5711
-5131
-4427
-3450
-2247
-859
524
1997
3465
4951
6189
7184
7889
8361
8496
8241
7678
6830
5713
4280
2604
866
-778
-2366
-3820
-5088
-5926
-6438
-6643
-6616
-6306
-5741
-5094
-4430
-3728
-2970
-2252
-1662
-1155
-646
-117
422
938
1508
2140
2803
3481
4144
4775
5316
5723
5945
5970
5807
5420
4806
3972
2961
1837
678
-459
-1509
-2398
-3029
-3362
-3345
-3022
-2427
-1623
-671
310
1257
2124
2841
3370
3669
3773
3722
3546
3263
2915
2547
2245
1981
1775
1626
1551
1533
1486
1444
1338
1196
925
529
-6
-604
-1298
-2059
-2896
-3712
-4500
-5190
-5814
-6333
-6712
-6967
-7082
-7131
-7008
-6814
-6543
-6275
-5971
-5615
-5111
-4500
-3607
-2538
-1225
125
1548
3034
4516
5859
6929
7730
8297
8536
8393
7934
7133
6110
4697
3060
1296
-423
-2041
-3606
-4944
-5889
-6487
-6712
-6737
-6426
-5852
-5198
-4460
-3752
-2954
-2207
-1610
-1079
-624
-121
377
831
1371
1934
2584
3244
3902
4573
5140
5615
5896
5990
5908
5577
5030
4246
3264
2177
1006
-153
-1240
-2191
-2866
-3240
-3264
-2994
-2433
-1634
-721
252
1187
2041
2761
3274
3557
3656
3615
3425
3129
2771
2427
2108
1840
1629
1501
1459
1441
1426
1391
1322
1186
918
503
0
-616
-1305
-2122
-2942
-3779
-4559
-5287
-5956
-6519
-6928
-7209
-7358
-7399
-7256
-7055
-6807
-6492
-6173
-5682
-5110
-4361
-3389
-2199
-809
580
2069
3564
5022
6283
7263
7992
8474
8590
8356
7770
6921
5784
4309
2631
855
-826
-2453
-3977
-5222
-6091
-6610
-6817
-6796
-6426
-5842
-5156
-4445
-3711
-2900
-2177
-1562
-1026
-519
24
539
1040
1608
2219
2886
3540
4196
4828
5360
5775
5985
6013
5848
5446
4824
3973
2952
1832
651
-502
-1579
-2464
-3097
-3424
-3401
-3071
-2464
-1635
-696
301
1267
2152
2889
3407
3730
3840
3822
3649
3358
3000
2627
2283
1983
1749
1593
1496
1433
1375
1319
1247
1075
820
419
-62
-667
-1341
-2098
-2885
-3684
-4452
-5194
-5828
-6381
-6789
-7070
-7245
-7252
-7188
-6949
-6712
-6401
-6065
-5656
-5055
-4404
-3457
-2356
-1016
380
1803
3256
4710
6012
7065
7791
8315
8517
8346
7848
6997
5960
4555
2926
1149
-563
-2150
-3666
-4989
-5927
-6515
-6714
-6734
-6443
-5870
-5199
-4434
-3734
-2939
-2172
-1526
-968
-492
45
575
1064
1602
2163
2811
3464
4088
4708
5241
5679
5916
5956
5823
5464
4891
4080
3083
1978
814
-336
-1410
-2341
-3002
-3388
-3435
-3165
-2610
-1822
-884
119
1114
2031
2822
3422
3799
3988
3969
3827
3558
3204
2820
2452
2139
1874
1682
1579
1494
1431
1364
1266
1147
910
568
98
-465
-1104
-1834
-2584
-3364
-4132
-4829
-5506
-6037
-6500
-6781
-6970
-7033
-6976
-6805
-6565
-6295
-6020
-5661
-5214
-4630
-3894
-2924
-1710
-387
1012
2425
3885
5287
6460
7379
8001
8400
8426
8094
7435
6485
5288
3754
2033
288
-1386
-2915
-4364
-5489
-6227
-6619
-6674
-6549
-6073
-5417
-4679
-3918
-3177
-2375
-1670
-1087
-574
-115
404
879
1356
1894
2460
3111
3730
4353
4933
5404
5763
5899
5863
5623
5151
4477
3564
2509
1360
179
-934
-1950
-2770
-3318
-3562
-3454
-3054
-2362
-1477
-457
589
1601
2516
3272
3821
4131
4244
4158
3944
3588
3152
2681
2236
1865
1570
1362
1255
1188
1179
1152
1102
1006
786
484
11
-542
-1188
-1900
-2655
-3438
-4173
-4860
-5432
-5917
-6263
-6492
-6570
-6561
-6428
-6218
-5982
-5715
-5487
-5211
-4868
-4406
-3807
-2956
-1910
-673
603
2010
3416
4831
6024
6985
7674
8134
8216
7954
7348
6459
5289
3787
2105
353
-1293
-2856
-4293
-5415
-6148
-6514
-6555
-6388
-5870
-5176
-4394
-3615
-2856
-2051
-1379
-828
-385
16
459
840
1231
1678
2186
2782
3361
3962
4548
5049
5444
5630
5652
5473
5066
4450
3592
2585
1484
347
-747
-1757
-2556
-3093
-3333
-3257
-2877
-2190
-1279
-284
745
1723
2618
3335
3823
4076
4151
4049
3788
3392
2946
2509
2084
1711
1403
1211
1124
1059
1013
968
912
806
568
239
-208
-731
-1358
-2083
-2827
-3584
-4317
-4959
-5590
-6048
-6427
-6617
-6755
-6787
-6671
-6505
-6247
-6032
-5785
-5434
-4934
-4322
-3454
-2420
-1107
213
1637
3059
4505
5814
6854
7607
8125
8317
8170
7674
6843
5792
4397
2794
1040
-641
-2205
-3698
-4944
-5846
-6387
-6540
-6513
-6150
-5576
-4890
-4120
-3401
-2599
-1884
-1274
-742
-308
186
644
1093
1598
2110
2716
3323
3930
4539
5038
5461
5686
5738
5610
5239
4682
3883
2907
1829
679
-430
-1471
-2345
-2982
-3325
-3345
-3093
-2537
-1721
-752
276
1287
2205
3026
3627
4010
4172
4188
4019
3706
3293
2846
2420
2040
1702
1426
1272
1189
1140
1094
1036
950
784
509
95
-396
-959
-1620
-2349
-3096
-3828
-4481
-5097
-5591
-6005
-6263
-6376
-6406
-6339
-6185
-5966
-5703
-5497
-5253
-4976
-4561
-3989
-3271
-2306
-1144
166
1515
2894
4304
5581
6657
7436
7938
8168
8032
7580
6753
5679
4323
2722
1004
-727
-2295
-3727
-4957
-5819
-6346
-6458
-6332
-5945
-5311
-4589
-3759
-3004
-2243
-1519
-938
-420
-30
369
775
1153
1606
2058
2599
3185
3759
4353
4849
5272
5532
5588
5482
5127
4584
3815
2856
1785
637
-466
-1480
-2345
-2952
-3297
-3278
-2952
-2350
-1509
-528
528
1533
2445
3203
3778
4119
4240
4165
3947
3600
3164
2701
2255
1861
1544
1301
1170
1101
1075
1056
1021
965
797
528
143
-331
-889
-1540
-2258
-2969
-3683
-4347
-4954
-5440
-5790
-6025
-6129
-6163
-6093
-5916
-5711
-5454
-5253
-5028
-4822
-4502
-4089
-3467
-2617
-1567
-386
898
2258
3664
4994
6128
7016
7616
7987
7948
7630
6940
5978
4725
3171
1504
-195
-1791
-3258
-4585
-5518
-6124
-6346
-6251
-5950
-5322
-4617
-3817
-3027
-2270
-1509
-926
-433
-43
296
679
1001
1369
1789
2254
2814
3367
3958
4500
4948
5293
5421
5404
5167
4711
4050
3162
2147
1041
-89
-1141
-2067
-2756
-3166
-3234
-2958
-2399
-1592
-627
418
1455
2391
3159
3743
4109
4208
4119
3846
3487
3025
2503
2052
1640
1363
1161
1035
1057
1068
1141
1153
1109
1049
786
456
-56
-641
-1282
-2059
-2785
-3538
-4224
-4813
-5372
-5723
-6008
-6137
-6138
-6104
-5894
-5739
-5499
-5290
-5105
-4887
-4641
-4259
-3684
-2894
-1844
-697
623
2009
3424
4816
5975
6970
7639
8068
8096
7804
7202
6264
5043
3514
1812
115
-1563
-3080
-4453
-5468
-6100
-6423
-6366
-6090
-5483
-4743
-3970
-3154
-2389
-1613
-987
-505
-87
248
613
931
1270
1705
2161
2712
3266
3849
4432
4910
5279
5456
5461
5277
4848
4213
3350
2341
1234
80
-1039
-2022
-2770
-3242
-3389
-3191
-2657
-1871
-906
145
1214
2189
3041
3644
4072
4240
4203
4003
3619
3203
2672
2190
1760
1374
1157
989
941
975
960
1050
996
913
720
351
-27
-626
-1232
-1948
-2730
-3421
-4193
-4804
-5345
-5787
-5990
-6189
-6167
-6089
-5950
-5678
-5469
-5197
-4951
-4748
-4352
-3947
-3253
-2368
-1368
-124
1103
2445
3820
5033
6192
6982
7576
7893
7788
7514
6764
5825
4570
2994
1416
-324
-1868
-3309
-4623
-5471
-6141
-6321
-6235
-5934
-5270
-4622
-3794
-2996
-2243
-1447
-875
-338
75
418
821
1121
1497
1887
2311
2841
3322
3871
4366
4769
5075
5176
5146
4911
4464
3825
2971
2000
925
-161
-1208
-2116
-2819
-3265
-3417
-3234
-2706
-1914
-971
77
1120
2144
3026
3685
4163
4382
4428
4238
3891
3467
2955
2434
1911
1444
1120
875
750
674
628
658
603
522
358
76
-252
-753
-1307
-1927
-2613
-3253
-3943
-4520
-5027
-5432
-5640
-5796
-5785
-5689
-5535
-5275
-5080
-4809
-4586
-4361
-4073
-3736
-3133
-2344
-1416
-330
789
2064
3341
4532
5599
6428
7057
7397
7353
7094
6490
5658
4487
3025
1518
-62
-1542
-2954
-4218
-5072
-5699
-5951
-5925
-5643
-5022
-4382
-3632
-2865
-2116
-1339
-764
-274
126
464
821
1084
1396
1751
2127
2578
3003
3491
3972
4365
4664
4784
4785
4617
4247
3688
2933
2045
1073
57
-928
-1832
-2537
-3006
-3207
-3124
-2711
-2007
-1086
-87
941
1945
2869
3606
4116
4405
4498
4393
4085
3638
3138
2602
2055
1533
1108
822
629
512
426
401
417
375
277
94
-179
-539
-1057
-1604
-2220
-2824
-3445
-4073
-4607
-5016
-5312
-5451
-5534
-5449
-5310
-5140
-4901
-4728
-4467
-4292
-4022
-3737
-3220
-2537
-1656
-689
409
1597
2832
4016
5071
5980
6644
7060
7131
6958
6488
5759
4708
3407
1959
474
-1006
-2385
-3631
-4574
-5245
-5619
-5675
-5473
-4978
-4373
-3687
-2952
-2217
-1483
-874
-378
43
378
703
979
1265
1594
1934
2329
2741
3190
3649
4050
4367
4548
4585
4482
4190
3726
3071
2271
1375
418
-529
-1414
-2143
-2668
-2941
-2949
-2658
-2089
-1286
-381
590
1538
2460
3218
3783
4140
4303
4282
4067
3699
3254
2760
2245
1734
1284
957
720
578
462
420
394
373
280
139
-104
-406
-821
-1312
-1871
-2444
-3035
-3591
-4125
-4533
-4844
-5020
-5080
-5058
-4909
-4736
-4540
-4347
-4186
-3997
-3864
-3694
-3436
-3013
-2346
-1587
-653
406
1537
2768
3856
4894
5764
6378
6795
6800
6620
6135
5354
4340
2991
1614
174
-1275
-2538
-3734
-4530
-5099
-5401
-5340
-5096
-4523
-3889
-3223
-2463
-1796
-1100
-563
-152
220
469
732
929
1143
1429
1729
2106
2492
2925
3383
3777
4102
4280
4335
4239
3954
3501
2852
2089
1214
295
-599
-1416
-2047
-2490
-2684
-2622
-2319
-1726
-958
-77
854
1714
2543
3221
3700
4010
4098
4044
3818
3397
2959
2442
1969
1510
1063
789
564
451
399
345
401
371
318
195
-38
-292
-694
-1177
-1704
-2302
-2837
-3401
-3899
-4304
-4638
-4799
-4880
-4868
-4730
-4582
-4342
-4187
-4039
-3906
-3803
-3631
-3463
-3148
-2599
-1937
-1048
-98
974
2179
3297
4372
5259
5960
6491
6635
6545
6149
5479
4618
3387
2060
658
-749
-2009
-3231
-4132
-4751
-5106
-5125
-4981
-4515
-3894
-3231
-2518
-1869
-1202
-635
-217
125
361
600
787
960
1188
1461
1816
2194
2611
3052
3484
3868
4115
4236
4209
4017
3657
3085
2384
1568
685
-201
-1077
-1764
-2260
-2527
-2535
-2340
-1877
-1153
-307
637
1524
2360
3066
3604
3943
4076
4041
3839
3458
2955
2433
1925
1458
1026
662
446
338
303
325
362
424
421
314
151
-120
-458
-919
-1484
-2063
-2667
-3243
-3773
-4238
-4600
-4833
-4958
-4947
-4862
-4675
-4488
-4266
-4124
-3950
-3846
-3661
-3459
-3181
-2663
-2046
-1202
-255
769
1934
3053
4116
5067
5755
6358
6557
6526
6210
5578
4782
3635
2334
966
-463
-1738
-2978
-3958
-4619
-5066
-5155
-5047
-4663
-4070
-3414
-2709
-2025
-1363
-763
-303
67
356
583
793
966
1174
1441
1768
2128
2529
2953
3371
3755
4018
4153
4154
3982
3652
3120
2457
1671
808
-61
-922
-1597
-2072
-2331
-2359
-2192
-1759
-1085
-361
502
1301
2090
2774
3229
3581
3748
3759
3616
3255
2877
2433
1978
1559
1137
859
637
490
412
374
400
391
332
217
23
-202
-559
-996
-1501
-2046
-2574
-3128
-3622
-4065
-4398
-4623
-4797
-4817
-4775
-4638
-4497
-4361
-4224
-4070
-3942
-3772
-3566
-3228
-2692
-2048
-1198
-245
810
1943
3047
4063
4994
5680
6215
6425
6361
6048
5428
4629
3538
2267
964
-402
-1646
-2800
-3753
-4371
-4794
-4895
-4796
-4453
-3893
-3297
-2640
-1998
-1391
-824
-388
-32
248
492
712
907
1143
1420
1775
2148
2547
2967
3366
3735
3974
4091
4072
3876
3536
3002
2336
1577
750
-71
-823
-1425
-1825
-2045
-1972
-1697
-1173
-528
189
953
1674
2296
2783
3123
3316
3329
3163
2903
2542
2168
1756
1376
1089
863
731
662
661
720
754
778
735
626
453
149
-230
-702
-1244
-1808
-2412
-2981
-3509
-3966
-4296
-4544
-4661
-4681
-4617
-4479
-4311
-4147
-3989
-3863
-3769
-3698
-3577
-3404
-3056
-2537
-1853
-973
-17
1095
2236
3354
4382
5241
5910
6343
6434
6293
5840
5154
4202
2987
1682
315
-1018
-2238
-3328
-4096
-4609
-4855
-4821
-4568
-4051
-3441
-2790
-2122
-1495
-902
-433
-82
196
403
584
737
908
1147
1447
1810
2204
2645
3100
3524
3865
4070
4150
4064
3801
3362
2745
2022
1212
366
-408
-1069
-1541
-1765
-1776
-1560
-1124
-567
111
824
1475
2073
2513
2842
2990
2955
2839
2566
2259
1898
1519
1264
1013
865
776
742
819
866
940
960
896
789
551
218
-174
-678
-1203
-1778
-2380
-2943
-3429
-3847
-4162
-4416
-4568
-4586
-4550
-4453
-4320
-4224
-4080
-4022
-3973
-3865
-3752
-3477
-3067
-2498
-1677
-773
305
1457
2598
3762
4703
5542
6135
6462
6504
6229
5696
4926
3871
2655
1297
-48
-1338
-2528
-3500
-4199
-4615
-4763
-4674
-4354
-3833
-3221
-2589
-1963
-1370
-846
-422
-116
139
348
536
723
924
1223
1579
1978
2426
2872
3332
3729
4011
4168
4162
4000
3646
3105
2441
1641
810
11
-718
-1283
-1645
-1776
-1657
-1357
-888
-272
402
1100
1684
2192
2584
2820
2899
2810
2634
2389
2074
1749
1446
1245
1094
1002
960
971
1030
1060
1057
994
874
677
360
-22
-489
-996
-1538
-2111
-2660
-3157
-3587
-3920
-4215
-4368
-4453
-4450
-4390
-4330
-4221
-4126
-4059
-4013
-3954
-3846
-3623
-3317
-2761
-2065
-1131
-111
1013
2188
3353
4385
5280
5936
6371
6509
6329
5896
5165
4230
3061
1732
387
-943
-2141
-3167
-3974
-4459
-4702
-4663
-4415
-3974
-3378
-2766
-2140
-1558
-1031
-573
-227
40
249
447
643
853
1134
1475
1878
2319
2767
3217
3613
3933
4109
4123
3981
3644
3155
2502
1723
881
11
-725
-1329
-1724
-1881
-1831
-1528
-1019
-440
304
1001
1685
2248
2617
2908
2999
2955
2780
2439
2134
1749
1400
1137
898
810
748
755
825
883
964
958
881
748
502
178
-228
-739
-1261
-1854
-2414
-2959
-3420
-3804
-4102
-4313
-4424
-4448
-4374
-4264
-4151
-4022
-3946
-3850
-3799
-3693
-3539
-3287
-2865
-2262
-1475
-506
515
1657
2775
3846
4758
5505
6026
6295
6218
5885
5269
4446
3380
2112
785
-529
-1761
-2847
-3730
-4304
-4597
-4649
-4474
-4099
-3533
-2892
-2266
-1667
-1117
-631
-243
37
257
454
638
823
1045
1349
1722
2134
2560
2980
3389
3724
3938
3993
3896
3622
3185
2582
1846
1040
198
-571
-1228
-1686
-1921
-1934
-1690
-1252
-671
71
789
1541
2158
2628
2995
3117
3150
2981
2689
2379
1930
1588
1218
940
786
623
641
640
710
813
815
844
724
552
283
-118
-532
-1071
-1589
-2153
-2710
-3179
-3623
-3934
-4189
-4339
-4356
-4342
-4194
-4104
-3964
-3813
-3739
-3614
-3553
-3393
-3147
-2773
-2189
-1457
-559
452
1497
2594
3649
4537
5312
5813
6105
6083
5772
5231
4424
3410
2206
884
-384
-1615
-2693
-3561
-4182
-4484
-4567
-4414
-4043
-3507
-2871
-2257
-1661
-1094
-605
-197
90
324
523
700
888
1095
1390
1734
2117
2517
2906
3299
3605
3806
3850
3742
3481
3034
2450
1740
941
157
-605
-1228
-1663
-1889
-1883
-1678
-1302
-745
-93
629
1350
1940
2473
2806
3017
3078
2953
2770
2455
2109
1761
1396
1162
945
804
740
684
727
740
720
684
547
390
120
-231
-605
-1072
-1522
-2030
-2517
-2927
-3315
-3594
-3826
-3979
-4003
-4016
-3925
-3861
-3758
-3663
-3594
-3538
-3451
-3337
-3100
-2798
-2281
-1610
-755
199
1212
2248
3295
4177
4931
5454
5757
5812
5521
5030
4275
3351
2243
983
-236
-1401
-2421
-3256
-3896
-4200
-4296
-4163
-3848
-3394
-2795
-2212
-1652
-1144
-692
-291
-13
218
413
596
804
1013
1300
1641
2026
2427
2798
3161
3442
3633
3680
3556
3284
2843
2278
1589
825
48
-687
-1279
-1685
-1889
-1863
-1650
-1233
-701
-77
597
1254
1876
2352
2709
2914
2984
2922
2736
2454
2151
1791
1476
1166
939
784
647
579
523
485
466
380
277
121
-122
-379
-739
-1127
-1537
-2000
-2423
-2864
-3238
-3540
-3786
-3945
-4045
-4046
-4009
-3915
-3837
-3738
-3621
-3502
-3342
-3099
-2784
-2266
-1685
-871
-12
937
1945
2865
3796
4489
5072
5415
5527
5383
4968
4341
3529
2511
1396
209
-905
-1937
-2823
-3507
-3957
-4131
-4127
-3919
-3552
-3052
-2487
-1945
-1412
-917
-478
-103
176
437
680
909
1165
1419
1748
2092
2453
2794
3089
3345
3496
3526
3405
3142
2744
2218
1569
858
119
-569
-1143
-1563
-1770
-1775
-1587
-1205
-725
-129
505
1117
1726
2172
2540
2756
2819
2801
2592
2355
2052
1702
1423
1097
909
766
644
621
557
570
555
464
396
177
-14
-343
-701
-1106
-1560
-1983
-2453
-2846
-3206
-3477
-3641
-3773
-3782
-3746
-3673
-3528
-3482
-3325
-3280
-3144
-2979
-2807
-2439
-2009
-1391
-603
206
1175
2078
3025
3865
4501
5053
5298
5388
5146
4661
4006
3124
2123
963
-195
-1247
-2233
-3006
-3622
-3941
-4010
-3919
-3618
-3214
-2649
-2067
-1531
-1009
-570
-148
165
402
634
819
1041
1251
1491
1802
2122
2473
2776
3038
3251
3358
3344
3167
2852
2416
1849
1195
470
-204
-808
-1280
-1575
-1682
-1588
-1300
-917
-382
179
799
1412
1883
2310
2531
2670
2690
2524
2343
2034
1731
1427
1081
885
680
572
491
393
406
359
330
240
80
-99
-388
-719
-1109
-1526
-1938
-2406
-2800
-3177
-3440
-3633
-3773
-3769
-3779
-3646
-3537
-3402
-3248
-3152
-2962
-2716
-2406
-1928
-1399
-675
121
924
1823
2643
3477
4130
4596
4907
5008
4879
4519
3903
3162
2240
1202
122
-940
-1859
-2656
-3302
-3721
-3915
-3870
-3657
-3329
-2858
-2331
-1782
-1261
-789
-345
42
353
611
851
1090
1342
1593
1857
2143
2436
2710
2937
3092
3178
3140
2972
2669
2243
1729
1120
461
-199
-783
-1196
-1452
-1540
-1473
-1234
-829
-338
225
797
1363
1822
2139
2342
2426
2437
2290
2052
1761
1448
1187
900
709
571
466
425
351
347
319
262
149
-61
-296
-608
-967
-1381
-1849
-2279
-2724
-3078
-3393
-3613
-3710
-3770
-3703
-3645
-3476
-3299
-3155
-2986
-2786
-2474
-2052
-1560
-931
-228
565
1369
2161
2967
3661
4242
4587
4773
4768
4541
4127
3464
2692
1755
737
-272
-1263
-2079
-2796
-3345
-3671
-3821
-3705
-3475
-3107
-2633
-2142
-1600
-1103
-628
-186
182
510
776
1035
1306
1564
1835
2098
2360
2614
2832
3000
3091
3085
2958
2706
2343
1878
1337
724
107
-460
-921
-1213
-1373
-1365
-1195
-911
-494
-4
505
1040
1450
1810
2027
2150
2206
2094
1955
1708
1445
1220
963
808
659
548
496
408
387
321
237
108
-105
-366
-689
-1055
-1459
-1895
-2338
-2724
-3096
-3379
-3594
-3716
-3764
-3726
-3660
-3508
-3385
-3205
-2963
-2628
-2122
-1535
-850
-81
744
1575
2400
3151
3827
4363
4650
4806
4702
4466
4032
3342
2595
1640
686
-268
-1244
-1978
-2679
-3169
-3485
-3675
-3553
-3383
-3051
-2646
-2236
-1719
-1279
-816
-385
-10
374
668
989
1308
1627
1958
2241
2535
2776
2993
3130
3175
3128
2933
2651
2235
1745
1188
581
22
-516
-911
-1155
-1277
-1212
-1060
-780
-370
32
520
911
1263
1559
1685
1802
1753
1675
1546
1319
1161
953
822
731
616
602
517
506
454
347
253
21
-206
-542
-902
-1302
-1742
-2172
-2599
-2996
-3291
-3534
-3654
-3726
-3720
-3627
-3524
-3330
-3179
-2885
-2535
-2062
-1432
-789
-11
782
1556
2359
3023
3666
4150
4389
4533
4374
4160
3714
3059
2356
1445
579
-326
-1213
-1886
-2540
-2952
-3272
-3438
-3340
-3200
-2879
-2535
-2145
-1685
-1285
-843
-452
-67
303
611
941
1251
1595
1919
2218
2496
2711
2905
3001
3020
2939
2717
2428
1995
1516
975
422
-57
-489
-764
-904
-926
-779
-588
-293
54
384
741
955
1158
1263
1275
1276
1152
1053
913
754
663
558
549
540
534
562
543
534
454
311
124
-157
-462
-840
-1233
-1636
-2062
-2438
-2792
-3060
-3267
-3410
-3454
-3474
-3394
-3302
-3165
-2993
-2777
-2389
-1892
-1253
-557
174
984
1725
2500
3132
3719
4124
4295
4314
4093
3807
3310
2643
1892
1001
181
-673
-1431
-2015
-2531
-2832
-3072
-3114
-2970
-2757
-2416
-2104
-1731
-1333
-971
-574
-243
106
416
695
1005
1305
1656
1971
2262
2512
2712
2876
2939
2920
2772
2513
2163
1711
1214
701
227
-171
-502
-713
-797
-720
-549
-289
13
324
657
888
1106
1223
1271
1257
1117
1001
837
705
604
476
447
406
410
437
428
439
361
237
44
-218
-501
-862
-1232
-1639
-2037
-2392
-2708
-2937
-3122
-3232
-3263
-3269
-3175
-3070
-2933
-2671
-2405
-1882
-1339
-669
53
756
1516
2199
2827
3390
3772
4000
4038
3869
3627
3182
2624
1943
1163
402
-388
-1095
-1664
-2152
-2485
-2740
-2847
-2782
-2623
-2371
-2089
-1772
-1420
-1081
-727
-376
-36
293
598
905
1232
1576
1903
2201
2442
2632
2774
2818
2787
2646
2399
2064
1617
1168
703
286
-59
-366
-562
-641
-595
-435
-215
28
296
515
711
862
955
1001
963
861
759
640
563
497
427
413
386
399
415
389
362
255
78
-125
-419
-713
-1060
-1446
-1813
-2190
-2505
-2765
-2969
-3103
-3193
-3200
-3161
-3080
-2955
-2763
-2456
-2013
-1434
-778
-85
665
1345
2055
2665
3189
3609
3771
3836
3649
3383
2995
2409
1796
1033
292
-411
-1109
-1600
-2060
-2357
-2565
-2690
-2609
-2478
-2237
-1982
-1715
-1398
-1111
-787
-472
-149
176
463
786
1102
1464
1808
2114
2382
2561
2714
2759
2725
2597
2340
2010
1573
1144
742
359
60
-220
-383
-420
-392
-229
-82
108
290
395
550
601
656
648
556
504
391
354
322
302
334
323
379
414
443
451
367
258
45
-201
-484
-823
-1145
-1532
-1876
-2194
-2470
-2658
-2824
-2903
-2931
-2929
-2838
-2774
-2563
-2282
-1880
-1320
-752
-73
596
1243
1917
2454
2970
3324
3487
3554
3375
3162
2766
2259
1690
989
352
-316
-908
-1373
-1796
-2054
-2271
-2345
-2301
-2191
-1982
-1785
-1527
-1272
-1013
-717
-443
-133
146
434
744
1054
1407
1711
2008
2246
2417
2550
2581
2548
2407
2161
1876
1518
1178
862
574
367
180
60
9
-18
40
75
121
178
173
208
177
174
173
131
137
114
147
200
251
330
367
409
410
368
299
147
-26
-277
-533
-810
-1102
-1353
-1635
-1854
-2055
-2213
-2297
-2369
-2390
-2382
-2368
-2290
-2157
-1910
-1516
-1044
-501
66
632
1239
1803
2308
2731
2979
3116
3062
2891
2631
2233
1766
1182
565
-21
-587
-1033
-1403
-1683
-1856
-1965
-1952
-1847
-1679
-1475
-1275
-1067
-853
-630
-402
-176
43
269
495
740
1010
1279
1527
1750
1916
2042
2110
2108
2035
1877
1695
1464
1217
977
734
564
398
286
205
135
141
85
98
94
71
85
31
37
18
12
38
30
95
120
149
193
205
217
178
108
0
-136
-315
-501
-707
-923
-1109
-1322
-1470
-1610
-1733
-1791
-1882
-1900
-1925
-1950
-1899
-1886
-1747
-1554
-1246
-809
-384
159
647
1157
1664
2059
2440
2618
2719
2654
2451
2205
1795
1369
846
299
-205
-702
-1047
-1359
-1549
-1641
-1695
-1606
-1502
-1308
-1090
-894
-669
-501
-301
-120
57
255
413
607
783
974
1189
1372
1559
1677
1751
1791
1759
1719
1625
1527
1417
1255
1114
929
757
596
402
272
94
-30
-139
-242
-263
-315
-295
-267
-224
-128
-71
51
139
211
271
272
274
210
131
16
-145
-294
-495
-648
-823
-961
-1076
-1217
-1276
-1379
-1411
-1458
-1507
-1509
-1574
-1567
-1589
-1546
-1419
-1240
-906
-565
-122
343
785
1285
1667
2049
2291
2404
2442
2271
2090
1752
1361
941
421
-6
-458
-800
-1046
-1248
-1296
-1331
-1258
-1129
-983
-774
-612
-428
-280
-161
-23
77
196
296
412
554
701
880
1055
1231
1385
1487
1588
1640
1691
1704
1653
1570
1427
1244
1056
821
598
359
115
-73
-266
-351
-421
-446
-405
-385
-282
-193
-84
50
109
192
203
204
183
100
29
-98
-226
-348
-488
-580
-679
-760
-818
-877
-909
-937
-981
-1015
-1072
-1136
-1207
-1299
-1364
-1428
-1430
-1376
-1257
-1037
-732
-339
96
537
961
1357
1692
1945
2094
2114
2030
1819
1526
1168
771
378
-34
-391
-693
-915
-1029
-1082
-1043
-967
-852
-705
-560
-407
-282
-171
-89
-27
32
87
163
263
381
514
672
846
1029
1188
1334
1479
1600
1713
1764
1734
1656
1485
1278
1034
757
500
190
-55
-287
-464
-537
-597
-567
-521
-438
-306
-190
-38
63
130
161
131
80
-7
-110
-239
-374
-507
-626
-708
-765
-777
-793
-784
-758
-751
-710
-722
-727
-774
-863
-941
-1049
-1108
-1142
-1155
-1082
-979
-753
-447
-100
319
671
1033
1325
1543
1721
1746
1717
1538
1279
982
619
300
-48
-343
-587
-791
-871
-900
-833
-729
-612
-462
-337
-196
-87
-2
62
85
105
115
144
205
285
395
521
680
857
1062
1258
1423
1551
1597
1606
1544
1416
1253
988
726
411
125
-93
-322
-424
-533
-559
-508
-459
-303
-193
-53
56
101
162
139
114
34
-94
-214
-368
-499
-619
-720
-774
-805
-809
-791
-752
-704
-657
-625
-628
-641
-689
-749
-833
-927
-994
-1051
-1064
-1029
-943
-779
-562
-279
35
372
688
968
1191
1346
1428
1422
1335
1164
927
653
364
82
-181
-401
-570
-679
-724
-713
-649
-545
-430
-318
-213
-122
-45
11
45
61
78
103
136
197
288
395
517
655
824
993
1177
1325
1407
1466
1442
1383
1271
1076
872
591
337
93
-142
-269
-413
-455
-469
-455
-351
-272
-122
-22
50
117
115
109
59
-27
-129
-251
-368
-483
-580
-636
-684
-700
-686
-666
-624
-573
-551
-519
-529
-552
-576
-644
-672
-707
-688
-615
-533
-421
-337
-207
-78
103
284
437
575
635
700
690
691
652
554
466
298
172
45
-56
-107
-177
-206
-237
-237
-193
-151
-89
-36
-1
38
53
79
117
138
170
184
210
261
314
385
441
506
561
641
721
799
881
913
930
924
881
854
759
670
545
379
275
116
43
-44
-117
-127
-173
-131
-110
-45
29
56
100
104
106
91
51
-9
-87
-179
-272
-355
-436
-488
-534
-564
-579
-582
-562
-532
-507
-485
-467
-467
-460
-467
-473
-474
-488
-478
-485
-453
-401
-341
-237
-148
-30
89
207
326
409
479
520
520
503
457
401
331
243
164
82
26
-15
-48
-49
-52
-30
-4
32
83
122
171
208
242
277
313
362
402
456
509
566
630
688
753
798
825
831
802
758
688
606
513
400
301
200
114
50
-1
-30
-42
-48
-38
-33
-14
-6
-10
-22
-51
-76
-118
-158
-205
-264
-298
-340
-365
-379
-385
-373
-360
-341
-329
-305
-291
-288
-281
-294
-296
-318
-323
-337
-344
-344
-348
-325
-310
-270
-226
-174
-109
-54
21
82
145
196
224
252
249
242
224
196
181
149
135
124
121
137
149
174
201
229
259
278
297
314
323
336
336
342
346
355
375
385
412
430
449
465
471
476
473
463
442
412
378
333
294
251
215
174
143
123
90
71
45
21
0
-30
-52
-92
-119
-149
-189
-216
-251
-285
-303
-334
-337
-343
-348
-340
-344
-328
-327
-310
-297
-286
-272
-268
-258
-253
-248
-244
-240
-233
-230
-218
-212
-194
-181
-166
-147
-131
-110
-85
-57
-40
-4
5
24
31
29
36
16
17
-5
-11
-11
-15
12
27
70
106
149
198
237
280
314
329
339
339
331
324
307
299
281
270
265
265
272
276
289
299
304
310
312
308
306
285
267
243
217
192
158
131
93
66
27
2
-24
-52
-72
-96
-111
-125
-135
-140
-148
-155
-164
-169
-182
-188
-198
-206
-213
-221
-217
-216
-203
-198
-187
-180
-179
-163
-161
-157
-148
-146
-141
-146
-144
-142
-138
-129
-131
-125
-118
-104
-98
-82
-63
-53
-34
-25
-8
4
11
16
11
5
-6
-9
-21
-18
-11
-4
16
41
74
108
149
186
217
242
265
278
285
286
273
264
243
225
210
197
185
174
173
174
173
180
190
198
202
205
210
208
204
198
189
181
170
152
132
106
78
45
11
-18
-40
-54
-67
-75
-79
-77
-78
-73
-68
-69
-67
-83
-85
-105
-116
-129
-139
-142
-154
-147
-140
-135
-119
-106
-96
-88
-88
-87
-86
-88
-78
-89
-90
-94
-102
-90
-95
-80
-68
-65
-44
-36
-20
-11
0
14
9
11
4
-5
-9
-15
-27
-33
-42
-35
-32
-22
-3
10
39
53
85
106
125
148
160
168
173
172
166
163
152
146
133
134
123
118
122
113
120
114
113
118
120
125
123
121
115
108
102
91
76
69
54
39
21
7
-5
-18
-25
-33
-34
-29
-24
-12
-6
2
3
0
-2
-12
-24
-40
-49
-61
-71
-75
-81
-83
-83
-82
-71
-70
-68
-64
-70
-65
-76
-76
-86
-93
-89
-102
-90
-92
-84
-72
-67
-47
-40
-21
-9
-2
13
14
22
24
22
25
19
16
9
4
3
-5
-5
-5
-6
0
3
10
17
14
28
34
43
51
49
58
61
67
73
75
84
86
86
86
86
90
93
88
89
91
88
89
84
78
72
63
59
51
44
37
34
27
19
20
18
18
21
24
28
36
42
44
45
44
45
38
32
27
20
15
9
3
-3
-14
-17
-16
-20
-22
-26
-29
-31
-31
-32
-32
-29
-35
-38
-35
-39
-41
-44
-44
-47
-42
-40
-41
-33
-31
-21
-16
-15
-11
-9
-10
-14
-16
-17
-24
-27
-31
-35
-36
-42
-42
-49
-51
-43
-49
-45
-48
-53
-57
-59
-57
-58
-56
-54
-51
-55
-49
-48
-43
-33
-28
-18
-17
-17
-14
-12
-15
-13
-14
-19
-21
-21
-23
-25
-24
-25
-23
-21
-19
-14
-14
-7
-1
4
7
11
15
21
24
27
28
28
33
33
33
34
34
34
32
30
25
20
17
16
6
1
-6
-12
-17
-17
-19
-21
-18
-19
-17
-18
-17
-13
-9
-9
-7
-5
-3
3
8
14
13
18
20
19
18
16
14
14
7
4
-2
-9
-13
-14
-18
-26
-33
-43
-51
-57
-60
-62
-63
-62
-59
-56
-50
-44
-38
-32
-21
-14
-11
-7
-7
-9
-7
0
0
1
-2
-3
-1
0
3
1
-4
-4
-6
-10
-10
-14
-15
-19
-27
-30
-35
-40
-40
-45
-47
-43
-40
-36
-27
-19
-12
1
7
10
16
18
18
20
18
16
8
0
-5
-12
-16
-27
-33
-40
-47
-50
-50
-50
-50
-49
-48
-41
-43
-40
-34
-37
-33
-29
-26
-19
-18
-13
-6
-1
4
5
8
6
2
-5
-5
-7
-8
-11
-20
-26
-33
-37
-40
-44
-45
-46
-46
-46
-43
-43
-41
-38
-37
-32
-33
-30
-23
-18
-10
-10
-7
-3
-1
4
5
11
13
13
16
13
9
4
2
3
5
12
12
18
18
16
13
16
20
14
18
14
10
11
14
19
19
22
24
28
34
43
46
50
48
52
51
45
39
34
28
21
12
4
-2
-5
-4
-5
-3
-1
2
8
10
11
15
18
17
18
18
17
17
16
18
19
21
20
15
12
12
8
4
4
-1
-5
-5
-5
-3
0
1
3
5
3
5
10
13
8
12
13
17
20
26
30
33
34
37
41
38
44
45
43
42
40
35
34
36
29
24
18
12
3
-2
-3
-6
-6
-7
-4
-1
2
3
8
12
16
17
19
19
23
23
21
23
19
18
17
15
13
12
11
8
4
6
5
1
-3
-7
-13
-18
-25
-30
-36
-41
-45
-41
-46
-44
-41
-41
-35
-32
-20
-18
-11
-6
-2
-2
-2
-2
1
-3
-5
-10
-16
-19
-27
-31
-30
-35
-41
-43
-45
-45
-47
-49
-50
-51
-49
-46
-44
-44
-43
-38
-35
-36
-30
-26
-28
-25
-21
-19
-20
-15
-16
-19
-15
-16
-15
-18
-18
-24
-26
-33
-40
-43
-44
-45
-47
-49
-55
-52
-51
-50
-47
-46
-48
-44
-43
-42
-40
-37
-33
-31
-30
-30
-33
-32
-32
-32
-34
-34
-37
-40
-43
-44
-45
-49
-50
-53
-58
-58
-57
-56
-56
-59
-58
-60
-55
-52
-51
-49
-44
-40
-43
-43
-41
-39
-41
-38
-37
-37
-36
-31
-28
-24
-23
-23
-20
-20
-20
-21
-23
-26
-28
-31
-37
-37
-39
-38
-38
-39
-38
-33
-29
-26
-21
-21
-20
-19
-21
-21
-19
-21
-21
-20
-15
-16
-15
-9
-4
-2
-2
-3
-4
-8
-13
-15
-15
-18
-18
-19
-21
-20
-22
-21
-15
-13
-12
-8
-4
-6
-3
0
3
8
4
4
1
0
-7
-9
-12
-16
-14
-19
-20
-18
-17
-19
-17
-12
-11
-12
-7
-5
-3
1
4
5
7
10
12
11
14
20
19
19
23
24
29
32
35
32
33
34
31
30
26
21
17
15
13
10
11
13
14
19
26
29
27
25
29
28
34
31
28
31
31
31
34
40
40
38
37
38
40
37
38
38
32
33
29
26
25
24
21
20
16
16
10
12
14
8
10
13
12
13
19
22
26
29
32
35
38
37
36
38
34
34
36
32
31
33
35
31
30
30
24
22
22
24
19
15
16
13
12
10
8
10
11
12
14
16
17
24
27
31
35
37
38
37
41
41
41
41
42
45
43
38
33
30
29
26
27
22
21
20
18
20
22
18
18
22
20
17
16
19
19
22
24
20
24
26
25
24
23
23
24
20
17
17
13
12
8
5
6
6
4
2
-3
-3
-1
0
-10
-14
-15
-18
-14
-16
-18
-21
-20
-23
-23
-21
-16
-17
-13
-12
-12
-12
-13
-7
-8
-8
-13
-11
-15
-15
-16
-20
-21
-24
-25
-27
-26
-26
-27
-26
-29
-28
-28
-29
-28
-25
-25
-25
-20
-26
-26
-21
-18
-12
-12
-9
-11
-8
-6
-8
-8
-8
-11
-9
-8
-9
-6
-7
-6
-4
-2
-6
-3
-1
-2
1
0
-2
-4
-5
-6
-10
-13
-15
-17
-19
-23
-24
-24
-26
-26
-28
-28
-26
-25
-25
-25
-22
-20
-18
-16
-16
-14
-15
-20
-14
-20
-20
-22
-23
-22
-20
-22
-26
-22
-22
-21
-21
-22
-20
-21
-24
-24
-24
-24
-22
-22
-21
-20
-20
-19
-17
-16
-18
-14
-13
-14
-12
-13
-13
-12
-11
-13
-11
-10
-12
-6
-5
-8
-6
-7
-5
-5
-6
-8
-5
-9
-10
-14
-17
-17
-16
-17
-15
-12
-9
-13
-13
-12
-12
-9
-6
-5
-8
-7
-8
-8
-11
-13
-12
-13
-14
-16
-19
-18
-19
-25
-28
-25
-31
-35
-32
-35
-33
-36
-37
-36
-38
-36
-36
-32
-32
-30
-28
-27
-24
-24
-24
-29
-27
-26
-23
-23
-23
-21
-24
-22
-23
-25
-22
-23
-26
-21
-22
-19
-20
-18
-18
-16
-13
-15
-13
-13
-12
-10
-15
-16
-16
-19
-18
-18
-17
-17
-15
-16
-12
-13
-12
-11
-8
-7
-9
-8
-11
-10
-13
-11
-13
-19
-19
-21
-22
-23
-24
-20
-22
-22
-18
-20
-19
-20
-21
-21
-22
-23
-22
-26
-27
-31
-38
-40
-42
-43
-45
-42
-46
-46
-45
-47
-43
-44
-43
-43
-39
-41
-43
-41
-45
-44
-43
-45
-45
-46
-49
-49
-50
-51
-50
-49
-52
-57
-59
-58
-59
-59
-64
-68
-71
-71
-67
-73
-71
-75
-76
-75
-75
-70
-71
-68
-69
-69
-70
-68
-65
-65
-66
-65
-65
-63
-61
-62
-60
-60
-57
-59
-62
-58
-62
-64
-63
-69
-70
-71
-74
-76
-74
-75
-76
-75
-74
-72
-71
-70
-67
-65
-62
-62
-61
-58
-57
-55
-57
-55
-53
-56
-61
-61
-65
-67
-70
-71
-76
-77
-78
-77
-78
-80
-80
-81
-81
-82
-79
-77
-78
-76
-74
-75
-69
-64
-63
-60
-60
-60
-59
-58
-56
-57
-54
-55
-57
-56
-59
-60
-62
-62
-62
-59
-63
-63
-61
-63
-60
-57
-59
-60
-57
-52
-55
-54
-52
-53
-53
-51
-50
-49
-46
-49
-45
-42
-39
-37
-36
-40
-34
-32
-34
-36
-40
-37
-41
-43
-43
-47
-48
-52
-51
-51
-49
-51
-49
-43
-43
-40
-39
-37
-35
-32
-33
-35
-33
-30
-32
-31
-31
-36
-37
-37
-35
-31
-31
-32
-33
-34
-36
-32
-27
-30
-32
-31
-31
-32
-33
-33
-32
-31
-31
-31
-34
-31
-29
-32
-32
-30
-32
-33
-28
-29
-32
-31
-34
-32
-31
-31
-32
-27
-22
-29
-27
-25
-25
-24
-23
-20
-22
-19
-18
-21
-20
-21
-26
-23
-23
-25
-24
-24
-23
-21
-19
-19
-24
-27
-23
-26
-26
-26
-30
-27
-28
-31
-31
-32
-34
-29
-32
-31
-34
-38
-37
-37
-34
-33
-32
-32
-32
-31
-29
-30
-31
-30
-30
-33
-32
-33
-34
-33
-32
-32
-38
-36
-36
-39
-38
-38
-40
-40
-42
-41
-40
-40
-44
-46
-42
-42
-43
-41
-39
-39
-39
-36
-36
-38
-33
-31
-32
-32
-31
-32
-32
-31
-32
-32
-31
-31
-29
-28
-32
-32
-33
-35
-35
-35
-36
-38
-37
-35
-38
-37
-37
-37
-34
-32
-33
-30
-34
-35
-32
-30
-28
-26
-25
-26
-29
-29
-30
-38
-39
-31
-34
-33
-33
-37
-38
-39
-38
-38
-35
-36
-34
-34
-37
-35
-37
-37
-36
-34
-36
-37
-36
-37
-33
-38
-38
-37
-38
-39
-36
-33
-34
-34
-32
-32
-30
-29
-33
-31
-31
-33
-32
-34
-33
-34
-35
-36
-37
-40
-40
-44
-45
-39
-40
-40
-38
-38
-36
-31
-32
-30
-28
-26
-25
-26
-23
-19
-20
-19
-19
-19
-23
-21
-22
-25
-26
-27
-28
-31
-35
-32
-32
-31
-34
-34
-35
-34
-33
-32
-29
-26
-25
-21
-23
-23
-18
-18
-17
-19
-19
-20
-20
-19
-17
-15
-18
-17
-18
-18
-17
-20
-19
-19
-21
-19
-17
-19
-16
-21
-24
-21
-22
-23
-21
-22
-19
-20
-20
-20
-22
-21
-20
-18
-20
-18
-14
-16
-17
-15
-16
-18
-19
-19
-20
-20
-20
-21
-23
-19
-20
-23
-19
-19
-21
-18
-17
-17
-17
-12
-9
-10
-6
-6
-5
-9
-7
-8
-7
-10
-11
-10
-14
-16
-17
-14
-18
-20
-20
-20
-18
-19
-19
-18
-17
-18
-15
-14
-13
-12
-13
-12
-11
-10
-9
-8
-5
-4
-2
-1
-4
-4
-4
-2
-6
-6
-6
-10
-10
-14
-16
-13
-15
-15
-18
-21
-17
-17
-15
-15
-15
-18
-15
-17
-14
-8
-12
-11
-12
-9
-12
-12
-11
-13
-13
-11
-11
-13
-14
-17
-13
-15
-19
-22
-23
-24
-24
-23
-23
-26
-27
-28
-28
-27
-28
-26
-26
-28
-27
-23
-24
-25
-22
-24
-22
-20
-20
-19
-20
-20
-22
-20
-20
-21
-25
-24
-19
-19
-23
-22
-26
-25
-28
-28
-29
-29
-23
-29
-24
-27
-27
-24
-24
-20
-21
-23
-22
-21
-18
-17
-17
-19
-19
-20
-18
-17
-15
-17
-19
-21
-24
-24
-23
-24
-23
-24
-27
-31
-29
-33
-35
-32
-36
-35
-34
-34
-34
-33
-34
-35
-31
-30
-25
-22
-20
-18
-20
-24
-22
-21
-25
-23
-27
-26
-28
-24
-25
-30
-31
-31
-31
-30
-30
-32
-32
-31
-34
-37
-34
-33
-35
-34
-34
-32
-30
-30
-30
-31
-30
-30
-30
-29
-28
-25
-28
-26
-24
-26
-23
-20
-20
-24
-23
-25
-24
-23
-23
-24
-24
-24
-25
-22
-22
-25
-25
-26
-27
-25
-29
-27
-28
-26
-25
-27
-26
-27
-22
-21
-20
-22
-23
-21
-18
-16
-18
-17
-20
-20
-21
-19
-18
-20
-18
-20
-22
-21
-23
-23
-21
-21
-21
-23
-23
-26
-25
-23
-25
-24
-26
-24
-23
-24
-20
-22
-22
-22
-22
-22
-20
-16
-20
-18
-18
-17
-18
-20
-21
-19
-20
-21
-22
-23
-23
-25
-22
-25
-27
-24
-25
-22
-25
-25
-22
-25
-26
-23
-22
-22
-23
-18
-18
-19
-20
-22
-21
-25
-21
-21
-22
-22
-23
-24
-26
-28
-28
-27
-28
-25
-31
-34
-32
-31
-30
-31
-32
-34
-35
-34
-33
-34
-32
-35
-36
-37
-37
-35
-35
-33
-33
-34
-30
-29
-29
-30
-28
-28
-29
-31
-30
-29
-29
-26
-28
-32
-33
-29
-33
-32
-32
-35
-35
-35
-35
-37
-40
-33
-32
-34
-32
-31
-36
-37
-35
-34
-35
-32
-31
-31
-28
-28
-27
-27
-30
-29
-27
-28
-29
-28
-30
-32
-31
-27
-34
-35
-32
-34
-34
-31
-30
-34
-32
-34
-33
-33
-30
-31
-35
-34
-37
-34
-34
-35
-33
-36
-37
-36
-35
-33
-33
-34
-35
-40
-37
-35
-36
-35
-31
-35
-34
-37
-39
-38
-38
-38
-37
-37
-40
-37
-34
-36
-34
-36
-37
-37
-39
-36
-37
-36
-39
-39
-37
-41
-40
-42
-38
-39
-42
-42
-46
-46
-48
-45
-48
-47
-44
-44
-43
-39
-41
-39
-35
-37
-35
-32
-31
-33
-31
-29
-28
-29
-29
-30
-31
-29
-27
-26
-30
-27
-28
-30
-29
-28
-27
-28
-28
-30
-26
-27
-30
-29
-29
-29
-26
-23
-20
-20
-22
-21
-20
-20
-16
-13
-14
-13
-15
-17
-16
-14
-14
-16
-20
-22
-23
-22
-24
-25
-25
-26
-25
-26
-24
-23
-22
-21
-22
-20
-16
-18
-20
-17
-16
-16
-15
-15
-16
-12
-13
-13
-15
-14
-12
-12
-12
-15
-14
-16
-16
-15
-16
-18
-19
-21
-21
-18
-18
-17
-16
-14
-11
-15
-12
-14
-10
-5
-9
-5
-6
-5
-4
-6
-8
-8
-7
-7
-6
-5
-9
-9
-10
-9
-6
-8
-7
-8
-9
-9
-8
-6
-5
-5
-7
-8
-2
-3
-2
-1
-1
-1
-4
1
0
4
2
0
2
1
4
1
-2
3
4
1
-1
-3
-4
-5
-3
-6
-7
-8
-7
-9
-11
-14
-12
-13
-17
-15
-16
-15
-14
-16
-17
-16
-16
-16
-14
-12
-14
-16
-15
-15
-13
-14
-12
-12
-14
-13
-11
-10
-8
-8
-12
-13
-14
-12
-12
-15
-13
-13
-10
-14
-15
-13
-16
-20
-17
-16
-17
-15
-16
-12
-12
-12
-9
-10
-11
-10
-8
-7
-11
-10
-9
-13
-9
-9
-9
-9
-11
-9
-15
-11
-11
-12
-15
-14
-12
-12
-11
-14
-14
-13
-15
-14
-15
-18
-18
-20
-19
-18
-16
-18
-20
-24
-27
-25
-26
-28
-27
-25
-28
-30
-27
-33
-33
-32
-32
-29
-32
-30
-33
-32
-33
-31
-32
-31
-34
-33
-30
-32
-31
-35
-32
-36
-32
-34
-37
-34
-34
-32
-34
-36
-35
-36
-37
-35
-36
-33
-32
-35
-34
-34
-37
-35
-31
-36
-36
-37
-35
-41
-40
-40
-39
-40
-39
-40
-36
-38
-40
-41
-36
-31
-28
-27
-30
-28
-31
-25
-25
-24
-23
-26
-27
-28
-25
-24
-28
-30
-29
-29
-28
-29
-29
-29
-31
-32
-33
-34
-38
-31
-32
-34
-35
-33
-34
-36
-37
-37
-31
-31
-32
-32
-31
-30
-32
-27
-28
-30
-26
-26
-24
-25
-27
-28
-27
-27
-26
-26
-27
-28
-24
-25
-28
-27
-30
-30
-31
-31
-32
-29
-30
-31
-30
-32
-28
-31
-30
-29
-31
-31
-29
-27
-26
-27
-27
-26
-26
-26
-26
-28
-26
-26
-31
-30
-28
-28
-25
-25
-25
-23
-29
-26
-29
-25
-22
-23
-24
-26
-25
-28
-25
-23
-23
-22
-20
-25
-25
-25
-23
-21
-23
-22
-24
-26
-26
-28
-25
-25
-26
-28
-28
-30
-30
-28
-25
-25
-28
-28
-28
-26
-26
-25
-23
-22
-22
-26
-19
-19
-18
-15
-17
-15
-14
-15
-17
-18
-18
-16
-17
-20
-21
-19
-25
-24
-22
-22
-24
-22
-22
-22
-20
-21
-16
-18
-20
-17
-16
-14
-14
-12
-16
-19
-14
-15
-14
-16
-14
-16
-12
-13
-14
-13
-11
-11
-17
-18
-17
-19
-17
-17
-18
-19
-20
-22
-19
-19
-23
-21
-20
-20
-21
-21
-21
-19
-19
-17
-18
-21
-18
-19
-22
-19
-18
-21
-19
-19
-18
-21
-21
-20
-22
-23
-24
-22
-23
-26
-26
-26
-28
-26
-26
-28
-28
-29
-28
-26
-30
-27
-27
-27
-29
-25
-23
-25
-26
-28
-28
-31
-29
-27
-28
-27
-25
-27
-27
-28
-30
-24
-27
-29
-28
-29
-29
-30
-28
-30
-30
-28
-26
-24
-23
-25
-25
-24
-24
-21
-20
-20
-23
-21
-20
-20
-19
-21
-18
-18
-18
-18
-21
-23
-25
-25
-25
-25
-26
-25
-27
-27
-29
-33
-33
-32
-34
-31
-34
-34
-31
-32
-29
-26
-23
-23
-20
-22
-24
-22
-21
-22
-20
-19
-21
-20
-19
-21
-24
-26
-26
-25
-28
-26
-26
-29
-26
-25
-26
-26
-28
-26
-31
-29
-26
-28
-27
-27
-24
-25
-24
-23
-23
-20
-18
-21
-22
-21
-20
-18
-17
-13
-16
-15
-17
-18
-17
-19
-19
-21
-19
-22
-21
-18
-17
-16
-16
-15
-19
-15
-15
-18
-17
-15
-15
-12
-12
-10
-11
-11
-7
-7
-10
-12
-10
-11
-11
-10
-11
-8
-9
-13
-14
-14
-15
-18
-18
-18
-15
-15
-14
-16
-16
-17
-17
-16
-13
-10
-14
-12
-15
-15
-12
-16
-16
-18
-16
-17
-16
-17
-19
-19
-20
-19
-20
-20
-21
-22
-22
-20
-18
-22
-23
-23
-19
-20
-23
-19
-20
-21
-22
-22
-22
-20
-20
-18
-15
-19
-16
-13
-17
-18
-21
-15
-14
-17
-12
-19
-14
-14
-15
-14
-17
-18
-17
-17
-18
-18
-19
-15
-20
-20
-19
-19
-18
-21
-20
-20
-20
-20
-18
-19
-17
-15
-18
-20
-19
-19
-19
-18
-19
-17
-14
-14
-17
-14
-14
-15
-14
-12
-15
-17
-16
-14
-14
-13
-16
-16
-18
-20
-13
-17
-15
-12
-15
-15
-17
-17
-15
-14
-14
-15
-9
-12
-15
-15
-16
-15
-13
-16
-14
-15
-12
-14
-13
-14
-15
-13
-14
-15
-16
-12
-13
-15
-11
-15
-17
-18
-18
-20
-20
-20
-21
-19
-20
-19
-18
-19
-24
-23
-20
-21
-23
-22
-22
-21
-18
-22
-22
-25
-21
-21
-19
-19
-23
-16
-19
-18
-19
-20
-20
-21
-21
-22
-21
-20
-21
-22
-23
-20
-24
-22
-22
-22
-21
-24
-21
-21
-23
-20
-18
-22
-21
-24
-24
-21
-22
-25
-27
-25
-26
-29
-28
-35
-32
-29
-29
-27
-27
-29
-30
-32
-30
-28
-26
-24
-23
-25
-25
-23
-26
-24
-24
-28
-26
-27
-27
-24
-26
-29
-30
-30
-30
-25
-27
-25
-29
-30
-28
-28
-31
-31
-29
-30
-28
-30
-33
-28
-29
-28
-28
-26
-27
-28
-27
-28
-27
-24
-24
-25
-27
-27
-24
-22
-22
-25
-24
-27
-27
-29
-28
-25
-26
-21
-23
-23
-24
-24
-25
-24
-23
-25
-26
-24
-24
-24
-20
-21
-22
-22
-25
-23
-21
-22
-20
-23
-21
-20
-23
-20
-22
-20
-20
-23
-21
-20
-21
-22
-20
-22
-21
-20
-23
-21
-26
-26
-28
-24
-20
-22
-21
-23
-25
-24
-26
-25
-25
-26
-24
-25
-24
-26
-23
-26
-24
-20
-22
-25
-28
-24
-26
-24
-24
-25
-26
-27
-28
-28
-25
-27
-30
-29
-24
-29
-28
-26
-27
-26
-27
-28
-23
-23
-23
-17
-19
-17
-22
-23
-19
-19
-18
-23
-21
-24
-23
-23
-26
-25
-25
-25
-23
-25
-25
-25
-29
-26
-23
-23
-21
-22
-19
-17
-19
-16
-16
-14
-13
-14
-11
-13
-11
-12
-9
-11
-10
-10
-13
-16
-16
-9
-11
-12
-10
-13
-10
-9
-11
-16
-13
-14
-17
-16
-14
-13
-11
-12
-12
-11
-12
-10
-13
-12
-10
-11
-11
-7
-10
-13
-11
-10
-11
-9
-8
-12
-8
-10
-9
-7
-10
-12
-8
-11
-10
-10
-11
-13
-10
-12
-15
-14
-18
-16
-16
-15
-14
-12
-12
-16
-15
-16
-16
-16
-18
-18
-17
-16
-16
-19
-19
-20
-17
-15
-15
-14
-15
-14
-16
-18
-15
-16
-16
-12
-12
-14
-15
-14
-13
-13
-15
-13
-13
-11
-10
-11
-11
-11
-13
-13
-13
-14
-14
-11
-12
-11
-11
-14
-14
-15
-15
-18
-16
-19
-21
-25
-22
-20
-22
-19
-21
-25
-22
-23
-23
-17
-17
-18
-16
-15
-20
-19
-19
-19
-16
-15
-20
-20
-21
-21
-21
-19
-17
-19
-20
-22
-21
-20
-20
-23
-21
-19
-20
-23
-21
-19
-22
-20
-21
-20
-20
-23
-22
-20
-19
-20
-21
-20
-17
-17
-20
-15
-18
-18
-16
-15
-17
-18
-15
-14
-19
-17
-18
-18
-16
-15
-11
-17
-13
-15
-16
-18
-19
-16
-18
-17
-17
-18
-18
-18
-18
-19
-19
-15
-15
-16
-14
-14
-12
-11
-11
-7
-9
-6
-13
-11
-7
-9
-7
-7
-7
-4
-4
-7
-4
-8
-8
-7
-10
-7
-7
-3
-8
-6
-4
-8
-4
-3
-3
-8
-7
-8
-4
-6
-4
-6
-7
-4
-5
-8
-7
-7
-7
-4
-7
-6
-6
-7
-4
-5
-5
-5
-4
-8
-5
-4
-3
0
-2
-3
1
2
-1
2
1
7
6
6
6
4
5
4
2
1
-1
0
3
-2
-1
-1
0
0
-3
-3
-7
-6
-6
-6
-7
-5
-5
-6
-4
-5
-4
-1
-3
-3
0
0
1
1
4
3
3
-2
2
3
2
-1
0
-2
-4
1
-1
-1
0
-1
-3
-3
-6
-1
-5
-7
-3
-1
-4
-3
0
-1
2
4
2
4
5
3
3
4
-1
0
1
0
1
3
-2
0
1
-1
-1
0
-1
0
-1
-3
0
-1
0
0
-3
-4
-6
-4
-6
-6
-3
-3
-7
-5
-4
-9
-9
-9
-8
-11
-7
-9
-8
-8
-9
-7
-10
-9
-8
-9
-8
-11
-10
-14
-11
-12
-14
-8
-11
-12
-12
-11
-13
-11
-12
-10
-13
-13
-10
-11
-11
-9
-12
-13
-12
-11
-13
-12
-12
-13
-15
-18
-19
-20
-19
-23
-22
-24
-24
-23
-27
-31
-28
-24
-27
-26
-28
-27
-27
-26
-29
-26
-23
-20
-18
-20
-19
-18
-15
-17
-15
-14
-13
-12
-17
-18
-19
-20
-20
-20
-20
-20
-22
-19
-20
-21
-22
-23
-23
-24
-27
-24
-24
-24
-22
-20
-16
-18
-16
-16
-15
-15
-14
-16
-16
-16
-16
-17
-15
-14
-15
-13
-15
-17
-18
-20
-20
-22
-19
-19
-19
-20
-15
-17
-20
-18
-18
-14
-16
-17
-19
-19
-17
-16
-13
-12
-13
-15
-13
-15
-15
-16
-15
-16
-15
-11
-14
-10
-12
-13
-15
-16
-13
-18
-17
-15
-13
-15
-16
-15
-15
-18
-21
-19
-19
-18
-14
-14
-16
-15
-15
-18
-16
-14
-15
-15
-14
-13
-14
-16
-14
-16
-16
-17
-19
-19
-18
-18
-15
-17
-18
-19
-16
-17
-16
-14
-17
-14
-13
-15
-12
-9
-10
-8
-7
-8
-8
-4
-8
-7
-7
-1
-1
-5
-5
-7
-5
-8
-7
-10
-8
-6
-10
-10
-15
-16
-15
-13
-14
-14
-16
-13
-14
-13
-12
-15
-16
-16
-11
-10
-11
-12
-11
-10
-11
-10
-8
-10
-9
-6
-7
-7
-5
-6
-6
-10
-11
-8
-7
-7
-7
-7
-6
-5
-9
-6
-5
-8
-5
-9
-6
-5
-4
-6
-8
-6
-7
-6
-6
-2
-7
-8
-3
-4
-4
-6
-6
-6
-7
-5
-6
-6
-6
-5
-4
-6
-4
-3
-2
-6
-9
-2
-5
-6
-6
-5
-5
-6
-7
-9
-7
-7
-5
-5
-10
-8
-7
-10
-11
-8
-9
-8
-7
-9
-5
-12
-12
-10
-6
-7
-8
-9
-10
-10
-10
-9
-13
-10
-9
-7
-6
-10
-8
-7
-7
-7
-6
-8
-8
-7
-8
-6
-8
-8
-8
-9
-8
-10
-10
-9
-12
-9
-11
-17
-13
-15
-15
-17
-17
-16
-19
-22
-23
-22
-22
-21
-19
-20
-19
-17
-18
-15
-15
-14
-13
-12
-15
-12
-12
-12
-10
-14
-11
-13
-14
-11
-12
-12
-12
-14
-14
-14
-18
-14
-16
-17
-17
-16
-19
-18
-19
-19
-19
-21
-20
-22
-21
-22
-22
-18
-18
-18
-20
-22
-18
-18
-22
-23
-21
-18
-19
-20
-21
-23
-21
-25
-26
-23
-24
-19
-24
-22
-23
-20
-21
-21
-19
-23
-21
-23
-19
-25
-23
-20
-21
-21
-23
-23
-21
-22
-24
-24
-22
-22
-21
-23
-23
-21
-21
-22
-24
-24
-24
-23
-24
-22
-24
-23
-23
-25
-23
-21
-25
-22
-21
-19
-19
-16
-19
-18
-21
-20
-16
-17
-16
-19
-18
-19
-17
-16
-19
-20
-17
-17
-18
-17
-18
-17
-17
-16
-19
-16
-16
-16
-15
-16
-17
-15
-12
-14
-17
-9
-10
-12
-10
-9
-8
-5
-7
-7
-4
0
-3
-3
-3
-7
-7
-6
-6
-9
-11
-14
-12
-13
-17
-17
-14
-12
-13
-14
-17
-13
-12
-11
-10
-10
-10
-11
-8
-7
-4
-3
-3
-5
-7
-5
-4
-3
-1
2
-4
-2
0
0
0
-3
-2
-4
-7
-7
-3
-3
-5
-5
-5
-9
-10
-5
-11
-10
-6
-6
-8
-7
-9
-6
-7
-6
-6
-8
-9
-9
-7
-7
-10
-10
-8
-8
-9
-10
-9
-8
-11
-13
-12
-13
-12
-12
-13
-14
-14
-16
-17
-15
-21
-18
-18
-18
-20
-21
-22
-22
-18
-18
-20
-21
-21
-21
-23
-21
-19
-22
-23
-22
-21
-24
-24
-22
-21
-21
-22
-23
-21
-25
-25
-23
-24
-24
-25
-25
-25
-23
-25
-23
-23
-22
-20
-19
-21
-19
-20
-20
-17
-19
-19
-20
-22
-19
-22
-20
-24
-23
-24
-26
-24
-28
-23
-28
-26
-27
-31
-34
-30
-31
-30
-31
-32
-30
-31
-30
-32
-27
-25
-22
-24
-26
-26
-25
-25
-20
-19
-23
-22
-21
-21
-25
-24
-24
-24
-25
-23
-22
-24
-24
-23
-24
-24
-25
-27
-30
-28
-26
-24
-25
-28
-24
-28
-27
-27
-27
-26
-28
-30
-28
-29
-27
-24
-24
-25
-24
-23
-23
-26
-26
-28
-28
-29
-28
-25
-30
-29
-26
-23
-25
-24
-24
-27
-25
-26
-27
-25
-26
-24
-24
-23
-22
-24
-25
-25
-22
-24
-24
-22
-20
-20
-23
-21
-21
-21
-22
-24
-25
-23
-24
-21
-20
-21
-19
-21
-21
-20
-24
-24
-24
-21
-20
-22
-20
-24
-21
-19
-21
-22
-20
-22
-24
-20
-22
-23
-23
-20
-23
-22
-22
-24
-20
-22
-19
-14
-19
-22
-21
-23
-19
-19
-21
-21
-21
-19
-19
-15
-18
-18
-17
-18
-17
-15
-18
-17
-18
-16
-12
-13
-12
-12
-13
-16
-18
-15
-17
-15
-18
-19
-19
-21
-22
-23
-23
-23
-22
-25
-24
-22
-23
-19
-17
-19
-16
-15
-17
-15
-16
-15
-15
-16
-16
-17
-13
-13
-12
-12
-17
-13
-13
-14
-16
-12
-14
-16
-15
-12
-12
-14
-14
-17
-16
-17
-18
-16
-17
-20
-18
-18
-18
-17
-17
-16
-16
-10
-13
-16
-14
-16
-15
-17
-16
-16
-13
-17
-18
-17
-16
-15
-19
-20
-20
-21
-21
-20
-20
-19
-15
-18
-19
-21
-21
-22
-23
-21
-23
-21
-18
-21
-22
-23
-22
-25
-26
-27
-29
-26
-28
-29
-27
-28
-29
-34
-30
-28
-30
-28
-28
-30
-32
-32
-32
-35
-34
-29
-35
-31
-31
-32
-32
-31
-32
-30
-31
-31
-28
-28
-27
-28
-28
-29
-26
-31
-32
-32
-32
-33
-31
-32
-33
-33
-31
-35
-38
-34
-34
-38
-43
-39
-39
-39
-36
-37
-35
-34
-37
-39
-40
-34
-34
-34
-33
-33
-35
-34
-32
-31
-34
-34
-34
-36
-35
-34
-32
-35
-35
-32
-34
-33
-33
-32
-34
-35
-37
-38
-38
-37
-37
-37
-35
-36
-36
-34
-36
-36
-36
-33
-30
-36
-31
-31
-31
-32
-30
-29
-30
-29
-30
-30
-31
-33
-35
-34
-32
-30
-32
-29
-30
-29
-30
-30
-26
-30
-28
-28
-28
-28
-29
-26
-27
-27
-28
-26
-25
-26
-25
-26
-27
-24
-26
-26
-25
-23
-21
-24
-24
-25
-24
-29
-28
-24
-26
-25
-23
-20
-22
-20
-20
-18
-15
-17
-19
-16
-14
-17
-14
-14
-16
-11
-16
-16
-11
-17
-15
-13
-14
-13
-13
-14
-14
-15
-16
-16
-16
-13
-15
-16
-15
-19
-16
-14
-17
-17
-17
-19
-19
-18
-14
-18
-17
-18
-18
-15
-14
-12
-11
-10
-7
-13
-9
-13
-15
-11
-11
-14
-15
-13
-16
-14
-16
-17
-17
-17
-16
-17
-18
-14
-15
-15
-15
-13
-12
-13
-12
-12
-8
-12
-11
-7
-9
-8
-7
-5
-4
-3
-3
-4
-4
-2
-2
-7
-7
-8
-5
-9
-7
-7
-6
-4
-7
-10
-11
-9
-11
-13
-11
-7
-10
-6
-9
-10
-14
-11
-6
-10
-7
-7
-7
-8
-11
-13
-9
-8
-10
-7
-7
-7
-5
-8
-9
-9
-8
-4
-9
-6
-13
-12
-11
-13
-14
-15
-17
-17
-17
-17
-19
-15
-13
-16
-13
-16
-15
-18
-18
-18
-18
-17
-19
-18
-17
-16
-20
-23
-19
-20
-20
-20
-18
-19
-20
-18
-17
-20
-18
-16
-14
-16
-18
-18
-19
-15
-17
-18
-17
-16
-16
-14
-14
-14
-14
-13
-15
-14
-15
-16
-17
-17
-19
-22
-21
-19
-21
-21
-24
-25
-24
-26
-28
-25
-27
-24
-25
-26
-24
-25
-24
-25
-22
-24
-16
-16
-18
-19
-21
-19
-19
-17
-21
-21
-20
-18
-21
-22
-21
-25
-26
-25
-23
-25
-26
-28
-26
-23
-28
-29
-31
-32
-31
-31
-28
-30
-28
-26
-25
-24
-24
-24
-26
-28
-24
-24
-25
-25
-23
-21
-20
-20
-24
-25
-27
-28
-25
-26
-27
-26
-23
-24
-22
-20
-24
-22
-23
-23
-23
-25
-24
-26
-25
-23
-24
-21
-21
-19
-19
-23
-22
-22
-20
-18
-20
-18
-22
-19
-18
-20
-21
-20
-21
-22
-19
-19
-21
-18
-17
-17
-17
-17
-16
-16
-16
-16
-14
-15
-11
-16
-20
-16
-13
-14
-15
-13
-11
-12
-12
-14
-13
-13
-13
-14
-15
-13
-15
-14
-13
-11
-14
-13
-12
-12
-13
-12
-10
-13
-10
-13
-11
-8
-7
-7
-8
-6
-7
-7
-3
-2
-2
1
2
1
0
2
-1
2
0
-2
-3
-4
-5
-8
-7
-7
-8
-6
-6
-8
-8
-7
-7
-7
-7
-6
-4
-8
-4
-4
-7
-6
-6
-7
-6
-7
-6
-5
-4
-4
-2
-1
-1
-4
-2
-2
-6
-5
-3
-3
-4
-7
-7
-7
-9
-9
-10
-13
-10
-5
-8
-7
-8
-7
-5
-5
-5
-7
-6
-8
-9
-11
-13
-11
-9
-11
-12
-11
-8
-13
-12
-9
-10
-13
-12
-12
-12
-11
-12
-13
-12
-13
-16
-14
-17
-19
-16
-15
-18
-16
-17
-16
-16
-21
-16
-16
-16
-19
-21
-19
-19
-20
-21
-23
-20
-20
-19
-23
-20
-18
-19
-17
-20
-21
-21
-21
-19
-20
-21
-21
-21
-20
-19
-20
-25
-23
-22
-19
-21
-23
-18
-19
-21
-19
-19
-19
-18
-20
-19
-22
-20
-22
-24
-26
-26
-27
-28
-28
-31
-33
-31
-36
-37
-37
-37
-37
-33
-35
-32
-29
-34
-29
-28
-27
-26
-25
-28
-27
-23
-22
-21
-19
-20
-23
-25
-22
-26
-23
-25
-27
-24
-26
-24
-25
-25
-26
-26
-25
-24
-24
-29
-25
-24
-26
-28
-26
-25
-27
-25
-24
-21
-24
-25
-22
-22
-19
-22
-20
-20
-22
-15
-13
-17
-17
-19
-21
-19
-18
-21
-17
-19
-22
-20
-20
-18
-17
-18
-17
-19
-20
-22
-20
-20
-20
-16
-16
-15
-17
-19
-15
-11
-16
-16
-17
-17
-17
-17
-12
-14
-13
-13
-17
-15
-16
-15
-17
-14
-14
-16
-13
-11
-12
-13
-14
-12
-12
-12
-11
-12
-12
-11
-15
-15
-9
-10
-11
-12
-14
-14
-14
-16
-15
-13
-15
-15
-16
-16
-18
-17
-13
-16
-15
-15
-18
-17
-19
-17
-18
-17
-18
-16
-15
-19
-16
-18
-17
-14
-14
-15
-11
-15
-11
-6
-8
-8
-9
-11
-11
-6
-10
-11
-12
-16
-13
-17
-16
-17
-17
-15
-15
-19
-20
-19
-18
-16
-15
-14
-15
-18
-18
-15
-17
-20
-16
-15
-15
-14
-12
-13
-13
-9
-11
-9
-9
-10
-9
-9
-8
-13
-12
-11
-12
-11
-9
-14
-14
-12
-12
-17
-17
-14
-11
-12
-12
-12
-12
-11
-13
-12
-11
-12
-11
-12
-13
-14
-13
-14
-13
-13
-15
-12
-13
-13
-14
-15
-16
-14
-14
-14
-15
-18
-15
-17
-18
-16
-20
-19
-20
-19
-21
-18
-21
-22
-18
-19
-21
-20
-21
-23
-24
-22
-25
-23
-20
-21
-20
-23
-22
-21
-19
-21
-16
-19
-19
-20
-18
-18
-20
-17
-15
-15
-21
-19
-18
-19
-19
-17
-17
-16
-17
-18
-16
-18
-20
-18
-18
-17
-18
-19
-19
-19
-17
-20
-20
-22
-19
-19
-23
-23
-25
-24
-29
-29
-27
-26
-26
-22
-24
-22
-21
-24
-22
-20
-19
-16
-16
-16
-20
-18
-15
-13
-14
-18
-17
-19
-18
-18
-20
-17
-20
-23
-18
-20
-23
-20
-19
-22
-22
-23
-22
-22
-21
-20
-21
-21
-22
-19
-22
-21
-21
-22
-20
-18
-18
-17
-17
-17
-18
-20
-18
-18
-19
-19
-21
-22
-21
-21
-22
-22
-21
-24
-23
-18
-18
-23
-20
-23
-24
-24
-23
-19
-21
-23
-20
-20
-18
-17
-19
-15
-17
-17
-17
-17
-15
-14
-15
-17
-13
-14
-17
-13
-17
-16
-16
-16
-18
-18
-15
-17
-19
-16
-17
-15
-17
-17
-15
-17
-12
-14
-12
-14
-17
-15
-14
-16
-15
-15
-15
-15
-14
-16
-16
-17
-16
-14
-16
-15
-14
-14
-18
-16
-16
-16
-15
-16
-16
-15
-16
-16
-13
-12
-11
-14
-15
-13
-12
-10
-13
-13
-10
-11
-7
-5
-8
-4
-6
-7
-8
-8
-7
-11
-9
-14
-13
-17
-16
-18
-16
-18
-25
-22
-21
-20
-21
-20
-18
-18
-20
-19
-15
-16
-14
-17
-18
-15
-16
-15
-13
-10
-12
-11
-9
-13
-12
-13
-15
-13
-14
-15
-14
-15
-17
-14
-14
-16
-13
-21
-20
-15
-19
-16
-15
-16
-16
-22
-20
-19
-19
-17
-20
-19
-19
-23
-22
-20
-25
-23
-20
-23
-23
-24
-21
-21
-23
-23
-23
-27
-25
-21
-20
-23
-22
-24
-23
-22
-23
-22
-22
-27
-27
-21
-23
-23
-22
-20
-22
-20
-22
-22
-22
-23
-21
-20
-21
-18
-22
-24
-25
-24
-20
-22
-24
-21
-22
-25
-21
-21
-24
-23
-20
-24
-24
-23
-25
-22
-23
-21
-22
-22
-23
-21
-21
-22
-21
-23
-24
-26
-23
-24
-24
-24
-22
-22
-24
-22
-23
-21
-20
-24
-27
-28
-30
-28
-27
-28
-26
-25
-24
-24
-26
-28
-26
-23
-22
-21
-20
-19
-23
-20
-22
-22
-22
-22
-19
-23
-22
-19
-19
-23
-22
-25
-25
-25
-25
-23
-23
-25
-25
-29
-28
-30
-29
-32
-32
-31
-32
-30
-30
-29
-28
-30
-31
-28
-32
-31
-28
-27
-28
-27
-30
-31
-26
-29
-31
-28
-28
-31
-33
-28
-29
-27
-27
-27
-26
-27
-27
-27
-27
-25
-26
-26
-28
-26
-24
-21
-22
-23
-21
-20
-23
-22
-23
-26
-21
-21
-20
-19
-20
-19
-20
-18
-20
-19
-18
-21
-16
-18
-15
-14
-18
-15
-18
-16
-15
-16
-15
-14
-12
-13
-12
-12
-17
-13
-11
-11
-11
-9
-11
-13
-10
-12
-12
-10
-10
-9
-12
-10
-11
-11
-10
-11
-10
-9
-10
-9
-9
-9
-8
-10
-11
-9
-10
-8
-9
-9
-7
-10
-7
-8
-9
-6
-3
-4
-4
-4
-8
-6
-7
-7
-8
-5
-6
-8
-11
-11
-10
-9
-7
-11
-12
-11
-13
-11
-9
-10
-8
-9
-9
-7
-7
-8
-7
-8
-11
-9
-9
-12
-7
-6
-6
-5
-7
-7
-8
-9
-13
-11
-11
-9
-12
-9
-10
-13
-9
-11
-16
-9
-14
-18
-17
-15
-14
-15
-13
-16
-12
-13
-12
-14
-12
-12
-15
-17
-14
-17
-17
-16
-13
-15
-14
-11
-14
-13
-14
-13
-13
-15
-16
-15
-16
-15
-17
-13
-15
-17
-16
-13
-15
-15
-18
-15
-17
-16
-13
-17
-18
-15
-18
-18
-19
-19
-20
-17
-17
-17
-22
-23
-18
-19
-18
-19
-18
-20
-22
-21
-21
-24
-19
-20
-19
-18
-19
-19
-19
-15
-18
-19
-16
-14
-15
-17
-12
-15
-13
-10
-10
-13
-17
-15
-16
-16
-18
-17
-18
-19
-20
-18
-21
-20
-20
-22
-25
-21
-23
-25
-23
-23
-22
-20
-19
-20
-22
-23
-16
-16
-17
-16
-15
-15
-15
-16
-18
-15
-17
-19
-16
-19
-19
-18
-18
-17
-18
-22
-21
-18
-22
-20
-23
-24
-24
-28
-27
-27
-26
-28
-23
-25
-26
-26
-23
-22
-23
-20
-22
-25
-22
-20
-21
-19
-17
-16
-18
-18
-20
-18
-15
-17
-20
-19
-22
-21
-20
-17
-20
-19
-18
-20
-18
-20
-20
-20
-20
-21
-19
-20
-15
-20
-20
-19
-18
-17
-19
-19
-18
-18
-15
-15
-16
-15
-16
-16
-19
-18
-19
-21
-19
-18
-18
-19
-19
-16
-18
-17
-18
-17
-17
-17
-11
-17
-18
-15
-18
-17
-16
-16
-14
-12
-15
-17
-17
-14
-14
-15
-15
-15
-19
-15
-16
-17
-17
-17
-16
-18
-15
-17
-20
-18
-18
-19
-18
-18
-15
-16
-13
-15
-14
-11
-12
-12
-10
-10
-4
-6
-8
-9
-11
-8
-8
-8
-11
-12
-11
-12
-13
-16
-16
-15
-14
-12
-14
-14
-13
-11
-11
-9
-10
-13
-10
-7
-7
-4
-5
-3
-3
-2
-7
-4
-3
-3
-2
-3
-2
-3
-2
-4
-5
-5
-4
-6
-9
-8
-7
-8
-6
-9
-10
-13
-10
-8
-11
-11
-12
-11
-9
-9
-9
-8
-6
-7
-9
-8
-9
-8
-9
-12
-12
-10
-8
-9
-11
-7
-5
-10
-9
-11
-10
-12
-13
-12
-11
-14
-13
-11
-11
-14
-15
-16
-16
-19
-16
-13
-17
-15
-17
-15
-15
-18
-19
-21
-21
-22
-20
-23
-22
-22
-23
-21
-23
-21
-18
-17
-20
-17
-20
-20
-21
-22
-21
-22
-20
-21
-22
-20
-23
-22
-19
-20
-19
-17
-19
-20
-22
-20
-19
-19
-19
-20
-22
-18
-22
-19
-19
-19
-21
-21
-19
-21
-22
-23
-21
-24
-26
-28
-28
-27
-24
-28
-25
-20
-19
-21
-21
-17
-18
-18
-17
-16
-19
-16
-15
-13
-13
-15
-18
-23
-18
-17
-21
-21
-22
-23
-20
-20
-20
-19
-19
-19
-21
-21
-20
-24
-23
-23
-25
-19
-18
-22
-20
-20
-17
-17
-19
-19
-18
-22
-17
-15
-19
-21
-20
-17
-19
-19
-20
-22
-22
-23
-21
-18
-21
-23
-20
-19
-21
-20
-19
-22
-20
-21
-20
-22
-21
-22
-20
-16
-15
-16
-20
-17
-19
-14
-18
-15
-12
-15
-13
-12
-10
-10
-12
-13
-15
-13
-13
-14
-12
-12
-9
-12
-10
-14
-14
-14
-10
-9
-10
-10
-11
-11
-12
-14
-13
-13
-10
-15
-13
-13
-14
-13
-14
-14
-15
-17
-16
-16
-20
-21
-19
-16
-16
-19
-21
-21
-19
-20
-22
-18
-19
-21
-20
-20
-14
-14
-13
-15
-12
-11
-13
-11
-8
-9
-3
-4
-8
-3
-3
-9
-9
-7
-10
-8
-10
-9
-11
-13
-12
-13
-12
-11
-12
-12
-13
-11
-10
-10
-9
-9
-10
-8
-10
-11
-11
-9
-10
-9
-9
-7
-6
-4
-2
-2
-1
-3
-4
-6
-4
-5
-4
-9
-9
-7
-6
-6
-6
-6
-12
-10
-17
-13
-9
-12
-10
-10
-14
-14
-11
-12
-12
-12
-11
-13
-13
-15
-14
-13
-15
-14
-14
-12
-12
-13
-11
-11
-11
-12
-12
-15
-15
-15
-14
-12
-10
-13
-13
-13
-14
-13
-12
-12
-17
-14
-12
-13
-11
-12
-14
-13
-15
-15
-13
-13
-18
-16
-17
-17
-15
-16
-13
-14
-15
-13
-13
-14
-13
-15
-14
-16
-12
-11
-14
-15
-15
-14
-17
-14
-12
-13
-14
-12
-13
-15
-15
-13
-12
-14
-14
-14
-16
-14
-16
-20
-21
-24
-22
-23
-23
-25
-28
-26
-28
-28
-33
-29
-32
-33
-31
-31
-31
-26
-29
-30
-28
-28
-29
-24
-23
-27
-25
-25
-23
-23
-23
-26
-27
-26
-24
-25
-24
-25
-25
-24
-23
-25
-23
-24
-26
-24
-25
-24
-25
-25
-23
-25
-26
-23
-22
-22
-22
-24
-24
-26
-24
-23
-26
-25
-24
-26
-23
-27
-25
-21
-26
-25
-24
-26
-28
-26
-27
-25
-26
-23
-22
-22
-23
-26
-24
-26
-23
-26
-25
-24
-28
-27
-23
-23
-22
-23
-24
-21
-22
-22
-21
-19
-19
-21
-18
-20
-17
-18
-19
-21
-23
-19
-21
-22
-19
-18
-17
-19
-18
-17
-18
-16
-16
-17
-19
-17
-13
-18
-15
-16
-19
-15
-16
-16
-17
-16
-20
-16
-18
-18
-16
-16
-18
-17
-16
-16
-16
-17
-16
-16
-14
-16
-16
-16
-15
-12
-15
-14
-13
-11
-11
-9
-9
-11
-7
-6
-5
-4
-3
-4
-1
-4
-3
0
-5
-5
-6
-5
-7
-6
-6
-11
-9
-12
-11
-12
-14
-16
-16
-15
-15
-17
-14
-14
-16
-13
-14
-14
-12
-13
-14
-12
-14
-15
-12
-16
-16
-14
-15
-16
-17
-16
-15
-15
-16
-21
-19
-20
-19
-19
-20
-18
-18
-23
-23
-21
-23
-28
-25
-21
-25
-23
-24
-25
-26
-22
-22
-23
-21
-20
-24
-25
-24
-22
-25
-23
-19
-21
-18
-19
-18
-21
-21
-20
-23
-19
-22
-21
-22
-22
-18
-18
-21
-21
-18
-21
-22
-23
-22
-22
-20
-20
-17
-20
-17
-20
-21
-21
-24
-20
-22
-22
-22
-20
-22
-22
-26
-24
-20
-21
-22
-20
-23
-23
-24
-26
-26
-25
-25
-26
-24
-24
-26
-25
-27
-25
-25
-25
-26
-28
-28
-28
-25
-28
-29
-30
-27
-29
-31
-31
-32
-31
-34
-35
-36
-35
-34
-36
-37
-38
-43
-39
-40
-40
-36
-38
-36
-36
-39
-36
-32
-33
-28
-25
-28
-29
-27
-27
-27
-25
-26
-30
-26
-27
-30
-27
-27
-27
-27
-28
-29
-26
-30
-26
-28
-27
-26
-28
-26
-29
-28
-30
-31
-27
-26
-28
-29
-26
-28
-28
-29
-29
-28
-30
-29
-26
-27
-23
-26
-25
-28
-27
-27
-27
-26
-25
-28
-31
-29
-28
-27
-25
-26
-26
-25
-28
-27
-28
-27
-29
-29
-29
-29
-27
-25
-27
-25
-27
-23
-27
-28
-26
-28
-23
-22
-21
-22
-20
-22
-22
-23
-24
-24
-23
-25
-25
-22
-24
-23
-24
-25
-24
-25
-25
-21
-22
-21
-22
-23
-24
-25
-23
-20
-23
-24
-21
-24
-22
-22
-21
-20
-20
-21
-22
-25
-21
-20
-21
-21
-21
-20
-21
-21
-22
-21
-18
-19
-19
-17
-19
-15
-17
-16
-14
-15
-15
-17
-12
-11
-13
-7
-12
-11
-9
-14
-11
-9
-14
-15
-17
-19
-16
-19
-22
-24
-24
-23
-23
-24
-26
-25
-25
-23
-20
-20
-21
-19
-17
-16
-17
-15
-18
-16
-18
-17
-13
-13
-10
-7
-10
-13
-12
-14
-12
-15
-14
-12
-14
-14
-13
-12
-15
-15
-17
-18
-21
-21
-15
-17
-17
-17
-16
-19
-21
-22
-20
-20
-18
-16
-17
-21
-21
-21
-23
-22
-21
-19
-20
-18
-19
-19
-16
-18
-19
-21
-19
-21
-17
-19
-19
-18
-21
-20
-20
-18
-22
-20
-21
-21
-22
-22
-21
-23
-22
-25
-26
-26
-27
-24
-29
-25
-26
-27
-27
-27
-28
-28
-23
-22
-22
-24
-27
-28
-25
-22
-23
-24
-22
-25
-26
-25
-23
-25
-24
-23
-25
-26
-26
-22
-22
-24
-23
-22
-23
-23
-28
-25
-24
-28
-26
-27
-28
-31
-31
-32
-29
-31
-30
-30
-32
-37
-33
-35
-35
-34
-36
-35
-36
-33
-34
-32
-30
-31
-29
-29
-29
-32
-29
-29
-29
-29
-28
-27
-31
-30
-29
-31
-33
-34
-31
-33
-33
-31
-31
-33
-33
-31
-33
-34
-36
-35
-36
-36
-31
-30
-32
-32
-30
-32
-32
-29
-29
-29
-27
-27
-26
-29
-28
-26
-29
-24
-31
-30
-29
-31
-31
-32
-32
-28
-28
-29
-25
-26
-28
-27
-26
-24
-28
-28
-25
-27
-30
-28
-26
-29
-27
-27
-31
-29
-26
-29
-27
-28
-25
-28
-27
-24
-24
-25
-25
-23
-26
-27
-27
-27
-25
-23
-20
-20
-23
-26
-28
-24
-25
-24
-24
-22
-23
-23
-23
-24
-18
-21
-18
-18
-20
-21
-22
-18
-20
-20
-20
-21
-21
-24
-27
-26
-24
-23
-25
-25
-26
-26
-28
-25
-23
-25
-26
-25
-19
-22
-23
-21
-21
-22
-19
-17
-18
-19
-15
-10
-15
-14
-16
-17
-17
-16
-17
-18
-16
-17
-17
-20
-22
-22
-22
-23
-22
-21
-22
-21
-18
-20
-18
-17
-16
-15
-16
-13
-15
-13
-13
-14
-12
-13
-8
-7
-9
-8
-7
-8
-9
-8
-9
-8
-9
-8
-9
-12
-13
-13
-10
-10
-9
-13
-11
-13
-17
-10
-11
-8
-6
-13
-14
-12
-9
-9
-10
-10
-9
-11
-10
-7
-11
-10
-8
-7
-9
-9
-10
-10
-8
-10
-10
-9
-10
-8
-10
-7
-6
-6
-8
-8
-8
-9
-8
-10
-11
-11
-10
-11
-13
-11
-11
-12
-11
-14
-13
-14
-14
-13
-15
-14
-16
-17
-18
-16
-17
-19
-16
-15
-18
-20
-22
-20
-18
-22
-21
-23
-20
-19
-20
-19
-21
-20
-18
-19
-21
-20
-21
-21
-21
-18
-19
-23
-23
-24
-21
-23
-22
-23
-23
-25
-27
-26
-29
-27
-30
-28
-32
-35
-36
-36
-35
-32
-31
-33
-34
-32
-34
-32
-29
-27
-26
-27
-25
-24
-28
-26
-24
-25
-22
-27
-27
-25
-29
-28
-29
-32
-31
-33
-36
-29
-31
-35
-32
-31
-35
-37
-34
-35
-34
-33
-31
-33
-34
-34
-34
-32
-30
-30
-30
-32
-32
-30
-31
-27
-29
-28
-27
-32
-32
-33
-30
-32
-32
-33
-33
-29
-30
-24
-27
-27
-28
-29
-30
-32
-28
-30
-30
-26
-27
-28
-28
-28
-30
-28
-28
-29
-26
-25
-21
-23
-24
-21
-21
-20
-17
-19
-19
-19
-19
-18
-19
-17
-14
-14
-13
-15
-14
-15
-14
-13
-10
-9
-6
-8
-13
-8
-8
-8
-10
-8
-10
-10
-9
-10
-9
-7
-7
-8
-8
-6
-9
-11
-9
-9
-11
-10
-9
-10
-10
-10
-10
-8
-8
-9
-9
-9
-9
-7
-4
-5
-6
-4
-6
-5
-9
-5
-6
-9
-9
-9
-5
-6
-7
-3
-2
-3
-7
-4
-3
-2
1
3
0
0
-1
-2
-2
-3
-3
-6
-3
-1
-4
-7
-8
-9
-7
-12
-11
-11
-10
-10
-9
-7
-7
-5
-8
-4
-3
-5
-4
-6
-5
-7
-5
-3
-4
-5
-3
-3
0
-2
-2
-2
-1
-2
-4
-3
-7
-5
-3
-6
-4
-6
-5
-9
-12
-11
-12
-8
-7
-10
-10
-11
-15
-8
-10
-12
-13
-15
-14
-14
-14
-15
-14
-15
-15
-15
-11
-13
-17
-15
-17
-17
-16
-15
-17
-19
-18
-20
-18
-18
-24
-21
-21
-21
-22
-23
-24
-23
-21
-22
-22
-22
-22
-24
-25
-23
-24
-26
-26
-26
-27
-27
-25
-24
-27
-24
-26
-24
-23
-22
-27
-27
-22
-26
-25
-25
-25
-25
-23
-25
-25
-23
-23
-24
-24
-22
-24
-24
-24
-22
-23
-21
-22
-24
-25
-24
-23
-23
-24
-21
-25
-29
-25
-28
-29
-28
-31
-30
-33
-32
-29
-34
-33
-32
-30
-30
-30
-29
-26
-28
-26
-23
-21
-19
-19
-21
-20
-16
-18
-18
-20
-19
-20
-18
-18
-19
-18
-18
-18
-13
-14
-16
-15
-17
-17
-17
-19
-21
-18
-21
-19
-16
-16
-14
-15
-12
-12
-11
-13
-15
-14
-12
-12
-11
-9
-12
-12
-10
-9
-10
-12
-11
-11
-12
-15
-14
-14
-16
-15
-13
-12
-10
-10
-11
-13
-10
-7
-12
-11
-9
-8
-11
-12
-11
-11
-10
-11
-12
-10
-9
-10
-9
-8
-11
-9
-8
-6
-8
-10
-6
-6
-8
-6
-6
-5
-7
-6
-6
-6
-6
-7
-6
-5
-9
-7
-8
-8
-8
-6
-6
-6
-8
-11
-6
-11
-6
-9
-9
-6
-7
-6
-8
-8
-5
-7
-7
-9
-8
-4
-6
-10
-8
-6
-6
-7
-7
-7
-7
-4
-5
-4
0
-2
-2
0
1
-1
-3
3
3
0
5
1
-1
3
0
-2
-2
-1
-4
-5
-7
-8
-6
-6
-6
-4
-6
-8
-7
-10
-6
-6
-6
-9
-6
-6
-3
-5
-8
-7
-5
-9
-8
-5
-7
-4
-2
-5
-4
-5
-5
-5
-4
-6
-8
-7
-12
-11
-10
-8
-9
-12
-11
-12
-13
-11
-11
-12
-7
-10
-12
-10
-8
-5
-7
-5
-7
-10
-11
-9
-9
-10
-7
-8
-8
-5
-6
-9
-6
-7
-8
-6
-10
-9
-10
-13
-10
-11
-9
-11
-10
-11
-12
-11
-13
-12
-14
-11
-10
-11
-12
-14
-12
-12
-15
-13
-13
-15
-13
-13
-15
-15
-18
-17
-17
-19
-17
-15
-16
-18
-18
-16
-19
-17
-16
-17
-18
-17
-13
-15
-17
-16
-13
-17
-18
-17
-15
-15
-18
-16
-14
-15
-15
-17
-19
-17
-16
-18
-18
-18
-20
-18
-16
-20
-20
-21
-24
-25
-24
-23
-26
-22
-25
-22
-22
-24
-22
-21
-19
-18
-15
-16
-16
-18
-15
-15
-12
-14
-13
-15
-14
-14
-17
-14
-18
-18
-21
-18
-16
-17
-15
-18
-17
-18
-19
-21
-24
-21
-18
-18
-18
-18
-15
-17
-18
-14
-14
-16
-14
-18
-15
-13
-13
-13
-13
-14
-14
-14
-16
-16
-11
-13
-15
-15
-14
-15
-12
-11
-10
-8
-11
-11
-11
-11
-12
-12
-13
-14
-11
-10
-10
-12
-12
-10
-10
-12
-11
-10
-13
-10
-9
-8
-7
-4
-7
-4
-5
-6
-8
-6
-5
-3
-1
-2
-1
-2
-3
-2
0
2
0
-2
-3
2
-3
-2
-2
-6
-3
-2
-2
-4
-3
0
-2
-3
-2
-3
-2
-2
-4
-3
-3
-3
-5
-5
-6
-4
-5
-5
-1
-3
0
-1
-1
-2
1
6
4
4
4
4
3
7
10
6
6
12
11
9
9
8
9
8
6
2
6
4
3
2
3
1
1
3
2
2
-2
1
2
2
-1
2
2
1
4
2
5
6
3
2
5
4
6
8
8
7
7
6
8
8
4
5
3
4
3
0
2
0
0
-1
-4
-3
-6
-1
-6
-9
-6
-3
-3
-4
-2
-2
1
-1
-3
-4
-1
-3
-5
-2
-4
-7
-5
-3
-3
-2
-4
-1
-2
-2
-4
-4
-2
-1
-4
-6
-6
-3
-5
-5
-3
-8
-7
-11
-10
-7
-6
-6
-7
-8
-9
-9
-9
-8
-10
-7
-10
-7
-7
-9
-10
-8
-11
-13
-9
-12
-9
-9
-10
-10
-11
-11
-11
-11
-8
-10
-8
-9
-11
-9
-12
-12
-11
-10
-13
-14
-15
-14
-16
-15
-15
-15
-14
-16
-15
-15
-13
-16
-19
-18
-18
-23
-22
-21
-22
-23
-26
-30
-27
-28
-26
-23
-27
-27
-25
-24
-25
-24
-24
-26
-19
-23
-22
-21
-20
-21
-22
-19
-19
-21
-22
-20
-17
-19
-23
-23
-22
-22
-23
-24
-27
-21
-23
-24
-23
-22
-23
-23
-23
-19
-18
-20
-16
-18
-17
-17
-15
-14
-14
-15
-14
-10
-15
-12
-15
-11
-12
-10
-11
-11
-12
-13
-10
-16
-16
-15
-15
-12
-8
-11
-8
-9
-8
-10
-11
-11
-11
-11
-14
-10
-10
-8
-10
-10
-11
-11
-12
-13
-9
-10
-7
-10
-9
-9
-9
-4
-7
-8
-10
-12
-11
-9
-9
-8
-7
-10
-8
-3
-7
-7
-7
-9
-8
-7
-8
-7
-7
-6
-9
-8
-10
-10
-10
-8
-9
-8
-7
-10
-9
-8
-11
-9
-6
-6
-4
-5
-5
-5
-4
-3
-2
-2
-4
-5
-5
-1
-2
-1
1
-1
1
2
3
4
8
8
10
10
12
9
10
7
8
9
9
8
8
9
4
4
2
3
1
0
-2
-1
-5
-3
-3
-4
-6
-3
-3
-4
-1
-3
-2
-3
-2
-1
-2
-2
0
-1
2
1
1
0
-1
-1
-4
0
-3
-2
-5
-4
-6
-7
-6
-5
-8
-11
-10
-12
-9
-11
-6
-9
-9
-10
-13
-8
-6
-4
-8
-5
-8
-10
-9
-9
-8
-10
-7
-6
-9
-10
-11
-11
-9
-11
-11
-9
-9
-7
-9
-10
-10
-11
-7
-8
-8
-11
-10
-10
-11
-8
-8
-8
-7
-8
-9
-11
-15
-13
-15
-15
-16
-14
-14
-11
-14
-15
-14
-17
-15
-17
-16
-13
-14
-15
-17
-17
-18
-19
-15
-15
-17
-17
-16
-15
-16
-15
-16
-16
-18
-18
-17
-17
-17
-19
-15
-12
-16
-19
-15
-13
-15
-17
-14
-17
-19
-16
-17
-18
-18
-19
-16
-21
-23
-19
-22
-20
-23
-21
-19
-22
-22
-18
-16
-18
-17
-15
-19
-15
-14
-17
