-1
-1
1
0
-3
-2
-2
-1
0
-1
-4
-3
-3
-4
-5
-5
-7
-7
-7
-5
-6
-6
-8
-7
-6
-12
-9
-6
-14
-14
-15
-14
-16
-15
-14
-15
-13
-14
-21
-23
-26
-28
-14
-7
-4
-3
-7
-8
-6
-6
-9
-6
-5
-4
-7
-8
-11
-8
-10
-9
-7
-8
-9
-10
-9
-11
-11
-14
-11
-16
-15
-15
-14
-10
-15
-13
-13
-16
-11
-15
-13
-10
-13
-13
-7
-10
-12
-13
-10
-7
-11
-10
-7
-14
-19
-10
-14
-14
-12
-9
-12
-14
-10
-8
-7
-7
-10
-7
-4
-5
-5
-6
-2
-3
-3
1
-2
-3
-3
-4
-5
-5
-3
-1
-1
2
0
0
-3
-1
-2
-2
2
1
3
-4
-5
-2
0
1
-1
2
3
3
4
4
6
7
6
2
-1
6
7
1
4
3
4
6
8
9
4
7
8
6
5
6
9
8
3
5
6
5
8
10
7
6
9
7
8
9
7
10
11
13
12
11
14
13
17
18
18
19
18
16
16
17
19
17
27
24
19
28
26
18
14
16
13
14
13
18
17
15
16
12
15
16
17
15
17
17
15
17
17
15
15
18
17
20
18
19
20
17
18
14
14
16
16
16
19
17
15
18
19
17
13
19
22
19
11
10
14
9
14
17
13
9
13
15
9
9
11
12
13
12
10
10
14
13
11
13
12
11
13
10
10
13
12
11
15
11
13
14
14
12
10
9
7
8
11
13
9
10
8
9
11
4
8
7
10
8
3
7
2
3
1
-3
0
-1
1
2
2
5
2
3
5
3
4
3
0
2
0
4
4
6
6
6
4
3
5
11
10
8
6
4
8
7
5
6
7
7
6
4
5
3
-1
0
0
-1
1
-2
-2
-3
-5
-2
-2
-2
-3
0
-7
-8
-8
-15
-12
-1
4
7
2
4
5
3
2
4
5
3
0
1
-1
-2
-1
-1
3
0
1
-1
-1
-4
-5
-5
-7
-3
-8
-7
-5
-3
-1
-6
-7
-6
-7
-7
-7
-7
-7
-7
-6
-4
-6
-11
-7
-5
-3
-5
-7
-3
-10
-9
-5
-11
-8
-9
-10
-12
-14
-10
-8
-10
-10
-8
-9
-8
-9
-8
-7
-6
-9
-9
-8
-8
-7
-8
-7
-6
-6
-3
-2
-2
0
0
-2
-5
0
-5
-2
2
0
1
-2
-1
-3
-4
-1
-5
-3
4
2
5
7
7
8
3
4
6
8
1
1
4
3
6
6
5
8
10
9
9
11
13
12
15
9
8
10
9
13
11
10
11
9
12
8
10
11
8
10
8
13
10
8
14
17
16
16
17
18
17
16
11
17
16
18
22
17
24
21
13
13
10
9
10
6
14
12
12
9
9
12
8
14
11
12
12
12
11
12
11
10
13
15
18
15
16
21
19
15
18
15
16
12
13
19
17
18
18
19
21
18
17
18
14
15
15
20
14
12
24
21
13
17
21
20
20
20
19
23
23
21
24
19
20
24
25
24
24
24
19
22
20
20
22
21
21
25
26
24
22
23
22
21
23
22
22
21
21
21
24
21
24
23
21
25
31
28
22
22
20
25
20
18
20
16
22
24
21
21
18
20
23
20
22
19
18
15
18
20
17
14
13
15
12
13
15
15
14
17
19
19
18
18
15
12
15
13
14
12
9
10
10
6
10
8
7
6
5
2
2
2
2
2
3
-1
-3
-2
-9
-5
-1
4
8
7
5
3
4
6
6
6
10
11
9
4
7
4
2
8
6
10
7
5
4
3
3
3
1
3
1
5
5
0
6
3
6
2
4
7
4
4
3
8
9
5
1
3
8
9
5
7
12
6
2
9
5
4
8
5
3
4
3
6
8
6
7
10
8
10
8
8
10
11
8
12
9
7
10
9
9
7
8
10
12
11
13
13
13
11
15
13
15
13
10
9
11
15
10
14
16
12
13
13
13
16
16
16
15
13
9
13
8
11
12
16
13
15
18
15
14
15
17
14
15
16
14
15
13
12
14
14
13
9
13
11
12
13
11
12
12
13
12
13
11
12
11
18
19
19
20
20
17
20
19
18
21
24
29
22
33
34
23
21
18
19
17
16
14
20
23
17
15
16
19
22
21
19
21
18
18
18
17
21
22
25
26
28
29
29
33
26
25
27
25
26
28
26
30
26
26
24
27
27
24
28
27
26
22
20
20
22
15
22
26
19
19
22
23
21
25
22
22
22
21
20
19
18
20
22
23
21
20
18
18
24
23
22
22
24
22
22
23
21
17
18
16
16
18
20
18
15
18
14
16
15
14
18
16
22
17
15
14
13
12
7
10
9
11
11
11
9
8
10
11
11
8
10
12
6
5
7
6
8
8
6
6
8
9
12
8
10
9
8
10
6
7
6
9
9
8
10
9
6
4
6
8
6
2
2
3
2
-1
1
2
2
3
2
-9
-5
-5
-4
3
4
11
6
7
5
8
9
9
7
8
9
10
9
7
5
6
12
8
8
9
9
10
5
4
3
4
3
0
-2
2
3
5
5
5
7
2
5
5
6
5
7
10
9
3
4
6
9
3
4
6
0
6
5
6
3
7
8
4
-1
1
2
5
6
0
3
3
2
1
2
5
4
7
1
2
1
0
-1
0
-1
-2
1
2
7
6
4
4
3
5
7
5
10
8
4
4
5
7
6
6
12
12
8
8
12
14
12
11
11
10
13
11
9
7
11
15
11
15
10
15
16
14
14
11
15
16
15
13
11
14
16
15
15
14
16
15
17
19
17
18
19
18
21
19
20
27
26
28
27
29
29
28
23
22
25
25
25
36
33
25
31
28
24
21
24
23
18
20
22
25
23
16
18
18
20
19
21
15
17
17
16
16
17
16
17
19
17
19
19
24
20
18
16
17
21
15
16
21
18
17
21
16
18
18
17
16
14
12
11
9
12
13
10
15
13
11
14
14
17
16
13
14
15
11
13
14
13
12
13
14
12
13
13
10
9
10
10
11
12
12
10
12
12
11
9
8
10
11
10
11
10
9
12
10
14
11
16
15
10
12
12
10
9
9
4
2
5
5
4
8
9
7
5
5
9
7
5
6
4
2
4
8
8
6
3
10
6
8
11
6
8
6
7
10
8
10
9
9
9
8
9
9
8
9
4
9
11
2
5
5
5
3
4
8
7
8
11
0
-5
3
3
10
14
16
15
12
6
8
13
10
7
10
10
7
8
5
4
5
5
6
7
8
6
6
3
-2
-3
-4
-5
-5
-7
-4
-2
-6
-1
-3
-4
-4
-5
-6
-8
-8
-10
-3
-6
-13
-6
-6
-8
-7
-12
-9
-11
-11
-9
-10
-10
-11
-11
-13
-15
-14
-16
-16
-16
-19
-18
-18
-16
-14
-15
-10
-14
-9
-11
-14
-11
-11
-10
-11
-12
-11
-13
-10
-8
-11
-13
-12
-13
-13
-8
-9
-9
-5
-9
-8
-10
-14
-9
-7
-4
-7
-5
-3
-5
-3
0
-4
-4
-5
1
-3
-7
-6
-5
-2
-3
-2
-1
-3
1
-1
-4
-4
-2
-2
-2
-4
-4
-2
-1
2
-3
-2
-2
1
-2
-2
-2
-2
0
-2
1
0
1
2
4
6
10
8
7
4
4
7
6
8
6
11
15
12
13
10
7
3
3
2
1
2
3
8
8
4
1
1
3
4
3
6
5
1
3
2
5
5
2
11
11
9
13
14
14
9
11
11
11
10
10
10
12
14
11
12
10
10
8
9
12
6
9
10
9
13
15
11
11
11
13
10
12
13
14
14
16
12
12
14
11
12
13
11
13
15
12
12
12
15
10
12
12
11
15
16
15
11
9
8
7
13
12
10
8
5
7
7
8
13
14
14
6
8
12
6
6
2
2
1
0
0
3
3
4
2
3
2
3
3
3
0
-1
-2
-2
-2
0
-1
-3
-3
-1
2
-1
0
2
2
0
-1
0
0
0
-1
-1
-2
-3
-1
0
-3
-1
-3
-2
-1
-6
-3
-3
-3
-5
-4
-3
-7
-2
-9
-11
-9
-16
-9
-2
2
1
1
-2
-1
2
2
1
0
2
3
1
-2
-2
-1
-2
1
1
0
-1
-5
0
-1
-5
-8
-7
-10
-9
-9
-10
-9
-11
-9
-9
-6
-8
-11
-8
-13
-7
-6
-6
-10
-12
-7
-7
-4
-7
-7
-5
-13
-9
-5
-10
-8
-8
-7
-9
-9
-10
-8
-5
-7
-6
-4
-3
-4
-5
-4
-3
-5
-1
-4
-4
-1
-5
-5
-5
-6
-4
-4
-2
-5
-3
-5
-6
-4
-4
-3
-3
-1
-2
-4
-4
-9
-8
-3
-3
-4
-4
-2
-2
0
3
3
1
-2
-5
0
-4
-6
-5
-5
0
-2
0
-2
0
2
-3
0
0
-2
-2
0
-1
-1
2
1
-1
-2
2
-2
-1
1
3
3
3
2
3
5
5
6
2
10
14
8
7
11
9
7
9
12
13
12
16
12
19
21
17
8
5
9
7
7
8
12
10
4
4
7
8
11
12
14
11
12
8
10
9
9
7
12
14
16
15
16
20
14
13
15
16
13
13
13
14
15
15
15
13
11
14
15
14
13
10
6
5
6
13
16
9
11
19
14
11
14
14
16
14
14
12
14
12
10
12
12
14
18
12
14
16
16
18
14
17
15
16
16
14
15
11
11
11
15
15
11
13
12
10
13
13
14
13
11
18
17
11
11
10
9
6
6
3
3
7
5
7
3
4
3
2
7
5
4
3
3
0
5
3
1
2
-2
0
0
3
5
4
2
-2
4
2
1
0
0
1
-2
2
2
-1
-2
-2
-3
-2
-5
-10
-3
-4
-5
-2
-2
-5
-9
-6
-7
-13
-10
-14
-17
-15
-10
0
-3
-5
-3
-3
-3
-2
-4
-1
-4
-4
-4
-5
-4
-3
-2
-1
0
0
-2
-1
-3
-5
-9
-10
-12
-11
-8
-11
-7
-7
-8
-8
-10
-10
-8
-5
-9
-9
-5
0
-2
-5
-9
-3
-1
1
1
5
2
-9
1
-4
-3
0
-1
1
-2
0
0
2
2
2
2
3
1
2
3
5
3
5
3
1
5
2
5
4
4
5
4
6
6
4
2
2
3
7
5
11
7
8
11
2
4
2
4
5
1
9
9
5
9
10
9
9
8
8
14
5
3
7
4
4
6
7
6
5
7
6
4
6
6
8
6
3
4
2
4
4
3
4
4
5
9
4
3
4
5
5
4
8
8
6
7
12
12
9
11
11
11
12
11
10
12
19
14
16
21
17
11
8
5
1
6
5
8
12
8
7
6
8
9
8
11
9
10
10
9
9
7
6
8
11
15
14
16
16
17
15
18
19
17
17
14
18
19
19
18
20
15
12
14
19
18
12
18
15
18
12
14
21
15
15
16
20
17
17
18
19
16
19
18
15
16
16
17
14
16
15
15
17
13
18
12
13
16
19
16
14
13
11
11
12
11
14
15
12
13
13
14
10
7
11
15
20
16
13
12
10
10
8
6
7
8
6
9
15
13
10
12
13
11
11
11
9
10
8
6
9
9
7
7
5
9
10
14
11
11
11
11
15
13
11
12
13
13
12
14
11
12
7
9
8
7
4
3
6
3
8
6
11
10
8
6
-4
-1
1
0
5
14
15
12
14
12
13
17
14
12
13
13
12
13
11
10
11
10
13
11
13
10
8
7
7
4
3
4
3
4
4
7
4
4
8
7
7
8
6
5
6
8
13
10
6
7
7
7
9
12
9
12
12
10
7
5
10
12
7
6
8
9
6
5
9
9
9
4
9
9
6
12
10
7
5
5
8
7
8
8
6
7
8
10
7
6
8
7
8
10
9
7
5
8
4
3
7
9
9
10
8
12
12
14
15
16
14
10
11
12
9
7
7
6
11
14
12
14
15
14
12
13
14
15
14
17
14
13
13
11
11
11
10
11
12
12
13
14
12
14
15
14
18
20
19
18
18
21
20
17
20
19
20
20
18
18
25
32
27
35
26
19
20
18
18
13
14
16
23
20
16
13
12
16
20
22
20
18
19
20
22
20
19
22
25
30
28
29
30
30
27
28
24
27
27
27
28
26
26
26
26
26
26
28
26
22
21
20
25
26
25
17
24
23
22
22
22
23
26
25
27
23
21
24
21
23
22
23
21
21
22
20
21
23
22
19
21
21
21
23
21
22
20
21
18
20
20
22
21
19
21
20
21
20
19
20
24
28
23
23
21
18
19
15
13
15
13
15
15
16
15
14
16
15
14
17
12
12
12
12
15
13
13
12
14
12
11
11
14
16
13
13
13
10
13
8
8
10
9
9
8
9
6
9
8
11
5
7
5
0
6
5
6
5
4
3
-2
-10
-9
-9
1
12
15
13
10
9
11
15
10
14
15
17
15
14
12
14
13
16
16
13
15
16
16
17
15
15
11
13
12
12
13
11
15
12
13
14
15
14
14
15
15
16
19
19
16
20
16
19
21
18
22
17
15
19
14
14
15
18
13
13
13
14
15
16
16
15
16
16
13
13
16
13
15
13
13
9
10
9
10
8
6
10
9
12
14
12
11
10
10
13
11
13
15
10
13
8
5
5
3
8
6
7
9
9
10
9
15
9
8
9
6
11
7
5
5
6
10
10
10
10
9
9
7
10
11
12
13
9
10
9
9
8
10
7
6
9
11
8
7
7
9
8
10
8
8
9
13
17
13
18
16
15
14
16
14
12
18
27
20
19
23
13
8
10
12
10
8
10
12
16
10
8
10
10
15
15
11
14
15
12
8
13
11
10
11
13
15
15
17
19
14
13
16
15
15
13
14
15
15
14
15
15
14
14
15
18
20
11
11
13
9
18
13
14
16
17
18
15
20
20
19
20
15
14
18
18
17
16
16
17
17
18
12
15
19
15
18
19
17
17
18
20
17
16
15
14
17
15
14
13
12
14
9
11
10
14
19
13
8
9
11
8
8
6
7
7
4
2
8
7
6
7
3
12
10
6
5
5
5
3
4
6
7
2
4
5
7
8
7
6
11
10
11
10
5
6
6
8
7
6
10
10
3
2
3
5
1
-1
0
-1
-2
-1
0
2
-1
2
-4
-10
-9
-9
-7
-1
6
7
4
4
5
6
6
1
5
6
8
4
0
5
8
6
9
8
5
7
5
7
4
4
4
1
1
0
0
4
5
8
5
5
4
1
4
5
6
4
6
8
5
5
4
3
8
9
9
11
8
7
9
8
10
7
7
6
6
6
7
9
8
6
8
6
6
10
9
10
12
12
7
10
11
10
9
8
10
7
9
10
7
13
10
12
12
11
15
10
13
8
4
15
11
11
12
18
19
11
15
13
13
15
16
14
13
11
14
12
10
12
12
14
16
18
18
17
14
14
13
16
17
17
14
12
12
12
9
10
10
10
11
12
11
12
10
10
13
13
16
11
13
14
16
19
18
20
20
18
15
15
17
16
15
23
24
25
28
23
15
8
11
11
9
10
16
17
13
11
9
10
12
11
13
15
16
18
17
16
17
15
16
15
20
18
22
24
19
18
17
19
20
20
22
21
23
25
22
21
21
20
20
24
24
20
17
17
14
16
25
18
20
22
19
16
17
21
19
19
22
19
21
23
18
22
20
22
24
20
19
18
20
23
21
19
25
28
24
26
27
24
23
22
24
23
20
24
19
19
18
19
21
21
29
26
25
25
23
23
22
20
19
18
20
18
20
24
19
23
24
26
22
24
22
21
21
21
21
22
25
23
21
20
21
20
22
22
21
22
24
25
19
22
18
19
21
20
20
20
19
19
16
17
21
15
13
10
11
12
11
14
11
13
15
6
6
9
5
6
14
18
15
16
16
17
17
15
20
18
14
15
12
13
12
13
14
15
13
11
9
10
9
7
5
5
6
4
3
7
8
8
9
4
7
6
4
2
3
4
5
5
6
2
6
4
3
6
6
9
5
2
6
0
1
4
5
1
0
2
1
3
0
2
2
4
1
-1
1
3
1
4
3
-1
3
2
4
2
4
6
5
5
4
8
8
5
5
3
7
8
5
11
2
1
3
3
6
8
11
8
9
11
15
15
10
15
9
7
13
7
6
7
12
13
10
11
12
12
13
13
9
14
14
12
13
10
11
11
11
11
11
8
10
11
9
10
10
6
8
11
12
11
10
13
11
17
15
12
17
14
10
9
13
12
14
18
14
12
18
13
7
7
4
1
-1
2
4
8
7
5
4
6
5
4
7
5
2
2
2
1
1
4
2
6
5
8
9
9
10
6
7
6
9
9
10
10
9
9
13
10
10
12
9
13
12
9
8
6
9
2
5
14
8
6
8
15
17
14
11
11
13
13
13
12
12
13
13
11
11
12
9
7
11
15
10
14
12
9
11
11
12
10
8
8
8
14
11
12
12
9
12
10
11
13
13
13
5
11
11
7
9
7
5
2
3
1
5
8
5
4
7
6
9
6
3
5
2
3
1
3
4
1
2
1
1
4
5
6
4
3
2
4
4
4
3
1
1
1
0
2
1
2
1
-2
0
-2
-3
-5
-4
-3
-1
-4
-3
-5
-6
-14
-11
-9
-14
-6
-3
5
3
-1
-1
1
2
0
1
5
1
3
0
-3
-1
-2
0
2
2
-1
-3
-1
-2
-2
-5
-6
-7
-7
-7
-4
-4
-6
-6
-3
-4
-7
-5
-6
-8
-9
-8
-7
-3
-7
-8
-5
-4
-2
-5
-3
0
-9
-11
-7
-9
-5
-6
-8
-10
-8
-11
-9
-8
-6
-7
-8
-6
-6
-9
-4
-5
-8
-7
-7
-10
-11
-9
-9
-6
-5
-5
-5
-2
-2
-3
-6
-5
-4
-6
0
-2
0
-1
-4
-5
-11
-11
-6
-2
-2
-5
-1
-3
0
3
1
3
-1
1
0
0
-3
-4
-1
1
-1
2
1
-1
3
1
3
2
2
2
-2
-2
-1
-2
-3
0
-2
-3
-2
-2
-5
-2
-2
-3
-3
-4
1
-3
-6
-2
0
2
1
1
2
3
-2
-4
0
-3
4
6
-1
3
6
5
1
-3
-4
-7
-9
-4
-1
-2
-7
-8
-6
-5
-4
-2
-3
-5
-4
-4
-4
-4
-7
-6
-1
-3
1
2
4
0
-2
-1
-3
-1
0
3
3
2
1
6
0
0
2
-3
2
0
-1
-6
-8
-6
1
-7
-1
2
-6
-7
-2
0
0
1
-1
0
-3
-1
-2
-1
-3
-1
1
-1
-1
-3
-3
-3
-1
-2
-4
-2
-2
-1
-3
-2
-5
-6
-4
-6
-3
-3
-4
-2
-4
-6
-2
-5
-6
-3
1
-5
-6
-3
-3
-4
-4
-11
-10
-13
-12
-5
-4
-3
-5
-4
-5
-5
-8
-9
-7
-8
-9
-8
-8
-8
-8
-11
-10
-6
-6
-3
-4
-7
-7
-9
-8
-8
-7
-8
-7
-7
-9
-10
-10
-10
-10
-10
-9
-6
-15
-19
-12
-14
-15
-16
-15
-13
-16
-14
-17
-23
-21
-25
-20
-14
-8
-7
-8
-9
-12
-7
-7
-6
-6
-7
-9
-10
-11
-15
-12
-11
-8
-8
-11
-12
-11
-10
-12
-18
-17
-19
-22
-18
-16
-18
-19
-18
-15
-15
-16
-19
-20
-18
-21
-21
-16
-13
-16
-20
-17
-15
-13
-14
-12
-14
-21
-13
-15
-22
-19
-16
-17
-19
-20
-18
-18
-19
-18
-19
-14
-15
-18
-15
-17
-14
-14
-15
-16
-17
-17
-20
-20
-18
-18
-19
-18
-13
-12
-14
-13
-13
-14
-12
-12
-9
-7
-6
-14
-16
-9
-10
-10
-11
-8
-6
-10
-9
-4
-1
-3
-8
-12
-10
-5
-10
-12
-12
-12
-9
-10
-7
-9
-9
-7
-10
-8
-9
-8
-7
-8
-9
-11
-11
-9
-9
-13
-12
-12
-11
-10
-10
-11
-11
-8
-11
-9
-13
-11
-3
-5
-2
-5
-4
-2
-4
-2
-4
-4
-4
-4
0
-3
4
3
-4
-8
-11
-11
-13
-11
-8
-9
-7
-9
-11
-11
-8
-8
-9
-8
-7
-7
-7
-7
-6
-9
-8
-5
-4
-1
-2
-5
-1
-5
-5
-5
-6
-2
-4
-2
-1
-1
1
-2
3
0
-4
-1
4
3
-5
-4
-5
0
5
0
4
0
-1
1
-2
2
3
4
2
2
3
3
5
3
0
2
2
3
-1
-1
1
3
2
-4
1
3
1
3
5
3
3
2
2
2
4
3
1
3
1
3
6
-1
-1
3
6
7
6
6
3
2
-1
-2
0
0
-1
6
8
5
6
5
5
3
3
2
2
3
2
-1
2
1
-1
1
0
4
7
5
6
3
4
5
5
4
2
1
2
2
3
1
-1
-2
-2
-2
-2
0
-9
-11
-8
-12
-9
-7
-8
-6
-9
-11
-19
-20
-20
-17
-14
-10
-4
-5
-7
-10
-8
-6
-10
-8
-6
-7
-10
-11
-13
-13
-13
-12
-10
-11
-12
-12
-11
-15
-15
-16
-17
-16
-18
-16
-15
-13
-13
-14
-12
-12
-12
-12
-13
-14
-15
-12
-12
-12
-15
-14
-13
-7
-9
-10
-5
-11
-11
-8
-10
-10
-8
-11
-14
-12
-13
-7
-8
-8
-8
-10
-7
-9
-10
-7
-8
-6
-4
-6
-7
-7
-7
-10
-7
-9
-8
-5
-4
0
-2
-4
-3
-4
-2
-2
-2
1
0
2
-4
-8
-1
-2
-2
1
2
5
2
5
6
6
5
0
0
5
2
-1
-2
-2
0
3
2
1
2
1
2
3
2
2
1
-1
-2
-1
0
1
2
4
0
1
1
4
3
2
4
4
3
7
6
1
6
9
7
7
10
11
9
7
8
7
11
5
11
14
10
15
14
9
4
0
-2
0
-1
4
5
2
1
-1
-2
0
6
3
3
0
1
3
3
2
2
4
6
7
8
6
11
7
6
7
7
4
2
5
4
8
6
6
6
5
1
6
6
7
6
1
4
2
2
7
-3
3
7
4
4
4
6
6
6
1
2
4
3
6
7
4
5
3
1
1
0
2
0
6
3
3
4
3
4
1
1
-1
1
2
2
2
1
1
3
1
3
1
4
2
3
6
2
4
3
0
1
-3
-1
-1
-6
-2
1
0
0
2
4
3
2
-1
-2
-2
-4
0
-1
1
-3
-1
2
0
1
0
2
1
-1
0
1
0
1
0
1
-1
-2
-1
-4
-3
-7
-7
-5
-6
-8
-6
-8
-9
-7
-8
-6
-9
-12
-12
-18
-21
-20
-17
-11
-6
-6
-3
-2
-5
-7
-7
-6
-5
-4
-3
-4
-7
-8
-8
-4
-4
-2
-3
-4
-3
-5
-6
-11
-10
-12
-10
-14
-11
-9
-12
-7
-9
-7
-8
-12
-11
-12
-11
-12
-14
-10
-6
-12
-18
-14
-10
-9
-9
-4
-8
-15
-13
-11
-12
-11
-9
-9
-11
-11
-10
-8
-9
-10
-7
-9
-8
-9
-8
-7
-4
-5
-5
-5
-5
-6
-7
-8
-7
-7
-7
-4
-5
-2
-5
-3
-3
-2
1
1
0
-1
-4
-6
-7
-1
1
-2
0
-1
2
5
9
5
9
10
5
6
2
2
2
2
3
0
4
6
6
5
6
5
4
7
7
7
8
5
6
8
3
5
7
6
6
7
7
10
8
8
8
10
10
11
11
12
11
16
18
13
17
16
17
14
15
17
16
23
26
22
26
20
16
13
13
12
11
11
13
21
15
13
11
14
17
17
18
16
19
16
14
15
14
18
16
18
20
21
18
21
22
18
18
18
17
18
17
18
20
15
15
18
14
13
11
15
17
11
9
6
13
7
9
15
11
8
9
15
12
11
12
13
13
13
12
13
7
11
13
9
11
12
8
8
9
10
9
10
12
11
13
10
10
4
7
3
7
11
9
10
2
5
5
2
9
8
8
11
10
12
6
8
5
4
1
2
6
0
9
6
5
1
3
8
5
4
6
4
2
2
1
3
4
3
-3
0
1
1
3
2
3
5
4
5
3
4
5
5
3
0
5
5
2
2
1
2
4
-2
-1
1
0
-2
-2
5
-1
-4
0
-10
-10
-8
-8
1
5
11
8
7
5
10
8
8
7
6
9
6
4
4
2
5
3
4
8
6
6
6
7
7
5
0
0
1
-1
2
4
2
1
0
1
2
-1
2
0
-1
-1
0
2
-4
-3
-4
-2
-1
1
2
2
-5
-3
-2
-9
-6
-3
-6
-9
-6
-8
-6
-4
-8
-7
-4
-5
-4
-5
-5
-4
-4
-5
-5
-6
-3
-8
-8
-6
-8
-6
-3
-4
-3
-6
-8
-5
-5
-5
0
-3
-2
-1
1
-2
-11
-12
-7
2
-2
-2
0
-2
5
3
3
1
3
3
1
-1
-2
1
2
2
0
3
3
4
4
2
2
2
4
7
5
3
-1
3
4
3
3
1
7
5
6
7
7
5
4
7
5
6
10
6
8
17
15
14
16
17
15
13
16
13
18
28
20
19
20
17
17
16
16
12
13
13
19
19
14
14
14
18
19
20
18
15
16
14
13
14
16
14
15
19
20
24
22
24
22
23
24
23
24
21
23
26
24
22
21
20
23
20
19
16
16
17
12
17
19
14
21
20
16
18
19
19
19
21
21
19
19
16
17
17
16
16
20
16
18
18
15
17
17
19
18
21
17
17
18
16
13
10
10
11
16
14
13
14
13
15
9
10
10
11
19
16
20
18
15
16
14
14
15
9
11
17
14
15
14
11
11
16
15
15
15
14
12
9
13
12
12
10
11
11
9
9
10
12
9
11
10
11
10
8
9
9
11
11
10
9
8
7
4
4
6
4
3
1
4
2
5
1
-1
3
1
-7
-8
-10
-7
2
6
8
3
8
4
8
8
3
8
8
8
6
3
4
5
3
5
5
2
-1
2
2
-3
-5
-7
-6
-5
-8
-5
-6
-6
-4
-4
-4
-3
-8
-5
-7
-6
-2
-1
3
-1
-4
-5
-1
1
0
4
3
-4
-1
2
-3
-6
-4
1
-6
-5
-3
-2
-4
-6
-4
-2
-2
-3
-2
-1
-1
1
2
-2
1
1
-1
1
0
-1
1
-1
4
1
3
1
0
2
-1
3
3
1
1
-3
1
3
-3
3
1
5
3
2
4
5
7
5
1
2
-1
5
2
0
3
3
2
0
6
3
4
2
1
3
0
1
2
2
0
-1
0
1
-1
1
-4
-4
1
-2
-2
-1
-3
3
-1
2
3
-1
1
3
9
8
5
6
3
5
6
4
6
4
12
10
10
14
7
2
-1
2
-1
-5
-2
3
4
1
-2
-2
-1
0
3
1
4
1
2
-1
0
4
1
2
5
7
4
5
8
5
7
6
5
5
4
5
2
3
0
3
2
2
1
-2
-2
-4
-3
0
-2
-5
-7
-6
-1
-1
-3
-2
-2
-4
1
-1
-2
0
-1
1
0
-3
-2
-1
-4
-2
-6
-7
-5
-5
-3
-2
-1
-5
-5
-2
2
0
-3
-4
-5
-5
-3
-6
-4
-3
-5
-3
-6
-5
-1
1
-1
-6
-2
-1
-5
-7
-8
-9
-10
-9
-12
-7
-4
-8
-8
-8
-5
-2
-8
-9
-7
-11
-8
-10
-7
-8
-8
-7
-9
-8
-6
-6
-7
-7
-6
-6
-5
-4
-7
-7
-9
-7
-9
-6
-7
-9
-12
-9
-13
-15
-12
-14
-11
-14
-12
-13
-12
-15
-13
-13
-21
-18
-21
-24
-16
-9
-6
-11
-7
-9
-6
-6
-12
-9
-7
-4
-6
-10
-12
-8
-6
-9
-8
-8
-8
-6
-7
-6
-9
-14
-13
-12
-15
-13
-10
-10
-10
-12
-12
-12
-13
-12
-13
-12
-13
-12
-9
-11
-11
-14
-12
-8
-5
-5
-6
-11
-12
-5
-10
-15
-11
-6
-11
-14
-13
-10
-10
-12
-13
-9
-8
-8
-7
-8
-7
-4
-6
-9
-6
-6
-8
-8
-9
-8
-7
-4
-5
0
-2
-2
-4
-5
-2
-1
2
-5
1
1
-4
-8
-11
-1
-1
-5
-3
-1
0
-2
-1
6
4
-5
-2
0
-2
-2
-2
-3
-6
-1
0
1
2
2
4
2
1
0
3
2
-2
-3
-2
-1
-4
-2
-4
-3
-5
-3
-2
-3
-5
-1
-1
-2
4
1
0
0
5
7
5
4
6
4
4
2
4
3
10
12
8
16
12
10
5
6
3
3
5
7
9
6
2
1
3
5
9
5
7
9
6
5
7
6
8
10
10
13
12
11
10
15
14
15
12
12
12
11
10
12
11
12
13
12
14
11
12
8
11
10
10
5
11
15
8
11
12
16
12
9
12
13
14
12
9
10
10
12
9
13
13
13
10
5
8
9
12
12
13
13
13
12
10
12
8
6
6
7
7
4
7
7
3
2
5
4
6
5
7
4
1
5
1
2
1
-1
1
-4
-4
-1
0
-1
-2
2
2
0
-1
-3
-2
-4
-5
-3
-3
-2
-3
-4
-2
-3
1
4
3
0
0
1
-1
2
1
-1
1
0
-1
5
3
0
0
-2
-2
0
-1
-7
-4
-4
-8
-6
-5
-6
-4
-4
-9
-12
-11
-16
-12
-8
-1
0
-1
2
0
0
-2
0
1
3
-2
-2
-4
-4
-6
-2
-1
-1
-1
-2
-3
-5
-6
-12
-13
-11
-14
-12
-10
-10
-8
-9
-8
-9
-6
-9
-9
-7
-8
-6
-4
-2
-6
-9
-9
-5
-1
-1
1
-1
-8
-6
0
-5
-4
-3
-4
-5
-1
0
-3
-2
-3
-2
-2
-2
-1
1
-1
1
4
2
2
2
0
1
1
1
1
3
5
7
10
9
8
8
7
8
11
12
12
6
4
9
10
6
7
7
10
8
10
13
12
14
18
12
13
13
11
8
7
11
10
12
11
11
12
14
13
11
10
13
11
10
10
7
8
8
10
11
11
12
11
14
13
9
14
12
12
16
17
13
15
19
20
27
26
24
21
23
25
25
27
27
29
31
24
34
40
39
33
24
22
22
23
23
26
28
28
21
22
27
27
27
30
29
27
25
26
25
26
27
28
33
32
31
36
34
31
27
26
26
27
25
24
27
25
25
27
29
23
21
24
25
24
20
21
19
17
14
25
21
15
25
23
18
20
21
19
20
20
20
22
22
23
22
21
19
19
20
15
16
17
16
15
20
22
17
20
18
20
21
17
21
21
21
20
20
17
21
23
21
19
21
25
27
29
27
28
21
20
18
13
18
18
17
23
21
23
21
23
22
20
22
21
19
17
17
17
16
17
15
16
17
16
15
14
17
19
17
13
15
13
13
12
16
10
11
13
11
9
7
7
7
7
5
4
5
3
4
5
4
1
3
-1
-5
-3
-11
-4
2
4
8
6
4
6
5
3
5
6
5
5
0
0
0
1
1
4
7
5
7
4
6
3
0
1
1
-1
-4
-3
3
3
1
4
4
5
2
3
4
3
2
6
10
3
3
4
4
4
7
13
14
10
5
9
7
3
8
8
7
8
9
11
7
9
6
7
9
6
9
8
9
12
12
10
6
5
7
4
6
4
6
7
10
9
10
7
6
7
7
10
10
14
10
11
3
8
8
13
12
11
16
16
16
20
18
16
12
13
13
14
9
7
10
10
15
16
15
15
17
13
15
14
15
13
13
14
12
12
13
13
15
15
14
13
13
16
14
15
15
15
18
20
18
15
19
21
20
21
22
26
22
18
21
22
24
25
30
25
27
32
27
22
18
16
13
11
15
20
23
17
17
16
16
20
21
20
19
17
18
19
19
18
18
20
18
22
21
22
23
20
23
21
17
20
17
19
22
21
21
18
19
19
17
21
22
20
16
16
16
17
10
18
22
15
17
18
18
15
18
17
18
18
18
20
22
20
17
17
16
17
17
17
15
19
17
19
19
18
21
19
21
20
17
16
16
18
17
15
16
16
16
15
14
12
10
18
19
17
15
12
13
8
8
5
4
6
2
8
11
10
4
6
8
8
4
3
3
3
2
2
5
4
4
5
3
5
6
7
8
5
7
8
6
6
8
7
5
8
4
6
6
5
7
7
5
7
3
3
4
3
2
2
6
4
4
2
-4
-4
-6
-8
1
10
11
8
7
2
8
3
4
6
6
9
4
3
2
3
4
5
6
6
4
5
8
5
0
1
1
1
-2
-2
1
0
2
2
-1
2
-1
-1
-1
-2
-1
0
4
3
-2
0
2
5
2
4
6
-2
2
6
2
-2
1
4
-3
-4
-2
-1
-1
0
0
0
3
3
2
2
4
7
4
3
6
4
5
3
2
2
3
6
7
7
7
5
5
6
4
9
4
8
5
7
5
-3
2
7
6
6
7
9
6
6
10
9
6
5
7
8
4
2
3
5
6
9
7
6
8
7
4
4
5
10
6
5
5
3
3
2
2
1
1
2
3
0
1
3
4
5
4
8
9
5
5
5
14
11
10
12
10
9
10
16
15
15
22
21
21
20
18
15
10
10
7
7
8
6
9
11
10
7
9
14
11
13
11
12
12
8
10
12
14
15
17
18
18
18
18
16
15
16
16
15
13
15
13
17
17
15
15
15
12
15
18
14
10
11
7
9
13
9
8
6
8
9
12
8
9
10
12
12
12
14
10
10
12
8
10
9
10
11
9
8
9
12
10
11
8
9
9
7
5
5
4
5
5
6
6
6
5
6
1
6
10
7
6
5
9
6
6
2
0
0
-1
-3
0
4
7
2
3
2
2
5
1
4
0
1
0
2
3
3
3
1
1
3
6
5
2
4
4
0
2
3
5
5
3
3
7
4
4
2
-1
0
1
5
-5
-4
-5
-5
-4
-8
-7
-8
-9
-4
-17
-18
-8
-9
-2
-2
1
0
1
-1
1
4
2
0
-1
6
1
-1
-2
-3
-2
-2
2
-1
1
-1
2
-1
-4
-3
-6
-4
-7
-5
-4
-4
-2
-3
-4
-5
-7
-4
-7
-8
-5
-6
-5
-4
-5
-11
-7
-5
-4
-4
-1
-6
-8
0
-7
-8
-8
-5
-8
-10
-9
-11
-9
-6
-8
-7
-7
-4
-3
-5
-3
-5
-5
-6
-6
-4
-7
-6
-3
-7
-7
-6
-3
-3
-5
-3
-3
-5
-5
-3
-4
-1
-2
-9
-9
-8
-4
-2
-4
0
0
-2
0
2
3
3
1
1
-4
-3
-1
-3
-6
-5
-3
0
3
1
0
0
-2
-4
-2
1
-2
-1
-3
-5
-3
-1
-3
-4
-2
-1
-2
0
1
0
0
3
3
4
1
0
1
3
9
12
11
11
10
8
12
11
12
9
15
20
15
17
16
15
9
9
9
6
6
9
12
10
8
4
6
9
8
9
9
11
9
8
10
10
10
8
10
13
13
13
14
12
9
12
11
7
9
9
11
12
9
11
10
7
8
9
9
6
4
6
8
7
8
15
9
4
11
15
10
9
10
10
11
11
11
12
14
14
12
12
14
12
13
12
16
14
13
15
13
13
11
13
13
11
10
8
7
9
12
10
9
11
8
10
10
10
12
16
16
8
9
10
10
9
8
10
8
5
8
9
12
9
7
9
5
8
8
9
4
5
6
3
4
5
3
1
4
5
8
8
7
5
4
5
7
9
7
8
5
4
7
4
6
4
4
3
1
3
1
-2
-3
-3
-5
-5
-2
-3
-6
-3
-12
-13
-8
-11
-9
-8
-3
3
-2
-2
1
-1
1
-1
-2
2
0
-3
-2
-4
-4
-2
-1
-1
-1
-4
-4
-6
-8
-8
-12
-7
-7
-10
-8
-6
-6
-7
-7
-9
-6
-5
-5
-3
-7
-7
-2
-5
-6
-8
-4
-3
0
0
-2
-2
-8
-1
2
-7
-8
-5
-4
-7
-8
-7
-4
-5
-6
-7
-3
-7
-5
-4
-6
-3
-3
-2
-1
-3
-1
-1
-3
-4
-2
-1
0
2
3
-1
-3
-1
2
0
7
5
6
8
5
5
-3
-2
2
6
5
4
7
11
10
10
11
9
9
10
18
10
7
8
11
13
16
11
12
14
14
13
12
14
14
14
12
13
13
12
12
14
12
11
14
16
14
14
15
14
14
18
18
13
18
19
18
22
19
20
21
19
19
17
18
17
23
33
22
24
28
23
22
16
14
12
15
15
22
19
15
14
13
14
18
18
15
18
19
17
17
16
17
15
18
19
20
21
20
21
20
18
18
20
18
18
17
19
20
19
22
22
20
20
18
20
17
19
15
18
19
16
25
17
12
20
22
23
20
24
25
25
27
23
25
24
23
22
25
22
21
21
24
23
24
25
24
25
21
23
22
21
21
17
17
15
17
18
19
20
16
17
20
16
15
15
15
24
21
19
19
15
16
10
9
9
9
9
10
13
8
8
11
8
11
11
10
9
7
8
8
8
7
7
5
7
11
8
12
12
13
11
8
9
6
9
11
11
10
11
8
10
8
7
9
3
3
2
5
2
3
4
5
6
1
1
-1
-7
0
-10
-8
6
7
10
9
7
10
8
7
9
10
12
7
4
4
5
7
6
6
8
5
5
3
5
3
-1
-1
-1
-1
-1
1
3
3
0
1
2
2
0
1
2
-1
-1
0
2
2
-1
0
4
9
8
5
3
1
1
3
3
-4
-1
0
1
1
0
-1
1
1
1
4
2
2
5
5
6
7
5
6
5
4
5
4
2
3
1
3
9
6
7
8
6
8
6
8
10
7
1
1
6
7
3
7
8
8
6
6
9
9
10
9
2
2
6
5
0
1
1
2
6
4
8
5
4
1
2
5
1
1
4
1
-1
2
-2
1
1
1
-1
-2
-1
1
-2
-3
-1
1
0
-2
2
-2
0
-2
5
5
2
3
3
0
0
1
2
3
10
3
4
11
7
2
-5
-4
-4
-1
-2
5
2
-1
1
-1
2
3
8
6
5
3
3
4
2
3
6
8
9
11
11
11
11
11
11
11
9
10
13
12
14
12
13
13
15
15
14
12
10
12
12
11
11
14
12
10
15
12
8
12
14
14
14
13
11
12
11
14
12
13
13
9
10
9
9
7
9
8
10
11
10
13
7
10
7
5
6
2
2
3
1
1
1
2
-2
3
0
-5
-1
4
4
0
1
-1
-5
-6
-5
-10
-9
-14
-10
-4
-2
-3
-6
-3
-7
-5
-4
-7
-9
-10
-4
-6
-6
-6
-8
-7
-9
-2
-4
-2
0
-4
-1
-1
0
-1
0
-1
-3
-4
-1
-4
-4
-2
-3
-4
-4
-7
-8
-7
-6
-9
-9
-3
-3
-7
-9
-7
-15
-13
-13
-16
-10
-1
2
1
-2
-7
-1
-5
-5
-2
-1
-2
-4
-4
-6
-4
-4
-5
-5
-2
-4
-3
-4
-8
-5
-9
-9
-9
-11
-10
-9
-9
-8
-10
-9
-8
-12
-12
-10
-9
-9
-11
-4
-9
-10
-11
-11
-7
-8
-2
-6
-13
-6
-5
-11
-13
-8
-10
-13
-14
-14
-10
-9
-9
-12
-9
-10
-14
-13
-8
-7
-8
-9
-10
-5
-3
-7
-5
-10
-11
-8
-7
-7
-9
-7
-10
-12
-12
-13
-8
-9
-7
-9
-10
-14
-19
-12
-8
-7
-10
-10
-7
-8
-7
-2
-1
-1
-5
-7
-7
-4
-8
-5
-3
-7
-5
-3
-6
-2
-1
-2
-5
-9
-3
-2
-1
-3
-5
-2
-5
-2
-3
-7
-5
-3
-2
-2
0
2
0
0
4
1
4
4
1
4
9
9
7
8
7
7
6
7
8
15
14
14
17
17
11
5
5
4
6
4
8
9
6
5
5
7
11
13
13
9
12
9
9
8
7
7
8
13
12
11
14
15
14
12
7
12
9
11
12
15
16
15
13
15
13
12
11
13
13
11
11
10
5
7
8
11
9
9
18
16
11
9
12
11
12
10
10
11
10
8
11
10
10
11
8
9
9
12
11
9
10
10
10
11
8
10
6
6
9
8
8
8
9
8
8
8
7
8
12
11
10
8
7
6
8
6
3
4
-1
0
5
10
9
4
6
8
7
8
6
5
5
3
3
6
7
4
1
6
4
7
7
2
6
2
3
5
5
5
4
3
3
1
1
0
2
0
0
-1
0
1
-2
-4
-5
0
-3
-2
-2
-2
-1
-13
-14
-12
-18
-11
-3
5
2
2
2
0
2
2
0
2
4
3
0
-4
2
0
-1
0
-2
-4
-3
0
1
-2
-5
-4
-6
-7
-5
-5
-7
-4
-6
-7
-2
-4
-3
-7
-6
-3
-2
-1
1
-3
-6
-2
0
5
4
5
-2
-4
6
1
-3
-5
4
0
-1
-2
-3
1
-1
0
1
6
2
2
3
2
5
4
3
4
5
4
-1
1
2
0
1
3
6
5
6
3
3
2
2
6
5
4
-1
0
1
10
9
4
7
8
8
6
5
9
15
12
7
4
5
7
7
5
9
9
9
11
10
10
10
10
9
9
9
9
6
8
5
7
5
5
8
2
6
5
7
8
6
10
10
9
9
13
11
9
13
15
21
18
17
17
14
16
16
18
14
21
21
22
22
21
20
15
12
11
12
10
13
14
10
10
8
5
10
13
11
10
12
13
11
13
13
12
14
18
20
25
21
23
21
19
19
19
22
19
21
20
19
21
23
23
23
19
19
21
23
23
15
16
18
20
20
18
19
16
19
20
20
20
19
20
22
18
19
20
19
19
21
18
15
12
14
12
13
16
16
15
16
14
15
15
14
11
10
6
7
13
13
13
11
14
13
15
19
17
17
21
24
22
17
14
14
12
11
10
11
6
3
14
13
11
10
12
9
9
9
4
1
1
0
0
0
2
-1
1
-1
-1
4
6
6
2
6
0
2
2
-1
1
-1
-3
-4
-3
-2
-5
-2
-2
-3
-5
-8
-6
-9
-7
-10
-10
-10
-12
-10
-15
-20
-20
-22
-17
-13
-2
-1
-8
-6
-10
-8
-8
-13
-12
-11
-9
-16
-17
-15
-13
-16
-12
-12
-14
-15
-15
-15
-16
-16
-17
-15
-20
-21
-17
-17
-14
-17
-14
-16
-18
-18
-17
-15
-17
-20
-18
-14
-17
-21
-20
-16
-10
-14
-14
-14
-17
-13
-12
-16
-19
-15
-14
-19
-20
-16
-13
-12
-11
-9
-7
-8
-4
-3
-1
1
1
0
-3
-3
-6
-7
-7
-11
-9
-13
-6
-3
-3
0
-4
-3
-2
-1
2
1
1
3
-6
-6
-10
-5
-4
-6
-5
-7
-5
-3
-2
2
4
4
-2
2
1
-6
-7
-7
-7
-6
-4
-5
-4
-8
-7
-8
-8
-3
-3
-4
-8
-9
-9
-11
-10
-10
-9
-13
-8
-9
-10
-7
-8
-10
-8
-9
-9
-6
-8
-7
-4
5
-1
-4
-1
-1
-4
-4
-2
-4
0
5
-3
-1
-3
-8
-14
-20
-17
-14
-15
-16
-8
-5
-9
-11
-12
-9
-9
-9
-10
-9
-9
-11
-10
-10
-8
-9
-4
-1
-1
2
4
8
6
4
5
3
2
1
4
4
3
1
1
4
0
-2
-2
0
4
5
2
1
-3
3
9
-4
-5
3
2
-2
-4
-5
-3
-3
-2
-1
0
1
1
2
2
5
3
2
2
2
2
3
1
0
1
4
5
5
3
1
2
1
3
4
6
5
1
3
1
-4
-5
-7
1
1
-1
-4
-7
-6
-8
-11
-13
-8
-9
-8
-7
-3
-4
-3
-4
-2
-5
-6
-5
-10
-6
-10
-10
-4
-3
-2
-3
-2
0
1
1
-1
-4
-3
-1
-6
-6
-8
-12
-11
-16
-12
-12
-11
-12
-11
-11
-9
-6
-12
-13
-11
-12
-17
-14
-12
-18
-19
-19
-30
-24
-27
-25
-15
-13
-3
-5
-2
0
2
-1
-3
-3
-4
-5
-9
-11
-13
-13
-16
-14
-15
-17
-12
-16
-16
-12
-13
-15
-15
-13
-16
-16
-15
-16
-19
-17
-15
-18
-18
-19
-15
-20
-18
-15
-10
-10
-11
-6
-4
-8
-9
-7
-4
-9
-14
-14
-19
-25
-22
-19
-19
-18
-17
-14
-10
-8
-8
-4
-6
-7
-5
-7
-7
-6
-10
-10
-15
-9
-15
-9
-16
-9
-13
16
19
16
36
26
48
20
32
14
26
0
-6
-19
-29
-20
-58
-43
-40
-35
-35
-38
-16
-18
-6
-16
1
-14
-2
-17
-11
-11
-20
-18
-16
-11
-9
-4
1
17
10
21
28
37
42
28
35
42
34
18
16
10
9
-10
-18
-7
-14
-11
-22
-10
-2
-1
-6
-1
11
6
12
3
11
10
1
-4
-1
1
-3
-8
6
9
2
9
7
6
2
1
1
6
6
2
6
4
3
-5
-7
-3
-4
-7
-13
-5
-5
-3
-2
13
21
22
31
36
43
42
40
40
38
33
23
13
14
9
-2
-7
-13
-13
-14
-20
-23
-14
-11
-13
-11
-7
-6
-7
-11
-14
-10
-19
-15
-10
-5
-4
1
15
17
28
37
44
56
57
60
64
59
53
39
30
21
5
-5
-15
-20
-28
-32
-30
-28
-25
-27
-22
-15
-11
-9
-12
-7
-9
-13
-13
-15
-12
-5
-2
5
14
29
38
45
59
67
70
70
71
72
66
50
33
13
-4
-17
-30
-49
-61
-67
-68
-69
-68
-60
-57
-51
-46
-43
-39
-36
-36
-39
-42
-38
-35
-36
-26
-18
-4
15
35
58
76
104
119
136
148
152
155
144
127
108
83
53
23
-13
-43
-72
-94
-123
-139
-141
-145
-135
-125
-115
-113
-108
-104
-94
-98
-99
-93
-96
-97
-92
-87
-75
-58
-35
-8
25
61
98
136
174
207
234
251
266
273
263
249
231
206
170
126
85
46
0
-39
-75
-107
-133
-154
-170
-183
-195
-207
-216
-221
-230
-232
-237
-246
-245
-241
-237
-231
-212
-186
-158
-124
-85
-38
9
61
109
157
204
246
288
316
339
361
368
367
363
352
330
306
273
239
204
164
122
81
31
-15
-66
-117
-165
-214
-257
-299
-341
-372
-400
-422
-437
-438
-428
-416
-396
-368
-337
-299
-253
-206
-166
-121
-72
-28
19
66
115
164
215
265
316
368
421
467
513
548
579
599
604
602
583
554
510
457
393
320
239
159
71
-14
-101
-183
-256
-330
-393
-444
-495
-541
-574
-603
-605
-617
-626
-613
-595
-573
-546
-506
-458
-404
-345
-278
-221
-137
-67
-5
68
141
215
285
348
431
499
556
617
671
722
756
795
813
830
820
805
776
735
678
606
535
447
354
249
143
42
-64
-170
-277
-362
-449
-529
-597
-662
-710
-763
-797
-832
-851
-872
-879
-885
-860
-836
-807
-747
-678
-583
-506
-394
-288
-169
-53
61
173
282
390
475
560
635
714
766
816
885
939
979
1011
1062
1088
1104
1107
1104
1083
1033
977
896
809
704
576
442
308
164
16
-137
-271
-395
-524
-639
-729
-802
-875
-938
-988
-1012
-1053
-1092
-1113
-1145
-1173
-1209
-1206
-1186
-1172
-1130
-1065
-962
-852
-725
-590
-417
-248
-81
70
221
392
512
614
711
794
846
868
893
920
924
908
904
900
898
878
855
840
813
768
716
650
594
506
395
297
203
103
-10
-95
-173
-227
-280
-292
-252
-229
-188
-140
-53
8
52
113
145
174
173
184
141
119
100
41
-10
-51
-101
-169
-232
-295
-378
-481
-577
-674
-792
-877
-961
-1028
-1074
-1100
-1096
-1074
-1021
-947
-853
-757
-620
-517
-392
-264
-153
-51
22
107
180
236
281
336
379
424
473
522
580
623
666
715
745
783
794
783
770
742
691
620
549
481
390
287
206
134
70
3
-47
-77
-104
-128
-145
-142
-145
-148
-173
-168
-186
-149
-85
-70
-1
91
214
281
400
538
652
721
814
895
916
940
931
903
828
723
629
495
326
188
-1
-177
-385
-565
-765
-992
-1183
-1355
-1510
-1675
-1739
-1821
-1833
-1848
-1801
-1719
-1626
-1498
-1353
-1209
-1056
-890
-741
-568
-429
-260
-132
2
142
287
420
554
702
828
961
1069
1194
1278
1350
1398
1424
1427
1409
1365
1300
1202
1097
988
851
726
597
469
338
224
126
29
-57
-129
-184
-259
-313
-365
-383
-437
-400
-367
-377
-293
-201
-59
-17
162
285
418
511
655
760
808
888
907
926
872
829
754
627
461
317
94
-130
-396
-620
-932
-1245
-1496
-1684
-1873
-2042
-2089
-2118
-2064
-2016
-1880
-1725
-1551
-1375
-1194
-1049
-875
-718
-590
-497
-397
-260
-181
-96
29
192
310
467
644
845
1021
1180
1341
1463
1557
1622
1638
1616
1566
1479
1342
1187
1055
896
724
561
449
337
220
135
90
48
-8
-57
-83
-130
-168
-226
-257
-280
-318
-313
-312
-247
-204
-87
14
146
313
461
613
743
906
990
1062
1107
1121
1070
976
877
686
492
242
-24
-321
-628
-946
-1283
-1594
-1920
-2077
-2245
-2402
-2446
-2425
-2308
-2266
-2076
-1910
-1703
-1531
-1327
-1178
-1028
-828
-726
-598
-508
-357
-227
-113
38
250
437
619
830
1076
1301
1440
1622
1741
1839
1876
1880
1803
1741
1623
1449
1274
1100
957
755
583
471
377
274
167
102
73
7
-69
-116
-167
-223
-259
-345
-378
-396
-375
-367
-340
-218
-101
18
153
363
538
707
838
1009
1119
1179
1212
1206
1156
1026
884
667
448
163
-113
-457
-803
-1115
-1487
-1831
-2192
-2253
-2505
-2637
-2695
-2586
-2466
-2446
-2198
-2039
-1755
-1631
-1367
-1256
-1031
-858
-763
-610
-543
-313
-218
-89
69
349
510
712
941
1240
1448
1575
1788
1891
2014
2011
2019
1921
1872
1709
1549
1349
1158
1024
776
606
466
387
257
137
91
69
-14
-90
-118
-178
-223
-337
-313
-406
-399
-379
-336
-274
-182
18
98
315
485
748
842
1018
1185
1266
1327
1285
1299
1178
1035
814
634
323
46
-283
-625
-986
-1390
-1710
-2166
-2400
-2547
-2790
-2912
-2929
-2760
-2730
-2570
-2378
-2091
-1873
-1677
-1424
-1287
-982
-875
-691
-584
-449
-240
-125
-3
219
480
650
882
1126
1446
1615
1791
1956
2088
2165
2179
2136
2059
1984
1783
1637
1378
1221
1026
794
611
463
371
223
113
71
32
-61
-111
-121
-164
-217
-295
-318
-339
-377
-296
-283
-206
-76
86
237
425
680
877
1030
1196
1375
1437
1467
1458
1410
1255
1040
802
551
163
-182
-581
-1029
-1461
-1928
-2327
-2787
-2845
-3140
-3267
-3326
-3129
-2959
-2891
-2534
-2334
-1918
-1792
-1462
-1329
-1027
-866
-769
-596
-554
-295
-208
-51
94
438
640
876
1157
1505
1787
1926
2184
2280
2448
2409
2393
2250
2165
1953
1736
1487
1216
1065
756
570
377
310
190
63
42
21
-18
-106
-111
-181
-172
-318
-338
-400
-416
-391
-338
-292
-160
53
206
452
673
1013
1159
1370
1588
1689
1758
1704
1689
1494
1317
948
734
298
-114
-536
-1063
-1489
-2107
-2427
-3016
-3096
-3423
-3535
-3627
-3493
-3219
-3215
-2799
-2682
-2198
-2070
-1739
-1594
-1327
-1069
-1042
-777
-769
-438
-367
-123
2
364
642
897
1231
1540
1934
2043
2347
2409
2617
2599
2568
2433
2310
2153
1849
1670
1319
1197
859
679
461
360
281
124
93
18
16
-115
-118
-248
-246
-352
-445
-503
-497
-428
-463
-329
-221
32
155
475
730
1026
1267
1456
1723
1811
1942
1894
1908
1725
1544
1262
935
600
118
-325
-893
-1388
-1950
-2498
-2996
-3332
-3559
-3811
-3913
-3848
-3652
-3484
-3285
-2964
-2654
-2327
-2074
-1829
-1578
-1313
-1130
-981
-832
-616
-390
-231
-14
278
616
897
1194
1557
1908
2178
2380
2583
2717
2812
2768
2678
2540
2368
2147
1857
1587
1327
1079
806
582
428
313
191
83
35
-20
-84
-167
-236
-299
-334
-484
-503
-527
-511
-513
-430
-263
-113
112
363
689
965
1292
1523
1797
1988
2089
2145
2107
2000
1809
1510
1190
796
315
-221
-787
-1352
-1979
-2579
-3095
-3515
-3816
-3972
-4138
-4091
-3921
-3700
-3477
-3203
-2839
-2523
-2229
-2011
-1726
-1519
-1276
-1170
-988
-795
-627
-379
-182
114
449
821
1156
1530
1905
2240
2486
2649
2837
2884
2900
2775
2644
2463
2227
1951
1677
1394
1130
902
650
493
349
262
153
67
30
-50
-120
-221
-296
-385
-391
-554
-538
-528
-483
-436
-325
-68
118
384
696
1059
1330
1639
1882
2094
2225
2230
2255
2089
1874
1598
1222
789
273
-271
-883
-1540
-2180
-2776
-3293
-3763
-3963
-4128
-4230
-4135
-3969
-3611
-3463
-3067
-2782
-2397
-2170
-1876
-1623
-1430
-1165
-1075
-853
-747
-488
-239
-26
267
614
1018
1314
1726
2053
2442
2614
2844
2982
3045
3053
2932
2801
2565
2366
2055
1802
1459
1246
1005
741
597
436
394
237
170
101
27
-66
-159
-199
-371
-428
-501
-511
-571
-558
-370
-311
-127
111
490
759
1079
1440
1750
2005
2174
2381
2399
2364
2230
2028
1706
1356
899
445
-235
-825
-1452
-2149
-2766
-3302
-3684
-3982
-4077
-4209
-4032
-3910
-3590
-3340
-3061
-2676
-2390
-2056
-1842
-1574
-1365
-1091
-1020
-790
-608
-418
-121
62
444
746
1166
1503
1882
2220
2565
2813
2976
3161
3165
3252
3080
2960
2762
2517
2248
1940
1665
1385
1165
890
748
555
484
351
227
164
46
-18
-102
-223
-316
-329
-491
-490
-516
-428
-382
-262
-34
194
483
813
1152
1441
1784
1995
2220
2342
2349
2359
2149
1927
1588
1166
651
34
-608
-1318
-2065
-2758
-3360
-3896
-4331
-4452
-4604
-4559
-4446
-4155
-3811
-3577
-3133
-2817
-2386
-2130
-1781
-1552
-1315
-1087
-941
-726
-620
-322
-95
164
448
838
1244
1570
1970
2313
2700
2889
3152
3251
3341
3307
3189
3021
2751
2529
2189
1884
1491
1252
962
695
509
337
276
97
36
-77
-147
-287
-361
-446
-560
-612
-708
-683
-730
-622
-519
-372
-155
151
451
752
1091
1409
1692
1884
2069
2182
2144
2074
1864
1601
1217
719
194
-501
-1140
-1919
-2629
-3330
-3871
-4383
-4675
-4747
-4887
-4706
-4566
-4167
-3915
-3555
-3128
-2783
-2376
-2090
-1714
-1502
-1153
-1006
-771
-629
-462
-141
11
333
612
1055
1365
1740
2105
2469
2761
2948
3183
3208
3330
3213
3109
2880
2630
2368
2013
1683
1333
1113
786
580
361
252
114
-33
-84
-223
-209
-332
-397
-426
-446
-522
-540
-477
-417
-348
-213
37
212
511
795
1120
1391
1668
1870
2062
2136
2175
2129
1900
1703
1337
937
363
-248
-881
-1601
-2350
-2971
-3481
-4038
-4278
-4409
-4415
-4387
-4131
-3733
-3377
-2984
-2489
-1995
-1580
-1133
-764
-429
-146
78
311
381
506
697
847
916
1094
1334
1547
1725
1952
2247
2405
2556
2660
2726
2743
2683
2543
2321
2048
1819
1580
1225
956
751
538
324
158
80
-11
-98
-135
-146
-143
-117
-122
-87
-118
-69
-50
8
50
133
271
402
636
846
1135
1392
1669
1910
2102
2260
2349
2391
2275
2100
1823
1478
971
363
-281
-1032
-1831
-2651
-3288
-3960
-4465
-4816
-4819
-4960
-4808
-4496
-4078
-3629
-3235
-2631
-2203
-1711
-1339
-923
-677
-386
-146
-31
95
155
455
559
724
1032
1413
1792
2083
2513
2847
3188
3336
3562
3586
3661
3633
3455
3213
2869
2626
2223
1825
1429
1165
822
521
315
131
25
-136
-159
-250
-290
-237
-252
-294
-258
-208
-157
-179
-48
84
221
346
609
853
1063
1340
1562
1824
1922
2074
2150
2103
2019
1809
1532
1132
656
58
-663
-1376
-2164
-2861
-3592
-4172
-4671
-4821
-4910
-5039
-4770
-4487
-3941
-3589
-2970
-2393
-1787
-1231
-810
-388
-105
262
343
487
474
590
714
606
735
849
1133
1248
1521
1805
2115
2386
2554
2724
2732
2893
2763
2633
2371
2151
1913
1492
1101
718
428
18
-283
-543
-647
-754
-821
-828
-807
-678
-629
-501
-456
-311
-245
-152
-88
13
188
279
470
658
914
1101
1369
1598
1803
1938
2038
2151
2069
1942
1700
1410
953
366
-326
-1026
-1865
-2631
-3335
-4100
-4596
-4989
-4976
-5222
-5147
-4869
-4440
-4036
-3631
-2958
-2469
-1808
-1455
-910
-632
-281
30
60
192
151
390
358
406
564
839
1067
1200
1569
1813
2224
2440
2799
2950
3135
3240
3110
2898
2576
2396
1938
1502
991
675
271
-160
-418
-678
-719
-896
-870
-947
-806
-706
-589
-473
-424
-158
-152
45
43
297
384
539
705
893
1137
1297
1600
1711
1968
2009
2157
2137
2057
1881
1618
1263
713
175
-640
-1225
-2105
-2701
-3456
-4020
-4346
-4441
-4495
-4538
-4117
-3770
-3140
-2818
-2085
-1491
-986
-505
-300
-11
116
262
102
-23
-258
-227
-277
-400
-109
7
397
523
934
1354
1836
2261
2612
2970
3211
3536
3461
3471
3215
3093
2792
2291
1892
1431
1072
538
191
-155
-296
-487
-598
-634
-637
-484
-422
-273
-172
-10
127
220
285
396
539
606
741
863
1032
1179
1345
1511
1601
1698
1736
1758
1606
1434
1161
788
265
-414
-1055
-1831
-2558
-3288
-3972
-4518
-4645
-4740
-4875
-4578
-4223
-3584
-3248
-2604
-2009
-1426
-973
-611
-285
-48
206
95
51
-219
-203
-165
-318
-141
56
471
651
988
1359
1808
2159
2466
2749
2897
3194
3113
3103
2863
2676
2414
1933
1471
1031
693
176
-179
-544
-685
-860
-940
-958
-975
-754
-622
-429
-350
-73
65
196
232
361
515
535
667
705
895
960
1155
1251
1389
1495
1564
1637
1510
1501
1263
1009
532
37
-547
-1271
-1861
-2663
-3213
-3912
-3957
-4298
-4365
-4158
-3858
-3224
-2924
-2078
-1586
-806
-477
-60
96
178
306
-3
-20
-474
-454
-697
-951
-957
-956
-666
-617
-58
304
987
1344
1821
2194
2472
2875
2823
2927
2661
2605
2233
1809
1321
915
528
-68
-410
-857
-984
-1253
-1295
-1342
-1271
-1027
-884
-595
-488
-70
80
301
371
603
740
752
869
908
1033
989
1171
1134
1238
1239
1280
1282
1154
1124
876
674
216
-164
-762
-1331
-1962
-2544
-3116
-3468
-3608
-3931
-3807
-3697
-3226
-2939
-2418
-1887
-1357
-884
-490
-97
118
490
486
586
451
415
468
243
261
268
505
512
672
915
1320
1719
2085
2531
2773
3192
3247
3370
3284
3192
3014
2603
2139
1615
1172
514
5
-560
-878
-1233
-1477
-1588
-1707
-1528
-1411
-1165
-994
-670
-329
-69
106
320
597
669
781
813
929
910
909
932
850
854
809
772
655
569
443
239
-49
-394
-807
-1281
-1807
-2380
-2922
-3270
-3532
-3886
-3920
-3891
-3606
-3455
-3105
-2764
-2359
-1926
-1573
-1141
-850
-358
-229
-12
11
148
374
347
459
478
625
600
702
837
1076
1376
1583
1928
2125
2569
2745
2897
2911
2889
2818
2456
2063
1571
1179
558
38
-531
-943
-1297
-1662
-1837
-1996
-1885
-1788
-1537
-1382
-982
-657
-298
-22
231
601
737
937
985
1129
1111
1148
1049
1014
908
777
736
513
401
213
16
-254
-584
-972
-1312
-1825
-2258
-2773
-3084
-3211
-3583
-3616
-3674
-3492
-3470
-3268
-3125
-2758
-2350
-1986
-1458
-1208
-572
-397
-108
-38
80
306
211
302
237
424
364
552
696
1026
1440
1682
2139
2305
2808
2975
3160
3160
3156
3151
2854
2554
2078
1804
1210
764
179
-258
-613
-1026
-1222
-1515
-1424
-1375
-1198
-1035
-700
-281
10
373
652
1053
1247
1443
1564
1628
1650
1608
1534
1358
1199
1004
828
553
372
145
-102
-359
-613
-952
-1256
-1642
-2043
-2467
-2631
-2797
-3041
-3040
-3051
-2982
-3084
-2936
-2868
-2598
-2452
-2166
-1879
-1510
-1042
-795
-501
-444
-161
27
54
192
391
723
896
1258
1580
2059
2399
2728
3053
3312
3688
3752
3852
3730
3725
3552
3192
2753
2321
1912
1281
740
102
-317
-795
-1186
-1493
-1739
-1649
-1676
-1498
-1356
-958
-596
-233
94
452
862
1061
1337
1399
1579
1522
1508
1354
1160
927
660
358
-2
-252
-697
-917
-1329
-1685
-2030
-2364
-2626
-2993
-2981
-3028
-3239
-3250
-3259
-3170
-3265
-3002
-2908
-2571
-2560
-2456
-2294
-2186
-1708
-1572
-1155
-1014
-552
-113
103
430
766
1147
1133
1262
1301
1554
1742
1886
2161
2242
2678
2781
2930
2858
2915
2923
2660
2340
1972
1712
1164
707
147
-270
-639
-1061
-1323
-1667
-1580
-1565
-1478
-1318
-1041
-577
-303
119
397
876
1127
1424
1582
1694
1814
1761
1721
1452
1273
1008
673
331
-48
-429
-849
-1208
-1644
-1994
-2411
-2686
-3062
-3099
-3253
-3495
-3377
-3390
-3155
-3350
-3133
-3169
-2851
-2869
-2692
-2489
-2297
-1768
-1741
-1300
-1230
-696
-343
-202
190
490
1078
1235
1687
1945
2418
2676
2835
3088
3117
3525
3364
3413
3152
3116
2969
2524
2148
1683
1434
806
389
-240
-541
-920
-1284
-1558
-1836
-1598
-1708
-1488
-1364
-991
-588
-258
129
417
904
1117
1431
1510
1704
1712
1684
1607
1323
1192
836
554
239
-203
-589
-957
-1364
-1791
-2184
-2603
-2940
-3115
-3191
-3560
-3476
-3274
-2954
-2867
-2620
-2427
-2208
-2056
-2109
-1915
-1863
-1411
-1264
-1019
-832
-502
-66
-94
137
429
898
1094
1369
1708
2040
2456
2577
2888
2993
3407
3522
3560
3511
3422
3485
3120
2757
2301
2009
1480
947
387
-86
-369
-764
-1020
-1359
-1264
-1210
-1093
-948
-732
-264
71
397
687
1100
1384
1588
1714
1789
1805
1716
1600
1254
983
594
252
-188
-725
-1175
-1628
-2144
-2560
-3017
-3346
-3570
-3445
-3621
-3716
-3640
-3352
-3227
-3256
-2997
-2937
-2553
-2533
-2276
-2189
-1807
-1473
-1215
-921
-767
-253
-120
28
214
528
788
811
1127
1296
1747
1895
2180
2277
2462
2710
2683
2738
2533
2636
2446
2177
1767
1460
1127
611
216
-334
-617
-1015
-1234
-1541
-1642
-1504
-1445
-1240
-1058
-664
-289
79
440
801
1165
1388
1665
1748
1845
1801
1756
1577
1288
1027
681
382
-42
-446
-865
-1237
-1554
-1954
-2304
-2700
-2643
-2858
-3012
-2942
-2749
-2440
-2539
-2369
-2576
-2398
-2499
-2315
-2246
-1860
-1419
-1312
-970
-946
-461
-287
-149
53
352
827
967
1408
1580
2068
2337
2689
2902
3102
3493
3444
3579
3322
3377
3161
2831
2420
1982
1659
1057
679
61
-234
-649
-864
-1191
-1371
-1239
-1223
-1029
-964
-541
-242
170
447
826
1152
1406
1621
1688
1756
1670
1606
1328
1011
658
286
-97
-616
-992
-1447
-1885
-2152
-2572
-2795
-3130
-2947
-3309
-3361
-3422
-3191
-3066
-3158
-2896
-3031
-2681
-2874
-2660
-2726
-2396
-1990
-1770
-1380
-1238
-541
-395
-172
34
370
775
849
1317
1388
1908
2057
2394
2587
2788
3136
3064
3199
2928
3072
2795
2503
2121
1753
1453
842
509
-93
-332
-775
-1021
-1306
-1335
-1213
-1264
-927
-788
-334
-59
439
795
1163
1511
1742
2025
2067
2191
2013
2011
1696
1426
1029
619
348
-199
-635
-1140
-1474
-1915
-2340
-2673
-2885
-2723
-3114
-3051
-3158
-2882
-2980
-3190
-3152
-3352
-3055
-3244
-2959
-2968
-2452
-2224
-1894
-1519
-1195
-403
-255
222
502
1033
1395
1557
1971
2126
2643
2763
3135
3194
3520
3725
3665
3743
3511
3629
3271
2986
2506
2154
1776
1217
777
184
-61
-469
-699
-1026
-1083
-941
-907
-734
-573
-117
231
603
917
1294
1662
1847
2069
2087
2148
2059
1945
1656
1355
997
697
245
-223
-625
-1161
-1541
-2073
-2547
-3196
-3563
-3868
-4367
-4525
-4633
-4401
-4562
-4463
-4574
-4437
-4198
-4128
-3710
-3598
-2881
-2597
-2035
-1694
-1125
-441
-225
192
431
1076
1272
1589
1799
2014
2370
2446
2785
2776
3185
3274
3363
3291
3167
3244
2873
2619
2109
1844
1333
847
343
-172
-458
-901
-1081
-1363
-1324
-1260
-1056
-817
-570
-74
357
829
1199
1635
1995
2251
2509
2545
2567
2475
2360
2044
1687
1363
1041
744
265
46
-381
-522
-977
-1347
-1825
-1977
-2517
-3269
-3758
-4365
-4602
-5380
-5348
-5529
-5110
-4743
-4323
-3882
-3343
-2570
-2128
-1459
-1149
-393
56
273
757
965
1525
1550
1930
2075
2399
2661
2779
2985
2988
3353
3211
3310
3086
3107
3024
2579
2347
1848
1657
1061
679
126
-233
-550
-854
-1131
-1362
-1155
-1143
-951
-847
-423
11
369
728
1153
1553
1859
2077
2218
2307
2261
2209
1970
1620
1323
915
544
-86
-474
-1115
-1450
-1956
-2336
-2737
-3130
-2946
-3422
-3314
-3608
-3476
-3885
-4307
-4525
-4716
-4368
-4541
-3957
-3926
-3094
-2524
-1997
-1330
-1012
-23
79
562
724
1182
1483
1556
1928
1979
2584
2548
2964
2951
3238
3507
3359
3465
3111
3322
2938
2677
2173
1844
1493
909
541
-101
-285
-755
-971
-1215
-1315
-1206
-1065
-810
-647
-220
253
675
1034
1418
1822
2055
2299
2401
2357
2334
2173
1961
1561
1100
908
402
33
-515
-717
-1020
-1350
-1642
-2099
-2074
-2594
-2847
-3256
-3379
-3589
-4112
-4215
-4749
-4484
-4617
-4126
-3896
-3079
-2181
-1828
-1080
-901
-14
298
665
995
1258
1771
1829
2272
2292
2789
2900
3121
3215
3239
3627
3380
3520
3173
3227
3016
2644
2291
1812
1568
966
581
-86
-382
-760
-1087
-1279
-1574
-1322
-1300
-1043
-919
-526
-30
330
714
1065
1525
1746
2044
2096
2146
2103
1951
1773
1332
983
676
280
-230
-582
-991
-1278
-1672
-2014
-2478
-2700
-2881
-3442
-3733
-4235
-4486
-5195
-5300
-5431
-5154
-4879
-4818
-4358
-4084
-3232
-2836
-2199
-1802
-1158
-447
-252
249
474
1027
1120
1417
1701
2010
2486
2600
3001
3035
3494
3480
3516
3387
3229
3285
2792
2522
1976
1702
1160
636
134
-367
-608
-1070
-1221
-1445
-1390
-1222
-1026
-736
-489
127
526
975
1365
1804
2145
2338
2601
2544
2581
2415
2267
1894
1463
1118
739
269
-221
-570
-845
-1129
-1392
-1710
-1806
-1976
-2484
-2746
-3260
-3553
-4234
-4557
-4802
-4716
-4366
-3983
-3455
-2865
-1829
-1225
-369
130
800
1439
1547
1823
1925
2199
2256
2306
2421
2526
2756
2745
2866
2785
3094
3060
3008
2904
2750
2808
2414
2120
1692
1403
973
495
-8
-457
-690
-1035
-1296
-1547
-1431
-1255
-1114
-899
-574
-73
389
735
1180
1588
1981
2174
2360
2377
2358
2265
1982
1690
1205
908
478
-57
-495
-979
-1278
-1712
-2059
-2519
-2707
-2830
-3466
-3818
-4509
-4735
-5620
-6051
-6376
-6411
-5985
-5786
-4930
-4320
-3123
-2483
-1753
-1206
-543
353
536
997
1151
1641
1769
1844
2000
2026
2421
2390
2643
2560
2947
3029
2993
2955
2740
2915
2504
2256
1774
1502
1082
555
102
-432
-638
-1046
-1270
-1537
-1446
-1338
-1084
-878
-568
-61
481
887
1321
1756
2158
2386
2557
2611
2505
2417
2073
1690
1145
635
191
-414
-975
-1538
-1919
-2292
-2819
-3101
-3399
-3136
-3645
-3543
-3926
-3987
-4460
-4990
-5215
-5632
-5299
-5319
-4533
-4147
-3138
-2503
-1954
-1320
-909
66
222
741
1000
1407
1747
1742
2133
2123
2627
2626
2969
2974
3257
3489
3310
3402
3094
3284
2859
2538
2110
1722
1374
725
338
-318
-500
-961
-1154
-1487
-1437
-1245
-1135
-862
-607
-8
458
947
1374
1875
2293
2612
2841
2948
3022
2934
2846
2510
2167
1845
1536
1134
700
253
-163
-536
-1045
-1656
-2457
-3000
-4129
-4989
-5742
-5989
-6074
-6249
-6208
-6322
-5899
-5548
-4708
-4033
-2907
-2064
-1402
-755
-401
515
761
1015
1272
1592
1942
2037
2331
2444
2885
2962
3224
3223
3431
3656
3520
3562
3241
3379
3091
2734
2322
1929
1580
998
572
-40
-298
-716
-949
-1289
-1370
-1169
-1098
-848
-647
-89
429
902
1396
1927
2434
2805
3140
3326
3440
3478
3383
3197
2823
2582
2218
1857
1471
1049
713
310
-160
-770
-1508
-1954
-2477
-3400
-4026
-4725
-5182
-5835
-5903
-6003
-5697
-5368
-4666
-3976
-3212
-2056
-1555
-776
-470
257
801
882
1134
1300
1684
1706
1889
1958
2241
2462
2556
2742
2681
3143
3075
3155
2973
2941
3025
2610
2348
1884
1679
1164
713
150
-287
-579
-1005
-1230
-1568
-1460
-1403
-1202
-1027
-723
-149
327
778
1246
1735
2208
2495
2807
2877
3017
2969
2899
2657
2379
2072
1737
1379
804
430
-37
-459
-1130
-1732
-2559
-3044
-3903
-4864
-5489
-6167
-6320
-6826
-6671
-6624
-5963
-5514
-4866
-4257
-3413
-2309
-1663
-768
-400
451
872
1003
1307
1430
1855
1773
1994
1994
2272
2478
2556
2736
2719
3216
3091
3259
3023
3051
3050
2623
2378
1821
1643
1021
596
-24
-455
-739
-1198
-1370
-1790
-1553
-1521
-1272
-1084
-731
-59
345
905
1290
1902
2245
2600
2798
2865
3008
2889
2833
2510
2259
1997
1678
1326
913
618
307
-9
-657
-1317
-2252
-2878
-4105
-5180
-6085
-6734
-7281
-7724
-7727
-7571
-6655
-6067
-4904
-4153
-2861
-1795
-1056
-283
37
908
1179
1443
1649
1911
2200
2128
2352
2260
2653
2639
2865
2853
3015
3390
3236
3369
3033
3214
2993
2655
2305
1857
1649
994
662
-70
-332
-760
-1041
-1320
-1623
-1332
-1319
-988
-925
-372
167
630
1131
1557
2131
2454
2865
2957
3097
3134
3067
2945
2598
2399
2106
1838
1441
1050
765
408
-17
-701
-1509
-2494
-3232
-4775
-6096
-7249
-7925
-8308
-8518
-8056
-7558
-6689
-6012
-4883
-4111
-2932
-2153
-1483
-922
-528
275
404
683
901
1301
1649
1770
2074
2203
2658
2718
2989
2958
3217
3472
3404
3480
3201
3402
3140
2837
2452
2080
1796
1202
796
119
-133
-613
-897
-1256
-1472
-1287
-1285
-998
-921
-360
121
586
1078
1567
2139
2475
2905
3065
3237
3288
3293
3148
2888
2616
2397
2070
1788
1393
1138
813
484
-60
-947
-1815
-2491
-3729
-5106
-6082
-6824
-7378
-7631
-7452
-7071
-6416
-5764
-4840
-4310
-3231
-2521
-1610
-1037
-497
266
497
715
879
1264
1449
1581
1727
1920
2314
2415
2756
2703
3035
3237
3291
3309
3075
3242
3022
2733
2294
1966
1615
1096
652
38
-263
-708
-989
-1371
-1626
-1409
-1384
-1239
-1036
-552
11
370
998
1451
2088
2374
2851
3039
3225
3347
3207
3238
2858
2736
2359
2110
1747
1357
977
619
404
-162
-632
-1619
-2206
-3375
-4883
-5877
-6930
-7337
-8077
-8024
-7756
-6827
-6044
-5096
-4500
-3691
-2577
-2059
-1211
-869
-14
576
703
1071
1291
1780
1776
2019
2033
2375
2509
2653
2808
2724
3218
3100
3259
2984
3023
3078
2718
2496
2002
1869
1309
984
320
-70
-403
-796
-1020
-1480
-1328
-1382
-1145
-1141
-798
-295
176
641
1058
1628
2073
2494
2791
2997
3150
3232
3212
3023
2822
2528
2296
1873
1558
1141
890
527
226
-307
-991
-1887
-2469
-3594
-4910
-5732
-6392
-6581
-7067
-7074
-6881
-6267
-5781
-5112
-4624
-3640
-2676
-1868
-1152
-661
185
636
760
1080
1343
1658
1761
1905
2062
2335
2505
2666
2679
2765
3077
3081
3097
2875
2907
2911
2520
2229
1796
1530
1033
595
-9
-418
-783
-1111
-1470
-1815
-1656
-1697
-1446
-1407
-995
-504
-20
482
951
1532
1959
2450
2668
2960
3011
3136
3035
2815
2644
2251
2061
1599
1299
765
536
175
-125
-654
-1305
-1961
-2499
-3566
-5071
-6272
-7296
-7846
-8340
-8213
-7817
-6981
-6487
-5762
-5213
-4133
-3270
-2453
-1777
-1197
-314
187
440
804
1162
1483
1619
1743
1919
2209
2440
2625
2698
2870
3201
3243
3276
3095
3145
3163
2781
2512
2094
1875
1407
955
353
-66
-433
-824
-1207
-1554
-1486
-1577
-1320
-1330
-978
-518
-6
412
881
1423
1938
2361
2645
2912
3042
3186
3088
2946
2695
2376
2135
1733
1242
827
406
59
-335
-788
-1343
-2051
-2554
-3248
-4362
-5002
-5719
-6292
-7017
-7168
-6979
-6530
-6161
-5590
-4969
-4131
-3040
-2423
-1663
-1243
-383
314
550
908
1237
1644
1815
1913
2050
2305
2547
2651
2784
2739
3132
3167
3231
3047
2992
3143
2823
2560
2150
1948
1587
1142
615
127
-123
-533
-841
-1293
-1258
-1284
-1202
-1125
-971
-519
-142
329
699
1180
1685
2141
2480
2708
2946
3063
3094
2945
2769
2447
2167
1764
1325
770
311
-49
-480
-845
-1332
-1614
-1970
-1908
-2572
-2952
-3527
-4166
-4926
-5735
-5665
-5678
-5238
-5148
-4616
-4165
-3413
-2772
-2307
-1674
-1167
-174
263
650
1132
1540
2081
2140
2459
2594
2962
3139
3211
3312
3399
3778
3682
3718
3433
3540
3452
3039
2743
2258
2102
1547
1114
482
106
-212
-649
-1054
-1398
-1313
-1371
-1316
-1295
-1005
-547
-229
239
599
1118
1555
1974
2262
2487
2720
2852
2834
2701
2532
2283
2029
1607
1200
682
268
-189
-585
-1023
-1528
-1919
-2452
-2630
-3505
-4047
-4552
-4934
-5429
-6109
-5926
-5862
-5203
-4983
-4211
-3724
-2854
-2136
-1767
-1174
-834
47
366
646
1020
1308
1765
1682
1982
1999
2430
2610
2793
2955
3066
3576
3482
3636
3380
3546
3506
3142
2903
2413
2296
1697
1291
602
225
-108
-583
-981
-1392
-1323
-1414
-1283
-1389
-1046
-627
-263
104
493
1003
1453
1841
2117
2352
2566
2776
2675
2594
2392
2184
1950
1452
1112
588
153
-343
-850
-1477
-1877
-2395
-2829
-3134
-3405
-3964
-4316
-4690
-4913
-5486
-5595
-5743
-5671
-5517
-5436
-4910
-4580
-3738
-3296
-2544
-2072
-1289
-595
-232
230
594
1169
1391
1615
1852
2081
2488
2590
2886
2973
3292
3466
3496
3465
3368
3549
3339
3077
2724
2452
2182
1629
1190
570
298
-186
-576
-1056
-1301
-1261
-1341
-1302
-1314
-889
-507
-186
234
655
1219
1640
2077
2330
2639
2895
3032
3014
2865
2809
2565
2287
1864
1463
1037
550
153
-394
-866
-1308
-1829
-2430
-2949
-3198
-3985
-4470
-5004
-5178
-5523
-5674
-5625
-5547
-5155
-4877
-4120
-3642
-2782
-2163
-1413
-878
-324
470
745
1084
1371
1788
2024
2127
2361
2526
2860
2908
3121
3147
3352
3552
3521
3493
3299
3469
3249
2933
2582
2278
2016
1443
992
381
92
-380
-789
-1277
-1633
-1564
-1642
-1671
-1714
-1335
-886
-632
-228
209
846
1235
1699
2004
2351
2685
2802
2930
2721
2752
2590
2319
1890
1468
1089
458
46
-616
-1141
-1658
-2158
-2646
-3316
-3299
-3349
-3454
-3451
-3507
-3508
-3928
-4116
-4403
-4215
-4236
-3875
-3518
-3266
-2471
-2073
-1277
-1034
-324
257
545
917
1205
1717
1894
2189
2358
2674
2843
2904
3147
3090
3465
3536
3625
3535
3454
3604
3309
3086
2697
2494
2073
1574
1067
547
203
-332
-691
-1229
-1425
-1477
-1588
-1653
-1653
-1271
-996
-717
-361
100
610
991
1413
1771
2133
2451
2636
2758
2713
2758
2671
2470
2170
1817
1521
1007
599
49
-470
-987
-1415
-1989
-2473
-2982
-3045
-3573
-4098
-4426
-4550
-4744
-5133
-5231
-5372
-5091
-5072
-4552
-4464
-3856
-3210
-2699
-2095
-1702
-794
-204
191
628
1104
1598
1816
2172
2373
2744
2926
3129
3251
3271
3625
3599
3676
3470
3495
3545
3201
3026
2579
2421
1924
1556
1011
557
215
-269
-605
-1170
-1241
-1446
-1488
-1548
-1568
-1201
-968
-600
-340
98
584
971
1378
1627
2068
2270
2545
2534
2587
2575
2501
2356
2008
1704
1364
976
458
-106
-648
-1274
-1783
-2390
-2969
-3514
-3917
-3975
-4569
-4828
-5002
-4994
-5205
-5399
-5342
-5245
-4999
-4997
-4609
-4502
-3803
-3312
-2771
-2290
-1720
-851
-442
-94
278
769
1133
1326
1524
1764
2117
2335
2583
2657
2829
3107
3134
3152
2985
3109
3060
2796
2546
2218
2015
1579
1197
626
258
-162
-537
-974
-1411
-1505
-1643
-1653
-1883
-1661
-1415
-1142
-886
-577
-149
277
716
1044
1434
1769
2133
2337
2492
2603
2689
2734
2599
2497
2275
2017
1761
1425
878
430
-161
-654
-1273
-1893
-2459
-3069
-3533
-3759
-4182
-4444
-4404
-4383
-4244
-4327
-3984
-3737
-3497
-3456
-3268
-3106
-2644
-2290
-1876
-1497
-1107
-402
-54
199
526
902
1266
1464
1674
1975
2313
2554
2766
2838
3044
3317
3468
3482
3411
3527
3565
3319
3021
2724
2495
2118
1611
1087
614
241
-213
-686
-1195
-1363
-1544
-1693
-1893
-1775
-1700
-1416
-1161
-945
-601
-149
358
657
1017
1413
1910
2150
2409
2536
2784
2891
2903
2897
2725
2602
2451
2144
1736
1287
829
333
-405
-977
-1621
-2151
-2775
-3362
-3777
-4058
-4620
-4753
-4915
-4960
-4849
-4632
-4266
-3963
-3713
-3437
-3215
-2973
-2458
-2099
-1587
-1248
-654
-57
250
663
1134
1548
1903
2174
2490
2816
3093
3291
3478
3598
3883
3992
4045
3955
3928
3990
3762
3475
3172
2872
2541
2040
1532
990
601
109
-368
-919
-1266
-1446
-1691
-1899
-2072
-1910
-1777
-1696
-1412
-1206
-770
-440
-4
287
688
1161
1529
1882
2036
2436
2596
2852
2844
2934
2909
2849
2773
2517
2218
1910
1500
968
308
-344
-1024
-1621
-2371
-3002
-3561
-3831
-3930
-4339
-4379
-4393
-4151
-4072
-3969
-3795
-3614
-3423
-3367
-3172
-3104
-2687
-2467
-2141
-1886
-1498
-892
-561
-91
313
823
1224
1579
1879
2191
2562
2837
3117
3226
3473
3710
3817
3829
3704
3777
3653
3442
3123
2782
2501
2039
1611
1035
641
175
-227
-716
-1141
-1336
-1552
-1668
-1942
-1862
-1805
-1650
-1535
-1362
-1049
-787
-465
-213
147
469
863
1148
1428
1743
2033
2331
2497
2706
2825
2899
2984
2948
2850
2631
2430
2080
1612
1063
458
-256
-1038
-1802
-2615
-3353
-4043
-4565
-4795
-5294
-5291
-5294
-5017
-4869
-4528
-4088
-3726
-3307
-3075
-2634
-2451
-1943
-1665
-1366
-1209
-986
-544
-383
-165
121
493
889
1186
1558
1867
2311
2642
2956
3159
3386
3684
3768
3755
3609
3611
3495
3154
2837
2411
2148
1693
1292
782
381
46
-330
-674
-1094
-1213
-1384
-1504
-1700
-1739
-1662
-1593
-1474
-1462
-1287
-1082
-828
-656
-447
-133
195
495
755
1089
1450
1799
2090
2377
2613
2841
3053
3188
3180
3165
3048
2919
2588
2207
1678
1140
454
-371
-1219
-2044
-2760
-3530
-4193
-4740
-4904
-5113
-5243
-5085
-4911
-4527
-4305
-3826
-3537
-3027
-2724
-2275
-1945
-1575
-1265
-1091
-918
-839
-575
-421
-295
-58
223
543
870
1220
1616
1976
2386
2717
3061
3272
3534
3679
3703
3642
3529
3448
3143
2874
2496
2157
1801
1354
974
527
270
-100
-364
-733
-930
-1073
-1219
-1383
-1527
-1481
-1556
-1529
-1549
-1505
-1395
-1280
-1153
-1019
-791
-505
-212
67
405
782
1183
1565
1915
2305
2627
2924
3186
3348
3461
3497
3460
3342
3096
2794
2405
1947
1367
708
7
-723
-1502
-2289
-2989
-3660
-4132
-4645
-4865
-4983
-5072
-5039
-4852
-4607
-4342
-4027
-3662
-3265
-2869
-2504
-2123
-1864
-1532
-1303
-969
-779
-515
-222
-44
159
463
838
1200
1526
1826
2164
2496
2779
3012
3194
3329
3477
3520
3493
3353
3289
3139
2904
2623
2323
2073
1766
1441
1085
773
481
180
-127
-472
-712
-923
-1138
-1421
-1612
-1757
-1857
-1916
-2057
-2051
-1994
-1870
-1736
-1603
-1318
-1003
-638
-336
70
497
951
1337
1718
2102
2405
2766
2961
3153
3275
3335
3367
3291
3175
2997
2762
2458
2108
1713
1189
742
181
-374
-1061
-1648
-2227
-2833
-3355
-3857
-4214
-4601
-4686
-4910
-4945
-4956
-4775
-4590
-4391
-4119
-3758
-3388
-3066
-2646
-2241
-1758
-1334
-871
-486
-148
229
602
869
1169
1441
1746
2009
2227
2459
2682
2893
3045
3182
3249
3354
3435
3492
3463
3382
3356
3183
3011
2684
2446
2142
1823
1447
1071
737
354
40
-365
-689
-1017
-1271
-1547
-1807
-2001
-2161
-2210
-2318
-2343
-2274
-2196
-2060
-1868
-1615
-1410
-1042
-727
-332
-31
394
778
1188
1525
1858
2224
2516
2783
3005
3188
3285
3417
3429
3410
3307
3203
3026
2794
2446
2153
1725
1315
757
279
-316
-883
-1464
-2010
-2579
-3091
-3538
-3928
-4201
-4571
-4661
-4796
-4843
-4848
-4705
-4547
-4334
-4076
-3746
-3344
-2954
-2449
-1980
-1460
-951
-396
179
596
996
1401
1726
2016
2278
2506
2734
2853
2979
3046
3136
3163
3220
3247
3235
3236
3191
3184
3051
3013
2835
2690
2457
2231
1986
1658
1355
986
649
222
-143
-522
-882
-1224
-1531
-1795
-2048
-2213
-2355
-2434
-2502
-2483
-2436
-2352
-2185
-2041
-1802
-1580
-1243
-1023
-630
-339
57
374
745
1112
1434
1814
2080
2435
2644
2926
3079
3273
3344
3446
3445
3425
3336
3207
3006
2767
2479
2149
1760
1339
902
400
-93
-618
-1138
-1614
-2109
-2521
-2919
-3244
-3585
-3846
-4136
-4301
-4541
-4641
-4760
-4783
-4746
-4656
-4491
-4320
-4017
-3748
-3279
-2906
-2298
-1791
-1171
-657
-108
414
877
1272
1582
1838
2068
2268
2425
2523
2596
2660
2688
2724
2715
2735
2724
2737
2709
2661
2645
2578
2559
2422
2292
2107
1899
1675
1347
1059
671
350
-82
-445
-847
-1182
-1514
-1809
-2069
-2283
-2407
-2486
-2525
-2510
-2422
-2275
-2167
-1940
-1696
-1473
-1180
-920
-612
-353
-14
249
612
856
1178
1471
1752
2051
2296
2586
2770
3010
3192
3329
3430
3508
3539
3498
3430
3293
3160
2920
2642
2339
1984
1591
1180
719
271
-218
-651
-1108
-1505
-1863
-2221
-2462
-2741
-2910
-3109
-3253
-3452
-3600
-3788
-3933
-4028
-4175
-4253
-4279
-4198
-4060
-3848
-3533
-3134
-2634
-2098
-1513
-883
-240
388
983
1500
1969
2407
2746
2985
3131
3194
3219
3193
3101
2994
2884
2797
2682
2605
2502
2457
2417
2370
2298
2271
2246
2199
2093
1923
1743
1508
1229
873
513
125
-271
-683
-1093
-1481
-1806
-2077
-2324
-2521
-2643
-2673
-2625
-2545
-2406
-2245
-2009
-1764
-1497
-1310
-1024
-754
-519
-299
-100
172
391
637
823
1102
1316
1592
1839
2092
2339
2567
2819
2990
3166
3296
3393
3428
3428
3349
3258
3079
2883
2621
2314
1960
1615
1265
855
477
71
-243
-606
-909
-1189
-1430
-1598
-1813
-1923
-2078
-2168
-2295
-2426
-2604
-2783
-2970
-3187
-3417
-3655
-3872
-3995
-4083
-4167
-4110
-3992
-3741
-3468
-3036
-2577
-1983
-1385
-739
-98
471
1052
1537
1964
2223
2453
2621
2700
2696
2641
2582
2508
2408
2283
2193
2123
2085
2060
2045
2033
2072
2102
2093
2056
1988
1927
1759
1552
1255
973
620
232
-179
-595
-979
-1357
-1685
-2012
-2238
-2403
-2478
-2526
-2510
-2432
-2266
-2088
-1907
-1714
-1501
-1298
-1115
-935
-802
-666
-552
-430
-358
-253
-125
64
204
398
658
928
1218
1503
1853
2136
2452
2697
2963
3133
3256
3336
3356
3313
3183
3043
2832
2589
2315
2023
1708
1411
1126
848
576
327
138
-41
-215
-378
-481
-603
-729
-861
-974
-1105
-1262
-1412
-1606
-1773
-2009
-2194
-2410
-2621
-2837
-3016
-3164
-3305
-3396
-3472
-3483
-3362
-3234
-3087
-2842
-2530
-2157
-1810
-1395
-998
-520
-166
215
541
857
1122
1343
1542
1671
1818
1930
2018
2065
2111
2140
2189
2195
2205
2214
2218
2205
2186
2132
2058
1986
1892
1752
1570
1379
1204
975
718
419
191
-76
-335
-611
-829
-1028
-1207
-1351
-1480
-1537
-1583
-1579
-1585
-1552
-1516
-1424
-1348
-1277
-1206
-1113
-1020
-937
-842
-754
-652
-535
-413
-269
-121
45
256
465
662
875
1122
1350
1569
1756
1936
2103
2229
2319
2378
2413
2400
2361
2291
2185
2063
1937
1788
1625
1468
1303
1149
1006
855
709
567
431
315
187
56
-70
-195
-321
-473
-612
-753
-886
-1035
-1186
-1322
-1446
-1561
-1667
-1763
-1851
-1918
-1972
-2016
-2056
-2075
-2092
-2094
-2099
-2082
-2070
-1960
-1899
-1796
-1668
-1496
-1290
-1110
-859
-643
-339
-130
167
402
650
871
1078
1261
1379
1525
1628
1706
1724
1753
1747
1751
1713
1672
1631
1578
1532
1471
1416
1344
1302
1228
1154
1062
968
890
762
649
485
377
213
71
-94
-234
-381
-510
-617
-735
-796
-867
-874
-901
-888
-870
-804
-738
-671
-587
-497
-389
-295
-191
-107
-7
86
179
273
354
459
551
661
747
856
972
1078
1189
1284
1386
1468
1557
1616
1671
1692
1710
1706
1681
1635
1573
1497
1406
1301
1186
1073
945
836
714
593
479
371
283
186
97
11
-66
-149
-228
-306
-390
-469
-559
-640
-738
-823
-907
-988
-1073
-1151
-1215
-1282
-1329
-1373
-1418
-1438
-1452
-1464
-1458
-1426
-1404
-1367
-1321
-1230
-1167
-1070
-949
-806
-668
-528
-354
-187
-3
152
341
492
664
799
940
1045
1140
1231
1294
1341
1366
1396
1404
1408
1388
1372
1351
1322
1288
1247
1196
1142
1099
1036
964
885
821
748
644
545
439
359
247
146
44
-41
-135
-203
-268
-328
-363
-394
-396
-405
-389
-367
-312
-272
-220
-162
-96
-21
41
112
185
259
327
397
461
522
589
664
723
778
840
899
957
997
1041
1075
1105
1119
1127
1128
1112
1088
1051
1004
937
881
807
733
648
566
476
396
306
225
150
73
-3
-68
-135
-199
-259
-313
-368
-425
-482
-531
-583
-635
-687
-736
-778
-830
-860
-900
-923
-954
-965
-981
-983
-987
-972
-950
-932
-902
-868
-816
-765
-697
-633
-552
-466
-369
-274
-175
-62
46
161
263
367
468
559
641
714
782
835
883
920
947
956
968
967
954
940
919
900
872
845
816
784
742
708
661
617
572
522
470
412
355
296
243
188
139
90
47
12
-16
-37
-49
-50
-48
-37
-17
10
44
84
130
175
224
270
324
367
415
458
496
538
572
601
626
652
680
698
711
733
739
747
754
758
751
741
732
713
688
661
630
591
544
498
453
392
336
275
213
149
85
28
-38
-97
-161
-211
-270
-321
-368
-418
-454
-497
-533
-565
-595
-625
-644
-668
-688
-705
-721
-730
-737
-739
-737
-733
-722
-700
-680
-648
-614
-564
-520
-460
-390
-324
-249
-180
-97
-19
58
130
198
270
328
388
435
482
526
558
592
620
646
666
687
704
719
727
740
748
752
756
763
760
751
747
741
729
712
696
676
654
632
612
585
565
547
533
524
515
508
506
508
506
512
521
523
534
549
565
575
578
580
582
576
569
568
555
540
522
502
480
459
434
410
386
357
328
298
264
228
188
143
100
54
4
-48
-96
-146
-200
-247
-296
-343
-384
-423
-452
-482
-503
-526
-530
-536
-545
-543
-536
-523
-518
-508
-496
-478
-470
-442
-428
-412
-383
-353
-322
-293
-249
-213
-161
-117
-65
-9
44
103
152
212
267
323
370
412
451
486
514
536
559
568
586
590
593
596
600
600
601
606
607
617
618
624
625
627
620
612
608
597
587
576
565
544
524
499
481
460
435
416
395
384
373
364
362
360
364
370
374
377
381
384
388
383
379
373
364
348
334
315
294
276
251
234
214
195
179
162
149
134
117
104
90
74
58
38
16
0
-22
-45
-73
-101
-130
-157
-181
-204
-223
-241
-251
-253
-262
-262
-264
-271
-269
-268
-264
-263
-253
-243
-235
-231
-230
-219
-219
-208
-197
-186
-174
-158
-138
-118
-93
-68
-43
-13
15
48
79
104
136
157
174
194
206
220
235
242
250
259
258
262
266
271
278
279
291
294
303
311
317
330
341
346
349
356
348
354
351
350
352
350
351
349
353
350
355
356
355
361
364
367
368
373
374
376
382
383
385
383
383
384
380
374
370
358
347
336
325
311
296
281
261
245
230
209
192
181
165
148
131
119
103
86
72
54
42
31
14
0
-10
-24
-42
-54
-65
-76
-94
-109
-119
-131
-136
-142
-145
-147
-150
-150
-150
-144
-138
-135
-132
-129
-125
-123
-118
-114
-111
-110
-103
-101
-97
-89
-86
-77
-75
-64
-53
-45
-40
-29
-15
-4
4
18
30
40
48
59
72
66
85
93
111
127
142
164
176
190
207
233
245
263
276
288
298
299
306
303
302
295
292
282
270
257
244
234
217
207
195
190
179
176
174
176
170
171
173
170
172
168
171
170
169
169
175
173
172
172
174
179
178
179
183
185
177
184
183
175
169
170
169
154
147
138
133
125
113
102
92
80
66
57
43
37
22
13
6
-2
-4
-9
-10
-12
-15
-14
-14
-15
-15
-16
-14
-11
-13
-12
-9
-6
-4
-4
-2
0
-5
2
17
25
27
34
42
49
57
65
72
75
81
85
92
92
91
94
96
101
100
102
105
101
100
104
105
106
107
109
112
110
112
114
117
117
119
123
128
127
129
131
132
134
131
132
129
132
130
125
125
132
130
128
128
128
127
123
120
120
119
121
115
110
109
94
83
75
76
65
55
53
52
45
36
36
37
34
33
37
36
38
40
44
47
48
54
53
58
54
52
51
49
48
39
37
29
25
20
12
9
8
8
4
5
1
1
2
0
-1
1
4
5
10
12
18
16
16
15
18
24
26
34
32
37
42
43
46
47
56
61
61
70
71
72
77
75
75
78
77
78
77
77
72
69
68
63
57
51
51
40
36
33
26
19
14
7
5
1
-4
-6
-8
-10
-15
-19
-25
-28
-30
-36
-35
-39
-39
-29
-29
-27
-26
-23
-18
-14
-8
-5
-3
0
3
9
16
23
27
32
35
41
49
52
55
59
59
60
60
58
56
54
50
49
43
40
36
29
31
31
26
25
27
25
28
29
33
40
45
51
53
63
59
58
56
58
66
72
75
71
72
66
70
66
68
67
65
66
61
62
61
62
63
65
60
60
61
61
63
59
57
52
56
54
50
58
56
56
58
56
58
55
52
52
51
52
50
47
49
46
41
42
43
49
44
43
48
42
41
49
47
42
49
50
47
47
52
52
54
59
60
61
66
65
72
73
74
83
82
88
91
91
97
99
104
104
107
114
115
119
117
118
118
114
112
114
115
113
111
107
105
107
112
112
112
118
124
124
124
129
131
133
136
133
130
129
132
129
125
126
123
124
119
118
113
109
105
98
92
89
86
79
74
70
64
59
61
53
53
51
56
58
60
66
68
75
74
77
81
78
81
84
89
88
83
82
83
76
76
74
66
64
63
59
54
52
44
30
24
24
23
21
26
30
38
40
40
47
48
56
65
67
71
68
68
70
71
69
68
73
72
73
74
70
71
70
65
62
57
56
56
55
55
56
57
55
61
58
57
59
62
63
59
55
53
51
52
51
40
39
40
38
33
29
26
25
25
21
21
24
23
25
23
26
22
22
22
21
20
19
19
15
17
14
15
17
14
9
3
-4
-11
-7
-11
-12
-14
-17
-21
-21
-17
-22
-17
-10
-6
-9
-10
-5
-8
-9
-8
-13
-15
-15
-13
-11
-10
-12
-16
-19
-23
-25
-27
-32
-38
-41
-45
-49
-53
-53
-55
-62
-62
-60
-57
-58
-61
-59
-59
-56
-57
-55
-57
-55
-56
-61
-61
-63
-63
-64
-73
-71
-77
-81
-85
-85
-83
-87
-91
-93
-91
-92
-89
-90
-93
-94
-87
-98
-94
-80
-75
-82
-86
-90
-95
-98
-100
-106
-103
-103
-113
-116
-121
-124
-125
-125
-127
-131
-134
-137
-137
-141
-149
-154
-159
-163
-167
-169
-171
-172
-173
-177
-177
-179
-180
-180
-180
-181
-182
-182
-177
-178
-180
-180
-179
-175
-173
-176
-175
-174
-181
-183
-182
-185
-184
-183
-182
-184
-183
-187
-181
-181
-182
-178
-180
-180
-182
-185
-187
-187
-192
-195
-201
-205
-211
-213
-217
-216
-223
-225
-223
-224
-223
-227
-227
-229
-227
-223
-224
-220
-224
-225
-223
-226
-234
-228
-226
-231
-233
-229
-228
-231
-229
-231
-233
-233
-234
-230
-232
-236
-234
-234
-232
-231
-230
-228
-231
-232
-231
-232
-231
-233
-232
-234
-236
-235
-237
-239
-240
-242
-243
-244
-249
-249
-252
-259
-258
-258
-264
-267
-271
-276
-279
-285
-285
-286
-291
-293
-294
-295
-297
-296
-297
-302
-297
-290
-296
-287
-285
-288
-289
-290
-285
-288
-288
-280
-280
-278
-279
-281
-278
-276
-270
-271
-271
-270
-269
-268
-269
-266
-262
-263
-257
-257
-252
-252
-248
-247
-248
-246
-247
-247
-247
-242
-243
-244
-242
-243
-246
-250
-251
-253
-258
-257
-263
-260
-266
-261
-267
-274
-272
-277
-273
-281
-283
-284
-284
-287
-288
-293
-297
-297
-300
-302
-305
-307
-311
-314
-313
-317
-320
-314
-317
-316
-313
-315
-313
-314
-307
-309
-307
-305
-304
-300
-298
-294
-295
-291
-290
-288
-286
-286
-287
-280
-275
-272
-279
-276
-271
-272
-275
-275
-271
-272
-271
-271
-263
-262
-261
-261
-256
-258
-259
-255
-255
-255
-253
-252
-250
-247
-248
-247
-246
-245
-241
-238
-236
-234
-233
-238
-232
-229
-231
-231
-232
-231
-231
-233
-229
-231
-231
-229
-231
-226
-225
-227
-229
-223
-221
-220
-219
-218
-219
-217
-216
-223
-218
-223
-226
-221
-217
-208
-209
-210
-210
-212
-210
-205
-208
-208
-209
-209
-209
-214
-212
-208
-208
-210
-209
-206
-205
-208
-211
-213
-211
-215
-212
-214
-209
-207
-209
-205
-207
-204
-205
-205
-204
-206
-201
-203
-199
-196
-200
-201
-202
-197
-195
-196
-194
-199
-196
-192
-196
-198
-194
-188
-191
-193
-193
-190
-188
-186
-186
-189
-186
-185
-183
-182
-182
-177
-176
-175
-172
-170
-169
-168
-167
-161
-160
-157
-153
-152
-147
-146
-144
-142
-141
-135
-137
-134
-134
-142
-139
-139
-132
-128
-128
-127
-131
-130
-129
-126
-127
-123
-122
-123
-128
-123
-122
-124
-120
-119
-115
-113
-112
-111
-110
-105
-104
-104
-102
-96
-95
-94
-91
-89
-90
-86
-86
-83
-80
-79
-77
-78
-77
-77
-75
-74
-74
-70
-67
-71
-69
-66
-61
-62
-60
-57
-58
-56
-58
-55
-51
-50
-50
-42
-46
-43
-37
-40
-44
-44
-45
-49
-47
-42
-41
-41
-39
-39
-36
-35
-31
-26
-26
-22
-22
-18
-14
-14
-11
-9
-6
-5
-2
1
2
6
3
2
5
6
4
9
9
11
11
12
12
7
13
9
12
13
12
12
9
10
15
16
17
17
16
17
16
19
15
21
18
22
23
20
21
23
23
24
23
26
25
22
22
22
28
23
27
30
32
32
32
32
31
30
32
36
41
43
46
48
48
52
53
51
54
55
60
59
51
55
53
48
47
49
45
43
42
43
44
42
43
43
44
45
45
42
46
44
43
42
42
44
44
44
42
46
49
52
49
47
52
50
51
55
52
53
54
55
53
54
54
53
51
52
48
49
49
46
48
44
42
43
43
41
42
43
41
34
39
42
37
41
44
46
50
50
47
46
41
43
46
44
45
42
40
41
38
41
41
42
43
44
43
42
47
44
45
46
47
46
48
48
48
47
47
46
45
45
43
44
45
42
45
50
46
46
48
47
50
49
52
57
56
59
60
56
55
63
66
61
60
57
60
63
63
60
63
65
65
64
63
64
66
65
64
65
65
65
65
66
67
66
70
69
68
71
68
68
72
71
74
73
73
76
76
76
71
72
76
83
80
77
80
81
83
83
82
84
82
78
78
78
73
73
73
72
74
72
74
73
71
70
73
70
71
72
69
69
68
69
67
66
65
66
66
68
68
68
66
64
64
64
65
69
66
66
72
76
74
75
79
75
73
76
74
74
75
78
76
74
81
76
68
67
72
64
61
61
71
69
66
68
66
70
73
76
72
75
75
76
74
74
78
81
81
82
85
82
86
89
86
88
87
87
85
86
88
87
90
87
90
86
85
87
82
84
82
80
81
79
82
85
81
80
80
82
81
81
79
83
79
80
84
82
81
82
82
82
84
85
86
85
84
86
89
85
87
88
87
87
86
86
83
84
82
83
83
85
83
84
81
79
80
79
75
80
81
78
74
74
74
75
74
72
73
73
71
76
77
80
79
79
79
78
79
79
78
75
76
72
72
72
73
70
68
69
66
68
68
68
68
69
69
68
70
68
66
67
66
66
66
67
66
63
63
65
64
60
60
61
58
59
59
60
58
58
62
53
52
54
51
55
57
62
64
65
64
64
63
61
63
64
65
59
59
58
58
59
60
63
63
65
67
67
68
64
62
64
62
60
62
64
65
68
69
66
66
66
66
68
70
70
70
71
74
68
68
71
73
76
77
74
73
70
67
65
62
62
68
64
62
61
61
58
56
58
60
58
59
62
59
61
62
64
59
59
60
60
59
59
57
58
59
57
58
58
58
56
56
56
59
60
60
59
51
55
63
60
58
59
64
64
63
62
63
67
67
62
64
61
64
66
59
59
60
61
59
60
58
56
59
56
55
55
56
54
53
50
52
52
53
54
51
53
52
51
51
51
51
52
50
54
56
57
51
53
55
59
61
58
59
58
60
59
61
65
60
63
71
65
68
67
62
61
64
60
56
56
60
60
56
61
57
54
54
59
56
54
53
52
51
52
51
49
55
54
54
56
58
60
58
60
59
56
58
60
59
61
62
61
62
59
58
62
59
55
56
54
52
54
54
54
57
58
58
59
55
55
58
61
61
60
58
59
57
57
57
55
53
54
54
52
47
47
46
46
49
48
50
49
47
47
47
46
44
44
42
43
44
45
45
43
43
44
48
45
46
47
50
49
46
45
45
43
40
39
41
39
36
43
44
42
41
39
39
41
35
38
36
35
34
32
35
32
31
29
31
34
33
32
33
32
33
32
31
34
32
30
28
27
30
27
28
23
21
24
25
23
19
20
17
16
18
20
19
17
17
14
3
12
9
11
18
21
22
20
19
15
21
22
22
23
22
22
22
20
21
21
23
21
21
24
23
23
24
23
19
18
23
21
23
24
23
25
24
25
24
25
22
23
24
22
21
23
24
24
18
17
19
17
18
17
22
15
11
18
13
15
18
15
18
12
13
12
12
12
9
12
10
7
13
9
8
10
8
7
6
4
2
3
2
3
4
7
5
3
5
5
5
5
2
4
8
4
4
1
1
1
0
-1
6
7
5
7
6
9
10
8
8
6
10
6
4
9
6
9
11
11
11
9
9
11
8
9
11
11
12
8
6
7
4
8
8
7
8
9
11
9
8
9
7
11
9
13
10
10
16
13
18
16
18
20
17
16
18
17
18
18
26
25
25
27
22
18
17
20
15
11
12
15
16
13
16
12
13
18
16
15
17
16
15
15
13
14
13
15
15
20
17
19
20
18
19
15
17
16
17
18
20
18
17
18
18
16
16
15
9
10
13
12
14
12
6
14
15
10
15
16
13
15
16
13
12
11
12
8
11
7
6
6
5
5
-1
1
5
0
3
-2
2
4
2
0
-1
0
-5
-1
-1
0
-2
-2
-3
-8
-8
-4
-7
-14
-8
-3
0
-4
-10
-8
-9
-9
-9
-15
-15
-15
-15
-10
-11
-9
-7
-6
-7
-10
-9
-12
-9
-10
-13
-7
-8
-9
-9
-10
-11
-9
-6
-6
-8
-6
-7
-8
-5
-5
-9
-11
-11
-12
-8
-11
-11
-11
-14
-13
-16
-18
-18
-20
-20
-23
-22
-21
-21
-24
-23
-23
-29
-30
-32
-30
-23
-22
-16
-16
-17
-18
-21
-22
-24
-20
-21
-23
-25
-27
-28
-29
-28
-25
-29
-29
-26
-30
-28
-30
-32
-36
-36
-38
-39
-35
-36
-37
-34
-36
-36
-39
-38
-39
-38
-37
-38
-33
-33
-34
-37
-39
-37
-35
-34
-34
-33
-38
-43
-35
-37
-40
-36
-38
-38
-41
-41
-38
-36
-38
-40
-37
-35
-36
-35
-34
-36
-31
-32
-32
-36
-31
-34
-32
-31
-34
-32
-31
-30
-30
-30
-34
-31
-32
-29
-28
-29
-28
-29
-24
-24
-29
-30
-27
-26
-27
-24
-22
-20
-19
-18
-17
-18
-20
-21
-16
-21
-21
-21
-22
-22
-18
-20
-19
-19
-18
-18
-20
-19
-19
-17
-16
-16
-18
-19
-18
-18
-16
-17
-16
-18
-15
-14
-14
-18
-18
-16
-18
-13
-11
-17
-16
-11
-6
-9
-11
-8
-12
-12
-13
-11
-11
-5
-6
-5
-3
-10
-10
-12
-18
-19
-20
-18
-14
-13
-17
-16
-18
-19
-18
-16
-17
-16
-15
-16
-16
-15
-14
-16
-13
-9
-10
-12
-11
-10
-11
-15
-14
-12
-13
-14
-13
-9
-8
-9
-8
-9
-8
-13
-10
-7
-10
-5
-9
-12
-12
-15
-14
-10
-9
-7
-5
-8
-11
-5
-6
-6
-8
-8
-9
-14
-13
-7
-8
-8
-9
-10
-11
-8
-10
-8
-6
-10
-4
-6
-7
-4
-6
-9
-11
-12
-9
-11
-13
-11
-9
-10
-11
-8
-10
-8
-5
-5
-7
-10
-11
-9
-11
-10
-9
-7
-12
-8
-4
-4
-5
-11
-9
-9
-6
-7
-6
-9
-9
-11
-13
-11
-10
-9
-13
-12
-10
-10
-9
-11
-10
-13
-11
-10
-12
-10
-13
-9
-10
-11
-15
-13
-11
-14
-12
-12
-16
-21
-18
-15
-20
-20
-20
-20
-21
-23
-23
-26
-24
-26
-31
-29
-19
-14
-17
-19
-18
-16
-20
-19
-17
-17
-17
-20
-24
-26
-24
-21
-22
-23
-19
-22
-22
-22
-25
-27
-30
-30
-26
-28
-29
-26
-24
-22
-24
-22
-23
-27
-25
-27
-27
-26
-27
-21
-23
-24
-25
-25
-22
-26
-23
-19
-23
-19
-16
-23
-28
-28
-24
-27
-27
-29
-28
-24
-27
-27
-24
-22
-24
-22
-24
-21
-19
-19
-19
-19
-19
-20
-23
-21
-22
-23
-18
-20
-19
-19
-19
-22
-20
-18
-16
-18
-17
-17
-20
-20
-22
-15
-14
-15
-18
-14
-12
-16
-14
-12
-8
-13
-13
-14
-13
-13
-15
-15
-15
-11
-13
-13
-11
-6
-6
-10
-8
-10
-10
-8
-10
-8
-7
-9
-6
-8
-8
-9
-11
-8
-7
-4
-7
-8
-7
-5
-8
-4
-2
-6
-5
-2
2
0
2
3
1
0
1
6
0
3
7
4
5
5
3
-2
-2
-3
-5
-7
-2
1
-4
-5
-2
-3
-2
0
-3
-1
-2
-1
0
-3
0
0
-1
1
-3
2
1
3
4
3
1
0
2
2
0
2
3
0
2
4
1
-3
-2
0
-1
1
-3
0
-3
-5
-1
-4
-6
-5
1
4
1
-1
2
0
-1
-3
-1
-1
-1
-2
-2
-3
-5
-4
-5
-6
-6
-2
-4
-2
-2
0
-2
-1
-1
-5
-7
-6
-4
-5
-8
-5
-6
-6
-5
-7
-4
-9
-6
3
4
1
-2
-4
-7
-8
-3
-7
-5
-8
-7
-2
-5
-9
-6
-7
-6
-4
-6
-10
-9
-10
-9
-6
-9
-11
-13
-10
-11
-12
-9
-9
-10
-9
-13
-11
-13
-14
-13
-13
-14
-14
-16
-17
-16
-17
-16
-16
-19
-23
-22
-20
-22
-23
-24
-21
-21
-21
-21
-25
-27
-27
-36
-34
-25
-19
-19
-15
-19
-17
-17
-19
-14
-14
-14
-16
-15
-22
-17
-20
-14
-15
-18
-16
-19
-20
-22
-20
-20
-21
-22
-22
-22
-22
-21
-19
-19
-20
-18
-17
-23
-19
-19
-21
-19
-17
-12
-17
-17
-15
-18
-16
-17
-8
-10
-16
-13
-16
-19
-20
-15
-17
-20
-19
-21
-19
-20
-21
-21
-19
-19
-21
-21
-19
-16
-16
-19
-18
-18
-23
-19
-15
-21
-19
-20
-18
-17
-17
-18
-19
-19
-20
-17
-19
-17
-16
-18
-19
-21
-20
-16
-15
-18
-18
-16
-15
-17
-12
-11
-13
-14
-14
-13
-14
-15
-18
-17
-15
-14
-13
-14
-16
-14
-18
-22
-19
-16
-18
-16
-19
-19
-20
-22
-20
-20
-19
-18
-20
-21
-20
-19
-21
-22
-20
-17
-20
-19
-15
-22
-19
-13
-15
-15
-13
-13
-11
-17
-16
-16
-12
-9
-15
-9
-7
-7
-13
-12
-17
-21
-19
-17
-14
-19
-17
-17
-18
-15
-12
-11
-11
-12
-16
-15
-13
-14
-14
-13
-11
-9
-9
-8
-9
-8
-11
-13
-12
-16
-12
-13
-12
-9
-9
-10
-11
-10
-12
-15
-10
-9
-14
-19
-19
-20
-19
-13
-13
-17
-17
-14
-11
-13
-15
-12
-14
-11
-14
-16
-13
-14
-15
-14
-14
-15
-15
-16
-18
-17
-17
-17
-14
-15
-15
-15
-14
-14
-18
-20
-18
-21
-19
-16
-20
-20
-21
-18
-23
-22
-19
-22
-18
-17
-18
-19
-21
-24
-22
-28
-30
-29
-33
-27
-25
-27
-29
-29
-28
-28
-29
-30
-31
-29
-31
-33
-30
-30
-31
-33
-33
-34
-35
-33
-34
-33
-34
-35
-35
-36
-34
-35
-36
-35
-33
-35
-35
-35
-37
-38
-39
-43
-41
-45
-44
-43
-44
-43
-45
-44
-47
-42
-46
-51
-43
-53
-50
-44
-37
-33
-36
-38
-40
-37
-41
-36
-33
-34
-37
-36
-38
-40
-41
-39
-38
-36
-38
-36
-38
-40
-37
-43
-42
-41
-44
-44
-43
-40
-41
-40
-35
-37
-38
-39
-39
-38
-39
-40
-38
-31
-34
-37
-34
-33
-35
-37
-34
-28
-39
-39
-31
-35
-39
-39
-36
-39
-39
-38
-38
-39
-39
-38
-38
-39
-39
-37
-33
-34
-34
-33
-34
-34
-34
-32
-30
-33
-33
-33
-31
-27
-28
-25
-27
-24
-24
-25
-20
-22
-23
-28
-27
-23
-24
-24
-24
-20
-18
-21
-22
-21
-18
-15
-18
-19
-21
-23
-19
-22
-18
-21
-21
-18
-17
-16
-15
-17
-18
-18
-20
-20
-18
-16
-18
-18
-20
-21
-23
-22
-25
-23
-20
-20
-20
-22
-21
-24
-24
-24
-21
-23
-26
-24
-18
-14
-15
-17
-16
-17
-19
-19
-19
-21
-18
-11
-16
-14
-12
-16
-19
-23
-23
-23
-28
-25
-18
-20
-22
-24
-24
-22
-22
-20
-19
-21
-22
-21
-22
-20
-19
-20
-20
-18
-19
-21
-19
-16
-16
-20
-20
-21
-20
-20
-20
-16
-19
-16
-18
-19
-17
-19
-17
-15
-15
-15
-19
-19
-20
-26
-18
-16
-19
-16
-17
-15
-15
-17
-18
-15
-18
-17
-19
-17
-18
-22
-21
-20
-21
-22
-24
-23
-21
-24
-23
-20
-21
-22
-21
-23
-24
-28
-26
-27
-27
-25
-25
-25
-28
-29
-29
-30
-28
-26
-25
-25
-28
-26
-26
-29
-27
-29
-33
-38
-34
-29
-29
-25
-28
-29
-24
-28
-28
-30
-33
-32
-34
-32
-34
-30
-31
-32
-29
-30
-27
-27
-28
-27
-27
-28
-26
-26
-26
-29
-28
-28
-30
-28
-29
-30
-31
-30
-31
-32
-32
-35
-35
-35
-40
-37
-35
-37
-37
-38
-37
-44
-41
-43
-43
-40
-32
-26
-30
-29
-29
-29
-31
-30
-29
-26
-25
-29
-32
-33
-32
-29
-29
-30
-29
-30
-30
-31
-35
-36
-38
-40
-39
-42
-45
-45
-40
-38
-38
-40
-40
-41
-43
-41
-42
-42
-40
-35
-37
-42
-42
-41
-40
-39
-42
-36
-34
-40
-38
-40
-44
-44
-43
-42
-47
-46
-44
-44
-45
-46
-45
-46
-47
-44
-44
-43
-44
-46
-45
-47
-46
-47
-44
-43
-46
-45
-46
-44
-43
-45
-43
-44
-43
-43
-44
-41
-41
-39
-38
-44
-46
-48
-46
-42
-44
-40
-44
-42
-40
-38
-37
-41
-43
-42
-38
-40
-44
-42
-42
-42
-39
-44
-42
-42
-41
-44
-47
-42
-42
-44
-45
-43
-47
-44
-48
-47
-46
-48
-44
-43
-42
-42
-40
-42
-40
-40
-36
-36
-40
-36
-33
-33
-29
-30
-30
-29
-33
-33
-30
-26
-26
-21
-21
-24
-20
-29
-28
-31
-32
-31
-34
-33
-30
-28
-31
-32
-35
-35
-32
-31
-30
-28
-31
-32
-30
-31
-29
-29
-30
-26
-25
-25
-25
-24
-26
-26
-24
-27
-26
-28
-29
-28
-29
-29
-28
-33
-34
-33
-32
-28
-31
-34
-33
-36
-37
-36
-36
-35
-37
-36
-34
-30
-33
-33
-32
-32
-34
-35
-35
-36
-34
-38
-35
-34
-35
-36
-39
-40
-36
-38
-39
-36
-35
-32
-37
-38
-36
-38
-36
-38
-37
-37
-39
-40
-39
-42
-43
-41
-42
-37
-36
-39
-45
-39
-39
-42
-43
-46
-45
-47
-48
-46
-44
-43
-43
-44
-44
-43
-46
-44
-45
-48
-47
-52
-48
-51
-52
-52
-51
-51
-53
-50
-50
-49
-50
-49
-49
-48
-50
-53
-50
-53
-51
-52
-54
-52
-54
-54
-58
-58
-55
-58
-62
-62
-59
-61
-61
-63
-59
-61
-61
-64
-70
-65
-68
-62
-62
-57
-55
-57
-53
-54
-58
-57
-52
-51
-51
-55
-56
-60
-60
-59
-57
-58
-53
-57
-58
-57
-60
-58
-63
-61
-62
-64
-63
-62
-59
-61
-61
-60
-59
-61
-59
-60
-61
-60
-62
-56
-60
-60
-60
-57
-56
-59
-55
-51
-52
-53
-52
-54
-60
-58
-56
-55
-57
-58
-58
-55
-55
-57
-55
-53
-54
-53
-53
-52
-49
-52
-50
-51
-50
-52
-50
-51
-49
-50
-53
-49
-48
-49
-50
-50
-48
-49
-49
-45
-44
-49
-53
-52
-50
-49
-46
-42
-43
-45
-44
-43
-39
-40
-37
-41
-42
-43
-37
-39
-44
-41
-39
-42
-41
-37
-37
-37
-38
-36
-39
-40
-36
-39
-36
-40
-39
-37
-36
-38
-39
-37
-36
-37
-35
-36
-36
-37
-37
-31
-32
-34
-38
-36
-30
-29
-28
-29
-27
-28
-29
-27
-28
-26
-26
-22
-18
-23
-24
-22
-28
-27
-23
-29
-36
-36
-32
-33
-30
-32
-34
-36
-35
-32
-32
-31
-35
-32
-30
-31
-32
-29
-28
-29
-25
-25
-26
-24
-23
-26
-26
-26
-27
-28
-28
-26
-23
-24
-24
-24
-26
-27
-29
-25
-24
-23
-28
-31
-33
-28
-28
-24
-22
-27
-25
-22
-23
-24
-22
-23
-21
-22
-23
-20
-21
-21
-20
-20
-18
-19
-20
-21
-20
-19
-16
-19
-18
-17
-17
-17
-20
-21
-23
-23
-22
-19
-16
-17
-20
-20
-23
-22
-20
-24
-21
-18
-17
-14
-21
-20
-22
-26
-28
-29
-27
-30
-28
-27
-27
-30
-29
-29
-30
-27
-28
-32
-30
-29
-32
-28
-30
-28
-34
-32
-32
-34
-27
-30
-31
-29
-30
-30
-33
-31
-31
-30
-28
-30
-26
-31
-31
-32
-32
-34
-33
-33
-36
-36
-34
-33
-36
-33
-35
-39
-36
-38
-43
-41
-43
-44
-40
-34
-32
-32
-34
-34
-31
-36
-35
-33
-33
-32
-34
-37
-37
-37
-36
-33
-32
-32
-33
-36
-34
-38
-40
-39
-39
-42
-41
-41
-41
-36
-39
-40
-41
-40
-40
-42
-44
-42
-43
-41
-38
-40
-43
-42
-40
-42
-41
-30
-32
-42
-36
-37
-45
-46
-39
-41
-42
-42
-38
-37
-38
-37
-41
-37
-38
-37
-38
-36
-33
-35
-35
-36
-34
-35
-35
-38
-34
-34
-34
-37
-34
-31
-32
-32
-31
-32
-30
-29
-28
-28
-28
-26
-33
-31
-28
-27
-23
-27
-25
-22
-22
-23
-23
-21
-20
-24
-27
-25
-26
-30
-29
-26
-24
-22
-25
-22
-20
-27
-28
-26
-26
-26
-23
-22
-25
-25
-27
-27
-27
-26
-27
-26
-24
-25
-23
-23
-24
-23
-22
-21
-22
-21
-19
-16
-15
-18
-13
-12
-14
-14
-14
-15
-14
-13
-8
-10
-9
-7
-13
-13
-13
-15
-19
-20
-17
-14
-14
-16
-18
-14
-13
-9
-9
-11
-9
-12
-9
-9
-13
-8
-6
-7
-5
-1
-4
-4
-1
-7
-6
-5
-6
-6
-8
-7
-5
-5
-3
-1
-1
-6
-8
-5
-2
-2
-4
-9
-10
-9
-2
-3
-4
-9
-9
-2
-6
-3
-5
-3
1
0
-2
-3
-5
1
-4
0
-1
-3
2
0
-1
2
4
1
2
1
0
1
1
-1
-3
-6
-3
-2
-4
-1
-3
-4
-4
-4
-6
-5
-5
1
6
7
4
2
2
-2
-4
-6
-3
-4
2
1
1
-2
-2
0
2
0
-2
-2
-1
-1
-2
-3
-1
-3
-4
-5
-5
-4
-5
-3
-3
-2
-2
0
-2
-1
-2
-5
-2
-2
-1
-2
-1
-1
-7
-3
-1
-4
-8
-9
-7
-6
-8
-7
-5
-6
-7
-8
-15
-10
-14
-21
-14
-4
-1
-1
-5
-5
0
-1
-3
-2
0
2
-2
-5
-3
-2
-3
-2
0
0
-4
-3
1
-3
-4
-6
-7
-6
-8
-5
-5
-2
-3
-6
-3
-2
-7
-6
-7
-6
-7
-7
1
-5
-5
-5
-5
-2
-5
-6
-2
-4
-3
2
0
-7
-7
-4
-5
-4
-7
-6
-4
-4
-5
-7
-4
-7
-6
-4
-3
0
0
-5
-4
-5
-6
-4
-3
-3
-4
-2
0
-1
-1
-3
1
-1
-4
3
1
2
2
2
0
-3
-3
1
1
-1
-1
3
0
4
8
3
5
4
6
6
4
2
1
2
4
5
7
6
3
2
5
6
8
5
4
5
0
2
3
4
2
-1
1
4
4
3
5
6
6
4
7
4
4
4
5
10
12
10
13
11
12
10
8
7
8
13
17
14
14
18
14
12
7
8
5
1
4
6
8
6
4
1
2
7
10
7
7
6
7
10
9
10
11
10
10
10
13
14
15
13
12
12
11
9
11
7
10
11
9
10
10
10
5
8
9
11
12
4
4
8
3
12
9
9
14
14
13
18
19
15
17
15
15
18
15
12
12
16
18
12
15
12
10
17
13
14
16
17
16
17
17
13
12
12
9
10
14
13
13
9
11
12
13
11
5
13
16
19
13
11
13
11
10
5
2
6
6
7
10
9
7
9
6
8
10
4
6
5
2
2
3
3
2
-1
0
3
4
5
4
1
2
0
2
5
0
4
2
1
3
3
2
1
-3
-4
1
1
-5
-10
-5
-8
-6
-6
-4
-2
-4
-2
-10
-8
-10
-13
-8
-5
2
-1
1
6
1
4
1
-1
0
2
1
-4
-4
-1
-4
-3
1
-1
-2
-5
-1
2
-5
-4
-7
-5
-10
-8
-5
-8
-6
-5
-5
-3
-3
-5
-2
-7
-6
-8
-2
-2
-8
-5
-4
-4
-6
-3
5
-1
-4
-1
-3
-4
-8
-4
-7
-6
-5
-6
-3
-5
-7
-4
-6
-6
-3
0
-2
-1
-1
-3
-3
-2
-3
-1
-3
-2
0
-1
3
3
3
2
-2
1
1
4
2
2
0
3
2
-1
-3
0
3
2
3
4
4
5
8
8
8
4
6
7
6
1
4
4
5
4
6
7
7
6
4
2
3
5
5
4
1
-1
0
0
-1
-1
-1
0
-2
-1
-1
1
-1
-3
-1
1
-1
-3
-1
2
5
6
5
7
5
0
4
1
3
2
2
6
2
6
8
8
0
-4
-5
-3
-4
-3
0
0
-3
-3
-4
-3
-1
-3
-2
-3
0
0
0
-1
-1
-2
1
2
3
0
4
8
5
1
0
1
2
2
3
4
2
5
2
1
4
2
4
0
0
-1
-6
3
5
-2
1
-4
-2
0
1
1
-1
1
2
3
3
3
2
0
2
1
0
0
-3
-1
-4
0
0
-3
-4
-5
-4
-4
-3
-4
-7
-7
-10
-8
-9
-13
-10
-11
-11
-12
-11
-15
-21
-21
-15
-14
-14
-15
-17
-18
-22
-24
-26
-25
-24
-24
-25
-25
-28
-26
-22
-23
-24
-21
-21
-24
-24
-24
-22
-21
-24
-26
-24
-24
-22
-20
-20
-22
-19
-21
-20
-19
-21
-20
-19
-17
-16
-19
-21
-19
-22
-21
-21
-22
-19
-21
-17
-21
-24
-21
-24
-22
-22
-21
-24
-27
-27
-30
-27
-19
-17
-9
-10
-13
-11
-12
-13
-13
-10
-11
-15
-15
-12
-15
-11
-13
-12
-12
-14
-11
-15
-11
-13
-18
-19
-20
-22
-20
-18
-16
-14
-16
-17
-14
-15
-18
-18
-16
-18
-19
-13
-13
-14
-15
-15
-13
-14
-14
-8
-15
-19
-13
-17
-18
-18
-14
-16
-19
-18
-14
-16
-16
-20
-20
-16
-16
-13
-15
-9
-9
-10
-13
-12
-7
-9
-10
-12
-12
-9
-10
-9
-8
-10
-9
-11
-11
-8
-9
-7
-7
-8
-6
-8
-9
-10
-12
-17
-16
-10
-10
-10
-4
-7
-4
-6
-4
-6
-9
-6
-11
-10
-11
-12
-12
-10
-12
-9
-9
-9
-7
-8
-8
-8
-3
-11
-12
-10
-10
-9
-10
-11
-11
-12
-12
-10
-8
-9
-7
-8
-10
-8
-6
-8
-7
-5
-1
-3
-2
-4
-6
-4
-7
-3
-6
-2
4
2
5
3
-3
-7
-5
-6
-5
-7
-7
-3
-6
-6
-6
-8
-6
-3
-2
-4
-6
-8
-7
-2
-1
-2
-3
-3
3
1
-1
0
2
0
0
-1
-2
0
-4
-7
-6
-2
-6
-5
-5
-5
-3
-3
-5
-8
-9
-7
-7
-5
-8
-5
-8
-14
-5
-6
-9
-7
-4
-7
-12
-8
-11
-12
-6
-8
-8
-7
-7
-8
-13
-13
-10
-11
-10
-12
-7
-8
-10
-8
-11
-13
-15
-15
-13
-12
-15
-12
-13
-12
-13
-12
-17
-12
-13
-11
-7
-13
-11
-11
-10
-15
-14
-11
-17
-19
-12
-15
-12
-17
-20
-15
-14
-14
-16
-15
-17
-17
-15
-15
-16
-15
-18
-18
-18
-16
-15
-17
-16
-16
-14
-15
-13
-17
-21
-20
-21
-21
-18
-17
-19
-19
-19
-19
-22
-23
-23
-24
-25
-28
-26
-25
-28
-31
-31
-31
-39
-34
-35
-39
-33
-24
-27
-27
-30
-25
-24
-26
-27
-31
-27
-29
-28
-30
-33
-35
-30
-31
-34
-31
-31
-32
-31
-32
-36
-39
-39
-40
-40
-39
-40
-36
-38
-38
-36
-37
-37
-43
-37
-40
-39
-36
-41
-36
-41
-42
-38
-38
-37
-36
-36
-41
-38
-32
-42
-47
-39
-37
-41
-40
-40
-41
-39
-38
-40
-37
-37
-39
-38
-36
-37
-38
-35
-37
-36
-35
-38
-37
-34
-36
-34
-34
-32
-32
-31
-34
-36
-35
-34
-31
-30
-31
-32
-31
-35
-37
-39
-34
-31
-35
-34
-32
-31
-30
-27
-26
-28
-28
-31
-24
-28
-34
-30
-30
-29
-29
-27
-26
-28
-26
-30
-29
-25
-29
-27
-26
-28
-29
-29
-29
-31
-28
-29
-30
-28
-28
-30
-27
-25
-27
-30
-28
-23
-26
-28
-29
-24
-20
-22
-25
-20
-28
-25
-25
-22
-22
-16
-22
-24
-21
-30
-29
-27
-27
-33
-33
-32
-27
-25
-31
-33
-33
-36
-34
-31
-28
-33
-33
-33
-37
-39
-36
-34
-36
-34
-31
-34
-33
-29
-32
-33
-37
-35
-36
-36
-33
-32
-32
-32
-33
-37
-35
-32
-31
-33
-37
-38
-36
-37
-40
-34
-33
-37
-42
-37
-34
-38
-33
-35
-34
-31
-33
-31
-32
-34
-34
-33
-34
-38
-32
-37
-39
-37
-36
-36
-37
-34
-37
-36
-34
-37
-39
-41
-44
-39
-41
-39
-41
-42
-42
-42
-42
-41
-42
-45
-42
-36
-32
-40
-40
-40
-40
-45
-47
-46
-46
-47
-44
-40
-42
-47
-45
-45
-43
-44
-41
-44
-46
-45
-47
-45
-44
-46
-47
-49
-46
-42
-45
-41
-41
-45
-43
-43
-43
-44
-42
-42
-44
-44
-44
-43
-46
-48
-47
-51
-49
-50
-51
-52
-52
-53
-51
-54
-53
-55
-55
-67
-68
-61
-61
-55
-51
-50
-48
-48
-55
-49
-51
-55
-52
-50
-52
-53
-55
-54
-55
-54
-49
-48
-48
-48
-48
-49
-50
-50
-53
-52
-51
-54
-52
-51
-48
-49
-46
-47
-46
-47
-48
-49
-44
-46
-44
-40
-42
-46
-50
-43
-42
-39
-41
-39
-39
-46
-34
-40
-49
-41
-36
-44
-46
-45
-43
-41
-41
-41
-42
-38
-39
-39
-37
-36
-35
-36
-36
-37
-39
-37
-37
-35
-38
-35
-37
-34
-32
-32
-32
-31
-30
-30
-28
-27
-27
-30
-25
-29
-29
-31
-30
-23
-23
-23
-21
-24
-22
-21
-23
-20
-23
-20
-19
-20
-23
-23
-24
-23
-18
-20
-21
-19
-15
-16
-19
-15
-15
-12
-13
-16
-14
-16
-16
-12
-17
-18
-14
-12
-15
-15
-17
-15
-11
-15
-10
-10
-12
-10
-6
-2
-3
-4
-4
-6
-9
-11
-9
-7
-10
-1
-1
-2
1
-4
-11
-12
-9
-9
-13
-14
-12
-8
-10
-10
-14
-16
-11
-7
-7
-9
-12
-12
-13
-16
-12
-11
-10
-7
-6
-8
-9
-5
-9
-9
-9
-9
-8
-10
-10
-7
-4
-4
-7
-7
-6
-7
-6
-9
-9
-8
-14
-9
-8
-13
-9
-8
-15
-16
-9
-10
-11
-13
-12
-13
-13
-14
-14
-16
-16
-13
-12
-16
-18
-18
-20
-19
-18
-17
-18
-18
-18
-18
-19
-19
-18
-21
-27
-25
-22
-23
-20
-24
-25
-24
-25
-23
-25
-25
-24
-26
-21
-21
-20
-22
-26
-21
-28
-30
-28
-30
-23
-23
-23
-24
-28
-26
-27
-27
-26
-29
-28
-28
-28
-25
-27
-25
-28
-27
-23
-22
-21
-22
-21
-24
-22
-23
-26
-23
-22
-23
-25
-25
-21
-22
-21
-25
-25
-25
-25
-27
-27
-26
-30
-28
-32
-28
-31
-29
-24
-31
-35
-38
-40
-32
-26
-23
-25
-24
-22
-23
-20
-23
-24
-18
-18
-24
-20
-22
-24
-23
-18
-19
-20
-18
-21
-20
-21
-23
-25
-23
-23
-26
-25
-24
-25
-21
-21
-22
-22
-21
-19
-19
-21
-19
-20
-17
-15
-17
-16
-17
-15
-13
-11
-9
-11
-17
-14
-10
-16
-12
-10
-10
-13
-14
-13
-12
-11
-13
-11
-7
-8
-10
-8
-8
-7
-6
-9
-9
-9
-10
-9
-11
-12
-14
-10
-10
-7
-7
-6
-8
-9
-9
-6
-6
-6
-5
-7
-6
-8
-6
-15
-16
-10
-7
-10
-9
-7
-5
-2
-6
-6
-10
-5
-5
-8
-9
-8
-8
-8
-8
-7
-3
-6
-6
-5
-3
-1
0
-3
-4
-4
-5
-6
-6
-2
-5
-1
-2
-3
-1
-2
-1
0
0
2
6
3
2
3
9
9
5
7
7
6
7
7
7
4
5
13
4
14
17
10
7
3
4
4
4
3
5
6
4
3
1
4
5
4
5
7
4
2
4
2
2
4
6
5
8
6
6
8
6
10
5
2
1
2
4
5
6
5
2
4
0
0
1
1
4
3
2
0
-4
-2
0
0
1
7
8
1
5
5
6
3
0
4
2
6
5
1
6
5
5
5
3
1
0
3
3
4
1
3
2
2
3
1
-1
-1
1
1
2
1
1
-1
-1
4
2
3
3
1
10
4
0
3
0
1
-1
-1
-3
-1
2
2
-2
2
5
4
1
2
0
0
-1
-3
-2
1
4
1
1
2
3
6
5
3
4
5
4
3
4
3
2
4
4
3
4
3
0
0
0
3
0
-3
-1
-1
-2
-3
2
-1
-1
2
-2
-6
-2
-5
-8
-7
0
9
8
8
10
8
6
6
7
5
5
4
3
3
4
6
8
9
7
7
8
6
3
3
0
1
-1
0
6
5
4
8
6
4
5
3
6
4
6
7
10
11
6
7
10
9
8
7
18
16
9
15
10
3
7
13
13
9
10
10
13
10
11
14
13
14
10
11
12
12
16
13
13
13
9
8
11
9
12
12
13
14
13
14
11
14
14
12
17
17
17
18
16
11
3
13
18
20
19
15
17
15
12
10
11
3
1
3
6
5
2
10
19
22
27
32
33
38
33
29
28
23
22
20
16
13
17
17
19
23
24
25
25
22
22
19
16
16
16
17
22
20
21
30
37
42
39
42
39
37
31
29
31
27
32
38
31
37
44
38
34
35
31
24
19
19
20
19
16
14
18
21
26
26
24
29
24
18
17
18
16
14
17
21
25
26
29
33
31
32
31
31
28
28
29
30
28
28
35
28
30
25
30
35
27
28
26
24
25
22
25
21
23
24
24
25
28
29
28
25
23
24
25
24
25
23
24
25
24
23
26
25
23
25
24
25
24
24
24
23
22
18
17
16
24
21
18
22
23
20
18
20
18
14
19
30
28
30
23
26
21
18
17
16
19
16
20
23
20
22
22
23
23
24
21
21
26
21
23
21
20
18
18
22
23
22
22
23
24
23
24
26
25
26
23
25
26
28
29
25
26
29
24
27
27
23
23
23
24
19
23
27
24
23
22
19
22
20
14
28
34
38
35
31
32
36
35
35
37
39
37
35
34
31
36
34
39
38
34
36
37
39
36
38
36
36
35
32
31
34
32
36
36
35
36
37
36
37
36
36
39
42
44
36
40
38
36
39
38
43
36
39
41
30
28
32
37
34
30
30
33
33
34
36
35
35
36
36
36
36
35
37
33
31
34
34
34
33
32
33
33
38
36
37
33
32
35
32
35
36
36
39
35
32
30
30
33
34
34
37
37
36
39
40
37
34
36
34
37
32
29
30
30
33
32
35
36
35
34
37
34
35
35
33
33
32
31
30
29
28
29
26
28
29
28
30
27
30
28
28
30
28
26
28
31
33
36
34
37
34
34
37
30
36
32
40
35
36
42
37
32
26
26
26
25
23
26
25
24
21
19
22
24
25
25
24
27
24
23
24
23
25
24
26
27
27
28
31
29
26
27
27
29
27
27
29
30
27
27
26
24
25
27
30
31
26
23
18
20
22
28
23
20
23
22
27
19
26
29
26
27
26
25
26
24
22
23
24
29
25
22
23
25
27
25
26
25
25
26
27
26
20
20
21
21
24
22
23
19
20
25
20
18
17
22
29
23
21
19
20
20
17
13
11
13
12
16
19
14
15
18
16
20
16
17
17
19
17
17
21
18
16
16
17
18
19
18
21
18
17
19
19
21
21
18
23
21
24
24
24
25
22
22
21
25
19
16
18
17
18
15
17
19
18
18
8
15
12
8
17
22
29
27
26
22
27
27
25
26
29
30
26
27
26
27
27
29
29
30
29
27
30
31
29
27
28
27
26
25
26
30
29
31
32
28
29
28
29
29
27
27
34
32
32
31
33
31
31
30
34
34
28
37
29
26
27
32
32
27
31
32
29
32
29
29
30
27
30
30
32
33
34
30
30
34
32
28
31
29
28
29
29
31
29
31
27
30
28
28
30
26
25
28
21
18
20
27
28
25
26
27
29
26
28
31
25
25
22
19
22
20
23
23
23
23
21
23
24
22
17
18
24
20
22
21
19
21
16
16
15
15
16
15
14
17
17
15
14
13
12
11
15
9
11
17
16
19
15
19
18
14
13
11
15
13
17
23
14
19
16
10
6
1
5
3
3
1
4
3
0
-3
-1
-1
4
4
6
2
0
3
0
0
4
4
4
7
6
5
6
5
3
1
-1
0
-1
1
0
-1
0
2
2
-4
-5
-3
-1
-4
-9
-7
-5
-6
-6
-3
-1
-10
-8
-2
-4
-2
-5
-4
-2
-4
-5
-2
-5
-4
-3
-4
-5
-8
-7
-8
-9
-7
-5
-7
-6
-1
-2
-3
-2
-4
-8
-8
-8
-8
-9
-8
-9
-7
-9
-8
-5
-14
-13
-10
-7
0
-2
-6
-9
-9
-5
-13
-15
-14
-10
-8
-8
-6
-10
-6
-9
-7
-6
-7
-8
-10
-10
-9
-7
-8
-9
-11
-10
-6
-6
-6
-7
-8
-6
-10
-11
-10
-7
-8
-7
-8
-10
-10
-8
-8
-13
-14
-13
-11
-16
-18
-16
-18
-18
-19
-12
-13
-14
-13
-17
-23
-22
-19
-15
-14
-5
-1
-2
-4
-7
0
-4
-5
-2
1
-2
-5
-1
-4
-3
-1
-1
-1
0
1
1
-2
-2
-4
-4
-4
-7
-4
-5
-3
-1
-5
-1
0
-2
-2
-1
-3
-6
-5
-3
0
-2
-4
-7
-1
-2
3
2
0
-6
-6
0
-8
-8
-5
-6
-8
-8
-8
-9
-7
-9
-10
-2
-4
-4
-3
-2
-4
-6
-6
-5
-7
-6
-7
-8
-5
-8
-6
-6
-7
-4
-6
-5
-5
-7
-3
-3
-3
-4
-4
-2
-3
0
-5
-5
-5
-5
0
0
0
-1
2
4
-1
-1
0
4
0
-3
2
1
2
4
1
1
0
1
0
-1
1
0
-1
0
0
0
-1
-5
-4
-5
-3
-1
-3
-4
-2
-5
-4
-2
-2
3
-2
0
1
1
5
4
4
3
4
4
3
1
2
5
15
9
9
11
5
2
3
1
-3
-1
-3
2
6
-1
-2
-5
-1
1
2
5
2
2
0
2
1
0
4
7
6
9
11
12
8
7
8
8
10
9
11
10
10
13
13
15
15
11
16
15
14
12
11
13
16
17
13
16
15
15
21
21
15
15
18
20
19
19
22
19
20
19
22
21
20
19
18
18
19
18
19
20
18
22
21
25
24
19
19
17
18
17
16
15
19
19
16
21
19
16
12
19
26
21
20
19
19
20
16
14
15
11
11
16
18
17
18
19
19
18
20
18
15
15
14
15
15
14
12
12
12
15
17
14
14
15
15
17
17
17
13
14
14
17
17
19
18
17
17
17
21
15
13
15
16
14
11
10
13
15
14
12
6
9
8
10
16
18
23
23
24
26
24
23
24
23
24
25
25
19
22
24
26
27
27
29
24
27
29
25
27
24
26
26
23
29
26
27
29
28
30
29
31
31
28
31
29
32
33
34
34
31
36
38
37
39
34
32
37
38
32
29
35
32
32
33
33
35
36
33
30
33
33
34
34
36
36
36
33
34
35
34
33
32
29
30
31
29
31
32
34
33
31
29
29
32
29
30
28
28
25
22
25
24
24
22
28
28
27
30
28
30
28
24
28
28
23
20
21
26
25
26
23
23
25
22
22
20
23
24
22
22
20
20
19
17
18
20
18
17
15
17
17
16
15
17
18
17
17
16
20
21
21
19
21
23
19
18
20
22
19
21
28
24
24
29
23
16
17
16
13
11
12
15
16
10
12
8
7
12
14
12
10
10
10
13
11
11
10
11
9
11
11
11
14
12
11
9
10
9
6
11
9
9
12
9
12
10
7
13
7
11
7
8
7
8
11
7
6
4
6
10
9
8
8
6
7
3
6
8
8
10
5
9
11
9
4
7
7
10
9
9
10
11
12
12
14
11
10
7
7
11
11
12
10
11
12
11
10
11
16
16
13
11
16
12
12
13
13
7
8
6
9
13
11
11
12
13
15
16
13
12
13
15
12
15
12
12
12
14
16
14
17
19
20
18
22
20
22
21
21
20
22
20
20
21
19
22
20
18
21
18
14
23
17
17
20
20
19
19
19
22
14
14
16
13
16
24
33
28
24
28
30
29
28
34
34
32
29
28
31
31
32
35
34
31
31
34
34
30
30
30
28
28
25
27
30
33
32
30
31
30
29
29
27
31
29
28
32
31
28
26
28
30
27
29
30
26
30
35
28
22
25
28
26
26
23
27
25
27
26
24
25
25
25
25
25
24
24
22
24
21
20
18
19
19
20
21
21
21
22
23
21
24
23
25
24
24
22
12
16
19
18
17
21
21
18
19
22
25
19
22
24
21
15
19
16
18
16
16
18
18
19
15
21
18
16
15
17
20
18
17
15
11
15
15
13
12
12
11
8
8
10
10
9
9
10
8
10
12
9
5
9
13
9
10
10
11
7
6
11
7
9
8
10
16
10
6
2
0
-2
-2
-4
0
3
0
-2
-4
-3
0
1
1
-1
-1
-2
-1
-2
-3
-4
0
2
4
6
5
5
1
0
0
-3
-2
0
-1
-3
1
2
-1
-2
1
-2
-6
-3
-5
-1
-5
-9
-6
3
2
-1
-6
-5
-1
4
0
2
4
0
3
1
3
1
2
-1
1
6
3
2
1
0
2
1
1
2
4
4
6
4
6
2
1
0
2
3
3
4
1
5
3
3
5
3
6
7
11
11
8
6
6
5
3
3
3
5
5
9
9
5
7
7
8
8
9
5
5
6
5
8
8
7
8
9
9
9
10
9
11
9
6
11
8
12
10
7
8
8
12
8
8
9
6
3
5
-1
2
4
1
0
0
1
1
1
2
-2
-3
-2
-4
-7
-2
10
12
9
10
11
13
9
9
11
13
10
10
8
6
12
8
8
10
13
11
10
13
9
7
8
8
7
2
8
9
7
7
4
7
6
2
3
5
6
6
7
8
3
4
-1
5
4
1
10
7
4
8
3
-6
-5
6
3
-4
-1
-2
0
0
1
2
0
1
3
2
4
2
5
4
3
5
2
3
1
2
0
0
2
1
5
3
1
5
0
4
7
3
10
5
3
2
-1
5
5
9
8
8
10
6
12
11
8
5
9
10
5
6
5
2
7
7
7
7
9
12
7
9
8
7
9
9
8
5
7
6
3
3
3
4
4
3
3
3
0
1
5
2
3
5
6
3
3
9
6
3
4
7
2
4
5
2
4
8
2
8
8
-1
-4
-7
-5
-6
-5
-5
-1
-4
-7
-9
-7
-8
-4
-2
-5
-4
-8
-6
-5
-5
-5
-5
-1
-1
0
1
1
1
0
-1
0
-1
0
1
1
4
-2
1
3
2
2
-1
1
0
2
2
-1
-4
-6
0
-1
-3
-1
2
5
2
1
2
3
2
2
1
4
4
6
5
3
3
-1
1
-1
1
4
6
4
6
7
5
7
4
5
3
3
4
4
6
6
9
6
7
6
7
10
5
10
10
8
12
10
10
10
7
8
7
9
5
12
15
9
10
12
13
11
9
10
10
6
4
6
8
5
3
4
4
7
8
9
5
7
4
4
5
3
4
3
2
3
4
5
5
3
3
0
0
1
-5
-4
-5
-7
-4
-6
-3
-5
-5
-8
-10
-9
-16
-19
-9
0
1
-1
-2
-1
2
-1
-2
-2
0
4
-2
-6
-3
-2
-3
0
1
-2
-2
0
0
-3
-3
-6
-6
-6
-6
-4
-2
-5
-6
-2
-4
-2
-6
-5
-5
-7
-5
-2
1
-3
-1
-2
-4
-2
-4
1
5
-4
-6
0
-9
-6
-3
-5
-5
-8
-4
-4
-4
-5
-4
-2
-6
-5
-2
-2
0
0
-2
-3
-5
-2
-3
-5
-5
-6
-2
-3
0
-3
-3
-6
-3
-3
-7
-2
-4
-4
1
-5
-8
-7
-9
-4
-3
-1
-1
-4
-3
-3
3
-1
-7
-6
-6
-2
-9
-9
-10
-11
-6
-9
-9
-14
-11
-11
-17
-14
-16
-16
-15
-16
-17
-20
-19
-19
-18
-19
-21
-17
-19
-20
-19
-20
-19
-20
-20
-15
-20
-19
-17
-17
-10
-18
-17
-14
-17
-16
-22
-19
-19
-16
-12
-14
-12
-10
-16
-20
-23
-27
-28
-27
-24
-23
-21
-23
-27
-25
-26
-23
-21
-24
-24
-25
-20
-22
-22
-23
-21
-17
-16
-15
-14
-12
-12
-12
-14
-19
-14
-14
-13
-13
-12
-12
-11
-13
-15
-12
-12
-12
-13
-14
-13
-13
-19
-15
-14
-12
-11
-12
-7
-7
-8
-10
-6
-5
-8
-6
-5
-6
-6
-6
-6
-8
-7
-5
-6
-6
-4
-4
-6
-5
1
-3
2
1
2
1
-3
-4
-3
-4
-2
-1
-3
-2
-7
-2
-6
-2
5
1
0
-6
-1
-3
-6
-9
-9
-8
-9
-10
-9
-4
-2
-6
-7
-3
-6
-6
-6
-5
-9
-7
-12
-10
-9
-8
-12
-12
-10
-13
-7
-8
-5
-6
-9
-8
-6
-6
-6
-6
-6
-6
-5
-6
-3
-7
-8
-9
-11
-8
-13
-10
-16
-14
-13
-13
-12
-14
-13
-13
-20
-20
-21
-22
-15
-12
-8
-8
-7
-6
-5
-6
-11
-10
-6
-4
-6
-9
-12
-11
-9
-8
-7
-9
-8
-10
-10
-11
-17
-17
-17
-16
-20
-18
-16
-15
-17
-14
-18
-15
-15
-22
-18
-21
-20
-20
-19
-21
-24
-26
-21
-21
-19
-17
-20
-24
-22
-19
-25
-25
-24
-22
-24
-28
-28
-25
-25
-23
-24
-23
-23
-26
-26
-24
-22
-23
-25
-25
-27
-26
-26
-28
-28
-28
-27
-29
-26
-25
-26
-26
-26
-23
-28
-24
-22
-26
-29
-33
-34
-35
-32
-29
-28
-28
-28
-28
-28
-30
-25
-26
-29
-30
-35
