1
3
4
2
3
0
-1
2
0
1
1
1
-1
0
-1
-5
-4
0
-2
0
1
-1
-2
-1
0
1
1
1
-1
0
1
0
4
4
3
3
1
3
2
1
3
2
1
0
0
1
0
-1
-1
-4
-1
-3
-6
-5
-8
-7
-6
-7
-9
-14
-16
-14
-16
-13
-16
-15
-10
-10
-10
-10
-7
-6
-5
-5
-2
-7
-2
-7
-7
-4
-9
-5
-7
-7
-4
-8
-8
-6
-7
-7
-7
-7
-10
-7
-9
-11
-10
-10
-10
-10
-9
-10
-9
-12
-11
-9
-9
-9
-10
-7
-13
-14
-16
-16
-10
-13
-14
-13
-11
-9
-14
-16
-17
-18
-20
-21
-15
-19
-20
-16
-15
-17
-17
-16
-15
-16
-14
-14
-18
-19
-17
-16
-16
-16
-12
-13
-14
-13
-12
-12
-10
-10
-10
-10
-12
-9
-9
-8
-9
-13
-13
-12
-10
-11
-9
-8
-12
-11
-11
-11
-12
-9
-9
-7
-10
-6
-8
-6
-10
-8
-5
-7
-4
-6
-9
-6
-6
-7
-6
-7
-5
-7
-10
-7
-4
-4
-8
-3
-4
-3
1
-4
-1
0
0
0
-3
0
1
4
5
5
6
5
5
8
9
8
9
14
13
11
14
14
11
12
13
10
14
13
15
13
9
10
9
12
11
10
10
12
13
12
14
14
15
13
17
16
15
17
16
16
16
19
18
16
19
22
19
17
19
19
22
18
18
17
15
15
15
16
18
17
17
14
12
13
14
13
15
17
16
18
15
13
17
13
13
14
14
16
13
14
13
10
10
11
14
14
13
9
8
11
5
6
11
9
7
11
11
10
12
13
5
6
7
5
5
6
10
8
7
7
9
8
6
7
4
4
3
0
2
3
4
2
3
3
1
1
5
3
4
2
1
2
-3
0
0
2
2
0
-1
-2
-2
-1
-2
-2
1
0
0
-2
-3
-3
-2
-2
-4
-5
-6
-8
-10
-10
-11
-11
-13
-11
-10
-12
-13
-16
-17
-21
-18
-18
-18
-17
-19
-19
-20
-17
-20
-17
-15
-13
-11
-11
-12
-15
-9
-11
-8
-11
-11
-11
-14
-14
-11
-12
-14
-13
-14
-16
-12
-13
-16
-17
-16
-17
-16
-16
-18
-18
-18
-19
-18
-16
-16
-17
-15
-14
-13
-15
-14
-15
-15
-17
-15
-15
-17
-12
-13
-15
-16
-13
-10
-12
-16
-13
-14
-11
-13
-11
-10
-8
-10
-10
-11
-11
-10
-12
-10
-9
-10
-8
-7
-10
-8
-6
-9
-14
-9
-7
-7
-4
-6
-3
1
1
-2
0
-2
-6
-4
0
1
-2
-3
2
-1
-2
-1
0
0
0
0
2
2
1
4
5
3
5
6
4
7
4
5
5
2
1
0
1
3
3
6
5
5
3
0
1
1
4
5
1
3
2
6
2
2
7
3
5
1
0
3
3
4
5
6
6
10
15
13
12
13
13
11
10
9
5
6
2
2
2
2
1
3
4
4
5
1
2
1
2
3
-1
4
2
3
4
7
6
5
4
3
4
3
5
7
6
7
4
6
7
7
8
4
3
6
2
2
4
4
7
4
4
4
1
3
3
2
0
1
0
2
1
3
2
-1
-3
0
-2
-3
-2
-5
-5
-2
4
2
4
5
2
1
1
2
-2
1
0
-1
1
-4
-2
-1
-2
-3
-1
-2
-4
-5
-3
-5
-1
-3
-1
-2
-4
-1
-5
-2
-5
1
-2
-1
0
-2
-5
-6
-9
-8
-4
-5
-6
-5
-7
-6
-6
-9
-6
-8
-8
-7
-7
-6
-5
-4
-3
-5
-5
-6
-5
-3
-4
-1
-4
-5
-2
-6
-8
-7
-6
-9
-9
-8
-9
-9
-9
-10
-11
-12
-10
-12
-17
-12
-16
-15
-13
-15
-14
-17
-16
-13
-11
-9
-5
-7
-4
-7
-6
-7
-8
-5
-6
-6
-5
-5
-8
-8
-5
-9
-9
-7
-5
-6
-12
-15
-15
-15
-20
-18
-17
-17
-17
-14
-18
-14
-11
-12
-14
-12
-10
-11
-10
-13
-16
-14
-14
-11
-12
-13
-12
-10
-7
-10
-9
-10
-10
-10
-12
-8
-6
-8
-6
-6
-10
-9
-7
-9
-6
-5
-7
-7
-6
-4
-4
-6
-8
-5
-6
-8
-3
-1
-2
0
1
3
2
2
4
3
4
-2
-5
-2
-1
0
-1
-1
-1
2
-1
2
2
1
6
4
8
10
11
8
10
9
6
7
9
7
8
10
8
7
7
12
9
9
6
8
7
3
8
4
4
8
5
7
7
6
7
8
11
7
4
9
11
13
13
11
11
12
13
13
17
13
19
18
16
19
18
18
21
18
15
13
13
15
12
10
7
9
9
10
9
8
8
10
8
11
11
11
14
11
13
12
10
13
14
10
13
11
11
12
15
14
14
16
13
13
11
14
15
13
15
12
12
12
14
12
11
8
11
9
9
10
12
10
9
12
8
10
11
12
10
8
9
7
9
7
6
10
10
8
6
10
8
7
7
5
7
6
5
5
3
3
2
3
3
3
2
1
-2
-1
2
4
0
3
4
2
-2
-2
-3
-5
-4
-5
-1
-5
-3
-5
-5
-6
-12
-10
-9
-6
-6
-7
-5
-7
-5
-5
-8
-6
-4
-6
-5
-4
-4
-4
-3
-2
-5
-4
-5
-8
-6
-6
-5
-5
-7
-8
-6
-7
-6
-7
-11
-13
-15
-14
-15
-19
-16
-16
-14
-15
-19
-15
-17
-12
-19
-18
-18
-13
-15
-18
-12
-15
-9
-14
-13
-13
-13
-11
-13
-10
-13
-12
-14
-14
-10
-12
-14
-18
-17
-18
-15
-15
-13
-14
-18
-18
-19
-19
-18
-17
-18
-20
-18
-17
-17
-17
-19
-18
-15
-15
-15
-15
-16
-16
-13
-14
-15
-14
-13
-16
-14
-16
-18
-19
-20
-20
-18
-19
-17
-17
-18
-13
-15
-15
-12
-14
-14
-16
-14
-14
-14
-13
-12
-11
-11
-10
-12
-8
-8
-9
-8
-5
-6
-6
-7
-6
-4
-4
-4
-4
-4
-4
-4
-4
0
-1
0
0
-3
1
1
1
1
-1
1
1
-1
-1
1
3
-2
-1
0
0
-3
-2
0
-1
-3
0
1
-3
-2
-1
-1
0
2
1
2
3
2
2
2
0
2
3
1
3
1
3
4
4
3
3
2
4
5
8
3
3
10
8
7
7
8
8
8
8
6
9
7
6
9
6
6
8
9
7
6
9
8
9
13
14
13
16
18
16
13
18
18
15
14
17
17
18
21
23
21
22
18
16
18
17
17
18
15
16
17
14
16
16
15
10
11
9
11
14
9
10
12
12
8
11
12
12
11
12
12
10
9
11
10
10
10
12
10
9
10
8
7
8
9
8
8
11
11
12
11
9
10
11
10
9
11
7
11
4
6
9
6
8
9
8
8
8
8
8
8
10
10
9
7
4
8
6
5
12
12
13
11
14
13
10
12
10
10
13
13
13
15
12
14
16
12
13
11
9
9
12
12
10
11
13
15
14
12
11
11
11
10
10
11
10
8
8
8
9
9
3
5
3
2
5
6
6
7
11
11
10
8
12
12
12
12
11
10
10
12
10
9
11
10
10
11
9
10
8
6
6
9
10
11
9
10
12
10
7
8
9
5
6
8
6
4
5
5
7
6
5
4
3
6
10
10
10
8
7
12
11
11
9
10
9
7
7
8
7
9
9
8
14
12
13
11
11
13
10
11
8
9
9
12
10
14
11
10
8
9
10
7
13
10
8
9
6
9
11
10
12
15
15
14
16
18
17
17
16
16
20
19
17
17
16
18
23
21
19
23
20
20
22
22
20
23
22
23
23
19
22
19
19
21
22
18
18
21
22
25
24
22
20
21
20
21
18
20
23
24
25
25
22
21
23
25
24
26
29
27
28
32
32
31
32
30
29
30
28
27
23
22
23
21
20
20
20
17
16
17
15
19
18
17
15
17
20
16
17
17
18
19
16
18
16
17
19
19
19
21
17
21
18
16
20
18
16
15
15
13
14
15
13
11
11
7
7
6
7
11
12
9
10
9
8
7
9
12
11
11
14
11
11
12
6
8
3
6
8
7
10
10
11
12
8
9
9
8
7
7
6
7
7
5
5
4
6
5
2
2
5
5
4
7
6
6
2
4
6
3
6
6
2
4
4
4
3
3
5
4
7
4
4
2
3
2
1
4
4
3
2
4
6
6
6
4
5
7
2
7
9
6
7
6
6
6
3
9
5
5
5
4
2
2
6
1
2
0
0
0
-8
-6
-3
-5
-3
-4
-3
-5
-3
-4
-1
-2
-3
2
5
3
3
5
6
5
7
7
5
2
5
5
2
0
-2
-3
-3
-3
-4
-5
-4
-4
-2
-2
-3
-1
-3
-1
0
-2
0
-2
-4
-3
-2
-2
0
-3
-2
-1
2
0
-1
-1
1
4
2
3
1
5
4
3
1
0
3
3
2
5
6
5
4
3
4
5
3
3
4
3
5
6
5
7
3
4
7
6
4
4
7
11
9
11
11
13
15
11
11
9
11
11
10
10
11
11
10
14
15
12
12
13
10
14
16
14
15
16
14
14
13
12
15
14
14
15
13
9
12
11
10
12
9
12
11
10
12
12
9
12
11
10
12
13
13
12
12
14
13
12
13
15
14
13
18
18
17
18
24
22
21
21
18
18
19
18
15
16
19
18
15
15
14
11
11
12
12
11
9
9
10
12
11
9
11
17
13
14
15
15
14
14
17
16
16
17
20
19
17
19
23
20
17
17
19
17
13
17
16
13
17
13
12
12
11
16
17
18
18
17
17
15
18
17
16
17
18
15
12
12
12
9
7
8
9
10
8
8
11
10
8
8
9
6
9
9
6
7
9
7
8
4
7
5
5
5
4
7
6
4
7
7
4
7
5
4
3
5
5
3
4
2
3
2
4
5
2
-1
1
2
3
8
5
4
7
7
7
12
7
5
11
11
8
10
13
14
12
12
12
11
12
11
10
12
12
10
9
12
9
8
6
5
4
4
5
4
5
5
3
5
5
5
6
5
7
6
6
7
5
6
8
8
7
6
3
8
8
11
10
8
10
7
9
7
8
9
6
7
6
4
7
6
7
4
4
4
3
7
5
7
5
6
7
8
7
8
11
10
8
9
6
6
8
4
6
6
6
8
10
9
9
10
9
6
7
6
8
9
7
10
9
7
5
6
4
4
3
5
5
7
7
7
8
7
7
7
9
10
10
10
10
10
5
5
7
10
14
12
11
11
11
9
12
14
13
15
17
14
15
16
18
15
16
15
16
16
13
18
16
15
16
17
15
18
16
16
16
18
18
15
15
15
14
13
12
18
13
13
14
13
13
13
16
17
17
17
18
18
16
14
17
16
19
19
22
20
18
21
23
26
23
21
24
25
21
21
19
19
18
19
19
16
14
14
17
14
17
17
16
15
15
18
15
16
16
14
18
17
17
17
18
17
17
19
21
22
22
23
21
23
22
19
18
19
19
20
16
17
16
14
13
12
12
8
14
15
10
15
14
11
11
10
9
12
14
11
12
13
11
9
12
9
5
9
6
9
9
9
9
8
8
8
9
9
9
10
7
8
6
7
7
8
9
8
8
9
8
9
10
9
9
11
8
8
7
10
9
7
9
9
4
4
6
8
7
5
8
8
11
7
6
5
5
7
4
4
4
5
4
4
7
5
5
6
6
6
5
6
7
7
5
7
6
4
2
1
2
3
3
4
0
0
3
1
2
1
-2
-3
-6
-2
0
-4
0
-2
1
3
2
-1
1
2
6
1
5
6
4
7
4
7
7
7
6
6
6
7
4
3
3
0
3
5
5
6
4
3
1
-1
2
2
1
1
-1
3
5
6
3
2
4
4
7
3
2
3
3
4
4
2
6
7
4
0
2
-1
-2
-3
-2
-3
-3
0
-2
0
-3
0
2
2
-2
-2
0
-2
0
1
2
-1
-1
-3
-1
-1
0
-1
0
1
1
2
3
4
6
5
5
3
1
1
3
3
3
4
1
4
5
3
2
1
3
3
5
6
5
4
6
8
5
2
3
5
4
4
3
6
9
10
5
6
5
6
6
3
3
3
12
21
27
31
31
27
29
29
17
9
4
-5
-14
-17
-21
-20
-14
-14
-11
-3
4
12
26
30
30
29
25
20
15
16
7
3
0
-2
-4
-4
-2
1
8
5
1
3
2
2
-1
-6
-9
-13
-14
-12
-7
0
3
9
13
17
23
25
27
28
27
21
20
16
9
10
6
1
1
1
2
9
9
12
12
11
15
7
9
7
3
2
1
3
2
5
9
14
15
23
24
26
30
26
23
20
14
17
13
10
12
10
10
13
11
11
16
16
18
18
19
19
19
18
17
15
13
12
13
14
16
18
19
20
23
24
20
21
17
12
13
9
6
6
3
1
0
1
2
5
10
13
14
15
13
9
11
6
6
6
4
4
5
6
7
9
6
9
9
8
8
7
6
4
2
4
3
1
2
1
4
4
6
6
6
7
7
9
6
4
5
-1
-4
-3
-6
-7
-3
-4
-1
1
3
3
0
1
2
7
7
1
3
4
0
0
1
6
6
5
7
9
7
7
7
6
5
4
3
1
2
-1
-2
-5
-4
-1
-3
0
-1
1
3
3
0
-2
1
-2
-1
-4
-3
-5
-2
0
-1
-1
4
10
11
7
8
7
5
3
4
3
2
3
5
3
2
2
3
3
2
0
2
3
1
4
4
3
2
3
6
5
4
5
6
7
7
9
8
9
12
11
11
8
7
5
3
3
5
4
5
8
8
13
8
11
10
8
12
13
13
11
11
13
12
10
13
13
12
14
14
14
12
13
11
13
11
8
8
7
9
7
9
11
9
11
12
9
12
13
13
12
12
13
15
14
12
13
12
15
14
16
18
19
22
21
23
22
21
19
18
16
14
16
14
15
16
14
16
15
16
17
15
17
18
20
20
22
21
17
17
21
23
20
20
20
20
22
24
23
24
25
26
26
24
23
21
24
22
17
22
19
19
19
18
19
19
20
18
17
21
18
19
20
17
20
18
18
18
19
23
20
22
22
20
16
17
15
11
15
17
19
19
17
19
17
16
17
16
16
14
15
15
15
14
14
11
11
11
8
9
6
7
11
9
7
7
9
8
4
6
3
3
7
3
6
9
4
4
8
6
3
6
8
6
5
2
3
3
3
3
2
0
2
5
2
5
4
5
4
3
6
4
4
5
5
7
7
4
3
3
4
4
2
2
1
0
-1
0
2
-4
-3
0
-8
-8
-2
-5
-3
-3
-3
-4
-2
0
-1
-1
0
4
6
6
6
4
4
5
7
5
3
6
4
5
2
1
0
-2
-1
2
0
-2
-4
-5
-7
-4
-5
-5
-3
-6
-3
-5
-3
-5
-6
-4
1
-1
-1
-4
-3
-4
-3
-3
-3
-3
-6
-6
-5
-6
-9
-8
-8
-7
-8
-9
-9
-10
-9
-6
-8
-6
-6
-5
-6
-9
-9
-10
-10
-12
-9
-9
-7
-9
-7
-6
-7
-4
-6
-8
-7
-7
-6
-4
-1
-4
-2
-1
-6
-5
-4
-7
-5
-5
-2
-3
-2
-2
0
0
1
0
0
2
3
4
6
8
4
5
3
4
3
7
3
5
5
3
5
3
2
3
4
3
4
2
4
5
3
4
6
3
5
8
9
6
7
7
7
11
10
12
12
12
12
12
12
13
17
17
16
17
18
16
14
16
12
10
12
12
13
9
11
7
8
9
7
7
5
7
9
10
10
11
8
9
13
12
14
15
15
14
15
14
14
16
16
14
14
16
15
13
11
12
11
13
10
11
10
11
12
12
10
8
7
6
9
8
8
10
9
7
6
10
8
9
9
9
10
7
7
7
7
8
7
8
7
7
8
7
7
3
5
4
4
3
3
3
4
3
3
3
4
4
-2
0
0
2
4
5
3
1
2
-1
-1
-1
-2
-3
0
-2
-2
-2
-3
-3
-5
-5
-3
-2
-3
-3
-5
-4
-2
-6
-3
-5
-2
-3
-6
-2
-2
-3
-4
0
-2
-5
-3
-3
-3
-4
-7
-9
-4
-5
-5
-4
-6
-7
-11
-10
-10
-11
-13
-12
-15
-16
-12
-14
-17
-18
-15
-17
-15
-16
-16
-13
-15
-13
-13
-12
-11
-9
-7
-6
-8
-9
-8
-7
-8
-11
-9
-12
-10
-10
-10
-11
-12
-13
-13
-16
-17
-13
-15
-14
-17
-14
-15
-15
-14
-15
-16
-19
-15
-14
-15
-12
-12
-13
-12
-9
-15
-14
-11
-12
-13
-14
-13
-14
-12
-15
-18
-13
-10
-13
-15
-14
-15
-12
-12
-12
-12
-14
-10
-11
-12
-10
-13
-10
-13
-13
-11
-11
-9
-8
-7
-7
-7
-7
-5
-7
-7
-1
-4
-4
-3
0
-3
-7
-4
-1
1
-3
-3
-2
-3
1
0
0
-1
-2
0
-2
2
2
3
3
2
3
0
-2
-1
-1
-1
1
-1
-1
-1
-2
-3
-4
-5
-5
-4
-3
0
-1
-4
-1
-3
-4
-5
-2
-4
-1
-1
-2
-2
-1
-1
-3
1
3
3
-1
4
6
2
2
9
9
7
11
10
10
8
12
8
8
7
9
5
8
5
3
4
3
4
1
3
4
4
1
2
3
6
3
5
3
6
7
6
5
4
6
6
8
7
8
6
11
10
9
12
7
8
7
7
7
8
9
14
10
7
8
9
8
4
10
10
11
11
7
9
12
12
11
11
13
10
9
11
9
7
7
11
11
8
9
9
11
11
9
9
11
10
11
12
10
11
11
11
9
8
5
4
3
3
5
5
6
4
-1
1
-1
-1
-4
-3
-1
0
1
-1
0
-2
-1
-2
-2
-2
-1
-2
-3
-3
-1
-3
-4
-6
-3
-4
-4
-4
-6
-3
-6
-5
-3
-3
-5
-7
-6
-7
-8
-7
-7
-6
-9
-7
-7
-8
-11
-11
-8
-13
-14
-15
-14
-17
-18
-18
-18
-20
-20
-17
-19
-17
-18
-19
-20
-17
-16
-16
-17
-13
-11
-13
-14
-14
-14
-13
-11
-10
-11
-11
-14
-15
-12
-12
-13
-13
-13
-11
-12
-13
-10
-9
-10
-12
-13
-11
-11
-9
-10
-9
-7
-12
-11
-11
-10
-11
-11
-12
-11
-12
-12
-11
-10
-8
-10
-8
-8
-10
-8
-9
-7
-12
-12
-12
-11
-10
-11
-10
-10
-13
-11
-10
-12
-12
-13
-15
-15
-13
-14
-14
-12
-11
-13
-11
-11
-11
-10
-9
-11
-8
-10
-13
-12
-7
-8
-8
-8
-8
-10
-12
-10
-12
-8
-10
-6
-9
-13
-11
-8
-8
-12
-9
-8
-12
-10
-10
-8
-11
-9
-8
-10
-9
-6
-10
-7
-7
-8
-4
-6
-5
-9
-5
-2
-9
-9
-8
-7
-6
-10
-10
-11
-13
-13
-13
-11
-8
-11
-9
-10
-14
-9
-9
-11
-9
-9
-8
-9
-7
-10
-9
-8
-7
-7
-11
-9
-10
-11
-11
-11
-17
-15
-16
-20
-17
-17
-16
-19
-20
-22
-19
-18
-19
-19
-19
-18
-14
-15
-16
-12
-16
-16
-15
-16
-13
-9
-10
-15
-13
-11
-13
-11
-14
-16
-13
-14
-15
-16
-16
-17
-15
-17
-16
-17
-23
-18
-18
-18
-18
-17
-17
-18
-18
-17
-18
-18
-18
-17
-14
-19
-20
-18
-20
-17
-17
-19
-18
-17
-18
-18
-17
-18
-17
-18
-17
-17
-18
-19
-18
-18
-19
-21
-21
-21
-24
-21
-25
-22
-19
-20
-17
-18
-18
-17
-23
-23
-20
-20
-18
-17
-17
-18
-21
-20
-20
-21
-21
-19
-20
-21
-14
-16
-17
-14
-17
-18
-19
-17
-17
-15
-17
-15
-15
-15
-17
-16
-15
-16
-15
-14
-15
-15
-15
-14
-14
-16
-16
-16
-17
-20
-22
-20
-19
-19
-19
-18
-18
-18
-23
-17
-15
-18
-17
-15
-13
-13
-9
-11
-9
-10
-8
-8
-4
-4
-3
-2
-2
-3
-8
-3
-4
-7
-5
-5
-5
-6
-8
-6
-5
-8
-8
-6
-5
-4
-5
-9
-9
-7
-7
-7
-6
-5
-5
-7
-10
-7
-6
-7
-8
-6
-3
-5
-4
-6
-5
-6
-3
-5
-5
-6
-9
-5
-3
-6
-8
-6
-7
-7
-7
-4
-6
-4
-5
-3
-5
-8
-9
-11
-9
-8
-7
-7
-7
-6
-8
-8
-7
-9
-7
-7
-4
-5
-4
-6
-6
-4
-5
-5
-7
-6
-3
-6
-8
-5
-8
-7
-6
-5
-5
-6
-4
-6
-8
-7
-5
-5
-3
-2
-6
-2
-3
-7
-6
-8
-7
-5
-8
-6
-7
-8
-8
-9
-10
-12
-9
-9
-8
-9
-9
-8
-10
-9
-11
-10
-11
-12
-11
-10
-11
-9
-5
-8
-8
-8
-5
-6
-8
-6
-5
-4
-2
-4
-5
-8
-7
-6
-7
-4
-8
-8
-12
-12
-12
-12
-14
-16
-14
-15
-15
-17
-13
-11
-12
-12
-12
-12
-14
-13
-12
-12
-12
-11
-13
-9
-7
-7
-9
-10
-6
-9
-7
-5
-9
-10
-8
-10
-9
-7
-9
-7
-8
-10
-12
-16
-10
-13
-11
-8
-10
-10
-9
-10
-9
-7
-10
-10
-7
-5
-4
-7
-5
-8
-10
-7
-6
-6
-6
-6
-6
-4
-3
-6
-2
-4
-5
-4
-5
-6
-6
-6
-7
-7
-7
-7
-9
-6
-10
-6
-1
-1
-3
-2
0
-2
-7
-7
-6
-2
-4
-3
-1
-7
-4
-6
-7
-6
-2
-3
-3
-4
-7
-3
-4
-5
0
-1
-1
-1
-1
-3
0
-2
-3
-5
-3
-3
-4
-5
-3
-3
-4
-4
-6
-3
-3
-3
-5
-3
-5
-4
-6
-6
-8
-10
-10
-13
-9
-15
-19
-15
-15
-11
-10
-10
-13
-12
-10
-11
-9
-8
-4
-2
-4
-4
-4
-4
-4
-2
-2
-4
-4
-1
-5
-5
-4
-6
-9
-6
-4
-6
-8
-6
-6
-7
-7
-7
-6
-9
-8
-5
-7
-4
-5
-5
-5
-6
-7
-7
-5
-7
-6
-7
-8
-3
-7
-5
-4
-4
-5
-8
-5
-8
-4
-6
-4
-9
-6
-6
-7
-2
-5
-6
-4
-8
-7
-8
-9
-11
-8
-8
-7
-7
-5
-4
-7
-7
-6
-5
-6
-7
-6
-5
-10
-5
-4
-4
-4
-8
-8
-6
-7
-8
-7
-7
-7
-7
-8
-8
-5
-8
-7
-4
-3
-3
-4
-6
-4
-6
-5
-5
-4
-5
-5
-6
-7
-8
-11
-8
-5
-5
-8
-6
-6
-7
-5
-5
-6
-3
-5
-4
-5
-6
-5
-5
-5
-6
-5
-2
-5
-2
-1
-3
-3
-3
1
2
5
4
8
5
4
3
3
5
3
3
-1
2
2
-2
-5
-6
-5
-5
-2
-4
-2
-2
-1
0
0
0
-2
0
2
0
0
-3
2
2
2
2
2
1
0
4
5
6
3
0
3
0
1
4
4
2
2
0
0
1
4
5
5
4
1
5
4
3
4
3
3
1
6
9
7
8
10
9
7
8
9
6
6
9
12
10
9
10
13
15
12
12
13
14
15
14
15
13
14
14
12
15
13
14
14
13
16
13
16
15
15
16
15
13
14
14
12
11
13
12
12
14
16
14
9
14
13
15
14
18
15
21
31
39
49
54
64
76
88
98
114
133
149
178
211
236
258
277
295
313
324
329
325
313
290
265
236
203
164
126
84
50
23
-4
-19
-33
-44
-50
-45
-40
-28
-16
-4
7
21
52
97
138
180
256
345
433
500
549
576
586
578
546
493
412
303
190
80
-28
-120
-210
-278
-328
-345
-338
-305
-261
-220
-179
-134
-95
-62
-41
-48
-71
-106
-149
-192
-237
-278
-320
-350
-363
-362
-339
-310
-270
-232
-191
-149
-108
-77
-67
-72
-90
-120
-159
-206
-268
-332
-392
-444
-481
-510
-526
-528
-512
-482
-425
-347
-251
-140
-19
107
239
364
484
595
687
761
811
840
851
839
813
770
714
652
588
519
466
412
370
337
318
307
309
320
335
354
374
395
412
425
428
422
404
377
340
289
231
164
84
8
-73
-151
-233
-312
-380
-458
-529
-600
-672
-754
-837
-926
-1024
-1137
-1256
-1364
-1474
-1571
-1653
-1723
-1776
-1809
-1807
-1762
-1683
-1583
-1460
-1300
-1091
-832
-536
-228
111
463
809
1122
1393
1622
1792
1884
1881
1818
1675
1464
1187
864
519
156
-204
-546
-843
-1100
-1291
-1422
-1482
-1482
-1421
-1314
-1170
-982
-773
-558
-337
-113
107
316
509
702
882
1041
1185
1322
1454
1573
1670
1727
1750
1736
1684
1599
1519
1424
1278
1099
905
709
525
358
196
53
-68
-157
-192
-186
-157
-117
-68
-9
71
155
239
296
334
352
345
334
307
261
184
90
-19
-131
-256
-400
-564
-746
-963
-1180
-1391
-1641
-1891
-2162
-2431
-2665
-2853
-2990
-3059
-3061
-2993
-2826
-2562
-2211
-1784
-1278
-731
-120
516
1142
1715
2221
2639
2954
3149
3208
3149
2956
2636
2218
1732
1189
613
31
-541
-1059
-1500
-1857
-2116
-2277
-2350
-2339
-2249
-2098
-1881
-1629
-1371
-1094
-803
-507
-214
81
372
663
952
1233
1519
1788
2025
2226
2379
2482
2540
2528
2447
2285
2046
1747
1396
1020
639
277
-35
-319
-546
-688
-760
-748
-666
-535
-362
-153
83
321
559
758
912
1034
1103
1136
1146
1124
1063
986
878
758
638
511
375
240
86
-89
-272
-479
-704
-964
-1252
-1584
-1921
-2257
-2606
-2935
-3225
-3466
-3642
-3766
-3807
-3749
-3609
-3374
-3064
-2678
-2219
-1701
-1128
-533
92
741
1370
1936
2440
2871
3228
3458
3553
3526
3378
3099
2701
2204
1633
1000
318
-376
-1034
-1636
-2156
-2595
-2920
-3126
-3197
-3148
-2998
-2746
-2405
-2022
-1613
-1169
-710
-252
176
579
951
1304
1618
1902
2147
2351
2503
2607
2663
2667
2610
2486
2305
2059
1768
1431
1055
654
244
-154
-518
-819
-1010
-1099
-1117
-1048
-893
-664
-373
-42
304
641
952
1219
1441
1631
1761
1814
1810
1756
1666
1559
1422
1259
1072
878
660
460
272
74
-138
-349
-570
-778
-1000
-1237
-1496
-1765
-2049
-2337
-2612
-2864
-3078
-3271
-3431
-3533
-3604
-3615
-3555
-3433
-3244
-3004
-2705
-2358
-1948
-1476
-965
-423
175
801
1409
1990
2517
2982
3367
3621
3736
3721
3575
3272
2834
2274
1634
915
148
-632
-1364
-2020
-2580
-3023
-3326
-3471
-3461
-3319
-3065
-2699
-2251
-1769
-1271
-764
-267
196
607
966
1288
1571
1804
2001
2164
2295
2394
2459
2489
2487
2438
2328
2164
1952
1691
1387
1043
664
266
-120
-495
-811
-1067
-1235
-1253
-1172
-1004
-748
-432
-62
347
744
1122
1447
1707
1885
2010
2074
2069
2021
1918
1769
1615
1459
1297
1119
942
749
562
383
185
-11
-224
-476
-732
-982
-1248
-1513
-1787
-2060
-2346
-2584
-2803
-2993
-3136
-3234
-3308
-3324
-3303
-3254
-3165
-3035
-2914
-2741
-2537
-2311
-2033
-1710
-1348
-937
-440
134
733
1342
1933
2484
2992
3393
3679
3832
3820
3645
3309
2832
2229
1527
734
-115
-941
-1719
-2391
-2940
-3348
-3589
-3654
-3556
-3314
-2936
-2461
-1946
-1404
-867
-350
139
561
915
1206
1438
1621
1777
1904
2008
2092
2160
2213
2262
2289
2277
2220
2099
1924
1696
1428
1107
739
343
-65
-448
-788
-1070
-1277
-1360
-1324
-1157
-890
-534
-112
342
796
1224
1618
1944
2180
2331
2396
2392
2317
2177
1993
1776
1548
1305
1072
844
628
426
229
34
-152
-329
-511
-702
-900
-1102
-1321
-1549
-1782
-2025
-2267
-2515
-2736
-2955
-3138
-3281
-3400
-3463
-3517
-3526
-3470
-3377
-3232
-3054
-2824
-2542
-2208
-1798
-1334
-774
-132
523
1201
1861
2495
3072
3548
3886
4090
4142
4019
3718
3281
2686
1991
1180
303
-571
-1402
-2157
-2802
-3317
-3655
-3821
-3809
-3645
-3344
-2915
-2428
-1893
-1341
-792
-265
208
619
972
1277
1536
1746
1925
2070
2195
2303
2386
2453
2491
2492
2443
2334
2167
1938
1648
1294
899
480
47
-368
-760
-1106
-1366
-1541
-1598
-1528
-1341
-1050
-643
-164
339
845
1337
1772
2145
2427
2624
2747
2777
2714
2571
2368
2116
1838
1541
1224
930
649
385
147
-81
-281
-464
-646
-812
-967
-1122
-1278
-1453
-1633
-1829
-2016
-2224
-2433
-2635
-2821
-2981
-3095
-3207
-3273
-3305
-3311
-3262
-3182
-3062
-2890
-2686
-2432
-2122
-1720
-1272
-723
-112
531
1206
1861
2483
3045
3509
3848
4047
4087
3960
3663
3234
2637
1937
1139
284
-573
-1394
-2134
-2759
-3251
-3575
-3726
-3703
-3532
-3216
-2791
-2303
-1776
-1233
-704
-196
258
642
974
1251
1483
1668
1830
1964
2082
2193
2281
2359
2416
2437
2414
2339
2204
2006
1741
1411
1030
623
199
-220
-618
-978
-1260
-1456
-1554
-1524
-1375
-1125
-737
-274
213
732
1245
1705
2122
2441
2682
2844
2905
2855
2747
2556
2304
2006
1674
1331
994
686
386
123
-114
-321
-505
-662
-812
-931
-1052
-1189
-1336
-1481
-1661
-1843
-2059
-2276
-2488
-2714
-2920
-3100
-3230
-3332
-3400
-3431
-3423
-3368
-3242
-3091
-2888
-2636
-2325
-1949
-1514
-1006
-403
243
901
1563
2192
2784
3300
3696
3953
4073
4036
3828
3471
2962
2331
1585
759
-106
-953
-1734
-2434
-3014
-3453
-3720
-3808
-3734
-3520
-3160
-2716
-2210
-1671
-1126
-587
-85
358
736
1061
1343
1574
1767
1925
2056
2171
2266
2346
2404
2438
2430
2376
2266
2094
1867
1578
1221
814
381
-45
-453
-835
-1167
-1425
-1588
-1648
-1590
-1394
-1108
-742
-272
248
778
1307
1785
2197
2542
2796
2956
3025
2990
2851
2633
2364
2038
1685
1310
935
571
249
-35
-277
-481
-656
-798
-929
-1044
-1126
-1219
-1341
-1473
-1619
-1783
-1965
-2168
-2379
-2594
-2807
-2983
-3131
-3244
-3350
-3411
-3426
-3408
-3337
-3219
-3072
-2888
-2652
-2358
-1974
-1529
-990
-372
273
954
1633
2301
2897
3402
3788
4036
4129
4053
3815
3425
2866
2186
1390
537
-345
-1196
-1984
-2680
-3242
-3639
-3853
-3887
-3768
-3497
-3095
-2614
-2075
-1513
-948
-412
72
493
855
1164
1414
1613
1778
1914
2030
2133
2224
2301
2361
2396
2397
2351
2250
2086
1859
1567
1204
806
384
-47
-462
-844
-1173
-1415
-1527
-1538
-1425
-1212
-872
-437
53
561
1080
1555
1970
2319
2602
2805
2908
2907
2806
2635
2411
2140
1830
1509
1171
847
547
277
29
-191
-396
-594
-773
-911
-1042
-1184
-1345
-1498
-1672
-1843
-2033
-2223
-2440
-2661
-2853
-3026
-3157
-3264
-3368
-3432
-3462
-3465
-3408
-3333
-3230
-3098
-2888
-2666
-2346
-1945
-1447
-844
-175
532
1272
1999
2696
3310
3816
4189
4395
4443
4277
3964
3475
2829
2038
1142
203
-735
-1630
-2444
-3129
-3648
-3989
-4130
-4080
-3868
-3492
-3006
-2461
-1866
-1259
-669
-130
340
743
1084
1365
1580
1753
1895
2014
2116
2207
2297
2385
2452
2488
2476
2426
2311
2133
1880
1552
1160
722
271
-178
-606
-973
-1267
-1465
-1546
-1520
-1370
-1116
-764
-358
111
628
1134
1605
2032
2388
2661
2865
2965
2960
2877
2717
2473
2188
1860
1509
1152
794
427
118
-165
-421
-650
-846
-1001
-1134
-1256
-1378
-1494
-1632
-1773
-1932
-2108
-2317
-2526
-2732
-2941
-3124
-3282
-3421
-3544
-3629
-3664
-3659
-3612
-3541
-3434
-3229
-2985
-2658
-2246
-1737
-1108
-399
354
1118
1895
2633
3303
3847
4265
4520
4620
4501
4199
3739
3117
2353
1448
492
-481
-1407
-2266
-3017
-3599
-3996
-4204
-4218
-4065
-3739
-3282
-2750
-2168
-1572
-967
-398
102
536
902
1221
1473
1671
1845
1992
2122
2238
2350
2451
2539
2599
2615
2576
2485
2324
2093
1780
1391
946
482
13
-437
-836
-1170
-1416
-1552
-1576
-1472
-1246
-938
-553
-127
355
846
1355
1824
2227
2551
2804
2970
3036
3021
2914
2732
2466
2155
1806
1453
1074
699
329
4
-282
-539
-758
-949
-1122
-1271
-1403
-1535
-1670
-1817
-1975
-2163
-2362
-2579
-2771
-2971
-3173
-3354
-3486
-3611
-3698
-3740
-3737
-3701
-3617
-3511
-3316
-3039
-2707
-2265
-1730
-1047
-320
484
1280
2086
2840
3532
4087
4502
4745
4808
4670
4337
3830
3167
2360
1405
404
-603
-1553
-2424
-3188
-3774
-4155
-4350
-4342
-4156
-3789
-3309
-2751
-2147
-1524
-900
-324
181
617
984
1301
1552
1761
1930
2080
2224
2340
2454
2565
2662
2721
2729
2679
2581
2402
2154
1832
1438
992
512
26
-434
-848
-1197
-1451
-1597
-1632
-1536
-1325
-1023
-643
-213
242
726
1205
1677
2105
2454
2735
2940
3057
3088
3033
2892
2678
2396
2064
1694
1319
906
504
107
-254
-565
-844
-1068
-1279
-1439
-1582
-1703
-1821
-1944
-2080
-2229
-2399
-2585
-2756
-2943
-3119
-3286
-3424
-3556
-3659
-3727
-3756
-3738
-3691
-3573
-3386
-3113
-2750
-2270
-1686
-955
-166
675
1513
2333
3113
3795
4332
4703
4899
4911
4694
4305
3723
2994
2126
1130
94
-919
-1849
-2697
-3405
-3941
-4256
-4370
-4286
-4045
-3629
-3100
-2521
-1913
-1300
-694
-141
324
712
1043
1332
1561
1747
1907
2061
2209
2343
2473
2599
2708
2778
2795
2747
2638
2451
2175
1821
1401
935
440
-35
-497
-904
-1223
-1448
-1566
-1558
-1436
-1194
-862
-469
-20
447
936
1450
1913
2303
2638
2886
3045
3109
3077
2958
2761
2477
2129
1764
1376
973
564
161
-198
-521
-783
-1028
-1234
-1405
-1546
-1684
-1824
-1970
-2119
-2289
-2503
-2712
-2908
-3129
-3339
-3520
-3700
-3836
-3935
-4024
-4030
-3983
-3893
-3694
-3426
-3071
-2599
-1993
-1274
-447
438
1314
2195
3005
3754
4366
4814
5068
5134
4998
4636
4110
3407
2566
1569
521
-545
-1539
-2449
-3236
-3852
-4274
-4478
-4481
-4293
-3952
-3465
-2899
-2303
-1682
-1059
-466
46
482
851
1179
1462
1687
1883
2064
2237
2402
2560
2702
2832
2927
2960
2927
2834
2655
2408
2076
1657
1204
727
229
-247
-673
-1034
-1300
-1463
-1513
-1447
-1250
-972
-607
-176
326
852
1379
1870
2279
2625
2878
3026
3067
3001
2844
2600
2282
1917
1530
1142
736
355
0
-300
-547
-779
-989
-1175
-1339
-1504
-1674
-1875
-2105
-2355
-2635
-2948
-3244
-3528
-3807
-4042
-4270
-4443
-4548
-4592
-4584
-4486
-4304
-4011
-3594
-3034
-2375
-1549
-608
367
1372
2344
3269
4107
4792
5280
5582
5683
5565
5198
4652
3886
3001
1948
805
-347
-1443
-2447
-3334
-4052
-4563
-4825
-4868
-4739
-4434
-3958
-3388
-2756
-2117
-1470
-831
-262
227
651
1038
1387
1673
1931
2157
2395
2623
2824
3007
3164
3285
3344
3321
3207
3014
2743
2366
1896
1367
809
249
-308
-827
-1252
-1577
-1776
-1857
-1796
-1597
-1280
-864
-396
150
739
1324
1851
2318
2698
2996
3174
3233
3183
3044
2810
2499
2132
1732
1321
896
477
75
-264
-556
-808
-1045
-1251
-1449
-1627
-1826
-2035
-2284
-2542
-2837
-3166
-3487
-3802
-4078
-4350
-4584
-4769
-4899
-4959
-4928
-4814
-4550
-4204
-3661
-3011
-2180
-1194
-119
989
2069
3103
4051
4879
5497
5918
6093
6062
5747
5244
4507
3602
2535
1325
83
-1128
-2240
-3230
-4058
-4680
-5072
-5202
-5116
-4852
-4408
-3840
-3204
-2538
-1866
-1209
-590
-58
400
799
1175
1498
1792
2059
2314
2572
2814
3044
3253
3420
3525
3546
3480
3311
3036
2666
2192
1628
1019
399
-227
-816
-1333
-1738
-2010
-2144
-2132
-1975
-1673
-1275
-784
-230
355
970
1579
2132
2590
2972
3242
3407
3442
3361
3183
2911
2550
2122
1680
1221
761
303
-120
-502
-818
-1084
-1313
-1516
-1699
-1866
-2040
-2227
-2447
-2683
-2971
-3287
-3617
-3924
-4204
-4451
-4685
-4897
-5019
-5073
-5024
-4839
-4550
-4100
-3470
-2697
-1744
-653
515
1658
2757
3766
4684
5429
5957
6222
6274
6063
5616
4945
4067
3033
1850
592
-690
-1868
-2914
-3804
-4524
-5012
-5238
-5205
-4991
-4606
-4074
-3450
-2793
-2129
-1477
-848
-286
186
576
946
1287
1590
1872
2129
2399
2672
2937
3180
3391
3553
3633
3621
3506
3286
2953
2497
1954
1336
680
31
-603
-1187
-1663
-2008
-2193
-2225
-2092
-1825
-1421
-917
-354
287
942
1574
2143
2622
2999
3284
3448
3490
3398
3217
2936
2594
2197
1767
1339
891
456
51
-300
-610
-877
-1125
-1345
-1558
-1756
-1986
-2218
-2489
-2787
-3108
-3459
-3794
-4123
-4434
-4683
-4926
-5116
-5230
-5269
-5193
-4988
-4623
-4125
-3429
-2575
-1539
-370
823
2003
3147
4191
5095
5802
6287
6521
6517
6236
5713
4967
4034
2912
1657
326
-970
-2155
-3235
-4137
-4822
-5239
-5421
-5359
-5097
-4652
-4062
-3420
-2750
-2058
-1373
-742
-204
258
668
1043
1378
1674
1954
2235
2513
2788
3051
3299
3521
3671
3733
3692
3557
3312
2939
2455
1866
1219
537
-164
-822
-1401
-1881
-2209
-2392
-2401
-2239
-1924
-1476
-945
-325
314
998
1660
2245
2733
3128
3407
3556
3582
3481
3278
2979
2600
2160
1727
1259
809
361
-48
-405
-702
-965
-1213
-1415
-1628
-1837
-2064
-2321
-2605
-2906
-3268
-3627
-3987
-4327
-4644
-4922
-5150
-5337
-5425
-5428
-5305
-5010
-4579
-3984
-3212
-2260
-1145
58
1285
2466
3587
4596
5426
6051
6448
6589
6483
6096
5484
4660
3652
2471
1174
-148
-1417
-2568
-3578
-4421
-5012
-5349
-5441
-5316
-5001
-4498
-3894
-3242
-2578
-1896
-1221
-623
-114
331
730
1106
1433
1729
2023
2312
2603
2878
3149
3402
3610
3738
3761
3698
3539
3257
2849
2328
1715
1050
352
-332
-964
-1509
-1945
-2236
-2370
-2331
-2131
-1774
-1317
-769
-153
526
1225
1867
2435
2892
3257
3502
3621
3613
3484
3247
2916
2507
2069
1601
1135
653
198
-206
-546
-832
-1105
-1344
-1560
-1768
-1989
-2227
-2505
-2813
-3167
-3550
-3953
-4337
-4692
-5032
-5345
-5604
-5789
-5862
-5783
-5566
-5158
-4572
-3790
-2794
-1608
-289
1044
2366
3589
4715
5678
6407
6886
7092
7024
6658
6054
5199
4155
2911
1539
99
-1276
-2522
-3631
-4547
-5235
-5624
-5749
-5639
-5322
-4809
-4170
-3500
-2801
-2097
-1395
-760
-231
222
630
1020
1369
1689
2005
2327
2656
2981
3299
3607
3871
4050
4119
4081
3933
3661
3233
2673
2013
1284
507
-264
-979
-1608
-2111
-2466
-2640
-2615
-2401
-2033
-1528
-939
-247
489
1230
1909
2510
3008
3391
3645
3759
3741
3607
3357
3005
2604
2152
1691
1207
731
278
-125
-458
-768
-1041
-1295
-1535
-1777
-2024
-2304
-2612
-2954
-3343
-3754
-4179
-4579
-4949
-5306
-5656
-5912
-6103
-6166
-6077
-5820
-5361
-4687
-3825
-2713
-1397
18
1427
2797
4088
5249
6218
6908
7337
7493
7344
6897
6178
5230
4075
2725
1225
-298
-1704
-2983
-4111
-5034
-5667
-5990
-6034
-5867
-5469
-4876
-4180
-3473
-2752
-2003
-1285
-657
-152
288
713
1099
1443
1767
2105
2462
2822
3178
3518
3857
4138
4304
4352
4290
4109
3776
3276
2631
1887
1073
230
-601
-1369
-2029
-2544
-2870
-2999
-2908
-2614
-2147
-1558
-874
-130
653
1442
2145
2747
3237
3613
3844
3934
3879
3720
3435
3058
2601
2123
1639
1141
650
166
-248
-606
-910
-1204
-1453
-1691
-1931
-2194
-2483
-2796
-3142
-3560
-4003
-4427
-4840
-5215
-5582
-5943
-6202
-6351
-6364
-6193
-5827
-5251
-4475
-3427
-2166
-714
760
2213
3590
4864
5961
6809
7388
7672
7665
7329
6713
5837
4765
3446
1949
384
-1120
-2485
-3718
-4770
-5540
-5993
-6159
-6088
-5765
-5229
-4554
-3844
-3137
-2395
-1645
-973
-433
24
454
862
1229
1565
1911
2295
2674
3050
3430
3809
4153
4393
4499
4494
4379
4109
3655
3026
2267
1440
549
-356
-1206
-1963
-2581
-3008
-3234
-3221
-2981
-2544
-1968
-1271
-488
339
1196
1976
2655
3213
3660
3944
4083
4068
3921
3669
3293
2837
2342
1846
1326
815
318
-124
-491
-810
-1100
-1349
-1569
-1791
-2018
-2283
-2566
-2889
-3266
-3683
-4129
-4556
-4961
-5349
-5716
-6027
-6239
-6349
-6272
-6010
-5561
-4881
-4006
-2856
-1523
-60
1393
2816
4149
5335
6314
7032
7486
7647
7497
7028
6305
5353
4185
2799
1292
-232
-1658
-2955
-4107
-5016
-5628
-5953
-6017
-5853
-5441
-4845
-4167
-3483
-2781
-2043
-1340
-738
-242
198
630
1029
1382
1741
2125
2525
2913
3300
3689
4063
4366
4539
4587
4520
4321
3959
3414
2736
1958
1105
230
-638
-1430
-2093
-2608
-2923
-3025
-2907
-2579
-2091
-1479
-787
-20
745
1487
2174
2751
3226
3584
3802
3875
3832
3682
3414
3058
2642
2185
1718
1226
735
268
-160
-537
-898
-1228
-1523
-1791
-2079
-2388
-2710
-3070
-3457
-3904
-4344
-4788
-5192
-5572
-5910
-6209
-6400
-6490
-6410
-6124
-5627
-4911
-3975
-2785
-1406
111
1601
3062
4418
5634
6604
7314
7735
7884
7702
7198
6409
5401
4180
2733
1164
-414
-1875
-3197
-4356
-5283
-5881
-6165
-6199
-6010
-5573
-4943
-4220
-3501
-2789
-2042
-1318
-710
-207
240
686
1101
1476
1841
2247
2688
3111
3517
3914
4296
4604
4772
4796
4696
4456
4048
3455
2714
1883
1009
97
-804
-1614
-2278
-2757
-3036
-3105
-2942
-2538
-1972
-1318
-574
233
1047
1804
2446
2971
3393
3676
3794
3768
3633
3405
3072
2662
2207
1758
1311
843
379
-26
-381
-707
-1039
-1355
-1655
-1950
-2289
-2672
-3079
-3522
-3996
-4490
-4994
-5464
-5888
-6296
-6616
-6867
-6977
-6873
-6542
-5981
-5189
-4122
-2781
-1240
368
1954
3501
4950
6187
7152
7810
8198
8289
8007
7386
6481
5382
4035
2461
776
-841
-2311
-3656
-4835
-5715
-6217
-6412
-6382
-6135
-5614
-4904
-4163
-3466
-2746
-1979
-1279
-715
-257
192
667
1096
1481
1886
2370
2889
3373
3824
4275
4708
5027
5162
5143
4997
4694
4169
3441
2587
1668
704
-295
-1265
-2094
-2722
-3148
-3368
-3329
-2999
-2467
-1798
-1055
-229
628
1445
2159
2745
3224
3581
3769
3790
3686
3495
3217
2832
2389
1940
1511
1085
638
217
-154
-486
-822
-1177
-1510
-1851
-2208
-2629
-3081
-3562
-4046
-4574
-5128
-5651
-6108
-6525
-6857
-7138
-7285
-7162
-6819
-6207
-5362
-4215
-2804
-1171
485
2146
3758
5264
6520
7478
8134
8508
8586
8259
7589
6630
5467
4043
2404
666
-1003
-2516
-3899
-5103
-5966
-6444
-6616
-6573
-6296
-5749
-5014
-4255
-3536
-2806
-2035
-1341
-772
-294
179
682
1145
1570
2020
2559
3128
3656
4143
4612
5044
5355
5461
5399
5190
4805
4206
3395
2449
1454
413
-661
-1671
-2518
-3141
-3540
-3705
-3612
-3212
-2587
-1846
-1017
-114
838
1733
2487
3076
3544
3880
4019
3988
3814
3552
3197
2744
2232
1740
1286
828
357
-56
-409
-716
-1032
-1383
-1736
-2075
-2453
-2905
-3388
-3900
-4432
-4987
-5524
-6020
-6427
-6776
-7075
-7295
-7310
-7007
-6419
-5589
-4520
-3161
-1550
163
1862
3495
5035
6383
7402
8098
8506
8653
8432
7806
6841
5677
4311
2719
955
-769
-2324
-3709
-4939
-5900
-6441
-6627
-6593
-6385
-5914
-5191
-4399
-3668
-2980
-2259
-1532
-923
-439
16
528
1032
1488
1957
2507
3129
3720
4235
4708
5162
5518
5665
5598
5367
4973
4368
3526
2538
1495
418
-679
-1738
-2630
-3265
-3648
-3802
-3686
-3285
-2656
-1872
-1031
-148
764
1634
2370
2954
3413
3726
3892
3882
3718
3476
3158
2758
2279
1795
1327
902
462
26
-363
-713
-1052
-1435
-1837
-2242
-2651
-3129
-3703
-4285
-4849
-5404
-5973
-6547
-7041
-7426
-7719
-7832
-7615
-7086
-6248
-5135
-3705
-1982
-126
1716
3473
5135
6596
7719
8503
8950
9106
8867
8232
7251
6040
4598
2894
1044
-750
-2366
-3823
-5105
-6080
-6614
-6804
-6779
-6531
-6011
-5270
-4516
-3814
-3125
-2387
-1694
-1164
-716
-257
263
754
1221
1745
2384
3076
3722
4327
4929
5482
5880
6061
6037
5854
5457
4794
3902
2869
1760
577
-643
-1795
-2750
-3455
-3927
-4117
-3989
-3587
-2942
-2153
-1286
-341
604
1484
2235
2846
3325
3659
3828
3812
3674
3440
3128
2733
2278
1816
1382
960
532
111
-268
-630
-1014
-1434
-1886
-2327
-2828
-3387
-4033
-4661
-5275
-5922
-6545
-7107
-7580
-7934
-8092
-7945
-7422
-6593
-5463
-4040
-2287
-404
1495
3320
5023
6546
7717
8528
9010
9208
9025
8412
7453
6259
4848
3196
1359
-440
-2044
-3496
-4794
-5806
-6380
-6592
-6607
-6440
-6015
-5327
-4607
-3969
-3354
-2683
-2015
-1487
-1060
-614
-79
468
974
1527
2218
2986
3717
4370
5000
5606
6064
6280
6271
6093
5718
5080
4194
3146
2035
848
-397
-1577
-2568
-3262
-3721
-3974
-3939
-3605
-3015
-2281
-1475
-612
282
1116
1804
2384
2885
3259
3454
3464
3366
3221
3012
2693
2299
1899
1530
1145
742
328
-86
-509
-989
-1514
-2052
-2572
-3137
-3795
-4487
-5150
-5778
-6368
-6952
-7495
-7927
-8164
-8083
-7652
-6902
-5813
-4425
-2775
-951
941
2829
4589
6147
7355
8244
8841
9128
9030
8521
7664
6554
5214
3626
1879
144
-1475
-2978
-4307
-5347
-5981
-6286
-6410
-6331
-5982
-5386
-4729
-4137
-3553
-2942
-2325
-1815
-1386
-926
-407
114
623
1191
1892
2677
3428
4116
4779
5420
5934
6235
6303
6195
5888
5320
4517
3563
2517
1383
189
-965
-1948
-2696
-3249
-3604
-3693
-3507
-3063
-2469
-1759
-976
-133
665
1360
1948
2439
2806
3021
3070
3000
2871
2664
2373
2010
1634
1281
936
556
154
-221
-595
-1045
-1549
-2075
-2620
-3215
-3861
-4563
-5224
-5865
-6467
-7073
-7597
-7953
-8020
-7690
-7043
-6056
-4759
-3218
-1430
427
2278
4031
5604
6897
7808
8448
8763
8786
8383
7592
6510
5252
3793
2170
475
-1109
-2518
-3759
-4767
-5465
-5754
-5830
-5752
-5488
-5016
-4377
-3788
-3287
-2824
-2326
-1856
-1494
-1151
-776
-322
162
665
1274
2026
2829
3585
4274
4948
5565
6013
6221
6192
5992
5576
4926
4082
3099
2057
935
-199
-1246
-2109
-2735
-3178
-3412
-3402
-3121
-2625
-2024
-1335
-571
207
933
1557
2072
2478
2759
2879
2842
2713
2537
2263
1912
1506
1116
752
373
-23
-408
-779
-1181
-1589
-2069
-2560
-3097
-3686
-4320
-4979
-5655
-6320
-6968
-7532
-7834
-7808
-7448
-6750
-5700
-4372
-2717
-925
943
2777
4494
5966
7122
7987
8526
8745
8574
8016
7143
6018
4648
3101
1459
-162
-1676
-3037
-4159
-4976
-5439
-5657
-5648
-5408
-4979
-4410
-3830
-3275
-2766
-2284
-1879
-1548
-1243
-948
-644
-307
96
608
1241
1936
2673
3426
4179
4883
5470
5893
6119
6145
5939
5527
4951
4179
3226
2164
1046
-45
-1039
-1904
-2602
-3073
-3327
-3340
-3090
-2644
-2067
-1391
-656
92
828
1474
1988
2382
2638
2736
2714
2589
2354
2022
1634
1218
795
367
-74
-496
-909
-1344
-1766
-2183
-2647
-3129
-3649
-4211
-4787
-5385
-6042
-6673
-7111
-7308
-7250
-6903
-6210
-5187
-3836
-2310
-632
1152
2904
4481
5813
6899
7726
8251
8380
8120
7570
6754
5647
4280
2759
1215
-288
-1758
-3079
-4100
-4782
-5220
-5454
-5421
-5118
-4616
-4089
-3576
-3024
-2467
-1989
-1636
-1334
-1026
-726
-457
-191
191
706
1285
1900
2562
3291
4039
4703
5237
5642
5896
5954
5799
5454
4912
4195
3334
2332
1278
255
-702
-1562
-2275
-2796
-3071
-3082
-2880
-2513
-1991
-1344
-639
65
714
1305
1814
2170
2365
2446
2433
2292
2032
1674
1269
867
418
-66
-533
-988
-1434
-1871
-2329
-2780
-3231
-3705
-4246
-4781
-5364
-5962
-6431
-6707
-6797
-6656
-6193
-5427
-4333
-3023
-1560
33
1724
3302
4677
5861
6832
7539
7875
7837
7513
6953
6091
4908
3545
2135
720
-721
-2107
-3244
-4056
-4636
-5043
-5191
-5025
-4631
-4182
-3735
-3224
-2632
-2112
-1742
-1443
-1125
-804
-549
-343
-57
377
882
1393
1960
2634
3369
4048
4607
5083
5472
5698
5683
5487
5138
4623
3945
3085
2111
1158
224
-689
-1511
-2160
-2602
-2817
-2819
-2659
-2294
-1767
-1172
-554
70
677
1232
1656
1920
2073
2163
2116
1921
1619
1263
889
453
-43
-515
-961
-1393
-1849
-2319
-2759
-3160
-3585
-4094
-4604
-5127
-5618
-5974
-6140
-6153
-5892
-5374
-4586
-3535
-2300
-924
562
2068
3419
4629
5667
6498
7038
7241
7120
6774
6174
5283
4140
2887
1596
279
-1027
-2226
-3165
-3838
-4360
-4680
-4727
-4503
-4137
-3745
-3328
-2828
-2290
-1858
-1535
-1233
-917
-634
-409
-193
137
576
1037
1509
2063
2711
3373
3959
4442
4856
5187
5324
5280
5098
4754
4230
3527
2692
1846
1013
160
-663
-1360
-1887
-2213
-2346
-2329
-2150
-1818
-1388
-897
-358
154
620
998
1272
1448
1556
1561
1449
1232
930
611
261
-130
-559
-978
-1383
-1794
-2210
-2615
-3008
-3403
-3870
-4347
-4811
-5201
-5397
-5459
-5312
-4935
-4320
-3471
-2422
-1239
45
1361
2640
3756
4729
5527
6096
6413
6402
6139
5652
4959
4044
2955
1807
641
-488
-1544
-2463
-3137
-3612
-3919
-4033
-3952
-3682
-3324
-2943
-2553
-2147
-1736
-1407
-1137
-901
-674
-439
-229
21
350
762
1218
1697
2232
2809
3379
3881
4279
4581
4771
4836
4763
4515
4112
3571
2924
2225
1491
753
50
-583
-1118
-1498
-1711
-1764
-1700
-1553
-1320
-970
-568
-189
142
426
672
838
920
926
858
714
485
207
-82
-380
-711
-1086
-1479
-1841
-2210
-2561
-2918
-3297
-3687
-4079
-4485
-4777
-4820
-4685
-4376
-3905
-3261
-2343
-1247
-115
1037
2165
3257
4141
4870
5376
5739
5826
5594
5092
4473
3720
2797
1718
605
-405
-1304
-2114
-2812
-3241
-3467
-3552
-3513
-3319
-2936
-2514
-2142
-1830
-1482
-1112
-832
-629
-479
-294
-84
125
354
678
1084
1518
1951
2420
2925
3414
3816
4057
4254
4395
4399
4241
3914
3480
2970
2360
1689
999
363
-236
-781
-1211
-1479
-1567
-1558
-1479
-1310
-1011
-660
-315
-20
238
448
600
649
614
523
346
106
-225
-549
-870
-1201
-1564
-1945
-2276
-2572
-2841
-3123
-3425
-3675
-3961
-4175
-4173
-3988
-3632
-3177
-2615
-1826
-855
154
1152
2112
3050
3805
4429
4845
5148
5232
5008
4537
3936
3275
2448
1479
465
-458
-1262
-1989
-2622
-3009
-3208
-3276
-3252
-3089
-2720
-2291
-1911
-1613
-1269
-870
-556
-318
-146
64
292
496
703
982
1339
1691
2019
2367
2762
3152
3444
3597
3724
3836
3812
3618
3292
2894
2468
1978
1402
828
335
-126
-550
-878
-1066
-1110
-1090
-1046
-926
-669
-381
-139
55
216
361
456
452
365
256
83
-159
-473
-778
-1080
-1398
-1759
-2132
-2460
-2747
-3027
-3347
-3649
-3940
-4184
-4229
-4095
-3793
-3311
-2746
-1977
-1027
3
1040
2036
2985
3776
4406
4868
5150
5260
5058
4601
3985
3294
2479
1527
513
-427
-1246
-1958
-2590
-2994
-3179
-3241
-3201
-3046
-2698
-2268
-1877
-1565
-1249
-867
-541
-299
-112
90
344
560
780
1071
1443
1825
2166
2501
2871
3240
3525
3686
3763
3802
3749
3533
3179
2782
2334
1824
1240
676
176
-250
-643
-972
-1160
-1206
-1164
-1093
-957
-741
-467
-230
-49
110
261
345
337
265
149
9
-211
-499
-810
-1110
-1403
-1735
-2074
-2373
-2661
-2935
-3242
-3536
-3782
-4004
-3997
-3848
-3487
-3008
-2400
-1618
-659
329
1320
2253
3149
3871
4408
4765
4962
4992
4702
4179
3497
2783
1953
992
8
-867
-1591
-2221
-2757
-3059
-3135
-3085
-2973
-2757
-2364
-1901
-1503
-1197
-905
-536
-240
-30
115
305
540
749
954
1220
1590
1960
2275
2584
2920
3250
3488
3608
3691
3708
3615
3371
2993
2559
2076
1530
933
353
-156
-598
-952
-1229
-1369
-1377
-1293
-1157
-961
-707
-425
-171
11
133
218
255
187
22
-181
-413
-678
-1001
-1336
-1646
-1919
-2205
-2489
-2738
-2926
-3106
-3304
-3529
-3641
-3499
-3213
-2815
-2350
-1739
-934
-36
841
1690
2524
3291
3837
4216
4437
4579
4483
4088
3474
2818
2141
1326
402
-500
-1235
-1839
-2377
-2802
-2974
-2957
-2865
-2739
-2479
-2040
-1577
-1212
-944
-625
-252
55
262
426
660
914
1145
1350
1626
1975
2286
2522
2744
2996
3232
3384
3427
3417
3347
3173
2866
2453
2008
1534
1024
485
-36
-453
-778
-1031
-1219
-1290
-1232
-1086
-910
-724
-498
-252
-53
47
90
110
66
-86
-338
-595
-860
-1155
-1508
-1849
-2145
-2378
-2608
-2828
-2991
-3112
-3221
-3342
-3311
-3047
-2616
-2128
-1623
-976
-149
720
1534
2226
2915
3484
3884
4071
4142
4125
3855
3348
2660
2000
1330
559
-296
-1070
-1649
-2100
-2486
-2748
-2797
-2703
-2552
-2372
-2055
-1627
-1213
-902
-660
-335
0
292
488
682
926
1187
1436
1668
1952
2242
2485
2664
2825
3007
3139
3130
3033
2912
2788
2569
2219
1814
1399
1005
589
159
-192
-482
-708
-908
-1007
-983
-895
-785
-696
-550
-375
-199
-96
-65
-69
-107
-202
-386
-598
-841
-1107
-1399
-1714
-1989
-2212
-2429
-2651
-2855
-2997
-3078
-3164
-3137
-2942
-2551
-2049
-1529
-895
-127
711
1498
2174
2819
3350
3739
3910
3925
3855
3582
3110
2436
1758
1073
336
-444
-1181
-1741
-2151
-2484
-2690
-2724
-2594
-2388
-2170
-1859
-1466
-1049
-717
-452
-159
144
427
627
821
1048
1294
1536
1751
2004
2259
2487
2644
2775
2913
3019
3042
2977
2830
2615
2339
1994
1581
1140
705
273
-141
-503
-780
-954
-1062
-1122
-1100
-981
-795
-622
-462
-313
-170
-73
-64
-124
-226
-383
-602
-871
-1142
-1400
-1639
-1888
-2116
-2288
-2418
-2544
-2642
-2719
-2747
-2646
-2409
-2066
-1628
-1135
-582
77
755
1435
2011
2548
2941
3231
3386
3393
3308
3015
2590
2014
1444
843
209
-429
-1045
-1513
-1875
-2132
-2286
-2302
-2210
-2057
-1861
-1582
-1237
-890
-597
-358
-64
217
492
702
909
1138
1365
1602
1807
2044
2265
2444
2595
2721
2852
2940
2943
2880
2722
2526
2264
1940
1569
1138
731
306
-92
-445
-754
-964
-1156
-1268
-1326
-1284
-1186
-1105
-1001
-906
-795
-729
-727
-774
-856
-976
-1145
-1350
-1547
-1737
-1930
-2098
-2246
-2331
-2374
-2388
-2361
-2247
-1933
-1472
-935
-386
188
853
1521
2123
2577
2942
3203
3290
3202
2977
2691
2286
1714
1023
374
-180
-701
-1242
-1701
-1975
-2098
-2136
-2130
-1976
-1716
-1444
-1215
-968
-637
-309
-70
75
248
478
704
872
1033
1235
1475
1692
1872
2069
2271
2424
2499
2514
2511
2502
2394
2192
1966
1723
1483
1186
881
588
345
153
-62
-205
-306
-362
-414
-480
-503
-504
-479
-512
-573
-611
-655
-706
-811
-941
-1057
-1178
-1306
-1456
-1568
-1644
-1735
-1811
-1891
-1919
-1918
-1946
-1960
-1987
-1878
-1639
-1296
-881
-470
54
608
1213
1759
2216
2631
2894
3045
3012
2901
2692
2313
1794
1139
542
-25
-592
-1152
-1637
-1935
-2114
-2205
-2184
-2029
-1754
-1482
-1215
-881
-508
-134
110
297
496
709
906
1009
1130
1270
1426
1570
1690
1866
2035
2207
2334
2431
2550
2588
2540
2358
2126
1874
1562
1213
777
382
20
-301
-564
-796
-907
-981
-1007
-998
-946
-809
-718
-663
-657
-657
-656
-726
-845
-1019
-1183
-1344
-1533
-1687
-1819
-1886
-1930
-1980
-1948
-1887
-1751
-1652
-1502
-1221
-858
-393
-4
430
887
1356
1776
2058
2338
2487
2550
2464
2265
2065
1743
1337
806
295
-143
-579
-979
-1362
-1610
-1739
-1826
-1812
-1725
-1534
-1308
-1108
-851
-570
-251
23
223
441
647
877
1054
1206
1370
1508
1657
1753
1857
1989
2100
2175
2160
2128
2119
2053
1904
1652
1410
1184
894
596
275
34
-193
-442
-605
-715
-701
-722
-748
-718
-681
-587
-581
-592
-616
-670
-728
-868
-985
-1109
-1239
-1365
-1531
-1621
-1678
-1685
-1673
-1696
-1620
-1547
-1424
-1261
-1032
-701
-386
-7
354
758
1171
1507
1800
2008
2148
2187
2146
2021
1809
1509
1143
733
320
-88
-483
-826
-1124
-1340
-1488
-1536
-1509
-1429
-1282
-1115
-899
-657
-411
-174
45
257
445
622
784
942
1086
1217
1329
1447
1565
1686
1807
1890
1960
1976
1961
1923
1852
1737
1534
1324
1080
825
565
296
52
-184
-392
-562
-672
-726
-769
-794
-782
-762
-724
-701
-697
-702
-745
-787
-858
-924
-997
-1094
-1159
-1243
-1288
-1326
-1349
-1331
-1312
-1240
-1175
-1053
-848
-611
-342
-78
230
582
891
1176
1386
1580
1724
1736
1707
1597
1473
1255
947
648
335
75
-227
-507
-706
-857
-927
-1004
-998
-913
-814
-685
-574
-404
-210
-44
112
237
404
564
701
833
944
1088
1220
1330
1444
1547
1651
1701
1720
1731
1719
1680
1578
1430
1267
1086
884
654
405
181
-57
-274
-477
-660
-802
-950
-1059
-1161
-1222
-1236
-1263
-1269
-1276
-1259
-1223
-1198
-1171
-1145
-1103
-1057
-1013
-951
-867
-765
-667
-579
-479
-349
-212
-48
118
291
474
646
824
962
1081
1151
1167
1145
1053
951
792
606
395
153
-53
-260
-430
-578
-690
-741
-757
-715
-647
-534
-390
-251
-99
49
203
356
474
575
659
738
806
855
917
973
1034
1084
1137
1196
1268
1338
1365
1377
1340
1305
1228
1103
954
753
563
321
89
-126
-344
-518
-718
-854
-953
-1033
-1054
-1086
-1077
-1062
-1036
-983
-960
-904
-860
-831
-777
-747
-684
-625
-573
-503
-466
-390
-338
-266
-178
-100
16
108
224
324
415
510
562
611
605
592
563
484
413
305
192
96
-19
-120
-194
-252
-294
-309
-296
-263
-198
-125
-53
42
137
226
317
410
484
564
639
695
759
814
895
967
1048
1139
1211
1312
1360
1382
1399
1354
1294
1152
995
809
578
357
86
-149
-377
-608
-786
-955
-1061
-1144
-1200
-1212
-1220
-1179
-1135
-1084
-1022
-976
-906
-846
-789
-731
-666
-584
-507
-423
-337
-239
-122
-8
112
236
360
476
570
649
691
718
708
650
572
459
344
212
72
-68
-195
-283
-355
-389
-380
-349
-277
-186
-77
51
190
330
447
560
661
744
816
864
904
939
963
989
1022
1058
1090
1100
1083
1062
1018
958
863
731
584
399
207
8
-195
-391
-585
-759
-911
-1030
-1101
-1136
-1142
-1130
-1085
-1012
-924
-820
-720
-601
-505
-410
-306
-211
-93
-7
91
173
244
334
393
461
495
515
523
495
471
416
350
273
166
67
-32
-119
-192
-264
-308
-339
-347
-323
-280
-205
-116
-16
93
204
326
441
548
640
711
766
802
831
843
839
822
790
758
717
680
642
601
557
507
459
406
352
291
214
128
41
-50
-152
-252
-349
-449
-538
-624
-690
-741
-774
-788
-792
-773
-735
-681
-614
-532
-448
-364
-280
-203
-124
-56
1
49
90
133
166
201
223
238
255
256
256
250
234
220
194
161
125
92
62
33
6
-12
-18
-18
1
30
67
124
180
245
314
385
459
520
577
616
644
660
657
648
629
594
559
515
480
441
404
371
332
304
269
238
202
158
118
58
-5
-75
-152
-221
-299
-363
-426
-481
-512
-540
-544
-540
-513
-465
-417
-344
-280
-201
-123
-62
14
64
114
161
184
215
230
243
257
253
266
265
267
272
260
261
241
226
214
187
168
143
122
107
89
80
79
84
96
113
141
171
209
249
287
336
381
419
447
470
486
491
490
473
454
422
386
347
304
267
224
181
141
101
58
18
-27
-77
-124
-184
-236
-297
-355
-401
-449
-473
-492
-497
-481
-462
-412
-364
-300
-223
-154
-67
1
75
136
184
240
259
294
299
301
304
282
278
249
235
210
180
163
130
111
89
72
53
35
22
8
7
5
12
23
45
66
95
129
163
206
244
282
316
342
361
372
371
361
340
310
274
223
178
123
67
18
-40
-88
-136
-175
-206
-236
-253
-263
-274
-262
-248
-231
-194
-167
-114
-76
-35
23
50
107
138
162
195
196
221
216
212
210
190
182
156
133
118
90
80
65
58
63
59
65
64
76
96
105
123
139
152
163
177
183
193
194
192
195
187
186
167
159
146
126
121
90
81
61
39
28
0
-12
-28
-40
-44
-59
-53
-53
-52
-32
-23
-4
17
37
71
83
105
125
134
154
150
157
158
150
152
131
123
112
101
99
86
85
77
72
72
65
67
67
62
62
61
61
57
55
50
44
41
35
35
26
23
16
13
8
6
2
0
6
3
8
9
7
7
3
5
4
4
2
-2
2
-4
-12
-12
-11
-16
-11
-20
-19
-18
-24
-20
-22
-23
-20
-18
-15
-23
-16
-16
-18
-7
-13
-7
-3
1
11
11
20
22
21
31
32
39
45
39
46
39
35
35
21
20
10
4
-5
-17
-18
-29
-33
-37
-39
-36
-38
-33
-35
-31
-27
-22
-15
-14
-6
9
18
43
67
82
104
98
92
82
77
71
54
34
6
-24
-39
-53
-61
-62
-73
-61
-22
30
107
201
300
386
433
455
449
435
406
352
294
203
100
8
-67
-116
-154
-187
-194
-178
-138
-85
-17
49
103
156
195
222
237
232
216
192
153
112
57
8
-31
-61
-71
-74
-66
-55
-31
3
34
66
92
108
121
124
126
121
103
85
64
41
25
9
-2
-13
-11
-4
8
27
38
60
87
107
127
138
139
138
129
120
104
84
61
36
26
0
-10
-17
-26
-20
-17
-5
5
17
33
44
55
58
63
64
53
53
44
36
26
16
12
6
6
4
6
12
15
16
23
26
24
26
24
23
19
14
10
5
3
-1
0
0
0
5
13
22
25
36
50
59
68
75
82
84
86
90
87
85
84
73
65
56
47
41
30
24
16
6
5
-3
-2
-1
0
11
12
17
19
22
30
32
34
33
32
30
25
27
17
17
13
14
15
13
16
11
15
18
13
18
22
21
28
28
26
22
16
14
10
12
10
2
1
-1
-3
-6
-3
1
2
6
4
12
13
15
22
24
26
26
24
20
20
19
13
8
5
1
-3
-6
-6
-7
-7
-8
-6
-4
-2
-2
-2
-3
1
2
5
3
5
7
4
7
10
10
9
4
2
1
1
-1
-2
-2
-3
-8
-8
-12
-16
-17
-21
-21
-24
-25
-27
-29
-25
-29
-30
-29
-30
-31
-33
-31
-33
-31
-32
-33
-29
-30
-26
-23
-20
-20
-17
-16
-11
-9
-6
-5
-8
-3
-8
-7
-7
-6
-6
-10
-7
-11
-15
-16
-19
-18
-20
-21
-17
-23
-18
-19
-15
-12
-7
0
3
15
19
24
31
36
39
41
37
38
38
38
34
28
27
23
21
24
26
25
27
30
32
36
35
40
41
45
41
40
41
33
30
22
17
16
13
11
9
10
10
9
7
13
15
16
15
14
14
14
13
8
6
6
4
1
1
0
0
3
3
6
8
7
12
15
17
19
20
21
18
16
15
11
11
9
9
10
9
9
9
14
14
18
17
26
29
30
34
35
39
39
43
44
46
45
42
43
41
42
42
42
40
40
40
40
37
38
35
32
32
26
26
23
25
23
22
23
22
28
29
34
38
39
41
43
46
44
44
41
39
42
38
34
29
26
18
11
6
4
1
-2
-5
-6
-2
0
3
4
4
11
16
18
25
29
32
32
32
30
31
33
31
33
32
30
31
31
36
35
38
40
42
44
45
43
45
46
43
42
36
33
33
32
31
27
32
32
30
33
31
34
36
40
42
47
51
51
55
53
51
49
46
49
45
39
37
31
28
24
17
17
13
11
13
11
12
12
10
12
16
18
21
24
28
27
26
23
21
22
19
17
18
10
8
5
7
5
4
-1
-1
-3
-2
-2
-4
-1
1
3
7
12
15
14
19
20
21
17
12
16
14
18
18
22
27
28
30
32
32
32
33
30
27
25
24
26
28
26
24
23
25
21
20
20
24
25
24
28
28
27
29
29
31
31
30
30
29
33
35
39
41
39
41
39
34
34
32
32
30
23
19
16
13
9
10
12
9
12
6
5
9
13
18
18
25
23
29
31
33
39
35
35
30
30
26
21
20
20
16
18
18
19
23
25
22
24
25
29
30
31
33
32
31
30
27
26
24
20
18
18
18
19
19
19
24
24
32
36
36
41
39
43
44
44
48
44
42
33
30
30
24
22
18
18
16
17
16
15
21
24
23
25
26
28
23
25
28
28
27
27
27
26
22
20
19
14
14
11
16
17
17
17
18
23
22
20
20
25
27
26
24
18
20
19
18
13
10
8
4
7
3
4
7
13
14
16
20
20
24
24
29
32
30
32
32
34
31
28
24
20
16
14
13
11
9
9
9
9
11
10
13
16
16
19
21
21
25
26
27
25
23
26
22
20
24
29
25
27
27
23
24
24
25
23
23
23
24
21
18
14
10
10
10
14
14
13
14
15
17
14
17
20
22
23
21
23
22
22
21
21
20
20
20
19
21
19
17
22
19
19
19
20
22
21
24
21
23
23
20
20
20
16
11
8
12
14
14
17
17
19
18
23
20
22
25
28
25
24
25
26
24
23
20
15
15
12
12
11
9
14
13
13
11
12
14
20
22
22
29
25
26
26
30
29
27
25
25
18
13
11
6
5
3
0
-2
2
-1
1
3
5
8
13
13
15
19
18
18
23
20
22
23
23
21
20
20
17
17
17
17
15
14
15
14
14
13
12
14
14
14
14
11
12
11
10
12
7
4
4
4
5
7
6
4
7
14
18
19
18
24
30
36
32
32
29
31
27
23
21
12
10
2
-1
-7
-9
-13
-13
-13
-12
-9
-6
-3
3
6
9
13
16
15
13
14
13
11
10
6
1
-1
-4
-7
-9
-9
-8
-7
-5
-5
2
4
7
10
6
4
6
4
5
2
0
-4
-10
-10
-13
-17
-16
-16
-13
-12
-11
-8
-5
-1
0
5
4
5
3
3
4
1
2
-2
-5
-6
-11
-10
-6
-8
-8
-9
-7
-5
-4
-3
1
4
0
-1
-3
0
0
-2
-2
-4
-10
-11
-13
-17
-14
-14
-15
-16
-16
-14
-10
-13
-15
-12
-11
-10
-11
-10
-12
-13
-14
-17
-17
-18
-21
-25
-22
-25
-26
-27
-27
-26
-22
-25
-24
-20
-22
-23
-22
-22
-24
-26
-28
-28
-28
-29
-31
-30
-29
-26
-29
-27
-29
-25
-27
-28
-26
-23
-22
-22
-22
-26
-26
-29
-29
-30
-33
-31
-33
-37
-33
-38
-38
-35
-35
-33
-28
-26
-27
-29
-25
-24
-23
-21
-23
-22
-20
-19
-19
-20
-19
-18
-22
-19
-21
-24
-27
-27
-28
-31
-30
-31
-32
-33
-36
-37
-34
-36
-38
-35
-33
-32
-30
-32
-35
-29
-29
-24
-23
-25
-27
-26
-28
-27
-24
-26
-22
-28
-26
-27
-25
-26
-27
-24
-24
-24
-27
-26
-28
-23
-25
-24
-24
-25
-22
-24
-24
-22
-25
-24
-24
-26
-24
-27
-32
-29
-34
-32
-35
-35
-34
-34
-30
-31
-30
-27
-28
-26
-23
-22
-18
-17
-19
-20
-20
-23
-25
-22
-23
-29
-29
-34
-36
-35
-36
-34
-37
-37
-32
-32
-36
-32
-32
-31
-32
-30
-32
-29
-27
-29
-27
-28
-28
-27
-28
-29
-27
-25
-27
-28
-31
-27
-23
-26
-26
-24
-25
-25
-27
-28
-26
-27
-24
-22
-22
-20
-22
-21
-19
-16
-16
-16
-14
-14
-15
-14
-12
-12
-13
-15
-11
-12
-11
-8
-5
-6
-6
-7
-7
-7
-7
-7
-8
-7
-5
-7
-9
-11
-10
-8
-8
-11
-4
-6
-8
-3
-4
-4
-5
-6
-7
-6
-6
-8
-9
-11
-10
-11
-13
-10
-11
-12
-7
-9
-7
-4
1
1
4
9
10
13
14
14
15
15
16
14
11
9
8
6
4
1
-4
-1
-1
-5
-2
2
1
4
7
6
8
12
8
9
17
16
16
17
17
16
14
12
13
12
10
10
8
1
5
6
4
3
3
0
-3
0
0
0
-1
-3
-1
-2
0
-3
-5
-2
-3
0
0
2
6
9
8
10
12
15
14
16
17
15
14
9
7
4
1
2
-2
-3
-8
-11
-13
-15
-14
-13
-12
-9
-8
-11
-8
-4
0
0
5
6
6
6
7
7
4
6
6
4
3
0
3
1
0
-1
-5
-3
-6
-8
-9
-9
-12
-10
-13
-15
-15
-16
-17
-18
-16
-14
-14
-15
-17
-14
-13
-13
-10
-9
-10
-9
-9
-9
-9
-8
-9
-15
-18
-18
-19
-19
-19
-20
-25
-25
-26
-28
-29
-28
-29
-30
-27
-30
-32
-28
-28
-28
-26
-26
-25
-26
-28
-26
-26
-29
-29
-29
-31
-32
-36
-37
-40
-45
-46
-47
-46
-49
-52
-56
-54
-56
-64
-57
-60
-61
-55
-57
-54
-54
-56
-55
-54
-53
-54
-57
-56
-56
-57
-59
-60
-62
-61
-67
-65
-66
-71
-68
-70
-70
-69
-73
-72
-71
-71
-71
-71
-70
-70
-72
-71
-72
-72
-69
-72
-70
-69
-69
-70
-74
-68
-68
-70
-66
-71
-67
-67
-70
-67
-68
-65
-64
-63
-65
-65
-65
-60
-64
-65
-60
-58
-56
-57
-54
-57
-54
-53
-56
-59
-56
-54
-54
-54
-57
-56
-56
-57
-56
-56
-54
-54
-52
-58
-56
-57
-58
-58
-58
-56
-56
-55
-57
-56
-59
-61
-59
-57
-58
-59
-54
-55
-54
-54
-54
-54
-55
-53
-52
-53
-51
-52
-52
-51
-50
-46
-49
-46
-44
-46
-43
-43
-43
-45
-44
-44
-47
-45
-47
-47
-47
-45
-45
-44
-50
-45
-37
-41
-37
-41
-36
-32
-31
-30
-33
-27
-24
-28
-23
-21
-21
-20
-19
-17
-19
-20
-20
-21
-22
-22
-24
-27
-27
-28
-31
-32
-32
-32
-31
-32
-34
-34
-34
-30
-27
-27
-29
-26
-23
-24
-23
-23
-23
-24
-25
-25
-25
-26
-25
-23
-25
-21
-23
-21
-19
-21
-22
-20
-25
-22
-24
-22
-21
-21
-19
-16
-16
-17
-14
-19
-16
-16
-12
-12
-12
-12
-16
-13
-13
-11
-11
-12
-10
-14
-15
-11
-11
-12
-10
-12
-12
-8
-6
-8
-7
-4
-3
-6
-4
-3
-5
-1
1
-2
2
4
3
1
0
-1
-4
-1
1
0
-1
-2
-4
-4
-5
-4
1
-1
-3
-2
-1
2
4
4
4
2
5
7
5
8
10
5
9
6
5
8
7
7
6
6
4
5
6
11
11
10
12
11
13
14
15
15
16
18
21
21
21
21
18
20
18
21
16
19
17
18
17
13
11
7
10
6
8
8
4
9
10
9
11
13
14
17
20
23
20
23
26
27
30
28
30
30
25
29
29
28
25
25
24
20
22
19
19
18
15
11
12
10
6
8
7
9
9
9
9
12
15
13
16
16
18
19
22
23
25
25
25
27
27
26
25
25
29
29
26
29
27
30
31
29
33
29
32
29
30
29
27
27
26
27
25
27
27
27
27
27
27
27
24
26
25
24
26
21
23
29
26
25
24
20
20
20
17
15
14
13
12
11
10
6
4
11
7
7
10
9
8
9
7
3
6
4
4
3
5
6
3
4
4
4
3
5
6
4
5
4
7
9
3
3
5
5
5
4
1
3
5
4
1
3
3
3
2
2
3
4
6
6
9
14
11
12
13
14
13
13
13
13
14
14
12
11
15
11
12
13
11
12
12
13
14
13
11
12
13
11
13
14
12
14
12
11
14
15
12
14
18
19
20
17
20
21
23
22
22
21
22
21
20
21
23
21
18
17
12
12
12
9
8
12
9
10
8
10
13
15
18
15
18
19
20
20
18
19
20
17
19
20
22
20
18
15
13
9
8
8
9
3
9
8
5
8
6
5
5
8
9
7
11
12
7
9
7
9
8
6
5
6
4
6
7
4
6
2
0
-1
1
1
-2
-1
-2
-4
-5
-6
-7
-7
-7
-6
-6
-4
-6
-5
-3
-3
0
3
0
2
0
0
-2
2
1
-2
-2
-4
-4
-7
-11
-10
-14
-13
-16
-15
-13
-13
-13
-15
-14
-16
-16
-14
-11
-7
-6
-8
-6
-3
-4
-2
-4
-2
-2
-2
-4
-4
-4
-6
-3
-7
-9
-9
-11
-9
-9
-8
-10
-13
-11
-14
-15
-14
-13
-12
-12
-16
-13
-13
-14
-10
-13
-13
-10
-12
-11
-10
-11
-11
-11
-11
-15
-17
-16
-17
-19
-20
-19
-19
-19
-21
-21
-20
-21
-23
-23
-25
-24
-21
-21
-20
-20
-20
-22
-21
-20
-17
-19
-19
-24
-25
-25
-24
-21
-22
-22
-23
-23
-24
-24
-25
-21
-22
-24
-22
-20
-20
-18
-20
-23
-23
-24
-26
-27
-23
-26
-25
-23
-24
-25
-27
-28
-28
-27
-30
-31
-29
-32
-33
-33
-32
-32
-32
-32
-32
-31
-31
-30
-30
-29
-25
-27
-29
-24
-27
-29
-26
-27
-27
-28
-27
-27
-27
-28
-27
-25
-26
-24
-28
-24
-23
-22
-23
-20
-19
-17
-16
-12
-9
-9
-8
-9
-5
-3
-4
-7
-5
-7
-9
-7
-10
-10
-14
-13
-13
-11
-12
-13
-12
-15
-13
-13
-10
-12
-9
-8
-7
-3
-3
-5
-2
-4
-1
-2
-2
-3
3
4
3
4
3
5
5
3
4
6
6
8
9
9
6
6
8
5
6
6
4
2
2
7
6
4
3
1
4
5
3
3
5
3
3
6
7
3
1
2
3
4
3
3
4
1
2
1
3
3
4
4
3
4
1
3
0
0
-1
-3
-2
-1
0
1
1
-3
-2
-6
-6
-5
-7
-6
-9
-6
-5
-6
-9
-7
-11
-11
-8
-4
-5
-6
-4
-1
-6
-6
-6
-3
1
-3
-3
-6
-7
-10
-6
-7
-8
-9
-14
-16
-18
-16
-19
-15
-15
-18
-16
-17
-15
-16
-19
-18
-18
-19
-18
-22
-21
-24
-20
-21
-22
-23
-26
-24
-27
-22
-25
-25
-20
-20
-23
-20
-20
-19
-16
-18
-16
-16
-16
-16
-16
-14
-17
-18
-18
-16
-16
-16
-15
-17
-16
-14
-15
-15
-13
-13
-14
-13
-13
-17
-15
-17
-18
-17
-19
-13
-17
-15
-16
-14
-12
-15
-14
-16
-14
-12
-9
-14
-12
-11
-10
-7
-10
-9
-7
-9
-10
-12
-11
-11
-11
-10
-8
-10
-11
-7
-6
-5
-7
-6
-5
-7
-7
-6
-1
-4
-4
0
-2
0
-4
0
2
3
4
5
4
7
7
7
7
5
5
8
9
7
9
8
12
16
16
18
17
18
15
19
25
24
27
25
27
25
26
27
29
30
26
29
26
24
25
24
26
27
27
27
29
25
23
24
26
26
24
25
29
28
29
26
26
29
30
32
33
34
35
37
34
36
33
30
33
31
31
27
29
25
22
18
21
17
13
15
10
12
8
6
9
7
7
8
6
11
8
8
10
9
10
15
15
13
15
16
13
13
12
12
13
15
15
13
14
14
12
13
14
11
9
9
9
9
8
10
6
7
8
10
8
8
8
12
7
9
9
7
7
3
6
5
7
6
6
3
3
5
4
4
5
8
6
5
7
2
5
1
3
4
4
4
5
5
3
5
3
3
2
-1
-2
-2
-1
-3
-2
-3
-3
-1
0
-1
-1
-2
-1
-2
-2
-1
-3
-2
1
0
-1
-2
-2
-1
-2
0
-1
-5
-3
-4
-4
-6
-4
-5
-5
-7
-8
-8
-8
-8
-8
-4
-8
-9
-7
-8
-8
-11
-9
-7
-12
-10
-10
-10
-11
-14
-13
-15
-14
-14
-15
-16
-15
-13
-16
-22
-20
-20
-25
-22
-19
-20
-20
-17
-17
-17
-19
-17
-15
-16
-15
-16
-14
-14
-14
-12
-13
-14
-14
-18
-19
-18
-20
-22
-24
-29
-25
-26
-25
-27
-26
-28
-31
-29
-31
-33
-32
-30
-32
-30
-30
-33
-31
-29
-33
-31
-32
-34
-35
-30
-30
-32
-31
-31
-29
-29
-30
-32
-32
-31
-33
-32
-33
-31
-32
-33
-32
-34
-33
-32
-35
-36
-36
-39
-35
-35
-36
-38
-34
-35
-33
-33
-34
-34
-34
-32
-34
-35
-32
-30
-33
-32
-29
-31
-31
-31
-30
-32
-34
-32
-33
-32
-32
-34
-29
-32
-36
-29
-33
-30
-30
-31
-31
-31
-31
-33
-30
-29
-29
-29
-26
-26
-25
-25
-25
-24
-25
-24
-23
-23
-22
-21
-22
-21
-18
-20
-15
-16
-16
-14
-16
-18
-14
-13
-16
-15
-12
-10
-11
-6
-4
-5
-2
-4
-4
-1
2
0
0
-3
0
0
0
-1
-4
-4
-2
-2
-4
-6
-8
-3
-6
-6
-6
-5
-5
-4
0
1
0
-1
0
-1
0
3
2
5
0
3
3
4
5
4
9
8
7
12
7
3
4
7
5
6
4
3
6
8
6
2
6
7
0
-1
4
4
4
2
0
3
4
7
8
11
8
5
5
5
4
0
2
1
0
2
5
3
5
5
4
4
3
4
2
4
3
3
0
1
1
1
0
-2
-2
-1
-1
3
1
2
3
3
3
0
3
1
0
1
4
0
4
2
-5
-6
-3
-2
-3
-1
-1
1
-3
0
-2
-1
-2
-2
-1
-2
-1
-1
0
3
-1
2
2
-1
1
2
2
3
4
4
3
5
8
4
6
1
1
1
-1
3
-1
0
-1
-2
-1
-5
-3
-3
-4
-3
-4
0
1
3
2
3
1
5
8
10
10
15
18
16
17
18
18
15
11
7
9
6
6
6
6
4
2
3
4
5
6
3
-1
-1
1
2
3
3
1
3
4
0
4
8
4
2
1
3
3
7
6
1
2
-1
1
4
0
0
3
-3
-5
-1
-2
-3
-2
-2
3
0
-2
-1
1
4
4
3
1
1
2
2
4
3
3
2
2
3
3
5
5
6
5
6
7
8
10
9
6
5
4
4
3
2
5
4
3
0
-1
0
1
0
0
4
5
7
1
2
-1
-2
-4
1
0
-4
-3
-6
-6
-3
-4
1
-3
-7
-5
-3
-3
-5
-4
-2
-4
-3
-5
-6
-5
-9
-7
-7
-8
-5
-5
-6
-7
-4
-2
-3
2
3
3
4
1
8
8
5
4
4
6
2
3
-2
-2
1
-2
-3
-9
-7
-6
-5
-5
-8
-9
-8
-8
-7
-9
-11
-7
-9
-7
-6
-6
-8
-10
-8
-9
-8
-7
-5
-5
-3
-4
-3
-4
-6
-6
-4
-9
-9
-7
-10
-10
-11
-11
-10
-10
-13
-15
-14
-11
-16
-15
-11
-13
-13
-14
-11
-11
-9
-9
-7
-9
-13
-9
-8
-9
-9
-8
-8
-6
-9
-8
-5
-5
-7
-10
-7
-8
-9
-8
-10
-10
-6
-8
-7
-12
-13
-11
-13
-14
-16
-12
-11
-11
-9
-8
-13
-12
-12
-11
-12
-12
-12
-12
-11
-12
-14
-14
-15
-12
-16
-14
-11
-14
-15
-13
-13
-19
-13
-12
-14
-16
-15
-12
-14
-13
-11
-10
-13
-12
-12
-12
-13
-14
-11
-14
-10
-11
-13
-14
-17
-14
-12
-13
-15
-15
-15
-14
-14
-13
-15
-16
-18
-16
-12
-16
-14
-14
-13
-12
-8
-8
-4
-4
3
1
3
3
0
7
8
6
7
7
4
6
8
3
6
6
3
5
6
4
4
4
1
0
1
2
1
1
1
1
1
1
2
4
1
0
0
1
2
1
1
3
4
6
3
3
5
6
6
6
6
7
7
5
4
7
8
7
9
10
11
12
9
10
8
9
13
8
9
10
11
13
12
15
15
14
16
15
15
18
17
16
19
22
24
24
23
21
21
21
22
22
23
23
24
26
24
29
28
27
30
28
30
31
32
27
32
28
24
29
28
28
26
30
27
24
