12
15
16
17
17
15
18
14
16
14
14
10
13
13
11
11
12
10
8
9
6
5
11
12
10
10
4
6
4
3
7
7
9
8
6
4
1
2
5
3
-1
3
6
5
5
5
3
2
4
2
4
1
3
0
-1
-1
-1
-1
0
1
-4
-2
0
0
3
2
4
1
2
1
-2
-1
-1
1
-1
-3
2
0
-3
-6
-3
-2
-5
-2
1
0
-1
-2
0
0
-1
0
-1
0
-1
-1
-2
-1
2
-2
-1
0
-2
0
-1
0
-1
-3
-5
-5
-3
-3
-1
-2
-1
-6
-8
-5
-7
-9
-11
-10
-11
-14
-18
-16
-19
-17
-12
-14
-13
-14
-15
-14
-10
-11
-10
-8
-6
-10
-9
-7
-10
-7
-12
-9
-9
-10
-10
-11
-10
-12
-13
-15
-16
-15
-18
-16
-14
-15
-15
-18
-16
-15
-15
-19
-19
-16
-15
-16
-15
-14
-14
-11
-14
-13
-14
-15
-12
-11
-8
-6
-8
-10
-11
-12
-10
-11
-10
-9
-13
-9
-11
-13
-10
-10
-8
-7
-7
-7
-5
-6
-5
-7
-7
-5
-6
-6
-3
-3
-2
-1
-3
-6
-2
-1
-2
0
3
2
3
6
2
1
-2
-1
-3
-4
-1
-1
-2
-2
0
-1
-5
-3
-5
-2
-3
0
5
0
3
1
0
0
1
1
-2
-2
-1
-1
-3
-2
-1
-2
-4
-3
-5
-6
-4
-5
-4
-4
-2
-1
-4
-1
-1
2
0
-2
0
3
6
5
3
5
6
5
4
9
8
6
11
7
7
3
5
5
5
5
1
2
-1
0
2
-1
0
-1
-2
1
2
-1
0
-1
2
2
2
4
3
7
8
5
4
2
2
1
2
4
2
6
8
7
6
7
10
7
7
9
10
7
6
6
5
3
3
5
-1
-2
-1
-2
2
1
-1
3
0
2
3
3
2
2
5
4
4
2
3
-2
-1
0
-1
3
5
3
2
3
0
-1
2
1
1
1
0
-3
-1
-1
-1
-3
-6
-5
-5
-4
-7
-4
-6
-5
-6
-7
-7
-12
-11
-10
-11
-10
-9
-9
-8
-9
-9
-12
-10
-7
-9
-10
-10
-13
-13
-15
-17
-15
-13
-16
-13
-14
-19
-16
-13
-12
-11
-12
-10
-10
-14
-15
-14
-14
-13
-12
-12
-15
-14
-15
-14
-18
-19
-18
-18
-23
-21
-21
-24
-26
-26
-26
-28
-25
-31
-28
-29
-26
-25
-27
-26
-22
-23
-24
-22
-19
-17
-19
-21
-22
-19
-20
-22
-22
-24
-23
-21
-24
-22
-23
-24
-22
-19
-19
-23
-17
-17
-20
-21
-20
-24
-25
-23
-22
-21
-21
-19
-24
-22
-19
-19
-18
-18
-19
-19
-18
-17
-17
-16
-18
-16
-16
-17
-15
-16
-13
-15
-15
-16
-15
-13
-19
-16
-15
-17
-14
-15
-13
-16
-14
-12
-14
-14
-15
-12
-11
-12
-14
-11
-10
-11
-10
-10
-6
-6
-7
-8
-6
-4
-3
-4
-4
-4
-6
-5
-5
-8
-9
-7
-6
-8
-9
-10
-9
-11
-6
-8
-7
-5
-9
-5
-7
-4
-2
-5
-5
-5
-6
-4
-3
-4
-6
-8
-4
-7
-9
-4
-6
-5
-6
-6
-4
-7
-7
-5
-5
-5
-6
-7
-7
-4
-5
-3
-7
-2
0
-2
2
-1
1
-2
2
5
0
5
1
2
4
1
0
-2
-4
-5
-4
-8
-8
-7
-8
-6
-8
-7
-9
-7
-9
-11
-5
-6
-7
-3
-5
-5
-3
-3
-4
-5
-3
-3
-1
0
1
-2
3
-3
0
3
0
0
-1
2
-2
-3
-2
-3
-3
-2
-5
-3
-6
-5
-5
-4
-4
-6
-6
-8
-7
-8
-4
-6
-7
-3
-4
-4
-3
-5
-6
-9
-3
-5
-7
-1
-3
-1
-4
-3
-6
-7
-4
-7
-4
-5
-7
-9
-9
-13
-11
-9
-10
-10
-10
-8
-9
-10
-10
-4
-7
-6
-11
-12
-9
-8
-8
-7
-9
-8
-11
-12
-14
-11
-6
-12
-12
-10
-12
-13
-8
-8
-8
-9
-9
-9
-10
-7
-8
-9
-9
-8
-8
-12
-8
-9
-10
-11
-13
-7
-12
-14
-13
-11
-11
-10
-13
-13
-15
-18
-17
-16
-16
-16
-18
-14
-20
-23
-19
-20
-17
-18
-16
-16
-19
-17
-18
-14
-12
-10
-9
-9
-9
-10
-10
-11
-6
-7
-8
-9
-5
-9
-7
-5
-8
-7
-8
-9
-6
-6
-10
-7
-8
-11
-8
-13
-11
-8
-8
-10
-5
-5
-5
-4
-6
-5
-2
-3
-5
-3
-4
-4
-4
2
-2
-3
-3
-3
-1
-1
1
-4
-8
-4
-4
-3
-3
-1
1
-2
-3
-4
-1
-4
-8
-8
-8
-9
-12
-7
-8
-9
-9
-10
-10
-9
-7
-8
-6
-9
-10
-7
-3
-3
-4
-8
-9
-7
-8
-6
-7
-4
-9
-8
-7
-5
-6
-11
-7
-7
-5
-5
-3
-6
-8
-4
-4
-3
-2
-2
-5
-4
-4
-3
-5
-5
-1
-1
-3
-7
-7
-8
-6
-5
-2
-4
-5
-5
-3
-4
-2
-3
-2
-5
-1
1
0
2
1
4
6
4
4
6
6
7
11
14
11
9
8
8
7
7
8
2
1
-3
1
-1
-3
-3
-2
0
0
1
-4
0
-1
-1
-1
0
0
0
1
1
3
5
4
-1
1
1
1
-1
3
6
5
5
7
2
4
3
1
2
-1
1
0
-1
0
-1
0
-8
-8
-8
-8
-3
-4
-5
-7
-9
-9
-5
-6
-8
-7
-4
-5
-7
-8
-9
-11
-8
-5
-8
-10
-7
-8
-7
-7
-7
-7
-9
-9
-8
-5
-10
-10
-9
-8
-6
-9
-12
-11
-9
-14
-9
-8
-12
-11
-11
-9
-13
-12
-14
-16
-10
-11
-10
-13
-9
-11
-13
-11
-11
-9
-14
-13
-10
-12
-12
-11
-13
-9
-11
-10
-10
-10
-10
-10
-8
-8
-9
-9
-11
-9
-11
-10
-5
-9
-10
-9
-12
-11
-10
-10
-12
-13
-16
-12
-15
-19
-15
-16
-18
-18
-19
-21
-23
-20
-22
-24
-19
-22
-20
-17
-19
-22
-18
-14
-15
-12
-13
-14
-12
-16
-9
-10
-15
-13
-13
-16
-13
-10
-12
-15
-17
-17
-16
-16
-17
-16
-14
-15
-15
-17
-17
-17
-15
-16
-16
-13
-15
-13
-14
-14
-13
-12
-15
-15
-15
-11
-10
-12
-12
-13
-13
-16
-18
-17
-16
-17
-18
-17
-20
-21
-17
-18
-18
-18
-18
-21
-22
-18
-18
-19
-18
-21
-21
-19
-18
-17
-17
-16
-19
-20
-23
-21
-18
-17
-17
-20
-19
-17
-17
-16
-16
-14
-16
-19
-18
-18
-14
-14
-13
-14
-15
-11
-14
-13
-12
-10
-11
-11
-10
-11
-7
-13
-11
-11
-9
-9
-11
-10
-11
-10
-8
-6
-8
-9
-7
-11
-12
-7
-8
-9
-7
-7
-9
-9
-8
-8
-10
-7
-9
-5
-7
-9
-7
-8
-7
-6
-8
-7
-5
-4
-5
-2
-1
-1
-3
-6
-4
-7
-4
-9
-10
-8
-11
-13
-16
-14
-16
-15
-16
-18
-13
-14
-14
-14
-14
-18
-15
-12
-13
-12
-12
-8
-11
-9
-10
-9
-11
-12
-9
-10
-6
-6
-6
-7
-9
-7
-8
-6
-5
-9
-7
-8
-7
-8
-10
-10
-8
-12
-11
-8
-11
-8
-7
-10
-12
-14
-11
-11
-11
-11
-11
-13
-14
-11
-13
-14
-12
-12
-12
-12
-10
-8
-11
-11
-14
-15
-13
-10
-11
-10
-12
-11
-13
-14
-12
-15
-14
-14
-11
-13
-12
-12
-12
-9
-10
-9
-11
-14
-13
-15
-16
-14
-16
-14
-10
-13
-16
-19
-16
-13
-13
-10
-12
-16
-15
-15
-13
-13
-13
-14
-17
-19
-16
-17
-17
-17
-15
-16
-16
-19
-17
-18
-21
-19
-21
-20
-19
-21
-20
-18
-18
-19
-19
-19
-22
-20
-19
-18
-22
-25
-23
-29
-28
-27
-30
-29
-28
-25
-26
-25
-28
-27
-26
-24
-22
-19
-21
-27
-25
-22
-20
-20
-24
-25
-26
-24
-25
-27
-26
-28
-28
-26
-29
-27
-28
-26
-29
-28
-28
-34
-32
-34
-32
-31
-31
-30
-30
-31
-32
-30
-32
-31
-32
-30
-30
-29
-28
-30
-30
-29
-30
-31
-31
-32
-27
-32
-33
-33
-35
-35
-34
-33
-34
-32
-35
-36
-36
-35
-36
-40
-38
-37
-37
-34
-34
-33
-34
-33
-34
-37
-32
-34
-31
-31
-27
-29
-32
-31
-30
-29
-31
-32
-32
-30
-32
-28
-26
-26
-27
-27
-26
-26
-27
-25
-24
-22
-18
-18
-20
-18
-19
-19
-19
-18
-21
-21
-20
-23
-21
-24
-23
-26
-23
-24
-23
-22
-23
-19
-18
-18
-19
-18
-22
-21
-21
-21
-21
-21
-23
-23
-21
-21
-19
-20
-19
-21
-18
-18
-17
-16
-18
-15
-13
-15
-12
-15
-16
-14
-12
-16
-18
-20
-23
-21
-25
-25
-23
-24
-25
-24
-25
-25
-28
-27
-29
-31
-27
-28
-27
-24
-23
-20
-24
-26
-24
-23
-20
-24
-21
-20
-20
-20
-20
-15
-18
-19
-20
-19
-19
-21
-20
-19
-20
-19
-20
-24
-25
-21
-25
-24
-17
-20
-22
-25
-24
-22
-20
-16
-19
-18
-19
-21
-20
-22
-19
-20
-23
-21
-21
-21
-21
-22
-23
-19
-20
-20
-20
-21
-21
-20
-24
-20
-21
-22
-21
-22
-26
-28
-27
-27
-27
-26
-25
-26
-24
-27
-24
-26
-27
-27
-25
-27
-27
-25
-21
-25
-27
-27
-24
-23
-24
-24
-27
-26
-26
-25
-27
-26
-27
-24
-25
-24
-23
-27
-27
-28
-27
-24
-22
-25
-27
-27
-25
-24
-28
-29
-22
-26
-25
-27
-33
-31
-32
-30
-33
-33
-35
-35
-35
-34
-31
-37
-38
-38
-37
-34
-36
-34
-34
-35
-33
-35
-32
-30
-31
-28
-27
-28
-30
-30
-28
-29
-29
-29
-29
-28
-32
-28
-32
-32
-29
-29
-28
-30
-30
-27
-29
-31
-33
-33
-29
-30
-34
-35
-36
-35
-37
-36
-33
-32
-31
-33
-33
-30
-34
-31
-29
-32
-32
-32
-28
-29
-31
-30
-30
-30
-31
-32
-31
-30
-28
-29
-29
-30
-29
-27
-30
-31
-32
-32
-31
-30
-31
-26
-27
-24
-23
-24
-21
-21
-21
-23
-24
-21
-20
-22
-20
-20
-16
-15
-18
-18
-16
-15
-16
-17
-15
-10
-10
-11
-10
-9
-11
-11
-10
-5
-9
-6
-6
-6
-7
-8
-3
-7
-4
-4
-6
-4
-3
-5
-5
-3
-2
-5
-4
-3
-4
-5
-5
-3
-4
-1
-3
-2
1
0
-1
1
2
4
3
1
5
4
5
6
6
8
5
8
8
9
10
7
9
10
10
8
10
9
7
5
5
4
5
7
8
9
7
5
7
5
7
4
6
5
5
10
9
9
12
12
11
14
14
14
16
14
16
20
21
20
22
20
21
20
17
17
17
16
16
16
16
17
15
15
12
12
15
13
15
14
16
17
17
17
17
19
20
19
19
19
18
20
19
19
22
20
19
20
19
23
18
21
18
17
18
17
18
15
16
16
15
15
16
15
14
15
12
13
13
12
12
12
13
11
12
10
10
9
9
11
10
9
12
10
9
9
10
9
9
12
12
12
9
9
9
10
9
10
10
10
11
12
12
12
14
10
10
7
7
9
9
11
11
10
7
6
5
8
9
9
8
7
7
8
9
5
4
1
2
-1
-2
-2
1
1
0
3
2
4
2
2
6
4
6
9
7
5
9
10
11
10
11
13
7
11
13
12
10
13
12
8
10
11
9
7
5
8
5
2
5
6
6
8
6
11
8
6
10
9
11
11
10
11
10
12
11
12
11
13
15
13
12
12
10
10
10
8
8
8
9
6
11
12
12
14
11
10
11
8
9
8
6
11
11
11
11
14
13
11
14
11
13
13
13
13
13
15
15
12
14
11
10
11
12
14
9
13
18
15
16
16
15
15
19
22
22
19
22
19
20
15
20
20
18
21
19
19
20
21
23
20
21
25
21
22
21
23
21
24
26
25
25
24
21
19
24
23
25
26
26
27
26
29
32
29
29
27
28
28
30
34
34
31
29
30
30
30
34
30
33
31
27
27
24
22
27
26
28
30
24
23
20
23
23
24
26
25
25
25
25
25
27
26
28
28
30
31
31
31
30
32
29
31
31
27
28
30
27
25
25
24
26
27
25
25
27
23
21
23
26
25
25
27
26
25
24
25
26
24
27
26
24
24
23
22
24
24
23
21
22
24
24
24
21
20
22
21
21
21
18
19
21
20
19
20
19
19
20
20
21
23
20
20
21
22
20
17
18
17
16
16
16
15
15
15
12
9
14
17
16
17
18
13
12
14
16
18
14
15
13
14
13
15
14
12
14
13
14
10
14
13
15
17
14
16
17
15
10
13
13
14
13
15
13
13
13
11
11
12
9
3
6
5
4
9
7
3
7
9
10
12
12
11
13
14
16
16
16
16
15
17
15
15
16
14
13
14
11
11
11
9
10
14
13
10
13
9
4
4
4
6
5
5
8
6
6
4
3
5
2
4
4
6
6
9
11
8
8
7
6
10
5
8
6
7
5
3
3
5
5
5
4
7
4
4
5
5
8
3
5
1
2
3
4
6
7
10
8
7
6
6
8
8
10
9
11
10
11
8
8
8
11
14
10
14
12
9
14
11
11
11
12
14
16
18
14
17
16
19
19
16
19
18
20
18
16
16
18
17
18
19
17
17
16
15
13
16
17
17
14
13
18
16
16
15
18
14
15
16
18
18
19
22
21
23
23
24
24
26
27
31
27
26
28
28
27
29
28
28
30
26
25
25
21
20
22
20
18
20
23
22
21
21
21
22
23
23
25
24
24
26
24
23
26
25
28
30
29
28
31
30
31
29
25
31
29
26
25
23
27
25
27
26
24
22
23
22
23
21
23
21
20
21
20
22
20
24
23
24
25
22
21
23
20
18
20
24
24
23
20
24
23
22
23
19
20
20
20
17
20
20
19
21
19
17
18
15
12
16
16
14
15
14
17
16
14
13
14
17
14
15
14
16
20
14
13
13
14
13
12
11
11
15
11
11
8
10
11
12
15
13
12
12
14
11
12
12
12
12
14
13
14
13
12
16
12
12
14
10
12
11
11
10
11
11
10
7
10
9
3
2
4
4
3
6
2
6
4
5
6
10
9
9
12
12
11
13
13
12
12
13
12
12
12
12
11
11
6
7
6
8
7
9
7
8
9
9
8
8
13
6
9
10
8
7
9
9
11
13
10
12
9
8
9
9
11
10
8
15
12
11
11
10
15
9
11
8
7
9
5
10
8
7
9
13
9
6
6
6
7
7
7
8
7
9
10
11
13
12
13
10
14
13
11
11
13
16
16
15
15
15
15
17
17
17
17
17
19
18
16
17
19
15
13
18
17
17
15
17
16
18
19
20
18
20
20
16
18
15
16
18
13
16
15
14
13
14
14
13
16
13
14
13
11
15
15
15
15
13
14
14
17
15
16
17
16
18
20
20
20
25
23
25
24
21
20
19
22
21
22
21
18
17
14
12
15
14
15
15
11
13
13
13
14
15
16
15
18
18
21
22
19
18
20
20
19
20
22
22
21
20
20
22
23
19
22
21
19
19
15
17
18
17
17
12
13
13
14
16
17
12
10
13
10
11
13
11
9
14
14
11
10
10
11
10
14
13
15
14
13
13
15
13
14
14
8
9
12
10
10
12
12
10
7
7
4
5
5
6
9
9
8
7
8
9
5
6
7
6
9
8
6
10
8
11
8
6
6
7
9
8
9
10
10
9
9
10
8
9
8
11
12
10
14
12
14
11
9
10
10
9
8
9
10
9
10
10
8
8
8
6
5
6
6
3
2
1
2
1
-1
-7
-4
-4
-5
-4
-7
-6
-5
-6
-4
-3
-3
-1
-1
-1
-1
-4
-1
0
-2
1
-1
-3
-4
-3
-3
-3
-7
-7
-8
-4
-5
-7
-7
-6
-2
-5
-5
-7
-9
-8
-9
-8
-8
-5
-5
-5
-5
-2
-1
-5
-3
-4
-6
-2
-4
-3
-6
-4
0
1
-2
-4
-1
-3
-4
-6
-2
-3
-2
-1
0
-3
-2
-1
-1
-4
-2
-2
-4
-4
-4
-3
1
2
0
2
0
-2
0
-2
1
3
3
2
2
6
5
4
0
1
-1
1
-1
3
4
3
7
4
5
4
6
3
4
6
9
11
6
11
9
5
9
9
9
8
8
8
8
4
5
10
7
8
9
8
8
8
4
6
8
8
8
8
7
6
9
8
7
5
7
11
12
14
16
15
14
15
13
14
16
19
17
16
20
17
17
18
17
15
16
19
13
12
10
9
11
11
10
11
11
11
14
9
11
12
13
12
11
14
14
14
14
16
17
14
14
18
18
20
20
16
16
20
16
14
14
18
17
18
17
16
14
16
17
15
11
13
13
14
15
12
11
12
13
14
14
18
18
17
17
16
16
19
14
16
18
16
19
19
17
15
14
14
13
12
12
14
17
14
11
14
16
14
12
12
14
13
13
12
14
13
13
14
12
11
10
8
12
7
9
13
9
10
10
9
6
7
9
9
8
7
5
7
7
4
1
6
6
7
8
8
6
7
6
5
8
4
6
7
5
4
4
7
7
7
4
5
3
2
-1
2
-1
0
-1
-3
-2
-1
-3
-6
-6
-10
-7
-7
-7
-10
-10
-10
-11
-8
-9
-7
-7
-7
-5
-8
-5
-5
-5
-4
-7
-4
-4
-3
-6
-9
-10
-9
-9
-9
-11
-13
-10
-12
-13
-14
-15
-16
-18
-15
-17
-17
-17
-16
-14
-14
-13
-13
-11
-9
-13
-12
-13
-14
-13
-12
-8
-8
-10
-7
-8
-10
-9
-10
-6
-6
-6
-7
-8
-7
-7
-7
-4
-5
-6
-5
-4
-8
-8
-9
-10
-5
-6
-3
-6
-5
-3
-4
-2
-2
-1
-2
1
-3
1
1
0
3
3
1
-2
0
0
3
3
2
2
1
5
1
3
-1
0
3
3
6
6
6
5
5
1
-3
2
1
0
1
1
2
3
0
-3
0
1
4
4
4
4
4
9
6
6
6
6
5
4
3
5
5
3
3
7
8
5
8
10
9
11
12
14
14
14
16
14
17
15
15
15
14
13
10
11
13
10
9
10
8
11
10
12
11
11
12
11
9
12
14
11
11
11
14
12
13
13
14
13
14
13
9
14
14
15
14
16
16
14
11
8
11
10
10
9
8
5
7
3
2
2
3
6
4
3
4
3
2
4
5
1
5
3
2
4
5
4
4
4
4
6
6
7
6
7
6
6
7
6
8
8
5
9
7
5
7
7
5
5
1
5
3
4
8
6
8
6
9
9
8
7
7
8
6
7
7
7
8
6
5
3
4
5
3
5
5
2
2
3
-1
1
2
4
-1
0
2
1
2
5
2
2
5
2
4
2
1
1
1
0
1
1
1
-4
-1
-3
-5
-5
-8
-4
-8
-8
-8
-12
-10
-11
-16
-13
-14
-14
-12
-12
-8
-7
-12
-12
-7
-10
-9
-5
-7
-8
-4
-5
-4
-8
-7
-7
-9
-6
-8
-10
-11
-12
-10
-13
-13
-14
-9
-9
-10
-9
-13
-12
-13
-16
-16
-13
-14
-14
-14
-15
-14
-12
-14
-13
-14
-17
-13
-14
-11
-12
-11
-13
-11
-9
-8
-12
-12
-9
-11
-7
-12
-10
-7
-7
-7
-6
-5
-7
-7
-5
-6
-9
-8
-8
-10
-10
-8
-10
-5
-2
-3
-3
-2
-3
-3
-1
1
-1
2
1
-1
-2
0
0
0
5
3
1
1
2
4
4
5
3
4
7
4
5
6
7
5
2
5
5
5
8
5
4
7
8
6
6
7
7
8
10
8
7
4
4
6
4
6
8
9
8
9
8
9
9
9
9
9
14
14
13
14
13
11
13
15
14
14
18
20
16
20
18
19
20
17
17
16
15
15
15
11
10
12
14
12
8
8
9
10
9
12
16
15
16
16
15
18
15
13
14
13
13
18
17
15
14
18
13
10
14
15
16
14
13
13
10
14
13
13
11
11
8
7
11
8
7
7
10
11
10
14
13
13
13
13
15
13
12
11
10
8
9
10
6
8
10
11
13
14
13
14
12
11
12
10
12
12
13
15
15
12
10
12
11
11
10
10
14
12
11
8
12
12
6
8
6
7
9
9
9
9
10
5
4
4
6
5
4
5
3
4
4
2
2
2
3
3
3
-1
-1
1
-1
0
-2
1
1
-1
2
2
1
6
2
1
0
-3
0
-4
-3
-2
-7
-4
-7
-8
-9
-10
-9
-11
-11
-13
-10
-10
-11
-9
-10
-7
-10
-12
-10
-7
-6
-4
-2
-1
-4
-6
-3
-2
-2
-6
-2
-4
-4
-6
-6
-3
-4
-5
-5
-5
-5
-4
-5
-4
-4
-5
-8
-9
-10
-8
-11
-8
-10
-8
-8
-7
-5
-5
-2
-4
-5
-5
-5
-3
-4
-5
-5
-6
-6
-6
-9
-6
-7
-7
-6
-8
-5
-7
-6
-2
-4
-3
-1
-2
-3
-2
-4
-1
-4
-4
-3
-3
-2
-3
-3
0
2
1
-1
1
2
0
4
5
8
7
9
7
7
8
6
5
1
3
6
6
8
5
6
7
8
10
13
13
13
12
9
13
10
9
11
9
10
12
12
9
11
11
11
11
12
13
14
15
16
17
16
18
15
16
20
23
20
19
19
17
17
14
20
19
21
23
23
24
26
27
28
26
27
31
26
28
25
24
24
25
25
22
24
18
21
21
16
20
19
20
20
20
20
18
18
18
16
16
19
20
21
20
22
17
17
21
22
21
24
26
26
27
27
29
28
26
26
24
24
24
19
20
19
18
20
18
19
20
15
17
18
15
17
17
17
18
18
19
18
20
17
19
18
19
15
23
30
37
45
42
46
46
47
42
36
29
26
13
13
11
7
7
4
5
12
14
16
26
30
28
33
33
28
31
27
21
21
16
11
9
6
5
7
6
7
8
15
16
21
25
22
27
24
24
22
14
14
12
6
7
8
8
7
6
11
14
16
18
19
25
23
23
22
19
18
14
10
5
4
5
0
4
5
2
5
6
9
11
12
9
7
9
5
1
1
0
0
-2
-4
-6
0
0
-2
6
5
8
13
12
18
16
12
16
15
13
12
9
6
8
7
5
7
4
5
5
9
11
12
11
11
12
9
9
7
5
5
5
1
1
1
0
1
2
3
4
5
6
8
8
7
9
9
13
9
5
4
5
1
1
-1
0
2
3
5
6
7
7
11
9
10
8
7
4
4
3
4
4
4
2
3
3
5
7
6
5
6
9
9
8
8
7
5
6
5
4
4
1
4
5
5
6
6
5
4
3
6
6
6
5
10
6
7
7
6
5
2
5
3
8
6
4
6
5
5
6
4
5
3
4
3
3
4
4
2
-1
2
3
1
4
7
7
5
5
9
9
8
10
10
13
15
14
13
14
16
17
14
19
16
13
15
14
15
15
17
12
15
14
13
14
9
11
12
7
11
10
11
12
11
9
7
11
9
10
12
12
14
14
15
16
15
16
17
18
16
15
19
15
11
11
12
10
8
9
9
11
11
11
8
5
7
5
5
7
10
9
5
6
3
4
7
8
9
10
8
2
2
0
2
0
2
3
5
5
1
1
5
1
2
3
4
1
2
5
4
4
3
4
1
1
2
0
-2
-2
1
1
0
1
3
4
-1
-3
-3
-2
-2
-2
-1
-3
-5
-7
-9
-7
-3
-6
-6
-4
-6
-8
-6
-4
-5
-7
-5
-7
-4
-4
-3
-4
-6
-3
-4
-5
-2
-4
-6
-4
-8
-6
-4
-6
-5
-5
-8
-3
-7
-7
-9
-9
-9
-11
-11
-13
-14
-11
-13
-16
-14
-17
-16
-13
-13
-10
-9
-13
-12
-12
-9
-9
-10
-8
-8
-8
-7
-7
-8
-7
-7
-9
-6
-8
-9
-9
-12
-11
-11
-11
-11
-9
-9
-10
-10
-12
-12
-11
-14
-11
-15
-15
-12
-12
-10
-12
-9
-9
-11
-9
-7
-9
-10
-7
-7
-10
-6
-10
-6
-9
-10
-5
-7
-9
-11
-9
-9
-8
-5
-8
-7
-8
-9
-9
-10
-9
-8
-10
-10
-8
-8
-11
-9
-8
-5
-4
-8
-5
-5
-7
-4
-7
-7
-6
-5
-5
-6
-7
-10
-8
-10
-12
-11
-12
-11
-9
-9
-8
-6
-7
-6
-8
-8
-7
-8
-8
-9
-8
-10
-11
-8
-8
-10
-11
-11
-11
-9
-9
-9
-11
-9
-10
-11
-8
-8
-9
-10
-9
-10
-12
-10
-10
-9
-8
-10
-8
-8
-8
-6
-5
-3
-2
1
1
1
6
4
4
6
8
4
10
5
7
8
1
2
-1
1
0
-1
-2
-1
-1
-4
-1
-2
-4
-5
-7
-7
-4
-8
-9
-7
-7
-8
-7
-7
-10
-9
-10
-11
-11
-13
-11
-8
-9
-10
-8
-11
-10
-12
-14
-12
-13
-14
-17
-17
-18
-16
-16
-16
-19
-23
-22
-22
-20
-17
-18
-20
-18
-17
-17
-15
-15
-16
-13
-14
-15
-15
-17
-18
-19
-18
-18
-15
-17
-16
-19
-19
-18
-20
-18
-18
-17
-17
-16
-16
-16
-15
-16
-16
-16
-17
-18
-16
-15
-13
-15
-15
-15
-19
-16
-18
-19
-18
-17
-18
-17
-16
-16
-18
-18
-17
-18
-15
-17
-17
-15
-17
-14
-15
-17
-17
-18
-14
-15
-15
-14
-17
-14
-13
-15
-17
-13
-13
-14
-14
-15
-13
-12
-12
-16
-17
-12
-17
-16
-19
-22
-20
-21
-21
-22
-23
-27
-27
-25
-29
-27
-26
-30
-26
-27
-29
-25
-25
-23
-24
-22
-18
-16
-15
-16
-16
-17
-16
-15
-13
-15
-12
-12
-14
-13
-13
-16
-16
-13
-14
-14
-14
-11
-15
-14
-16
-15
-17
-19
-16
-18
-17
-20
-14
-15
-16
-16
-12
-12
-11
-10
-13
-15
-12
-11
-9
-10
-10
-12
-9
-10
-14
-13
-12
-11
-15
-14
-8
-8
-10
-6
-8
-8
-5
-5
-7
-7
-6
-7
-6
-4
-4
-4
-4
-4
-6
-4
-4
-4
-1
-1
-4
0
0
-2
2
3
5
3
1
-2
-1
-2
0
2
1
3
0
2
0
3
5
4
4
5
3
2
4
6
4
5
5
7
5
8
5
4
1
0
6
4
3
3
3
0
4
2
5
5
6
6
6
8
5
4
3
4
3
4
4
2
2
4
5
5
6
8
10
10
13
14
10
10
8
9
11
6
7
7
6
5
3
2
4
5
2
4
6
4
3
7
7
5
4
4
2
4
5
8
7
5
7
6
5
6
8
10
10
11
11
11
12
11
10
12
10
10
7
5
6
7
8
7
5
5
5
-1
1
0
3
5
8
6
5
10
8
11
8
9
9
7
10
11
8
10
11
9
11
10
11
12
12
12
10
10
13
13
9
10
9
8
12
10
10
8
6
8
8
8
9
11
9
8
11
11
7
6
8
4
6
5
4
7
2
4
4
0
1
-2
0
-1
-3
-2
-1
-3
2
2
2
3
-1
0
-1
-1
0
-1
2
0
2
-1
-3
0
-1
-4
-2
-3
-6
-4
-4
-3
-4
-2
-5
-2
-5
-7
-7
-8
-10
-7
-13
-15
-12
-13
-10
-16
-12
-10
-13
-10
-7
-7
-5
-2
-1
-1
-3
-4
-2
-2
-3
-2
-6
-4
-7
-4
-3
-5
-6
-8
-5
-4
-5
-3
-5
-4
-3
-3
-6
-4
-5
-5
-6
-5
-1
0
-4
-2
-2
-2
1
0
0
0
2
0
2
2
5
7
6
5
1
1
0
1
-1
-2
0
-1
0
2
5
4
2
3
0
3
-1
-1
-1
1
1
2
1
3
0
1
3
1
0
-2
3
0
3
-1
1
3
-1
0
-2
-2
-1
-3
0
-1
-2
-3
-1
2
2
1
3
-1
2
2
0
-1
2
-1
0
2
4
3
1
3
1
1
-2
1
1
2
1
-1
4
-1
0
3
1
3
3
-1
-1
1
-1
1
3
-3
-2
3
4
7
6
7
6
5
9
10
9
12
13
12
12
13
13
13
11
8
9
9
5
6
8
5
4
6
6
4
4
2
3
4
1
6
6
6
8
4
6
6
5
6
7
4
3
5
8
8
9
9
8
8
12
11
6
10
10
8
8
3
3
3
5
5
4
2
-3
0
2
2
3
3
3
2
7
3
8
4
6
9
5
4
5
5
2
5
7
6
6
6
5
4
4
2
1
3
1
2
2
1
2
0
1
1
-3
-2
2
-1
-1
1
2
0
1
1
0
2
-2
-1
-1
-2
0
0
-2
-2
-3
-3
-5
-6
-2
-4
-4
-2
-3
-2
-5
-6
-5
-6
-6
-5
-5
-5
0
-5
-4
-2
-2
-2
-5
-3
-5
-4
-4
-4
-3
-3
-5
-1
-3
-2
-2
-3
-4
-7
-7
-9
-9
-9
-8
-10
-16
-15
-12
-11
-11
-10
-10
-12
-7
-10
-9
-6
-4
-4
-4
-4
-5
-4
-3
-5
-4
-5
-4
-4
-3
-7
-5
-4
-7
-8
-7
-9
-7
-8
-7
-5
-8
-6
-7
-10
-10
-10
-11
-10
-7
-4
-7
-6
-6
-4
-2
-5
-5
-5
-2
2
-1
-2
1
0
-1
-2
-3
-3
-4
-3
-6
-3
-2
-5
-2
-3
-4
-4
-1
-3
-4
-4
-1
-3
-3
-4
-5
-5
-5
-3
-4
-6
-7
-6
-3
-2
-2
0
-4
-5
-4
-4
-2
-4
-6
-7
-5
-5
-5
-6
-4
-4
-4
-4
-5
-4
-5
-3
-3
-2
0
1
-3
-4
0
-1
-3
-5
-5
-4
-5
-4
-4
-5
-6
-3
-5
-6
-8
-8
-7
-8
-7
-6
-5
-6
-5
-6
-7
-6
-6
-5
-4
-2
-5
-1
-2
-3
-2
-2
1
1
1
-1
2
2
2
4
2
3
2
1
-3
-6
-5
-4
-3
-3
-5
-5
-3
-4
-5
-8
-5
-7
-7
-4
-4
-3
-5
-5
-4
-3
-4
-5
-4
-2
-2
2
-1
0
0
1
-1
0
2
2
5
0
2
3
1
3
-3
3
4
1
1
2
1
-1
0
0
2
2
5
5
8
5
10
11
13
13
8
9
8
7
8
9
13
10
12
13
12
11
14
14
9
11
12
10
7
10
5
8
7
9
7
6
6
7
6
7
9
7
5
8
7
9
8
6
6
4
3
6
8
6
9
6
1
7
7
7
11
7
7
5
7
5
6
8
5
5
3
7
5
4
7
6
8
8
7
6
6
6
6
6
4
2
0
1
2
-1
0
0
-4
-2
-2
-3
-3
-6
-4
-7
-11
-8
-5
-10
-6
-8
-10
-7
-7
-6
-3
-4
-4
-1
-3
-3
-1
-1
-1
-1
-2
-1
-3
-4
-6
-5
-5
-8
-10
-8
-8
-8
-6
-8
-10
-10
-11
-13
-11
-14
-11
-11
-12
-10
-12
-11
-17
-10
-8
-10
-9
-11
-8
-9
-8
-10
-9
-11
-10
-8
-9
-9
-10
-8
-11
-13
-9
-12
-11
-9
-10
-8
-11
-8
-8
-13
-10
-12
-13
-12
-11
-9
-12
-11
-10
-9
-7
-7
-7
-6
-10
-10
-8
-8
-5
-6
-8
-10
-9
-6
-9
-7
-8
-10
-10
-8
-7
-7
-10
-12
-8
-8
-8
-7
-9
-10
-7
-7
-6
-8
-11
-7
-7
-7
-7
-5
-5
-4
-8
-7
-6
-8
-9
-9
-8
-8
-8
-8
-7
-6
-6
-7
-4
-7
-6
-4
-2
-4
-4
-4
-1
2
3
2
2
2
1
0
4
4
9
10
6
8
7
11
6
8
7
7
8
3
5
4
3
6
4
6
4
3
3
4
5
0
1
6
5
8
6
8
3
3
6
7
9
4
6
10
9
8
9
7
2
2
6
4
4
3
1
1
3
3
-2
2
-3
-7
-4
-5
-6
-2
0
-1
-2
-2
-1
2
2
0
5
0
0
0
2
0
-2
2
0
2
2
0
1
-1
1
1
2
1
-1
-1
-1
-4
0
-1
-1
-2
-2
-3
-2
-5
-5
-2
1
-2
-1
1
-3
-3
-6
-4
-6
-5
-4
-3
-4
-6
-5
-7
-8
-7
-5
-5
-5
-7
-8
-6
-6
-7
-8
-8
-7
-6
-7
-5
-6
-5
-5
-2
-2
-6
-6
-6
-6
-7
-4
-6
-8
-7
-9
-9
-8
-10
-15
-17
-14
-14
-18
-16
-16
-16
-16
-16
-23
-23
-20
-24
-17
-20
-20
-18
-19
-20
-13
-15
-14
-12
-12
-10
-13
-10
-12
-11
-10
-10
-11
-14
-13
-13
-12
-15
-17
-17
-18
-17
-15
-13
-14
-16
-15
-18
-17
-18
-18
-16
-16
-18
-13
-15
-18
-14
-11
-11
-9
-11
-13
-14
-13
-9
-10
-10
-8
-11
-11
-10
-9
-12
-9
-10
-12
-11
-10
-13
-13
-7
-9
-7
-7
-8
-7
-6
-5
-8
-8
-7
-8
-8
-6
-5
-4
-2
-3
-1
-1
1
1
-2
-4
-1
0
-1
1
-1
-2
-4
-1
-3
-3
-2
-4
-3
-4
-2
-3
-5
-3
-2
0
0
-1
-4
-3
-1
1
1
0
-1
-1
1
-2
-4
-3
-3
-1
-1
-1
-3
-1
-1
1
-2
-2
-2
-2
0
-1
-1
-3
-1
1
1
1
1
1
0
2
3
4
5
6
6
6
8
10
7
7
8
5
7
6
6
3
2
1
2
4
0
-4
-3
0
0
-3
-1
-2
-2
-3
2
1
0
0
0
2
2
1
1
1
0
3
0
-1
3
3
4
5
5
3
3
0
0
4
4
2
0
-1
0
1
-1
1
-2
-6
-3
-4
-4
0
0
-1
-3
-5
-1
-4
-3
-2
-2
0
-1
0
-3
1
2
0
0
-1
-1
2
5
5
5
1
-1
0
1
3
1
1
4
4
4
4
2
5
1
0
3
2
4
0
1
1
1
1
1
-3
-4
-2
0
-2
-3
-4
-7
-6
-3
-4
-6
-6
-7
-5
-6
-7
-5
-6
-2
-2
-3
-4
-7
-5
-5
-4
-4
-4
-3
-5
-5
-8
-7
-7
-4
-7
-4
-5
-7
-6
-11
-8
-11
-12
-11
-12
-12
-13
-14
-11
-12
-16
-12
-13
-11
-13
-15
-15
-14
-9
-12
-13
-9
-8
-9
-7
-8
-5
-7
-7
-4
-7
-7
-8
-12
-8
-8
-9
-12
-11
-11
-13
-11
-11
-13
-12
-12
-13
-13
-12
-14
-17
-16
-12
-11
-9
-13
-16
-12
-13
-13
-10
-14
-13
-15
-14
-10
-12
-10
-9
-11
-12
-11
-13
-13
-14
-13
-15
-12
-15
-16
-13
-13
-11
-11
-10
-11
-15
-9
-10
-13
-15
-17
-15
-16
-14
-15
-14
-16
-13
-13
-16
-14
-17
-14
-12
-11
-13
-14
-14
-13
-16
-15
-11
-18
-14
-11
-11
-13
-10
-13
-14
-14
-14
-15
-12
-10
-12
-11
-10
-9
-12
-9
-5
-4
-8
-6
-13
-11
-8
-5
-5
-9
-6
-8
-8
-6
-6
-7
-6
-5
-5
-3
-4
-4
-5
-2
-5
-5
-1
-3
0
1
2
4
6
0
3
2
3
5
8
9
9
9
9
7
9
5
5
4
2
4
2
0
2
2
2
0
-2
-3
-3
-6
-4
-4
-2
-2
-6
1
0
1
3
0
2
2
2
1
1
1
4
4
3
2
2
4
2
3
1
2
1
1
-1
0
0
-2
-2
0
-3
-4
-6
-2
-6
-6
-5
-8
-4
-3
-1
-3
-1
0
-2
0
-1
-2
-4
-1
-2
-3
-1
-1
1
1
-2
0
1
-3
-1
-1
-2
2
3
3
2
-2
-2
1
-2
0
-1
-2
1
-1
-2
1
1
-1
-5
-4
-2
-2
0
-4
-2
-4
-3
-4
-6
-2
-3
-1
0
-3
-5
-5
-3
-2
0
-2
-2
1
-2
-2
-2
1
-2
-1
1
0
-3
2
3
0
3
3
1
3
1
1
3
-1
1
-1
-5
0
-1
1
0
-2
-4
-6
-7
-7
-6
-4
-2
-3
-3
-3
-3
-4
-2
0
1
1
3
4
2
4
4
4
2
1
1
4
5
5
0
3
4
2
2
2
-1
-2
1
0
-1
-3
-5
-3
-2
0
-1
0
-1
0
-2
0
2
0
1
2
2
2
4
5
5
8
10
7
7
3
3
4
5
6
5
5
5
4
5
5
5
5
5
6
6
3
6
5
4
10
8
7
9
7
10
11
12
8
9
10
7
9
12
14
15
14
15
12
9
7
10
12
12
13
10
10
9
11
11
9
9
11
12
10
12
10
13
11
10
13
13
12
12
13
12
13
14
10
10
12
12
10
8
8
9
10
11
9
9
9
8
9
9
10
7
9
9
11
12
9
11
8
11
12
14
15
14
16
19
19
19
15
15
14
14
15
13
12
14
11
9
9
7
7
10
7
8
5
9
10
10
11
6
10
9
11
11
10
10
10
11
11
10
13
11
14
11
13
12
11
13
8
12
10
12
12
10
9
10
9
13
12
8
6
3
6
7
7
8
9
10
8
8
12
10
11
12
10
10
10
11
9
8
10
10
6
8
10
8
10
12
9
8
11
12
8
9
7
9
8
6
9
11
7
4
5
5
5
6
8
8
11
7
5
3
3
5
5
5
4
5
6
8
6
5
4
3
3
4
2
1
2
5
5
6
4
3
3
0
-4
2
2
1
2
-1
-1
-1
-1
-1
2
0
1
-1
0
1
1
1
0
-4
-3
-2
-3
-3
-3
-4
-7
-2
-3
-6
-5
-7
-4
-5
-4
-4
-5
-4
-4
-1
-2
0
0
2
4
1
2
3
4
4
4
4
5
4
4
4
2
2
-1
-2
0
2
2
1
2
-3
-1
-3
-2
0
-1
-2
0
0
-1
0
2
1
-2
-1
-3
-2
-1
0
-1
1
2
4
3
5
1
0
-2
1
-2
-5
-2
-1
1
2
2
3
2
3
2
3
4
3
3
4
4
5
7
5
5
6
6
6
6
6
9
10
14
10
9
14
10
11
9
10
12
10
11
12
8
10
13
13
12
9
13
13
13
12
13
8
7
12
9
10
14
12
12
12
11
10
11
12
12
12
12
12
13
8
9
11
10
9
9
10
9
10
12
9
11
10
9
11
14
17
16
16
21
18
20
20
18
15
18
25
23
21
27
25
24
25
23
19
23
23
20
23
17
16
17
18
19
16
13
14
15
15
22
21
19
19
21
23
24
24
25
27
25
25
29
28
29
30
32
32
28
30
26
29
28
26
30
28
29
31
30
29
26
25
23
21
21
23
24
23
20
18
23
23
22
23
25
25
25
21
18
23
21
21
25
23
18
19
20
20
19
19
20
18
20
16
19
20
18
19
17
20
16
16
14
14
17
12
17
17
13
11
16
12
14
12
11
12
12
13
8
10
9
8
9
8
13
12
14
16
10
9
10
10
10
14
11
12
14
10
13
14
13
13
12
11
12
13
12
12
10
10
10
12
11
10
7
6
6
3
5
7
2
4
3
2
2
0
-2
-5
2
-2
-3
-1
-2
-1
1
1
1
1
0
5
5
5
5
2
3
6
5
3
5
4
3
5
5
6
4
5
4
6
8
3
2
2
1
0
1
0
-2
-1
4
3
4
2
-1
3
2
5
4
2
2
4
3
4
3
5
7
13
14
5
4
4
4
7
7
2
5
5
4
4
6
3
0
2
0
4
3
1
-1
2
3
2
3
3
3
3
1
1
3
1
6
9
7
6
6
4
3
5
3
3
2
1
3
3
5
5
3
5
3
4
6
-1
1
6
7
6
8
7
0
1
3
2
1
1
1
0
2
1
2
-1
-2
-2
-2
-2
0
1
-5
0
-2
-4
-3
-3
1
-2
-2
0
-3
-2
0
2
4
1
6
2
4
4
7
9
6
9
7
3
7
6
3
5
5
4
4
1
0
0
2
2
1
0
3
2
0
1
-4
2
1
-1
2
5
4
5
5
7
6
3
4
5
7
7
6
6
7
7
8
5
8
8
3
3
4
3
1
2
5
5
6
4
1
1
0
0
2
3
2
3
5
6
4
5
4
6
6
3
2
6
4
2
3
3
3
4
4
1
5
2
-1
0
0
1
2
2
-2
3
2
1
0
0
1
-1
3
0
2
1
1
2
2
2
-3
0
-2
-1
1
3
3
-1
1
-1
-2
0
1
1
3
-2
2
1
0
-1
0
-1
-1
0
0
4
0
1
2
5
1
3
2
2
2
1
7
2
3
6
3
2
1
-2
-1
0
-3
-4
-6
-7
-4
-5
-6
-7
-10
-13
-11
-11
-10
-10
-10
-7
-7
-8
-7
-3
-5
-1
1
-1
-3
0
-2
-3
-1
-5
-4
-5
-2
-4
-4
-4
-6
-6
-5
-6
-3
-3
-8
-8
-10
-10
-11
-12
-13
-13
-12
-12
-12
-14
-11
-10
-10
-6
-8
-8
-7
-10
-11
-10
-7
-7
-8
-6
-5
-6
-7
-6
-5
-3
-8
-7
-7
-8
-9
-7
-6
-7
-4
-6
-7
-7
-8
-10
-10
-9
-9
-8
-7
-6
-7
-7
-7
-7
-4
-4
-9
-5
-5
-5
-1
-3
-2
-3
-7
-6
-4
-7
-8
-7
-3
-5
-3
-4
-4
-5
-2
-2
-1
-2
-3
-3
-5
-2
-5
-6
-2
-5
-6
-6
-4
-7
-4
-6
-3
-3
-6
-5
-6
-5
-8
-7
-3
-2
0
-2
-2
-4
-1
0
2
1
-1
0
-2
0
3
2
1
0
2
1
3
3
7
10
10
11
9
9
8
4
7
7
4
4
4
2
3
2
1
-1
-2
-1
-1
-1
-2
0
-1
-4
-1
-4
-1
0
-2
3
2
1
2
1
0
3
3
3
3
1
0
-3
-2
1
1
1
-1
-3
-2
-1
-1
-1
-3
-2
-1
0
-3
0
-2
-1
-2
-2
0
-1
2
1
1
2
-2
-7
-3
-2
-3
0
0
0
-1
0
0
-2
0
-3
-4
-4
-5
-4
-4
-3
-1
-1
-1
-3
-4
-4
-4
-4
-3
-2
-1
-2
-3
-3
1
1
-2
-3
-4
-2
-1
-4
-4
-2
-4
-3
-2
-4
-2
-4
-5
-3
-6
-3
-6
-4
-2
-2
-3
-2
-2
-3
-5
-4
-2
-4
0
-2
0
-3
0
-1
0
2
3
2
2
5
4
3
3
1
0
7
5
14
17
117
219
371
480
588
744
833
936
1006
1041
1070
972
958
922
893
882
782
760
661
565
481
297
177
-61
-253
-435
-646
-722
-868
-914
-940
-912
-757
-679
-510
-386
-259
-109
-65
27
12
-19
-59
-183
-227
-351
-415
-498
-618
-638
-694
-696
-717
-771
-736
-798
-793
-819
-857
-843
-928
-940
-970
-926
-783
-645
-393
-166
142
473
736
1033
1223
1373
1398
1313
1227
1030
820
522
229
-10
-259
-414
-555
-620
-618
-611
-535
-476
-369
-272
-230
-176
-148
-79
-31
9
94
249
470
746
1041
1368
1683
1981
2209
2386
2477
2461
2308
2051
1737
1365
974
544
138
-208
-498
-710
-881
-975
-1027
-1088
-1117
-1154
-1177
-1224
-1305
-1367
-1444
-1488
-1520
-1540
-1549
-1552
-1520
-1442
-1355
-1228
-1091
-964
-834
-742
-635
-568
-536
-531
-570
-586
-590
-533
-381
-182
90
378
678
988
1230
1446
1548
1558
1451
1249
984
647
288
-90
-456
-749
-985
-1120
-1178
-1145
-1043
-899
-719
-528
-336
-174
-62
28
94
151
199
252
332
427
558
711
890
1072
1236
1361
1453
1477
1499
1476
1426
1349
1257
1222
1169
1149
1149
1175
1240
1252
1272
1267
1203
1104
909
725
493
232
-10
-298
-497
-667
-777
-821
-867
-808
-756
-692
-600
-564
-499
-541
-643
-774
-1019
-1223
-1542
-1834
-2092
-2332
-2468
-2587
-2607
-2538
-2438
-2267
-2113
-1912
-1696
-1549
-1368
-1234
-992
-656
-224
274
758
1274
1791
2240
2620
2878
3034
2994
2748
2390
1941
1415
776
78
-582
-1166
-1650
-2021
-2256
-2332
-2301
-2186
-1991
-1717
-1385
-1084
-834
-590
-323
-57
171
388
629
889
1152
1427
1716
1990
2207
2339
2405
2396
2305
2105
1796
1404
1082
739
465
180
15
-20
-21
155
372
669
943
1066
1246
1296
1319
1274
1044
885
574
382
214
11
22
-64
-1
51
114
291
302
339
264
114
-19
-328
-604
-994
-1406
-1759
-2200
-2498
-2830
-3061
-3231
-3393
-3479
-3494
-3524
-3491
-3479
-3378
-3244
-3081
-2829
-2481
-2021
-1385
-650
208
1141
1973
2839
3514
4088
4455
4551
4488
4128
3573
2890
2006
1183
212
-674
-1445
-2146
-2563
-2934
-3075
-3070
-3028
-2797
-2623
-2338
-2050
-1846
-1545
-1330
-1001
-653
-306
160
605
1157
1699
2220
2754
3148
3466
3619
3613
3484
3154
2708
2117
1445
763
67
-521
-935
-1224
-1286
-1259
-1021
-678
-305
205
658
1096
1440
1614
1812
1799
1776
1699
1516
1419
1177
1080
992
870
916
820
836
756
680
659
469
372
165
-59
-264
-602
-828
-1172
-1489
-1770
-2114
-2336
-2619
-2831
-3014
-3213
-3250
-3349
-3365
-3350
-3365
-3294
-3355
-3303
-3228
-3147
-2970
-2785
-2381
-1868
-1215
-337
540
1541
2393
3221
3914
4374
4681
4654
4450
3982
3289
2538
1577
687
-284
-1152
-1845
-2447
-2748
-2998
-3042
-2940
-2817
-2539
-2339
-2044
-1794
-1618
-1375
-1184
-869
-564
-224
254
717
1305
1866
2429
2968
3350
3658
3770
3749
3560
3173
2674
2025
1329
675
75
-393
-752
-950
-939
-803
-543
-208
257
706
1103
1401
1674
1825
1870
1815
1707
1577
1417
1242
1107
1016
978
978
965
990
970
962
883
749
637
440
229
-68
-380
-688
-1061
-1415
-1771
-2140
-2438
-2818
-3083
-3390
-3623
-3768
-3997
-4039
-4192
-4227
-4268
-4297
-4165
-4066
-3883
-3596
-3297
-2703
-2169
-1333
-363
622
1749
2615
3607
4367
4928
5289
5283
5166
4718
3986
3213
2161
1235
107
-944
-1777
-2555
-2994
-3448
-3630
-3591
-3540
-3280
-3098
-2779
-2438
-2217
-1881
-1615
-1204
-784
-390
164
698
1374
2018
2633
3248
3718
4105
4293
4308
4175
3809
3320
2622
1863
1068
262
-476
-1117
-1477
-1660
-1609
-1409
-1068
-514
41
663
1234
1685
2100
2234
2368
2335
2251
2155
1880
1704
1493
1371
1346
1242
1294
1259
1246
1238
1087
1055
823
607
326
-26
-298
-709
-1086
-1486
-1902
-2198
-2583
-2899
-3174
-3503
-3650
-3944
-4044
-4170
-4265
-4290
-4423
-4424
-4377
-4351
-4157
-4088
-3762
-3395
-2938
-2246
-1493
-418
642
1705
2793
3718
4617
5185
5509
5616
5406
4992
4224
3328
2321
1198
81
-1061
-1968
-2703
-3271
-3647
-3840
-3769
-3606
-3368
-3091
-2775
-2420
-2142
-1869
-1583
-1239
-857
-479
-2
549
1188
1849
2483
3120
3660
4095
4358
4424
4336
4032
3541
2872
2069
1250
380
-426
-1182
-1748
-2134
-2276
-2125
-1813
-1280
-691
-40
687
1378
2064
2576
2923
3153
3173
3205
3030
2842
2584
2223
1932
1627
1435
1292
1120
1055
885
827
736
606
489
255
57
-217
-524
-807
-1198
-1584
-2013
-2426
-2752
-3131
-3401
-3709
-3962
-4166
-4334
-4415
-4509
-4586
-4626
-4679
-4665
-4601
-4467
-4270
-4032
-3604
-3081
-2293
-1275
-96
1163
2324
3497
4527
5371
5937
6180
6173
5816
5133
4280
3178
2058
747
-520
-1665
-2627
-3282
-3828
-4088
-4119
-4015
-3727
-3464
-3080
-2694
-2412
-2134
-1920
-1580
-1248
-926
-483
1
655
1340
2064
2828
3509
4116
4544
4792
4877
4712
4345
3717
2923
2049
1077
137
-794
-1563
-2163
-2545
-2724
-2590
-2196
-1647
-991
-343
420
1178
1886
2502
2934
3303
3480
3507
3506
3320
3185
2869
2527
2226
1916
1753
1448
1226
1023
790
682
439
281
111
-141
-318
-649
-859
-1126
-1499
-1816
-2309
-2626
-2994
-3402
-3733
-4123
-4336
-4563
-4711
-4779
-4830
-4815
-4797
-4797
-4652
-4511
-4287
-4062
-3694
-3185
-2370
-1376
-197
1069
2266
3520
4538
5471
6088
6412
6470
6085
5462
4602
3504
2359
919
-387
-1639
-2702
-3432
-4108
-4337
-4434
-4333
-4020
-3737
-3214
-2808
-2475
-2138
-1901
-1502
-1209
-905
-483
-77
569
1179
1898
2677
3358
4023
4467
4804
4978
4880
4586
3986
3255
2403
1405
431
-563
-1412
-2084
-2601
-2744
-2685
-2326
-1840
-1236
-498
263
1089
1819
2450
2962
3294
3538
3617
3580
3462
3220
2955
2601
2348
2102
1844
1631
1370
1205
1007
832
657
420
207
-61
-324
-590
-927
-1254
-1665
-2116
-2534
-2985
-3340
-3766
-4100
-4420
-4654
-4823
-4883
-4934
-4911
-4897
-4856
-4773
-4694
-4552
-4369
-4125
-3732
-3235
-2393
-1312
-131
1228
2434
3731
4841
5712
6377
6620
6690
6292
5574
4682
3477
2284
798
-645
-1862
-2986
-3715
-4377
-4647
-4617
-4517
-4123
-3805
-3276
-2786
-2469
-2100
-1864
-1504
-1184
-936
-534
-125
497
1148
1828
2652
3361
4054
4555
4901
5121
5037
4751
4170
3408
2542
1515
496
-554
-1460
-2171
-2701
-2970
-2987
-2610
-2074
-1398
-603
331
1285
2099
2760
3318
3713
3935
3899
3812
3596
3315
2940
2533
2212
1911
1689
1426
1221
1119
1007
880
697
529
347
70
-243
-604
-947
-1324
-1797
-2240
-2731
-3143
-3532
-3978
-4343
-4677
-4862
-5057
-5209
-5239
-5250
-5223
-5216
-5210
-5017
-4873
-4617
-4316
-3851
-3095
-2108
-883
450
1807
3218
4425
5512
6338
6880
7114
6936
6391
5610
4540
3328
1874
373
-1055
-2361
-3367
-4208
-4724
-4901
-4914
-4683
-4367
-3888
-3338
-2933
-2535
-2225
-1852
-1487
-1217
-840
-448
91
721
1384
2184
2981
3743
4381
4850
5231
5365
5261
4869
4231
3461
2493
1428
328
-728
-1627
-2381
-2893
-3042
-2915
-2496
-1959
-1224
-296
617
1492
2211
2825
3339
3595
3748
3724
3616
3429
3087
2819
2533
2328
2133
1874
1721
1545
1413
1238
971
786
482
198
-151
-510
-805
-1219
-1625
-2090
-2529
-2917
-3385
-3811
-4261
-4675
-4988
-5330
-5489
-5631
-5632
-5622
-5578
-5430
-5254
-5020
-4775
-4518
-4037
-3505
-2661
-1585
-332
1065
2334
3683
4856
5878
6640
7022
7169
6918
6300
5484
4319
3111
1593
58
-1379
-2690
-3634
-4508
-5004
-5178
-5177
-4865
-4553
-4023
-3446
-3006
-2530
-2180
-1714
-1316
-1013
-598
-223
363
965
1622
2399
3122
3858
4447
4915
5275
5359
5247
4835
4213
3453
2469
1436
302
-751
-1688
-2450
-2981
-3187
-3058
-2671
-2069
-1341
-377
597
1530
2327
2976
3562
3876
3998
4024
3811
3653
3226
2892
2580
2254
2096
1761
1623
1470
1299
1230
923
789
515
159
-129
-626
-923
-1405
-1900
-2330
-2910
-3232
-3731
-4198
-4546
-5055
-5252
-5561
-5722
-5750
-5824
-5718
-5708
-5617
-5350
-5252
-4902
-4649
-4204
-3477
-2539
-1251
115
1505
2953
4268
5522
6464
7113
7511
7473
7084
6358
5358
4209
2758
1139
-448
-1921
-3102
-4155
-4912
-5284
-5426
-5262
-5012
-4543
-3911
-3408
-2921
-2538
-2087
-1618
-1320
-967
-622
-138
446
1018
1778
2543
3336
4057
4625
5155
5477
5564
5375
4899
4296
3444
2441
1330
151
-882
-1868
-2622
-3147
-3320
-3144
-2782
-2169
-1372
-371
650
1528
2330
3006
3573
3892
4000
4028
3865
3663
3280
2945
2673
2391
2158
1868
1710
1582
1437
1279
1017
834
581
251
-82
-476
-817
-1309
-1805
-2332
-2817
-3266
-3809
-4334
-4827
-5257
-5575
-5884
-6063
-6145
-6130
-6051
-5966
-5743
-5518
-5268
-5017
-4710
-4194
-3549
-2577
-1391
-14
1407
2784
4195
5444
6454
7190
7558
7678
7332
6690
5762
4554
3206
1529
-85
-1631
-2973
-4056
-4999
-5482
-5665
-5606
-5300
-4931
-4272
-3689
-3183
-2673
-2234
-1685
-1352
-1028
-638
-212
378
929
1624
2407
3174
3946
4564
5127
5549
5687
5620
5226
4689
3919
2923
1820
606
-508
-1565
-2454
-3085
-3385
-3338
-3032
-2501
-1730
-772
248
1180
2010
2744
3341
3709
3873
3917
3814
3635
3302
3015
2753
2528
2318
2072
1934
1828
1696
1540
1287
1073
787
408
46
-412
-807
-1324
-1866
-2368
-2920
-3399
-3943
-4510
-4989
-5481
-5774
-6064
-6270
-6293
-6370
-6226
-6177
-5985
-5760
-5571
-5276
-4945
-4406
-3598
-2571
-1193
220
1712
3209
4606
5922
6888
7585
7944
7954
7568
6834
5828
4593
3075
1388
-314
-1871
-3193
-4363
-5227
-5729
-5875
-5780
-5510
-5046
-4418
-3835
-3310
-2833
-2309
-1811
-1459
-1103
-729
-206
369
983
1713
2511
3342
4107
4769
5355
5758
5918
5801
5414
4858
4044
3038
1858
630
-543
-1639
-2565
-3270
-3667
-3694
-3469
-2952
-2210
-1305
-275
654
1563
2363
3045
3565
3835
4019
4045
3948
3768
3497
3295
3056
2819
2572
2323
2155
1940
1709
1439
1154
870
487
94
-343
-773
-1243
-1768
-2286
-2796
-3274
-3784
-4269
-4761
-5184
-5537
-5841
-6038
-6128
-6157
-6093
-6036
-5872
-5742
-5541
-5320
-5075
-4630
-4089
-3163
-1960
-564
915
2374
3879
5261
6401
7275
7780
8054
7845
7264
6426
5290
3982
2314
587
-1037
-2493
-3714
-4810
-5468
-5751
-5810
-5602
-5276
-4659
-4014
-3500
-2994
-2528
-1960
-1562
-1266
-922
-525
26
558
1181
1966
2771
3583
4282
4932
5504
5822
5906
5677
5267
4653
3769
2716
1506
318
-828
-1897
-2743
-3359
-3640
-3597
-3322
-2733
-1992
-1072
-143
728
1616
2411
3087
3538
3825
4054
4120
4061
3880
3647
3424
3110
2833
2550
2323
2110
1836
1560
1285
1034
757
396
29
-338
-733
-1179
-1692
-2169
-2678
-3234
-3765
-4296
-4790
-5268
-5722
-6086
-6323
-6482
-6492
-6526
-6437
-6340
-6162
-5916
-5639
-5152
-4584
-3746
-2517
-1105
479
1985
3529
5038
6253
7251
7887
8287
8271
7765
7058
6010
4810
3246
1485
-182
-1772
-3125
-4350
-5259
-5689
-5959
-5910
-5737
-5264
-4597
-4118
-3609
-3128
-2536
-2015
-1673
-1247
-808
-257
322
930
1736
2551
3374
4131
4783
5427
5840
6041
5929
5592
5100
4316
3346
2205
1006
-154
-1317
-2288
-3056
-3537
-3764
-3725
-3315
-2676
-1830
-913
34
990
1881
2671
3289
3752
4032
4165
4182
4050
3874
3603
3296
2944
2642
2401
2160
1962
1727
1507
1304
1053
807
483
112
-327
-812
-1310
-1892
-2439
-3064
-3706
-4291
-4837
-5295
-5719
-6068
-6282
-6423
-6412
-6366
-6262
-6099
-6005
-5791
-5588
-5256
-4763
-4163
-3205
-1996
-532
1014
2487
4057
5450
6628
7497
8024
8342
8138
7581
6704
5568
4251
2541
790
-919
-2453
-3755
-4930
-5634
-5992
-6080
-5908
-5628
-4980
-4334
-3760
-3222
-2728
-2118
-1704
-1351
-977
-568
-25
481
1109
1878
2665
3489
4191
4862
5452
5824
5988
5820
5481
4907
4086
3085
1898
708
-480
-1602
-2534
-3251
-3652
-3784
-3551
-3041
-2298
-1388
-433
563
1483
2340
3065
3611
3989
4144
4235
4150
3952
3709
3382
3121
2783
2490
2246
2007
1840
1571
1373
1145
878
617
195
-180
-619
-1142
-1660
-2301
-2860
-3498
-4113
-4635
-5201
-5596
-5996
-6262
-6371
-6489
-6403
-6373
-6213
-6100
-5974
-5727
-5497
-5078
-4502
-3582
-2297
-892
682
2202
3811
5339
6544
7541
8144
8532
8413
7895
7123
6028
4737
3012
1196
-493
-2104
-3490
-4766
-5584
-5981
-6173
-6039
-5791
-5159
-4497
-3973
-3404
-2884
-2242
-1797
-1482
-1099
-693
-154
342
934
1726
2504
3341
4073
4790
5468
5881
6105
6010
5744
5257
4475
3508
2328
1128
-72
-1270
-2256
-3069
-3553
-3789
-3672
-3188
-2481
-1572
-658
304
1233
2078
2815
3351
3772
4003
4133
4143
4010
3879
3639
3402
3114
2840
2628
2345
2099
1779
1478
1200
831
507
64
-352
-788
-1295
-1736
-2301
-2793
-3353
-3951
-4452
-4987
-5435
-5860
-6235
-6416
-6631
-6638
-6663
-6589
-6436
-6345
-6063
-5748
-5232
-4574
-3631
-2329
-854
725
2309
3845
5377
6580
7526
8141
8475
8432
7925
7147
6072
4820
3230
1447
-256
-1816
-3212
-4452
-5362
-5828
-6034
-6017
-5829
-5364
-4727
-4213
-3694
-3184
-2590
-2069
-1683
-1279
-815
-235
336
965
1738
2570
3397
4155
4833
5477
5914
6129
6065
5785
5308
4566
3628
2495
1310
128
-1031
-2054
-2870
-3396
-3575
-3494
-3119
-2497
-1660
-748
140
1030
1900
2710
3320
3735
4018
4185
4182
4048
3834
3624
3364
3051
2730
2462
2241
1998
1706
1442
1203
954
642
275
-81
-492
-956
-1504
-2090
-2652
-3270
-3888
-4511
-5108
-5602
-6082
-6451
-6723
-6856
-6869
-6867
-6765
-6613
-6404
-6130
-5868
-5398
-4819
-3923
-2710
-1286
304
1848
3457
4989
6323
7392
8112
8576
8631
8253
7596
6592
5411
3827
2053
277
-1398
-2869
-4268
-5313
-5925
-6262
-6286
-6167
-5690
-5049
-4485
-3916
-3369
-2694
-2129
-1724
-1299
-881
-313
217
805
1542
2336
3171
3935
4658
5363
5876
6186
6199
6010
5635
4969
4088
2973
1790
568
-669
-1765
-2705
-3318
-3625
-3627
-3309
-2726
-1892
-937
105
1147
2121
2958
3552
3951
4169
4222
4127
3887
3599
3229
2926
2601
2314
2126
1959
1846
1697
1594
1476
1296
1064
710
350
-94
-649
-1234
-1910
-2545
-3216
-3875
-4484
-5091
-5551
-6030
-6349
-6544
-6614
-6607
-6553
-6430
-6244
-6087
-5913
-5744
-5434
-5025
-4427
-3458
-2237
-758
765
2345
3955
5455
6736
7686
8331
8662
8546
8094
7263
6169
4804
3071
1263
-551
-2148
-3624
-4875
-5707
-6200
-6318
-6203
-5854
-5221
-4589
-3949
-3352
-2760
-2143
-1718
-1330
-1011
-620
-140
327
945
1640
2435
3254
4031
4801
5467
5952
6204
6179
5973
5480
4760
3793
2620
1396
114
-1072
-2160
-3014
-3604
-3792
-3619
-3149
-2436
-1513
-383
721
1780
2683
3447
4004
4259
4328
4304
4100
3841
3367
3031
2677
2374
2149
1892
1834
1704
1619
1535
1376
1288
986
627
209
-323
-807
-1522
-2190
-2884
-3603
-4204
-4910
-5429
-5961
-6363
-6588
-6779
-6772
-6729
-6598
-6418
-6301
-6073
-5901
-5675
-5316
-4866
-3986
-2872
-1451
87
1643
3321
4874
6318
7434
8219
8745
8806
8486
7821
6821
5598
3929
2125
231
-1494
-3042
-4504
-5526
-6199
-6478
-6448
-6241
-5663
-4998
-4330
-3706
-3117
-2419
-1905
-1493
-1145
-797
-293
151
707
1368
2132
2963
3736
4518
5255
5831
6209
6275
6158
5804
5171
4308
3170
1963
680
-585
-1760
-2760
-3471
-3874
-3903
-3597
-2989
-2092
-997
123
1237
2259
3158
3846
4249
4436
4486
4354
4083
3674
3296
2901
2510
2202
1919
1804
1704
1619
1556
1464
1415
1225
936
576
121
-351
-1020
-1692
-2355
-3081
-3766
-4498
-5096
-5647
-6120
-6444
-6708
-6725
-6731
-6609
-6454
-6319
-6108
-5984
-5856
-5699
-5415
-4892
-4073
-2876
-1437
94
1758
3417
5097
6522
7631
8445
8932
8972
8590
7878
6870
5503
3776
1861
-32
-1758
-3407
-4811
-5823
-6393
-6601
-6546
-6201
-5570
-4837
-4168
-3555
-2889
-2225
-1766
-1430
-1145
-763
-348
70
610
1306
2115
2934
3766
4606
5390
5996
6362
6449
6345
5966
5309
4358
3196
1934
600
-729
-1947
-2939
-3646
-4094
-4172
-3813
-3157
-2276
-1330
-176
1006
2097
3043
3757
4335
4641
4732
4687
4484
4237
3805
3365
2950
2539
2282
1948
1718
1534
1377
1281
1081
954
712
406
55
-435
-895
-1486
-2152
-2786
-3543
-4170
-4833
-5407
-5950
-6440
-6671
-6834
-6846
-6755
-6597
-6336
-6140
-5955
-5708
-5478
-5112
-4728
-3976
-2895
-1569
-72
1408
3018
4616
6039
7183
8018
8609
8798
8525
7928
7006
5876
4306
2471
610
-1142
-2733
-4247
-5393
-6118
-6461
-6514
-6340
-5819
-5101
-4409
-3758
-3134
-2423
-1815
-1398
-1054
-716
-254
167
652
1261
1987
2774
3533
4292
5048
5679
6108
6262
6196
5927
5386
4590
3524
2339
1072
-203
-1427
-2485
-3291
-3802
-4063
-3911
-3369
-2564
-1611
-583
585
1722
2741
3538
4126
4537
4689
4620
4470
4164
3812
3345
2885
2493
2164
1953
1704
1529
1437
1326
1278
1118
922
677
248
-180
-772
-1342
-2008
-2760
-3435
-4210
-4795
-5349
-5870
-6256
-6601
-6701
-6756
-6753
-6599
-6482
-6246
-6177
-6032
-5776
-5450
-4897
-4091
-2917
-1463
66
1704
3361
4990
6438
7539
8375
8868
8965
8671
7969
6999
5725
4094
2261
360
-1373
-2985
-4437
-5498
-6190
-6458
-6489
-6274
-5717
-5076
-4396
-3783
-3161
-2509
-2004
-1585
-1241
-866
-395
50
621
1280
2062
2901
3700
4519
5272
5884
6288
6406
6334
5994
5386
4532
3432
2226
922
-379
-1576
-2622
-3388
-3904
-4045
-3797
-3262
-2441
-1491
-410
700
1742
2679
3409
3959
4261
4361
4352
4181
3937
3588
3225
2878
2564
2320
2120
1971
1840
1709
1585
1431
1244
968
596
142
-372
-949
-1601
-2275
-2951
-3626
-4262
-4849
-5333
-5757
-6101
-6356
-6466
-6520
-6499
-6406
-6319
-6191
-6136
-6002
-5835
-5500
-4951
-4071
-2858
-1380
173
1865
3535
5182
6598
7669
8471
8896
8949
8562
7820
6809
5459
3791
1930
57
-1608
-3217
-4575
-5562
-6149
-6333
-6349
-6029
-5486
-4832
-4189
-3639
-3017
-2432
-1976
-1604
-1308
-908
-455
-1
588
1258
2104
2922
3747
4571
5314
5923
6266
6367
6262
5882
5250
4344
3234
2028
733
-514
-1701
-2678
-3367
-3833
-3913
-3619
-3030
-2211
-1353
-302
800
1831
2749
3424
4010
4326
4433
4447
4282
4107
3747
3350
3007
2640
2426
2139
1919
1745
1553
1466
1236
1038
773
392
13
-540
-1029
-1611
-2272
-2901
-3634
-4206
-4794
-5296
-5726
-6121
-6276
-6409
-6415
-6363
-6242
-6043
-5928
-5823
-5702
-5506
-5184
-4755
-3909
-2781
-1366
123
1682
3349
4921
6349
7414
8213
8704
8764
8439
7734
6764
5507
3858
2060
193
-1461
-3021
-4414
-5394
-6032
-6229
-6230
-5972
-5396
-4757
-4091
-3521
-2916
-2290
-1836
-1453
-1164
-803
-353
56
618
1240
2016
2825
3602
4407
5133
5739
6110
6217
6142
5799
5209
4356
3274
2112
847
-372
-1528
-2496
-3199
-3637
-3648
-3368
-2799
-2004
-1090
-46
983
1970
2835
3497
3994
4217
4350
4320
4143
3894
3504
3159
2793
2462
2208
1959
1817
1638
1505
1404
1233
1080
775
406
14
-495
-1022
-1674
-2337
-3019
-3743
-4366
-5021
-5549
-5967
-6373
-6534
-6686
-6695
-6614
-6548
-6386
-6313
-6152
-6020
-5795
-5328
-4664
-3584
-2243
-739
899
2556
4254
5788
7074
8048
8681
8982
8818
8307
7465
6324
4832
3057
1183
-617
-2274
-3798
-5036
-5856
-6308
-6448
-6333
-5936
-5322
-4690
-4088
-3516
-2875
-2324
-1910
-1559
-1213
-762
-294
230
878
1650
2498
3336
4169
4986
5681
6185
6413
6418
6207
5707
4950
3926
2762
1508
210
-1024
-2130
-2961
-3490
-3714
-3585
-3150
-2414
-1489
-454
605
1618
2536
3248
3739
4049
4175
4142
3958
3666
3323
2988
2645
2341
2126
1967
1869
1787
1733
1680
1598
1448
1170
829
395
-162
-750
-1485
-2214
-2952
-3707
-4385
-5060
-5560
-6034
-6367
-6527
-6625
-6503
-6406
-6286
-6100
-5999
-5847
-5815
-5687
-5421
-4984
-4087
-3035
-1587
-16
1602
3362
4953
6464
7624
8455
8972
8998
8743
8034
7002
5698
3943
2135
188
-1590
-3192
-4632
-5588
-6271
-6490
-6414
-6114
-5467
-4851
-4167
-3515
-2921
-2291
-1883
-1506
-1207
-893
-457
-57
534
1200
1974
2843
3669
4543
5333
5955
6373
6493
6431
6080
5447
4567
3429
2210
877
-426
-1618
-2623
-3358
-3760
-3765
-3442
-2827
-1970
-983
111
1199
2182
3026
3657
4062
4251
4313
4183
3949
3635
3251
2893
2569
2321
2130
2002
1916
1828
1781
1713
1575
1401
1088
701
232
-325
-963
-1656
-2341
-3100
-3796
-4460
-5035
-5517
-5901
-6171
-6332
-6363
-6310
-6204
-6054
-5934
-5832
-5779
-5777
-5698
-5545
-5163
-4427
-3349
-1958
-431
1222
2978
4697
6241
7438
8363
8957
9080
8826
8151
7203
5910
4212
2350
414
-1328
-2989
-4441
-5466
-6117
-6331
-6299
-6018
-5395
-4729
-4051
-3469
-2882
-2274
-1880
-1568
-1354
-1054
-670
-311
211
863
1673
2555
3418
4326
5172
5884
6359
6537
6537
6237
5662
4795
3671
2452
1126
-201
-1449
-2506
-3269
-3742
-3843
-3560
-2973
-2142
-1207
-158
919
1926
2804
3456
3939
4224
4318
4281
4114
3879
3564
3211
2878
2587
2374
2168
1981
1837
1715
1611
1456
1248
979
632
204
-304
-852
-1450
-2103
-2784
-3488
-4108
-4688
-5222
-5686
-6081
-6301
-6451
-6461
-6443
-6385
-6263
-6185
-6098
-6051
-6002
-5805
-5545
-4852
-3830
-2475
-902
672
2472
4195
5829
7175
8163
8907
9154
9022
8520
7626
6530
4936
3133
1219
-624
-2233
-3833
-5005
-5819
-6237
-6283
-6189
-5676
-5054
-4451
-3846
-3329
-2689
-2222
-1890
-1589
-1361
-927
-540
-31
643
1402
2313
3182
4094
4999
5759
6338
6598
6652
6479
5978
5239
4185
3002
1707
359
-899
-2046
-2926
-3554
-3894
-3759
-3343
-2618
-1782
-826
326
1361
2360
3105
3706
4163
4295
4365
4263
4095
3850
3419
3134
2786
2582
2401
2140
2058
1859
1789
1635
1398
1236
841
492
-2
-539
-1006
-1727
-2317
-3057
-3709
-4230
-4873
-5282
-5791
-6076
-6237
-6434
-6361
-6391
-6254
-6161
-6187
-6013
-6012
-5903
-5768
-5458
-4583
-3585
-2148
-628
1017
2871
4504
6117
7368
8343
9013
9110
8944
8352
7460
6265
4553
2812
897
-870
-2512
-4038
-5053
-5830
-6171
-6214
-6017
-5430
-4886
-4282
-3703
-3170
-2544
-2170
-1835
-1574
-1287
-862
-494
80
768
1566
2463
3325
4272
5148
5871
6390
6610
6648
6403
5873
5080
4001
2822
1518
193
-1048
-2142
-2956
-3549
-3777
-3588
-3102
-2365
-1563
-619
434
1434
2348
3050
3617
3987
4164
4227
4144
4029
3814
3493
3211
2959
2784
2604
2399
2224
2046
1910
1704
1449
1173
783
355
-128
-659
-1187
-1791
-2412
-3076
-3682
-4215
-4711
-5159
-5561
-5857
-6038
-6102
-6136
-6054
-6012
-5961
-5903
-5881
-5803
-5809
-5701
-5428
-4823
-3782
-2547
-1024
604
2298
4062
5599
6978
8006
8697
8995
8821
8390
7553
6410
4915
3123
1324
-476
-2130
-3579
-4754
-5502
-5973
-6053
-5856
-5432
-4812
-4273
-3700
-3159
-2636
-2184
-1894
-1632
-1378
-1055
-645
-162
501
1275
2111
3027
3931
4849
5623
6188
6514
6580
6429
5981
5261
4284
3120
1869
569
-684
-1778
-2672
-3293
-3658
-3648
-3227
-2559
-1732
-863
160
1227
2184
2956
3526
3959
4191
4225
4132
3983
3791
3475
3122
2835
2637
2505
2335
2168
2031
1953
1813
1584
1354
1027
633
114
-456
-1010
-1638
-2305
-3030
-3700
-4271
-4850
-5291
-5735
-6036
-6169
-6243
-6186
-6115
-5917
-5757
-5688
-5634
-5624
-5612
-5612
-5531
-5049
-4179
-3024
-1615
-73
1707
3481
5153
6600
7751
8634
9062
9025
8665
7929
6908
5422
3623
1785
-74
-1786
-3446
-4712
-5542
-6077
-6216
-6104
-5630
-4965
-4370
-3756
-3195
-2600
-2109
-1842
-1598
-1407
-1097
-764
-391
213
940
1794
2681
3597
4581
5433
6099
6506
6663
6620
6239
5590
4647
3498
2255
907
-406
-1612
-2584
-3284
-3715
-3723
-3370
-2724
-1915
-1033
40
1105
2075
2851
3418
3849
4010
4046
3936
3765
3569
3251
2986
2749
2623
2556
2428
2363
2262
2207
2081
1829
1587
1196
764
194
-425
-1019
-1692
-2337
-3032
-3655
-4154
-4650
-5032
-5385
-5630
-5721
-5784
-5753
-5708
-5569
-5471
-5489
-5509
-5586
-5677
-5808
-5849
-5574
-4792
-3707
-2360
-815
959
2851
4617
6182
7465
8471
9074
9142
8867
8264
7312
5970
4183
2354
517
-1218
-2874
-4286
-5170
-5735
-5957
-5886
-5523
-4858
-4267
-3736
-3195
-2683
-2185
-1958
-1806
-1652
-1434
-1105
-796
-252
486
1344
2279
3222
4243
5216
5968
6484
6712
6764
6510
5918
5054
3930
2726
1396
48
-1186
-2221
-2957
-3398
-3515
-3229
-2665
-1884
-1038
-119
907
1824
2616
3163
3549
3792
3843
3803
3638
3480
3296
3053
2884
2746
2693
2637
2520
2436
2297
2191
1966
1638
1280
825
348
-233
-845
-1454
-2109
-2745
-3409
-3981
-4462
-4924
-5298
-5650
-5865
-5950
-5986
-5967
-5943
-5846
-5801
-5778
-5798
-5838
-5863
-5808
-5520
-4778
-3672
-2286
-761
944
2779
4535
6124
7389
8394
9012
9156
8917
8326
7431
6160
4485
2656
796
-922
-2572
-4025
-5027
-5682
-5963
-5992
-5709
-5138
-4565
-4014
-3521
-2982
-2470
-2161
-1930
-1743
-1477
-1114
-738
-169
536
1398
2315
3241
4237
5159
5926
6432
6673
6715
6470
5920
5085
4003
2803
1486
168
-1070
-2132
-2924
-3473
-3715
-3555
-3034
-2285
-1430
-449
633
1681
2559
3226
3738
4076
4187
4121
3992
3799
3520
3189
2862
2645
2493
2355
2215
2118
2064
1979
1835
1630
1370
1045
574
16
-561
-1186
-1846
-2574
-3268
-3904
-4473
-4946
-5395
-5692
-5881
-5953
-5929
-5846
-5697
-5529
-5435
-5405
-5413
-5429
-5552
-5660
-5553
-5085
-4212
-3056
-1636
-37
1781
3579
5253
6707
7867
8698
9071
9003
8589
7822
6714
5158
3355
1494
-357
-2050
-3639
-4816
-5580
-5989
-6044
-5848
-5300
-4645
-4027
-3453
-2929
-2372
-1973
-1776
-1609
-1445
-1170
-881
-482
140
896
1796
2695
3677
4677
5532
6188
6566
6708
6620
6202
5485
4478
3317
2044
676
-615
-1780
-2669
-3312
-3632
-3500
-3048
-2315
-1468
-488
603
1603
2489
3137
3639
3949
3995
3954
3761
3556
3277
2926
2689
2459
2371
2290
2215
2236
2185
2192
2080
1886
1657
1225
782
192
-448
-1080
-1840
-2500
-3229
-3852
-4366
-4867
-5161
-5476
-5621
-5637
-5621
-5468
-5377
-5206
-5098
-5114
-5123
-5292
-5440
-5684
-5820
-5546
-4858
-3742
-2444
-922
894
2809
4637
6170
7476
8518
9069
9130
8790
8178
7225
5755
3938
2044
259
-1479
-3172
-4493
-5306
-5721
-5888
-5782
-5263
-4538
-3917
-3427
-2924
-2349
-1936
-1793
-1748
-1626
-1402
-1168
-874
-330
451
1346
2263
3245
4323
5324
6065
6513
6740
6760
6455
5784
4823
3681
2433
1071
-289
-1488
-2438
-3107
-3544
-3583
-3154
-2454
-1549
-638
402
1493
2408
3111
3547
3882
4005
3870
3686
3391
3165
2883
2543
2373
2271
2335
2309
2288
2343
2329
2326
2119
1844
1533
1034
465
-235
-905
-1568
-2317
-2990
-3663
-4181
-4594
-5006
-5260
-5462
-5532
-5504
-5498
-5385
-5314
-5228
-5266
-5378
-5451
-5631
-5838
-5988
-5896
-5334
-4399
-3156
-1638
77
1989
3817
5518
6952
8090
8849
9097
8933
8446
7588
6354
4710
2884
1048
-740
-2383
-3829
-4833
-5448
-5743
-5705
-5395
-4816
-4188
-3667
-3185
-2719
-2299
-2040
-1949
-1839
-1689
-1434
-1108
-622
106
968
1926
2920
3970
4988
5837
6418
6727
6781
6583
6033
5193
4110
2876
1559
208
-1040
-2076
-2850
-3326
-3461
-3192
-2628
-1863
-969
-36
991
1902
2671
3252
3628
3858
3850
3786
3610
3383
3158
2849
2664
2517
2420
2403
2325
2331
2276
2191
2073
1792
1524
1074
580
49
-627
-1223
-1936
-2590
-3202
-3838
-4294
-4761
-5097
-5328
-5572
-5591
-5680
-5626
-5573
-5599
-5526
-5604
-5617
-5715
-5883
-5914
-5845
-5364
-4498
-3365
-1833
-235
1604
3427
5108
6645
7776
8622
8998
8938
8568
7766
6670
5172
3399
1616
-235
-1869
-3366
-4532
-5247
-5714
-5748
-5561
-5104
-4501
-4005
-3475
-3012
-2575
-2223
-2064
-1877
-1694
-1434
-1053
-595
126
947
1885
2873
3872
4875
5711
6321
6672
6742
6587
6093
5309
4296
3081
1805
461
-783
-1853
-2683
-3235
-3496
-3330
-2847
-2144
-1317
-397
641
1612
2439
3085
3586
3913
4007
3968
3846
3682
3447
3113
2860
2655
2527
2412
2300
2245
2158
2092
1931
1710
1473
1091
625
77
-513
-1108
-1804
-2475
-3182
-3801
-4335
-4855
-5209
-5545
-5721
-5837
-5865
-5818
-5769
-5648
-5625
-5622
-5644
-5709
-5796
-5864
-5691
-5146
-4203
-2958
-1467
239
2065
3881
5553
6980
8103
8839
9146
8986
8505
7640
6439
4849
3013
1149
-675
-2334
-3806
-4895
-5560
-5903
-5908
-5622
-5109
-4466
-3918
-3380
-2908
-2452
-2105
-1927
-1744
-1553
-1245
-849
-343
387
1255
2206
3185
4166
5140
5933
6479
6744
6731
6485
5905
5053
3951
2701
1381
44
-1189
-2215
-2975
-3442
-3622
-3428
-2868
-2097
-1221
-323
632
1582
2420
3089
3596
3931
4115
4122
4046
3921
3727
3486
3179
2923
2726
2551
2390
2181
2020
1847
1638
1410
1108
788
366
-148
-679
-1252
-1805
-2426
-3083
-3683
-4240
-4675
-5092
-5434
-5654
-5792
-5811
-5810
-5730
-5596
-5516
-5462
-5485
-5494
-5516
-5539
-5368
-4917
-4027
-2850
-1418
165
1884
3635
5231
6622
7693
8450
8791
8667
8199
7371
6250
4766
2997
1185
-608
-2196
-3628
-4734
-5408
-5775
-5767
-5551
-5082
-4439
-3859
-3310
-2870
-2412
-2015
-1792
-1592
-1410
-1108
-704
-241
443
1243
2167
3098
4003
4911
5663
6216
6477
6450
6207
5655
4855
3799
2581
1331
50
-1126
-2125
-2858
-3290
-3462
-3249
-2715
-1965
-1049
-81
939
1883
2676
3314
3747
4018
4080
3984
3853
3611
3347
3049
2790
2599
2412
2307
2208
2112
2037
1872
1721
1472
1148
776
250
-265
-858
-1496
-2118
-2790
-3387
-3987
-4516
-4933
-5326
-5570
-5754
-5874
-5829
-5869
-5766
-5714
-5702
-5671
-5748
-5733
-5783
-5644
-5155
-4345
-3166
-1758
-171
1634
3366
5051
6488
7653
8487
8860
8841
8438
7684
6593
5128
3414
1623
-192
-1833
-3337
-4490
-5244
-5698
-5787
-5627
-5182
-4603
-4067
-3530
-3053
-2596
-2199
-1977
-1737
-1521
-1214
-803
-323
386
1187
2108
3045
3972
4896
5675
6223
6532
6541
6334
5809
5015
4003
2803
1561
264
-923
-1934
-2710
-3190
-3396
-3228
-2699
-1973
-1050
-138
836
1790
2580
3240
3644
3940
4012
3912
3774
3506
3270
2976
2653
2439
2246
2195
2100
2012
1969
1835
1755
1532
1238
896
389
-141
-796
-1465
-2120
-2833
-3506
-4181
-4713
-5118
-5484
-5716
-5857
-5899
-5811
-5725
-5606
-5509
-5459
-5482
-5565
-5658
-5631
-5427
-4821
-3912
-2703
-1173
468
2302
4047
5645
7016
8046
8752
8972
8777
8271
7318
6094
4449
2643
843
-990
-2593
-4019
-4995
-5575
-5893
-5806
-5521
-4948
-4307
-3773
-3202
-2718
-2263
-1946
-1778
-1539
-1312
-974
-581
-63
705
1550
2478
3414
4338
5234
5916
6363
6551
6464
6138
5462
4556
3442
2203
927
-361
-1498
-2405
-3049
-3403
-3454
-3092
-2429
-1608
-656
319
1368
2278
3005
3558
3916
4132
4089
3910
3682
3374
3043
2643
2307
2085
1900
1809
1684
1632
1603
1506
1390
1151
874
495
-48
-634
-1314
-1996
-2702
-3459
-4123
-4777
-5242
-5657
-5949
-6091
-6110
-6005
-5853
-5698
-5524
-5389
-5322
-5357
-5350
-5150
-4740
-3971
-3006
-1705
-250
1404
3084
4649
6094
7250
8087
8550
8554
8280
7609
6574
5181
3487
1786
-41
-1727
-3254
-4497
-5262
-5804
-5948
-5796
-5378
-4757
-4206
-3608
-3013
-2486
-2003
-1755
-1460
-1173
-876
-487
-72
580
1306
2113
2958
3804
4658
5378
5864
6162
6178
5994
5506
4743
3794
2657
1474
225
-930
-1896
-2650
-3122
-3234
-3021
-2482
-1756
-887
125
1102
2031
2772
3350
3771
3930
3937
3806
3536
3261
2846
2499
2181
1919
1789
1612
1575
1507
1442
1408
1222
1046
729
278
-193
-847
-1463
-2186
-2938
-3596
-4334
-4880
-5393
-5762
-5977
-6137
-6098
-6002
-5835
-5638
-5535
-5426
-5449
-5416
-5152
-4620
-3722
-2694
-1388
83
1738
3414
4909
6281
7382
8141
8490
8439
8138
7463
6405
4961
3288
1629
-112
-1772
-3278
-4423
-5174
-5699
-5860
-5701
-5249
-4706
-4235
-3667
-3070
-2504
-2062
-1779
-1442
-1104
-738
-326
172
882
1626
2410
3223
4062
4890
5530
5938
6131
6100
5852
5296
4498
3519
2399
1225
14
-1071
-1971
-2619
-2972
-3041
-2672
-2046
-1215
-310
601
1560
2365
3027
3476
3713
3841
3666
3429
3083
2700
2356
1907
1631
1383
1273
1257
1184
1242
1211
1174
1078
791
522
26
-531
-1201
-2011
-2724
-3554
-4289
-4977
-5587
-5927
-6225
-6278
-6236
-6086
-5762
-5557
-5291
-5127
-5045
-4753
-4340
-3534
-2581
-1531
-206
1180
2739
4129
5381
6568
7397
7884
7957
7762
7394
6537
5352
3840
2278
743
-967
-2498
-3764
-4669
-5302
-5797
-5816
-5484
-4994
-4515
-4073
-3393
-2708
-2161
-1744
-1381
-905
-498
-134
316
922
1651
2316
2958
3683
4427
5076
5486
5676
5724
5562
5150
4451
3589
2628
1550
393
-691
-1611
-2209
-2583
-2657
-2422
-1912
-1121
-291
587
1418
2171
2814
3188
3398
3441
3313
3084
2646
2267
1887
1568
1289
1020
970
965
1021
1041
1006
1017
861
601
179
-345
-913
-1682
-2493
-3344
-4107
-4777
-5431
-5891
-6218
-6291
-6221
-6091
-5818
-5509
-5184
-4917
-4818
-4420
-3775
-2885
-1860
-918
385
1791
3169
4439
5456
6543
7258
7510
7516
7193
6879
5997
4696
3301
1773
436
-1207
-2720
-3773
-4644
-5151
-5683
-5728
-5271
-4874
-4393
-4032
-3359
-2546
-2044
-1572
-1201
-636
-96
259
758
1370
2108
2776
3287
3931
4591
5154
5460
5487
5458
5236
4775
4043
3142
2219
1261
244
-661
-1377
-1772
-1940
-1974
-1730
-1236
-528
181
774
1352
1907
2341
2564
2576
2563
2459
2229
1909
1624
1495
1376
1220
1101
1093
1189
1214
1098
947
758
464
-7
-654
-1278
-1975
-2728
-3570
-4344
-4894
-5364
-5715
-6000
-6092
-5949
-5796
-5556
-5354
-5073
-4794
-4511
-3876
-3086
-1943
-864
258
1630
2933
4268
5297
6201
6975
7249
7314
6986
6576
5926
4740
3469
1983
652
-707
-2160
-3195
-4099
-4649
-5088
-5336
-5058
-4755
-4357
-4003
-3567
-2874
-2363
-1868
-1431
-956
-357
86
648
1301
2025
2767
3357
3984
4608
5129
5484
5548
5484
5225
4763
4104
3250
2368
1466
558
-278
-958
-1373
-1537
-1519
-1292
-893
-340
270
776
1235
1619
1907
2051
1993
1888
1732
1533
1319
1074
979
933
912
943
972
1091
1116
1051
873
585
232
-313
-967
-1705
-2474
-3225
-4004
-4700
-5280
-5718
-5993
-6197
-6225
-6173
-5987
-5782
-5610
-5245
-4590
-3660
-2530
-1417
-155
1250
2636
3917
4964
5944
6712
7086
7147
6904
6589
6017
5010
3833
2526
1316
38
-1318
-2392
-3271
-3880
-4444
-4848
-4806
-4631
-4387
-4206
-3923
-3379
-2884
-2435
-2028
-1530
-881
-335
257
937
1739
2563
3225
3842
4455
5017
5408
5511
5438
5222
4825
4241
3478
2683
1891
1085
285
-396
-761
-921
-913
-830
-622
-221
193
559
841
1064
1269
1271
1206
1084
990
929
740
637
590
667
799
832
935
994
1022
957
682
418
-16
-557
-1224
-2011
-2659
-3353
-3988
-4602
-5179
-5467
-5746
-5870
-5909
-5898
-5697
-5594
-5232
-4588
-3688
-2452
-1391
-115
1241
2556
3867
4811
5738
6395
6664
6730
6397
6084
5471
4497
3437
2172
1112
-50
-1205
-2084
-2891
-3384
-3873
-4175
-4112
-4036
-3831
-3712
-3494
-3071
-2716
-2283
-1911
-1445
-858
-324
331
1031
1807
2596
3245
3867
4401
4861
5170
5216
5094
4776
4324
3719
3024
2276
1569
966
377
0
-262
-335
-266
-209
6
212
476
710
743
879
830
801
718
520
503
380
387
395
416
615
672
753
762
654
601
313
-14
-476
-1014
-1544
-2205
-2804
-3364
-3880
-4276
-4671
-4933
-5071
-5123
-5084
-5040
-4948
-4656
-4106
-3353
-2339
-1341
-180
1041
2187
3326
4245
5090
5715
5932
5995
5709
5388
4853
3945
3030
1900
912
-102
-1142
-1844
-2537
-2953
-3340
-3641
-3522
-3450
-3244
-3100
-2943
-2534
-2252
-1874
-1530
-1134
-569
-131
426
1047
1719
2456
2998
3520
3986
4349
4626
4618
4493
4199
3792
3319
2732
2212
1725
1254
845
447
222
130
74
49
19
66
130
139
141
117
123
129
71
88
148
256
355
383
474
538
578
537
379
218
-45
-364
-763
-1202
-1597
-2037
-2471
-2893
-3280
-3513
-3768
-3963
-4110
-4229
-4218
-4241
-4159
-3816
-3301
-2484
-1631
-714
421
1462
2565
3442
4190
4864
5167
5302
5110
4746
4355
3582
2776
1797
862
69
-859
-1502
-2060
-2423
-2595
-2848
-2786
-2675
-2503
-2288
-2206
-1942
-1703
-1471
-1195
-994
-588
-199
224
742
1262
1901
2469
2956
3401
3727
4008
4090
3997
3790
3542
3289
2955
2595
2162
1795
1438
1058
752
485
318
86
-155
-309
-456
-447
-533
-587
-548
-517
-371
-317
-176
-15
55
157
86
69
38
-126
-313
-624
-887
-1125
-1425
-1648
-1922
-2103
-2238
-2440
-2537
-2673
-2737
-2807
-2956
-3049
-3119
-3006
-2681
-2291
-1653
-978
-165
707
1522
2364
3059
3657
4038
4156
4136
3900
3536
3007
2280
1537
739
7
-677
-1261
-1640
-1919
-2051
-2101
-2044
-1834
-1619
-1421
-1242
-1062
-851
-697
-548
-389
-196
45
283
577
955
1395
1804
2194
2525
2859
3119
3330
3472
3496
3497
3314
3057
2734
2316
1943
1453
994
556
106
-145
-459
-592
-670
-724
-600
-577
-417
-270
-176
-23
-60
-42
-96
-248
-348
-617
-804
-1025
-1271
-1393
-1593
-1631
-1686
-1744
-1692
-1739
-1680
-1679
-1734
-1760
-1909
-1989
-2128
-2246
-2198
-2128
-1769
-1364
-817
-136
534
1307
1946
2538
3042
3316
3491
3372
3134
2770
2225
1656
940
303
-295
-845
-1217
-1518
-1598
-1582
-1510
-1316
-1121
-852
-631
-466
-293
-206
-101
-56
-9
88
202
383
588
859
1191
1519
1902
2214
2539
2858
3042
3221
3217
3141
2967
2631
2281
1790
1320
866
349
12
-359
-563
-656
-746
-647
-600
-424
-268
-177
-19
-8
-1
-70
-263
-402
-655
-874
-1103
-1338
-1446
-1570
-1580
-1578
-1521
-1416
-1333
-1233
-1180
-1159
-1165
-1228
-1315
-1448
-1543
-1587
-1563
-1396
-1136
-724
-231
312
889
1431
1942
2344
2614
2744
2707
2527
2215
1775
1284
740
207
-289
-721
-1024
-1213
-1273
-1221
-1099
-898
-672
-444
-227
-58
89
181
235
268
292
348
422
541
706
923
1180
1440
1719
2010
2268
2539
2704
2783
2776
2598
2350
1982
1550
1111
601
168
-263
-600
-770
-911
-876
-795
-664
-461
-323
-156
-60
-25
-33
-181
-330
-559
-825
-1034
-1277
-1433
-1531
-1570
-1521
-1433
-1283
-1108
-949
-774
-667
-598
-560
-612
-677
-788
-894
-955
-994
-940
-819
-612
-304
43
447
848
1209
1532
1741
1867
1874
1772
1581
1280
932
554
170
-166
-458
-670
-785
-826
-779
-670
-506
-313
-120
58
200
315
400
446
463
479
494
527
575
664
785
976
1168
1417
1709
1957
2225
2372
2430
2387
2197
1953
1552
1131
681
168
-217
-615
-873
-993
-1073
-977
-895
-697
-500
-364
-176
-163
-150
-240
-446
-638
-933
-1156
-1405
-1611
-1700
-1784
-1704
-1606
-1455
-1211
-1025
-778
-599
-453
-316
-298
-249
-287
-326
-311
-344
-276
-203
-69
155
353
640
875
1099
1302
1372
1430
1376
1243
1071
785
517
201
-91
-325
-548
-645
-699
-673
-562
-423
-212
-2
214
412
562
703
788
844
878
872
876
868
874
900
933
1016
1102
1212
1359
1480
1607
1685
1698
1650
1513
1327
1064
762
455
115
-173
-433
-645
-760
-836
-832
-798
-732
-635
-567
-489
-455
-475
-499
-598
-704
-817
-944
-1034
-1129
-1172
-1184
-1168
-1081
-995
-871
-726
-601
-455
-355
-259
-183
-144
-95
-92
-68
-43
-26
32
87
176
286
407
546
662
778
865
907
933
917
877
813
720
616
511
429
361
320
319
340
404
497
618
756
901
1043
1156
1250
1313
1343
1348
1317
1261
1188
1105
1011
908
819
729
643
567
492
426
346
267
163
37
-87
-232
-367
-512
-646
-759
-866
-941
-1000
-1031
-1023
-1004
-960
-903
-833
-761
-697
-631
-600
-558
-537
-538
-529
-537
-523
-514
-491
-437
-397
-305
-223
-128
-8
83
192
263
320
370
379
407
402
401
401
381
388
383
399
432
468
526
559
607
643
662
684
683
685
675
660
656
648
664
689
718
760
797
843
891
934
966
990
1004
990
964
916
855
787
703
618
523
430
332
215
102
-29
-159
-290
-425
-539
-649
-730
-806
-859
-885
-893
-876
-841
-797
-733
-672
-611
-548
-501
-445
-418
-398
-385
-383
-371
-366
-348
-320
-300
-259
-211
-171
-104
-49
8
64
95
138
157
175
189
188
202
204
222
248
262
303
326
363
403
437
493
520
551
576
573
584
571
556
547
529
533
529
547
568
587
624
651
686
711
728
746
744
735
720
693
665
625
588
537
484
438
369
303
215
112
-1
-127
-252
-381
-491
-586
-661
-713
-741
-744
-722
-675
-613
-543
-472
-402
-347
-305
-270
-256
-253
-263
-284
-303
-327
-332
-339
-326
-292
-267
-215
-161
-97
-29
22
81
115
140
164
161
172
166
166
178
177
202
222
252
290
310
347
373
394
427
432
448
450
440
437
423
418
412
410
423
430
455
485
520
561
597
632
660
677
688
691
679
668
649
619
584
536
494
446
390
341
267
188
103
1
-92
-200
-297
-381
-466
-511
-552
-554
-528
-508
-440
-386
-320
-250
-198
-129
-95
-63
-48
-64
-66
-95
-116
-132
-164
-166
-181
-172
-147
-134
-84
-56
-15
31
64
100
110
126
137
140
148
147
153
167
181
205
236
265
295
320
343
360
366
377
378
374
367
356
348
334
328
326
321
330
343
358
378
394
418
436
457
483
503
516
521
518
511
494
477
447
417
383
335
292
248
209
160
102
45
-34
-105
-174
-242
-292
-343
-368
-386
-382
-369
-340
-295
-249
-195
-141
-91
-51
-26
-9
-7
-10
-26
-49
-68
-94
-106
-121
-122
-111
-101
-73
-61
-28
-5
19
48
65
83
92
97
110
109
117
120
124
135
136
155
164
180
194
196
213
213
214
212
208
209
207
208
213
223
233
245
263
279
294
310
319
327
328
337
331
325
323
304
297
279
266
250
230
217
194
173
153
118
97
63
28
-4
-50
-81
-124
-150
-172
-193
-191
-196
-184
-163
-142
-100
-68
-31
10
27
58
72
80
90
76
68
44
26
14
-7
-8
-13
-11
0
2
28
44
67
91
95
120
123
138
157
143
140
118
105
93
79
77
69
68
82
83
98
99
96
111
116
131
131
136
137
137
143
149
153
154
154
151
156
155
158
153
148
146
145
146
140
136
132
123
113
103
90
69
51
39
23
14
-1
-14
-20
-20
-12
12
47
81
103
127
148
173
204
227
248
251
250
240
232
226
208
195
168
152
132
119
113
108
116
113
114
121
123
131
147
153
156
152
145
135
124
115
106
93
76
63
50
44
33
28
15
9
13
7
8
2
1
2
-1
1
3
-4
0
2
4
4
9
10
11
19
24
30
36
38
48
59
69
74
80
83
86
86
85
80
80
78
74
76
76
80
79
92
96
103
107
105
108
113
111
107
102
100
95
92
88
80
79
78
82
84
76
76
73
75
78
77
76
71
68
64
59
52
42
35
31
31
28
29
34
36
43
46
49
53
54
54
51
47
41
39
33
29
25
17
20
12
8
9
9
24
28
38
46
56
64
70
75
82
84
83
83
81
78
72
75
74
77
77
77
77
82
89
92
98
99
96
97
97
94
98
93
88
86
78
78
72
74
74
78
83
90
96
98
108
109
112
108
112
104
104
97
86
78
70
73
62
59
49
38
39
38
42
44
43
46
45
48
50
47
47
46
45
43
40
40
40
51
55
59
62
62
64
68
76
75
72
68
61
55
43
35
30
25
19
14
8
4
4
4
9
19
26
36
45
56
64
69
77
87
100
106
115
124
118
118
114
114
116
106
101
93
84
77
71
64
57
51
47
42
38
35
35
38
40
47
55
61
68
78
86
98
105
113
112
109
108
110
112
113
112
110
104
98
97
92
87
87
82
77
69
57
50
46
41
35
27
29
25
28
32
34
43
46
50
61
69
81
90
93
99
98
96
98
97
96
89
83
79
73
69
64
70
71
71
67
64
62
60
60
56
56
53
55
54
53
52
51
46
46
48
51
51
53
60
62
70
73
82
88
92
96
98
101
98
97
94
88
81
74
71
63
56
54
48
44
43
42
41
47
53
59
60
61
62
64
74
75
79
75
74
76
71
70
68
63
63
63
64
63
62
62
61
62
55
53
51
50
47
44
43
43
42
40
41
42
42
47
54
58
63
66
67
70
66
64
61
57
57
54
54
49
46
48
49
48
47
44
43
44
48
49
49
59
59
63
64
61
59
54
51
52
54
54
54
58
62
61
62
63
65
64
67
65
64
58
52
45
38
34
34
31
34
36
36
41
46
51
52
57
59
60
64
69
72
72
69
65
59
61
59
59
58
58
60
56
56
53
52
46
44
39
32
24
14
8
3
-2
-4
-1
0
2
6
9
15
24
34
47
55
58
62
66
66
67
63
54
53
48
41
34
30
24
18
13
11
13
10
16
19
21
21
23
24
28
30
33
35
35
31
29
28
29
30
33
37
43
52
60
60
59
60
57
56
51
51
47
43
39
31
24
15
12
6
4
1
1
2
6
8
8
14
19
26
32
40
42
41
40
37
34
30
31
32
33
41
39
35
36
33
32
29
22
22
20
22
21
22
23
23
19
18
18
16
16
17
22
22
24
28
29
36
37
38
40
40
42
43
46
47
48
42
44
46
43
45
48
44
39
35
35
36
36
37
37
37
32
32
26
22
17
16
18
22
24
25
28
26
28
29
34
34
39
38
39
41
38
36
29
24
19
15
11
4
6
9
12
10
15
24
30
39
44
51
51
49
46
43
36
31
23
18
13
13
13
18
20
21
26
30
36
45
46
45
46
42
40
31
27
26
22
20
17
21
23
28
34
39
48
49
56
65
62
62
55
51
50
41
38
32
26
22
18
17
18
16
15
13
16
19
21
23
22
25
25
21
18
16
12
9
13
13
10
12
12
15
12
16
17
19
21
20
17
16
13
5
-1
-9
-14
-21
-26
-29
-31
-33
-32
-29
-29
-25
-21
-19
-16
-14
-10
-7
-3
2
1
2
1
1
-2
-1
-2
-9
-7
-12
-7
-10
-7
-2
-4
2
0
0
-1
-3
-1
-3
-7
-7
-11
-15
-20
-17
-17
-16
-12
-13
-12
-8
-3
0
4
6
10
11
13
14
12
11
10
8
6
2
-8
-12
-13
-17
-17
-24
-25
-29
-30
-26
-28
-26
-23
-20
-17
-22
-17
-19
-22
-19
-18
-22
-27
-26
-27
-25
-28
-31
-30
-27
-26
-25
-20
-23
-21
-19
-24
-28
-28
-32
-36
-34
-38
-35
-37
-40
-39
-36
-31
-31
-29
-30
-32
-31
-26
-27
-21
-18
-13
-10
-6
-9
-7
-4
-3
-2
-4
-6
-9
-9
-11
-8
-15
-13
-16
-17
-16
-16
-14
-16
-12
-11
-13
-13
-12
-14
-14
-12
-13
-9
-12
-10
-13
-13
-9
-10
-9
-12
-17
-20
-22
-23
-24
-28
-25
-27
-24
-23
-21
-17
-17
-17
-23
-24
-20
-21
-23
-29
-27
-32
-35
-37
-36
-34
-36
-37
-35
-37
-39
-37
-35
-35
-34
-37
-40
-41
-39
-36
-32
-29
-27
-24
-25
-20
-16
-15
-15
-10
-14
-12
-13
-13
-15
-20
-21
-19
-17
-15
-14
-14
-10
-8
-6
-2
-1
-2
-2
-3
-3
-5
-5
-9
-7
-9
-12
-12
-11
-14
-15
-18
-17
-17
-15
-9
-9
-4
-3
-2
-2
-1
1
-1
-5
-10
-12
-14
-13
-15
-14
-16
-20
-19
-14
-14
-15
-13
-6
-7
-9
-5
-4
-4
-4
-8
-13
-14
-21
-25
-26
-25
-26
-23
-20
-19
-14
-13
-9
-9
-8
-6
-7
-10
-11
-13
-15
-19
-19
-21
-20
-18
-18
-18
-17
-17
-14
-12
-7
-4
-2
-2
-2
2
1
-1
-4
-5
-9
-12
-17
-18
-17
-16
-18
-18
-16
-15
-12
-12
-4
-2
-4
-2
-2
-4
-8
-11
-18
-16
-17
-22
-23
-24
-27
-28
-28
-25
-24
-19
-14
-14
-14
-14
-12
-11
-13
-13
-12
-16
-16
-19
-19
-20
-19
-19
-19
-17
-13
-8
-10
-7
-10
-7
-6
-9
-11
-12
-13
-15
-22
-24
-33
-32
-32
-33
-34
-36
-37
-36
-33
-36
-32
-30
-26
-22
-17
-15
-14
-9
-6
-9
-8
-8
-11
-13
-12
-16
-21
-22
-29
-28
-31
-34
-31
-33
-32
-32
-31
-29
-30
-31
-28
-32
-30
-31
-30
-31
-34
-33
-34
-32
-29
-31
-30
-27
-24
-21
-19
-17
-13
-12
-12
-15
-16
-14
-21
-22
-24
-27
-26
-27
-26
-28
-26
-27
-24
-25
-23
-23
-22
-17
-19
-15
-15
-14
-16
-17
-11
-10
-9
-10
-10
-9
-11
-9
-7
-7
-9
-5
-5
-7
-10
-7
-8
-8
-8
-6
-1
0
-1
-5
-4
-5
-9
-11
-10
-10
-11
-14
-10
-13
-16
-12
-11
-10
-12
-7
-7
-7
-10
-6
-5
-9
-9
-8
-10
-11
-12
-10
-9
-8
-9
-8
-8
-9
-7
-6
-4
-7
-10
-10
-6
-10
-13
-11
-11
-10
-11
-9
-8
-7
-1
2
3
4
8
7
8
10
10
9
6
2
1
-1
-2
0
-3
0
2
1
4
2
3
5
7
7
7
14
15
13
9
10
6
4
2
2
3
4
6
8
11
8
11
10
11
16
16
18
14
15
18
18
17
15
13
6
7
4
4
6
3
3
6
6
5
8
8
7
7
10
8
3
6
5
2
4
3
2
4
6
6
7
8
9
8
7
5
8
6
7
10
8
10
8
5
5
5
8
6
6
5
6
4
8
5
6
2
-2
0
1
2
0
2
-1
1
-1
-1
6
7
8
9
7
11
9
15
17
16
15
15
16
16
17
16
14
14
14
10
10
9
7
7
4
3
3
3
4
5
7
9
12
9
12
7
11
9
8
8
8
9
4
3
2
1
2
5
4
6
10
10
12
17
20
22
18
18
16
14
14
12
7
5
4
0
-2
-2
1
-3
-6
-2
-3
-1
1
4
6
6
4
5
7
2
6
7
7
8
8
9
6
1
1
3
2
1
-1
-2
-1
-3
-6
-5
-5
-7
-4
-9
-7
-6
-10
-8
-8
-5
-3
-2
1
0
4
2
4
7
6
6
6
3
4
2
0
4
-1
-2
0
-2
-1
-1
-3
-5
-8
-6
-9
-10
-6
-2
-3
-6
-3
-3
-2
-4
1
3
5
9
10
10
10
12
10
9
7
7
7
6
4
4
4
-2
-1
1
-2
-2
-6
-6
-5
-7
-4
-7
-4
-2
-4
-7
-6
-4
-6
-5
-7
-6
-4
-3
-4
-4
-2
1
2
1
2
4
1
-1
1
1
-1
-2
0
-4
-3
0
-3
-4
-6
-8
-7
-7
-5
-8
-10
-8
-9
-10
-13
-10
-12
-8
-4
-8
-6
-8
-10
-8
-10
-11
-10
-13
-10
-7
-5
-7
-7
-8
-7
-6
-7
-4
-5
-2
-3
-4
-5
-5
-6
-9
-10
-7
-7
-8
-9
-12
-11
-9
-9
-14
-11
-13
-13
-13
-14
-12
-12
-16
-14
-13
-12
-13
-11
-13
-13
-12
-16
-15
-12
-11
-12
-11
-10
-10
-10
-13
-6
-9
-10
-9
-8
-9
-13
-16
-18
-18
-17
-17
-19
-20
-21
-23
-23
-22
-21
-18
-19
-18
-15
-15
-14
-14
-18
-15
-17
-16
-18
-19
-23
-23
-24
-25
-24
-24
-24
-25
-22
-25
-26
-24
-26
-28
-25
-26
-31
-31
-34
-35
-33
-31
-34
-35
-33
-36
-36
-36
-32
-30
-33
-31
-30
-29
-28
-27
-26
-26
-25
-26
-26
-25
-28
-31
-31
-35
-36
-44
-40
-40
-44
-43
-45
-39
-39
-38
-36
-38
-35
-34
-33
-31
-31
-30
-27
-23
-23
-26
-25
-22
-22
-23
-21
-21
-24
-25
-24
-24
-24
-25
-24
-25
-26
-27
-29
-31
-32
-32
-32
-34
-35
-30
-31
-32
-35
-34
-32
-35
-31
-30
-28
-29
-25
-23
-22
-23
-19
-19
-22
-22
-20
-21
-22
-27
-26
-26
-27
-25
-27
-25
-26
-26
-30
-30
-31
-30
-32
-34
-35
-33
-29
-30
-28
-24
-27
-24
-25
-25
-23
-21
-19
-17
-14
-11
-14
-14
-13
-11
-8
-10
-12
-9
-11
-10
-11
-7
-8
-12
-7
-11
-11
-16
-14
-13
-15
-13
-16
-13
-11
-8
-12
-9
-5
-9
-7
-5
-6
-3
-2
-1
-4
-6
-2
-3
-3
-1
-4
-5
-9
-10
-8
-10
-9
-10
-11
-12
-9
-8
-6
-6
-4
-6
-6
-7
-5
-2
-2
1
-2
-3
-2
-2
-3
-4
-2
-1
-3
-4
-2
-3
-6
-4
-3
-5
-2
-2
-1
1
0
1
2
1
-2
-2
1
2
1
-3
0
-5
-3
0
-2
1
1
2
2
2
4
4
3
5
6
8
5
7
9
6
6
8
6
8
4
6
3
5
8
7
10
8
7
5
6
7
8
5
4
2
-1
4
-3
-1
1
1
1
-2
-2
-1
0
2
0
1
0
2
-1
1
2
0
1
3
1
0
-3
-6
-4
-3
-2
-3
-4
-4
-4
-7
-10
-11
-9
-7
-10
-11
-11
-12
-14
-13
-13
-14
-14
-10
-9
-9
-6
-9
-8
-7
-9
-6
-6
-8
-9
-7
-6
-5
-6
-6
-8
-8
-8
-11
-9
-8
-8
-9
-12
-10
-10
-12
-13
-14
-15
-14
-13
-15
-16
-17
-19
-17
-19
-22
-23
-27
-24
-28
-26
-24
-27
-29
-19
-19
-22
-20
-18
-18
-16
-19
-19
-16
-14
-15
-13
-14
-13
-14
-20
-15
-15
-16
-14
-18
-17
-20
-21
-21
-22
-20
-23
-24
-23
-21
-24
-21
-22
-21
-18
-17
-18
-17
-17
-18
-17
-15
-12
-15
-17
-15
-13
-14
-13
-12
-15
-15
-19
-20
-21
-23
-21
-25
-26
-23
-22
-21
-24
-23
-22
-21
-21
-26
-25
-24
-25
-23
-20
-19
-21
-19
-20
-20
-20
-17
-18
-18
-17
-17
-18
-18
-18
-15
-16
-21
-21
-21
-22
-21
-17
-18
-20
-18
-17
-24
-23
-21
-22
-19
-20
-21
-20
-19
-20
-16
-20
-16
-15
-16
-15
-13
-13
-15
-14
-13
-13
-13
-14
-12
-12
-13
-13
-13
-13
-12
-15
-18
-18
-18
-21
-19
-15
-18
-20
-20
-21
-18
-18
-17
-14
-16
-13
-13
-9
-9
-10
-4
-8
-5
-6
-9
-5
-6
-8
-10
-12
-13
-17
-19
-18
-21
-20
-23
-22
-25
-24
-26
-25
-27
-26
-28
-29
-27
-26
-25
-27
-23
-24
-22
-23
-23
-20
-20
-19
-17
-16
-17
-17
-19
-18
-18
-19
-19
-22
-22
-25
-22
-24
-23
-25
-27
-21
-29
-31
-32
-30
-28
-28
-29
-30
-26
-25
-25
-28
-23
-23
-25
-26
-26
-27
-26
-28
-24
-24
-25
-27
-27
-27
-27
-27
-31
-28
-30
-28
-29
-30
-30
-33
-30
-30
-30
-28
-30
-30
-30
-31
-32
-32
-30
-29
-30
-30
-30
-31
-32
-32
-30
-29
-31
-31
-30
-31
-32
-29
-30
-31
-29
-31
-33
-32
-31
-30
-29
-31
-31
-31
-33
-33
-37
-34
-34
-34
-35
-36
-37
-38
-38
-38
-38
-40
-42
-41
-41
-43
-43
-43
-46
-46
-48
-47
-47
-48
-46
-50
-49
-52
-54
-52
-53
-48
-47
-48
-47
-47
-47
-48
-45
-46
-44
-41
-47
-48
-47
-47
-43
-43
-46
-43
-47
-49
-48
-47
-47
-49
-46
-48
-44
-43
-43
-44
-43
-40
-42
-40
-45
-43
-43
-42
-44
-46
-45
-44
-40
-41
-41
-41
-43
-44
-45
-43
-46
-46
-47
-42
-41
-41
-43
-44
-39
-42
-41
-43
-41
-39
-40
-39
-36
-34
-34
-30
-32
-33
-31
-33
-33
-35
-37
-36
-37
-37
-35
-36
-36
-39
-41
-38
-39
-40
-37
-39
-37
-35
-32
-32
-32
-36
-35
-32
-32
-33
-35
-28
-27
-27
-31
-30
-31
-32
-30
-29
-28
-28
-27
-30
-29
-27
-29
-29
-29
-30
-28
-29
-30
-27
-29
-28
-28
-28
-29
-29
-29
-28
-27
-27
-26
-25
-23
-23
-24
-22
-21
-19
-20
-20
-20
-18
-15
-14
-12
-12
-11
-10
-13
-14
-14
-12
-11
-11
-12
-14
-14
-15
-14
-16
-17
-19
-23
-21
-22
-22
-23
-22
-20
-18
-22
-23
-21
-20
-17
-14
-14
-14
-10
-12
-10
-12
-11
-12
-12
-8
-11
-14
-10
-11
-11
-10
-11
-11
-12
-14
-15
-16
-15
-18
-22
-21
-23
-22
-21
-20
-21
-27
-22
-23
-25
-19
-21
-19
-24
-23
-21
-23
-16
-17
-19
-19
-21
-23
-21
-25
-25
-26
-24
-24
-29
-27
-26
-29
-29
-29
-28
-28
-31
-32
-31
-31
-32
-28
-29
-28
-30
-28
-30
-31
-26
-31
-26
-28
-29
-28
-30
-32
-33
-32
-33
-31
-34
-36
-35
-34
-38
-39
-37
-37
-39
-38
-38
-38
-37
-38
-40
-39
-41
-43
-43
-43
-40
-41
-38
-40
-42
-43
-43
-45
-42
-41
-42
-40
-38
-39
-39
-37
-39
-42
-43
-43
-45
-45
-48
-51
-48
-51
-54
-56
-55
-60
-61
-59
-62
-62
-63
-65
-63
-63
-65
-64
-63
-61
-59
-56
-58
-57
-57
-56
-51
-52
-52
-54
-55
-54
-53
-52
-54
-52
-53
-56
-56
-56
-56
-56
-58
-61
-64
-63
-65
-67
-67
-68
-67
-67
-69
-69
-70
-65
-65
-64
-64
-64
-64
-57
-55
-53
-55
-55
-51
-55
-52
-57
-53
-52
-54
-55
-59
-55
-57
-60
-58
-58
-56
-58
-56
-59
-58
-59
-59
-58
-56
-55
-52
-52
-51
-50
-53
-49
-47
-47
-49
-47
-47
-46
-47
-46
-41
-41
-40
-43
-44
-45
-45
-46
-45
-47
-43
-43
-47
-43
-45
-45
-46
-49
-43
-42
-44
-46
-44
-45
-46
-43
-43
-43
-42
-41
-39
-42
-39
-41
-42
-41
-44
-41
-44
-45
-48
-46
-47
-47
-47
-46
-48
-49
-45
-47
-46
-44
-42
-42
-43
-40
-40
-41
-37
-39
-39
-35
-36
-35
-30
-34
-33
-34
-34
-33
-34
-36
-34
-33
-36
-33
-35
-37
-36
-35
-35
-34
-36
-38
-34
-33
-30
-30
-31
-31
-30
-28
-32
-32
-32
-29
-29
-28
-26
-28
-28
-26
-27
-26
-26
-25
-26
-27
-24
-25
-24
-26
-30
-26
-25
-27
-25
-29
-29
-31
-32
-34
-35
-28
-33
-30
-31
-32
-33
-30
-29
-31
-31
-32
-34
-34
-31
-31
-33
-34
-34
-36
-35
-35
-34
-35
-35
-33
-37
-36
-38
-37
-38
-37
-38
-39
-36
-37
-36
-37
-36
-32
-34
-32
-33
-34
-33
-35
-34
-33
-37
-38
-38
-38
-33
-32
-33
-37
-37
-37
-36
-35
-35
-31
-34
-37
-36
-34
-33
-34
-33
-33
-34
-33
-33
-34
-34
-35
-34
-35
-34
-32
-38
-38
-37
-36
-37
-38
-38
-37
-38
-39
-39
-42
-40
-44
-50
-49
-45
-49
-50
-48
-45
-49
-50
-47
-51
-46
-46
-50
-49
-45
-43
-42
-39
-38
-36
-36
-35
-37
-38
-37
-38
-40
-42
-41
-40
-41
-42
-42
-45
-45
-45
-46
-42
-44
-43
-41
-42
-44
-46
-46
-47
-45
-46
-45
-46
-43
-44
-44
-43
-42
-45
-42
-41
-40
-43
-42
-44
-45
-43
-44
-39
-40
-44
-46
-47
-47
-47
-50
-51
-52
-49
-49
-48
-45
-45
-46
-46
-46
-47
-46
-46
-46
-45
-44
-43
-45
-45
-44
-45
-46
-47
-45
-44
-43
-44
-45
-45
-44
-42
-42
-41
-46
-48
-46
-46
-49
-47
-48
-46
-43
-44
-44
-43
-45
-45
-41
-41
-40
-42
-42
-42
-45
-41
-42
-41
-39
-38
-41
-44
-40
-41
-41
-40
-39
-39
-43
-42
-44
-44
-41
-43
-44
-46
-49
-52
-49
-49
-48
-50
-53
-48
-48
-46
-46
-45
-48
-45
-45
-48
-42
-45
-42
-40
-44
-43
-43
-45
-48
-44
-47
-48
-48
-51
-49
-55
-55
-54
-54
-55
-55
-55
-56
-53
-51
-55
-53
-52
-51
-51
-49
-48
-48
-50
-51
-50
-47
-47
-42
-41
-42
-38
-41
-41
-39
-39
-39
-38
-36
-39
-42
-40
-38
-35
-37
-40
-40
-43
-42
-40
-40
-43
-41
-42
-40
-39
-42
-40
-38
-38
-39
-38
-37
-38
-40
-36
-35
-34
-35
-35
-36
-32
-32
-36
-34
-37
-36
-36
-40
-41
-40
-42
-42
-43
-42
-46
-43
-44
-43
-44
-45
-44
-40
-44
-46
-46
-46
-45
-47
-48
-48
-47
-47
-47
-44
-45
-46
-46
-46
-44
-47
-44
-39
-42
-45
-44
-42
-48
-46
-49
-47
-45
-49
-49
-47
-49
-50
-48
-47
-49
-48
-45
-49
-46
-49
-49
-49
-50
-47
-47
-44
-46
-49
-46
-50
-52
-52
-49
-52
-52
-52
-54
-55
-55
-54
-54
-54
-58
-55
-51
-49
-53
-51
-51
-49
-48
-50
-47
-50
-50
-50
-49
-50
-53
-51
-52
-53
-52
-52
-50
-51
-53
-51
-54
-54
-54
-52
-51
-52
-52
-53
-53
-56
-57
-57
-58
-54
-56
-57
-59
-55
-55
-54
-59
-60
-56
-55
-55
-58
-55
-54
-51
-53
-56
-55
-53
-53
-55
-56
-54
-51
-54
-54
-51
-52
-53
-55
-53
-52
-56
-58
-56
-60
-54
-53
-55
-53
-57
-52
-56
-57
-59
-57
-55
-58
-54
-54
-52
-51
-49
-50
-47
-51
-52
-52
-53
-51
-50
-48
-47
-46
-46
-48
-47
-41
-44
-43
-42
-45
-45
-43
-42
-46
-44
-39
-39
-40
-41
-43
-43
-41
-42
-42
-39
-40
-38
-40
-42
-41
-41
-42
-37
-40
-38
-37
-38
-39
-39
-38
-40
-37
-39
-38
-38
-37
-41
-39
-40
-36
-36
-38
-37
-36
-32
-36
-37
-36
-41
-41
-36
-39
-40
-40
-39
-41
-42
-43
-47
-43
-42
-43
-43
-44
-43
-42
-44
-46
-45
-46
-46
-40
-40
-41
-39
-41
-42
-41
-40
-38
-40
-40
-40
-37
-39
-35
-40
-40
-39
-40
-40
-43
-41
-41
-44
-42
-45
-47
-46
-47
-49
-50
-46
-46
-44
-45
-48
-47
-43
-40
-40
-41
-42
-43
-41
-44
-43
-44
-43
-39
-42
-43
-40
-44
-38
-40
-41
-41
-42
-39
-41
-39
-39
-39
-39
-40
-40
-39
-40
-42
-42
-40
-42
-41
-37
-37
-38
-38
-40
-42
-42
-44
-41
-40
-41
-42
-43
-46
-44
-44
-43
-41
-42
-41
-42
-42
-42
-39
-43
-40
-41
-40
-41
-43
-42
-41
-45
-39
-39
-41
-39
-40
-41
-39
-40
-40
-40
-41
-41
-43
-39
-39
-41
-39
-39
-42
-40
-42
-42
-40
-44
-46
-46
-49
-52
-50
-52
-49
-50
-54
-51
-49
-48
-48
-47
-46
-44
-42
-44
-43
-41
-43
-42
-41
-40
-37
-40
-41
-40
-41
-42
-44
-45
-46
-44
-42
-42
-41
-41
-41
-45
-44
-44
-46
-42
-43
-43
-42
-43
-47
-45
-40
-39
-39
-39
-40
-42
-41
-40
-38
-38
-36
-36
-35
-39
-39
-36
-35
-37
-38
-36
-35
-38
-39
-34
-34
-35
-39
-38
-38
-41
-42
-44
-42
-41
-41
-39
-40
-36
-38
-39
-40
-39
-40
-36
-32
-36
-37
-35
-32
-31
-28
-32
-35
-33
-34
-33
-33
-34
-31
-30
-31
-34
-36
-34
-34
-36
-34
-34
-30
-31
-33
-34
-36
-36
-35
-34
-35
-35
-37
-33
-36
-35
-34
-36
-36
-35
-37
-37
-37
-39
-37
-37
-37
-40
-41
-39
-38
-38
-36
-39
-39
-37
-39
-38
-38
-37
-37
-35
-32
-32
-33
-33
-29
-28
-30
-31
-32
-34
-34
-32
-33
-33
-35
-38
-39
-40
-42
-42
-41
-38
-42
-44
-42
-44
-44
-46
-47
-46
-46
-46
-46
-43
-46
-46
-48
-48
-45
-45
-44
-43
-43
-43
-43
-43
-39
-42
-44
-44
-41
-43
-45
-43
-46
-42
-41
-44
-42
-43
-44
-44
-41
-43
-40
-38
-39
-39
-41
-42
-41
-38
-41
-39
-43
-44
-43
-48
-43
-44
-43
-45
-45
-41
-44
-40
-40
-44
-42
-44
-41
-40
-43
-40
-40
-40
-37
-41
-46
-43
-42
-43
-44
-41
-40
-44
-42
-40
-39
-42
-42
-42
-44
-42
-43
-45
-45
-46
-46
-46
-50
-47
-43
-44
-44
-44
-45
-45
-46
-47
-44
-45
-42
-43
-47
-43
-42
-43
-40
-41
-43
-45
-45
-45
-46
-45
-47
-45
-46
-45
-47
-50
-51
-51
-55
-54
-52
-55
-56
-58
-59
-61
-59
-60
-61
-60
-60
-63
-60
-60
-59
-57
-56
-57
-55
-54
-52
-50
-49
-51
-50
-50
-50
-49
-50
-50
-50
-51
-51
-48
-52
-55
-53
-53
-55
-53
-56
-55
-54
-56
-55
-54
-55
-59
-57
-57
-57
-53
-56
-57
-58
-53
-52
-54
-53
-54
-56
-56
-56
-56
-55
-54
-53
-55
-52
-54
-57
-55
-56
-58
-59
-61
-58
-63
-61
-54
-59
-58
-57
-56
-53
-55
-57
-56
-55
-53
-54
-51
-51
-51
-51
-49
-51
-47
-49
-52
-50
-49
-47
-48
-51
-47
-48
-51
-51
-51
-51
-54
-50
-51
-49
-50
-51
-51
-51
-49
-48
-51
-52
-49
-47
-47
-47
-46
-50
-45
-46
-46
-45
-45
-46
-47
-44
-46
-44
-40
-40
-45
-45
-45
-42
-44
-43
-42
-47
-47
-45
-47
-47
-46
-45
-45
-44
-42
-40
-41
-41
-37
-38
-39
-37
-37
-32
-34
-31
-30
-30
-28
-31
-31
-28
-29
-32
-31
-33
-31
-33
-35
-35
-33
-35
-33
-32
-32
-35
-35
-32
-34
-32
-31
-30
-29
-27
-27
-25
-25
-25
-24
-23
-24
-23
-22
-22
-19
-22
-23
-24
-23
-20
-23
-22
-24
-26
-21
-24
-23
-22
-26
-26
-27
-28
-30
-32
-26
-33
-28
-27
-30
-28
-27
-23
-25
-25
-26
-27
-30
-23
-27
-27
-24
-26
-30
-28
-26
-27
-27
-27
-29
-28
-27
-28
