-3
-84
-22
5
-42
-23
41
-9
19
-19
-115
-69
-42
13
16
32
43
25
86
23
-56
-61
18
46
-37
1
58
74
34
-6
39
-10
30
83
-24
-18
-6
24
23
-59
-24
22
-6
-74
-104
-70
62
65
-14
56
30
-47
-68
-52
-9
-48
-119
-79
29
68
13
0
59
39
-1
-16
-16
-17
15
57
15
21
147
69
-91
-98
-101
-31
-32
-22
86
4
-98
-39
-29
-32
-46
-99
-37
24
47
38
49
28
-12
38
34
-12
-25
-55
-7
41
25
37
13
-58
-92
-4
8
23
94
9
-46
-20
35
8
-125
-109
-64
-48
-12
-69
-64
-29
-13
46
63
82
45
-35
-21
35
-7
-70
9
39
46
25
-28
3
-21
-50
-57
18
61
28
69
48
43
44
-15
5
30
18
33
66
61
26
-28
-30
50
50
-1
6
-9
-54
-21
12
-33
-25
-5
-29
-65
-3
61
12
10
-18
-49
-19
-18
-24
14
-110
-137
39
-50
-69
8
-2
55
-54
-65
-1
-95
-77
-42
4
16
-67
-13
38
17
63
102
113
30
-23
53
89
2
-79
19
158
104
15
75
116
69
85
127
14
-60
-23
8
67
69
3
34
23
-52
2
21
34
22
-33
-73
-70
-41
-63
-1
10
-26
-27
-59
-48
31
57
14
-70
-71
-1
-10
19
12
-42
-33
-12
-13
-38
-60
-44
-7
-10
-67
-84
-68
11
62
9
45
3
-46
-8
44
33
-67
-14
34
-5
-15
14
38
15
19
-45
-90
-70
-67
-14
-10
-55
-66
-15
-42
-58
15
43
53
4
-27
27
62
12
7
25
-9
-17
-12
0
59
51
-4
26
-49
-77
66
26
-23
43
74
125
74
50
90
44
62
35
-35
-49
-55
13
-45
-41
68
67
67
-26
-20
6
-46
-12
37
86
14
-50
-12
5
-22
-3
-5
-53
38
-21
-59
47
-1
-20
-60
-17
-10
-100
-83
-72
38
64
18
-41
-86
70
86
15
72
40
-33
17
61
23
14
64
69
-24
-31
40
15
22
44
17
14
4
39
99
83
54
26
7
14
-18
24
33
-41
-68
-76
-50
-58
-63
-77
-62
-8
1
58
-13
-75
-18
-66
-49
-9
-2
9
9
37
3
-5
6
30
73
24
-53
-40
0
1
-7
-8
1
11
0
28
25
-50
-18
10
-17
-46
-62
-2
50
44
0
11
28
70
117
26
10
78
12
-40
13
29
-14
-24
4
-67
-86
-20
-48
8
82
20
-46
-8
13
-32
-34
4
24
14
18
12
8
25
-12
-32
31
28
-29
19
38
-28
-10
-21
-46
-57
-52
52
-6
-47
79
21
-75
-30
3
55
35
-53
-46
-33
-1
9
-32
-31
51
49
5
43
-9
-24
-14
-15
7
-7
13
7
-7
3
-47
-54
-38
-44
-14
-56
50
80
46
143
-43
-58
27
-51
20
2
-30
17
50
77
68
11
-61
-99
18
106
-43
-42
72
73
38
22
56
28
-22
-35
-24
-28
-30
34
3
-7
-29
-69
-1
-51
-56
-6
-18
11
-26
-43
-40
-34
51
43
-11
-54
-44
33
-21
-24
-33
-85
21
9
-36
-20
45
40
-74
-17
6
7
40
-9
-13
90
91
-22
-73
-17
62
36
45
22
55
51
-12
77
64
19
45
18
-48
-41
-1
3
31
43
9
20
47
92
127
5
-42
-18
-82
-35
20
-62
-80
-64
-57
18
3
16
24
-18
-39
-102
-52
-59
-84
-94
-113
-32
-32
17
0
-58
12
38
43
1
-41
20
-16
-80
12
9
-1
42
11
25
9
-27
36
63
98
148
58
-2
28
4
27
102
107
68
-7
22
96
68
82
42
-20
13
6
-43
-26
11
-19
-17
22
13
43
15
-12
45
-39
-50
-8
-46
-30
-13
-28
-75
-116
-106
-59
-46
-38
-26
-10
-29
-50
-55
16
95
3
-29
-32
-20
33
17
15
-23
-33
5
-12
-79
-66
-33
-25
-37
-64
-9
-32
-71
-58
-66
-10
37
40
70
30
-64
-86
-22
50
43
44
16
14
7
16
73
26
12
11
6
-15
-25
61
54
13
53
4
-32
-23
-35
46
52
48
27
-49
-45
-89
-71
28
81
-5
-61
14
-22
-46
-11
13
47
42
43
34
-12
39
64
26
32
11
26
-1
-11
11
-54
-60
-7
34
0
-19
-40
-72
-13
1
7
14
19
-21
-35
-9
-47
31
37
-16
-17
-20
74
63
-7
-19
-16
22
-5
10
17
-18
34
5
41
86
7
35
38
27
-12
-95
-38
-55
-47
59
62
43
39
101
141
138
89
-18
-15
-7
1
63
94
59
-22
-22
-6
-32
33
34
-36
78
83
-71
-2
10
-46
-33
-74
-55
-31
-34
-27
9
-23
-64
-46
-26
-8
-4
-17
-74
-63
-69
-104
-70
-43
-33
-101
-104
-11
-45
-75
-37
15
2
-81
-44
7
8
13
39
13
-49
-29
-29
-2
-18
-70
49
50
27
119
31
-1
50
39
60
32
86
30
-58
2
-24
18
59
98
79
-19
-6
-30
-24
6
5
62
29
-3
-27
-68
-5
-25
-74
-71
-56
-8
39
21
-6
1
-14
-11
3
-28
-2
64
10
2
45
5
-6
-6
-29
-37
-43
0
36
84
91
50
83
32
-41
42
86
70
46
-43
-19
15
-34
3
39
29
-27
-39
-30
-54
5
-40
-18
62
25
6
-66
-34
-14
-15
42
54
65
39
31
-31
-37
-26
-27
23
-33
13
74
43
75
63
23
-88
-148
-7
5
-12
53
-7
-17
35
2
-4
74
19
-53
-14
-39
-55
-103
-109
-1
-40
-60
-38
-107
-74
-68
-43
-6
-32
-14
-84
-104
-17
3
-24
19
46
37
-31
-76
31
36
30
68
42
25
84
84
25
98
68
-33
24
51
32
58
50
42
1
-2
32
-18
68
174
123
73
-9
-5
-38
-122
-46
-28
-2
5
-4
33
-15
-26
-6
4
-4
-32
-34
-65
-62
-46
-28
-39
-78
-53
-15
-41
-125
-124
-57
-45
-30
-25
-82
-72
13
84
36
-45
49
70
25
69
1
-33
42
59
13
-29
-20
-90
-24
91
75
100
57
111
114
13
72
125
78
37
53
31
47
27
-36
36
8
-23
-11
-19
40
-58
-88
-48
-60
-2
3
-27
-99
-66
-10
-30
22
22
-16
44
62
-6
-5
4
-25
-35
-13
30
32
-11
-37
-43
-20
-17
-22
22
55
31
-22
16
31
-8
40
37
-44
-12
25
-40
-46
22
44
-4
5
28
-63
-47
4
-77
-93
-93
-70
-3
13
-25
-51
0
22
64
97
21
29
43
-11
-2
46
5
5
75
-42
-66
0
3
28
-34
-13
15
-19
-39
-92
-70
18
18
-6
-22
-6
6
-54
-74
-31
2
41
105
28
3
-2
-58
10
-8
-37
-50
-52
-37
3
48
33
10
-5
58
45
87
104
-9
-3
16
6
-10
1
38
39
50
18
7
86
62
11
-33
-16
13
-41
-58
-49
-12
-2
-38
-66
-8
1
0
62
-34
-68
-8
-42
8
-16
35
124
-54
-6
55
-67
-82
-87
-77
-42
24
77
34
15
90
62
-14
26
69
64
-8
-13
42
13
8
-32
-76
-20
-55
-39
2
-40
31
70
37
3
-26
-49
-15
-16
-5
31
-31
-37
-37
-14
-58
-64
10
-26
9
35
-23
30
41
38
93
15
-29
-96
-77
37
34
37
-33
-38
87
104
36
33
17
-7
-15
-25
46
73
-5
-11
40
-19
31
34
-85
-48
-61
-68
-7
25
-10
-4
24
-7
-34
-120
-71
-43
-144
-108
-29
-20
-43
-34
-26
6
-19
-54
-7
7
43
-50
-113
-77
-77
-15
-15
-32
-28
-59
-21
13
-18
-3
43
83
18
-53
-51
-28
61
25
-59
35
33
-87
-45
-33
-63
-15
-13
15
53
10
-14
13
-36
-32
61
64
36
-16
-16
40
18
10
23
70
54
19
115
102
20
63
71
23
109
190
143
96
151
230
180
152
172
168
193
178
183
101
-11
116
190
145
186
195
142
74
53
85
121
191
182
196
215
188
209
101
74
120
61
80
100
35
-2
7
42
43
18
65
6
-83
-54
-117
-193
-199
-170
-164
-221
-265
-280
-211
-242
-309
-228
-309
-367
-267
-319
-359
-351
-419
-400
-352
-385
-428
-344
-242
-281
-279
-252
-271
-264
-230
-256
-320
-241
-178
-196
-225
-194
-102
-136
-171
-215
-231
-195
-194
-180
-174
-172
-160
-116
-102
-109
-52
-94
-137
-40
-25
19
82
144
159
162
257
242
296
323
233
242
266
226
245
350
376
320
251
279
364
452
509
442
449
467
497
525
541
666
630
630
623
501
542
492
394
414
350
344
410
357
364
326
279
327
318
404
446
412
445
381
345
428
387
358
299
155
192
196
110
19
-35
86
75
15
109
94
114
120
2
16
3
-107
-100
-126
-197
-274
-403
-458
-568
-648
-678
-812
-907
-1043
-1155
-1186
-1279
-1323
-1329
-1302
-1146
-942
-886
-864
-746
-625
-574
-666
-776
-853
-856
-776
-811
-951
-902
-799
-776
-781
-809
-707
-757
-777
-737
-855
-766
-609
-528
-382
-255
-90
108
221
329
338
235
151
81
20
9
31
32
93
139
199
355
446
510
497
452
407
274
332
416
506
756
925
1033
1150
1235
1270
1204
1085
1044
962
863
826
799
790
823
889
997
1138
1173
1151
1211
1177
1035
950
829
699
611
601
629
617
669
771
758
634
575
480
343
260
161
104
125
150
245
416
527
566
582
679
665
503
469
354
229
274
256
206
134
123
225
251
223
188
71
-102
-259
-378
-418
-475
-558
-607
-676
-705
-705
-744
-866
-981
-1090
-1280
-1506
-1687
-1695
-1780
-1906
-1816
-1766
-1651
-1487
-1447
-1355
-1257
-1096
-1003
-1021
-934
-921
-927
-970
-962
-888
-942
-890
-864
-964
-1101
-1099
-1021
-1052
-1027
-1003
-932
-849
-720
-540
-347
-79
92
295
463
525
605
649
640
540
350
213
225
217
127
107
111
143
168
163
192
198
227
193
146
136
182
441
663
866
1079
1213
1429
1534
1539
1430
1241
1098
856
770
748
731
788
833
950
1012
1162
1230
1177
1137
922
810
779
651
598
712
891
1076
1285
1489
1553
1476
1401
1243
963
696
475
413
522
627
804
1043
1274
1470
1517
1432
1267
1057
791
521
265
94
215
431
584
774
941
1104
1110
852
483
38
-411
-843
-1245
-1459
-1497
-1495
-1437
-1309
-1242
-1291
-1484
-1836
-2296
-2723
-3013
-3309
-3473
-3298
-2992
-2562
-2085
-1671
-1300
-1095
-1081
-1243
-1548
-1842
-2083
-2283
-2292
-2269
-2137
-1738
-1499
-1301
-1112
-1131
-1208
-1433
-1684
-1859
-2024
-1962
-1681
-1346
-887
-382
129
632
935
1001
968
892
621
341
183
118
137
141
309
606
776
875
878
663
411
258
96
-26
-65
-76
86
456
903
1301
1728
2061
2201
2313
2288
2218
2063
1877
1756
1651
1638
1608
1669
1752
1806
1884
1757
1562
1447
1241
1019
906
781
691
837
1060
1287
1592
1749
1871
1933
1823
1744
1550
1324
1032
707
595
530
556
686
755
786
901
981
954
923
814
730
668
589
647
659
721
982
1123
1205
1317
1272
1161
965
611
296
22
-350
-601
-747
-977
-1119
-1164
-1292
-1564
-1895
-2188
-2508
-2806
-3017
-3254
-3440
-3474
-3425
-3226
-2960
-2865
-2722
-2533
-2452
-2300
-2185
-2088
-2003
-1975
-1905
-1912
-1928
-2005
-2079
-2163
-2374
-2451
-2476
-2506
-2480
-2360
-2212
-2096
-1926
-1781
-1551
-1312
-1045
-763
-493
-51
283
598
962
1174
1326
1334
1209
1088
885
569
273
159
102
91
264
395
598
841
877
860
914
936
806
776
856
1067
1313
1500
1886
2197
2394
2503
2431
2225
1984
1811
1552
1282
1160
1238
1409
1621
1833
2023
2136
2117
2085
1890
1654
1505
1254
1072
1099
1247
1440
1673
1895
1954
1877
1729
1376
921
590
272
105
63
111
430
780
1160
1566
1876
2004
2055
2067
1905
1717
1514
1341
1282
1238
1215
1196
1063
914
686
374
154
-149
-506
-758
-942
-1070
-1014
-831
-782
-731
-723
-913
-1241
-1699
-2133
-2557
-3020
-3431
-3777
-4146
-4472
-4455
-4374
-4450
-4378
-4234
-4040
-3774
-3489
-2993
-2532
-2238
-1851
-1536
-1344
-1231
-1222
-1297
-1543
-1770
-2048
-2201
-2175
-2325
-2375
-2354
-2409
-2403
-2363
-2240
-2110
-1925
-1494
-1030
-446
262
907
1572
2136
2487
2539
2452
2252
1861
1380
938
581
303
282
417
553
690
802
842
827
786
771
823
950
1117
1355
1773
2252
2668
2936
2982
2914
2702
2285
1825
1447
1099
910
954
1023
1320
1716
1915
2167
2282
2159
1966
1674
1403
1178
1031
1117
1371
1594
1807
2081
2215
2165
1990
1666
1203
705
394
243
69
69
253
537
996
1459
1822
1974
2092
2209
2141
2014
1910
1818
1697
1567
1402
1254
1086
762
436
42
-379
-760
-1132
-1261
-1396
-1410
-1166
-980
-704
-510
-313
-206
-363
-504
-856
-1417
-2020
-2661
-3216
-3798
-4365
-4834
-5318
-5480
-5443
-5414
-5198
-4910
-4499
-3910
-3368
-2885
-2290
-1860
-1521
-1241
-1070
-800
-832
-945
-1073
-1388
-1586
-1918
-2295
-2525
-2833
-3135
-3338
-3440
-3494
-3357
-2917
-2395
-1784
-1095
-357
494
1353
2011
2440
2725
2788
2715
2543
2260
1908
1512
1093
722
563
356
173
133
6
-52
-15
85
292
705
1136
1585
2252
2854
3408
3880
4102
4092
3858
3411
2932
2445
1843
1409
1101
860
852
1018
1370
1746
1972
2170
2190
2166
2175
2081
2085
2057
2159
2326
2415
2666
2831
2776
2592
2205
1753
1283
656
131
-257
-521
-639
-611
-351
-61
313
717
1068
1383
1611
1809
1970
2014
2038
2117
2089
1965
1692
1269
814
286
-217
-726
-1222
-1535
-1696
-1722
-1602
-1393
-1108
-725
-364
-197
-189
-195
-325
-640
-1076
-1704
-2427
-3115
-3816
-4567
-5367
-6136
-6625
-6850
-6866
-6642
-6130
-5421
-4659
-3830
-2995
-2133
-1515
-1122
-899
-929
-937
-1031
-1189
-1299
-1543
-1762
-1842
-2044
-2374
-2778
-3255
-3699
-4067
-4366
-4428
-4068
-3362
-2334
-1241
-137
1086
2116
3062
3673
3824
3802
3557
3311
2941
2421
2056
1804
1536
1237
1034
800
467
81
-315
-488
-504
-254
319
1060
1928
2806
3703
4452
4930
5070
4838
4261
3344
2470
1664
879
496
285
172
455
894
1344
1705
1892
2080
2056
1875
1889
1847
1915
2183
2465
2828
3123
3349
3334
3036
2586
1972
1284
633
104
-386
-600
-477
-272
88
431
698
1042
1285
1404
1589
1825
1979
2193
2540
2811
2958
3018
2855
2373
1660
745
-238
-1157
-1911
-2353
-2636
-2668
-2443
-2104
-1567
-1032
-639
-391
-339
-361
-364
-393
-516
-751
-1230
-1884
-2596
-3482
-4436
-5581
-6770
-7733
-8360
-8454
-8140
-7436
-6388
-5117
-3848
-2722
-1730
-1057
-710
-757
-1164
-1597
-1896
-2030
-1991
-1867
-1771
-1618
-1491
-1576
-2024
-2872
-3774
-4640
-5484
-5922
-5765
-5082
-3823
-2248
-686
1009
2585
3823
4609
4655
4298
3729
3035
2444
1947
1603
1512
1583
1655
1650
1515
1250
893
321
-327
-582
-459
35
887
2019
3418
4709
5804
6586
6775
6459
5757
4715
3469
2290
1325
673
349
356
765
1324
1874
2254
2434
2436
2168
1965
1904
1886
2064
2398
2800
3322
3776
4045
4099
3807
3217
2392
1425
422
-451
-1091
-1489
-1654
-1536
-1152
-717
-251
87
302
496
587
778
1034
1336
1703
1984
2368
2678
2730
2645
2081
1195
251
-785
-1624
-2296
-2741
-2855
-2819
-2484
-1943
-1321
-679
-201
129
335
460
466
420
285
-27
-497
-1154
-1946
-2864
-3963
-5236
-6671
-7936
-8734
-9038
-8659
-7785
-6667
-5293
-3793
-2410
-1229
-398
-140
-304
-821
-1531
-1978
-2180
-2307
-2301
-2304
-2287
-2189
-2254
-2638
-3370
-4279
-5226
-6152
-6653
-6462
-5704
-4349
-2607
-859
940
2735
4246
5241
5520
5056
4142
3269
2506
1813
1306
958
837
893
1051
1246
1374
1278
878
465
241
360
853
1585
2554
3708
4893
6002
6836
7178
6945
6186
5067
3675
2263
1161
405
-48
-148
-21
439
1211
1897
2489
2777
2833
2874
2862
2941
3013
3081
3178
3343
3546
3709
3718
3301
2637
1825
960
213
-485
-1057
-1504
-1672
-1502
-1130
-613
-31
506
797
1008
1232
1485
1818
2087
2286
2349
2329
2354
2389
2214
1587
747
-235
-1162
-1795
-2328
-2708
-2989
-3102
-2945
-2605
-2046
-1375
-773
-386
-191
-17
273
566
602
279
-604
-1754
-2857
-4091
-5326
-6707
-8233
-9426
-9991
-9772
-8875
-7595
-6244
-4976
-3659
-2453
-1451
-674
-389
-642
-1220
-1726
-1942
-1755
-1430
-1167
-1027
-1107
-1335
-1585
-1874
-2612
-3632
-4757
-5709
-6092
-5825
-4655
-3096
-1569
-53
1544
3324
4793
5728
5920
5147
4003
3003
2325
1914
1463
1036
758
653
688
937
1258
1127
559
-55
-400
-223
449
1298
2307
3339
4252
5346
6369
6936
6941
6240
5048
3650
2255
1282
725
319
51
-65
269
1064
1982
2649
2746
2529
2349
2198
2318
2705
2901
3043
3263
3467
3753
4033
4096
3594
2523
1363
372
-303
-687
-966
-1082
-1176
-1121
-611
94
706
1005
986
822
785
1110
1552
1934
2135
2147
2163
2115
2128
1932
1187
126
-1114
-2136
-2739
-3064
-3205
-3237
-3219
-2978
-2315
-1451
-496
155
348
399
368
620
821
675
199
-854
-2072
-3338
-4549
-5732
-7094
-8574
-9943
-10634
-10367
-9256
-7870
-6658
-5403
-4052
-2736
-1366
-344
4
-258
-862
-1355
-1656
-1583
-1243
-1159
-1347
-1589
-1698
-1755
-2084
-2780
-3835
-5054
-5951
-6301
-5929
-4758
-3195
-1570
149
2080
4136
5976
7074
7102
6263
5039
3881
2962
2215
1533
921
456
427
839
1399
1856
1831
1259
549
141
156
578
1173
1761
2489
3546
4870
6157
6977
7009
6284
5042
3650
2367
1305
418
-389
-935
-917
-297
715
1867
2704
2994
3017
2903
2824
2898
2881
2693
2331
2149
2389
2767
3119
3257
2928
2233
1495
887
424
-93
-623
-1083
-1338
-1164
-627
131
835
1218
1335
1487
1737
2091
2448
2499
2314
2042
1879
1962
1920
1665
1151
321
-581
-1353
-1887
-2372
-2804
-3129
-3297
-3203
-2678
-1765
-1053
-423
72
291
635
822
709
171
-901
-2315
-3839
-5095
-6233
-7316
-8437
-9483
-9990
-9817
-8926
-7739
-6597
-5485
-4411
-3322
-2283
-1434
-866
-782
-1066
-1362
-1525
-1334
-1011
-834
-833
-1038
-1228
-1378
-1731
-2441
-3432
-4582
-5642
-6214
-6131
-5392
-4132
-2580
-865
982
2923
4798
6124
6583
6258
5446
4415
3338
2532
1810
1148
726
483
666
983
1186
1274
989
479
4
-47
343
970
1842
2826
4004
5338
6526
7284
7402
6819
5602
4063
2606
1376
427
-128
-378
-262
405
1385
2401
3197
3588
3512
3160
2856
2617
2507
2511
2553
2731
3101
3582
3976
4067
3700
2910
1817
676
-234
-912
-1347
-1556
-1573
-1279
-696
92
846
1287
1417
1342
1316
1375
1505
1695
1773
1858
2020
2124
2061
1806
1304
512
-482
-1550
-2442
-2964
-3160
-3151
-3000
-2666
-2097
-1337
-547
44
312
294
234
163
-34
-397
-1149
-2218
-3421
-4724
-5954
-7184
-8424
-9420
-10007
-9931
-9299
-8307
-6939
-5388
-3795
-2432
-1365
-634
-379
-446
-883
-1546
-2041
-2340
-2261
-1977
-1683
-1297
-1197
-1251
-1646
-2507
-3427
-4582
-5683
-6387
-6626
-6079
-4676
-2756
-661
1541
3724
5506
6694
7060
6481
5417
4126
2787
1545
623
318
485
879
1259
1746
2150
2140
1758
1068
373
-75
-17
410
1237
2647
4289
5885
7155
7956
8113
7493
6266
4545
2529
704
-546
-1216
-1278
-824
95
1429
2699
3608
4152
4206
3958
3518
2781
2217
2069
2296
2855
3458
3978
4345
4541
4279
3437
2271
871
-459
-1560
-2326
-2533
-2195
-1433
-597
105
889
1592
1936
1923
1545
1122
883
784
889
1223
1531
1841
2194
2030
1446
774
-127
-1289
-2568
-3658
-4255
-4224
-3810
-3156
-2319
-1436
-429
473
972
1181
1042
464
-307
-1293
-2522
-3706
-4782
-5826
-7038
-8217
-8941
-9303
-9205
-8758
-8175
-7341
-6221
-4754
-3337
-2191
-1332
-824
-573
-753
-1140
-1396
-1478
-1568
-1725
-1829
-1675
-1290
-1158
-1458
-2266
-3345
-4263
-5033
-5734
-6116
-5825
-4823
-3385
-1582
553
2642
4550
5803
6148
5914
5282
4550
3659
2588
1684
1212
1187
1444
1764
1917
1934
1827
1422
744
189
66
179
507
1244
2449
4096
5825
7143
7750
7812
7464
6583
5175
3514
1950
728
65
-165
-71
474
1334
2171
2782
3010
3002
2913
2646
2301
1948
1928
2356
2911
3539
3975
4159
4284
3997
3178
2141
998
-161
-1172
-1915
-2234
-2005
-1363
-655
-40
447
918
1250
1227
1078
872
752
830
981
1379
1801
2091
2284
2016
1425
643
-318
-1281
-2484
-3666
-4333
-4506
-4185
-3579
-2858
-1870
-756
289
1126
1538
1506
1302
811
-205
-1412
-2743
-4138
-5498
-6954
-8360
-9295
-9657
-9639
-9233
-8660
-7731
-6275
-4682
-3242
-2159
-1307
-777
-705
-958
-1465
-1866
-2020
-2201
-2305
-2234
-1944
-1467
-1220
-1469
-2197
-3146
-4081
-4939
-5770
-6402
-6305
-5414
-3927
-1958
236
2480
4648
6136
6655
6634
6116
5289
4234
2876
1768
1064
792
966
1091
1121
1210
1245
1160
790
330
104
286
888
1630
2753
4338
5918
7211
7890
8039
7829
7115
5882
4166
2508
1330
565
202
90
377
1004
1613
2119
2209
2140
2165
2068
1856
1552
1621
2188
3029
3822
4229
4517
4649
4411
3760
2590
1344
291
-659
-1353
-1750
-1692
-1238
-642
-118
173
482
814
963
859
642
632
924
1369
1862
2291
2699
3032
2940
2422
1401
112
-1112
-2440
-3783
-4747
-5106
-4889
-4182
-3385
-2412
-1050
98
920
1355
1323
1142
599
-458
-2052
-3746
-4986
-6143
-7445
-8619
-9435
-9664
-9293
-8650
-7900
-7012
-5802
-4346
-3207
-2577
-2046
-1621
-1432
-1571
-2061
-2293
-2186
-1984
-1774
-1675
-1603
-1372
-1343
-1910
-2789
-3789
-4604
-5335
-6033
-6102
-5494
-4218
-2495
-812
1032
2886
4481
5671
5950
5608
5086
4295
3399
2541
1818
1513
1504
1492
1332
1124
1016
944
624
-128
-646
-503
195
1132
2133
3544
5180
6703
7807
8154
8013
7557
6513
4874
3136
1796
1036
694
527
567
955
1768
2576
2837
2723
2465
2247
2098
1842
1723
1976
2619
3467
4091
4447
4830
5097
4770
3777
2507
1265
262
-501
-1164
-1596
-1641
-1219
-696
-386
-104
183
415
531
425
392
842
1515
2192
2658
2953
3383
3572
3264
2323
869
-541
-1856
-3230
-4424
-5077
-5100
-4693
-4213
-3569
-2508
-1281
-266
340
508
454
495
328
-471
-1731
-3125
-4395
-5709
-7290
-8755
-9770
-10229
-10154
-9799
-9109
-7903
-6255
-4537
-3305
-2466
-1696
-1152
-989
-1348
-1981
-2274
-2151
-1909
-1612
-1173
-675
-269
-312
-983
-2015
-3240
-4482
-5609
-6638
-7106
-6460
-4869
-2887
-689
1611
3794
5710
6758
6897
6456
5544
4553
3415
2121
1156
954
1185
1308
1368
1370
1408
1315
834
217
-270
-327
134
877
1933
3378
5104
6743
7655
7888
7700
7091
6082
4532
2832
1486
623
218
150
368
888
1603
2206
2490
2473
2457
2450
2373
2236
2166
2415
2985
3690
4203
4546
4624
4430
4011
3167
2185
1275
370
-412
-1090
-1534
-1487
-1293
-1056
-883
-708
-288
110
501
865
1256
1720
2207
2666
2993
3163
3187
2923
2097
1047
0
-938
-1921
-3011
-3704
-4180
-4337
-4018
-3617
-2924
-2035
-1238
-473
134
536
696
574
-132
-1393
-2825
-4376
-5864
-7479
-9038
-10011
-10440
-10121
-9258
-8273
-6992
-5440
-3992
-2884
-2253
-2033
-1939
-2098
-2589
-3082
-3251
-2937
-2279
-1573
-944
-527
-253
-339
-1179
-2481
-3980
-5313
-6368
-7206
-7334
-6419
-4773
-2738
-496
1719
3822
5423
6283
6356
5830
5048
4187
3470
2879
2498
2493
2763
2952
2887
2601
2143
1366
320
-622
-1283
-1315
-771
182
1545
3217
5123
6853
7990
8357
8046
7277
6065
4521
2977
1800
1172
968
964
1189
1736
2347
2672
2533
2007
1415
997
841
749
844
1611
2756
3915
4988
5718
6072
6037
5407
4190
2824
1551
447
-437
-1127
-1429
-1271
-803
-341
-43
155
256
219
61
14
124
513
1127
1769
2419
3020
3612
3757
3177
2130
865
-467
-1903
-3301
-4363
-4972
-5068
-4674
-4112
-3392
-2416
-1366
-528
-99
107
203
84
-486
-1594
-2858
-4058
-5252
-6481
-7771
-8764
-9208
-9299
-9015
-8463
-7555
-6167
-4777
-3598
-2786
-2162
-1716
-1795
-2152
-2596
-2966
-3055
-2806
-2474
-2062
-1448
-959
-837
-1245
-2123
-3229
-4447
-5740
-6778
-7285
-7003
-5725
-3959
-1960
341
2652
4640
5842
6151
5981
5449
4645
3616
2492
1804
1641
1812
2192
2286
2238
2266
1855
1126
328
-355
-548
-401
146
1269
2821
4718
6448
7606
8166
8144
7704
6739
5242
3661
2484
1839
1554
1553
1845
2390
3010
3231
2920
2348
1667
1015
402
-50
9
812
2005
3256
4502
5553
6275
6418
5875
4834
3523
2108
859
-217
-954
-1084
-720
-138
294
614
813
821
610
145
-251
-360
-144
354
1127
2127
3101
3899
4212
3789
2884
1598
0
-1816
-3607
-5018
-5715
-5637
-5200
-4372
-3280
-2043
-800
-124
86
66
-179
-867
-2049
-3304
-4400
-5198
-5880
-6681
-7399
-7812
-7867
-7734
-7622
-7373
-6866
-6003
-5076
-4443
-3847
-3166
-2484
-2141
-2223
-2452
-2551
-2405
-2273
-2115
-1794
-1400
-1073
-1094
-1605
-2409
-3320
-4354
-5495
-6517
-6942
-6459
-5327
-3798
-1952
136
2412
4256
5226
5542
5432
4996
4197
3217
2346
1934
2016
2264
2460
2476
2384
2065
1422
459
-678
-1537
-1781
-1375
-443
1045
2996
5061
6820
8010
8538
8366
7484
6150
4583
3071
2071
1649
1808
2421
3298
4167
4815
4881
4201
3204
1956
822
-60
-701
-501
644
2295
4029
5651
6887
7532
7369
6314
4750
2818
837
-672
-1714
-2045
-1611
-698
543
1533
2058
2125
1728
1034
32
-918
-1509
-1591
-966
285
1896
3432
4593
5196
5005
4006
2359
205
-2207
-4427
-6111
-6941
-6780
-5884
-4454
-2857
-1321
-71
606
690
143
-883
-2398
-4010
-5380
-6539
-7187
-7397
-7306
-7066
-6795
-6442
-6138
-5867
-5616
-5475
-5448
-5294
-4839
-4137
-3406
-2828
-2325
-1985
-1859
-1764
-1706
-1740
-1851
-2039
-2214
-2508
-2876
-3154
-3570
-4147
-4805
-5300
-5316
-4864
-4068
-3037
-1704
-180
1343
2769
3768
4267
4404
4134
3515
2798
2304
2116
2126
2150
2149
2286
2283
2004
1448
524
-377
-1088
-1561
-1520
-867
495
2296
4065
5706
7046
7908
8141
7618
6459
5075
3842
2812
2261
2242
2638
3429
4271
4817
4894
4449
3601
2428
990
-247
-904
-894
-56
1411
3141
5055
6767
7873
8182
7573
6278
4569
2599
617
-865
-1536
-1343
-572
373
1380
2234
2730
2751
2075
800
-399
-1251
-1676
-1504
-747
700
2533
4086
5046
5331
4834
3590
1559
-1038
-3588
-5662
-7012
-7336
-6768
-5644
-3912
-2044
-606
204
283
-272
-1524
-3341
-5351
-6988
-7929
-8230
-7955
-7372
-6541
-5474
-4647
-4218
-4170
-4549
-4934
-5343
-5809
-5992
-5698
-4924
-4017
-3214
-2445
-1773
-1389
-1303
-1541
-2031
-2471
-2743
-2966
-3252
-3494
-3612
-3694
-3810
-4067
-4090
-3678
-3153
-2459
-1570
-480
787
1994
2956
3569
3828
3802
3604
3197
2756
2475
2288
2283
2283
2196
2126
1917
1479
848
201
-302
-590
-551
-65
902
2274
3864
5303
6380
7075
7251
6893
6064
4894
3745
2837
2367
2335
2613
3233
4024
4739
5011
4722
4004
2950
1737
443
-551
-924
-477
771
2343
4059
5685
6866
7485
7323
6302
4776
2967
1138
-356
-1234
-1282
-690
278
1204
2007
2679
2821
2395
1473
343
-678
-1307
-1285
-669
563
2165
3694
4769
5099
4803
3796
2031
-284
-2834
-4824
-5931
-6172
-5609
-4432
-2794
-1071
309
995
790
-265
-1967
-4191
-6524
-8258
-9156
-9217
-8485
-7290
-5908
-4510
-3340
-2706
-2700
-3236
-4211
-5312
-6166
-6583
-6469
-5776
-4784
-3803
-2816
-1947
-1390
-1186
-1474
-2160
-3054
-3919
-4695
-5321
-5559
-5648
-5613
-5344
-4823
-4014
-3061
-2076
-1132
-318
402
1140
1730
2181
2518
2639
2782
2921
3127
3450
3553
3602
3461
2952
2402
1722
940
145
-564
-1019
-1095
-535
413
1565
2914
4284
5522
6399
6785
6641
6176
5468
4481
3462
2762
2530
2736
3266
3911
4578
5040
5168
4869
4107
2970
1696
573
-313
-675
-325
653
2093
3759
5359
6628
7352
7397
6754
5376
3587
1889
398
-651
-1051
-793
-8
988
1926
2512
2750
2665
2163
1257
212
-544
-765
-271
763
2118
3616
4852
5473
5251
4329
2722
514
-1873
-4226
-5859
-6348
-5895
-4597
-2903
-1204
294
1192
1253
291
-1622
-4144
-6774
-9047
-10633
-11035
-10342
-8929
-7127
-5368
-3826
-2698
-2198
-2468
-3444
-4741
-5911
-6604
-6691
-6288
-5458
-4242
-3022
-1998
-1243
-931
-1016
-1716
-2927
-4184
-5267
-5926
-6124
-6108
-5910
-5329
-4396
-3226
-2026
-974
-119
512
971
1177
1272
1409
1537
1591
1543
1647
2072
2647
3070
3167
2980
2654
2238
1564
718
-82
-583
-750
-742
-238
775
2046
3421
4580
5394
5877
6107
6066
5551
4677
3844
3312
3006
2972
3187
3678
4400
4869
5063
5037
4696
4060
3120
2073
1168
556
379
709
1545
2679
3963
5236
6142
6632
6504
5881
4997
3674
2299
1113
277
23
85
501
1140
1689
2207
2439
2173
1679
1163
544
-95
-339
-88
584
1656
2801
3741
4314
4438
3875
2557
804
-1212
-3096
-4543
-5368
-5388
-4736
-3476
-2000
-795
108
442
50
-1150
-3198
-5412
-7396
-8902
-9610
-9565
-8884
-7796
-6354
-4966
-4039
-3400
-3228
-3533
-4141
-4898
-5330
-5277
-4886
-4334
-3731
-3016
-2308
-1847
-1610
-1615
-1954
-2481
-3161
-3879
-4476
-4967
-5247
-5430
-5544
-5411
-4920
-4091
-3056
-1886
-807
194
1131
1830
2333
2572
2553
2391
2137
1956
1950
2079
2206
2258
2175
1871
1408
912
323
-349
-925
-1232
-1007
-274
683
1828
3225
4485
5441
6068
6309
6179
5639
4948
4110
3423
3140
3129
3394
3757
4141
4411
4511
4344
3831
3096
2050
1068
448
148
456
1269
2348
3701
4961
5998
6755
6928
6563
5618
4323
2989
1638
607
29
-120
189
739
1330
1841
2161
2194
2053
1650
998
577
374
586
1275
2159
3150
3951
4482
4564
4037
2960
1375
-503
-2451
-4170
-5164
-5393
-4971
-3927
-2660
-1344
-314
131
2
-869
-2513
-4582
-6632
-8264
-9055
-9175
-8776
-7893
-6872
-5697
-4611
-3988
-3807
-4034
-4675
-5433
-5815
-5797
-5450
-4901
-4285
-3540
-2829
-2199
-1751
-1704
-1926
-2405
-3129
-3842
-4472
-4928
-5254
-5564
-5765
-5749
-5314
-4487
-3471
-2342
-1251
-250
735
1537
2117
2517
2579
2353
2179
2188
2320
2573
2764
2773
2626
2279
1826
1268
440
-412
-1084
-1453
-1317
-685
412
1846
3372
4728
5812
6559
6880
6739
6206
5355
4357
3536
3045
2986
3221
3609
4098
4452
4636
4513
4005
3223
2197
1104
269
-59
105
845
2104
3494
4842
6147
7124
7405
7050
6183
4904
3460
2055
936
282
104
318
783
1363
1965
2410
2578
2388
1736
1004
438
98
203
727
1622
2728
3788
4542
4904
4717
3730
2096
11
-2154
-3922
-5176
-5661
-5296
-4323
-2996
-1700
-595
-4
-252
-1398
-3381
-5649
-7838
-9543
-10218
-9978
-9099
-7758
-6168
-4491
-3097
-2398
-2452
-3175
-4413
-5651
-6506
-6835
-6554
-5961
-5136
-3990
-2741
-1740
-1164
-948
-1287
-2044
-2962
-3993
-4807
-5463
-5840
-5872
-5722
-5158
-4383
-3417
-2295
-1408
-657
-14
473
808
995
1081
968
898
1187
1659
2238
2910
3334
3439
3236
2737
2023
1007
-83
-1115
-1957
-2220
-1856
-901
396
1766
3218
4466
5327
5888
5956
5581
4991
4196
3530
3291
3449
3979
4707
5398
6007
6330
6228
5691
4480
2934
1354
-203
-1166
-1394
-935
180
1757
3686
5565
7127
8229
8418
7774
6570
4891
3206
1828
780
331
355
615
1369
2151
2650
2907
2652
1976
1092
221
-374
-450
-133
649
1872
3222
4569
5632
6111
5689
4439
2549
314
-1719
-3401
-4628
-5048
-4724
-3828
-2529
-1291
-418
-259
-1075
-2672
-4804
-6946
-8681
-9825
-10030
-9389
-8078
-6305
-4378
-2615
-1650
-1626
-2234
-3456
-4912
-6149
-6968
-7163
-6848
-6065
-4950
-3677
-2479
-1685
-1347
-1630
-2400
-3250
-4130
-4991
-5649
-5996
-6030
-5805
-5310
-4533
-3598
-2718
-1985
-1324
-833
-525
-273
-171
-82
6
168
563
1006
1617
2275
2717
2983
2928
2561
1905
950
-13
-968
-1789
-2184
-2037
-1327
-246
1018
2324
3526
4501
5246
5540
5375
5027
4454
3847
3525
3689
4113
4765
5648
6364
6950
7111
6750
5892
4354
2553
705
-784
-1503
-1521
-770
651
2376
4144
5852
7090
7703
7665
6805
5500
4008
2655
1692
1196
1223
1539
2013
2556
3081
3329
3130
2459
1419
325
-427
-694
-503
226
1303
2579
3985
5228
5961
5952
5143
3566
1518
-630
-2445
-3635
-4221
-4133
-3522
-2445
-1173
-329
-181
-997
-2775
-5201
-7781
-9997
-11334
-11634
-11117
-9603
-7433
-4996
-2647
-1018
-323
-839
-2187
-3843
-5575
-6855
-7544
-7546
-6935
-5832
-4379
-2976
-1713
-1130
-1366
-2053
-3137
-4228
-5265
-6042
-6363
-6364
-5973
-5134
-3910
-2530
-1229
-310
230
500
513
334
92
-132
-401
-442
-120
467
1363
2244
2862
3207
3193
2894
2341
1500
432
-531
-1235
-1544
-1345
-715
312
1489
2655
3639
4357
4843
5006
4743
4169
3466
2914
2681
2758
3306
4173
5174
6131
6895
7240
6912
6062
4669
2844
1001
-495
-1409
-1590
-1068
50
1696
3479
5118
6490
7153
7094
6505
5383
4102
2977
2132
1679
1555
1747
2223
2728
3049
3126
2871
2324
1520
561
-220
-661
-619
-77
800
2004
3281
4347
5038
5124
4605
3399
1673
-149
-1759
-2862
-3347
-3140
-2502
-1604
-720
-317
-402
-1334
-3208
-5611
-8122
-10185
-11483
-11687
-10910
-9381
-7120
-4640
-2414
-795
-82
-411
-1509
-2984
-4594
-5883
-6604
-6702
-6312
-5559
-4415
-3200
-2277
-1887
-2035
-2730
-3836
-4903
-5865
-6566
-6884
-6799
-6310
-5375
-3970
-2424
-993
88
811
1084
991
787
342
-139
-623
-931
-757
-371
236
1017
1685
2179
2343
2253
1983
1436
756
-70
-760
-1077
-949
-293
570
1618
2602
3423
4305
4833
4935
4695
4020
3329
2911
2721
2874
3422
4235
5171
6094
6854
7181
6922
6070
4625
2972
1331
17
-636
-804
-366
691
2015
3496
5042
6189
6714
6673
6110
5224
4200
3227
2538
2183
2156
2454
2919
3445
3789
3737
3385
2715
1828
1058
459
184
302
792
1710
2748
3811
4647
4956
4725
3788
2382
834
-592
-1646
-2243
-2343
-2037
-1357
-758
-563
-899
-2111
-4019
-6367
-8823
-10723
-11865
-12112
-11300
-9624
-7314
-4812
-2481
-662
155
0
-956
-2554
-4166
-5518
-6517
-6975
-6811
-5924
-4840
-3720
-2612
-2127
-2225
-2838
-3957
-5275
-6554
-7478
-7855
-7653
-6871
-5535
-3769
-1890
-256
950
1576
1643
1206
347
-528
-1325
-1813
-1830
-1638
-1048
-104
847
1667
2171
2274
2059
1567
979
359
-235
-426
-347
-12
678
1568
2558
3339
3837
4058
3954
3639
3205
2752
2330
2013
2062
2537
3308
4359
5476
6406
7058
7223
6875
6074
4819
3443
2049
818
129
0
422
1397
2642
3795
4868
5728
6113
6007
5535
4769
3883
3149
2551
2308
2456
2662
2979
3311
3562
3691
3522
3075
2365
1640
1130
835
933
1395
2068
2968
3788
4341
4569
4314
3668
2492
1108
-83
-1125
-1686
-1784
-1600
-1133
-704
-552
-780
-1782
-3499
-5551
-7648
-9386
-10603
-11007
-10328
-8887
-6947
-4798
-2829
-1288
-557
-705
-1575
-2904
-4259
-5415
-6248
-6543
-6203
-5478
-4570
-3731
-3185
-3032
-3318
-3933
-4904
-5951
-6815
-7357
-7513
-7237
-6228
-4751
-3059
-1366
48
1104
1755
1915
1554
882
-30
-894
-1410
-1542
-1435
-1108
-495
142
496
579
507
120
-462
-1066
-1617
-1873
-1648
-897
66
1115
2176
3039
3679
3994
4015
3751
3210
2616
2059
1733
1833
2258
2937
3814
4775
5711
6512
6996
7073
6708
5802
4576
3277
2165
1448
1083
1120
1654
2566
3530
4616
5444
5758
5686
5075
4390
3668
2952
2529
2332
2488
2813
3268
3912
4301
4278
3921
3256
2467
1648
1066
784
706
1019
1731
2770
3842
4780
5402
5377
4765
3684
2277
803
-470
-1397
-1911
-1919
-1412
-597
157
346
-239
-1605
-3712
-6170
-8574
-10591
-11753
-11775
-10811
-8996
-6509
-3907
-1663
-137
302
-266
-1497
-3053
-4605
-6014
-6846
-6882
-6301
-5279
-4132
-3084
-2468
-2379
-2925
-4003
-5257
-6574
-7508
-7966
-7965
-7239
-5885
-4114
-2131
-379
928
1783
2054
1809
1182
290
-622
-1240
-1583
-1596
-1124
-355
473
989
1078
826
200
-596
-1484
-2360
-2793
-2748
-2202
-1115
248
1705
2995
3935
4420
4514
4344
3885
3232
2525
1937
1590
1614
2059
2725
3587
4524
5222
5726
5962
5766
5217
4325
3229
2200
1396
899
831
1220
1989
2987
4018
5040
5730
5882
5630
4926
4049
3060
2155
1742
1525
1552
2003
2541
3130
3633
3787
3680
3219
2588
1954
1363
1095
1138
1585
2378
3430
4582
5488
6076
6082
5472
4303
2822
1383
28
-905
-1377
-1370
-870
-220
225
205
-465
-1922
-3986
-6357
-8524
-10166
-11005
-10777
-9689
-7827
-5496
-3141
-1167
25
343
-180
-1334
-2781
-4134
-5197
-5893
-6043
-5631
-4821
-3950
-3247
-2830
-2836
-3445
-4562
-5799
-6953
-7851
-8307
-8247
-7519
-6116
-4243
-2154
-301
1068
1857
2070
1747
919
37
-764
-1487
-1760
-1551
-1023
-278
391
738
661
188
-535
-1443
-2312
-2935
-3287
-3196
-2440
-1191
205
1728
3049
3936
4465
4495
4205
3587
2766
1993
1263
947
1069
1613
2556
3466
4394
5203
5664
5773
5421
4751
3647
2358
1336
637
514
796
1359
2331
3494
4610
5427
5920
6019
5618
4896
4003
3120
2397
1923
1737
1860
2344
2982
3600
4181
4390
4182
3779
3151
2476
1959
1724
1854
2440
3405
4524
5678
6573
7009
6739
5597
4065
2366
604
-771
-1693
-1980
-1668
-1175
-499
19
-115
-1096
-2957
-5226
-7453
-9388
-10659
-11101
-10569
-9153
-7108
-4758
-2628
-933
10
-36
-813
-2041
-3328
-4424
-5317
-5654
-5452
-4898
-3927
-3002
-2409
-2160
-2588
-3581
-4763
-6144
-7340
-8084
-8365
-7967
-7012
-5406
-3362
-1427
237
1291
1618
1452
828
-20
-887
-1553
-1821
-1723
-1165
-440
309
949
1057
711
34
-943
-1962
-2841
-3475
-3636
-3375
-2551
-1220
195
1694
2955
3764
4192
4201
3811
3096
2321
1536
841
589
784
1306
2176
3164
3992
4721
5160
5110
4639
3843
2871
1869
1014
481
588
1170
2056
3271
4434
5482
6295
6714
6716
6217
5390
4365
3378
2643
2184
2049
2259
2702
3193
3741
4126
4136
3850
3208
2445
1785
1323
1273
1686
2651
3875
5052
6130
6908
7087
6549
5367
3693
1874
246
-890
-1498
-1628
-1194
-543
-75
65
-405
-1639
-3542
-5767
-7923
-9602
-10420
-10265
-9197
-7518
-5298
-2990
-1050
440
942
512
-684
-2257
-3655
-4871
-5663
-5859
-5508
-4762
-3719
-2763
-2267
-2329
-3001
-4119
-5562
-6980
-8092
-8645
-8564
-7916
-6545
-4766
-2833
-1116
168
979
1108
748
-59
-946
-1644
-2126
-2176
-1984
-1517
-760
-47
392
471
40
-835
-1765
-2782
-3626
-3951
-3944
-3450
-2446
-1077
510
1957
3124
3871
4058
3854
3384
2729
1898
1220
932
990
1579
2381
3285
4310
5036
5448
5527
5123
4348
3304
2202
1245
560
485
937
1653
2726
3999
5160
6152
6835
7015
6772
6176
5307
4394
3557
2921
2629
2511
2647
2996
3237
3460
3507
3180
2713
2154
1551
1198
1117
1408
2168
3235
4487
5566
6219
6592
6419
5514
4261
2733
1150
-100
-937
-1234
-1040
-599
-75
181
4
-793
-2160
-3986
-6189
-8030
-9376
-10031
-9673
-8585
-6745
-4542
-2646
-1049
-62
31
-587
-1838
-3239
-4588
-5653
-6124
-6068
-5444
-4543
-3549
-2692
-2395
-2608
-3289
-4434
-5769
-6986
-7822
-8188
-7976
-7171
-5964
-4414
-2739
-1281
-247
295
467
266
-207
-717
-1196
-1411
-1305
-997
-446
161
609
815
631
51
-800
-1721
-2620
-3416
-3788
-3637
-2966
-1865
-466
1054
2388
3433
4024
4311
4182
3597
2978
2277
1711
1445
1508
2004
2758
3575
4295
4807
5081
5065
4693
4011
3055
1977
1054
477
305
502
1087
2029
3141
4381
5528
6310
6664
6550
6057
5111
4039
3089
2154
1592
1385
1499
1946
2354
2805
3174
3193
3064
2670
2138
1829
1714
1920
2491
3356
4459
5500
6299
6722
6541
5746
4567
3091
1520
142
-784
-1164
-1228
-919
-453
-115
-144
-887
-2330
-4330
-6462
-8384
-9804
-10307
-9947
-8747
-6795
-4600
-2385
-466
659
836
105
-1181
-2785
-4299
-5320
-5957
-6073
-5555
-4548
-3482
-2667
-2272
-2429
-3158
-4422
-5777
-7000
-7882
-8250
-8083
-7188
-5818
-4107
-2227
-740
320
846
772
351
-253
-814
-1295
-1521
-1408
-1063
-478
97
558
708
348
-262
-1117
-2069
-2887
-3539
-3728
-3528
-2873
-1749
-416
1029
2226
3118
3640
3762
3592
3164
2658
2138
1709
1585
1704
2003
2712
3441
4018
4558
4865
4966
4716
4082
3170
2220
1326
660
436
501
1048
1964
3017
4313
5373
6133
6674
6602
6101
5334
4477
3602
2772
2234
1933
2009
2348
2775
3203
3379
3310
3024
2475
1919
1544
1353
1562
2158
3031
4046
5018
5834
6233
6094
5352
4142
2716
1253
-8
-877
-1243
-1216
-887
-503
-330
-560
-1418
-2897
-4856
-6901
-8609
-9736
-10069
-9440
-7892
-5853
-3686
-1549
122
960
958
115
-1305
-2829
-4143
-5034
-5364
-5158
-4518
-3611
-2646
-1956
-1920
-2406
-3405
-4958
-6459
-7658
-8391
-8553
-8117
-6972
-5381
-3460
-1659
-267
656
948
853
288
-550
-1190
-1694
-2008
-1933
-1494
-833
-140
338
467
182
-552
-1474
-2455
-3337
-3814
-3960
-3638
-2735
-1477
28
1533
2755
3524
3869
3984
3699
3043
2355
1719
1191
1032
1244
1814
2599
3320
4095
4620
4846
4804
4308
3482
2384
1361
538
-47
-99
280
1052
2103
3277
4569
5628
6376
6607
6274
5522
4512
3519
2620
2067
1741
1726
2099
2538
3036
3465
3571
3287
2720
2036
1471
1152
1173
1710
2632
3742
4977
6070
6788
6926
6385
5273
3764
2171
743
-240
-644
-600
-355
26
286
87
-608
-2106
-4219
-6463
-8485
-9850
-10339
-9757
-8308
-6286
-3875
-1479
531
1722
1951
1269
-236
-2018
-3719
-5022
-5700
-5873
-5399
-4406
-3295
-2357
-1792
-1870
-2728
-4129
-5854
-7469
-8613
-9145
-8944
-8066
-6532
-4533
-2370
-404
992
1701
1663
994
85
-878
-1722
-2209
-2329
-1979
-1173
-94
843
1344
1351
687
-342
-1567
-2926
-3923
-4487
-4617
-3987
-2731
-1129
682
2347
3511
4007
4021
3704
3020
2202
1400
808
609
855
1550
2497
3548
4433
5000
5234
5002
4294
3341
2135
860
-97
-749
-847
-383
499
1688
2954
4199
5233
5964
6268
6113
5578
4777
3899
3127
2545
2191
2206
2418
2742
3120
3304
3303
2962
2480
1928
1191
837
887
1243
2109
3219
4505
5711
6431
6717
6563
5726
4335
2851
1440
358
-157
-232
-29
413
799
832
295
-988
-2774
-4958
-7158
-8958
-10029
-9998
-9080
-7276
-4933
-2655
-510
971
1584
1261
-20
-1617
-3351
-4861
-5691
-6002
-5718
-4877
-3877
-2829
-2124
-1974
-2332
-3385
-4843
-6398
-7662
-8513
-8788
-8241
-7076
-5267
-3234
-1299
368
1382
1843
1695
966
46
-861
-1610
-2006
-2019
-1685
-1040
-238
416
656
531
-110
-1165
-2244
-3313
-4020
-4211
-3869
-2972
-1688
-109
1480
2827
3743
4121
3958
3414
2610
1742
1016
520
479
809
1461
2396
3380
4372
5059
5237
5003
4360
3317
2015
852
-20
-536
-509
90
1142
2468
3882
5195
6235
6671
6597
6195
5286
4234
3191
2351
1963
1828
2126
2625
3133
3536
3624
3343
2584
1740
964
392
235
481
1247
2432
3803
5156
6229
6758
6547
5706
4444
2917
1417
279
-348
-494
-225
279
751
895
349
-1032
-3071
-5493
-7891
-9883
-10995
-10884
-9671
-7536
-4855
-2065
506
2382
3129
2714
1380
-574
-2560
-4220
-5366
-5731
-5406
-4489
-3253
-2055
-1107
-876
-1436
-2636
-4424
-6230
-7719
-8778
-9104
-8586
-7262
-5271
-2908
-681
1076
2158
2431
1958
983
-180
-1410
-2388
-3024
-3119
-2417
-1442
-368
575
971
764
-67
-1326
-2724
-4110
-5150
-5580
-5266
-4147
-2558
-602
1415
2981
4011
4425
4152
3429
2506
1406
453
-64
-93
415
1457
2885
4252
5329
5985
6113
5691
4775
3409
1841
445
-719
-1215
-952
-183
1080
2589
4004
5178
6114
6521
6335
5715
4800
3897
3071
2583
2361
2283
2618
3047
3375
3582
3509
3108
2424
1561
777
423
392
679
1461
2575
3875
5073
5986
6448
6303
5702
4682
3377
2146
1260
777
643
808
1197
1469
1389
766
-682
-2782
-5224
-7611
-9507
-10514
-10477
-9381
-7305
-4708
-1932
584
2369
3074
2637
1320
-500
-2414
-4174
-5430
-5939
-5744
-5020
-3910
-2758
-1851
-1418
-1944
-3175
-4688
-6462
-8075
-9205
-9685
-9204
-7954
-6004
-3479
-1055
1076
2608
3237
3065
2234
948
-573
-1876
-2805
-3208
-2839
-1957
-868
177
870
1003
459
-687
-2209
-3831
-5117
-5776
-5683
-4751
-3049
-903
1307
3270
4593
5180
5108
4347
3094
1658
352
-525
-777
-342
639
2019
3510
4896
5893
6141
5751
4773
3303
1588
-106
-1363
-1993
-1902
-1055
272
1837
3540
5072
6095
6493
6328
5694
4676
3536
2540
1793
1553
1722
2188
2898
3480
3934
4039
3809
3371
2579
1760
1190
996
1134
1673
2659
3827
4966
5879
6353
6267
5724
4762
3478
2191
1172
647
634
793
1217
1730
1724
1064
-357
-2371
-4848
-7409
-9552
-10878
-10961
-10015
-8125
-5536
-2697
-76
1712
2585
2481
1382
-286
-2118
-3812
-5043
-5553
-5267
-4429
-3182
-1874
-1077
-839
-1199
-2213
-3752
-5543
-7134
-8324
-8906
-8576
-7416
-5686
-3489
-1183
710
1998
2777
2865
2160
1086
-173
-1388
-2264
-2603
-2316
-1679
-725
273
855
896
389
-607
-2019
-3464
-4658
-5390
-5320
-4563
-3197
-1373
628
2425
3794
4537
4543
4174
3238
1954
779
-212
-625
-438
198
1248
2481
3708
4658
5110
5005
4237
2962
1475
84
-1055
-1688
-1733
-1252
-96
1379
3029
4623
5786
6522
6669
6237
5492
4532
3534
2800
2309
2152
2271
2641
3180
3542
3729
3477
2892
2263
1427
770
561
643
1171
2156
3352
4690
5882
6593
6763
6243
5154
3790
2461
1312
525
246
384
772
1202
1463
1037
-133
-2024
-4489
-6891
-8921
-10324
-10697
-9937
-8274
-5878
-3181
-504
1661
2674
2721
1864
280
-1468
-3153
-4455
-5245
-5436
-4971
-3990
-2740
-1694
-1159
-1299
-2093
-3479
-5175
-6781
-8002
-8698
-8795
-7920
-6136
-3751
-1226
1104
2887
3780
3802
2959
1703
108
-1441
-2483
-3036
-2725
-1797
-505
828
1609
1782
1252
72
-1541
-3354
-4986
-6042
-6275
-5558
-3923
-1733
616
2689
4269
5203
5224
4438
3191
1623
16
-1021
-1403
-1093
-66
1373
3028
4423
5409
5918
5579
4644
3248
1472
-164
-1408
-2033
-1888
-1052
328
1925
3508
4938
6004
6516
6374
5718
4760
3764
2869
2155
1906
1969
2283
2833
3226
3461
3570
3212
2545
1742
840
339
164
367
1078
2056
3418
4896
6062
6804
6857
6243
5174
3730
2305
1133
361
102
334
902
1468
1673
1218
34
-1920
-4319
-6785
-9045
-10448
-10761
-10129
-8371
-5775
-2987
-262
1976
3209
3267
2361
811
-1055
-2878
-4392
-5358
-5571
-4982
-3968
-2807
-1727
-1146
-1252
-2025
-3325
-4962
-6668
-8168
-9099
-9169
-8328
-6578
-4196
-1673
610
2392
3388
3460
2758
1452
-26
-1458
-2580
-3072
-2881
-1933
-702
499
1315
1435
965
-49
-1559
-3184
-4532
-5490
-5659
-4915
-3290
-1215
785
2661
4111
4856
4864
4280
3113
1645
373
-593
-962
-614
190
1411
2879
4249
5258
5680
5425
4586
3269
1663
59
-1161
-1765
-1621
-820
366
1841
3348
4691
5708
6127
5890
5199
4266
3349
2629
2132
1915
2000
2423
3027
3534
3816
3883
3636
2986
2201
1439
774
480
665
1277
2287
3600
4942
6098
6881
6901
6302
5237
3854
2554
1387
683
585
782
1271
1778
1894
1356
-120
-2292
-4948
-7583
-9561
-10754
-10886
-9793
-7766
-5178
-2338
292
2265
3148
2968
1912
211
-1620
-3387
-4672
-5349
-5385
-4766
-3840
-2768
-1928
-1582
-1908
-2810
-4296
-6033
-7509
-8767
-9402
-9142
-7895
-5855
-3312
-613
1666
3369
4175
3992
3056
1707
151
-1261
-2128
-2530
-2135
-1120
-40
860
1307
1227
434
-925
-2504
-4127
-5388
-5943
-5782
-4858
-3217
-1168
991
2839
4009
4605
4548
3790
2680
1318
20
-832
-1070
-644
253
1533
2993
4356
5147
5302
5002
3931
2435
828
-745
-1767
-2223
-1992
-1062
207
1654
3101
4376
5173
5479
5368
4873
4248
3550
3083
2770
2642
2871
3112
3408
3728
3854
3708
3358
2781
2042
1413
1016
950
1238
1926
2900
4030
5063
5847
6348
6191
5489
4510
3382
2358
1547
1108
1122
1470
1809
1898
1543
395
-1465
-3745
-6226
-8491
-10012
-10644
-10291
-8817
-6637
-4033
-1216
1147
2653
3222
2798
1648
92
-1560
-2925
-3813
-4188
-4012
-3401
-2555
-1783
-1449
-1598
-2333
-3612
-5173
-6708
-8018
-8928
-9049
-8316
-6785
-4670
-2401
-153
1743
2816
3086
2652
1640
418
-950
-2134
-2650
-2614
-2025
-999
4
715
917
520
-433
-1821
-3428
-4896
-5858
-6189
-5776
-4543
-2630
-417
1655
3303
4399
4799
4454
3507
2325
1046
-70
-568
-568
18
1091
2364
3761
4873
5470
5421
4777
3713
2242
760
-500
-1369
-1572
-1258
-421
734
1989
3336
4322
4865
4999
4687
4142
3485
2890
2446
2195
2145
2362
2788
3136
3330
3387
3212
2834
2171
1506
1099
824
895
1340
2158
3206
4280
5203
5759
5962
5649
4930
4024
2895
1907
1344
1195
1503
1894
2198
2366
1828
561
-1259
-3611
-6000
-8209
-9753
-10198
-9800
-8372
-6025
-3386
-748
1420
2781
3162
2594
1523
45
-1547
-2934
-3827
-4007
-3701
-3041
-2176
-1477
-1273
-1534
-2244
-3481
-5068
-6668
-8022
-8895
-9040
-8403
-6934
-4885
-2703
-520
1315
2519
3066
2858
2072
922
-358
-1318
-1839
-1870
-1435
-765
13
594
750
341
-585
-1876
-3494
-4992
-5954
-6280
-5755
-4446
-2707
-584
1493
3178
4415
4750
4445
3738
2484
1101
68
-451
-546
-44
963
2190
3501
4481
5008
4965
4175
2944
1429
-180
-1472
-2249
-2415
-2024
-1037
368
1884
3322
4444
5176
5344
4983
4357
3612
2901
2413
2179
2191
2508
2961
3429
3704
3715
3489
2898
2262
1643
1061
954
1229
1787
2667
3656
4706
5691
6243
6272
5827
4917
3850
2864
2013
1500
1407
1593
1920
2237
2233
1663
333
-1657
-4075
-6675
-8881
-10269
-10677
-10025
-8373
-6100
-3458
-760
1421
2707
2853
1999
580
-1056
-2658
-3914
-4601
-4709
-4243
-3309
-2278
-1473
-1050
-1235
-2268
-3864
-5559
-7088
-8237
-8979
-9071
-8312
-6766
-4572
-2119
164
1992
3152
3509
3021
2109
918
-434
-1476
-2212
-2294
-1703
-832
186
958
1205
881
-10
-1324
-2818
-4269
-5411
-5872
-5440
-4211
-2329
-127
1935
3609
4678
5076
4888
4040
2761
1366
159
-545
-679
-161
757
1885
3110
4060
4550
4613
4067
2951
1495
-121
-1362
-2077
-2205
-1596
-504
898
2451
3809
4983
5660
5728
5324
4450
3539
2744
2252
2060
2039
2227
2592
2968
3269
3391
3127
2580
1808
1075
611
485
752
1331
2237
3313
4385
5443
6152
6300
5843
4815
3586
2368
1352
745
518
698
1060
1283
1441
1088
-128
-1975
-4332
-6775
-8884
-10229
-10487
-9682
-8061
-5800
-3046
-349
1852
3172
3387
2615
1193
-431
-1977
-3283
-4099
-4358
-4049
-3322
-2529
-1728
-1299
-1484
-2305
-3682
-5228
-6674
-7806
-8539
-8576
-7732
-6134
-3924
-1563
615
2401
3398
3575
3094
2058
765
-447
-1464
-2182
-2258
-1665
-763
139
775
990
548
-494
-1769
-3181
-4523
-5403
-5680
-5202
-3964
-2161
-34
1919
3493
4508
4827
4576
3758
2587
1306
175
-520
-561
55
969
2185
3446
4317
4814
4697
4048
2947
1382
-57
-1158
-1827
-1884
-1314
-182
1107
2529
3921
4762
5183
5231
4780
4095
3336
2669
2210
1995
2049
2250
2540
2806
2958
2902
2561
2019
1348
710
350
300
561
1251
2264
3325
4416
5326
5748
5752
5190
4240
3228
2136
1239
733
599
870
1369
1775
1802
1165
-162
-2112
-4432
-6753
-8799
-9936
-10031
-9268
-7526
-5142
-2552
-36
1923
2951
2940
2114
864
-653
-2210
-3400
-4045
-4152
-3715
-2951
-2159
-1489
-1297
-1690
-2589
-4011
-5503
-6821
-7889
-8436
-8347
-7457
-5829
-3741
-1427
565
2016
2989
3105
2450
1424
122
-1094
-1984
-2433
-2215
-1589
-637
357
833
916
501
-427
-1713
-3237
-4497
-5300
-5378
-4638
-3283
-1405
566
2403
3915
4823
5012
4554
3562
2195
906
11
-487
-366
487
1578
2875
4194
5062
5489
5256
4277
2854
1172
-435
-1561
-2195
-2201
-1514
-379
1040
2541
3930
4877
5276
5241
4712
3925
3130
2502
2149
1947
1930
2143
2518
2883
3135
3163
2854
2241
1463
764
364
329
577
1090
1824
2886
4069
4948
5464
5545
5095
4266
3379
2528
1895
1542
1459
1722
2087
2190
1827
989
-553
-2724
-5108
-7431
-9242
-10174
-10111
-9042
-7205
-4846
-2330
-60
1760
2640
2511
1615
162
-1401
-2828
-3907
-4438
-4445
-4015
-3182
-2216
-1592
-1443
-1862
-2900
-4267
-5807
-7217
-8211
-8728
-8472
-7309
-5479
-3284
-950
1152
2655
3390
3315
2636
1583
391
-713
-1610
-2051
-1810
-1067
-213
550
994
958
419
-579
-1935
-3311
-4266
-4786
-4760
-4054
-2680
-833
1055
2778
3933
4434
4473
3853
2735
1540
398
-509
-745
-421
324
1518
2714
3888
4765
4919
4541
3646
2370
909
-627
-1778
-2228
-2024
-1231
-15
1357
2797
4026
4770
5123
4940
4339
3654
2941
2428
2137
2071
2282
2601
2968
3161
3235
3130
2650
2015
1326
793
577
723
1260
2054
2977
4004
4921
5627
5988
5728
5042
4028
2943
2108
1501
1322
1440
1692
2038
2106
1581
293
-1596
-3920
-6422
-8643
-10167
-10626
-10062
-8547
-6318
-3784
-1181
1026
2496
2960
2432
1338
-188
-1772
-2990
-3848
-4215
-4027
-3408
-2628
-1876
-1379
-1459
-2094
-3294
-4802
-6259
-7532
-8372
-8533
-7878
-6379
-4179
-1779
544
2518
3647
3941
3380
2224
833
-596
-1735
-2490
-2470
-1760
-744
417
1162
1347
1009
33
-1463
-3190
-4673
-5664
-6083
-5721
-4595
-2785
-628
1306
2963
4050
4320
4039
3184
1906
496
-644
-1256
-1244
-542
564
2090
3666
4723
5299
5273
4628
3400
1573
-302
-1758
-2656
-2775
-2171
-1083
389
1963
3344
4450
5089
5205
4885
4211
3581
3132
2755
2713
2939
3177
3415
3624
3701
3467
3002
2402
1666
959
554
522
843
1490
2416
3429
4306
5113
5583
5497
5066
4294
3308
2441
1880
1704
1889
2328
2737
2871
2487
1345
-423
-2734
-5396
-7961
-9842
-10590
-10339
-9067
-7008
-4572
-1918
499
2303
3101
2863
1916
455
-1174
-2559
-3616
-4210
-4202
-3845
-3112
-2222
-1558
-1327
-1733
-2688
-4130
-5825
-7399
-8594
-9118
-8863
-7792
-5954
-3585
-983
1318
2930
3677
3436
2529
1346
29
-1220
-2052
-2278
-1865
-949
19
810
1196
968
143
-1217
-2815
-4251
-5269
-5803
-5634
-4653
-3008
-920
1124
2815
4137
4809
4650
3900
2685
1259
-14
-884
-1049
-550
532
1995
3490
4797
5571
5661
5018
3681
1973
81
-1658
-2651
-2835
-2372
-1292
270
1971
3416
4560
5212
5212
4859
4215
3325
2627
2309
2227
2383
2689
3048
3365
3488
3468
3185
2531
1781
1099
601
436
673
1366
2300
3296
4336
5217
5707
5737
5215
4197
3026
1944
1176
793
741
1151
1848
2295
2277
1585
58
-2028
-4423
-6894
-9002
-10193
-10317
-9456
-7746
-5423
-2830
-423
1559
2670
2756
2114
956
-541
-2022
-3157
-3920
-4124
-3837
-3222
-2288
-1490
-1127
-1256
-2109
-3402
-4803
-6370
-7705
-8419
-8435
-7578
-5914
-3686
-1295
980
2738
3556
3549
2798
1640
367
-889
-1769
-2131
-1821
-982
-6
991
1501
1309
548
-746
-2222
-3829
-5229
-6061
-6196
-5544
-4157
-2160
-39
1974
3582
4492
4706
4125
3081
1825
453
-715
-1264
-997
-204
1042
2506
3904
4898
5180
4837
3818
2322
585
-1061
-2202
-2709
-2438
-1497
-162
1365
2930
4267
5210
5691
5590
5135
4515
3785
3233
2864
2727
2843
3012
3246
3345
3309
3083
2547
1936
1263
686
434
597
1125
1872
2827
3831
4643
5168
5248
4918
4179
3186
2275
1557
1267
1304
1626
2005
2100
1926
1163
-272
-2268
-4627
-6886
-8730
-9815
-9883
-9013
-7397
-5218
-2755
-418
1461
2557
2725
2242
1168
-320
-1748
-2915
-3559
-3746
-3421
-2668
-1901
-1082
-600
-837
-1764
-3176
-4818
-6503
-7958
-8912
-8969
-8054
-6356
-4078
-1613
770
2681
3777
4086
3546
2380
979
-449
-1601
-2273
-2305
-1774
-940
22
665
798
452
-483
-1762
-3277
-4768
-5701
-6074
-5673
-4516
-2778
-608
1454
3250
4451
4941
4779
3888
2681
1422
301
-421
-533
22
1041
2282
3456
4372
4735
4448
3670
2351
800
-622
-1795
-2322
-2173
-1412
-52
1462
3029
4384
5312
5811
5698
5203
4526
3736
3070
2604
2409
2568
2814
3097
3407
3483
3349
2939
2190
1421
788
353
280
607
1343
2234
3232
4196
4778
5056
4884
4253
3409
2487
1776
1403
1280
1337
1514
1682
1426
638
-694
-2584
-4605
-6617
-8313
-9162
-9198
-8418
-6858
-4951
-2697
-544
1050
2047
2151
1705
794
-447
-1583
-2596
-3265
-3333
-3117
-2668
-1976
-1519
-1203
-1388
-2263
-3401
-4821
-6307
-7575
-8350
-8385
-7552
-5921
-3860
-1586
624
2358
3407
3700
3372
2486
1239
34
-984
-1470
-1387
-938
-174
566
998
1078
680
-241
-1525
-3037
-4396
-5286
-5725
-5391
-4298
-2714
-790
1049
2726
3910
4272
4134
3484
2431
1226
133
-418
-484
-83
894
2134
3241
4068
4478
4250
3419
2168
615
-868
-2004
-2581
-2453
-1748
-531
1031
2605
3956
4899
5301
5245
4687
3842
3028
2299
1886
1752
1869
2288
2790
3257
3507
3366
2930
2324
1667
1087
774
792
1178
1930
2900
3955
4809
5368
5593
5309
4655
3773
2827
2212
1842
1656
1793
2042
2282
2185
1528
335
-1503
-3613
-5676
-7471
-8565
-8844
-8284
-6962
-5072
-2945
-861
856
1804
1998
1561
599
-636
-1925
-2960
-3504
-3683
-3453
-2822
-2072
-1453
-1116
-1209
-2002
-3310
-4812
-6311
-7608
-8553
-8857
-8397
-7074
-5171
-3079
-838
1105
2432
3127
3067
2379
1419
261
-840
-1525
-1762
-1451
-805
-166
383
616
472
-106
-1218
-2518
-3723
-4717
-5246
-5044
-4168
-2844
-1207
569
2164
3378
4093
4161
3710
2839
1783
849
151
-46
269
949
1923
2866
3784
4409
4329
3787
2837
1609
319
-820
-1449
-1568
-1130
-154
1118
2547
3894
4918
5440
5419
4958
4160
3276
2483
1959
1830
1929
2326
2883
3392
3759
3749
3389
2692
1892
1118
588
533
745
1383
2365
3470
4490
5130
5348
5095
4371
3438
2482
1631
1070
844
955
1208
1504
1637
1244
174
-1517
-3510
-5575
-7498
-8858
-9414
-9112
-7967
-6175
-4072
-1914
65
1337
1712
1408
465
-766
-1870
-2798
-3353
-3439
-3093
-2323
-1402
-584
-176
-463
-1305
-2582
-4157
-5726
-7115
-8037
-8249
-7695
-6384
-4428
-2226
-83
1677
2718
3167
2893
2146
1201
93
-877
-1464
-1419
-956
-180
679
1223
1393
1053
253
-1005
-2596
-4099
-5256
-5929
-5857
-4970
-3532
-1704
232
1925
3114
3704
3743
3214
2374
1329
407
15
-75
446
1456
2469
3654
4595
5030
4999
4353
3333
2014
489
-800
-1574
-1794
-1440
-536
652
2043
3462
4541
5271
5450
5116
4464
3587
2819
2283
2064
2098
2318
2725
3159
3534
3573
3181
2519
1627
774
244
51
280
923
1901
3028
4009
4816
5249
5109
4533
3598
2566
1701
1087
809
848
1096
1398
1536
1149
214
-1256
-3306
-5432
-7452
-9074
-9754
-9482
-8351
-6623
-4505
-2274
-176
1321
1941
1858
1007
-278
-1676
-2845
-3523
-3751
-3496
-2904
-2012
-1017
-338
-224
-759
-1841
-3316
-4960
-6494
-7591
-8046
-7794
-6718
-5004
-2868
-625
1288
2774
3490
3288
2556
1549
449
-588
-1381
-1532
-1148
-447
584
1408
1866
1832
1123
29
-1393
-2822
-3940
-4705
-4832
-4107
-2724
-1068
775
2493
3623
4271
4350
3758
2734
1496
530
-45
-331
-46
762
1894
3131
4048
4576
4589
4032
3028
1621
192
-1138
-2071
-2356
-2162
-1316
9
1409
2667
3687
4378
4525
4273
3627
2809
2125
1498
1296
1404
1778
2393
2880
3296
3346
3042
2477
1678
912
264
18
251
956
2046
3215
4413
5352
5729
5595
4915
3893
2743
1583
809
533
622
1078
1612
1891
1755
938
-474
-2287
-4435
-6572
-8221
-9031
-8953
-7954
-6153
-4053
-1889
99
1527
2246
2133
1356
122
-1293
-2598
-3502
-3751
-3535
-2967
-2185
-1310
-572
-399
-852
-1774
-3127
-4749
-6357
-7583
-8155
-7925
-6894
-5301
-3224
-1053
892
2413
3184
3202
2494
1319
73
-974
-1692
-1785
-1300
-442
593
1502
2156
2192
1586
420
-1153
-2812
-4239
-5124
-5379
-4865
-3532
-1742
268
2182
3607
4591
4815
4286
3316
2074
940
82
-372
-244
464
1589
2831
3906
4555
4714
4410
3359
1916
457
-1096
-2308
-2897
-2884
-2172
-1004
503
2162
3420
4351
4784
4647
4147
3278
2407
1711
1366
1321
1563
2121
2724
3300
3531
3325
2806
2100
1311
612
334
371
859
1828
2984
4163
5093
5607
5620
5117
4138
2929
1821
1081
706
719
1119
1529
1884
1820
1003
-368
-2227
-4403
-6525
-8179
-9127
-9138
-8227
-6619
-4491
-2220
-24
1599
2362
2378
1654
567
-857
-2275
-3192
-3724
-3812
-3446
-2655
-1718
-1029
-765
-1025
-1775
-3049
-4573
-6130
-7488
-8108
-8009
-7218
-5674
-3623
-1369
733
2414
3296
3397
3005
2072
821
-377
-1369
-1876
-1751
-1084
-92
760
1306
1532
1073
-43
-1490
-3089
-4452
-5369
-5767
-5294
-4018
-2268
-265
1565
3102
4160
4471
4163
3283
2194
1168
298
-96
61
775
1766
2881
3977
4710
5005
4671
3768
2492
975
-584
-1784
-2386
-2388
-1781
-688
805
2349
3687
4697
5122
4995
4437
3563
2710
1931
1447
1455
1743
2371
3049
3660
4095
3978
3554
2779
1722
854
250
104
416
1168
2327
3521
4584
5305
5552
5217
4301
3144
1964
1051
570
452
647
989
1306
1339
927
-94
-1764
-3831
-5975
-7828
-9055
-9296
-8638
-7310
-5414
-3217
-1026
728
1795
2117
1608
601
-602
-1948
-2986
-3516
-3626
-3278
-2563
-1759
-1017
-590
-832
-1571
-2652
-4027
-5515
-6782
-7618
-7788
-7051
-5714
-3853
-1661
411
2070
3152
3543
3189
2454
1325
-6
-1021
-1635
-1689
-1196
-417
382
1100
1452
1234
414
-946
-2406
-3824
-5009
-5593
-5536
-4678
-3214
-1486
374
1965
3117
3732
3678
3113
2210
1125
214
-263
-345
101
1023
2171
3353
4263
4731
4795
4411
3349
1921
484
-859
-1752
-2138
-1960
-1160
11
1487
2987
4065
4742
4935
4535
3768
2801
1917
1320
1038
1222
1655
2329
3145
3657
3961
3736
3060
2234
1257
471
24
188
781
1717
2958
4116
5144
5684
5641
5023
3891
2685
1599
801
440
492
806
1250
1621
1569
971
-256
-2159
-4318
-6398
-8087
-8946
-8955
-8127
-6582
-4556
-2338
-305
1261
2059
2042
1321
151
-1164
-2426
-3333
-3693
-3555
-2982
-2160
-1293
-660
-505
-890
-1821
-3103
-4550
-5898
-6910
-7389
-7188
-6272
-4763
-2905
-908
918
2322
3075
3165
2680
1783
757
-277
-1124
-1469
-1249
-740
-5
848
1360
1385
937
-12
-1328
-2746
-4056
-4980
-5289
-4914
-3908
-2447
-761
804
2174
3111
3513
3378
2646
1711
794
12
-375
-302
213
1092
2058
2995
3762
4169
4085
3410
2274
1009
-269
-1384
-2037
-2277
-1896
-909
361
1788
3169
4141
4652
4761
4399
3714
2822
1956
1373
1178
1319
1715
2378
3049
3514
3710
3459
2910
2108
1159
524
190
243
818
1807
3006
4074
5027
5579
5486
4914
3931
2896
1872
1006
638
663
993
1410
1721
1666
1025
-219
-2037
-4085
-6063
-7691
-8575
-8662
-7815
-6177
-4182
-2081
-198
1203
1768
1585
839
-319
-1562
-2744
-3537
-3715
-3471
-2817
-1880
-1155
-733
-752
-1246
-2154
-3488
-4894
-6157
-7009
-7359
-7030
-5872
-4378
-2580
-737
783
2030
2630
2648
2129
1205
290
-596
-1267
-1534
-1191
-608
-21
717
1122
1147
676
-294
-1418
-2678
-3702
-4343
-4590
-4177
-3209
-1904
-422
1104
2333
3057
3337
3114
2491
1666
907
275
-81
74
552
1311
2310
3305
3956
4136
3919
3183
2096
989
-163
-1170
-1675
-1739
-1270
-230
1000
2197
3266
4028
4338
4232
3745
3081
2299
1500
1138
1147
1434
2027
2697
3236
3551
3562
3218
2574
1746
868
268
122
373
1145
2199
3340
4542
5335
5674
5521
4734
3702
2506
1440
677
227
291
616
1075
1342
1161
502
-720
-2403
-4323
-6164
-7658
-8373
-8235
-7323
-5679
-3739
-1799
-51
1194
1744
1630
863
-270
-1579
-2754
-3386
-3598
-3353
-2723
-2005
-1479
-1104
-1006
-1480
-2373
-3575
-4862
-5952
-6682
-6886
-6450
-5407
-3948
-2230
-482
1028
2162
2621
2408
1687
691
-217
-1012
-1581
-1730
-1434
-852
-90
586
957
936
341
-609
-1788
-3002
-3916
-4470
-4492
-3954
-2881
-1412
133
1596
2642
3186
3227
2734
2011
1227
471
-93
-219
81
690
1634
2660
3616
4204
4190
3827
3117
2068
854
-269
-1126
-1582
-1526
-989
22
1181
2199
3119
3772
4045
4049
3606
3011
2419
1856
1650
1602
1949
2583
3025
3350
3512
3443
3023
2385
1688
931
396
364
779
1487
2471
3519
4493
5224
5497
5201
4504
3601
2526
1587
950
749
837
1035
1352
1448
1032
97
-1271
-3103
-5114
-6922
-8204
-8735
-8444
-7364
-5838
-3893
-1757
-29
1151
1797
1675
865
-238
-1504
-2615
-3302
-3514
-3252
-2760
-2100
-1445
-1095
-1186
-1850
-2954
-4224
-5490
-6691
-7476
-7603
-7059
-5769
-4132
-2230
-274
1253
2281
2600
2373
1729
699
-261
-1059
-1586
-1532
-1085
-391
344
860
1122
915
174
-937
-2138
-3298
-4172
-4436
-4149
-3270
-1931
-312
1390
2679
3523
3899
3671
3026
2090
1094
424
120
228
812
1704
2802
3824
4556
4791
4551
3890
2760
1516
220
-853
-1490
-1661
-1250
-475
588
1750
2811
3542
3833
3740
3416
2872
2169
1699
1414
1434
1829
2305
2858
3403
3623
3635
3351
2684
1941
1136
523
214
257
762
1673
2684
3594
4456
4868
4847
4454
3626
2709
1754
1037
718
615
805
1147
1320
1141
491
-621
-2203
-4183
-6168
-7766
-8878
-9263
-8681
-7472
-5791
-3677
-1592
50
1051
1409
1022
141
-904
-2035
-2870
-3330
-3392
-3009
-2385
-1685
-1085
-792
-1102
-1960
-3159
-4521
-5785
-6817
-7383
-7234
-6406
-5035
-3286
-1387
417
1798
2603
2754
2315
1597
701
-255
-950
-1249
-1181
-693
37
753
1289
1341
954
197
-970
-2151
-3174
-3881
-4083
-3779
-2757
-1296
235
1744
3006
3763
3867
3527
2817
1835
932
200
-122
194
863
1785
2856
3810
4491
4690
4422
3647
2505
1246
-6
-863
-1356
-1471
-861
82
1103
2237
3104
3669
3914
3751
3342
2732
2052
1490
1163
1078
1279
1731
2258
2711
3012
2965
2580
2006
1274
691
227
-42
130
695
1543
2461
3451
4288
4704
4664
4225
3621
2813
1848
1135
765
546
572
863
1007
903
304
-846
-2184
-4010
-5872
-7263
-8295
-8528
-7999
-6882
-5159
-3244
-1401
130
1057
1296
958
164
-912
-1859
-2607
-3014
-2921
-2456
-1784
-1083
-577
-420
-741
-1698
-3051
-4511
-5760
-6597
-7085
-6983
-6140
-4748
-2974
-1077
559
1768
2474
2539
2100
1395
535
-230
-702
-944
-820
-315
306
856
1062
949
518
-294
-1393
-2606
-3609
-4231
-4359
-3919
-2909
-1456
112
1568
2778
3475
3663
3494
2844
1988
1189
617
387
436
967
1785
2701
3458
3837
3986
3722
2966
1875
715
-278
-994
-1364
-1264
-680
189
1194
2211
3162
3789
3996
3920
3552
2872
2300
1917
1516
1427
1551
1787
2170
2517
2671
2530
2218
1741
1151
555
137
12
190
764
1539
2448
3380
4096
4545
4575
4154
3447
2672
1841
1077
671
532
537
707
899
926
547
-296
-1423
-2848
-4375
-5782
-6826
-7295
-7096
-6170
-4877
-3324
-1764
-447
470
674
358
-340
-1295
-2273
-3099
-3467
-3386
-3046
-2385
-1636
-1159
-902
-976
-1587
-2616
-3821
-5010
-5876
-6281
-6251
-5674
-4652
-3377
-1930
-535
577
1320
1628
1543
1118
601
186
-145
-283
-189
120
462
703
780
638
265
-363
-1269
-2233
-2957
-3537
-3714
-3381
-2850
-1960
-698
567
1644
2469
3013
3259
3053
2575
2085
1658
1389
1261
1324
1627
2120
2584
2890
3001
2875
2498
1908
1188
370
-339
-739
-783
-570
-22
788
1588
2447
3207
3694
3859
3811
3530
2996
2452
1911
1525
1292
1237
1464
1713
1922
2121
2152
2038
1853
1465
1047
806
771
1041
1511
2182
2985
3727
4295
4547
4484
4104
3443
2590
1767
1062
573
386
342
440
505
369
-1
-633
-1629
-2878
-4119
-5301
-6162
-6519
-6243
-5476
-4365
-3014
-1729
-709
-209
-1
-213
-869
-1576
-2351
-2906
-3125
-2974
-2550
-2046
-1561
-1357
-1345
-1614
-2363
-3280
-4226
-5091
-5569
-5641
-5354
-4754
-3758
-2576
-1468
-525
115
590
732
560
241
-58
-221
-273
-73
223
477
659
802
791
472
-63
-829
-1675
-2439
-3067
-3342
-3269
-2956
-2290
-1366
-424
393
1143
1730
2019
2110
1915
1575
1299
1085
898
860
1054
1271
1597
1911
2072
2169
2056
1907
1626
1227
957
656
497
565
722
1104
1646
2100
2607
3145
3556
3903
3995
3838
3582
3219
2908
2562
2245
2087
1891
1848
1973
2072
2140
2101
2000
1908
1810
1712
1648
1765
2126
2567
2993
3493
3925
4097
4073
3829
3302
2668
1972
1270
674
277
123
57
-9
-198
-467
-952
-1794
-2784
-3787
-4712
-5497
-5903
-5776
-5307
-4540
-3430
-2291
-1361
-656
-282
-234
-538
-1068
-1644
-2190
-2613
-2871
-2828
-2618
-2450
-2356
-2271
-2331
-2621
-3059
-3734
-4286
-4598
-4798
-4672
-4291
-3703
-2979
-2236
-1501
-960
-595
-252
-46
-8
-110
-187
-164
-170
-143
-122
-220
-427
-659
-993
-1449
-1898
-2238
-2433
-2589
-2587
-2376
-2050
-1563
-979
-386
145
602
922
1179
1433
1540
1624
1653
1732
1920
1982
2024
2088
2170
2237
2302
2388
2434
2509
2562
2499
2347
2111
1869
1659
1519
1499
1627
1887
2268
2811
3363
3867
4238
4355
4243
3919
3460
2910
2295
1802
1549
1451
1462
1665
1959
2111
2293
2399
2235
2030
1794
1600
1563
1728
2090
2556
3031
3344
3553
3597
3360
2919
2289
1557
808
213
-139
-382
-584
-713
-917
-1379
-1994
-2747
-3573
-4410
-5183
-5603
-5573
-5262
-4654
-3654
-2653
-1763
-1009
-714
-708
-950
-1413
-2009
-2644
-3007
-3154
-3092
-2868
-2662
-2437
-2257
-2327
-2646
-3041
-3514
-4074
-4443
-4557
-4514
-4181
-3689
-3052
-2283
-1607
-1054
-683
-476
-324
-239
-284
-328
-262
-164
-92
-77
-126
-264
-518
-864
-1126
-1356
-1564
-1685
-1700
-1495
-1197
-854
-475
-124
160
395
669
866
979
1199
1447
1628
1796
1881
2023
2143
2086
2087
2085
2062
2040
2062
2153
2197
2308
2311
2205
2101
1866
1642
1437
1239
1310
1611
2013
2575
3140
3637
4145
4453
4391
4128
3637
2964
2409
1955
1645
1593
1717
1973
2322
2607
2724
2675
2435
2136
1821
1575
1481
1604
2043
2559
3089
3612
3917
3976
3811
3359
2611
1709
972
349
-129
-429
-718
-873
-1066
-1436
-1968
-2658
-3484
-4311
-5061
-5538
-5662
-5396
-4696
-3857
-2909
-2058
-1372
-895
-818
-998
-1448
-2014
-2531
-2966
-3198
-3223
-3170
-3018
-2895
-2903
-2968
-3198
-3541
-4015
-4550
-4843
-4848
-4682
-4278
-3677
-3019
-2261
-1565
-1020
-505
-224
-119
-35
-147
-218
-253
-304
-262
-228
-201
-232
-310
-495
-726
-924
-1121
-1281
-1410
-1400
-1186
-827
-476
-156
219
475
780
1211
1369
1547
1695
1686
1787
1745
1787
1853
1845
1907
1841
1948
2064
2133
2330
2308
2294
2253
1944
1685
1423
1181
1059
970
1094
1470
1996
2572
3178
3669
3997
4157
4027
3777
3352
2823
2375
2073
1963
1930
1970
2158
2365
2429
2376
2236
2111
1870
1541
1439
1647
1995
2379
2900
3424
3787
3939
3785
3402
2786
1917
1125
463
-81
-399
-653
-783
-847
-1100
-1584
-2174
-2817
-3604
-4365
-4971
-5272
-5193
-4835
-4085
-3203
-2287
-1387
-784
-441
-488
-761
-1160
-1713
-2234
-2729
-3034
-3132
-2999
-2776
-2735
-2680
-2827
-3139
-3419
-3871
-4260
-4524
-4722
-4696
-4318
-3686
-2996
-2243
-1619
-1105
-616
-391
-341
-359
-488
-645
-738
-775
-823
-751
-672
-664
-647
-801
-943
-1021
-1182
-1278
-1351
-1372
-1177
-815
-414
-5
412
905
1347
1662
2023
2176
2124
2092
2007
1947
1887
1785
1744
1814
1927
2100
2282
2425
2527
2440
2340
2139
1778
1503
1241
1055
992
1085
1440
1955
2516
3167
3715
4071
4274
4137
3785
3338
2714
2105
1700
1389
1359
1564
1750
1977
2181
2312
2235
2021
1806
1506
1312
1356
1558
1948
2461
2926
3334
3606
3676
3492
3034
2339
1615
994
390
-43
-323
-480
-643
-983
-1320
-1793
-2520
-3279
-4035
-4712
-5174
-5319
-4969
-4292
-3437
-2474
-1575
-845
-454
-516
-861
-1366
-2031
-2676
-3144
-3392
-3431
-3156
-2859
-2697
-2538
-2633
-2901
-3258
-3770
-4326
-4746
-4910
-4799
-4442
-3753
-2895
-2073
-1297
-724
-233
51
75
3
-211
-320
-366
-474
-441
-382
-366
-303
-420
-552
-703
-1048
-1317
-1518
-1581
-1517
-1325
-940
-474
59
549
1025
1393
1627
1858
1886
1848
1773
1650
1589
1463
1531
1682
1737
1888
2023
2173
2268
2291
2237
2031
1782
1436
1115
958
807
748
963
1314
1771
2299
2833
3345
3752
3916
3812
3695
3421
2928
2543
2200
1884
1784
1865
2008
2142
2298
2417
2379
2241
2104
2060
1957
1913
2129
2450
2823
3104
3367
3593
3555
3296
2856
2301
1681
1088
660
316
75
-152
-494
-829
-1420
-2208
-3032
-3985
-4788
-5402
-5791
-5739
-5309
-4435
-3319
-2248
-1350
-720
-283
-288
-674
-1260
-2019
-2733
-3252
-3443
-3393
-3108
-2795
-2485
-2214
-2256
-2502
-2941
-3595
-4339
-4877
-5188
-5237
-4787
-4067
-3131
-2042
-1170
-407
244
567
531
268
-35
-379
-696
-949
-945
-783
-706
-541
-423
-411
-551
-916
-1252
-1673
-1973
-1999
-1918
-1584
-1043
-425
261
1041
1642
1976
2192
2166
1909
1547
1271
1091
1013
1150
1389
1713
2174
2663
2932
2988
2838
2543
2145
1595
1118
738
588
710
925
1367
1998
2617
3117
3499
3788
3800
3544
3258
2889
2457
2132
1911
1845
1855
2041
2292
2358
2422
2348
2116
1906
1702
1575
1529
1585
1842
2308
2807
3219
3639
3854
3772
3567
3133
2582
2014
1374
823
453
255
54
-319
-693
-1228
-1979
-2783
-3694
-4534
-5277
-5677
-5629
-5283
-4516
-3484
-2313
-1184
-401
27
199
5
-627
-1311
-2022
-2745
-3081
-3223
-3252
-2972
-2586
-2354
-2322
-2525
-2956
-3524
-4148
-4740
-5157
-5259
-4949
-4345
-3560
-2530
-1355
-409
291
763
825
629
205
-323
-765
-1082
-1243
-1296
-1209
-957
-700
-533
-487
-635
-1011
-1474
-1655
-1897
-2164
-1995
-1606
-997
-276
469
1228
1851
2257
2387
2274
1932
1585
1269
982
884
890
1242
1798
2133
2524
2878
2923
2719
2267
1725
1179
605
214
87
154
542
1166
1808
2509
3164
3598
3815
3772
3504
3195
2791
2366
2098
1931
1931
2051
2179
2276
2350
2411
2227
1955
1762
1505
1421
1533
1660
1902
2337
2810
3243
3489
3444
3374
3133
2693
2186
1633
1149
741
461
165
-153
-589
-1180
-1824
-2695
-3644
-4498
-5131
-5427
-5438
-5054
-4314
-3328
-2156
-1024
-111
418
616
485
-22
-670
-1470
-2100
-2463
-2773
-2810
-2577
-2251
-1984
-1881
-2048
-2449
-3015
-3688
-4310
-4726
-4904
-4734
-4140
-3397
-2418
-1288
-377
382
827
875
653
144
-425
-901
-1287
-1514
-1537
-1436
-1208
-936
-732
-625
-779
-1117
-1503
-1966
-2378
-2519
-2483
-2225
-1670
-983
-199
604
1265
1623
1814
1799
1590
1330
1038
885
740
763
1007
1330
1826
2199
2439
2516
2235
1942
1581
1035
619
299
130
175
333
710
1263
1865
2447
2907
3212
3388
3360
3245
3103
2835
2576
2344
2241
2179
2060
2109
2134
2078
2069
2130
2198
2170
2256
2427
2526
2771
3115
3357
3507
3579
3643
3611
3433
3168
2728
2252
1779
1206
600
-78
-843
-1632
-2319
-3058
-3845
-4348
-4655
-4806
-4657
-4238
-3611
-2853
-1965
-1073
-390
147
458
394
108
-279
-887
-1493
-1987
-2463
-2743
-2872
-2981
-3003
-3062
-3215
-3359
-3627
-3895
-4207
-4526
-4489
-4185
-3736
-3140
-2340
-1381
-543
158
647
808
769
492
104
-300
-712
-961
-1105
-1170
-1109
-967
-863
-930
-1070
-1248
-1640
-2033
-2292
-2483
-2391
-2098
-1569
-827
-180
538
1212
1606
1822
1865
1738
1440
1180
1058
969
1053
1193
1419
1858
2210
2357
2349
2220
1904
1551
1103
629
322
96
176
387
708
1222
1726
2217
2557
2762
2901
2899
2751
2462
2165
1989
1806
1673
1673
1745
1838
1974
2163
2222
2254
2216
2087
2156
2236
2254
2348
2487
2758
2974
3109
3257
3221
2995
2644
2196
1605
845
64
-662
-1399
-2078
-2650
-3141
-3410
-3545
-3616
-3397
-3118
-2833
-2385
-2002
-1622
-1210
-861
-575
-393
-320
-280
-292
-425
-680
-1046
-1453
-1738
-1955
-2308
-2630
-2949
-3271
-3441
-3635
-3695
-3576
-3409
-3092
-2723
-2402
-2047
-1600
-1169
-827
-586
-414
-236
-127
-194
-215
-138
-205
-307
-360
-407
-497
-771
-1045
-1275
-1600
-1828
-2026
-2218
-2277
-2184
-1963
-1698
-1228
-762
-421
-70
159
377
524
601
795
978
1117
1285
1477
1732
2007
2111
2152
2110
1853
1610
1312
1017
774
506
439
573
708
865
1107
1251
1496
1815
1970
2067
2142
2308
2391
2326
2362
2471
2366
2235
2144
1907
1802
1739
1571
1562
1625
1726
1945
2072
2294
2535
2651
2805
2850
2865
2826
2596
2375
2127
1726
1277
815
257
-376
-972
-1567
-2086
-2492
-2704
-2687
-2585
-2353
-2058
-1629
-1173
-858
-540
-228
-80
-127
-175
-323
-468
-573
-720
-839
-1101
-1339
-1436
-1625
-1916
-2244
-2499
-2742
-3008
-3053
-2990
-2963
-2745
-2375
-1963
-1567
-1304
-1042
-867
-855
-956
-1042
-1177
-1348
-1333
-1371
-1280
-1074
-958
-742
-479
-395
-430
-499
-698
-952
-1308
-1549
-1609
-1710
-1752
-1584
-1322
-1177
-977
-712
-571
-551
-593
-624
-522
-398
-309
-9
333
748
1295
1598
1922
2143
2086
1987
1694
1391
1091
686
363
199
242
399
589
829
1118
1377
1462
1511
1571
1528
1510
1466
1427
1495
1651
1896
2000
2013
2108
2149
2085
2016
1937
1890
2001
2191
2379
2577
2790
2989
3089
3088
2983
2605
2116
1666
1131
611
84
-394
-772
-1134
-1330
-1508
-1712
-1712
-1724
-1717
-1550
-1382
-1163
-841
-459
-62
236
401
522
501
396
280
-38
-479
-949
-1346
-1650
-1969
-2218
-2368
-2524
-2730
-2788
-2703
-2543
-2331
-2145
-1917
-1668
-1373
-1160
-996
-762
-634
-544
-551
-667
-719
-825
-992
-1078
-1152
-1216
-1226
-1168
-1068
-956
-819
-689
-600
-513
-457
-461
-451
-502
-503
-373
-343
-329
-203
-236
-276
-241
-349
-386
-403
-479
-401
-280
-167
124
416
606
867
1036
1041
1023
961
812
639
459
255
178
185
203
338
532
639
699
815
950
902
814
773
684
719
783
944
1052
1208
1526
1748
2013
2150
2227
2296
2357
2443
2408
2410
2399
2420
2418
2284
2230
2124
1861
1456
932
427
-121
-629
-1066
-1487
-1740
-1819
-1693
-1412
-1173
-908
-552
-317
-193
0
177
336
404
341
320
296
290
227
80
-74
-347
-653
-1067
-1448
-1647
-1923
-2153
-2299
-2365
-2248
-2077
-1859
-1619
-1385
-1135
-856
-662
-552
-409
-416
-460
-476
-478
-437
-440
-454
-543
-711
-794
-807
-920
-1026
-1036
-1039
-1096
-1088
-875
-657
-523
-379
-283
-197
-162
-213
-140
-54
-147
-208
-92
37
61
139
285
322
369
390
298
279
207
63
76
102
104
177
246
322
352
342
363
293
196
130
-30
-103
-113
-128
-31
45
132
180
286
507
591
703
826
934
1149
1348
1533
1752
1903
2084
2348
2494
2510
2534
2536
2392
2250
2065
1710
1317
824
341
-136
-592
-904
-1175
-1340
-1477
-1505
-1433
-1344
-1058
-734
-477
-221
34
308
523
702
818
753
664
553
340
85
-140
-395
-710
-953
-1135
-1237
-1369
-1449
-1424
-1409
-1243
-1100
-950
-748
-612
-406
-316
-211
-26
-20
1
-34
-184
-269
-394
-456
-488
-640
-698
-756
-794
-783
-857
-745
-695
-704
-609
-597
-522
-486
-490
-491
-464
-337
-219
-197
-185
-121
-130
-181
-131
-57
-146
-219
-168
-134
-132
-74
71
175
216
269
326
382
307
252
285
218
225
195
152
267
280
218
245
356
347
246
166
108
39
-168
-265
-242
-155
28
171
324
586
849
1112
1424
1712
2010
2202
2372
2588
2581
2531
2487
2275
2023
1698
1292
818
256
-333
-911
-1479
-1940
-2249
-2487
-2510
-2395
-2088
-1575
-1077
-581
-74
487
866
1087
1251
1165
1045
925
683
416
144
-104
-303
-547
-869
-1146
-1431
-1750
-1974
-2074
-2068
-1958
-1787
-1501
-973
-394
55
430
717
956
1104
984
828
585
241
38
-302
-512
-558
-641
-625
-714
-711
-642
-665
-608
-645
-683
-586
-517
-384
-227
-85
148
336
488
558
508
476
391
215
13
-31
-102
-199
-132
-68
99
284
427
538
563
686
812
803
728
722
708
651
693
686
654
649
617
594
517
385
243
88
-130
-351
-410
-500
-669
-726
-764
-773
-775
-703
-506
-257
39
377
781
1133
1384
1627
1886
2064
2124
2101
2008
1782
1478
1175
778
277
-321
-933
-1438
-1887
-2354
-2706
-2971
-3013
-2837
-2606
-2251
-1915
-1436
-802
-116
612
1227
1735
2045
2105
1979
1769
1565
1128
613
103
-488
-795
-1047
-1301
-1536
-1749
-1759
-1763
-1675
-1628
-1505
-1138
-806
-492
-209
127
548
868
1062
1170
1124
998
796
498
212
-155
-514
-861
-1100
-1221
-1233
-1043
-997
-894
-669
-460
-186
-5
103
147
202
298
387
447
543
650
749
837
795
769
733
568
352
133
14
-14
-54
-3
151
394
684
879
1128
1361
1359
1285
1171
992
832
670
438
284
263
263
291
356
382
311
138
-137
-355
-639
-918
-1000
-1113
-1071
-846
-554
-152
278
724
1092
1291
1512
1696
1659
1671
1702
1646
1587
1518
1392
1195
923
568
178
-328
-871
-1412
-1950
-2299
-2536
-2646
-2529
-2280
-1901
-1429
-951
-497
-154
124
350
452
523
486
324
185
58
-67
-216
-365
-647
-996
-1153
-1338
-1625
-1862
-1999
-1942
-1802
-1635
-1368
-1084
-722
-401
-221
-26
106
157
148
76
-15
-128
-166
-197
-286
-280
-262
-294
-275
-189
-107
-57
66
214
344
514
645
825
1055
1114
1133
1176
1145
1131
1073
861
683
557
410
375
339
404
554
619
735
752
761
898
869
790
756
711
829
901
882
1025
1134
1136
1128
995
882
786
545
297
100
-18
-139
-238
-280
-341
-272
-155
-88
-161
-343
-301
-300
-348
-258
-209
-129
60
389
748
1082
1325
1410
1453
1352
1173
1004
811
584
189
-67
-116
-274
-474
-737
-947
-1221
-1630
-1863
-2166
-2419
-2447
-2375
-2217
-1942
-1513
-1158
-808
-497
-373
-385
-453
-573
-863
-1110
-1217
-1307
-1330
-1241
-1134
-931
-688
-573
-505
-523
-616
-765
-834
-848
-916
-888
-753
-488
-295
-89
181
154
121
91
-111
-247
-386
-497
-529
-455
-206
44
375
760
950
1181
1343
1283
1218
1082
1018
818
594
601
508
512
586
558
509
445
318
148
-10
-90
-68
-51
70
271
482
894
1333
1612
1840
1902
1899
1866
1632
1457
1264
995
841
640
579
624
631
647
595
520
420
398
269
146
100
13
58
75
165
404
585
679
821
777
575
473
217
9
-92
-123
12
95
201
403
592
674
560
300
-1
-314
-527
-742
-1066
-1158
-1079
-1041
-946
-858
-868
-1022
-1334
-1686
-2111
-2569
-2929
-3180
-3119
-2730
-2187
-1529
-854
-263
166
333
262
-51
-507
-1040
-1512
-1706
-1734
-1492
-1045
-552
5
413
746
858
604
353
46
-485
-966
-1247
-1390
-1263
-966
-695
-405
-92
187
326
321
218
154
80
26
129
332
579
783
1074
1269
1326
1374
1194
883
520
165
-89
-324
-421
-418
-258
112
465
825
1029
1074
1117
1107
996
847
783
759
839
1030
1288
1591
1925
2177
2181
1997
1735
1362
883
474
110
-132
-214
-273
-25
453
775
954
1078
1190
1098
808
555
310
114
-5
1
38
69
221
391
471
414
252
6
-321
-568
-710
-823
-848
-783
-506
-164
63
266
333
155
-262
-601
-922
-1252
-1349
-1417
-1412
-1262
-933
-553
-302
-192
-282
-512
-862
-1138
-1376
-1605
-1684
-1757
-1640
-1222
-788
-483
-249
-157
-293
-478
-676
-947
-1153
-1230
-1213
-942
-566
-209
97
243
193
-215
-724
-1248
-1684
-1879
-1975
-1845
-1564
-1052
-483
-10
443
610
582
302
-117
-418
-700
-859
-775
-426
110
680
1139
1406
1564
1477
1082
631
190
-95
-239
-307
-151
169
573
962
1276
1468
1538
1533
1343
1126
966
907
993
1113
1172
1240
1379
1316
1212
1146
970
868
860
903
929
915
1065
1115
978
869
649
351
61
-185
-316
-168
53
302
746
1085
1319
1432
1337
1183
853
458
126
-223
-354
-334
-175
69
219
397
431
307
171
-97
-431
-715
-984
-1062
-878
-653
-432
-136
38
95
90
-140
-403
-784
-1129
-1213
-1360
-1304
-1158
-1044
-822
-712
-600
-606
-733
-924
-1143
-1226
-1267
-1146
-887
-595
-344
-147
55
1
-200
-523
-885
-1173
-1532
-1658
-1633
-1464
-1171
-1040
-830
-669
-676
-769
-1015
-1095
-1204
-1331
-1118
-791
-337
124
577
981
1072
1004
790
477
113
-220
-466
-527
-342
-56
371
717
959
1145
1018
815
577
195
-30
-142
-149
53
310
646
1007
1239
1360
1301
1118
882
643
540
454
573
844
1063
1330
1480
1564
1509
1286
966
547
237
-39
-213
-138
-37
76
301
591
775
788
748
719
697
687
725
755
789
943
1114
1107
1021
845
621
408
58
-224
-346
-400
-387
-245
6
147
222
300
282
172
-48
-318
-498
-613
-675
-690
-696
-580
-487
-453
-377
-519
-729
-844
-1059
-1281
-1371
-1345
-1280
-1188
-1023
-878
-695
-538
-569
-555
-626
-737
-685
-822
-878
-690
-582
-535
-481
-313
-298
-485
-603
-754
-891
-943
-1011
-1053
-959
-809
-559
-325
-202
-34
13
6
-73
-158
-99
-94
42
220
323
489
550
568
579
445
187
-21
-133
-274
-335
-268
-103
170
429
600
746
854
720
564
451
174
128
154
104
314
596
905
1070
1181
1264
1129
1070
903
634
472
293
156
148
238
416
538
605
695
662
641
642
559
542
592
600
656
815
852
899
905
833
881
794
654
499
393
365
327
369
289
217
106
-115
-230
-350
-494
-488
-411
-358
-243
-157
-59
42
-25
-144
-297
-554
-765
-958
-1128
-1128
-1098
-995
-755
-596
-439
-377
-435
-438
-587
-779
-833
-906
-981
-894
-704
-477
-245
-51
89
96
68
-30
-332
-619
-713
-855
-969
-893
-760
-548
-409
-241
-42
-28
-80
-204
-291
-387
-518
-476
-434
-395
-242
-94
122
266
256
176
16
-108
-248
-339
-394
-402
-241
-151
-77
6
-85
-144
-258
-348
-271
-392
-297
4
218
598
899
1188
1415
1364
1205
1010
716
333
74
-106
-118
81
247
519
768
959
1074
927
701
412
118
-146
-310
-278
-104
244
573
924
1167
1222
1273
1037
669
337
1
-213
-397
-408
-236
-81
198
459
545
534
464
323
36
-191
-367
-443
-373
-291
-100
93
350
620
645
535
407
187
-127
-355
-450
-463
-410
-289
-149
55
251
225
152
-14
-206
-300
-397
-408
-413
-313
-108
73
278
391
384
343
221
15
-253
-544
-692
-785
-860
-765
-659
-521
-331
-219
-214
-314
-369
-539
-720
-788
-800
-723
-655
-464
-317
-219
-153
-223
-237
-355
-503
-636
-851
-926
-853
-729
-587
-474
-321
-83
57
47
0
16
-12
-127
-177
-132
-64
-45
78
253
340
367
379
427
433
363
240
135
44
-25
-53
-100
-114
-87
-25
38
74
139
226
237
322
416
336
295
194
59
44
51
169
333
412
544
683
736
722
566
389
164
-33
-82
-133
-74
110
318
487
680
908
933
851
678
419
153
-76
-100
-101
-25
182
341
529
669
694
657
517
250
-23
-306
-438
-339
-249
-57
213
506
711
695
541
344
123
-234
-526
-717
-742
-612
-456
-228
-47
164
211
114
-44
-356
-714
-1007
-1046
-1079
-1010
-668
-357
96
467
597
686
512
244
-100
-461
-662
-797
-755
-602
-425
-139
115
211
229
148
-5
-213
-514
-772
-843
-759
-549
-346
-66
298
512
601
486
326
104
-266
-549
-698
-680
-564
-366
-29
249
393
516
512
314
16
-328
-616
-820
-995
-985
-803
-541
-206
41
266
472
616
563
371
236
18
-128
-188
-231
-194
-58
166
342
365
332
387
352
191
-15
-131
-132
-194
-168
-58
105
326
469
525
608
655
604
498
341
248
108
25
87
157
175
227
349
411
445
331
225
192
65
-53
-41
57
93
190
304
352
373
327
274
173
-4
-166
-310
-400
-351
-218
-118
10
208
388
529
428
278
206
27
-133
-306
-333
-242
-173
20
251
409
485
542
493
284
108
-1
-206
-392
-393
-370
-295
-161
-18
183
304
299
200
-1
-243
-457
-674
-774
-683
-592
-463
-266
-113
-5
118
132
86
-5
-319
-572
-737
-877
-915
-851
-725
-581
-339
-67
118
157
107
-36
-192
-340
-478
-572
-642
-540
-357
-141
71
305
521
532
470
313
76
-103
-232
-342
-382
-308
-240
-99
108
312
431
342
286
189
2
-33
-14
-45
-114
-127
46
247
361
485
518
481
389
213
118
6
-82
1
141
259
335
389
486
542
436
321
159
46
27
-85
-107
-53
69
275
413
515
539
443
342
251
83
-14
-86
-191
-163
-3
270
554
702
689
637
505
293
41
-204
-440
-644
-583
-409
-248
11
296
505
638
584
388
130
-228
-592
-843
-892
-807
-603
-241
112
277
435
531
384
154
-214
-516
-704
-929
-931
-743
-425
-100
147
421
526
435
250
-74
-398
-629
-839
-882
-724
-504
-215
97
309
399
419
332
37
-287
-479
-720
-768
-503
-327
-79
257
365
418
340
158
-13
-222
-402
-571
-540
-420
-301
-87
135
348
437
420
323
117
-81
-226
-307
-329
-268
-161
15
232
351
389
340
242
144
12
-119
-161
-122
11
201
444
647
645
672
710
622
411
154
-5
-125
-116
-42
28
166
290
444
543
556
518
322
144
-35
-235
-319
-298
-154
-39
120
339
397
423
365
171
18
-86
-159
-208
-154
-127
-142
-21
15
5
96
75
42
24
-46
-65
-83
-78
-63
-79
-37
29
32
54
114
63
-31
-120
-175
-76
-49
-87
-123
-178
-118
-210
-335
-296
-276
-176
-147
-166
-120
-180
-192
-112
-112
-193
-249
-289
-321
-280
-222
-228
-148
-77
-73
9
37
-2
-182
-255
-270
-373
-272
-247
-231
-95
-28
50
107
21
-21
14
0
0
-24
-23
72
157
206
286
309
252
210
121
35
36
-28
-80
-50
-62
35
170
195
180
163
107
74
111
43
16
40
32
77
114
231
286
316
368
271
167
40
-82
-89
-142
-201
-130
7
144
222
332
431
379
284
178
58
-113
-198
-199
-220
-84
92
214
330
450
478
386
242
98
-42
-213
-272
-251
-202
-67
125
275
336
385
357
214
48
-78
-246
-360
-364
-365
-179
54
183
274
222
165
109
-59
-212
-298
-393
-422
-424
-385
-206
-138
-88
3
-12
-48
-124
-211
-270
-244
-174
-127
-60
71
150
147
58
-75
8
-90
-286
-232
-264
-211
-133
-115
-3
72
133
122
37
-27
-78
-95
-61
-49
-35
98
199
274
313
310
305
146
-29
-176
-307
-288
-301
-315
-218
-188
-64
88
130
263
274
134
55
-6
-127
-247
-245
-174
-117
-38
86
254
328
280
285
245
107
0
-88
-130
-194
-204
-141
-114
25
152
228
240
224
210
123
97
49
34
46
-40
-93
-56
12
79
86
129
227
211
212
233
219
242
251
199
108
33
-30
-86
-76
-3
58
98
104
220
289
165
70
2
-70
-158
-210
-277
-314
-225
-197
-124
0
5
22
45
-8
-18
-38
-232
-304
-224
-261
-208
-73
-3
77
150
212
200
60
5
-8
-58
-98
-150
-151
-141
-154
-201
-165
-80
-27
-8
-120
-191
-222
-224
-224
-222
-108
-52
8
61
21
39
56
-40
-112
-202
-259
-137
-118
-136
-58
-23
27
49
45
76
16
-55
-83
-95
-81
-141
-107
-76
-78
-13
-71
-29
45
23
96
77
31
32
48
150
191
161
165
194
205
146
85
55
25
110
166
198
217
223
284
251
209
113
82
80
-46
-65
-19
-3
-8
33
192
299
264
256
219
107
12
-108
-92
-20
-68
-40
65
97
61
50
68
106
90
-79
-109
-65
-130
-121
-106
-94
-60
-3
77
130
109
73
6
-70
-33
-79
-151
-102
-114
-57
39
36
53
71
99
91
-7
-94
-129
-165
-215
-221
-158
-118
-115
-48
-74
-100
-76
-92
-51
-165
-231
-218
-227
-163
-159
-88
-33
-19
12
-4
-35
-45
-15
-98
-200
-240
-228
-166
-105
24
44
-28
-90
-51
8
-27
-47
-74
-37
-30
-7
18
62
168
63
-24
54
39
48
129
139
197
258
257
267
266
178
139
181
101
68
126
163
177
131
204
247
131
63
-17
-30
-52
-149
-160
-93
-14
71
117
112
187
201
165
79
-86
-42
-106
-274
-126
-24
5
98
78
102
107
86
160
180
55
-72
-76
-99
-138
-89
-7
92
123
165
196
95
18
-31
-56
-87
-141
-156
-120
-51
-28
-31
-34
53
92
-26
21
45
-33
-34
-82
-73
-40
-32
-5
-36
-77
-33
-66
-162
-178
-179
-177
-152
-97
-78
-30
43
44
-9
-71
-118
-192
-244
-260
-260
-116
-15
-2
113
185
197
104
28
36
-63
-200
-257
-183
-36
6
54
187
240
206
151
114
40
-34
-57
-123
-175
-123
2
119
206
342
353
224
144
18
-140
-265
-298
-334
-324
-176
-17
124
168
239
196
99
95
-133
-192
-153
-260
-230
-207
-116
-5
132
354
423
401
279
131
90
-18
-100
-99
-179
-112
15
66
217
209
139
87
39
146
100
29
79
84
123
144
113
123
94
7
-46
-145
-198
-136
-20
83
57
127
245
185
88
-40
-29
-69
-251
-206
-194
-160
5
71
118
158
225
206
45
-70
-138
-275
-379
-360
-344
-261
-204
-214
-49
123
107
59
56
-16
-68
-90
-151
-193
-199
-149
-54
61
139
152
131
106
66
19
43
62
4
38
148
91
110
120
-3
-12
-113
-131
-53
-113
-78
-22
52
102
11
16
70
27
-28
-118
-197
-95
-78
-163
-93
36
153
207
207
157
128
40
-114
-140
-167
-216
-107
16
-3
88
189
237
308
228
84
27
43
6
10
-39
-107
46
93
143
229
162
158
46
-75
-125
-156
-130
-144
-39
162
274
233
222
261
176
113
0
-180
-215
-212
-137
-74
-74
32
104
126
129
113
46
-40
-86
-152
-177
-118
-40
-38
5
105
68
83
87
38
82
-53
-185
-174
-209
-234
-151
-76
-64
-65
-68
-15
9
-3
-37
-114
-140
-80
-72
-58
-11
-34
78
174
31
10
3
-149
-149
-171
-156
-91
-107
19
111
119
98
-5
-59
-20
-49
-150
-171
-189
-128
-63
-30
50
28
29
36
33
50
-36
-61
-40
-51
-26
-23
35
44
100
188
140
168
162
89
74
43
-33
-34
-15
-23
16
33
79
110
101
138
152
98
107
102
85
133
132
84
9
-39
-113
-140
-90
-83
-55
12
21
-35
43
182
152
68
7
-26
-21
-69
-6
19
-17
104
121
201
152
-22
59
24
-89
-158
-189
-100
-41
-17
72
116
37
101
129
-19
-23
-26
-87
-33
-38
-54
-8
-18
17
59
18
-46
-92
-95
0
66
37
38
71
80
83
128
50
-52
-72
-142
-134
-146
-221
-150
-58
-70
-49
-16
25
52
13
31
-18
-53
-55
-75
-26
-18
39
61
52
48
57
95
48
3
-84
-98
-100
-174
-116
-48
-9
69
123
114
87
30
-34
-25
-84
-139
-49
-66
-102
8
44
112
157
56
-44
-163
-248
-255
-264
-291
-250
-175
-105
54
117
38
63
29
-38
-48
-132
-94
-77
-92
19
73
153
256
231
169
174
139
105
155
89
-51
-30
80
94
107
168
80
28
50
15
50
106
86
-75
-124
-35
8
22
6
35
61
58
61
42
51
65
35
91
144
129
94
61
2
-60
-39
-92
-95
-11
35
30
78
114
55
60
68
25
32
16
-128
-166
-58
-34
-55
-2
61
72
40
71
108
21
-28
-20
-10
-120
-154
-115
-161
12
81
23
111
152
173
101
2
-44
-133
-197
-190
-105
-56
-46
18
26
11
66
35
-32
-22
-76
-97
-79
-121
-106
-47
-21
-60
-80
-97
-131
-71
-103
-164
-61
-34
-45
-41
-66
-37
-116
-37
80
-33
30
79
17
42
83
124
122
167
103
-12
5
-67
-117
-56
18
10
58
139
85
123
135
86
100
39
-23
-37
-29
25
41
47
46
30
134
148
89
23
-39
-70
-113
-63
-118
-167
-94
-33
-46
-54
43
84
109
86
51
25
-3
19
-47
-47
-14
-13
16
54
114
119
128
180
181
115
57
-16
-38
-4
11
-4
1
32
-27
2
52
58
75
-41
-63
3
-22
-90
-186
-120
-50
-149
-123
-52
-6
53
36
25
12
-60
-99
-88
-85
-125
-164
-149
-132
-126
-96
-83
-111
-65
36
62
47
20
70
121
13
-62
-67
-82
-94
5
93
62
83
139
155
73
4
-41
-99
-115
-85
-39
-31
76
183
211
243
199
120
56
-37
-98
-108
-141
-141
-84
-39
-6
22
147
225
104
54
17
-100
-68
-16
-62
-73
-62
-16
56
118
106
72
30
-23
-32
-107
-162
-141
-22
35
29
57
64
86
58
121
141
59
104
107
98
103
17
18
60
21
-13
-38
-28
13
-33
-51
-26
-19
19
19
72
147
104
25
-1
-9
-72
-74
-27
-47
-51
-98
-131
-26
11
-26
15
-9
-99
-63
-96
-70
32
-31
-50
-79
-72
16
8
-82
-120
-93
-114
-134
-133
-109
6
51
-42
-63
-23
-5
-14
85
142
63
89
100
149
228
159
52
66
44
4
-26
-99
-62
-78
-67
-81
-127
-61
-97
-96
-46
1
42
32
33
-6
-20
-43
-43
-38
-160
-151
-101
-142
-41
-6
-35
54
39
36
53
52
66
-31
-13
23
16
62
47
57
132
151
98
111
146
97
51
65
16
-56
-35
-79
-120
-9
48
89
119
125
221
253
169
164
103
-54
-81
-59
-69
-180
-237
-153
-85
-71
-82
-36
73
143
73
39
69
44
20
-31
-78
-55
-27
-11
-35
-43
-13
22
15
-94
-76
31
-24
-136
-92
-25
-38
33
121
49
13
92
58
116
183
153
104
-33
-38
-24
-48
-33
-73
-131
-132
2
46
2
38
28
27
18
-33
22
33
-28
10
-75
-186
-136
-77
-9
-84
-101
-65
-166
-173
-144
-93
-65
-67
4
104
155
164
176
124
86
45
-36
-62
-124
-148
-105
-44
-4
-4
27
51
51
13
7
8
-41
-2
25
39
106
104
138
149
98
148
116
54
35
-101
-212
-173
-83
-55
-53
-37
3
30
100
137
46
-2
30
34
19
59
61
24
-37
-57
-42
-50
-90
-134
-60
-33
-11
24
-58
-48
17
48
51
64
92
39
44
41
-38
-95
-78
-15
0
24
-43
-99
-48
-16
17
-22
-21
-4
-25
47
136
160
84
71
138
81
36
-45
-128
-19
-5
-39
-72
-112
-97
-154
-91
7
33
53
6
62
132
33
-42
-2
28
32
36
24
41
41
-1
-37
-36
-89
-78
14
-93
-164
-52
1
-7
9
42
106
132
91
108
145
135
65
17
54
4
-74
-120
-118
-45
3
56
37
47
55
-1
85
58
-27
58
36
8
14
-43
-11
25
31
-3
-71
-53
-36
-72
-99
-131
-127
-47
-19
-49
-15
38
38
50
77
3
-15
21
-54
-38
13
-38
31
28
-100
-100
-80
-12
-49
-88
15
-28
-35
73
166
156
102
108
40
-48
-77
-70
-27
-50
-46
-28
-58
39
66
54
58
0
68
52
-11
-49
-103
-2
42
34
109
76
122
179
32
1
-5
-69
-74
-154
-121
-63
-77
0
5
-18
-14
36
98
-11
-72
15
26
-59
-96
-52
-7
38
47
-46
-68
-64
-63
-26
-62
-27
-9
23
80
91
135
56
-3
24
2
-57
-84
-42
38
59
1
-17
-31
-15
25
-8
-58
-95
-22
12
-68
-8
80
92
6
-101
-89
-59
5
33
13
23
11
4
32
13
-29
-10
-42
-102
-117
-147
-159
-89
-55
11
75
34
100
123
118
111
-16
-79
-128
-124
-75
-35
62
60
62
109
45
69
85
42
93
47
-13
-8
21
77
53
-3
97
124
-44
9
74
55
127
40
-56
12
69
73
48
8
0
0
-36
34
38
-47
53
78
103
129
65
14
-79
-31
-73
-146
-83
-51
-83
-73
-5
10
101
92
5
28
73
20
-73
-43
27
28
19
29
19
-8
-38
17
102
63
-9
36
-64
-159
-105
-73
51
35
9
-2
-86
-119
-136
-132
-80
-14
-67
17
82
10
55
89
77
10
-67
-193
-227
-146
-155
-113
-89
-28
103
124
88
66
49
27
54
-33
-62
-37
-134
-49
23
2
59
43
22
8
-55
0
12
-51
32
98
76
119
195
155
93
22
-62
-105
-133
-97
-75
-54
-86
-86
-16
30
33
3
44
10
-67
-65
-40
-34
18
35
36
135
50
-2
19
-60
-55
-69
-88
-96
-55
-6
-41
-39
28
53
41
31
-15
-33
-41
-46
-23
33
13
-9
40
14
14
6
26
34
5
40
7
0
59
122
122
114
100
26
66
47
-32
-54
-88
-72
41
95
43
100
118
50
17
-37
-31
-11
-40
1
58
8
-17
58
41
19
13
-61
-11
4
-14
18
49
85
21
-20
-28
-40
-69
-58
-60
-94
-56
-60
-38
11
71
99
140
154
59
97
120
65
-44
-130
-146
-127
-40
-12
24
-25
-33
-12
-68
-42
-23
-28
-63
-76
20
99
46
38
42
20
-13
-109
-135
-169
-192
-105
-73
-64
46
145
181
173
130
79
52
66
-20
-154
-190
-107
-35
-34
78
184
167
133
95
20
-53
-61
-42
30
-11
-120
-7
74
55
133
186
210
171
73
-18
-110
-131
-200
-210
-127
-109
2
47
36
74
31
57
49
-55
-80
-99
-158
-114
-61
-46
-37
-71
-100
-117
-61
-27
-57
-91
-106
-45
-9
-11
27
88
114
64
77
46
-29
18
-15
-47
-94
-85
82
99
26
56
139
140
84
93
30
-59
-71
-125
-91
-21
-82
-36
84
51
3
7
1
54
64
-43
-81
-52
-61
-51
10
64
35
16
4
-78
-52
35
24
-50
-63
3
71
65
42
103
81
31
-7
-58
-18
-24
-49
-126
-122
15
-24
38
135
49
112
106
29
24
48
63
-62
-58
-86
-113
20
-10
-65
-72
7
91
43
57
-1
-78
-34
-59
-20
31
7
29
4
-43
12
57
19
47
29
-55
-69
-32
-34
-81
-95
-75
3
51
127
120
72
125
66
4
19
-25
-57
-8
-12
1
-5
20
152
111
84
64
-43
-8
47
-3
-49
27
142
183
113
43
82
57
-45
-154
-286
-316
-268
-192
-61
47
64
75
124
121
68
11
-39
-141
-179
-132
-195
-187
-85
-30
59
92
71
47
50
16
-28
-1
-12
-21
-13
-10
-1
62
97
58
23
17
-29
-94
-9
20
25
105
94
81
104
113
122
87
29
71
48
-91
-130
-126
-68
6
41
101
96
73
79
17
-22
7
-11
2
-57
-109
-36
-39
-38
-8
20
10
26
57
78
48
-76
-53
2
-72
-98
-56
-12
35
49
63
28
-5
2
-76
-75
-50
-137
-55
54
-3
4
75
75
86
124
58
4
-37
-52
-34
-61
-73
-114
-71
-2
53
86
26
43
-16
-126
-128
-184
-144
-37
-17
35
38
48
112
62
41
-9
-113
-75
-105
-114
-56
-83
-30
62
130
205
148
158
155
48
45
-54
-97
-66
-54
-30
-42
51
75
26
18
99
146
84
53
17
3
-64
-82
-28
-10
21
1
27
58
22
-37
-30
-19
-101
-102
-69
-10
5
-55
-8
42
8
-15
-25
-35
-1
-15
-57
-51
-61
-20
-2
-8
36
-3
-40
4
6
44
88
64
-5
-62
23
27
-17
-51
-77
2
-58
-42
85
77
100
83
-3
39
60
54
82
9
7
-35
-111
-30
44
79
11
5
115
79
17
38
-17
-62
-27
-43
-20
-69
-111
-38
-55
-13
-11
-36
-23
-105
-55
-3
9
51
37
79
9
-68
-29
-49
-110
-88
28
132
164
88
15
4
-18
-49
-130
-123
22
66
76
40
-5
21
85
190
127
15
-20
-63
-42
-39
-90
-75
-16
10
34
113
115
67
97
8
-137
-173
-105
-30
-30
-1
29
34
25
87
106
31
35
19
-72
-114
-69
-65
6
50
50
87
18
33
18
51
146
54
1
-33
-41
-16
22
24
-30
33
63
33
1
-17
0
10
-37
-41
19
7
50
33
58
149
88
31
-26
-33
11
-6
-37
-27
-10
-55
-47
19
0
28
42
-24
0
-26
-104
-70
24
8
-16
57
35
3
17
39
22
-51
-44
-62
-152
-155
-91
-40
13
56
103
119
135
110
-1
-14
-52
-109
-62
-58
-37
-17
-28
49
38
8
30
-29
-32
-50
-78
-33
34
113
98
42
22
38
32
-13
-26
-69
-111
-74
-51
-90
-97
-73
-38
15
71
81
115
109
36
12
-49
-90
-95
-86
-22
-35
-75
-22
37
54
42
70
69
37
0
-6
29
-24
-29
-10
1
46
34
-33
-1
72
-7
1
23
-70
-1
61
35
31
38
49
-9
-32
-36
5
35
-28
-9
25
17
2
-56
-70
-18
-9
0
4
-54
-75
-33
45
57
63
67
-52
-83
-80
-91
-5
-70
-45
96
-19
-105
-90
4
20
-25
80
37
57
50
-91
-26
7
-7
29
0
-17
4
25
60
35
30
56
53
56
-2
33
110
36
49
49
-14
35
38
-14
-43
-27
-13
-10
-10
-42
-12
10
-7
-65
-131
-87
15
21
-9
41
60
6
-36
-52
-96
-146
-176
-83
-3
-9
61
-25
-53
59
47
24
-10
-24
-21
-63
-25
-8
-13
62
39
7
38
65
57
48
61
-32
-65
36
48
23
23
-33
52
81
15
73
-41
-58
37
-2
-47
-44
-4
40
74
-34
-54
-41
-43
18
-49
-56
-33
-94
-78
-92
-64
-4
-11
54
-7
-34
42
-15
-40
-54
-32
-6
-60
-36
-49
-31
31
18
43
34
63
74
74
96
74
59
36
36
17
18
52
42
-17
0
66
45
4
-8
29
-20
-108
-43
-45
-33
-5
-85
-17
-38
-49
57
2
-33
-66
-144
-154
-85
-62
-61
-84
-92
-1
3
5
32
58
50
-32
-82
-41
56
33
25
56
51
78
97
74
100
127
89
85
5
-37
52
88
65
109
61
55
139
42
47
54
-30
-47
-51
-43
-84
-100
-47
28
41
-24
-66
-70
-32
-41
-41
-55
-66
-2
-12
0
-23
-75
-43
-59
-88
-33
13
-9
17
94
63
-2
-8
22
86
50
6
14
-4
5
-3
24
90
120
114
92
87
73
91
90
26
7
34
65
11
-23
-11
-4
64
25
13
39
-11
-29
-14
27
-59
-109
-10
-55
-122
-60
-62
-20
53
17
-29
-42
-33
-6
-6
-55
-18
-38
-75
12
11
-6
-17
-34
44
28
-1
40
32
25
71
88
22
51
82
36
56
34
-5
-1
-2
63
81
37
31
-25
37
60
-48
19
59
51
11
-1
36
-69
-69
-74
-144
-103
-86
-83
-60
5
44
43
-8
-41
13
-20
-52
-74
-91
-50
-9
2
-10
37
122
92
17
17
9
53
22
-34
3
-3
44
59
47
113
144
90
76
87
52
55
78
61
-17
-9
11
15
71
64
46
-30
-79
-31
-11
3
0
6
75
70
14
-66
-118
-77
-66
-59
-69
-119
-117
-31
-52
-90
-22
-29
14
7
-57
-12
-18
-32
-31
-21
-41
-108
-80
-13
63
66
-16
32
63
33
47
17
78
126
60
26
64
51
13
64
19
1
78
139
136
54
6
-26
-22
13
43
11
-1
-43
-79
-11
-22
-47
-32
1
-36
-114
-78
-16
2
42
4
-14
50
-28
-36
-41
-79
-34
-52
-14
0
-1
66
76
71
55
21
28
-28
-71
-77
-6
57
-9
56
66
26
19
-39
-21
29
55
29
5
-6
-34
-37
-61
-65
11
12
23
36
-61
-2
27
-43
-14
-53
-83
-40
-8
3
-21
-30
-11
-31
-53
-80
-40
49
-11
-25
15
-28
-17
13
31
-3
-23
9
-33
5
-18
-71
41
75
77
110
8
-20
56
-24
-79
14
43
19
32
64
108
101
35
28
-4
-101
-61
8
56
39
-26
4
-29
-34
4
-20
-53
-42
-50
-86
-21
-20
-49
17
27
-2
-2
-77
-84
6
-23
-66
-68
-37
-21
15
52
-19
-67
-46
-74
-83
-1
6
-2
11
-6
14
-30
-58
25
19
-24
-79
-85
-24
-87
-30
102
81
-20
7
139
68
29
-3
-49
26
-35
27
92
27
49
30
70
67
-22
-21
6
-2
-45
-39
20
62
-41
-69
75
97
107
47
-72
-81
-60
-4
-3
-8
-27
-124
-55
75
39
39
12
-72
-60
-20
-14
-66
-39
7
20
30
-40
-42
6
-40
-69
-24
-54
-40
-2
-21
60
87
-3
26
77
-12
-65
-44
-48
-20
106
148
38
13
13
39
24
-66
-1
3
-6
-42
-76
51
38
-5
-28
-31
-15
-33
8
44
-28
-117
-45
-14
-27
17
-11
26
38
-48
-47
-45
9
-15
-102
-27
-10
-13
2
50
111
33
24
46
-19
10
55
11
-23
1
36
43
6
0
25
41
23
23
109
77
78
53
-6
60
4
29
35
-26
-26
-29
21
10
-50
-55
-9
-28
-66
-34
-67
-27
17
-95
-61
-21
-55
-34
-75
-87
-67
-42
-20
-51
-42
-31
-63
-68
-26
2
-14
-22
16
-13
-6
88
77
83
56
35
88
73
70
87
37
45
108
36
2
35
35
23
53
69
45
81
76
69
24
-6
6
-24
-8
-45
-57
-74
-118
-86
-70
-81
-34
5
-52
-15
-1
-51
-6
-20
-53
-12
-41
-86
-20
43
-34
-90
-1
-5
-19
2
-24
55
82
77
83
4
-22
33
67
60
84
47
4
68
48
0
53
74
15
-24
21
72
57
2
-9
13
-22
-4
21
-72
-110
-31
-4
-38
-18
-38
-35
-45
-100
-6
-57
-129
-80
-129
-39
28
-23
-21
0
27
31
26
-41
-53
11
65
100
17
15
69
81
40
-10
39
66
105
83
90
112
70
95
108
56
10
21
6
50
70
35
1
-18
-47
-100
-1
