68
-11
-57
-83
-94
-30
67
21
3
122
52
1
38
-24
40
20
59
191
53
50
52
5
73
25
32
11
-100
-73
-48
-41
11
-1
-12
-3
-14
34
60
50
20
0
36
-17
-75
-55
10
7
-54
-10
-9
-31
-42
-15
-2
-5
42
-17
14
73
-38
-63
-42
-41
-42
-53
46
47
5
32
-64
-76
36
47
33
-5
-57
-25
32
64
20
-23
-40
9
20
-29
-2
-53
26
23
-85
18
25
88
36
-85
-9
-37
26
87
28
-31
-33
19
-36
3
82
34
11
40
68
51
64
72
4
-27
-17
-45
-34
-28
-81
-30
8
-11
47
41
63
55
-12
-5
3
42
17
41
69
40
53
-17
41
64
-4
-17
-68
48
45
-91
17
52
3
63
32
-26
-42
-27
35
54
54
26
1
-8
-15
-36
-110
-98
-35
-23
-70
-114
-49
33
-30
-66
-11
-82
-115
-24
44
19
-78
-32
48
52
-1
-29
-10
-62
-9
44
30
3
-49
-61
-3
68
-2
-22
-23
-89
-22
29
68
44
-68
-15
-25
-39
48
-13
-74
-45
-31
-18
18
22
11
21
23
-12
-21
1
13
74
52
-20
-13
55
72
14
11
16
11
-29
-58
-73
-50
2
-16
45
36
70
120
65
83
42
33
50
18
-11
-69
-38
23
-8
-9
-6
22
15
5
33
-6
-40
-61
9
3
-40
-13
-4
29
32
29
-19
-32
-16
12
-14
-1
116
12
-73
-57
-12
73
-66
-122
-92
-135
-3
34
-82
-50
8
43
71
56
67
49
38
39
128
100
-2
22
-13
17
1
17
94
72
60
34
72
31
-41
24
46
-3
-36
-15
-47
-64
13
20
-14
-29
-25
-36
-27
11
32
-5
-56
-59
-55
-20
-18
-49
-30
-34
-58
-55
-49
-16
-22
-15
-13
-110
-66
-12
-42
-25
21
32
3
68
41
45
63
-57
-40
5
10
82
80
-9
-43
-4
24
16
5
3
24
-25
-18
7
-66
-59
9
42
29
8
-23
-3
-22
-47
-27
-44
8
7
-18
-12
25
55
37
-18
-110
-61
-75
-83
-11
26
-15
-86
-17
22
66
36
-1
54
41
5
-12
-7
-12
12
15
-7
-22
53
97
-5
-48
12
64
-2
10
16
-31
36
15
32
81
59
19
-21
-3
-34
-29
25
6
17
-17
-26
42
-9
-19
-28
-35
-35
-51
41
0
-28
75
88
27
40
58
21
42
17
15
30
-16
-24
64
145
118
84
65
76
25
-68
-12
-6
-40
47
-37
-80
16
-6
38
30
-8
65
54
9
-14
0
-11
-82
-19
19
-87
-133
-157
-80
27
-28
-52
-51
-95
-40
2
-82
-53
-92
-160
-102
-65
-4
-50
-51
-11
-19
20
-75
-107
6
17
0
4
-3
14
-14
12
79
86
102
77
43
-24
-48
28
7
42
66
-22
13
34
35
17
27
43
-17
58
52
19
22
-13
65
62
-37
20
28
-15
21
28
73
42
4
-7
5
7
-18
-11
-73
-32
41
78
59
-43
4
62
-12
-15
42
-18
-45
-11
-35
24
40
-5
30
26
-28
-15
56
57
71
45
-50
-73
-44
-12
15
12
-29
-56
-25
-14
-59
16
26
-67
-16
33
-32
-9
19
-1
76
-13
-100
-90
-80
-88
-155
-99
-97
-46
32
-52
-65
3
20
-20
-5
24
5
-61
-56
31
-31
-38
-4
-79
-27
105
125
55
-31
-1
107
90
60
17
12
42
48
129
102
51
60
72
154
90
21
10
-54
36
-8
-39
38
-68
-25
9
-84
-57
-60
-42
-45
-102
2
51
-4
-1
-10
-26
-48
-70
-80
-36
3
21
38
-1
21
46
28
0
-58
-12
15
-18
-41
-89
-26
29
-42
-25
4
-46
-56
-53
-53
-30
-9
-55
-88
-60
-66
-30
-12
-12
39
80
49
11
60
69
67
39
-1
41
21
13
-12
-2
114
95
68
35
-32
7
3
-6
28
24
47
50
73
81
35
86
89
19
33
56
4
1
-1
-58
-85
-23
30
-29
-64
-38
36
19
-6
41
10
-35
-38
66
61
-46
-32
-27
-28
-3
-45
-65
3
-5
8
-3
-59
-30
-33
-40
-47
-7
4
-36
-62
-128
-121
-73
-50
14
46
-36
-89
-56
-30
-42
-77
-9
8
-5
77
23
48
67
29
133
123
87
66
45
63
73
92
59
124
144
71
80
45
-14
32
54
-16
-52
-37
78
55
-35
-22
-70
-49
-41
-66
11
32
-15
-61
-52
-31
-47
-18
-98
-144
-84
-108
-90
-84
-76
-54
-53
-11
-47
-77
-46
-51
-78
-24
-30
-28
73
18
-25
12
-27
-60
-27
29
22
-14
47
71
70
108
114
86
6
26
90
119
129
90
98
114
45
28
137
174
82
34
93
78
58
85
-2
-92
-48
-31
-59
26
1
-65
27
28
0
25
-25
-64
-29
48
68
24
-17
-66
-9
46
25
-4
-36
-62
-76
-82
-47
37
-6
-35
-35
1
71
-33
-12
23
-52
-12
-41
-118
-46
65
-6
-32
14
-24
-59
-67
6
-2
-23
14
54
79
45
-15
-31
67
53
-7
17
36
-34
-102
-36
-59
-72
27
67
-2
-54
80
92
36
68
-2
-44
-106
-118
-19
-37
-33
62
94
37
46
97
61
15
4
46
44
-5
85
123
-19
-27
29
-35
-40
48
47
-80
-58
71
65
47
60
-31
-23
0
-78
-5
-1
-51
2
45
15
-35
-65
-60
-51
-79
-15
10
-19
-33
-48
-56
-77
-21
4
-129
-86
14
-27
-10
-14
42
35
-16
81
54
29
80
117
103
7
31
85
71
73
54
12
19
-4
19
-3
-122
-32
9
-72
3
13
-23
7
-35
-52
-66
-13
80
-10
-42
42
-11
-20
80
63
38
25
-7
6
-22
-87
-43
46
14
30
60
82
82
-67
-9
97
-31
-26
-8
-38
41
11
10
36
-15
1
-12
-5
-23
-53
15
40
7
3
13
-73
-59
49
27
-12
-8
34
38
-44
-41
11
-6
-17
22
25
-58
-20
69
14
-20
-3
-11
-28
-33
-61
-75
-46
-94
-93
-33
-21
-57
-143
-78
-21
-65
-51
-45
10
-32
-94
50
36
-46
-44
-40
13
-6
30
-46
-84
41
-23
-18
-21
-22
40
-66
-54
5
-18
16
5
35
69
25
13
-19
9
29
-46
27
75
24
65
33
-63
-76
-13
-26
-2
65
-48
-41
63
4
-27
-29
-6
-24
-66
9
30
35
-15
-21
65
22
16
20
20
51
46
50
29
21
19
-13
22
25
24
66
20
37
38
58
109
42
44
32
27
87
78
45
-23
44
83
-30
-10
-6
13
34
-25
14
52
-2
-46
-51
15
41
-35
-44
-70
-50
-45
-77
-61
-79
-76
-99
-38
18
-5
30
-25
-55
-36
-31
37
-19
-27
17
-63
-94
-32
32
-22
-15
37
33
46
-16
-24
43
-12
-42
6
45
43
-14
-33
-44
-67
-83
-26
74
54
-2
83
76
-11
15
21
-17
-10
86
6
-74
-3
-17
32
34
-15
-20
-82
-57
-25
-37
1
8
-11
-11
-8
0
-49
-52
12
62
116
85
57
-64
-97
-5
-31
-46
-120
-102
-38
-64
-33
-5
22
32
-77
-48
102
83
59
24
-15
-16
-14
82
67
-13
-31
-16
-1
24
76
4
-34
-17
-39
8
42
29
13
-33
-37
-1
11
-41
-89
-30
3
23
34
-9
-23
44
22
-73
-6
10
-20
60
50
49
91
36
42
32
18
12
-51
11
37
64
142
118
124
110
90
64
30
71
28
-14
-3
29
121
43
-75
-30
1
26
-5
-83
-4
-10
-70
18
34
-3
-15
4
-11
-85
-70
-38
-121
-180
-110
-84
-114
-107
-93
-69
-65
-72
7
34
-52
-41
-43
-81
-1
42
-11
-47
0
-31
-29
92
64
34
29
23
46
-14
22
62
-50
-61
14
10
1
-8
46
72
62
36
-3
40
25
9
77
67
5
-25
-63
39
48
-23
47
-13
-74
-21
5
-10
-12
44
45
42
75
21
12
21
15
29
39
56
15
-4
-38
-42
2
7
24
10
-23
28
77
62
30
-33
-44
-59
-78
-22
-52
-69
-61
-106
-88
-82
-33
34
7
61
-9
-41
30
-75
-24
21
56
60
-88
-55
6
-40
-29
37
13
54
71
-4
48
66
50
59
16
23
52
63
73
-16
6
111
85
104
66
26
59
1
20
75
128
128
81
74
-24
22
76
36
17
-22
-26
-112
-1
53
-114
-42
-37
-32
26
-69
-41
3
-20
-70
-150
-88
-70
-63
16
-66
-127
-132
-155
-136
-100
-77
-166
-173
-85
-110
-154
-161
-133
-116
-128
-142
-137
-106
-60
-20
-44
-68
-85
-111
-41
28
-15
3
30
-39
-11
16
2
30
-31
-10
89
91
32
47
126
93
70
95
55
20
70
163
253
245
142
97
112
135
136
89
24
16
39
81
187
200
184
313
352
329
239
112
164
112
98
179
156
251
265
302
335
257
300
203
78
5
-45
-87
-150
-168
-241
-172
-82
-140
-59
41
35
7
-21
-30
-121
-146
-201
-283
-197
-148
-126
-26
40
9
23
10
-55
-127
-308
-405
-404
-465
-462
-338
-228
-169
-146
-222
-219
-202
-267
-243
-293
-296
-286
-283
-190
-200
-74
-6
-134
-68
-34
-73
-39
-120
-215
-266
-247
-204
-245
-147
-63
-44
41
75
107
77
7
32
30
93
203
218
273
335
430
540
552
544
482
393
367
349
321
293
211
213
288
303
301
247
232
230
207
186
107
122
189
157
270
433
460
484
369
303
325
158
146
146
45
64
-23
-78
-38
-7
1
-128
-282
-380
-418
-449
-551
-583
-567
-469
-312
-241
-75
66
55
-31
-167
-212
-235
-249
-280
-339
-238
-135
-52
28
39
33
-70
-241
-405
-499
-576
-597
-542
-571
-519
-345
-157
-7
38
106
148
110
24
-97
-186
-130
-76
-141
18
226
310
328
290
262
177
48
-94
-189
-278
-385
-385
-251
-100
63
161
190
244
377
408
297
294
214
239
345
316
470
621
681
722
709
660
502
456
383
213
132
109
97
11
49
141
203
274
236
94
0
0
-71
-22
61
130
322
409
503
576
468
340
227
175
169
16
-162
-216
-241
-282
-346
-375
-374
-422
-519
-668
-749
-688
-723
-796
-698
-512
-401
-229
-7
44
145
177
41
-62
-103
-152
-212
-193
-181
-126
-34
-15
-88
-173
-243
-422
-576
-604
-677
-749
-692
-595
-491
-409
-258
-82
98
264
171
53
16
13
-30
-95
-13
35
158
280
286
317
214
85
0
-133
-281
-398
-477
-438
-302
-280
-127
156
297
392
541
585
562
601
514
559
655
612
664
732
810
886
840
740
654
579
528
382
186
20
-97
-104
-115
-131
-47
38
104
125
161
321
395
444
595
561
487
490
409
360
313
192
113
144
101
113
129
-15
-168
-329
-508
-729
-860
-1022
-1225
-1261
-1229
-1114
-900
-676
-429
-246
-97
68
153
62
-88
-104
-131
-186
-146
-1
77
163
374
432
357
266
109
-126
-417
-696
-834
-960
-977
-841
-674
-349
-113
64
145
196
250
73
-142
-294
-304
-296
-233
-68
136
356
441
570
568
427
254
-106
-417
-596
-749
-855
-801
-613
-394
-171
51
243
277
272
341
322
224
177
203
353
607
826
1041
1114
1194
1296
1127
965
812
549
353
151
21
111
172
148
198
205
104
3
-61
-183
-294
-284
-254
-135
37
234
554
744
840
931
912
882
711
461
321
271
282
239
180
206
280
241
45
-229
-507
-843
-1164
-1351
-1471
-1547
-1445
-1141
-817
-479
-206
0
119
151
147
61
-35
-114
-155
-137
-43
139
365
524
515
408
186
-192
-619
-993
-1289
-1549
-1629
-1450
-1125
-856
-545
-249
-104
56
25
-99
-260
-426
-453
-534
-518
-282
-13
197
378
509
543
501
306
-81
-448
-734
-873
-878
-837
-590
-326
-54
289
472
582
587
549
485
308
142
108
185
298
631
922
1169
1495
1610
1533
1305
1173
871
386
117
-95
-194
-229
-118
41
70
237
350
321
165
-32
-160
-340
-409
-338
-197
34
325
687
1047
1256
1276
1192
1072
910
813
765
644
610
614
675
779
771
822
737
540
417
142
-221
-530
-725
-929
-1104
-1072
-1010
-972
-828
-655
-559
-479
-488
-491
-544
-610
-546
-533
-507
-412
-237
-115
-123
-41
-64
-409
-676
-810
-1056
-1357
-1604
-1641
-1567
-1486
-1256
-1041
-945
-792
-699
-674
-665
-733
-691
-632
-563
-434
-319
-104
117
249
342
360
207
2
-134
-289
-402
-469
-490
-443
-294
7
271
418
571
722
676
558
518
395
334
387
549
747
853
994
1114
1292
1343
1167
1088
984
812
667
494
407
496
513
471
483
494
480
388
328
261
110
-1
-17
30
91
176
388
614
699
863
1013
1007
1000
978
1007
978
905
848
752
722
728
743
768
758
763
737
600
509
476
407
334
192
27
-8
-145
-394
-543
-760
-982
-1161
-1290
-1358
-1450
-1519
-1534
-1438
-1401
-1419
-1321
-1197
-1060
-985
-902
-714
-586
-604
-666
-640
-714
-820
-871
-1063
-1228
-1269
-1319
-1401
-1399
-1383
-1339
-1291
-1384
-1317
-1176
-1162
-1040
-995
-883
-574
-478
-395
-205
-77
-37
-74
-59
-63
-125
-181
-230
-222
-165
9
229
386
577
701
701
685
576
385
297
209
174
243
280
382
570
732
750
783
765
658
614
509
445
439
509
711
933
1190
1457
1600
1625
1522
1420
1284
946
746
628
538
587
651
804
952
1082
1091
971
866
683
495
307
215
268
404
645
929
1222
1459
1583
1535
1414
1311
1179
1130
1140
1177
1380
1624
1844
2040
2156
2142
1808
1329
877
303
-243
-707
-1064
-1231
-1309
-1276
-1208
-1211
-1349
-1598
-1932
-2308
-2645
-2900
-2989
-2903
-2540
-1992
-1405
-843
-509
-347
-340
-555
-892
-1422
-1974
-2372
-2624
-2603
-2374
-2000
-1628
-1230
-924
-946
-1132
-1469
-1865
-2214
-2532
-2676
-2464
-1980
-1290
-518
190
728
965
1033
765
224
-305
-777
-1097
-1227
-1059
-664
-129
474
936
1255
1365
1089
531
-38
-609
-1055
-1164
-1073
-686
-30
690
1396
1938
2196
2168
1939
1460
945
526
227
248
506
994
1586
2195
2738
2998
2998
2689
2129
1475
773
240
-45
-58
131
459
991
1480
1846
1936
1740
1355
792
296
-143
-406
-351
46
604
1234
1998
2663
3032
2994
2728
2258
1592
947
398
162
195
331
697
1196
1595
1861
1855
1571
1156
518
-164
-727
-1238
-1448
-1340
-1091
-741
-463
-270
-273
-554
-1079
-1928
-2815
-3581
-4119
-4399
-4425
-4032
-3437
-2743
-1987
-1309
-840
-734
-874
-1139
-1574
-1996
-2234
-2360
-2302
-1974
-1612
-1166
-694
-438
-342
-578
-1042
-1594
-2149
-2696
-3073
-3091
-2969
-2495
-1730
-873
-53
524
904
981
733
393
-95
-620
-897
-1002
-815
-363
276
963
1584
2040
2063
1834
1381
752
72
-627
-1044
-1118
-851
-353
329
1120
1821
2364
2565
2448
1988
1359
753
215
26
121
453
1143
2001
2775
3382
3749
3770
3323
2588
1725
806
52
-455
-532
-229
301
1041
1713
2205
2478
2373
1995
1302
460
-211
-707
-866
-631
6
885
1705
2488
3053
3216
3080
2574
1823
1059
329
-126
-286
-112
453
1168
1957
2636
3069
3092
2727
2206
1401
496
-230
-727
-989
-1012
-800
-386
12
96
-58
-505
-1308
-2319
-3385
-4377
-5153
-5478
-5394
-5042
-4403
-3627
-2729
-1832
-1302
-1189
-1289
-1576
-2003
-2364
-2691
-2932
-2902
-2674
-2332
-1971
-1609
-1322
-1282
-1544
-2029
-2537
-3155
-3709
-3938
-4004
-3693
-3054
-2324
-1471
-517
456
1112
1481
1607
1389
1119
804
358
100
-40
32
413
745
1157
1504
1631
1621
1349
809
191
-366
-849
-1032
-976
-686
-16
800
1634
2452
3080
3375
3388
3149
2692
2148
1584
1186
1013
1086
1427
1887
2377
2724
2896
2820
2433
1817
1042
241
-505
-776
-714
-440
269
974
1672
2329
2707
2727
2376
1798
1082
330
-281
-658
-681
-253
357
1157
1970
2516
2922
3103
2981
2507
1865
1408
1064
895
1108
1526
2049
2559
2919
3060
2875
2499
1936
1104
319
-335
-796
-872
-835
-674
-328
-141
-71
-171
-545
-1049
-1782
-2677
-3578
-4283
-4863
-5315
-5404
-5312
-5048
-4638
-4301
-3964
-3567
-3234
-3006
-2900
-2758
-2576
-2447
-2240
-2071
-1962
-1891
-1898
-1977
-2096
-2200
-2418
-2625
-2791
-2951
-2958
-2906
-2796
-2691
-2562
-2186
-1643
-1153
-551
160
753
1309
1612
1747
1744
1488
1171
727
312
-53
-216
-119
24
368
706
918
1114
1165
1093
916
632
377
279
301
569
1153
1791
2325
2789
3102
3191
3080
2598
1975
1388
827
485
382
583
955
1429
1938
2258
2504
2559
2287
1967
1572
1185
990
1006
1327
1751
2255
2687
2965
3081
2903
2538
1916
1196
490
-127
-429
-449
-252
138
681
1295
1776
2165
2464
2569
2617
2548
2400
2356
2355
2342
2286
2236
2159
1874
1432
1002
501
-52
-495
-875
-1037
-1064
-1021
-787
-564
-375
-315
-328
-423
-668
-883
-1242
-1651
-2055
-2540
-3043
-3681
-4305
-4913
-5512
-5790
-5890
-5831
-5508
-4993
-4255
-3509
-2810
-2164
-1640
-1271
-1189
-1278
-1517
-1842
-2051
-2241
-2345
-2307
-2253
-2151
-2073
-2109
-2246
-2486
-2830
-3195
-3440
-3489
-3212
-2627
-1729
-675
304
1280
1938
2306
2416
2100
1657
1134
591
178
21
82
420
964
1300
1528
1642
1536
1276
862
468
210
48
166
578
1100
1784
2508
3107
3401
3365
3122
2646
1977
1346
796
339
202
309
703
1211
1706
2152
2352
2491
2393
2182
1997
1687
1554
1581
1787
2096
2366
2686
2812
2857
2696
2255
1780
1088
502
10
-415
-515
-354
8
433
1023
1625
2089
2471
2716
2874
2940
2900
2772
2599
2448
2313
2105
1932
1765
1450
1140
749
316
55
-236
-506
-586
-586
-568
-516
-387
-217
-96
-32
-4
-39
-258
-637
-931
-1437
-2305
-3068
-3968
-4999
-5824
-6601
-7168
-7529
-7533
-7226
-6735
-5909
-4981
-3982
-3133
-2454
-1862
-1487
-1295
-1314
-1411
-1435
-1460
-1538
-1605
-1576
-1628
-1866
-2186
-2647
-3157
-3719
-4227
-4468
-4479
-4190
-3499
-2516
-1353
-65
1187
2189
2734
3016
2972
2571
2151
1627
1119
698
454
468
570
809
1000
1031
1116
1030
828
750
692
788
1060
1437
2003
2603
3172
3670
3859
3822
3554
3022
2347
1655
1059
581
280
297
632
1030
1498
2047
2543
2878
3107
3175
3115
3048
2881
2808
2799
2778
2869
2836
2670
2604
2324
1875
1466
980
553
155
-95
-171
-93
174
472
900
1355
1725
2012
2200
2522
2849
2894
2886
2904
2811
2685
2396
1954
1447
869
365
-196
-801
-1178
-1259
-1231
-1150
-889
-596
-338
-166
-33
24
-140
-307
-416
-597
-817
-1049
-1307
-1584
-2031
-2727
-3522
-4611
-5882
-7076
-8116
-8676
-8843
-8591
-7890
-6793
-5354
-3903
-2583
-1492
-781
-515
-532
-805
-1286
-1740
-2110
-2295
-2286
-2177
-2026
-1971
-2122
-2472
-3130
-3895
-4504
-5036
-5271
-5065
-4494
-3393
-1815
-91
1588
2933
3857
4348
4242
3623
2742
1765
813
49
-447
-553
-209
452
1122
1659
2049
2200
2223
2113
1885
1752
1739
1946
2298
2776
3374
3875
4215
4246
4012
3513
2797
1977
1134
454
-38
-152
175
753
1472
2274
3169
3939
4381
4703
4683
4355
4032
3583
3089
2685
2387
2152
2036
1995
1968
1983
1800
1462
1175
798
359
6
-314
-409
-254
-144
162
672
1218
1869
2293
2632
2898
2900
2727
2311
1805
1340
862
363
-46
-337
-468
-505
-515
-536
-545
-466
-542
-738
-879
-1014
-1071
-1027
-986
-805
-529
-367
-221
-220
-552
-1076
-1713
-2588
-3771
-5070
-6270
-7350
-8190
-8613
-8561
-8136
-7459
-6483
-5431
-4429
-3278
-2357
-1856
-1510
-1392
-1407
-1471
-1591
-1743
-1976
-2061
-2148
-2406
-2643
-2979
-3397
-3864
-4388
-4844
-5144
-5083
-4630
-3893
-3035
-1886
-441
950
2238
3203
3806
4066
3862
3353
2668
1955
1270
568
78
-138
-44
320
764
1209
1613
2105
2440
2563
2672
2675
2688
2852
3118
3376
3756
4124
4320
4480
4381
4015
3495
2832
2069
1315
749
460
456
695
1319
2124
2821
3483
4096
4494
4599
4428
4059
3554
2979
2444
2042
1856
1724
1617
1612
1647
1664
1578
1340
968
518
46
-375
-604
-476
-262
28
595
1172
1830
2402
2789
3043
3045
2896
2470
1913
1353
705
116
-262
-520
-759
-895
-964
-980
-892
-860
-909
-924
-981
-1033
-974
-965
-927
-770
-680
-490
-411
-532
-667
-1205
-1996
-2892
-3898
-4931
-6144
-7232
-8181
-8968
-9101
-8737
-8131
-7233
-6247
-5208
-4109
-3124
-2309
-1823
-1654
-1618
-1757
-2024
-2222
-2343
-2389
-2391
-2396
-2408
-2540
-2684
-3034
-3620
-4116
-4548
-4737
-4564
-4107
-3303
-2164
-790
764
2277
3534
4401
4803
4756
4142
3283
2368
1410
704
84
-184
89
500
1131
1818
2306
2714
2966
3008
2910
2773
2686
2795
3124
3477
3966
4483
4872
5119
4970
4482
3782
2882
1934
1044
356
-2
77
631
1418
2387
3438
4335
5005
5346
5235
4848
4305
3553
2913
2276
1789
1706
1662
1717
1794
1783
1728
1534
1143
624
87
-408
-729
-893
-826
-521
-61
432
830
1328
1704
1826
1867
1620
1307
1053
690
468
217
-105
-219
-345
-550
-703
-910
-1231
-1451
-1518
-1595
-1617
-1430
-1215
-1056
-898
-760
-582
-516
-488
-395
-416
-590
-797
-1085
-1627
-2309
-3132
-4132
-5202
-6339
-7423
-8272
-8819
-8977
-8699
-7953
-7019
-5979
-4754
-3510
-2448
-1835
-1566
-1449
-1459
-1670
-1869
-2016
-2181
-2187
-2205
-2178
-2231
-2491
-2830
-3277
-3882
-4514
-4858
-4863
-4343
-3472
-2355
-732
972
2550
4012
4954
5411
5362
4709
3829
2792
1793
1065
519
307
618
1234
1936
2588
3044
3243
3136
2994
2820
2612
2568
2628
2916
3485
4210
4775
4997
5088
4826
4016
3093
2023
909
137
-385
-504
-71
783
1964
3237
4307
5104
5518
5490
5136
4499
3718
3017
2348
1843
1692
1622
1702
1917
1881
1756
1540
1144
700
209
-163
-459
-571
-303
184
665
1095
1454
1606
1704
1690
1365
983
657
391
328
276
241
256
164
48
-154
-557
-938
-1274
-1659
-1842
-1899
-1878
-1641
-1330
-1025
-768
-733
-820
-847
-1068
-1355
-1468
-1577
-1670
-1634
-1636
-1886
-2340
-2995
-3919
-5046
-6396
-7774
-8874
-9533
-9628
-9321
-8582
-7422
-6075
-4597
-3256
-2192
-1514
-1250
-1210
-1380
-1547
-1688
-1776
-1699
-1564
-1297
-1166
-1256
-1394
-1877
-2768
-3730
-4537
-5114
-5279
-4909
-4071
-2715
-958
906
2753
4299
5361
5789
5502
4869
3979
3007
2114
1307
888
895
1267
1903
2515
3002
3307
3311
3075
2840
2557
2300
2348
2625
3152
3782
4477
5180
5583
5557
5023
4196
3185
2074
971
103
-256
-153
478
1474
2512
3642
4711
5379
5645
5480
5049
4512
3661
2830
2239
1778
1594
1546
1508
1483
1307
1001
654
224
-306
-834
-1189
-1284
-1125
-724
-266
146
588
940
1095
1042
985
803
499
353
209
228
306
276
276
206
-7
-360
-750
-1056
-1356
-1645
-1767
-1773
-1635
-1382
-1126
-926
-789
-634
-648
-800
-872
-936
-983
-951
-872
-774
-886
-1237
-1825
-2770
-3925
-5187
-6570
-7918
-8890
-9435
-9490
-8978
-8090
-7012
-5787
-4417
-3261
-2463
-1975
-1750
-1682
-1835
-1996
-2042
-1998
-1882
-1752
-1611
-1641
-1786
-2042
-2703
-3494
-4279
-4954
-5209
-5095
-4473
-3321
-1790
-8
1785
3445
4807
5533
5734
5441
4634
3738
2824
2011
1380
1014
1073
1394
1903
2395
2745
3030
3124
3045
2894
2700
2613
2815
3275
3770
4259
4897
5457
5607
5327
4704
3886
2880
1765
773
93
-228
-80
457
1386
2631
3658
4577
5300
5539
5570
5252
4583
3866
3076
2334
1749
1349
1157
1003
887
810
711
479
121
-150
-335
-508
-569
-450
-275
24
463
820
1107
1306
1400
1334
1195
1053
799
580
365
182
60
-158
-272
-408
-613
-672
-901
-1187
-1296
-1394
-1487
-1492
-1408
-1330
-1253
-1165
-1129
-1118
-1175
-1145
-990
-1029
-992
-921
-1134
-1397
-1894
-2657
-3595
-4743
-5941
-7246
-8456
-9326
-9769
-9649
-9140
-8387
-7396
-6116
-4767
-3614
-2696
-2144
-1775
-1627
-1639
-1591
-1582
-1549
-1393
-1232
-1200
-1160
-1361
-1803
-2396
-3271
-4087
-4705
-4917
-4723
-4128
-2980
-1465
280
2111
3717
4973
5891
6159
5836
5061
4086
3186
2199
1428
1114
1059
1229
1783
2354
2718
3020
3043
2944
2777
2527
2447
2594
3003
3579
4144
4714
5219
5498
5414
4886
4062
3130
2106
1026
199
-182
-184
281
1216
2345
3549
4622
5387
5852
6053
5895
5314
4604
3709
2772
2102
1590
1252
1012
927
944
784
600
408
105
-226
-568
-797
-989
-1021
-809
-605
-231
221
520
812
957
889
778
528
285
-7
-308
-421
-635
-664
-639
-774
-714
-729
-872
-1016
-1195
-1351
-1459
-1627
-1755
-1790
-1850
-1763
-1648
-1599
-1431
-1183
-997
-752
-637
-801
-1006
-1526
-2302
-3192
-4299
-5375
-6636
-7843
-8715
-9249
-9220
-8929
-8287
-7403
-6368
-5225
-4245
-3303
-2667
-2316
-1972
-1798
-1675
-1403
-1164
-956
-791
-741
-800
-1060
-1490
-2161
-2963
-3729
-4343
-4599
-4501
-3983
-3016
-1626
50
1717
3288
4604
5492
5862
5748
5242
4445
3689
3031
2447
2076
1932
2170
2650
3028
3272
3409
3489
3400
3108
2892
2826
2876
3115
3485
3938
4513
4986
5238
5201
4770
4051
3075
2053
1127
364
-28
-62
348
1195
2246
3410
4497
5292
5732
5702
5336
4786
3961
2944
1971
1213
652
368
254
240
281
109
-87
-216
-478
-773
-965
-1132
-1248
-1210
-976
-588
-132
346
587
697
756
662
535
292
-29
-332
-568
-608
-514
-474
-356
-258
-334
-378
-469
-673
-920
-1158
-1431
-1641
-1774
-1880
-1781
-1588
-1465
-1418
-1282
-989
-758
-598
-450
-581
-1050
-1686
-2485
-3451
-4497
-5642
-6827
-7923
-8867
-9349
-9412
-9078
-8373
-7635
-6691
-5536
-4389
-3282
-2355
-1805
-1537
-1248
-923
-655
-419
-165
-71
-273
-535
-830
-1244
-1781
-2654
-3489
-4123
-4519
-4353
-3839
-2891
-1653
-212
1526
3169
4538
5615
6255
6270
5814
5110
4344
3715
3090
2575
2251
2088
2375
2793
3094
3305
3202
3012
2817
2623
2478
2454
2697
2955
3358
3917
4424
4882
5047
4733
3966
3119
2249
1323
616
121
-43
248
916
1893
3021
4088
4899
5308
5286
5011
4481
3665
2709
1781
987
392
92
30
36
-21
-32
-77
-300
-546
-787
-951
-999
-1096
-1078
-758
-344
131
618
842
801
702
548
266
-40
-305
-489
-604
-647
-548
-340
-117
-35
-53
-193
-420
-669
-991
-1251
-1488
-1660
-1769
-1753
-1621
-1511
-1308
-1196
-1180
-1080
-952
-874
-847
-936
-1271
-1759
-2364
-3068
-3975
-5058
-6266
-7523
-8397
-8988
-9249
-9043
-8534
-7632
-6655
-5547
-4219
-3071
-2151
-1544
-1105
-829
-640
-296
-73
-7
-7
-105
-233
-465
-904
-1464
-2221
-3145
-3882
-4372
-4463
-4047
-3286
-2234
-930
753
2501
3998
5267
5981
6161
5953
5362
4746
4112
3405
2865
2527
2496
2681
2980
3259
3304
3217
3008
2717
2505
2443
2434
2492
2764
3210
3774
4373
4872
5035
4717
4051
3254
2400
1529
757
167
-20
209
785
1665
2709
3693
4352
4688
4802
4542
3986
3325
2390
1422
628
97
-114
-170
-174
-200
-174
-268
-473
-595
-817
-1103
-1311
-1452
-1468
-1309
-937
-525
-130
148
197
343
426
414
503
363
208
153
34
168
280
226
154
-109
-378
-604
-800
-988
-1286
-1554
-1735
-1845
-1819
-1552
-1250
-1145
-1082
-917
-615
-234
14
80
-52
-530
-1176
-1902
-2807
-3908
-5225
-6628
-7896
-8885
-9454
-9420
-9002
-8437
-7631
-6528
-5237
-3930
-2816
-2124
-1670
-1344
-1148
-845
-503
-209
-15
-16
-122
-354
-690
-1143
-1892
-2852
-3818
-4627
-4997
-4773
-4076
-3063
-1714
-6
1762
3524
5147
6197
6629
6465
5965
5407
4780
4197
3589
2966
2620
2546
2750
3074
3163
3006
2650
2279
2091
1976
1990
2169
2465
2905
3430
4152
4824
5214
5108
4511
3725
2700
1808
976
229
-196
-375
-77
682
1802
2913
3783
4385
4633
4680
4548
4151
3533
2751
1875
1251
929
769
748
604
304
-10
-314
-597
-885
-1196
-1544
-1854
-2013
-1882
-1489
-1058
-611
-147
183
283
397
573
702
611
330
135
-23
-52
-31
-21
-182
-548
-783
-921
-1054
-1215
-1368
-1588
-1848
-1887
-1757
-1584
-1469
-1365
-1186
-1024
-720
-303
-8
155
10
-446
-1042
-1815
-2684
-3671
-4935
-6295
-7507
-8421
-8849
-8742
-8327
-7849
-7185
-6287
-5189
-3973
-3024
-2410
-2033
-1770
-1574
-1371
-958
-523
-217
-134
-196
-200
-323
-748
-1503
-2515
-3521
-4331
-4756
-4587
-4026
-3191
-2044
-631
1136
2913
4349
5457
6039
6017
5706
5301
4875
4464
3923
3307
2925
2899
3085
3191
3085
2911
2611
2183
1880
1875
2047
2222
2502
2992
3686
4482
5151
5524
5480
4918
4181
3370
2535
1770
867
245
1
80
576
1270
2035
2650
3079
3297
3462
3554
3387
3076
2614
2145
1795
1600
1525
1387
1083
681
232
-194
-488
-729
-1050
-1438
-1724
-1829
-1666
-1334
-966
-579
-355
-161
88
428
741
785
783
716
529
422
346
215
-53
-531
-1056
-1353
-1447
-1484
-1481
-1547
-1577
-1522
-1472
-1335
-1156
-1103
-1219
-1335
-1327
-1097
-733
-412
-180
-277
-641
-1143
-1859
-2814
-4058
-5380
-6871
-8363
-9272
-9619
-9427
-8874
-8195
-7216
-5984
-4581
-3235
-2261
-1735
-1633
-1662
-1543
-1170
-813
-489
-150
-18
103
191
62
-401
-1307
-2527
-3800
-4848
-5260
-5150
-4712
-3676
-2403
-816
1221
3282
5110
6215
6575
6412
6049
5681
5310
4865
4100
3432
2939
2771
3030
3100
2924
2454
1812
1365
1210
1342
1534
1840
2232
2704
3540
4549
5351
5763
5573
4790
3891
3093
2437
1774
868
113
-182
31
697
1606
2419
2937
3269
3422
3583
3904
3932
3574
3044
2415
2038
1881
1811
1666
1305
736
65
-303
-500
-700
-945
-1401
-1854
-1938
-1646
-1147
-593
-226
-95
52
391
805
1138
1191
922
500
63
-194
-250
-334
-629
-1048
-1375
-1577
-1536
-1333
-1207
-1274
-1585
-1747
-1661
-1541
-1400
-1301
-1317
-1400
-1244
-753
-64
462
579
313
-389
-1326
-2282
-3322
-4646
-6296
-7904
-9187
-9886
-9698
-9005
-8224
-7398
-6457
-5304
-3954
-2721
-1967
-1671
-1737
-1793
-1479
-920
-298
203
439
472
453
326
-31
-747
-1897
-3366
-4745
-5562
-5778
-5343
-4590
-3636
-2252
-618
1348
3362
4886
5714
5809
5453
5029
4725
4494
4129
3525
2880
2642
2870
3199
3340
3119
2540
2019
1772
1773
2091
2379
2669
3009
3467
4296
5177
5923
6088
5433
4455
3586
2885
2227
1540
712
134
87
477
1285
2284
3011
3225
3258
3378
3564
3674
3523
2940
2266
1783
1507
1594
1629
1490
1057
367
-111
-371
-515
-918
-1430
-1883
-2267
-2155
-1618
-948
-384
-40
177
461
949
1497
1842
1708
1193
724
458
400
306
112
-271
-884
-1242
-1214
-1039
-946
-1061
-1432
-1835
-2031
-1852
-1458
-1313
-1299
-1302
-1254
-762
77
751
1002
812
218
-686
-1661
-2714
-4009
-5789
-7824
-9459
-10371
-10281
-9686
-8956
-8088
-7250
-6078
-4594
-3250
-2377
-2088
-2168
-2310
-2242
-1800
-1135
-566
-236
-97
50
294
396
-94
-1245
-2777
-4320
-5437
-5782
-5481
-4971
-4102
-2807
-1150
925
3068
4884
5957
6186
5814
5322
4982
4586
4135
3483
2844
2576
2625
3040
3412
3257
2711
2044
1509
1311
1385
1660
1907
2143
2645
3437
4546
5520
5847
5487
4636
3743
2891
2178
1532
672
-46
-302
-14
802
1766
2500
2914
3080
3130
3327
3572
3557
3351
2819
2308
2232
2441
2813
2815
2398
1775
1087
584
191
-272
-893
-1555
-2100
-2211
-1859
-1214
-501
-133
-78
61
453
1079
1562
1543
1306
902
621
737
845
821
478
-73
-592
-916
-953
-1017
-1140
-1558
-2052
-2170
-2048
-1671
-1275
-1169
-1409
-1570
-1168
-514
84
527
441
-61
-601
-1317
-2134
-3064
-4493
-6332
-8182
-9526
-10040
-9849
-9300
-8706
-7981
-6834
-5302
-3749
-2375
-1630
-1645
-1770
-1842
-1703
-1331
-1016
-760
-732
-648
-359
-115
-193
-984
-2289
-3653
-4896
-5674
-5804
-5554
-4842
-3763
-2349
-308
2010
4059
5550
6332
6278
5853
5369
4808
4220
3349
2457
1961
1862
2115
2512
2567
2273
1864
1453
1254
1234
1380
1654
1992
2498
3372
4559
5621
6247
6238
5649
4780
3820
2959
1994
964
75
-535
-385
235
1084
1995
2578
2985
3262
3534
3777
3821
3646
3251
2876
2701
2769
2966
2986
2653
2009
1296
666
161
-397
-1107
-1793
-2305
-2494
-2234
-1605
-930
-280
160
462
1009
1562
1976
2247
2099
1664
1358
1221
1195
1142
857
340
-321
-799
-907
-913
-1089
-1516
-1933
-2147
-2073
-1683
-1268
-1076
-1073
-1095
-907
-304
355
739
734
270
-421
-1148
-1865
-2766
-4090
-5796
-7496
-8837
-9641
-9737
-9355
-8956
-8442
-7579
-6367
-4834
-3421
-2439
-2050
-2124
-2118
-1865
-1418
-1046
-894
-953
-1063
-1025
-860
-765
-1213
-2231
-3579
-4776
-5447
-5718
-5392
-4769
-4057
-2818
-1120
948
3092
4701
5543
5781
5579
5111
4750
4286
3551
2748
2042
1699
1852
2316
2620
2578
2206
1737
1515
1475
1587
1799
1955
2269
2904
3889
5065
5940
6236
5971
5276
4391
3467
2519
1538
463
-397
-721
-390
502
1547
2487
3185
3575
3896
4250
4440
4331
3797
3213
2723
2415
2513
2538
2418
2116
1511
1005
581
58
-492
-1062
-1713
-2157
-2141
-1808
-1183
-518
4
492
938
1376
1754
2016
2078
1794
1403
1054
838
699
447
96
-324
-635
-869
-1008
-1021
-1121
-1327
-1560
-1686
-1605
-1394
-1148
-924
-823
-816
-687
-337
-3
159
106
-317
-965
-1739
-2679
-3682
-4930
-6411
-7744
-8875
-9486
-9406
-9062
-8500
-7692
-6773
-5568
-4212
-3095
-2422
-2106
-1964
-1951
-1773
-1584
-1439
-1225
-1124
-972
-911
-969
-1181
-1789
-2704
-3843
-4848
-5521
-5745
-5394
-4614
-3452
-1954
-88
1860
3736
5336
6082
6092
5601
4856
4135
3475
2754
1934
1417
1339
1733
2295
2617
2727
2505
2152
1865
1708
1805
1988
2208
2598
3346
4326
5393
6238
6373
5939
5028
3989
3083
1999
927
-40
-717
-762
-186
821
1819
2774
3426
3749
4050
4216
4285
4111
3747
3204
2765
2754
2844
3065
3036
2372
1629
1023
374
-241
-895
-1647
-2282
-2618
-2503
-1869
-1059
-447
97
541
885
1459
2041
2296
2224
1843
1415
1185
1033
796
422
-140
-826
-1370
-1677
-1810
-1763
-1819
-2087
-2175
-1991
-1649
-1119
-690
-619
-786
-819
-502
-62
333
470
218
-297
-997
-1744
-2626
-3752
-5076
-6713
-8283
-9264
-9556
-9169
-8566
-8018
-7193
-6091
-4814
-3410
-2324
-1859
-1794
-1900
-2031
-1903
-1584
-1265
-1064
-1112
-1123
-1033
-946
-1093
-1784
-2865
-4049
-4970
-5447
-5418
-4863
-4034
-2973
-1528
278
2217
3868
5021
5521
5323
4863
4349
3848
3273
2552
1911
1585
1715
2125
2623
2841
2716
2509
2272
2171
2148
2201
2331
2439
2909
3714
4558
5400
5994
6078
5644
4945
4098
3173
2182
1128
248
-382
-418
144
940
1822
2487
3118
3667
3959
4191
4251
4072
3618
3174
2950
2777
2729
2575
2268
1891
1274
753
327
-180
-708
-1306
-1750
-2026
-1910
-1408
-962
-445
-75
189
710
1147
1529
1746
1561
1405
1267
1056
881
553
41
-564
-1132
-1551
-1777
-1918
-1934
-1832
-1826
-1662
-1356
-1063
-797
-683
-675
-847
-1046
-1027
-837
-610
-433
-497
-894
-1343
-1850
-2618
-3735
-5138
-6722
-8323
-9379
-9761
-9746
-9305
-8672
-7821
-6658
-5269
-3749
-2643
-2107
-1880
-1809
-1846
-1706
-1446
-1351
-1234
-1207
-1124
-896
-788
-851
-1383
-2374
-3429
-4297
-4640
-4554
-4206
-3497
-2474
-1123
542
2417
4076
5206
5708
5575
5073
4585
4204
3573
2760
2037
1656
1778
2123
2522
2764
2698
2523
2462
2477
2511
2705
2846
2951
3253
3746
4471
5245
5658
5498
4981
4279
3501
2651
1780
895
23
-509
-436
117
797
1633
2453
3126
3735
4196
4553
4658
4432
3910
3372
2984
2690
2538
2185
1708
1258
839
586
281
-129
-597
-1111
-1468
-1504
-1335
-1033
-838
-718
-435
-100
357
708
836
938
1032
1000
886
802
539
133
-306
-760
-1090
-1371
-1641
-1773
-1860
-1915
-1776
-1438
-1124
-851
-592
-546
-603
-578
-582
-628
-618
-616
-646
-689
-718
-824
-1218
-1969
-2956
-4094
-5327
-6550
-7676
-8564
-9196
-9335
-8849
-8017
-6974
-5755
-4613
-3556
-2600
-1936
-1427
-1308
-1474
-1528
-1575
-1492
-1338
-1261
-1174
-1150
-1211
-1372
-1825
-2536
-3337
-4018
-4484
-4609
-4262
-3556
-2424
-1000
645
2297
3628
4765
5403
5457
5139
4512
3837
3161
2503
2030
1820
1920
2251
2545
2758
3004
3142
3213
3294
3230
3212
3298
3459
3926
4466
4890
5327
5533
5320
4884
4223
3331
2382
1472
603
-129
-451
-345
89
769
1575
2391
3103
3676
4125
4369
4340
4102
3719
3237
2715
2301
1902
1339
824
410
37
-265
-622
-1012
-1325
-1501
-1496
-1321
-1091
-874
-656
-395
-63
295
589
739
781
754
838
973
972
819
499
170
-110
-392
-676
-992
-1314
-1575
-1687
-1583
-1440
-1259
-993
-863
-765
-540
-340
-239
-251
-460
-803
-977
-1004
-965
-806
-903
-1360
-2101
-2972
-3705
-4540
-5538
-6699
-8081
-9150
-9431
-9126
-8485
-7600
-6695
-5792
-4656
-3261
-2110
-1443
-1136
-1203
-1366
-1352
-1186
-1015
-873
-993
-1321
-1464
-1478
-1539
-1897
-2610
-3490
-4143
-4225
-3824
-3036
-2039
-981
305
1767
3289
4675
5487
5644
5240
4463
3703
3175
2723
2199
1739
1477
1622
2193
2731
3144
3403
3216
2945
2878
2989
3193
3343
3414
3475
3851
4402
4839
4936
4479
3698
2739
1924
1340
729
264
25
77
623
1535
2507
3400
4057
4380
4512
4525
4346
4065
3602
2917
2306
1746
1386
1170
751
287
-121
-460
-658
-737
-751
-887
-996
-868
-599
-204
125
293
272
222
274
271
232
92
-28
-141
-202
-79
34
14
-250
-586
-811
-971
-1087
-1259
-1415
-1547
-1588
-1406
-1126
-882
-877
-985
-1029
-949
-848
-915
-984
-1022
-1024
-883
-648
-419
-338
-590
-1231
-2227
-3224
-4201
-5365
-6632
-7991
-8996
-9240
-8899
-8167
-7280
-6312
-5227
-4146
-2871
-1715
-1054
-786
-845
-989
-1028
-965
-855
-860
-1212
-1581
-1753
-1871
-2039
-2445
-3180
-3914
-4247
-4114
-3568
-2677
-1581
-405
887
2263
3756
5026
5687
5706
5192
4500
3803
3224
2785
2203
1612
1491
1819
2366
2916
3236
3361
3406
3410
3434
3514
3541
3548
3608
3715
3954
4335
4615
4565
4164
3411
2620
2037
1444
982
567
302
489
959
1831
2710
3356
3901
4173
4267
4168
3889
3397
2548
1710
1150
752
619
520
241
3
-146
-163
-144
-311
-579
-907
-1103
-1109
-1026
-780
-738
-764
-750
-805
-575
-328
-197
-172
-321
-336
-226
111
458
515
342
59
-41
-66
-54
-160
-628
-1181
-1513
-1596
-1560
-1459
-1516
-1780
-1951
-1912
-1607
-1246
-1077
-922
-892
-826
-387
136
527
438
-352
-1389
-2385
-3301
-4333
-5676
-7256
-8809
-9715
-9883
-9304
-8282
-7350
-6353
-5109
-3527
-1972
-673
88
124
-127
-425
-523
-491
-584
-852
-1258
-1641
-1883
-1984
-2008
-2405
-3186
-3835
-4197
-3857
-2996
-1974
-730
481
1803
3323
4780
6042
6671
6327
5373
4291
3426
2777
2239
1733
1322
1308
1823
2759
3607
4108
4109
3707
3420
3180
2997
2993
2840
2644
2662
3051
3745
4160
4142
3694
2917
2211
1633
1077
562
140
74
520
1306
2390
3507
4358
4788
4879
4755
4409
3874
2955
1855
761
-89
-463
-590
-579
-566
-619
-578
-362
-157
-17
-147
-529
-800
-942
-829
-616
-585
-611
-691
-803
-791
-643
-623
-726
-768
-684
-316
122
485
823
786
458
220
-11
-364
-972
-1697
-2319
-2604
-2512
-2255
-1807
-1435
-1152
-844
-522
-117
118
129
-61
-209
-111
94
489
781
649
58
-783
-1643
-2808
-4268
-5990
-7814
-9342
-10400
-10536
-9765
-8511
-7025
-5505
-3871
-2048
-374
676
1025
835
250
-392
-827
-1019
-1201
-1612
-2106
-2451
-2427
-2333
-2534
-2872
-3528
-4131
-3975
-3382
-2442
-1179
36
1345
2706
4108
5369
6026
6016
5383
4411
3444
2677
2100
1635
1386
1253
1410
2006
2720
3409
3672
3564
3447
3140
3038
3150
3198
3222
3146
3223
3472
3795
3935
3720
3221
2546
2026
1629
1361
1289
1277
1411
1823
2468
3137
3708
4041
4033
3849
3581
3083
2444
1706
920
216
-412
-757
-886
-1085
-1298
-1275
-1028
-684
-427
-286
-184
-95
52
58
-81
-286
-696
-1126
-1310
-1453
-1543
-1529
-1492
-1291
-926
-355
311
773
986
974
747
408
14
-553
-1175
-1679
-2079
-2349
-2307
-1914
-1438
-1004
-738
-492
-101
236
504
560
293
-6
-214
-173
106
266
127
-299
-887
-1530
-2276
-3310
-4529
-5967
-7613
-8794
-9340
-9272
-8479
-7407
-6136
-4752
-3210
-1349
224
1247
1612
1374
837
188
-299
-771
-1361
-1955
-2381
-2611
-2615
-2376
-2254
-2269
-2456
-2766
-2731
-2305
-1524
-613
171
1191
2330
3451
4457
4940
5016
4596
3678
2644
1785
1167
714
471
348
495
1122
1925
2712
3270
3306
3101
2933
2825
2701
2589
2469
2315
2368
2568
2887
3042
2855
2452
1815
1207
811
626
446
370
632
1183
1975
2756
3462
4101
4465
4572
4427
3904
3223
2537
1803
1015
286
-227
-636
-927
-978
-764
-546
-453
-145
192
314
398
407
346
168
-161
-478
-789
-1126
-1336
-1276
-1140
-983
-677
-265
231
669
946
1076
1040
776
372
-55
-537
-1019
-1363
-1694
-1968
-1932
-1705
-1373
-1082
-814
-533
-239
129
397
601
726
634
415
294
363
361
164
-166
-898
-1777
-2553
-3453
-4456
-5679
-6968
-8059
-8815
-9007
-8520
-7590
-6529
-5242
-3758
-2011
-367
763
1348
1320
952
304
-352
-867
-1514
-2160
-2737
-3139
-3118
-2912
-2656
-2385
-2303
-2274
-2115
-1643
-844
-9
852
1749
2601
3571
4520
5127
5286
4847
3962
2974
2038
1330
882
521
327
405
746
1485
2395
3116
3504
3509
3397
3263
3089
2972
2738
2418
2171
2056
2128
2284
2338
2122
1734
1251
791
549
446
452
637
917
1352
1985
2639
3349
3906
4044
3898
3538
2981
2398
1744
848
-71
-903
-1480
-1651
-1569
-1160
-749
-421
77
515
872
1040
988
788
363
-142
-668
-1053
-1251
-1289
-1219
-1091
-852
-555
-180
178
561
901
985
913
828
718
563
337
16
-422
-845
-1113
-1279
-1355
-1395
-1268
-1079
-826
-414
105
597
767
865
814
614
392
87
12
-233
-697
-1155
-1677
-2101
-2692
-3433
-4302
-5448
-6586
-7546
-8078
-8025
-7576
-6763
-5690
-4394
-2916
-1346
24
778
944
657
48
-677
-1247
-1738
-2238
-2667
-2991
-2986
-2701
-2360
-1991
-1755
-1764
-1779
-1579
-1003
-131
680
1384
2059
2800
3583
4177
4354
4032
3329
2362
1441
756
334
273
335
458
995
1857
2736
3528
3997
4010
3789
3512
3304
3005
2558
2211
1836
1580
1621
1708
1798
1621
1294
998
582
409
408
436
571
796
1249
1887
2571
3185
3674
3887
3834
3676
3254
2628
1799
837
-34
-886
-1469
-1732
-1745
-1445
-1056
-511
141
638
1027
1139
920
646
251
-287
-793
-1320
-1661
-1688
-1584
-1243
-820
-389
151
595
931
1111
1236
1238
1002
718
439
256
90
-152
-487
-782
-993
-1167
-1201
-1101
-932
-792
-531
-136
319
815
1135
1241
1105
765
540
469
160
-375
-965
-1633
-2291
-2897
-3496
-4249
-5173
-6272
-7245
-7756
-7859
-7453
-6692
-5851
-4866
-3586
-2029
-649
306
737
608
246
-261
-815
-1370
-1896
-2413
-2892
-3015
-2844
-2441
-1903
-1585
-1478
-1351
-1079
-477
265
912
1443
1791
2319
3050
3602
3893
3874
3395
2555
1786
1297
955
726
621
620
867
1568
2571
3390
3745
3707
3562
3395
3162
2946
2577
1991
1462
1138
1051
1238
1436
1364
1086
756
585
596
667
735
744
812
1052
1523
2225
2902
3320
3518
3572
3433
3066
2570
1823
855
-187
-1115
-1532
-1599
-1442
-1154
-852
-316
388
956
1299
1355
1099
715
259
-168
-572
-1023
-1410
-1553
-1345
-980
-476
43
454
815
1149
1570
1704
1526
1250
803
390
3
-283
-431
-694
-954
-1180
-1207
-947
-761
-639
-548
-465
-322
-19
374
597
734
678
561
582
476
223
-293
-1079
-1850
-2720
-3589
-4292
-5079
-5970
-6861
-7526
-7721
-7415
-6773
-5930
-4919
-3950
-2838
-1599
-594
116
297
52
-407
-864
-1197
-1583
-2016
-2576
-3059
-3203
-3080
-2827
-2438
-1970
-1715
-1385
-735
92
893
1521
2048
2461
3006
3542
3742
3759
3456
2843
2114
1451
994
605
364
237
360
935
1735
2616
3422
3894
3991
3909
3848
3745
3421
2986
2568
2126
1832
1718
1659
1594
1354
1037
704
499
497
489
608
759
985
1467
2073
2737
3305
3665
3746
3646
3428
2945
2171
1160
66
-741
-1257
-1554
-1516
-1284
-974
-617
-173
268
537
514
299
-57
-579
-945
-1203
-1518
-1765
-1869
-1736
-1449
-937
-327
160
611
1002
1405
1688
1716
1486
1053
589
91
-319
-550
-825
-1078
-1205
-1281
-1082
-742
-490
-256
-98
121
430
678
934
1173
1214
1089
946
872
881
647
52
-788
-1747
-2746
-3718
-4653
-5792
-6918
-7857
-8273
-8032
-7392
-6416
-5396
-4243
-2849
-1477
-345
481
839
708
342
-251
-852
-1256
-1812
-2479
-2967
-3297
-3332
-3160
-3023
-2777
-2539
-2244
-1649
-922
-13
796
1444
2178
2849
3476
3889
3845
3407
2872
2132
1247
650
106
-326
-408
-335
62
845
1858
2723
3173
3483
3664
3751
3808
3644
3295
2870
2534
2422
2424
2432
2241
1880
1440
971
679
516
253
63
121
308
884
1733
2598
3395
3970
4383
4528
4409
3998
3316
2420
1296
292
-385
-780
-950
-973
-708
-278
76
516
877
884
520
-34
-468
-772
-1052
-1274
-1396
-1395
-1184
-737
-88
520
833
1052
1253
1425
1563
1526
1282
860
530
228
-102
-232
-455
-749
-977
-1282
-1342
-1242
-1224
-1127
-955
-652
-195
249
606
792
854
820
684
499
222
-186
-912
-1773
-2598
-3459
-4330
-5295
-6308
-7376
-8234
-8602
-8465
-7752
-6734
-5638
-4421
-2988
-1460
-226
595
890
703
292
-305
-797
-1233
-1841
-2318
-2791
-3008
-2893
-2872
-2691
-2511
-2435
-2272
-1755
-861
5
905
1730
2531
3437
4079
4409
4377
3919
3117
2036
979
122
-458
-790
-826
-530
128
1154
2167
3057
3714
4012
4106
4001
3883
3626
3183
2886
2641
2503
2425
2360
2161
1758
1302
794
453
197
6
-66
96
481
1021
1837
2698
3419
3959
4289
4391
4308
3913
3217
2387
1356
335
-497
-1009
-1181
-1131
-923
-639
-144
363
745
1015
836
494
186
-196
-449
-715
-995
-1104
-1076
-869
-465
27
514
916
1267
1564
1758
1849
1653
1214
797
358
-25
-255
-543
-827
-1003
-1052
-1040
-1002
-856
-761
-679
-523
-251
103
468
802
912
913
892
712
306
-271
-983
-1935
-2926
-3932
-5064
-6179
-7299
-8245
-8904
-9097
-8721
-7925
-6791
-5552
-4103
-2578
-1130
65
648
849
642
82
-408
-956
-1633
-2256
-2837
-3181
-3369
-3464
-3303
-3197
-3199
-3121
-2826
-2256
-1517
-631
342
1389
2587
3731
4545
5054
5247
4930
3984
2733
1557
585
-173
-748
-910
-662
90
1340
2520
3448
4195
4578
4674
4520
4101
3718
3374
3027
2786
2653
2642
2689
2568
2183
1578
948
447
-115
-595
-801
-690
-221
461
1406
2434
3290
3948
4355
4464
4209
3580
2669
1700
730
-128
-710
-949
-948
-862
-518
-108
128
357
407
259
127
-124
-237
-222
-323
-309
-297
-330
-167
43
185
423
731
1089
1461
1780
2016
2109
1975
1579
1143
670
155
-314
-741
-1090
-1272
-1210
-1074
-800
-527
-363
-93
34
163
317
383
432
323
245
167
105
-54
-486
-1093
-1960
-3044
-4220
-5486
-6763
-7926
-8896
-9425
-9271
-8585
-7559
-6201
-4665
-3061
-1645
-621
53
350
294
-17
-546
-1211
-1701
-2096
-2502
-2747
-2920
-3016
-3118
-3127
-3002
-2971
-2855
-2532
-2004
-1286
-433
624
1828
3014
4063
4816
5269
5298
4780
3994
2880
1664
674
-198
-618
-631
-260
553
1498
2479
3344
3949
4173
4195
3989
3580
3284
2983
2761
2610
2506
2520
2424
2208
1827
1292
783
243
-286
-596
-602
-219
505
1329
2222
3146
3901
4423
4672
4440
3909
3175
2163
1211
407
-202
-438
-437
-255
86
460
738
845
801
497
122
-99
-334
-536
-545
-385
-187
21
184
273
368
369
401
542
630
792
1044
1140
1132
1123
1011
721
337
-38
-429
-767
-1076
-1223
-1086
-939
-825
-606
-283
-22
174
365
427
408
365
312
277
116
-216
-619
-1089
-1736
-2555
-3602
-4890
-6192
-7386
-8331
-8985
-9187
-8758
-7859
-6667
-5353
-3925
-2492
-1289
-554
-262
-167
-367
-796
-1312
-1789
-2130
-2514
-2890
-3170
-3385
-3409
-3389
-3454
-3394
-3224
-2915
-2349
-1639
-826
156
1243
2450
3613
4503
5109
5318
5101
4486
3508
2366
1352
493
-206
-391
-38
656
1580
2477
3369
4103
4541
4724
4561
4258
3819
3445
3158
2814
2578
2409
2171
1894
1510
1061
816
436
49
-153
-264
-38
443
1160
2054
2913
3727
4300
4504
4408
3852
3068
2157
1033
152
-486
-777
-693
-587
-211
164
329
480
386
181
-126
-462
-610
-661
-544
-263
101
379
562
636
677
769
782
829
906
1009
1212
1357
1383
1381
1333
1197
880
517
201
-140
-431
-771
-977
-976
-849
-595
-430
-160
167
337
532
548
472
489
426
378
232
-106
-599
-1288
-2209
-3317
-4585
-6002
-7307
-8454
-9168
-9208
-8785
-8013
-6955
-5667
-4242
-2873
-1772
-1031
-640
-486
-511
-624
-807
-1100
-1461
-1909
-2264
-2704
-3147
-3385
-3607
-3763
-3864
-3761
-3456
-2977
-2228
-1453
-517
682
1900
2971
3793
4396
4625
4494
3985
3208
2463
1614
893
286
-75
138
466
1020
1685
2256
2912
3397
3668
3770
3636
3303
3020
2814
2565
2208
1904
1807
1737
1586
1439
1287
1010
807
701
623
773
1157
1773
2477
3089
3802
4432
4680
4609
4195
3506
2728
1842
1026
526
230
114
112
296
735
1020
1098
1073
831
557
328
37
-276
-481
-487
-425
-305
-74
206
362
447
582
675
788
950
1128
1261
1335
1256
1137
1072
729
307
-121
-636
-933
-1162
-1270
-1107
-838
-534
-282
-69
150
364
467
389
240
164
160
70
-156
-542
-1034
-1644
-2548
-3701
-4992
-6340
-7558
-8542
-9192
-9327
-8854
-7941
-6873
-5569
-4045
-2585
-1368
-627
-345
-268
-353
-653
-1024
-1503
-2049
-2316
-2622
-3025
-3381
-3735
-3941
-4175
-4316
-4226
-3844
-3162
-2407
-1478
-334
991
2365
3479
4256
4728
5014
4901
4290
3542
2649
1695
956
375
100
217
621
1269
1877
2356
2891
3366
3695
3828
3630
3457
3306
3091
2981
2771
2650
2448
2076
1814
1487
1175
889
541
288
146
337
882
1409
1962
2571
3256
3939
4319
4360
4045
3441
2607
1723
974
374
146
136
201
392
681
1044
1262
1199
862
432
91
-157
-328
-423
-514
-384
-57
264
558
740
950
1130
1277
1469
1672
1821
1788
1527
1303
1320
1201
921
589
126
-189
-402
-543
-635
-814
-840
-835
-661
-247
4
205
318
205
119
52
-18
-193
-624
-1146
-1755
-2382
-3263
-4367
-5563
-6927
-8114
-9052
-9466
-9232
-8617
-7646
-6441
-5186
-3872
-2540
-1479
-947
-797
-856
-991
-1064
-1215
-1469
-1918
-2356
-2711
-3122
-3379
-3640
-3907
-4155
-4331
-4243
-3833
-3110
-2285
-1321
-311
891
2401
3583
4339
4711
4681
4416
3765
2907
2094
1351
672
249
229
529
1092
1753
2294
2673
3069
3473
3791
3946
3888
3697
3497
3356
3152
3000
2793
2344
2063
1855
1517
1232
1014
878
747
774
1157
1686
2328
2954
3450
3926
4313
4473
4258
3692
2870
2029
1302
719
368
377
680
920
1188
1400
1558
1659
1526
1197
718
313
-18
-215
-254
-202
47
351
593
844
1152
1442
1579
1591
1551
1482
1362
1202
1050
845
645
396
142
65
-134
-362
-540
-782
-993
-1126
-1009
-986
-913
-690
-517
-237
-146
-109
-179
-565
-1060
-1621
-2328
-3276
-4291
-5373
-6585
-7745
-8716
-9295
-9358
-9100
-8661
-7864
-6724
-5461
-4120
-2951
-2086
-1507
-1209
-990
-830
-742
-814
-944
-1083
-1485
-1909
-2298
-2869
-3502
-4099
-4592
-4845
-4703
-4229
-3506
-2615
-1553
-173
1234
2581
3772
4524
4929
4982
4650
4088
3440
2693
1936
1273
867
764
830
1111
1490
1836
2226
2604
2943
3218
3429
3658
3801
3919
4044
4087
3976
3559
3059
2527
1899
1409
957
650
458
310
471
819
1273
1787
2433
3050
3489
3937
4130
4109
3837
3286
2675
1983
1464
1169
1066
1026
1088
1200
1187
1198
1011
682
242
-234
-599
-931
-1006
-883
-650
-276
214
770
1296
1751
2096
2421
2580
2525
2324
1957
1632
1269
822
520
281
25
-75
-126
-222
-409
-654
-724
-736
-686
-488
-261
-23
169
311
479
473
142
-447
-1172
-1954
-2768
-3566
-4500
-5617
-6781
-7890
-8722
-9124
-9220
-9009
-8451
-7614
-6439
-5088
-3763
-2775
-2226
-1926
-1783
-1643
-1549
-1637
-1880
-2079
-2258
-2430
-2561
-2770
-3104
-3737
-4344
-4626
-4776
-4602
-4203
-3712
-2917
-1829
-380
1122
2378
3489
4209
4505
4587
4322
3725
2973
2182
1549
1231
1206
1412
1709
1932
2194
2484
2710
3041
3296
3388
3594
3902
4322
4751
4976
4991
4674
4111
3526
2887
2288
1846
1504
1349
1324
1381
1643
1998
2316
2513
2664
2812
3021
3221
3220
3122
2911
2654
2390
2209
2187
2018
1832
1745
1590
1409
1095
660
114
-404
-756
-1074
-1251
-1372
-1402
-1268
-1087
-739
-361
-23
491
1076
1650
2195
2568
2742
2618
2235
1780
1186
559
-38
-630
-957
-1066
-1095
-982
-862
-805
-812
-698
-427
-220
85
239
244
384
443
402
90
-544
-1194
-1901
-2760
-3658
-4694
-5878
-7047
-8057
-8677
-8840
-8576
-7950
-7090
-5991
-4615
-3301
-2291
-1596
-1385
-1428
-1465
-1576
-1724
-1894
-2210
-2545
-2646
-2769
-2967
-3191
-3700
-4235
-4643
-4891
-4825
-4502
-4051
-3515
-2685
-1562
-297
933
2012
2822
3285
3490
3381
3168
2800
2315
1887
1393
1235
1433
1689
1885
1896
1966
2195
2443
2722
2973
3138
3326
3697
4110
4372
4502
4299
3832
3386
2944
2587
2275
1914
1647
1500
1565
1884
2182
2396
2575
2687
2832
3093
3319
3392
3288
3079
2968
2873
2774
2700
2655
2665
2533
2417
2365
2131
1700
1040
377
-162
-685
-1036
-1332
-1472
-1317
-1098
-626
26
549
1086
1678
2249
2725
2931
2807
2548
2122
1516
994
400
-252
-818
-1271
-1440
-1427
-1366
-1355
-1378
-1371
-1274
-1053
-866
-604
-402
-294
-68
123
191
83
-344
-1019
-1820
-2709
-3543
-4531
-5727
-6916
-7933
-8533
-8700
-8457
-7958
-7268
-6269
-5030
-3791
-2666
-1841
-1470
-1348
-1414
-1496
-1573
-1805
-2028
-2310
-2576
-2719
-2808
-2880
-3244
-3796
-4191
-4308
-4095
-3731
-3405
-2996
-2301
-1386
-256
977
1968
2722
3229
3500
3633
3484
3165
2725
2123
1574
1325
1399
1564
1735
1686
1682
2037
2321
2619
2919
3117
3338
3576
3993
4430
4654
4527
4141
3748
3280
2814
2402
1939
1571
1310
1218
1456
1786
2000
2094
2214
2347
2495
2690
2680
2539
2313
2155
2184
2292
2516
2672
2799
2857
2817
2842
2598
2006
1265
387
-309
-862
-1282
-1456
-1605
-1439
-1012
-483
191
687
1125
1654
2061
2399
2682
2734
2552
2196
1699
1258
815
168
-518
-1113
-1519
-1733
-1748
-1636
-1525
-1363
-1092
-668
-252
188
594
747
774
794
808
577
14
-642
-1410
-2285
-3052
-3920
-4971
-6096
-7362
-8258
-8662
-8722
-8327
-7762
-6954
-5882
-4606
-3207
-2140
-1538
-1352
-1402
-1571
-1754
-2033
-2305
-2495
-2739
-2861
-2853
-2795
-2945
-3219
-3693
-4204
-4367
-4282
-3884
-3471
-2985
-2208
-1150
183
1347
2212
2752
2975
3119
3071
2892
2628
2258
1877
1518
1436
1599
1800
1927
1884
1821
1898
2081
2272
2408
2622
2958
3436
4012
4389
4516
4321
3901
3397
2953
2598
2219
1794
1418
1322
1464
1980
2479
2705
2870
2884
2929
2956
3004
3061
2912
2735
2699
2812
3073
3297
3309
3085
2807
2700
2545
2052
1356
648
-3
-570
-1024
-1268
-1354
-1349
-1201
-881
-365
260
855
1351
1716
2117
2486
2635
2605
2356
1908
1360
697
56
-498
-1100
-1523
-1797
-1883
-1642
-1359
-1030
-749
-548
-316
-79
140
241
309
351
375
374
129
-289
-860
-1554
-2337
-3320
-4360
-5400
-6528
-7598
-8377
-8799
-8798
-8386
-7833
-7089
-6029
-4823
-3632
-2708
-2139
-1745
-1556
-1607
-1633
-1729
-1971
-2200
-2434
-2624
-2865
-3100
-3311
-3585
-3880
-4157
-4191
-4000
-3608
-3047
-2428
-1576
-560
376
1263
2046
2650
3103
3353
3442
3356
3100
2766
2271
1777
1430
1239
1205
1152
1236
1567
1986
2494
2910
3311
3745
3981
4262
4439
4396
4341
4039
3568
3097
2729
2457
2199
2060
1919
1837
1897
2035
2123
2133
2111
2056
2183
2488
2843
3086
3245
3349
3434
3515
3388
3258
3020
2696
2477
2229
2050
1835
1506
1046
518
9
-476
-783
-1084
-1311
-1238
-892
-309
291
943
1530
1967
2412
2692
2891
2837
2494
2166
1676
1163
654
136
-340
-868
-1201
-1314
-1377
-1389
-1374
-1460
-1496
-1395
-1207
-863
-622
-503
-350
-177
-59
-41
-163
-647
-1260
-1955
-2805
-3570
-4416
-5363
-6383
-7326
-7984
-8418
-8475
-8227
-7740
-7024
-6137
-5031
-3886
-2865
-2202
-1904
-1752
-1640
-1631
-1850
-2133
-2364
-2603
-2846
-3041
-3193
-3286
-3508
-3710
-3716
-3698
-3418
-2943
-2501
-2008
-1370
-508
519
1439
2070
2597
3035
3168
3080
2870
2407
1808
1268
774
586
624
752
1200
1730
2239
2903
3488
3889
4167
4242
4173
4102
3969
3637
3297
3020
2876
2804
2685
2662
2633
2550
2412
2338
2290
2294
2377
2323
2395
2549
2817
3236
3567
3858
3894
3878
3875
3588
3267
2982
2602
2286
2080
1890
1794
1581
1268
945
548
163
-278
-660
-884
-940
-868
-695
-369
37
403
741
1100
1340
1576
1656
1445
1286
1072
844
643
260
-209
-516
-730
-932
-986
-1130
-1343
-1383
-1396
-1268
-1060
-910
-772
-607
-352
-200
-62
50
24
-172
-598
-1129
-1771
-2404
-3138
-4014
-4865
-5730
-6432
-6988
-7534
-7867
-7882
-7612
-7073
-6306
-5389
-4475
-3577
-2820
-2221
-1738
-1493
-1415
-1530
-1750
-1972
-2244
-2523
-2718
-2968
-3332
-3478
-3500
-3549
-3470
-3367
-3113
-2648
-2139
-1453
-662
167
954
1631
2236
2719
2969
2946
2808
2363
1849
1516
1173
1041
1094
1248
1667
2259
2906
3504
3851
4079
4226
4214
4120
3970
3776
3570
3403
3282
3184
3054
2902
2678
2371
2143
1980
1717
1474
1419
1594
1904
2315
2927
3469
3920
4278
4432
4410
4252
4035
3551
3065
2677
2295
2082
1893
1769
1569
1315
1065
669
309
-39
-326
-539
-702
-670
-457
-153
47
211
368
410
520
517
378
425
412
343
412
373
311
176
-162
-433
-669
-844
-1023
-1340
-1433
-1360
-1328
-1207
-1073
-882
-695
-690
-756
-817
-836
-851
-966
-1055
-1096
-1285
-1492
-1651
-2039
-2581
-3278
-4067
-4803
-5691
-6507
-7028
-7377
-7411
-7026
-6415
-5733
-4980
-4208
-3465
-2764
-2278
-2041
-1923
-1934
-2026
-2064
-2159
-2246
-2254
-2351
-2442
-2543
-2610
-2622
-2756
-2852
-2819
-2683
-2376
-1980
-1502
-854
-60
753
1463
2071
2477
2658
2653
2470
2217
1979
1815
1610
1578
1848
2230
2671
3033
3385
3752
3999
4171
4223
4147
4026
3805
3667
3466
3146
3059
2868
2609
2466
2243
2102
2009
1910
1923
1939
2115
2460
2827
3255
3586
3860
4032
4073
4024
3892
3748
3471
3130
2766
2481
2336
2203
1888
1528
1331
979
548
205
-83
-279
-423
-448
-266
-56
19
11
40
66
28
-23
-109
-237
-259
-135
-56
93
276
286
282
181
-53
-310
-730
-1197
-1543
-1867
-2147
-2179
-1963
-1674
-1325
-932
-644
-502
-422
-439
-603
-740
-879
-966
-903
-1009
-1192
-1414
-1851
-2496
-3302
-4077
-4987
-6049
-7030
-7807
-8164
-8141
-7818
-7242
-6471
-5500
-4402
-3312
-2459
-1854
-1472
-1444
-1540
-1656
-1811
-1962
-2160
-2254
-2313
-2300
-2231
-2252
-2290
-2478
-2636
-2608
-2468
-2091
-1595
-1015
-231
681
1475
2177
2843
3247
3441
3372
3086
2848
2528
2239
2054
1864
2031
2401
2684
3097
3418
3652
3863
3974
4079
3974
3794
3636
3471
3328
3041
2794
2636
2350
2093
1830
1577
1435
1240
1223
1469
1770
2156
2671
3126
3469
3840
4114
4174
4143
4004
3815
3610
3281
2983
2685
2346
2013
1686
1417
1128
768
507
358
216
161
99
30
-72
-219
-235
-240
-277
-295
-332
-328
-352
-399
-295
-124
-19
80
182
190
149
6
-252
-598
-966
-1269
-1548
-1718
-1820
-1809
-1650
-1459
-1279
-1151
-1068
-1037
-1182
-1315
-1263
-1163
-1094
-1132
-1217
-1348
-1561
-1894
-2346
-2985
-3793
-4636
-5523
-6296
-6966
-7567
-7810
-7737
-7347
-6639
-5809
-4780
-3781
-2943
-2254
-1798
-1522
-1469
-1558
-1752
-2010
-2116
-2141
-2178
-2106
-2007
-1875
-1861
-1958
-1882
-1819
-1813
-1685
-1433
-1024
-448
262
1018
1648
2164
2622
2917
3096
3099
2884
2626
2259
1945
1807
1757
2004
2380
2730
3211
3774
4270
4576
4648
4505
4274
4000
3686
3352
3042
2779
2407
2156
2020
1786
1659
1552
1480
1537
1679
1948
2276
2595
2980
3404
3749
4022
4137
4178
4246
4150
3915
3535
3124
2751
2308
2003
1635
1241
989
731
597
328
-1
-147
-363
-576
-774
-893
-871
-903
-831
-722
-652
-412
-199
-144
-25
120
232
429
437
459
520
378
226
-114
-392
-670
-1100
-1304
-1467
-1588
-1541
-1522
-1533
-1379
-1152
-1084
-1057
-993
-914
-860
-883
-833
-945
-1247
-1514
-1887
-2427
-3083
-3830
-4587
-5331
-6100
-6892
-7579
-7901
-7908
-7608
-7099
-6418
-5390
-4272
-3313
-2529
-1922
-1534
-1446
-1605
-1769
-1954
-2181
-2263
-2345
-2410
-2281
-2242
-2230
-2119
-2132
-2169
-2186
-2085
-1801
-1439
-869
-182
636
1485
2147
2791
3274
3482
3426
3188
2867
2522
2239
1945
1821
1954
2320
2832
3318
3845
4294
4449
4426
4339
4122
3869
3609
3344
3103
2891
2647
2350
2186
2071
1899
1692
1581
1668
1801
1948
2147
2483
2877
3200
3553
3874
4163
4261
4180
4174
3928
3587
3250
2827
2395
1886
1485
1190
997
809
663
453
136
-68
-294
-551
-773
-966
-1092
-1134
-1228
-1196
-997
-904
-818
-638
-441
-220
-3
233
473
575
752
872
707
602
453
65
-302
-653
-977
-1253
-1442
-1503
-1628
-1659
-1533
-1430
-1272
-1023
-848
-741
-712
-670
-668
-842
-998
-1242
-1679
-2315
-3059
-3831
-4670
-5551
-6514
-7296
-7775
-8019
-7874
-7487
-6845
-5899
-4848
-3812
-2992
-2261
-1706
-1478
-1410
-1487
-1597
-1727
-1870
-1990
-2030
-1997
-2109
-2216
-2267
-2442
-2540
-2552
-2417
-2087
-1737
-1257
-602
226
1058
1738
2289
2819
3272
3419
3317
3137
2951
2736
2538
2396
2383
2504
2694
2943
3241
3582
3907
4174
4278
4250
4092
3851
3568
3279
3047
2665
2351
2188
1954
1747
1568
1536
1724
1855
2004
2288
2518
2792
3026
3167
3477
3687
3782
3783
3653
3596
3319
2941
2592
2130
1724
1340
988
715
476
285
50
-153
-279
-446
-551
-728
-929
-974
-1050
-1017
-1056
-1130
-921
-808
-650
-406
-190
88
246
440
601
737
847
762
686
513
231
-47
-406
-778
-1060
-1232
-1423
-1565
-1586
-1521
-1317
-1205
-1071
-844
-795
-686
-505
-420
-512
-686
-976
-1467
-1979
-2627
-3292
-4014
-4968
-5875
-6558
-7087
-7463
-7546
-7292
-6814
-6089
-5085
-4120
-3345
-2675
-2110
-1694
-1517
-1548
-1583
-1630
-1737
-1781
-1812
-1804
-1858
-1916
-1931
-2056
-2104
-2162
-2100
-1827
-1541
-1115
-570
88
800
1474
2124
2680
3051
3244
3332
3291
3126
2932
2772
2494
2219
2316
2516
2760
3139
3527
3908
4183
4400
4467
4318
4032
3608
3076
2530
2118
1801
1545
1475
1462
1472
1622
1777
1946
2012
1982
2105
2279
2478
2683
2896
3141
3340
3470
3500
3372
3079
2757
2338
1841
1335
939
709
432
256
99
3
-14
-95
-84
-260
-536
-710
-910
-965
-985
-1020
-865
-753
-669
-462
-267
-62
66
135
263
427
534
541
599
612
415
82
-349
-765
-1063
-1370
-1625
-1697
-1737
-1668
-1521
-1384
-1147
-981
-876
-671
-515
-388
-343
-501
-673
-1009
-1491
-2030
-2667
-3360
-4189
-4957
-5675
-6386
-6936
-7227
-7256
-7092
-6706
-6037
-5150
-4143
-3070
-2203
-1539
-1001
-798
-782
-842
-1050
-1220
-1381
-1516
-1559
-1686
-1663
-1656
-1860
-1893
-1958
-2004
-1824
-1651
-1271
-735
-159
546
1242
1924
2578
3248
3671
3789
3801
3525
3272
3072
2722
2505
2493
2546
2719
3030
3279
3636
3987
4033
3958
3690
3337
2973
2519
2238
2036
1941
1928
1788
1775
1763
1724
1804
1741
1710
1885
2017
2117
2349
2590
2756
2936
2958
2961
3014
2963
2881
2560
2265
1960
1543
1307
1067
798
596
481
382
232
36
-126
-366
-748
-951
-1053
-1127
-1046
-946
-820
-658
-567
-493
-437
-306
-131
73
353
593
818
920
896
721
349
-79
-494
-799
-1125
-1431
-1606
-1628
-1563
-1593
-1604
-1543
-1437
-1328
-1122
-886
-757
-573
-564
-720
-921
-1336
-1770
-2280
-2889
-3518
-4233
-5013
-5750
-6363
-6859
-7120
-7206
-6984
-6358
-5589
-4597
-3504
-2660
-1867
-1264
-949
-777
-821
-909
-1008
-1116
-1239
-1331
-1361
-1428
-1521
-1613
-1781
-1958
-1956
-1932
-1841
-1590
-1198
-647
13
737
1359
1958
2514
3028
3399
3459
3462
3263
2896
2594
2302
2211
2257
2287
2482
2742
2978
3187
3296
3358
3239
3033
2888
2737
2646
2579
2460
2332
2258
2205
2118
2120
2166
2250
2396
2396
2427
2558
2628
2639
2618
2706
2749
2568
2544
2680
2620
2543
2393
2083
1913
1790
1622
1424
1225
1086
839
501
196
-126
-520
-873
-1075
-1173
-1209
-1190
-1075
-993
-895
-766
-779
-690
-536
-359
-56
225
615
1021
1242
1262
1074
741
285
-256
-812
-1175
-1384
-1568
-1543
-1390
-1296
-1151
-972
-826
-681
-618
-599
-490
-283
-198
-344
-525
-877
-1347
-1835
-2484
-3204
-3991
-4835
-5774
-6518
-7014
-7407
-7488
-7310
-6894
-6200
-5332
-4311
-3182
-2273
-1629
-1134
-790
-662
-702
-809
-1006
-1129
-1302
-1514
-1542
-1623
-1738
-1825
-2034
-2204
-2258
-2156
-1936
-1600
-1072
-509
110
756
1414
2103
2637
3092
3367
3405
3385
3213
2909
2673
2440
2219
2186
2263
2506
2769
2981
3172
3242
3260
3176
3077
3007
2862
2659
2507
2343
2147
2041
1916
1713
1618
1565
1569
1666
1723
1897
2041
2120
2283
2497
2666
2774
2925
2983
3057
3135
3122
3005
2789
2577
2284
1998
1736
1402
1143
856
480
195
-84
-331
-544
-774
-944
-938
-836
-785
-694
-624
-562
-431
-283
-98
116
418
716
928
1070
1153
1029
629
316
-119
-744
-1195
-1497
-1681
-1718
-1685
-1646
-1512
-1451
-1330
-1262
-1221
-994
-929
-786
-585
-455
-454
-716
-990
-1335
-1841
-2478
-3201
-3886
-4584
-5382
-6200
-6849
-7273
-7494
-7331
-6902
-6195
-5216
-4271
-3266
-2408
-1754
-1206
-970
-905
-944
-1046
-1196
-1353
-1521
-1753
-1930
-2046
-2140
-2320
-2495
-2522
-2450
-2284
-1963
-1612
-1168
-506
79
655
1309
1886
2477
2934
3131
3231
3331
3301
3072
2824
2582
2454
2495
2493
2583
2845
3070
3336
3506
3589
3678
3626
3637
3525
3357
3220
2948
2763
2508
2193
2022
1997
2034
2081
2161
2344
2577
2661
2801
2942
2882
2901
2975
2915
2884
2977
2972
2838
2769
2584
2313
1998
1611
1310
971
715
450
75
-176
-481
-661
-733
-966
-1103
-1123
-1100
-1095
-1057
-948
-880
-742
-597
-411
-63
197
387
677
859
906
859
575
215
-137
-530
-896
-1188
-1350
-1485
-1599
-1627
-1571
-1439
-1339
-1135
-819
-627
-422
-262
-155
-56
-246
-485
-786
-1271
-1806
-2403
-3052
-3855
-4704
-5548
-6336
-6999
-7449
-7627
-7589
-7205
-6555
-5665
-4690
-3731
-2791
-2162
-1608
-1206
-1135
-1109
-1244
-1488
-1662
-1859
-2060
-2308
-2557
-2684
-2776
-2773
-2684
-2538
-2265
-1926
-1510
-1052
-446
262
873
1505
2124
2682
3156
3334
3413
3504
3390
3162
2859
2608
2513
2476
2542
2727
2959
3270
3598
3862
4088
4183
4198
4173
4026
3726
3333
2936
2502
2168
1898
1637
1509
1449
1505
1635
1708
1890
2111
2246
2458
2659
2855
3112
3355
3485
3469
3484
3375
3062
2818
2541
2185
1830
1385
1088
821
498
173
-241
-451
-666
-962
-1219
-1329
-1225
-1159
-1087
-978
-760
-608
-492
-233
-64
57
249
349
415
587
694
712
650
497
326
84
-314
-731
-1059
-1394
-1590
-1642
-1720
-1633
-1310
-987
-723
-554
-353
-79
-23
-71
-158
-381
-776
-1332
-1963
-2667
-3299
-3992
-4810
-5578
-6310
-6898
-7198
-7373
-7443
-7133
-6586
-5818
-4907
-4047
-3135
-2315
-1698
-1322
-1036
-952
-1058
-1122
-1335
-1654
-1856
-1950
-2113
-2257
-2353
-2329
-2225
-2163
-1930
-1644
-1262
-749
-231
335
914
1517
2058
2483
2901
3121
3130
3157
3010
2787
2563
2237
2079
2073
2071
2257
2519
2714
3008
3389
3643
3737
3752
3619
3447
3150
2817
2559
2212
1910
1706
1621
1540
1550
1697
1724
1800
1907
2002
2286
2521
2649
2847
3071
3226
3330
3473
3518
3411
3269
3048
2753
2461
2058
1664
1293
988
763
458
226
-26
-283
-570
-751
-833
-1014
-981
-865
-814
-680
-409
-144
-50
47
230
282
348
474
545
676
732
782
752
497
205
-165
-668
-1024
-1219
-1476
-1672
-1633
-1494
-1324
-1079
-904
-673
-562
-473
-317
-392
-387
-680
-1163
-1535
-2099
-2638
-3206
-3846
-4460
-5120
-5826
-6421
-6806
-7037
-7107
-6886
-6366
-5672
-4835
-3963
-3189
-2506
-1981
-1674
-1519
-1454
-1418
-1543
-1735
-1808
-1895
-1972
-2082
-2185
-2227
-2279
-2222
-2078
-1901
-1503
-1040
-581
42
566
1051
1561
1987
2380
2691
2793
2751
2756
2613
2377
2168
1969
1833
1737
1866
2000
2195
2681
3036
3293
3457
3513
3663
3591
3407
3260
2986
2697
2391
2162
1995
1816
1735
1718
1753
1825
1958
2115
2280
2471
2526
2565
2762
3031
3216
3321
3430
3525
3498
3327
3039
2691
2376
2011
1679
1444
1183
1038
855
457
178
-113
-435
-677
-893
-899
-922
-941
-739
-492
-334
-283
-194
-152
-122
-5
37
212
481
651
790
809
666
373
19
-390
-822
-1215
-1571
-1757
-1925
-1931
-1768
-1616
-1354
-1037
-709
-553
-469
-406
-480
-682
-1118
-1563
-2013
-2541
-2982
-3465
-4065
-4656
-5311
-5976
-6430
-6756
-6894
-6797
-6476
-5806
-4947
-4134
-3320
-2575
-2041
-1581
-1311
-1165
-1081
-1175
-1183
-1312
-1458
-1516
-1737
-1912
-2132
-2309
-2341
-2397
-2302
-2074
-1733
-1249
-756
-161
381
933
1597
2056
2409
2682
2774
2735
2628
2396
2107
1864
1740
1809
1937
2157
2384
2637
2871
3004
3201
3290
3292
3303
3167
3018
2947
2791
2594
2344
2142
2092
1973
1931
1989
2002
2137
2360
2466
2527
2588
2674
2846
3015
3137
3310
3446
3439
3354
3203
2952
2592
2317
2003
1670
1533
1337
1114
887
579
346
64
-209
-322
-482
-572
-519
-537
-532
-427
-360
-345
-364
-326
-216
-113
136
371
576
830
963
1060
922
541
206
-99
-407
-796
-1155
-1449
-1684
-1788
-1777
-1651
-1527
-1290
-941
-741
-677
-599
-603
-864
-1205
-1549
-1893
-2354
-2917
-3438
-4002
-4552
-5166
-5768
-6294
-6689
-6818
-6837
-6650
-6091
-5331
-4522
-3724
-2998
-2296
-1694
-1347
-1168
-1031
-896
-968
-1219
-1365
-1515
-1737
-2029
-2320
-2450
-2449
-2490
-2498
-2286
-2080
-1804
-1345
-802
-103
555
1120
1731
2258
2656
2812
2833
2762
2533
2332
2030
1923
2011
2077
2308
2487
2700
2958
3155
3289
3268
3316
3290
3170
3192
3102
2943
2772
2511
2367
2343
2235
2055
2061
2210
2274
2367
2449
2462
2492
2598
2682
2717
2850
2942
3025
3068
3034
2967
2823
2615
2324
2026
1719
1468
1264
1055
831
508
242
103
-100
-353
-553
-656
-662
-637
-640
-574
-432
-309
-184
-93
60
294
488
622
763
909
995
982
817
662
481
125
-206
-580
-972
-1116
-1301
-1465
-1396
-1229
-991
-770
-524
-247
-170
-249
-311
-562
-938
-1432
-2012
-2581
-3197
-3759
-4381
-4996
-5598
-6178
-6612
-6872
-6931
-6850
-6545
-6028
-5308
-4482
-3744
-3035
-2460
-1939
-1479
-1230
-1092
-1040
-1050
-1208
-1406
-1588
-1825
-2072
-2321
-2488
-2682
-2736
-2559
-2482
-2305
-1871
-1445
-926
-299
227
762
1300
1737
2120
2509
2674
2592
2562
2467
2315
2178
2088
2130
2193
2360
2636
2850
3062
3258
3278
3309
3284
3049
2942
2823
2536
2357
2204
2022
1976
1937
1904
1973
2004
2109
2181
2208
2263
2325
2463
2587
2817
3034
3188
3404
3533
3528
3471
3315
3063
2742
2418
2150
1735
1348
1155
968
704
358
52
-162
-392
-621
-741
-779
-726
-564
-371
-107
81
238
491
613
717
763
782
857
816
820
773
689
662
449
135
-182
-529
-739
-948
-1240
-1332
-1291
-1172
-962
-674
-285
-47
-13
-27
-155
-486
-985
-1582
-2194
-2771
-3352
-3885
-4286
-4742
-5327
-5824
-6198
-6533
-6709
-6751
-6611
-6157
-5477
-4649
-3863
-3155
-2539
-2003
-1562
-1368
-1305
-1271
-1412
-1674
-1817
-1918
-1960
-2028
-2200
-2267
-2365
-2404
-2332
-2338
-2215
-1966
-1657
-1162
-547
21
555
1088
1596
1972
2161
2288
2293
2227
2207
2143
2126
2213
2264
2386
2570
2700
2891
3012
2985
3003
3085
3086
3055
2997
2902
2837
2652
2473
2348
2160
2033
1962
1990
2090
2215
2406
2545
2637
2748
2830
2904
2930
2938
3039
3143
3184
3255
3255
3076
2912
2806
2557
2221
1922
1668
1384
1012
739
482
166
-107
-359
-631
-825
-864
-917
-804
-594
-441
-173
51
225
480
668
783
789
792
837
808
774
679
528
323
94
-177
-457
-734
-1072
-1266
-1319
-1354
-1240
-1020
-793
-487
-303
-260
-208
-330
-618
-945
-1410
-1956
-2488
-3085
-3612
-4138
-4706
-5212
-5780
-6275
-6555
-6658
-6661
-6479
-6044
-5391
-4630
-3875
-3100
-2491
-2012
-1696
-1491
-1308
-1392
-1529
-1711
-1912
-2008
-2148
-2279
-2437
-2528
-2514
-2504
-2458
-2325
-2108
-1803
-1390
-951
-458
26
517
968
1331
1756
1992
2121
2207
2197
2204
2102
2050
2058
2083
2109
2190
2413
2571
2709
2881
3057
3184
3144
2993
2912
2799
2599
2431
2224
2034
1837
1749
1762
1755
1883
2055
2232
2452
2634
2789
2907
3020
3172
3311
3441
3589
3629
3699
3739
3560
3407
3191
2842
2531
2204
1888
1603
1252
914
648
401
145
-141
-462
-640
-698
-726
-683
-528
-289
-135
47
230
434
688
751
745
781
765
778
691
528
335
138
-34
-381
-694
-942
-1236
-1428
-1542
-1605
-1542
-1361
-1175
-981
-774
-706
-663
-695
-918
-1224
-1640
-2021
-2394
-2897
-3299
-3670
-4143
-4608
-5112
-5546
-5912
-6183
-6244
-6158
-5892
-5422
-4737
-4015
-3377
-2732
-2203
-1859
-1628
-1508
-1502
-1539
-1593
-1679
-1734
-1861
-1995
-2114
-2271
-2340
-2433
-2364
-2199
-2009
-1736
-1433
-933
-501
-52
446
889
1356
1666
1947
2152
2187
2273
2334
2336
2367
2343
2395
2428
2431
2585
2631
2607
2680
2827
2998
3131
3207
3183
3185
3105
2851
2600
2351
2185
2076
2044
2099
2124
2294
2470
2568
2742
2736
2655
2652
2583
2589
2653
2747
2911
3040
3121
3076
2925
2763
2500
2208
1872
1552
1290
1067
933
756
564
304
89
-92
-386
-636
-757
-722
-698
-636
-461
-197
118
266
430
655
733
773
776
717
688
672
570
439
289
122
-90
-442
-756
-1034
-1331
-1491
-1522
-1455
-1365
-1152
-777
-529
-424
-415
-548
-857
-1208
-1627
-2246
-2738
-3177
-3623
-4039
-4593
-5117
-5600
-6008
-6265
-6335
-6305
-6229
-5874
-5335
-4757
-4089
-3468
-2936
-2417
-2037
-1838
-1648
-1476
-1477
-1538
-1589
-1705
-1803
-1925
-2116
-2275
-2354
-2319
-2197
-1953
-1627
-1238
-754
-262
309
869
1363
1763
2049
2382
2544
2585
2702
2648
2537
2477
2398
2404
2385
2289
2280
2314
2400
2567
2693
2966
3148
3109
3191
3155
3076
2928
2601
2307
1984
1737
1552
1491
1536
1608
1753
1882
1957
2003
2164
2282
2323
2521
2804
3018
3136
3238
3314
3354
3280
2998
2706
2415
2057
1735
1368
1088
983
717
496
389
154
-8
-221
-470
-617
-680
-622
-481
-284
-150
80
306
382
475
486
377
185
29
-16
-53
-110
-117
-167
-144
-170
-307
-407
-687
-965
-1188
-1365
-1396
-1402
-1229
-915
-756
-619
-504
-481
-506
-852
-1231
-1564
-2097
-2560
-2962
-3362
-3796
-4298
-4741
-5239
-5706
-5907
-6021
-6096
-5932
-5499
-4935
-4367
-3812
-3264
-2679
-2263
-2017
-1758
-1585
-1492
-1471
-1472
-1455
-1512
-1534
-1553
-1717
-1815
-1893
-2038
-2071
-2004
-1790
-1516
-1188
-666
-137
366
969
1411
1701
2008
2133
2238
2366
2381
2461
2520
2479
2523
2531
2511
2588
2604
2668
2750
2819
2853
2992
3229
3226
3243
3163
2973
2801
2485
2269
2046
1855
1803
1787
1876
1998
2162
2346
2452
2578
2729
2822
2928
2971
2974
2983
2955
2941
2837
2685
2546
2300
2018
1733
1403
1075
824
620
356
200
147
14
-250
-524
-566
-566
-660
-678
-581
-444
-233
39
255
428
467
393
426
441
341
316
291
239
150
175
260
83
-89
-259
-480
-732
-992
-1040
-1023
-970
-812
-582
-415
-281
-139
-194
-336
-637
-1076
-1480
-2070
-2681
-3232
-3905
-4528
-5004
-5492
-5987
-6267
-6392
-6412
-6277
-6059
-5643
-4965
-4320
-3764
-3193
-2725
-2295
-1930
-1711
-1604
-1547
-1504
-1523
-1566
-1617
-1706
-1861
-1958
-2126
-2258
-2295
-2382
-2227
-1988
-1633
-1156
-651
-35
554
1134
1507
1789
2126
2250
2266
2381
2441
2399
2474
2632
2720
2851
2905
2892
2932
2854
2932
2994
2964
3027
3039
3101
3006
2838
2741
2578
2374
2156
1990
1836
1847
1946
1984
2170
2386
2551
2671
2722
2815
2886
2923
2923
2932
3029
3048
2994
3001
2887
2594
2304
2029
1741
1458
1187
890
630
426
171
8
-100
-341
-538
-674
-782
-766
-725
-619
-440
-238
-71
59
204
278
401
509
505
494
492
444
354
291
233
147
24
-192
-434
-706
-944
-1011
-1125
-1209
-1156
-1114
-1038
-870
-673
-676
-830
-944
-1156
-1524
-1940
-2382
-2863
-3445
-4046
-4482
-4981
-5409
-5720
-6156
-6254
-6158
-6139
-5910
-5541
-5038
-4462
-3983
-3367
-2706
-2200
-1764
-1473
-1236
-1108
-1139
-1179
-1226
-1271
-1437
-1628
-1792
-1964
-1980
-1995
-1965
-1794
-1597
-1229
-792
-372
152
707
1174
1595
2019
2330
2509
2665
2763
2720
2671
2653
2581
2523
2515
2498
2554
2642
2744
2927
3011
3063
3084
2997
2961
2942
2836
2683
2554
2335
2103
1948
1859
1785
1689
1737
1772
1833
1956
2149
2388
2499
2766
3013
3186
3371
3402
3437
3327
3207
3168
2981
2650
2294
2007
1573
1154
850
491
167
-149
-422
-739
-912
-835
-836
-775
-744
-702
-538
-427
-188
-14
22
125
164
213
317
379
382
357
371
280
92
-31
-201
-441
-661
-764
-904
-1088
-1134
-1134
-1049
-1020
-1027
-903
-764
-736
-830
-883
-961
-1088
-1271
-1609
-2004
-2444
-3002
-3510
-3973
-4538
-5012
-5384
-5748
-5987
-6052
-5983
-5813
-5440
-5020
-4597
-4061
-3557
-2995
-2477
-2131
-1785
-1534
-1403
-1307
-1343
-1397
-1413
-1542
-1727
-1810
-1885
-1972
-1940
-1844
-1646
-1359
-1096
-779
-371
115
612
1026
1445
1831
2148
2379
2453
2613
2825
2890
2845
2819
2853
2859
2982
3078
3100
3203
3245
3396
3531
3592
3634
3556
3519
3352
3122
2868
2561
2330
2030
1750
1571
1501
1533
1567
1618
1779
2010
2225
2402
2530
2697
2898
2998
3033
3030
3018
2998
2827
2651
2480
2193
1861
1510
1261
967
581
254
-3
-208
-445
-550
-664
-845
-892
-934
-934
-905
-841
-685
-582
-426
-234
-127
53
130
8
32
52
24
62
-16
-80
-136
-330
-369
-285
-410
-629
-803
-836
-899
-979
-916
-927
-895
-816
-782
-784
-908
-1111
-1406
-1799
-2175
-2604
-3132
-3726
-4305
-4724
-5148
-5549
-5823
-5987
-6037
-6002
-5838
-5483
-4996
-4478
-4032
-3550
-2897
-2447
-2115
-1824
-1614
-1337
-1307
-1370
-1404
-1445
-1528
-1729
-1858
-1910
-1878
-1826
-1777
-1573
-1365
-1155
-806
-384
161
714
1160
1587
1912
2212
2472
2574
2763
2936
2929
2859
2908
3064
3149
3159
3159
3195
3254
3245
3249
3398
3432
3323
3250
3143
3041
2940
2628
2269
1941
1611
1423
1301
1278
1295
1367
1590
1802
2038
2341
2612
2863
2976
3045
3202
3303
3365
3307
3220
3131
2890
2640
2406
2111
1721
1372
983
638
460
212
29
-188
-419
-502
-659
-695
-696
-791
-751
-732
-650
-486
-446
-260
-86
-78
9
-28
-76
-104
-214
-258
-328
-337
-381
-505
-530
-580
-750
-898
-950
-997
-1029
-1021
-1047
-1136
-1126
-954
-722
-562
-621
-846
-1243
-1640
-1948
-2429
-2975
-3516
-4098
-4620
-5049
-5373
-5687
-5837
-5787
-5763
-5607
-5279
-4835
-4301
-3797
-3255
-2723
-2290
-1893
-1592
-1366
-1215
-1207
-1336
-1499
-1562
-1664
-1776
-1866
-2085
-2275
-2260
-2173
-2113
-1921
-1595
-1268
-867
-342
169
662
1116
1504
1842
2141
2389
2606
2890
2983
2955
3016
3095
3198
3275
3356
3379
3398
3421
3463
3526
3539
3578
3521
3367
3175
2996
2797
2531
2284
2036
1898
1777
1700
1764
1804
1965
2185
2322
2400
2524
2732
2832
2906
2949
2942
2944
2834
2719
2617
2403
2136
1877
1665
1483
1227
970
741
414
154
69
-69
-170
-277
-453
-456
-431
-414
-392
-393
-280
-207
-219
-191
-120
10
52
27
-43
-149
-72
-38
-218
-367
-439
-523
-605
-762
-970
-1065
-1156
-1344
-1367
-1308
-1361
-1219
-1068
-1015
-911
-869
-821
-885
-1116
-1437
-1801
-2305
-2930
-3365
-3764
-4226
-4645
-5047
-5381
-5615
-5638
-5515
-5395
-5155
-4673
-4140
-3688
-3230
-2721
-2253
-1981
-1782
-1563
-1423
-1393
-1449
-1471
-1498
-1747
-1968
-2005
-2146
-2264
-2272
-2304
-2176
-1903
-1688
-1326
-815
-373
103
606
1002
1384
1773
2067
2259
2320
2450
2659
2700
2792
3001
3097
3102
3169
3278
3375
3468
3519
3637
3650
3502
3440
3353
3253
3104
2748
2427
2144
1848
1679
1559
1542
1584
1610
1781
2050
2248
2440
2663
2845
2955
2976
2973
3064
3036
2912
2908
2786
2612
2475
2241
1914
1550
1192
845
551
266
3
-203
-410
-566
-555
-503
-539
-517
-521
-474
-396
-360
-205
-147
-44
-22
-43
80
46
21
-10
-6
29
-71
-129
-190
-285
-344
-483
-657
-839
-967
-1050
-1195
-1265
-1243
-1160
-1187
-1193
-1066
-1177
-1287
-1419
-1755
-2050
-2426
-2882
-3373
-3783
-4154
-4602
-4886
-5035
-5138
-5244
-5241
-5082
-4814
-4516
-4202
-3735
-3319
-2938
-2573
-2226
-1980
-1788
-1483
-1381
-1446
-1477
-1460
-1401
-1414
-1538
-1549
-1633
-1776
-1713
-1745
-1657
-1461
-1214
-878
-461
89
387
747
1169
1502
1936
2247
2448
2592
2660
2701
2822
2993
3020
3041
3165
3196
3203
3239
3284
3375
3349
3266
3251
3177
3021
2848
2613
2433
2233
2026
1927
1848
1897
1982
2030
2115
2240
2335
2381
2454
2491
2492
2415
2448
2535
2431
2482
2513
2444
2342
2115
1954
1639
1345
1079
697
469
198
-118
-278
-381
-530
-578
-538
-600
-583
-504
-442
-334
-188
68
230
286
356
368
380
401
449
415
310
235
146
89
4
-26
-13
-104
-272
-468
-617
-782
-933
-1039
-1127
-1178
-1201
-1138
-1148
-1283
-1417
-1673
-1999
-2395
-2881
-3291
-3735
-4201
-4589
-4872
-5030
-5202
-5260
-5177
-5168
-4993
-4619
-4248
-3810
-3448
-3195
-2788
-2426
-2280
-2063
-1883
-1712
-1541
-1532
-1487
-1419
-1423
-1408
-1462
-1511
-1448
-1490
-1437
-1398
-1427
-1254
-1043
-713
-323
84
535
963
1438
1798
1997
2229
2360
2384
2516
2562
2566
2669
2656
2661
2744
2736
2753
2760
2731
2787
2764
2671
2672
2568
2462
2467
2396
2334
2249
2108
2128
2152
2118
2148
2157
2264
2346
2417
2441
2363
2541
2551
2432
2456
2365
2398
2447
2446
2526
2490
2418
2313
2111
1847
1512
1189
793
387
95
-148
-409
-620
-738
-768
-799
-804
-687
-616
-520
-399
-271
-117
21
57
42
117
141
149
134
136
101
33
-32
-189
-207
-292
-420
-504
-699
-815
-971
-1027
-1027
-1086
-984
-877
-816
-799
-936
-1137
-1356
-1684
-2115
-2609
-3083
-3485
-3825
-4152
-4449
-4678
-4726
-4717
-4656
-4495
-4380
-4101
-3829
-3584
-3296
-3039
-2776
-2598
-2346
-2174
-2054
-1929
-1876
-1735
-1664
-1696
-1766
-1758
-1699
-1801
-1896
-1841
-1844
-1844
-1656
-1487
-1370
-1133
-731
-303
107
520
861
1219
1648
1959
2153
2404
2607
2664
2730
2889
3052
3139
3193
3294
3319
3290
3254
3228
3237
3104
2827
2614
2504
2326
2177
2091
2047
2030
1985
2061
2159
2209
2257
2370
2470
2428
2428
2478
2429
2375
2362
2365
2377
2318
2355
2414
2317
2232
2116
1867
1641
1441
1197
948
637
365
35
-326
-538
-672
-679
-684
-665
-456
-259
-144
58
278
462
592
602
695
795
778
751
775
855
714
567
558
358
144
-36
-247
-470
-730
-897
-1041
-1160
-1227
-1294
-1280
-1249
-1282
-1190
-1101
-1284
-1462
-1660
-1958
-2290
-2744
-3222
-3692
-4077
-4445
-4816
-5028
-5070
-5054
-5025
-4936
-4730
-4389
-4139
-3931
-3612
-3374
-3175
-2942
-2773
-2554
-2311
-2188
-2016
-1842
-1700
-1513
-1467
-1404
-1350
-1518
-1590
-1584
-1559
-1385
-1333
-1265
-983
-656
-333
-56
256
684
1072
1382
1634
1894
2150
2277
2437
2569
2623
2721
2771
2778
2827
2943
2999
2915
2945
3052
3012
2828
2650
2542
2419
2289
2168
2161
2161
2032
2051
2183
2259
2358
2512
2626
2709
2805
2737
2657
2734
2762
2693
2620
2575
2618
2679
2585
2506
2516
2452
2331
2197
2045
1815
1520
1179
823
475
122
-100
-302
-513
-538
-507
-450
-333
-248
-117
19
128
237
209
174
226
176
207
250
239
254
158
82
-74
-251
-363
-594
-884
-1060
-1254
-1455
-1522
-1609
-1629
-1579
-1499
-1429
-1376
-1245
-1193
-1235
-1300
-1468
-1772
-2103
-2460
-2941
-3328
-3606
-3949
-4231
-4443
-4544
-4612
-4635
-4533
-4443
-4284
-4121
-3971
-3763
-3541
-3321
-3132
-2987
-2839
-2685
-2597
-2428
-2163
-1995
-1778
-1527
-1375
-1251
-1178
-1165
-1206
-1200
-1192
-1182
-1026
-898
-659
-332
-70
299
656
978
1272
1490
1646
1814
1968
2053
2180
2331
2544
2687
2739
2953
3082
3099
3235
3190
3123
3158
2988
2848
2782
2598
2446
2339
2274
2254
2201
2191
2227
2328
2434
2482
2517
2505
2511
2532
2483
2414
2362
2407
2536
2544
2609
2777
2835
2851
2753
2685
2610
2338
2092
1812
1484
1157
924
704
302
101
-65
-256
-284
-386
-433
-410
-336
-198
-89
53
241
383
446
472
403
316
330
297
199
88
-63
-232
-412
-534
-707
-903
-1008
-1239
-1494
-1597
-1649
-1663
-1670
-1680
-1667
-1619
-1575
-1626
-1711
-1775
-1874
-2113
-2391
-2701
-3102
-3482
-3849
-4136
-4447
-4755
-4771
-4763
-4727
-4464
-4275
-4077
-3847
-3706
-3641
-3627
-3499
-3434
-3391
-3232
-3057
-2742
-2409
-2062
-1555
-1210
-989
-773
-771
-776
-763
-854
-901
-842
-751
-650
-460
-225
45
284
482
771
967
1111
1323
1501
1769
1985
2154
2373
2623
2888
3074
3266
3372
3431
3474
3399
3299
3213
3138
3000
2882
2843
2701
2636
2684
2641
2573
2483
2304
2187
2121
1950
1811
1769
1829
1952
2057
2244
2442
2634
2862
3017
3090
3053
2981
2844
2696
2682
2521
2205
1962
1737
1482
1232
952
659
372
126
-54
-174
-236
-246
-177
-128
-67
95
214
236
273
250
202
134
48
3
-97
-121
-162
-331
-429
-547
-720
-853
-991
-1165
-1305
-1432
-1535
-1637
-1778
-1813
-1846
-1903
-1981
-2044
-1994
-1984
-1915
-1904
-2017
-2096
-2225
-2479
-2910
-3254
-3525
-3821
-4100
-4373
-4434
-4427
-4357
-4252
-4150
-4007
-3968
-3868
-3693
-3596
-3538
-3378
-3174
-2992
-2773
-2436
-2050
-1748
-1455
-1250
-1172
-1023
-847
-902
-945
-755
-576
-432
-302
-68
148
281
480
544
554
631
657
742
866
986
1210
1431
1696
1984
2245
2538
2739
2908
2884
2822
2884
2750
2653
2638
2512
2480
2498
2574
2725
2742
2801
2897
2877
2777
2610
2411
2207
2050
1888
1829
1802
1758
1897
2095
2266
2410
2580
2787
2995
3093
2981
2896
2863
2837
2749
2498
2267
1988
1663
1461
1212
928
777
602
477
433
300
274
298
313
252
109
9
-164
-237
-330
-425
-422
-438
-361
-388
-432
-355
-370
-445
-551
-667
-771
-880
-944
-1058
-1281
-1369
-1383
-1567
-1760
-1852
-1830
-1920
-2069
-2107
-2194
-2201
-2259
-2314
-2330
-2472
-2525
-2686
-2934
-3095
-3267
-3408
-3486
-3494
-3584
-3648
-3646
-3769
-3851
-3955
-4091
-4150
-4151
-3949
-3647
-3235
-2746
-2286
-1770
-1459
-1242
-1005
-978
-1013
-1120
-1263
-1283
-1197
-1095
-901
-597
-384
-22
352
561
771
817
812
772
640
645
676
597
646
849
1036
1313
1676
2029
2391
2723
2886
2958
3157
3193
3089
3022
2816
2687
2623
2499
2448
2472
2556
2676
2756
2854
2923
2855
2761
2568
2386
2199
1963
1883
1667
1554
1641
1696
1843
2065
2360
2542
2657
2807
2898
2985
2921
2688
2517
2322
1991
1640
1384
1126
878
720
612
710
737
721
743
693
674
474
254
58
-203
-363
-392
-437
-474
-407
-346
-226
-160
-201
-246
-339
-535
-839
-1180
-1430
-1693
-1949
-2073
-2221
-2286
-2277
-2293
-2222
-2164
-2148
-2134
-2274
-2385
-2366
-2524
-2675
-2668
-2788
-2928
-2926
-3000
-3074
-3019
-3006
-2964
-2999
-3064
-2959
-3013
-3124
-3191
-3272
-3231
-3287
-3311
-3174
-2986
-2828
-2687
-2400
-2163
-1873
-1500
-1351
-1231
-1154
-1182
-1086
-959
-951
-973
-915
-784
-575
-360
-188
34
314
551
690
758
820
856
881
953
1102
1228
1258
1388
1590
1826
2077
2277
2520
2814
3045
3121
3155
3169
3167
3104
2956
2896
2830
2747
2762
2753
2755
2774
2719
2667
2602
2584
2548
2419
2343
2332
2363
2347
2370
2384
2320
2348
2321
2191
2135
2126
2064
2001
2090
2248
2353
2472
2435
2314
2135
1792
1473
1152
789
486
240
11
34
118
50
143
268
288
252
72
-110
-301
-543
-863
-1210
-1287
-1421
-1598
-1671
-1727
-1668
-1704
-1694
-1653
-1740
-1828
-1877
-1918
-2070
-2187
-2290
-2498
-2661
-2846
-3026
-3104
-3142
-3190
-3147
-3114
-3133
-3023
-2941
-2929
-2925
-2892
-2853
-2892
-2924
-2897
-2857
-2822
-2820
-2843
-2838
-2780
-2718
-2664
-2563
-2412
-2256
-2103
-1969
-1836
-1757
-1739
-1664
-1632
-1561
-1414
-1269
-1023
-700
-367
-40
206
403
609
716
829
874
815
859
900
962
1079
1279
1438
1530
1748
1878
1980
2086
2112
2252
2395
2501
2635
2649
2686
2758
2763
2832
2853
2874
2936
2878
2848
2937
2986
2998
3032
3078
3078
2991
2917
2800
2636
2573
2467
2432
2556
2611
2664
2649
2584
2495
2269
2160
2052
1823
1794
1818
1745
1690
1757
1857
1831
1787
1713
1562
1320
1062
849
643
427
186
-6
-256
-508
-584
-693
-767
-834
-1061
-1169
-1211
-1308
-1440
-1545
-1584
-1741
-1918
-2005
-2258
-2460
-2498
-2653
-2735
-2702
-2690
-2681
-2641
-2700
-2827
-2942
-3002
-3090
-3269
-3325
-3389
-3400
-3330
-3276
-3246
-3210
-3075
-2972
-2858
-2775
-2666
-2476
-2370
-2222
-2062
-2009
-1989
-2030
-2061
-2037
-2058
-2122
-2062
-1981
-1921
-1742
-1480
-1191
-958
-751
-524
-357
-317
-182
-121
-224
-99
81
178
346
605
785
997
1205
1256
1389
1411
1395
1514
1500
1530
1499
1474
1634
1670
1792
1917
2100
2275
2369
2614
2697
2817
2922
2934
2968
2935
2973
2976
2930
2929
2978
3003
3002
2955
2825
2755
2739
2654
2468
2353
2346
2417
2423
2429
2487
2447
2462
2423
2290
2188
2041
1838
1623
1432
1333
1185
1025
1016
989
912
814
663
543
396
212
45
-146
-279
-496
-687
-757
-923
-1087
-1323
-1510
-1694
-1881
-1961
-2179
-2274
-2319
-2419
-2444
-2511
-2514
-2544
-2683
-2844
-2975
-3081
-3082
-3122
-3209
-3175
-3119
-2960
-2892
-2891
-2691
-2610
-2643
-2667
-2723
-2679
-2642
-2605
-2529
-2469
-2369
-2228
-2073
-1903
-1752
-1678
-1520
-1411
-1359
-1298
-1263
-1152
-1159
-1185
-1089
-1013
-959
-813
-646
-569
-507
-357
-175
-39
81
243
352
396
442
435
526
696
818
833
972
1184
1271
1383
1441
1532
1587
1612
1658
1696
1758
1731
1787
1871
1987
2177
2231
2328
2492
2623
2666
2713
2798
2774
2825
2879
2869
2839
2808
2802
2741
2691
2637
2572
2560
2535
2459
2342
2264
2160
1977
1855
1660
1476
1415
1330
1340
1339
1317
1347
1297
1202
1109
980
778
616
472
218
76
7
-70
-107
-299
-382
-390
-518
-580
-676
-785
-901
-1034
-1168
-1364
-1468
-1557
-1747
-1958
-2148
-2237
-2340
-2492
-2484
-2506
-2484
-2365
-2274
-2089
-2064
-2121
-2180
-2220
-2212
-2376
-2487
-2570
-2638
-2623
-2637
-2469
-2351
-2380
-2165
-2029
-2069
-1949
-1854
-1839
-1846
-1827
-1765
-1789
-1719
-1579
-1501
-1460
-1442
-1303
-1157
-994
-818
-681
-516
-392
-249
-205
-151
-87
-81
-46
-44
36
81
147
313
508
740
942
1067
1131
1260
1324
1423
1544
1489
1530
1591
1678
1792
1833
1890
1902
1992
2049
2070
2126
2125
2146
2198
2227
2150
2132
2148
2107
2066
1900
1797
1861
1857
1816
1862
1897
1877
1894
1854
1840
1874
1785
1711
1590
1437
1326
1152
1014
950
849
790
715
619
671
639
516
420
291
232
206
97
-5
-49
-103
-135
-123
-68
-130
-215
-195
-286
-414
-589
-768
-870
-1032
-1158
-1198
-1149
-1146
-1254
-1290
-1317
-1299
-1338
-1526
-1615
-1662
-1755
-1813
-1855
-1882
-1872
-1909
-1900
-1889
-1874
-1734
-1783
-1837
-1749
-1740
-1719
-1764
-1808
-1711
-1631
-1640
-1561
-1418
-1446
-1520
-1443
-1415
-1355
-1292
-1331
-1097
-985
-1009
-933
-959
-805
-704
-685
-608
-644
-664
-581
-467
-372
-242
-88
106
243
297
348
466
587
584
561
551
587
544
529
611
640
732
860
981
1119
1218
1262
1289
1242
1253
1270
1279
1348
1302
1349
1450
1483
1536
1614
1652
1621
1621
1590
1559
1547
1567
1622
1573
1487
1450
1452
1476
1449
1424
1440
1441
1386
1404
1463
1411
1388
1393
1347
1222
1123
1122
990
833
784
696
643
576
515
623
532
365
313
173
139
22
-118
-180
-259
-200
-241
-350
-358
-454
-610
-703
-819
-886
-945
-1008
-1050
-1076
-1055
-1066
-992
-1009
-1107
-1195
-1356
-1374
-1442
-1566
-1535
-1483
-1540
-1521
-1373
-1382
-1391
-1418
-1451
-1441
-1450
-1470
-1514
-1529
-1571
-1480
-1390
-1358
-1358
-1363
-1294
-1316
-1289
-1310
-1271
-1182
-1205
-1134
-1086
-1039
-936
-882
-832
-793
-735
-615
-624
-667
-586
-500
-365
-269
-218
-71
19
45
184
195
142
299
374
390
421
428
552
616
628
647
633
700
832
924
976
1055
1071
1113
1237
1292
1336
1358
1345
1318
1331
1379
1395
1384
1401
1415
1365
1445
1450
1424
1452
1345
1333
1345
1359
1361
1300
1258
1238
1247
1206
1069
962
970
959
934
1032
1035
945
1023
1029
865
801
779
674
512
373
326
240
145
23
-22
-47
-106
-141
-280
-318
-309
-357
-367
-366
-447
-540
-573
-604
-589
-666
-780
-781
-779
-842
-940
-958
-986
-1121
-1151
-1176
-1186
-1205
-1271
-1186
-1197
-1239
-1237
-1249
-1200
-1181
-1172
-1153
-1188
-1303
-1333
-1349
-1357
-1261
-1311
-1333
-1222
-1247
-1203
-1111
-1029
-907
-1008
-1024
-948
-979
-921
-908
-845
-746
-736
-639
-549
-452
-307
-252
-233
-173
-94
-120
-74
-17
4
163
245
295
316
352
443
455
528
552
578
623
550
566
578
600
669
657
724
767
777
830
819
805
922
1029
965
1033
1123
1073
1016
986
1027
992
950
865
858
955
857
872
913
839
922
926
911
943
838
843
870
812
826
791
743
761
765
747
718
735
678
670
734
632
602
632
605
607
518
347
288
252
162
102
57
13
-79
-164
-146
-67
-33
-24
-35
-144
-252
-295
-426
-632
-659
-645
-746
-727
-759
-854
-840
-821
-732
-805
-1031
-1049
-1054
-1113
-1134
-1203
-1165
-1139
-1149
-1065
-1102
-1108
-1029
-1051
-1049
-1026
-1036
-1067
-1093
-1123
-1118
-1025
-961
-867
-874
-867
-717
-684
-664
-622
-622
-550
-449
-416
-396
-345
-257
-106
-59
-73
-30
-52
-43
-28
-30
0
-31
24
68
98
160
224
391
374
356
460
436
427
415
426
472
514
543
515
560
585
565
614
664
681
662
648
615
636
684
654
666
694
709
831
877
800
806
838
899
877
805
788
691
632
600
581
643
708
721
721
733
668
625
646
631
621
557
501
455
283
312
336
224
309
359
365
320
249
254
245
284
281
195
140
48
-83
-167
-262
-297
-292
-329
-354
-344
-290
-315
-379
-397
-466
-474
-428
-500
-556
-572
-672
-692
-702
-743
-660
-646
-705
-676
-639
-656
-665
-704
-820
-822
-723
-704
-733
-752
-757
-715
-709
-755
-775
-832
-869
-801
-715
-661
-679
-672
-619
-633
-574
-519
-571
-546
-479
-467
-438
-455
-477
-328
-314
-357
-225
-227
-225
-182
-186
-134
-63
4
-46
-112
-7
110
149
243
273
248
279
353
417
487
539
493
501
537
537
562
629
626
631
657
613
645
660
641
680
660
603
652
609
509
531
562
617
645
673
707
722
757
682
607
667
650
540
471
480
399
356
485
562
590
548
524
522
527
536
440
337
363
436
326
263
234
146
186
176
123
152
117
33
23
48
47
-47
-102
-57
-112
-215
-282
-313
-360
-426
-355
-352
-435
-453
-443
-390
-472
-614
-596
-619
-699
-681
-696
-703
-686
-706
-586
-547
-624
-580
-597
-601
-623
-704
-734
-745
-656
-674
-722
-633
-563
-571
-547
-482
-558
-585
-583
-585
-523
-512
-469
-430
-389
-305
-257
-243
-149
-103
-140
-153
-193
-164
-42
24
22
105
124
144
208
114
95
150
140
184
226
249
348
327
279
318
405
420
369
465
520
582
560
594
683
571
601
582
518
486
474
522
461
499
533
474
514
545
525
520
550
536
446
532
570
429
369
432
542
544
538
558
504
465
486
441
361
361
354
328
298
260
294
311
273
266
244
234
200
92
56
-6
-89
-103
-122
-121
-140
-199
-235
-161
-138
-180
-237
-333
-297
-390
-421
-344
-428
-438
-446
-469
-458
-453
-479
-541
-566
-572
-542
-558
-601
-537
-570
-636
-621
-651
-613
-599
-657
-622
-609
-591
-545
-539
-511
-493
-450
-453
-503
-486
-485
-469
-384
-378
-457
-439
-325
-284
-249
-207
-218
-219
-202
-143
-38
-17
-24
35
66
86
44
17
30
18
116
216
265
286
260
316
360
327
308
332
346
407
456
471
529
490
521
608
641
646
595
588
595
620
573
536
616
581
619
639
591
703
700
697
688
592
561
485
402
337
397
452
355
328
336
309
269
320
370
345
279
208
194
142
116
107
40
9
-22
-128
-87
0
-60
-55
-138
-177
-96
-135
-168
-210
-236
-188
-201
-321
-320
-289
-326
-351
-377
-293
-332
-436
-421
-467
-445
-377
-422
-452
-516
-530
-463
-513
-503
-538
-516
-421
-471
-466
-511
-520
-497
-565
-548
-508
-461
-386
-399
-440
-435
-483
-471
-417
-483
-424
-367
-395
-361
-389
-342
-256
-266
-263
-247
-208
-179
-210
-210
-209
-187
-160
-126
-60
-138
-147
-43
4
98
155
183
238
229
255
312
231
180
152
208
285
290
334
322
363
391
472
566
512
521
460
416
538
532
455
504
564
518
493
492
464
510
556
572
617
643
647
609
523
547
582
565
528
443
373
371
365
310
275
262
358
364
290
286
252
274
315
254
198
239
170
93
115
83
75
35
20
80
54
20
29
-6
-83
-140
-157
-174
-293
-326
-272
-346
-293
-262
-307
-261
-293
-310
-330
-369
-372
-428
-502
-568
-552
-492
-472
-495
-513
-551
-641
-598
-564
-536
-518
-570
-555
-589
-606
-581
-516
-537
-581
-499
-451
-411
-411
-381
-323
-334
-346
-316
-329
-368
-317
-326
-329
-288
-308
-260
-180
-89
-22
-49
-83
-46
28
91
104
72
7
-35
52
148
195
196
109
124
269
372
432
420
372
401
443
406
452
504
391
335
397
376
319
310
344
459
503
468
469
541
641
653
582
583
559
411
414
462
397
384
384
380
460
544
563
586
583
514
467
489
467
362
292
263
215
224
209
103
146
195
158
168
180
175
122
-1
-44
0
-124
-171
-154
-228
-233
-273
-246
-224
-277
-227
-217
-245
-260
-275
-323
-425
-428
-409
-377
-429
-600
-658
-610
-545
-453
-363
-485
-582
-456
-427
-515
-559
-596
-591
-528
-484
-400
-378
-437
-478
-458
-396
-374
-390
-397
-436
-407
-305
-382
-402
-327
-303
-241
-196
-192
-232
-242
-132
-34
-26
-75
-177
-163
-125
-89
-10
17
69
83
81
103
148
160
126
91
104
177
193
263
220
128
189
184
220
314
351
424
468
444
487
494
510
475
412
480
407
414
448
435
462
438
482
463
485
537
520
500
528
561
499
468
472
461
397
359
392
356
365
418
420
389
361
390
307
244
233
200
214
119
67
55
9
-25
-3
105
83
-30
-72
-29
-31
-58
-97
-213
-207
-193
-256
-285
-285
-287
-317
-336
-323
-274
-332
-369
-335
-422
-446
-374
-393
-403
-394
-504
-510
-438
-445
-485
-480
-431
-501
-492
-492
-543
-472
-471
-503
-538
-572
-493
-375
-334
-350
-380
-331
-274
-245
-140
-217
-386
-394
-296
-184
-166
-177
-200
-121
-3
0
17
54
92
94
56
57
110
130
155
113
45
121
110
179
307
273
239
283
313
294
253
257
386
323
243
365
391
328
283
298
281
323
372
329
386
394
418
411
316
308
274
340
353
262
283
304
327
280
224
262
232
232
227
179
243
316
236
75
72
93
80
129
93
24
21
39
94
129
111
42
-12
-9
-80
-132
-105
-167
-222
-151
-183
-193
-74
-71
-86
-71
-130
-159
-145
-127
-88
-171
-259
-257
-191
-188
-251
-225
-195
-129
-192
-249
-231
-274
-259
-231
-157
-232
-297
-179
-141
-168
-243
-305
-224
-145
-232
-282
-267
-289
-275
-203
-146
-153
-181
-244
-110
-17
-90
-47
-41
-65
-74
-86
-97
-59
-66
-91
-22
21
113
191
164
116
73
31
-2
-16
22
61
3
3
33
54
90
112
99
54
138
186
146
125
116
137
105
129
75
-17
69
97
116
126
87
107
122
166
191
133
89
109
149
137
144
148
143
129
85
102
90
81
154
193
169
131
144
164
141
171
41
-30
60
27
24
-30
-94
-54
57
107
-10
-75
-57
-22
-19
16
78
26
-20
-71
-49
23
-99
-128
-82
-115
-31
28
13
-7
-26
41
55
-22
-29
-60
-108
-97
-27
31
-4
-25
-20
-7
36
68
0
-77
-90
-42
16
-43
-51
-59
-100
-58
-74
-69
-52
-7
35
-68
-88
-104
-114
-98
-182
-122
-119
-162
-107
-71
-21
-37
34
-6
-105
-43
2
5
-97
-99
-70
-128
-74
-70
-51
-48
-104
-100
-105
-42
-44
-36
-54
-137
-83
-12
26
-13
-14
-13
-66
-85
-91
-100
-111
-103
-117
-22
71
56
108
134
85
75
87
68
67
78
3
10
62
27
34
25
142
215
145
159
156
120
107
88
40
-6
17
85
82
96
79
31
73
67
41
109
191
143
56
52
45
15
-35
-12
39
6
62
81
-4
65
94
49
76
83
107
25
-39
58
47
31
78
57
64
99
26
-42
21
-18
10
66
44
93
25
54
79
-19
-21
-22
-35
-58
-66
-66
-52
-31
-103
-118
-97
-144
-109
-91
-71
-52
-104
-54
-86
-193
-121
-96
-97
-129
-194
-108
-95
-131
-143
-126
-65
-149
-202
-198
-190
-158
-142
-85
-107
-104
-89
-107
-141
-171
-85
-61
-121
-173
-199
-125
-68
-86
-96
-90
-67
-80
-34
-10
-30
-47
-116
-63
-35
-52
-44
-117
-58
50
72
139
128
73
86
82
58
74
107
130
97
26
22
22
67
190
205
125
105
130
123
116
133
50
42
143
90
49
106
123
142
150
122
135
137
123
115
85
51
80
136
98
76
94
98
105
15
90
154
109
171
40
-1
46
25
22
-21
67
99
61
46
93
152
33
24
87
46
-23
-47
-12
-75
-25
23
-94
8
72
-14
76
59
-53
-69
-88
7
52
37
-5
-19
40
-24
-1
33
53
65
-41
-51
-28
-42
-61
-55
9
42
-26
-139
-139
-73
-34
27
12
-35
-3
-17
-68
-72
-68
-103
-88
-69
-99
-86
-170
-211
-191
-242
-240
-177
-119
-136
-59
9
-34
-29
-15
27
-36
-71
-109
-183
-111
-100
-120
-113
-101
-96
-54
-60
-97
16
90
33
-3
3
-19
31
106
53
52
56
35
85
49
7
11
1
20
34
22
-28
-8
28
11
55
78
119
163
58
25
102
91
91
69
15
23
-2
19
32
32
58
0
44
160
143
17
-50
28
62
20
1
16
31
18
-23
12
100
49
14
34
56
94
34
2
20
39
40
12
41
9
-17
21
30
34
1
44
4
-38
73
31
-24
34
85
63
21
31
51
54
37
1
-39
-20
4
-14
-54
-44
-11
-28
-25
-7
-6
16
-24
-70
-51
-45
3
-25
-34
-28
-54
0
-58
-48
-11
-73
-72
-43
-64
-167
-149
-122
-156
-102
-33
-1
40
50
18
15
22
74
75
-10
-33
-18
-21
46
59
-24
-103
-99
-88
-60
-12
-13
84
103
64
86
117
95
77
104
47
-31
-37
-14
-30
26
60
0
-21
20
2
-27
22
29
22
50
88
105
94
90
-4
-55
-5
-44
-33
-24
-129
-91
31
10
49
77
64
114
10
21
84
-32
-53
-49
-147
-120
60
71
9
-37
-110
-28
48
51
75
-19
-101
-81
-40
19
-37
-24
-35
-122
-14
1
-28
-13
-29
-56
-13
10
-73
-92
-142
-52
44
-34
-73
-15
7
-96
-106
-63
-45
-45
-72
-28
8
15
34
56
49
46
15
-81
-85
-27
-52
-81
-28
6
34
24
-44
5
12
-49
16
20
35
162
138
108
89
-4
-11
-61
-91
-12
-4
-43
12
-9
-78
2
54
88
119
98
56
50
84
74
32
-14
25
85
46
-31
-12
32
23
43
-25
-47
56
64
97
122
97
138
112
100
22
-37
-7
-57
-26
18
40
-29
-52
90
126
83
75
50
12
19
5
38
43
-31
-77
-96
-33
26
-24
-60
-3
-33
-29
14
33
81
1
25
84
52
51
8
-28
-9
19
-26
-37
-46
-57
-11
-53
-32
22
-1
27
26
-16
-1
26
-4
-14
7
7
-9
-42
-94
-173
-169
-133
-83
-90
-44
23
-107
-77
-73
-141
-86
-62
-49
-66
-54
-105
-166
-38
-11
-121
-34
-64
-104
-4
-30
-49
-57
-92
-165
-30
12
-64
50
37
-9
-29
67
91
102
186
69
28
31
36
48
52
27
-8
86
99
49
-8
-27
-8
-13
70
59
14
65
83
54
21
33
58
54
4
7
21
15
88
67
13
9
-34
7
51
65
87
54
34
45
39
67
98
42
71
117
33
74
98
8
23
18
22
58
15
2
42
44
80
109
25
-9
3
-17
2
18
1
3
-25
-29
49
66
-11
-41
57
100
25
46
54
19
14
-65
-16
-10
-76
-39
-20
68
-5
-96
-86
-113
-90
-110
-35
18
-4
-32
-80
-87
-127
-87
-101
-98
-43
-105
-112
-73
-63
-108
-126
-114
-62
-36
-153
-119
-6
7
-39
-62
-68
-76
-12
2
73
80
-14
10
-5
-36
-10
-41
-69
4
16
18
97
57
14
17
-21
-1
4
61
134
72
72
91
51
43
-10
-41
-34
-39
-14
-28
-27
-26
-7
-29
-112
-7
31
-51
65
72
-5
26
-13
-4
59
24
-7
6
36
79
40
-53
-51
47
44
118
180
136
191
84
28
53
45
133
98
15
-7
-50
-43
31
70
64
73
57
14
2
-24
-50
-43
-13
5
36
59
-13
-44
-28
-101
-142
-54
3
-18
-32
12
74
42
34
8
-35
-15
13
36
-43
-63
31
17
-1
-36
-99
-82
-39
32
-9
-23
40
-13
-8
3
-28
-24
-59
-101
-73
-30
-78
-156
-81
-19
-64
-68
-15
-10
-60
27
66
37
6
-120
-111
-35
10
14
-46
0
13
-62
-72
-54
15
31
-22
-2
3
41
86
82
97
15
-8
1
-55
-37
4
30
-2
-38
-14
41
62
63
25
22
73
72
56
21
-11
-22
17
19
23
-22
-91
-18
28
50
76
135
133
12
-5
45
31
-23
19
78
40
7
13
13
10
18
37
38
76
105
62
39
54
113
59
-5
-23
-123
-117
-48
-43
-40
-1
-4
-38
-25
4
-13
-40
14
64
30
-10
-10
-29
-41
-29
-44
9
8
10
21
-55
37
47
41
103
88
96
-1
33
79
-24
-34
-32
-14
-43
-24
-19
-37
28
-85
-73
-22
-81
40
-41
-128
-59
-136
-133
-68
-49
-46
-49
-53
-57
-46
-39
-33
-1
-7
-28
-13
-58
-58
-17
-32
-51
-16
-28
-67
-12
-29
-48
-23
-33
13
71
85
55
47
71
67
91
64
-10
-11
10
11
-43
-46
-30
-15
94
79
15
25
65
160
158
123
82
37
34
-74
-95
-39
-28
-27
-90
-70
-3
19
-25
-35
30
-8
35
55
-6
27
43
83
13
-17
62
29
-49
-70
-44
-83
-38
34
3
-9
59
135
117
82
36
-15
5
-10
-56
-60
-25
-15
-54
-42
11
44
8
-5
53
69
69
70
39
59
6
-12
24
-12
24
21
18
28
-6
-9
3
18
35
7
-5
-22
-87
-90
-91
-51
-25
-55
-72
-99
-123
-171
-94
-53
-91
-50
-40
-28
-57
-40
42
103
42
-2
71
55
9
-15
-33
-24
7
11
67
139
137
93
42
80
94
38
-30
-21
28
-43
-31
7
1
25
-12
-27
5
63
66
55
23
-4
2
-59
-52
3
-40
-42
-22
-30
9
-64
-102
-67
9
26
-118
-17
73
6
-6
-90
-51
-27
-33
49
-24
-44
23
41
63
68
59
65
61
69
120
68
23
23
-9
14
-16
0
67
80
136
93
41
105
61
14
18
15
13
-24
-76
-106
-123
-163
-108
-82
-69
-51
-97
-103
-172
-138
-33
-25
-8
-27
-6
12
-8
10
-13
-48
-21
34
-27
-102
-83
-59
-34
-22
10
71
61
17
26
42
109
76
42
61
-24
-10
27
8
10
-42
-73
-53
-4
73
120
127
82
48
41
28
52
34
8
54
-25
-86
-60
-66
-34
-66
-19
61
-9
-23
-18
-70
-2
32
-34
-1
-51
-59
-1
-132
-127
-64
-72
42
47
12
5
-34
-17
17
36
36
100
86
67
70
19
71
57
71
56
2
86
82
98
129
94
110
99
72
57
94
94
25
40
35
-17
-38
-31
5
7
-29
-74
-50
3
-28
-25
14
24
8
-26
-12
3
-49
-150
-125
-46
-106
-122
-120
-76
-58
-63
8
-48
-87
-82
-49
-18
-1
45
-9
-14
12
-19
12
53
14
20
82
56
44
80
68
57
38
-13
-19
29
54
77
22
8
88
71
30
-6
17
21
-32
-44
-59
-108
-123
-84
-86
-99
-105
-114
-122
-105
-62
-62
-67
-111
-139
-81
-63
-48
-35
5
-23
-141
-48
12
-74
-33
32
85
127
155
176
140
169
147
84
103
51
60
151
140
119
79
60
79
42
42
72
66
83
86
45
62
30
27
83
13
-17
-32
-54
-38
-150
-171
-101
-100
-104
-106
-65
-60
-63
-98
-55
-44
-85
-27
-79
-27
11
-66
-104
-97
8
26
-42
-12
24
28
87
64
84
156
152
99
53
66
47
56
31
16
10
3
146
204
108
75
115
137
137
79
33
42
46
3
-75
-74
-93
-81
-52
-99
-66
-120
-129
-67
-119
-115
-120
-127
-150
-170
-58
-30
-21
-41
-94
-39
-135
-195
-90
-79
-70
-46
-87
-48
2
11
90
87
55
86
73
62
77
45
12
54
62
88
140
119
121
148
142
118
91
62
26
19
-20
-29
49
61
51
-4
-49
-72
-75
42
6
-64
-25
6
28
0
-17
-41
-59
-42
-63
-68
-56
-46
-85
-146
-135
-83
11
4
-16
-16
-1
47
-20
11
18
9
36
-40
-34
10
51
75
52
69
80
65
95
87
118
161
115
75
-8
9
-1
-59
41
22
-17
67
45
-76
-95
-68
-74
-28
-53
-116
-57
-18
-84
-61
-41
-75
-75
-181
-199
-111
-106
-106
-110
-94
16
67
36
101
84
19
-25
1
48
23
93
21
-9
91
70
86
134
85
30
78
94
44
51
66
25
18
-45
-25
64
21
13
-46
-88
-30
-55
-48
31
27
37
50
-30
-36
-85
-113
-122
-142
-16
-29
-36
-17
-84
-8
-31
-43
16
-75
-44
22
2
1
40
79
6
-27
-23
1
56
106
89
11
19
35
115
176
148
180
204
129
93
57
20
108
70
11
38
16
12
38
8
-27
-9
0
50
6
-62
5
-29
-114
-74
-115
-162
-111
-138
-64
-66
-133
-12
-20
-4
2
-82
-25
-98
-150
-70
-98
-100
-46
-34
-44
-28
61
107
56
56
34
38
68
18
35
68
65
-26
-80
5
26
19
-5
-28
-5
20
116
144
49
24
12
-9
20
-17
-36
38
12
20
11
-78
-28
-51
-71
-33
-71
-108
-97
1
14
-11
-81
-94
-23
-103
-89
-83
-93
-45
-79
-36
-9
13
5
-60
30
73
4
-41
7
109
73
57
40
59
121
41
23
12
45
113
89
61
48
45
55
67
65
101
83
39
34
51
58
-2
-62
-77
-28
-23
-75
-28
25
-44
-92
-18
42
-21
-97
-110
-58
-20
-24
22
-6
-43
-5
37
58
-16
-27
43
-14
-37
53
69
-7
-58
3
60
58
29
1
60
54
18
69
66
40
28
50
79
42
19
55
26
-53
-3
-42
-53
99
43
-43
2
-64
-72
-17
-38
-45
-92
-60
-20
-14
-7
-57
-48
-73
-133
-148
-155
-112
-47
-65
-19
-10
-91
-4
-2
-69
2
37
36
-11
-49
-7
-67
-16
102
23
18
73
102
122
65
69
53
-10
-20
-11
12
49
121
44
12
55
13
-1
-36
47
24
-62
-23
