2
-18
-42
-60
-11
-7
-8
53
41
-28
-71
-111
-36
41
2
21
15
-23
13
53
15
9
16
23
28
-9
41
35
-14
-24
-27
-9
-41
-4
-18
-45
-5
-60
-99
-98
-41
19
-9
-24
-28
-72
-37
-63
-71
44
-46
-23
95
11
52
39
-17
42
15
14
-17
-38
33
44
16
69
109
-24
-52
8
-30
-41
13
44
18
79
56
1
58
49
83
82
23
15
21
65
25
35
24
-92
8
88
35
-17
-87
-96
-69
-18
-10
-43
9
-9
-85
-89
-102
-41
-35
-76
-62
-63
6
-22
-101
-72
-16
17
-8
-51
-67
0
9
-21
-16
-25
42
12
-44
-19
19
41
6
6
15
29
17
46
120
65
64
136
6
-56
56
61
159
185
84
76
65
84
44
62
89
71
23
-63
5
42
67
61
-51
-49
-18
-35
-7
-19
2
63
-16
-72
-6
6
-61
-82
-22
-77
-88
9
-37
-44
-89
-171
-94
-47
-53
-69
-55
-12
-34
-38
2
37
12
-19
38
40
-51
-38
18
-63
-56
-1
-65
-51
-29
21
68
7
21
50
41
54
40
-8
23
65
45
44
41
-37
-43
22
-7
49
107
3
-90
-83
-8
-32
-108
-41
-25
-2
44
64
76
-28
-31
-46
-70
-24
-39
-9
0
-66
-109
-34
-32
-17
70
21
28
102
108
11
10
53
-4
-43
-92
35
162
71
84
101
21
44
46
0
41
55
-1
34
85
94
74
36
-1
-25
40
33
3
22
-34
-34
-27
-46
24
22
-65
-100
-126
-74
-11
6
-5
-46
-17
-11
-49
-50
10
33
-22
1
112
52
-61
-21
14
-14
-43
78
74
47
80
-54
7
27
-51
49
72
-2
14
60
4
-18
-8
26
62
-4
-30
-24
-40
-96
-41
94
66
4
-15
-22
-14
-20
-19
-45
-112
-111
-37
-41
-42
-81
-118
-75
-113
-26
24
-42
-37
-71
-13
-38
-103
-20
-33
-44
10
-16
27
42
3
83
38
21
76
12
42
48
-4
24
122
127
0
12
33
53
63
-21
10
27
11
6
25
29
-95
-127
-67
2
46
33
15
-5
-17
-34
-6
-5
-18
8
20
14
-18
6
-42
-25
102
73
15
-39
5
43
4
-4
-14
-59
-87
11
-1
-17
4
23
51
-72
-54
-8
-44
12
-15
6
65
29
28
0
-24
-46
-71
-19
47
98
65
-2
35
19
-61
-20
8
3
-16
-63
14
100
22
38
57
-36
45
63
73
13
-42
92
48
16
41
55
22
-29
48
33
-9
17
-57
-82
-36
-54
-29
30
70
61
-41
-27
81
-5
-38
46
5
-5
38
29
-8
24
56
11
12
0
-65
-56
-42
-67
-29
-18
-33
-85
-95
14
-7
-39
-51
-104
-111
-83
-24
-7
19
9
-11
-47
-75
5
-8
-83
-72
-38
-3
21
-27
7
60
-3
63
39
15
55
-11
123
152
46
45
-1
6
27
52
43
-74
-47
-42
-10
68
-9
26
-30
-74
-9
-89
12
76
16
25
-53
-13
7
-94
-50
2
8
-5
-61
-46
29
46
20
87
106
72
4
-37
29
-30
31
48
-44
9
-38
-31
1
-38
-26
-16
-76
-32
21
-9
47
-17
-39
43
68
58
11
-50
-50
18
-5
30
21
18
94
28
38
23
-17
36
0
-27
23
45
18
7
42
27
7
-1
-28
-11
-8
-9
-8
-54
-98
-36
91
98
-7
-7
35
-38
-67
-90
-46
45
-30
-64
-99
-99
-4
59
32
-81
-70
-56
41
90
-7
43
36
-19
3
64
86
37
4
-4
15
-5
-27
24
87
98
76
51
19
60
47
-65
-70
-19
29
63
31
-14
15
34
-71
-27
76
10
23
-7
-86
-24
-37
-91
-95
-104
-107
-118
-118
-109
-83
-38
-21
-36
8
80
56
-42
-38
25
29
18
21
15
-25
-43
-107
-43
35
0
77
86
59
51
20
39
52
19
-19
31
103
37
50
78
7
61
-2
-107
-16
19
16
41
20
-25
-31
-102
-106
74
44
-45
-23
-82
-73
36
70
2
-59
-79
-33
31
-14
18
76
15
8
7
54
86
-11
-30
43
27
48
131
102
0
-20
33
32
5
-19
6
64
68
-14
-16
42
52
146
77
-9
52
20
-33
-6
9
-60
3
2
-19
62
-8
-15
-20
-91
-98
-138
-134
-96
-42
6
-36
-68
-68
-63
-16
8
-21
-19
50
98
31
-40
-50
-51
-51
-60
-29
5
-29
-37
20
-11
-46
-91
-142
-32
41
-14
-45
-41
4
64
63
42
18
73
92
79
59
-33
16
48
62
49
-74
5
58
3
62
56
5
2
45
91
73
74
53
24
-12
-23
-2
-80
-55
5
-5
33
20
71
103
43
18
31
14
-49
-30
-75
-79
39
47
30
-6
-69
-10
11
-44
3
42
50
0
-64
-54
-53
-30
14
-12
-87
-59
-48
-46
-5
32
74
-36
-67
-22
-19
27
61
16
-11
26
24
13
-50
-58
-51
-51
-20
21
37
19
40
33
47
20
-17
-26
-61
-47
-112
-96
20
-9
-17
-15
-30
-3
-10
18
8
-21
27
31
14
16
67
76
-30
20
65
-12
16
56
63
22
-36
-13
-18
-31
-10
-26
-24
-7
40
-9
-76
33
40
40
3
-79
56
95
5
-7
-11
22
33
-53
-70
-15
4
-15
-9
-17
-59
-9
-18
-27
-44
-131
-86
12
96
78
44
82
54
31
42
78
83
-19
-35
-24
-15
96
143
61
16
43
9
15
52
6
9
70
1
30
96
51
83
34
-42
-31
12
13
-1
20
48
12
-73
-26
-28
-76
-1
-4
-61
-53
-34
-18
-28
-51
-34
-39
-71
-70
3
-31
-99
-34
-31
-36
-2
50
10
-50
-82
-138
-107
-89
-62
-42
1
-28
-95
6
23
20
-9
-19
61
3
-26
24
42
6
-2
-25
-75
-15
10
39
100
-5
-28
27
-66
-6
63
6
19
-24
-62
-20
43
88
49
-32
23
74
17
-3
-6
1
-13
6
17
3
20
50
56
86
123
13
3
7
-6
47
6
50
69
39
48
54
75
40
2
-45
-31
18
39
74
68
34
17
52
31
-18
13
51
11
-34
-2
7
0
-30
-73
-84
-72
-22
19
10
-46
-36
-27
-29
-14
-66
-86
-91
-98
-68
-47
-33
-34
-35
-76
-68
-23
-73
-76
-38
-29
15
33
4
21
62
43
19
19
-15
-9
12
-11
14
3
-5
20
-5
94
69
-8
53
-8
50
71
-18
42
16
-50
11
63
16
-6
-30
2
28
-25
-4
-70
-43
24
-38
-60
-54
-77
-72
37
1
-59
-62
-40
17
44
44
53
35
-77
-15
-1
-26
28
1
16
-3
-42
-7
73
32
36
118
22
-23
-13
-2
3
-44
-64
-45
-19
5
92
58
9
36
16
18
-22
15
17
-38
-8
-59
-45
48
106
32
-14
116
91
-11
37
49
-4
52
71
-8
-38
12
0
-26
36
1
-39
-66
-56
65
17
-28
26
-51
-13
33
-42
23
50
40
58
4
11
3
21
13
-10
24
-38
-44
-33
-18
-16
-38
-10
44
75
24
-15
16
57
11
-89
-109
9
34
46
26
-93
-92
-97
-109
-128
-105
-56
-45
4
8
-28
-32
-21
-65
-77
-61
-69
27
134
46
-64
-53
-61
-40
-19
-5
23
82
83
26
81
132
122
5
1
46
23
99
107
64
4
43
87
31
-3
-31
81
121
48
68
32
-4
38
41
-13
-12
-41
-49
-1
-23
20
46
32
-10
4
69
74
32
-28
-8
-13
12
-19
-51
-14
-64
-85
-70
-5
-13
-35
-2
-29
-46
-72
-60
-39
-21
-9
-25
-8
-51
-91
-27
14
30
72
-11
-86
-31
-22
-15
-23
-60
-28
-1
7
55
71
30
-9
-57
19
147
40
-44
-6
-10
25
-4
-29
5
-62
-47
-39
-94
-17
-10
-48
-53
-21
-47
-90
6
0
2
75
49
16
17
8
79
124
60
32
50
127
104
76
115
77
65
56
43
42
51
12
-10
43
7
-31
-20
26
100
53
0
1
-1
-7
-52
-59
-65
-40
-54
-61
8
-25
3
22
-69
-58
-28
-5
37
-21
-83
-63
-151
-205
-26
20
-68
-58
-18
37
52
0
-51
15
57
30
62
-48
-48
112
74
16
-13
-11
80
52
-34
-52
-32
35
11
8
19
-50
48
71
-23
21
63
10
15
38
40
31
13
42
-17
-40
-67
-61
43
23
48
107
32
-47
-29
26
19
-46
-4
54
-27
14
18
-66
-15
-4
4
57
58
13
40
18
-33
-6
-2
-53
-101
-45
-52
-46
-33
-59
-8
11
27
-27
-26
60
36
31
-8
-7
-25
-26
97
17
-11
20
-58
-27
-32
-28
-10
-68
-26
-32
-38
11
-48
-76
-48
-88
-28
76
16
11
-26
-42
19
-29
37
22
-59
-25
-16
33
78
104
20
-27
75
14
-6
107
62
24
66
73
88
123
101
-6
-21
2
19
7
-2
91
104
108
93
28
18
31
29
-51
-63
-58
-117
-90
-36
-23
-40
-68
-36
-35
-78
-19
1
-36
-39
-75
-36
4
-62
-29
-13
-39
8
-27
-49
-81
-104
-74
-50
-15
-63
57
140
-17
-29
-29
-77
-37
54
124
48
18
51
69
73
6
14
61
65
50
-26
-30
-28
-70
15
39
76
55
-52
35
23
-8
25
-60
-83
-18
10
7
-11
-34
-7
-48
-77
0
1
-9
19
-31
-17
12
19
65
14
-23
27
87
21
-47
17
28
42
15
-14
34
-1
-71
-35
-53
-85
-23
-46
-11
-5
-59
-6
68
135
60
-21
-47
-62
-57
-98
-21
-16
-74
-25
-59
-77
-83
-101
-30
-42
-110
-62
-46
-55
-41
-69
-56
-9
59
56
37
63
-13
45
142
75
90
96
63
-3
-94
12
136
31
-30
52
39
42
59
110
126
0
60
75
1
40
42
83
89
120
164
139
164
106
94
136
93
54
16
88
66
26
101
75
113
39
-22
27
2
37
-30
-55
-4
-41
0
25
10
65
-8
-71
-2
-36
19
77
17
11
11
2
19
90
85
96
85
-19
-12
-68
-131
-113
-69
-44
-102
-148
-167
-95
-133
-244
-192
-141
-151
-151
-97
-80
-84
-82
-130
-130
-101
-132
-127
-184
-285
-247
-225
-222
-229
-281
-252
-235
-287
-289
-229
-231
-292
-239
-169
-147
-148
-136
-74
-48
-11
-31
-70
-20
-52
-78
-52
-62
14
-5
-7
54
28
-25
-53
44
58
77
136
90
115
133
119
227
264
246
314
305
324
294
258
242
248
341
283
229
254
293
244
280
304
249
327
191
158
267
214
208
191
173
248
282
253
284
324
303
303
339
333
370
434
379
279
240
165
128
127
104
109
95
108
117
152
145
59
-11
-9
70
66
54
35
-46
-102
-137
-103
-131
-194
-223
-251
-181
-159
-274
-381
-394
-408
-431
-460
-527
-542
-516
-510
-549
-572
-563
-509
-441
-491
-500
-405
-380
-336
-322
-380
-405
-368
-329
-352
-385
-392
-358
-340
-299
-299
-288
-283
-287
-173
-190
-218
-202
-231
-187
-149
-177
-177
-94
-42
15
38
63
133
158
206
179
172
152
5
50
167
220
283
237
262
315
361
473
389
241
263
413
526
510
515
575
599
568
577
564
447
417
420
369
376
412
483
564
623
643
639
688
658
624
661
632
597
630
698
620
546
601
530
512
475
365
385
328
303
288
204
177
173
234
306
308
314
302
306
277
188
206
82
3
87
64
83
117
173
211
180
72
-83
-253
-491
-739
-878
-994
-1131
-1196
-1295
-1267
-1128
-1117
-1231
-1373
-1396
-1332
-1331
-1371
-1329
-1238
-1029
-852
-731
-536
-411
-338
-396
-514
-646
-793
-921
-1121
-1244
-1278
-1254
-1197
-1102
-980
-830
-694
-673
-600
-529
-527
-468
-392
-367
-242
35
292
394
467
615
585
517
417
254
165
-51
-147
-153
-168
16
113
204
376
415
507
533
493
582
540
504
526
575
649
682
896
1007
988
994
983
977
870
814
793
727
790
926
1048
1210
1281
1304
1299
1279
1274
1156
1052
1002
951
940
942
847
907
1099
1102
1134
1123
1057
972
854
834
735
664
721
755
773
813
871
858
778
686
520
340
172
69
113
122
211
363
433
506
481
474
453
359
195
-138
-429
-559
-751
-967
-1082
-1235
-1257
-1291
-1416
-1485
-1673
-1848
-2081
-2334
-2496
-2710
-2631
-2382
-2256
-1957
-1620
-1339
-1116
-1081
-1009
-993
-1190
-1348
-1512
-1633
-1739
-1851
-1732
-1656
-1601
-1467
-1417
-1344
-1270
-1262
-1335
-1409
-1377
-1360
-1219
-912
-604
-294
45
426
663
811
888
830
696
504
349
196
49
-17
45
237
391
487
641
767
729
569
458
394
365
359
448
647
863
1199
1475
1707
1968
2062
2096
2138
1912
1585
1435
1333
1266
1179
1202
1363
1569
1789
1855
1839
1827
1710
1558
1442
1297
1197
1104
1109
1198
1225
1348
1450
1444
1385
1302
1233
1026
759
533
418
415
445
504
610
832
1018
1194
1300
1220
1120
888
629
527
349
204
191
150
128
161
178
189
182
54
-122
-266
-358
-460
-500
-566
-702
-720
-899
-1156
-1289
-1519
-1836
-2218
-2637
-3030
-3487
-3802
-3879
-3939
-3933
-3767
-3484
-3242
-3068
-2828
-2451
-2256
-2198
-1906
-1700
-1570
-1362
-1262
-1131
-1165
-1316
-1419
-1725
-1973
-2256
-2549
-2624
-2638
-2557
-2424
-2105
-1767
-1521
-1159
-734
-321
-8
265
574
889
1220
1568
1757
1798
1806
1634
1326
999
584
217
-71
-414
-615
-576
-449
-206
130
439
837
1245
1557
1897
2102
2312
2583
2683
2760
2806
2862
2839
2731
2596
2371
2103
1686
1427
1252
1075
1128
1023
944
1124
1242
1349
1511
1603
1675
1887
2127
2242
2381
2549
2530
2485
2390
2157
1950
1720
1409
1047
760
565
475
423
396
477
592
749
915
1071
1182
1240
1361
1416
1559
1717
1645
1558
1424
1266
991
537
175
-206
-620
-883
-1044
-1027
-993
-1015
-929
-790
-707
-711
-786
-1068
-1463
-1891
-2316
-2740
-3192
-3503
-3875
-4287
-4588
-4838
-4986
-5147
-5139
-4903
-4740
-4546
-4092
-3554
-3067
-2484
-1985
-1596
-1267
-1141
-1117
-1065
-1051
-1213
-1396
-1630
-1971
-2103
-2301
-2608
-2825
-3077
-3222
-3237
-3096
-2784
-2272
-1656
-961
-122
629
1342
1911
2240
2500
2625
2575
2402
2055
1785
1586
1331
1228
1008
753
516
217
94
-64
-171
-172
15
453
974
1665
2324
2918
3374
3648
3830
3818
3659
3336
2882
2518
2302
2073
1850
1749
1716
1700
1756
1786
1724
1716
1667
1572
1592
1661
1818
1987
2120
2372
2595
2642
2607
2561
2382
2130
1804
1400
1082
793
576
393
240
135
68
140
325
562
866
1289
1715
2111
2482
2759
2875
2806
2655
2356
1856
1289
683
135
-306
-730
-1014
-1237
-1446
-1558
-1677
-1674
-1536
-1367
-1117
-843
-496
-38
350
529
422
34
-683
-1631
-2701
-3880
-5111
-6374
-7405
-8053
-8260
-8005
-7600
-6950
-6027
-5100
-4276
-3609
-2964
-2489
-2146
-1851
-1762
-1640
-1375
-1032
-855
-823
-789
-1102
-1642
-2247
-2988
-3680
-4265
-4698
-4912
-4722
-4134
-3377
-2293
-1033
180
1336
2221
2936
3429
3490
3452
3375
3196
2972
2608
2282
1914
1619
1375
980
625
183
-153
-336
-370
-156
204
814
1593
2463
3319
3988
4461
4705
4666
4390
3859
3195
2489
1725
1194
824
634
695
852
1244
1701
2154
2478
2546
2640
2610
2496
2422
2231
2138
2055
2066
2152
2115
2248
2312
2108
1880
1676
1389
1046
705
417
233
41
-8
87
192
410
545
651
991
1380
1744
2162
2553
2900
3206
3306
3217
2854
2271
1723
961
68
-727
-1350
-1751
-2039
-1985
-1704
-1402
-1003
-622
-184
133
349
451
365
389
180
-183
-549
-1163
-1991
-3105
-4327
-5515
-6812
-8148
-9260
-9928
-9907
-9357
-8581
-7549
-6123
-4576
-3168
-1905
-1107
-660
-460
-540
-800
-1205
-1447
-1539
-1597
-1728
-2053
-2319
-2661
-3269
-3963
-4795
-5527
-5935
-6119
-5890
-5077
-3674
-1913
12
1865
3510
4949
5889
6231
6011
5421
4673
3718
2636
1624
843
425
146
-14
-50
24
216
319
501
735
1071
1585
2214
2961
3721
4490
5182
5674
5818
5689
5193
4393
3362
2127
985
-46
-664
-966
-1003
-505
288
1331
2398
3238
3992
4475
4534
4361
3999
3438
2935
2468
2036
1757
1562
1513
1340
1183
1071
766
459
88
-238
-534
-717
-678
-504
-205
24
299
669
929
1090
1220
1381
1576
1794
2042
2207
2404
2522
2259
1802
1246
615
-95
-845
-1535
-1965
-1985
-1913
-1681
-1205
-787
-480
-163
127
168
80
76
138
180
180
284
274
-110
-854
-1943
-3305
-4878
-6542
-8241
-9809
-10884
-11213
-10727
-9707
-8329
-6590
-4699
-2888
-1403
-487
-55
141
-33
-564
-1160
-1747
-2069
-2140
-2252
-2424
-2788
-3256
-3783
-4470
-5330
-6181
-6759
-7014
-6695
-5839
-4269
-2105
84
2320
4347
6039
7223
7551
7111
6158
5048
3812
2469
1315
501
168
273
482
666
914
1141
1344
1566
1698
1798
2056
2542
3093
3755
4589
5356
5926
6088
5751
5154
4251
3098
1864
592
-336
-736
-731
-452
154
1144
2213
3207
3976
4466
4809
4978
4899
4487
3936
3439
2992
2594
2183
1797
1546
1215
913
734
334
30
-55
12
174
265
462
644
774
955
1051
991
783
479
286
310
363
458
756
1150
1577
1950
1950
1679
1263
610
-69
-782
-1617
-2226
-2518
-2442
-2090
-1750
-1244
-689
-262
-24
-40
-138
-335
-695
-927
-943
-995
-826
-570
-643
-1098
-1982
-3107
-4609
-6575
-8612
-10531
-12122
-12969
-12971
-12119
-10567
-8638
-6383
-4145
-2206
-665
211
476
172
-480
-1120
-1762
-2249
-2469
-2388
-2045
-1769
-1660
-1894
-2462
-3169
-4066
-5030
-5852
-6156
-5725
-4645
-2871
-581
1803
4104
6091
7463
8113
7938
7127
5858
4327
2949
1895
1277
1067
1225
1667
2141
2565
2907
3033
2958
2803
2571
2453
2543
2879
3409
3997
4730
5283
5497
5513
5155
4461
3584
2530
1631
962
468
426
646
1191
2011
2918
3800
4454
5159
5540
5402
5070
4455
3640
2594
1462
580
-196
-802
-928
-888
-743
-274
224
608
779
909
1123
1086
960
848
795
884
887
704
406
-7
-567
-1070
-1590
-2058
-2261
-2117
-1462
-547
433
1479
2348
2762
2683
2135
1131
-149
-1436
-2579
-3347
-3548
-3183
-2381
-1627
-981
-259
141
-29
-622
-1406
-2182
-2648
-2684
-2508
-2034
-1195
-369
-127
-670
-1934
-3796
-6063
-8687
-11407
-13551
-14479
-14123
-12743
-10678
-8103
-5194
-2396
-124
1252
1659
1424
774
-240
-1412
-2225
-2450
-2335
-2049
-1713
-1425
-1200
-1316
-2066
-3132
-4130
-4967
-5467
-5410
-4716
-3249
-1040
1425
3692
5518
6998
7999
8229
7636
6449
5171
3919
2867
2118
1622
1675
2277
2883
3215
3529
3872
3988
3731
3152
2603
2337
2216
2203
2263
2662
3447
4180
4731
4911
4923
4850
4520
3919
3061
2404
1995
1737
1715
1853
2414
3155
3866
4496
4762
4836
4682
4107
3044
1760
579
-428
-1124
-1537
-1585
-1124
-381
487
1248
1649
1922
1905
1480
945
390
-22
-262
-361
-245
-30
99
40
-325
-986
-1709
-2451
-3149
-3516
-3333
-2434
-1258
77
1514
2562
3136
3020
2331
1192
-339
-1856
-2921
-3547
-3748
-3312
-2460
-1486
-749
-354
-586
-1329
-2047
-2871
-3530
-3722
-3480
-2759
-1583
-387
141
-83
-1080
-2960
-5453
-8277
-11059
-13377
-14551
-14241
-12796
-10487
-7609
-4428
-1434
811
2025
2156
1541
562
-640
-1817
-2517
-2561
-2020
-1240
-518
181
549
441
-146
-1402
-2822
-3851
-4477
-4593
-3950
-2547
-428
1996
4131
5753
6826
7452
7352
6455
5149
3869
2948
2290
1884
1750
1949
2566
3210
3579
3690
3715
3696
3375
2818
2341
2117
2267
2586
2785
2941
3170
3443
3576
3444
3086
2781
2669
2439
2182
2118
2258
2662
2950
3022
3187
3457
3898
4197
4199
4098
3849
3445
2787
1860
800
-155
-874
-1416
-1754
-1750
-1174
-361
337
1020
1522
1810
1958
1722
1100
505
138
-167
-478
-680
-771
-720
-764
-1116
-1587
-2088
-2404
-2524
-2412
-1928
-1174
-83
1066
1899
2365
2330
1837
971
-339
-1772
-2925
-3574
-3777
-3626
-2973
-2029
-996
-249
-51
-216
-819
-1376
-1821
-2466
-2722
-2484
-1923
-1391
-1402
-1868
-2700
-4056
-5982
-8290
-10636
-12353
-13001
-12684
-11529
-9595
-6954
-3979
-1266
706
1854
2369
2128
1100
-396
-1772
-2539
-2742
-2602
-2227
-1620
-826
-30
262
-277
-1260
-2206
-2984
-3654
-3929
-3483
-2254
-247
1969
3980
5883
7410
8343
8399
7508
6269
4931
3674
2549
1702
1553
1904
2591
3273
3678
4090
4421
4360
3788
2921
2321
2178
2172
2228
2383
2831
3539
3969
3997
3771
3386
2982
2427
1600
785
404
547
845
1186
1768
2648
3616
4325
4593
4497
4392
4096
3259
1986
712
-140
-808
-1520
-2042
-2107
-1718
-1063
-469
-132
182
542
771
720
431
255
248
193
202
240
318
532
555
240
-327
-912
-1286
-1528
-1741
-1841
-1633
-1035
-315
216
556
745
753
507
-201
-1157
-1748
-2011
-2219
-2189
-1936
-1462
-720
-197
21
30
-182
-440
-988
-1680
-2201
-2565
-2741
-3015
-3476
-4098
-4708
-5405
-6584
-7984
-9279
-10078
-10285
-10062
-9436
-8285
-6313
-4026
-2016
-328
921
1748
2066
1675
718
-424
-1413
-2046
-2457
-2768
-2811
-2413
-1807
-1400
-1418
-1725
-1981
-2242
-2527
-2629
-2230
-1087
590
2298
4064
5821
7203
8066
8040
7103
5788
4430
3009
1700
608
192
637
1397
2307
3137
3866
4564
4777
4434
3920
3352
3104
3126
3001
3081
3496
4101
4515
4339
3842
3210
2479
1675
703
-156
-465
-282
264
1044
1921
3070
4398
5418
5774
5694
5456
4748
3628
2305
897
-186
-967
-1577
-1963
-2156
-1935
-1424
-1070
-872
-657
-393
-272
-254
-366
-503
-272
19
160
184
314
594
626
347
-120
-591
-854
-981
-1298
-1565
-1533
-1250
-1009
-998
-971
-978
-933
-978
-1157
-1329
-1433
-1262
-1093
-1054
-988
-873
-710
-699
-917
-1053
-911
-729
-604
-585
-726
-759
-973
-1662
-2686
-4124
-5540
-6855
-8342
-9692
-10659
-10829
-10188
-9277
-8157
-6635
-4786
-2921
-1349
-47
880
1358
1589
1383
819
153
-493
-1020
-1578
-2077
-2461
-2473
-2154
-2179
-2413
-2614
-2717
-2594
-2491
-2131
-1328
-172
1462
3242
4935
6456
7624
8258
8059
7149
5820
4289
2753
1309
286
-128
59
769
1633
2407
3178
3836
4099
3884
3439
3133
3085
3200
3282
3442
3842
4273
4511
4389
3829
2921
1824
780
-205
-1130
-1608
-1385
-649
341
1558
3004
4477
5532
6094
6171
5722
4932
3848
2469
912
-385
-1187
-1698
-2012
-2017
-1771
-1239
-640
-323
-160
-67
42
142
53
-123
-66
153
353
505
555
610
601
418
-62
-597
-853
-1012
-1024
-1036
-913
-474
-74
107
-15
-236
-437
-736
-1132
-1558
-1819
-1799
-1596
-1445
-1421
-1303
-1075
-977
-1094
-1313
-1481
-1414
-1072
-764
-604
-481
-447
-666
-1512
-2803
-4262
-5993
-7844
-9751
-11302
-11946
-11609
-10705
-9383
-7598
-5568
-3177
-1059
243
1083
1494
1616
1338
550
-250
-745
-984
-1200
-1478
-1738
-1779
-1709
-1899
-2393
-3014
-3365
-3325
-3076
-2572
-1501
93
2110
4112
5589
6884
7918
8281
7815
6698
5201
3766
2603
1396
481
272
684
1446
2217
2887
3514
3985
4170
3961
3511
3165
3007
3010
3017
3227
3603
3795
3870
3678
3123
2390
1580
631
-257
-782
-850
-387
401
1471
2727
4016
5244
6016
6215
5909
5175
4084
2605
1064
-266
-1392
-2097
-2421
-2461
-2164
-1550
-740
-104
224
348
317
200
-43
-315
-380
-332
-281
-92
211
464
518
347
-5
-466
-902
-1197
-1352
-1340
-1090
-661
-77
368
707
839
557
107
-489
-1050
-1492
-1765
-1809
-1575
-1168
-801
-464
-329
-365
-705
-1251
-1523
-1672
-1705
-1538
-1134
-593
-321
-511
-1313
-2551
-4203
-6300
-8533
-10713
-12177
-12578
-12198
-10947
-9053
-6856
-4372
-2049
-181
1086
1642
1626
1143
355
-509
-1139
-1398
-1416
-1468
-1448
-1285
-1284
-1469
-1836
-2550
-3306
-3762
-3928
-3539
-2632
-1230
811
3056
5072
6785
8078
8702
8589
7660
6173
4548
2931
1623
699
331
472
923
1655
2293
2910
3370
3390
3215
2841
2456
2316
2398
2679
3048
3401
3751
3938
3725
3144
2283
1267
212
-743
-1390
-1522
-1071
-226
969
2338
3711
4993
5908
6382
6288
5751
4766
3433
2079
734
-286
-1022
-1546
-1720
-1619
-1356
-904
-324
118
511
723
649
484
348
388
416
332
356
466
606
702
597
415
135
-282
-611
-855
-971
-886
-595
-237
16
263
477
460
354
92
-519
-1027
-1328
-1471
-1598
-1685
-1444
-1285
-1299
-1345
-1375
-1365
-1288
-1113
-1008
-872
-561
-192
-186
-668
-1553
-2866
-4543
-6572
-8776
-10726
-12038
-12536
-12254
-11251
-9530
-7253
-4730
-2369
-468
895
1611
1758
1413
583
-315
-896
-1209
-1505
-1601
-1452
-1271
-1151
-1535
-2366
-3283
-4047
-4562
-4993
-4932
-3940
-2215
-33
2306
4612
6777
8412
9208
9086
8157
6741
5130
3473
1913
654
1
140
666
1140
1667
2317
2746
2783
2658
2447
2398
2587
2739
3045
3585
4214
4762
5008
4814
4188
3419
2507
1367
146
-786
-995
-724
-233
536
1765
3235
4470
5315
5641
5626
5312
4690
3779
2615
1538
622
-75
-605
-993
-1061
-1026
-927
-835
-762
-500
-283
-220
-239
-188
27
314
555
671
738
848
981
910
722
578
465
425
349
237
271
353
346
260
-93
-383
-496
-684
-949
-1208
-1237
-1187
-1162
-1165
-1142
-1120
-1150
-1244
-1484
-1681
-1630
-1211
-688
-407
-154
210
249
-391
-1637
-3272
-5086
-7148
-9470
-11536
-12883
-13143
-12513
-11459
-9978
-8042
-5692
-3333
-1469
-194
633
1107
1180
753
249
3
-159
-333
-706
-1177
-1435
-1642
-2173
-3153
-4305
-5220
-5789
-6001
-5795
-4946
-3227
-837
1807
4333
6716
8956
10495
10778
10008
8567
6888
5156
3207
1417
213
-208
-20
321
749
1365
2042
2310
1948
1441
1344
1626
2072
2605
3254
4253
5372
6060
6211
5855
5113
4016
2447
780
-532
-1228
-1223
-820
-166
901
2385
3787
4698
5012
4887
4597
3944
3100
2276
1482
1123
1050
818
515
486
589
478
151
-318
-694
-832
-896
-942
-782
-483
-114
205
161
186
301
156
-65
-370
-603
-478
-63
439
1008
1550
1962
2126
1856
1290
608
-146
-900
-1691
-2316
-2503
-2266
-1707
-1378
-1252
-948
-808
-941
-1360
-1711
-1772
-1679
-1312
-859
-179
680
1065
627
-497
-2103
-4015
-6443
-9212
-11491
-13006
-13392
-12853
-11815
-10177
-8033
-5659
-3500
-1867
-770
-26
473
608
386
291
514
791
799
466
118
-273
-894
-2005
-3621
-5172
-6253
-6977
-7403
-7148
-6025
-4136
-1756
777
3287
5762
8062
9694
10196
9685
8754
7619
6037
4148
2481
1361
770
407
97
73
375
765
958
715
392
568
1189
1936
2665
3503
4654
5937
6727
6857
6578
5890
4771
3218
1472
110
-473
-644
-645
-155
870
2235
3397
4155
4535
4493
4354
3879
3043
2336
1923
1808
1714
1538
1379
1357
1363
969
270
-406
-872
-1102
-1405
-1690
-1525
-895
-153
297
400
458
635
625
206
-241
-378
-111
336
750
1321
2005
2615
2827
2366
1554
727
-71
-1013
-2000
-2637
-2745
-2301
-1861
-1556
-1158
-662
-309
-551
-1052
-1394
-1277
-831
-484
-173
290
948
1181
455
-905
-2613
-4701
-7276
-10096
-12304
-13430
-13450
-12695
-11731
-10350
-8297
-5919
-3848
-2510
-1619
-809
-212
16
76
354
914
1320
1317
865
185
-443
-1185
-2477
-4339
-6052
-7194
-7792
-7939
-7588
-6508
-4625
-2326
-47
2238
4795
7438
9309
10043
9928
9356
8674
7586
5919
4020
2386
1287
540
69
-112
137
496
732
744
612
901
1496
2136
2536
3002
4003
5213
6165
6586
6555
6059
5122
3705
2077
826
34
-348
-473
-217
713
2135
3545
4404
4658
4503
4104
3474
2751
2011
1472
1429
1528
1722
1999
2371
2649
2395
1617
529
-288
-881
-1347
-1539
-1587
-1218
-537
135
637
868
978
743
51
-547
-652
-356
63
501
1082
1762
2357
2534
2217
1405
211
-988
-2088
-2955
-3346
-3179
-2727
-2229
-1780
-1310
-680
-383
-678
-1307
-1781
-1721
-1326
-734
-73
615
1143
1052
177
-1345
-3066
-5144
-7928
-10790
-12924
-13687
-13231
-12223
-10914
-9285
-7255
-5195
-3454
-2176
-1372
-830
-614
-633
-675
-373
480
1153
1047
444
-182
-681
-1217
-2350
-4074
-5603
-6647
-7229
-7264
-6676
-5276
-3282
-1272
560
2481
4886
7387
9091
9638
9360
8830
8310
7537
6198
4490
2833
1517
579
-87
-348
-6
516
653
445
516
1158
2090
2762
2999
3266
3845
4816
5691
6257
6454
6013
5128
3874
2536
1492
865
424
72
109
811
2246
3788
4777
5147
5002
4456
3726
2838
1926
1311
872
644
752
1202
1915
2477
2472
1880
972
18
-777
-1419
-1865
-1959
-1791
-1442
-790
-10
623
941
772
375
17
-123
19
200
488
950
1387
1819
1967
1601
1074
339
-666
-1667
-2440
-2598
-2375
-2193
-2006
-1830
-1430
-902
-780
-1075
-1421
-1370
-936
-482
80
695
1184
1225
376
-1022
-2660
-4336
-6397
-9078
-11538
-12993
-13037
-12191
-11152
-10020
-8528
-6723
-5023
-3650
-2730
-2053
-1530
-1324
-1361
-1182
-422
696
1319
916
120
-472
-978
-1805
-3258
-5020
-6356
-7145
-7491
-7242
-6256
-4515
-2535
-746
902
2900
5348
7603
8834
8842
8392
8105
7888
7141
5894
4555
3293
2250
1261
560
536
882
990
637
204
369
1228
2210
2858
3089
3445
4185
4987
5656
5988
5933
5470
4529
3274
2284
1846
1694
1505
1224
1370
2216
3491
4544
4909
4741
4325
3755
3025
2287
1751
1500
1293
1185
1308
1627
2209
2572
2286
1544
654
-115
-626
-964
-1083
-930
-724
-472
-73
307
500
398
50
-389
-699
-646
-284
290
847
1337
1664
1716
1602
1119
428
-384
-1352
-2054
-2344
-2326
-2048
-1747
-1534
-1307
-1290
-1583
-1974
-2305
-2434
-2276
-1828
-1212
-481
283
609
178
-1055
-2749
-4642
-6873
-9226
-11359
-12634
-12690
-11850
-10730
-9469
-7838
-6211
-4790
-3866
-3379
-2975
-2752
-2586
-2407
-1825
-659
474
1224
1351
1009
598
-45
-1142
-2759
-4436
-5736
-6608
-6934
-6754
-5902
-4464
-2795
-1098
581
2485
4603
6508
7669
8110
8286
8359
8150
7457
6444
5282
4093
2958
1903
1164
829
764
601
351
365
713
1326
1899
2289
2622
3154
3889
4651
5386
5881
6069
5836
5162
4311
3469
2768
2170
1479
919
1038
1751
2644
3477
4024
4327
4486
4324
3792
3172
2529
1873
1508
1359
1452
1825
2117
2205
1915
1448
1059
520
-183
-777
-1053
-1081
-936
-532
19
406
529
364
55
-129
-88
83
154
335
811
1481
2047
2121
1810
1262
500
-464
-1371
-1935
-2138
-2121
-2025
-1845
-1577
-1127
-758
-987
-1624
-2048
-2086
-1725
-1156
-614
-66
251
177
-541
-1850
-3440
-5563
-8192
-10947
-12976
-13599
-13045
-11780
-10516
-9144
-7185
-5151
-3624
-2890
-2690
-2811
-3189
-3384
-3304
-2678
-1415
-317
187
279
325
437
54
-1212
-3135
-5091
-6435
-7140
-7350
-6966
-5798
-4244
-2772
-1096
970
3424
5679
6960
7300
7344
7730
8088
7982
7309
6085
4902
3896
3058
2445
1916
1537
991
351
22
297
1357
2319
2636
2776
3189
4176
5403
6157
6438
6369
5972
5337
4467
3788
3348
2705
1779
971
860
1624
2753
3566
3779
3622
3511
3402
3155
2698
2079
1458
1003
882
1243
2107
3008
3431
3128
2321
1606
1089
394
-612
-1698
-2298
-2157
-1570
-818
-124
465
608
260
-137
-379
-288
-181
-52
244
774
1826
2794
3265
3074
2133
998
-186
-1404
-2349
-2912
-3123
-3027
-2704
-2079
-1347
-845
-732
-1029
-1472
-1727
-1521
-1116
-813
-526
-538
-939
-1476
-2458
-4247
-6831
-9601
-11741
-12864
-12795
-12037
-11031
-9532
-7574
-5567
-3928
-2729
-2118
-2279
-2979
-3732
-3900
-3324
-2241
-1184
-589
-60
642
1123
970
-215
-2277
-4459
-6354
-7818
-8677
-8601
-7444
-5689
-3894
-2001
483
3456
6111
7568
7788
7689
7890
8192
8024
7327
6416
5471
4639
3803
2920
2326
1730
785
-383
-1233
-1054
-89
1100
2016
2675
3681
5059
6276
7074
7393
7249
6724
5827
4878
4195
3841
3508
2807
2106
1849
2174
2872
3171
2915
2544
2138
1870
1784
1786
1836
1767
1805
2099
2632
3459
4099
4168
3745
2881
1824
916
103
-701
-1460
-2049
-2157
-1832
-1156
-327
167
183
-52
-226
-226
-53
109
316
728
1300
1958
2533
2802
2602
1868
483
-1002
-2137
-2922
-3303
-3610
-3681
-3125
-2264
-1441
-872
-693
-810
-1060
-1204
-1212
-1007
-431
189
285
-173
-904
-1788
-3093
-5351
-8238
-10855
-12387
-12680
-12265
-11387
-10036
-8034
-5744
-3900
-2806
-2243
-1920
-2352
-3355
-4091
-4074
-3117
-1928
-1103
-432
329
1055
1259
313
-1596
-3735
-5735
-7376
-8642
-9159
-8513
-7082
-5315
-3357
-1118
1511
4107
5833
6485
6572
6620
6798
6763
6319
5662
5020
4446
3765
3002
2351
1788
1003
1
-694
-742
-1
1057
1899
2715
3602
4694
5929
6856
7367
7458
7024
6361
5747
5204
4879
4481
3904
3437
3162
3260
3597
3832
3789
3441
3065
2848
2849
2948
2918
2781
2749
3048
3494
3906
4145
3860
3265
2608
1821
959
75
-669
-1256
-1745
-1976
-1765
-1111
-431
-90
-108
-192
-58
159
151
60
179
527
1181
1768
2006
2150
2009
1387
249
-988
-1898
-2690
-3353
-3929
-4185
-3790
-2895
-1995
-1563
-1501
-1429
-1220
-1018
-944
-805
-424
-256
-626
-1433
-2265
-3152
-4770
-7292
-10142
-12277
-13006
-12584
-11777
-10809
-9435
-7473
-5290
-3577
-2457
-1824
-1830
-2506
-3438
-3864
-3283
-2154
-1260
-868
-522
304
1213
1232
89
-1765
-3839
-5754
-7329
-8392
-8455
-7329
-5836
-4367
-2484
71
3147
5795
7010
7112
7058
7146
7143
6786
6132
5418
4761
3800
2785
2369
2185
1777
750
-638
-1405
-1119
-131
700
1335
2120
3120
4389
5479
6354
6998
7018
6493
5547
4565
4038
3825
3411
2586
1909
2009
2754
3562
3901
3832
3713
3577
3348
3013
2773
2737
2665
2647
2935
3668
4653
5251
5195
4513
3644
2884
1938
720
-630
-1676
-2080
-2019
-1636
-1029
-390
194
522
561
535
708
928
963
988
1114
1731
2568
3090
3132
2485
1528
368
-904
-2070
-3148
-4024
-4666
-4884
-4466
-3505
-2440
-1713
-1530
-1658
-1610
-1352
-1114
-902
-863
-1292
-1954
-2523
-3016
-3833
-5377
-7729
-10257
-11942
-12455
-12033
-11446
-10681
-9404
-7848
-5941
-4080
-2762
-1994
-2053
-2914
-3804
-3982
-3273
-2310
-1752
-1536
-1159
-501
201
329
-666
-2393
-4234
-5790
-7136
-7930
-7476
-6098
-4604
-3389
-1914
457
3329
5633
6553
6502
6417
6687
7013
6927
6581
6053
5365
4411
3190
2474
2360
2139
1244
-39
-642
-33
1365
2503
2970
3260
3923
5006
6033
6802
7281
7475
7152
6165
5214
4886
4831
4250
3051
1887
1555
2187
2933
3181
2965
2740
2752
2754
2572
2491
2747
2973
3000
2991
3385
4207
4792
4681
3684
2417
1472
727
-108
-1143
-2023
-2409
-2293
-1890
-1363
-671
36
303
86
-121
30
425
699
855
1154
1657
2464
3228
3423
3010
2083
789
-690
-2016
-3098
-4052
-4761
-5105
-4800
-3913
-2842
-1783
-1274
-1376
-1296
-896
-433
-219
-310
-688
-1372
-2103
-2860
-3728
-5231
-7507
-10103
-12171
-12807
-12419
-11651
-10865
-10030
-8524
-6544
-4726
-3308
-2462
-2257
-2664
-3266
-3446
-2847
-1942
-1357
-1198
-1339
-1100
-547
-337
-1057
-2668
-4282
-5727
-6791
-7202
-6859
-5742
-4515
-3404
-2019
104
2907
5391
6611
6715
6605
6821
7260
7395
6988
6176
5166
4061
3026
2457
2385
2321
1555
378
-161
423
1779
2858
3192
3284
3520
4316
5483
6361
6976
7214
6947
6328
5693
5475
5432
4812
3440
1988
1431
1840
2389
2741
2738
2627
2783
3017
3242
3403
3437
3356
3034
2730
3006
3692
4314
4345
3637
2803
2135
1529
808
-204
-1164
-1796
-2107
-1924
-1449
-827
-110
325
458
590
861
1201
1388
1188
1113
1476
1936
2272
2128
1601
799
-307
-1451
-2555
-3686
-4676
-5232
-5497
-5323
-4430
-3234
-2204
-1549
-1260
-991
-467
18
121
-306
-1041
-1799
-2549
-3286
-4362
-6030
-8189
-10430
-12010
-12509
-12056
-11172
-10304
-9447
-8130
-6339
-4517
-2917
-2248
-2509
-3039
-3391
-3064
-2223
-1464
-1151
-1180
-1207
-889
-398
-297
-1058
-2588
-4270
-5632
-6390
-6390
-5713
-4867
-4064
-3072
-1610
515
2944
4775
5568
5724
5707
5914
6314
6634
6577
5933
4900
3824
3158
2960
2798
2243
1164
-14
-419
307
1524
2508
3013
3277
3695
4589
5724
6753
7443
7343
6707
5915
5478
5648
5521
4616
3275
2217
2091
2600
3203
3498
3338
3249
3249
3290
3495
3622
3614
3333
2951
2967
3472
4114
4491
4448
3892
3188
2599
1822
880
-115
-905
-1398
-1767
-1766
-1420
-868
-329
-80
-24
19
200
334
314
386
542
797
1280
1764
1876
1598
1038
135
-904
-1941
-3019
-3998
-4771
-5037
-4644
-3836
-2952
-2237
-1600
-1110
-771
-306
90
-7
-608
-1540
-2568
-3291
-3921
-5127
-7245
-9788
-11573
-12133
-11875
-11294
-10716
-9991
-8664
-6884
-5056
-3411
-2402
-2253
-2881
-3794
-4051
-3461
-2566
-2114
-2357
-2450
-1904
-940
-237
-605
-1835
-3248
-4519
-5666
-6434
-6314
-5438
-4548
-3908
-2881
-920
1802
4176
5309
5393
5169
5290
5579
5721
5635
5284
4651
3774
2957
2637
2846
2795
1894
374
-789
-569
750
1995
2559
2686
3145
4154
5347
6399
7077
7226
6704
5907
5262
5216
5671
5550
4436
3115
2710
3342
4214
4462
4107
3781
3637
3716
3789
3757
3795
3805
3718
3778
4230
5066
5887
6046
5505
4729
4042
3355
2367
1028
-269
-1187
-1735
-1900
-1785
-1326
-690
-343
-260
-343
-410
-204
66
107
202
581
1228
2022
2534
2437
1795
771
-499
-1767
-3008
-4196
-5283
-5978
-5845
-5050
-3948
-2915
-2298
-1964
-1575
-1068
-550
-277
-637
-1615
-2810
-3703
-4096
-4638
-6062
-8247
-10418
-11651
-11614
-11046
-10609
-10238
-9621
-8475
-6900
-5154
-3461
-2532
-2617
-3182
-3587
-3241
-2395
-1648
-1650
-2213
-2260
-1633
-947
-822
-1485
-2691
-4081
-5481
-6529
-6771
-6100
-4965
-4206
-3532
-2026
428
3135
5057
5724
5592
5379
5407
5630
5690
5581
5302
4537
3570
2967
2948
3285
3055
1716
168
-366
381
1713
2752
3073
3222
3851
4855
5939
6777
7246
7166
6471
5683
5349
5633
5838
5302
4112
3078
2998
3544
4002
3827
3203
2833
2899
3133
3390
3589
3670
3751
3867
4079
4471
5073
5505
5364
4779
3991
3399
2982
2367
1515
512
-374
-918
-1201
-1194
-914
-573
-439
-542
-576
-300
300
887
1088
1031
1166
1628
2129
2278
1842
942
-44
-908
-1743
-2687
-3858
-4958
-5513
-5563
-5163
-4493
-3826
-3135
-2575
-2023
-1172
-253
106
-478
-1776
-3109
-4059
-5055
-6595
-8751
-10902
-12131
-12140
-11426
-10674
-9918
-9007
-7874
-6581
-5257
-4087
-3288
-3096
-3615
-4123
-4036
-3285
-2255
-1845
-1961
-1880
-1507
-1053
-974
-1606
-2656
-3826
-5048
-6161
-6643
-6124
-4890
-3525
-2404
-1312
536
3030
5068
6062
5976
5583
5414
5372
5505
5528
5346
4919
4120
3422
3299
3426
3325
2515
1185
405
602
1587
2625
3254
3570
3884
4724
5734
6580
7077
6900
6341
5715
5227
5050
4883
4519
3925
3106
2655
2811
3106
3233
2987
2581
2412
2397
2509
2617
2739
3094
3457
3771
4198
4691
5138
5325
5073
4307
3271
2466
1784
994
154
-705
-1262
-1435
-1285
-818
-418
-165
39
13
-8
348
936
1445
1678
1765
2008
2570
3037
2831
1980
849
-216
-1353
-2665
-3915
-4936
-5422
-5485
-5362
-4840
-4045
-3125
-2135
-1359
-749
-113
138
-373
-1521
-2799
-3753
-4898
-6764
-9061
-11045
-11932
-11794
-11290
-10764
-10106
-8987
-7442
-5849
-4498
-3440
-2796
-2764
-3189
-3640
-3463
-2757
-2281
-2364
-2576
-2325
-1721
-1239
-1362
-2188
-3287
-4317
-5373
-6304
-6684
-6226
-5205
-4116
-2839
-1293
847
3326
5108
5843
5863
5825
5954
5930
5638
5226
4762
4125
3216
2382
1997
1954
1697
832
-152
-462
253
1562
2643
3331
3949
4661
5602
6499
7100
7306
6923
6245
5633
5208
5164
5253
4856
4183
3580
3317
3552
3658
3295
2614
2162
2114
2286
2722
3084
3497
3987
4378
4762
5109
5447
5487
5114
4485
3656
2885
2315
1768
1204
587
-41
-556
-859
-984
-1000
-899
-879
-892
-809
-584
-73
633
1216
1506
1696
1964
2326
2463
2098
1332
287
-718
-1675
-2801
-3861
-4645
-5094
-5198
-5039
-4689
-4121
-3419
-2711
-2032
-1441
-761
-464
-1008
-1849
-2792
-3571
-4498
-6324
-8610
-10650
-11690
-11620
-11170
-10740
-10209
-9257
-7850
-6170
-4649
-3528
-2869
-2996
-3656
-4093
-3826
-3037
-2458
-2569
-2808
-2487
-1683
-856
-761
-1587
-2815
-4116
-5331
-6209
-6476
-6059
-5175
-4160
-3052
-1440
905
3423
5151
5766
5679
5534
5694
5835
5753
5555
5090
4312
3537
2999
2717
2518
2023
978
-158
-496
210
1494
2763
3502
4019
4876
5986
7130
7841
7921
7498
6862
6410
6195
6216
6180
5703
4891
4208
3907
3797
3493
2870
2080
1448
1307
1505
1965
2485
2820
3260
3760
4287
4790
4904
4571
4026
3567
3160
2640
2159
1677
1003
322
-344
-859
-1222
-1583
-1834
-2154
-2273
-1959
-1459
-884
-253
413
976
1459
1923
2310
2564
2402
1739
828
9
-570
-1148
-1957
-2916
-3655
-4050
-4219
-4089
-3760
-3400
-2943
-2546
-1946
-1005
-17
514
76
-963
-2164
-3095
-4115
-5965
-8352
-10591
-11819
-11918
-11470
-10835
-9985
-8704
-7276
-5835
-4569
-3516
-2690
-2608
-3123
-3686
-3564
-2740
-2015
-1709
-1761
-1629
-1098
-712
-963
-1849
-2981
-4249
-5599
-6670
-7014
-6391
-5254
-4089
-2878
-1408
641
2964
4694
5430
5434
5424
5593
5665
5642
5482
5214
4683
3900
3123
2558
2179
1452
357
-715
-1255
-764
369
1489
2326
2984
3871
4862
5791
6577
6815
6601
6106
5738
5738
5792
5767
5382
4692
3980
3474
3243
2968
2450
1720
1258
1299
1749
2468
3063
3461
3828
4271
4785
5213
5241
4858
4364
3923
3552
3200
2905
2464
1833
1230
605
79
-277
-650
-1109
-1591
-1842
-1626
-977
-196
454
891
1290
1821
2316
2711
2830
2515
1742
685
-193
-854
-1352
-2088
-3251
-4261
-4874
-4881
-4453
-4080
-3831
-3669
-3440
-2808
-1704
-575
137
76
-706
-1696
-2550
-3234
-4329
-6103
-8303
-10362
-11325
-11186
-10455
-9628
-9075
-8290
-7201
-5926
-4378
-3184
-2746
-2973
-3548
-3764
-3222
-2219
-1366
-1106
-1239
-1293
-937
-564
-874
-2045
-3716
-5173
-6314
-6891
-6716
-6026
-4925
-3731
-2503
-1000
1036
3148
4599
5154
5098
5100
5442
5956
6140
5795
5184
4351
3489
2798
2185
1567
802
-103
-802
-816
92
1506
2648
3249
3677
4278
5289
6366
6971
7097
6833
6526
6394
6537
6637
6295
5506
4292
3197
2512
2214
2012
1563
1216
1168
1634
2562
3411
4017
4223
4177
4217
4283
4348
4231
3806
3286
2813
2613
2574
2344
1919
1256
542
-62
-572
-864
-1083
-1356
-1524
-1494
-1171
-471
219
725
1004
1197
1547
1860
2077
2033
1651
991
208
-452
-950
-1504
-2393
-3496
-4553
-5090
-5057
-4807
-4395
-4028
-3547
-2761
-1711
-507
505
1065
761
-211
-1411
-2648
-3796
-5455
-7772
-10188
-11962
-12361
-11796
-10892
-9967
-9139
-7943
-6538
-5217
-3952
-3189
-3047
-3287
-3788
-3797
-2874
-1614
-834
-779
-836
-694
-437
-452
-1247
-2662
-4244
-5603
-6567
-6987
-6597
-5641
-4471
-3273
-2090
-461
1820
3997
5269
5745
5790
5971
6435
6712
6521
5845
5018
4005
3086
2468
1872
1481
877
14
-403
-78
916
2003
2725
3139
3641
4403
5323
6182
6674
6771
6569
6322
6226
6102
5800
5216
4158
3004
2244
1932
1959
1973
1854
1834
2098
2737
3533
4055
4196
4153
4015
3897
4043
4206
4138
3940
3596
3373
3292
3162
2922
2387
1587
778
192
-280
-575
-688
-770
-827
-810
-383
245
821
1240
1371
1498
1698
2001
2271
2124
1673
920
39
-632
-1368
-2173
-3135
-4228
-5057
-5478
-5379
-4861
-4149
-3482
-2936
-2292
-1464
-539
88
42
-722
-1964
-3161
-4242
-5443
-6978
-8843
-10559
-11537
-11684
-11204
-10434
-9711
-8922
-8113
-7147
-5900
-4735
-3877
-3574
-3695
-3721
-3305
-2428
-1590
-1181
-1213
-1474
-1479
-1331
-1525
-2201
-3271
-4508
-5615
-6302
-6359
-5690
-4649
-3678
-2715
-1416
487
2696
4602
5805
6255
6329
6478
6619
6561
6241
5484
4533
3532
2547
2009
1815
1562
979
167
-230
197
1225
2268
2971
3458
4079
5005
6070
6933
7560
7878
7610
7018
6532
6277
6053
5482
4419
3357
2749
2609
2771
2863
2638
2388
2480
2796
3234
3600
3750
3763
3604
3533
3735
4042
4184
3933
3558
3321
3131
2924
2489
1656
675
-234
-914
-1313
-1569
-1714
-1834
-1744
-1388
-853
-51
670
1133
1402
1528
1761
2094
2221
2031
1481
630
-173
-911
-1658
-2437
-3392
-4313
-5157
-5582
-5281
-4646
-3932
-3300
-2572
-1615
-574
392
932
842
-86
-1431
-2644
-3912
-5164
-6619
-8429
-10073
-11177
-11301
-10715
-10057
-9448
-8924
-8225
-7227
-6033
-4951
-4176
-3903
-4026
-3797
-3142
-2223
-1329
-951
-1002
-1172
-1227
-1265
-1562
-2266
-3537
-4993
-6171
-6743
-6523
-5864
-4931
-4018
-3098
-1556
578
2844
4700
5736
6072
6110
6334
6669
6737
6462
5700
4618
3547
2821
2663
2689
2349
1474
558
291
846
1824
2695
3190
3454
3931
4778
5935
7038
7658
7688
7205
6733
6494
6369
6080
5384
4345
3270
2786
2921
3142
3164
3021
2844
2873
3158
3417
3645
3678
3378
3193
3155
3285
3718
4072
4202
4063
3674
3300
2904
2383
1624
620
-425
-1158
-1458
-1570
-1514
-1369
-1226
-1027
-643
-48
582
958
1040
1121
1180
1382
1550
1486
1105
341
-322
-981
-1732
-2576
-3497
-4389
-5152
-5313
-4923
-4387
-3816
-3150
-2411
-1541
-675
-65
38
-676
-1898
-3220
-4417
-5558
-6871
-8327
-9765
-10775
-11042
-10591
-9742
-8962
-8337
-7707
-7028
-6046
-4884
-4152
-3930
-3989
-4031
-3592
-2649
-1677
-990
-794
-1018
-1240
-1325
-1438
-1819
-2691
-4068
-5382
-6135
-6114
-5454
-4584
-3733
-2913
-1836
-315
1732
3804
5292
5923
5807
5751
5986
6397
6536
5970
4910
3788
3049
2684
2683
2601
1978
1176
570
643
1376
2259
2979
3260
3458
4157
5360
6738
7728
8002
7791
7289
6843
6584
6304
5789
4873
3822
2992
2747
2974
3285
3409
3108
2820
2951
3272
3536
3633
3516
3270
3124
3176
3416
3791
3985
3815
3344
2770
2356
2012
1514
666
-318
-1019
-1455
-1672
-1688
-1683
-1652
-1491
-1239
-756
-124
402
885
1097
1148
1460
1762
1833
1433
495
-472
-1351
-2101
-2849
-3734
-4496
-5057
-5235
-4916
-4354
-3604
-2887
-2374
-1795
-1048
-212
277
8
-947
-2120
-3156
-4151
-5183
-6510
-8199
-9724
-10634
-10767
-10274
-9636
-9028
-8474
-7891
-6890
-5563
-4341
-3572
-3366
-3487
-3450
-2974
-2191
-1347
-971
-1156
-1530
-1710
-1546
-1565
-2051
-2985
-4312
-5423
-5826
-5597
-4845
-3923
-3149
-2392
-1214
512
2427
4262
5338
5594
5583
5603
5975
6335
6286
5700
4517
3450
2937
2693
2606
2363
1683
784
271
658
1610
2583
3256
3498
3778
4528
5705
6950
7673
7668
7269
6835
6587
6517
6294
5735
4770
3615
2893
2824
3083
3220
3057
2693
2517
2858
3382
3696
3832
3772
3554
3395
3433
3670
3857
3866
3542
2947
2473
2153
1834
1191
255
-646
-1402
-1865
-2060
-2058
-2065
-2002
-1733
-1377
-703
72
617
963
1138
1308
1570
1740
1638
1205
521
-190
-893
-1537
-2285
-3210
-4090
-4752
-4970
-4747
-4305
-3880
-3430
-2929
-2299
-1364
-529
-245
-640
-1623
-2784
-3717
-4582
-5706
-7027
-8543
-9915
-10646
-10655
-10080
-9413
-8946
-8558
-7985
-6953
-5602
-4290
-3428
-3171
-3087
-2784
-2095
-1139
-369
-236
-601
-1034
-1402
-1582
-1784
-2220
-3059
-4332
-5319
-5533
-4909
-3893
-3118
-2472
-1765
-708
956
2753
4252
5169
5339
5254
5417
5796
6130
6076
5384
4262
3227
2645
2546
2504
2030
1169
379
156
552
1452
2323
2714
3091
3611
4524
5742
6765
7467
7454
6995
6588
6348
6268
5909
5071
4021
3082
2625
2719
3018
3235
3230
3093
3106
3356
3689
3931
3916
3646
3358
3249
3318
3594
3848
3673
3257
2841
2505
2221
1785
1117
139
-770
-1255
-1509
-1620
-1655
-1617
-1377
-952
-413
185
779
1181
1271
1217
1262
1369
1329
1067
358
-499
-1112
-1654
-2140
-2774
-3604
-4331
-4725
-4678
-4290
-3744
-3357
-3077
-2682
-2156
-1287
-498
-365
-960
-2188
-3312
-4138
-5020
-6143
-7673
-9313
-10577
-11048
-10699
-9847
-8966
-8334
-7801
-7018
-5783
-4293
-3021
-2598
-2778
-2978
-2816
-2120
-1455
-1037
-1070
-1457
-1713
-1873
-1828
-1810
-2249
-3205
-4384
-5179
-5220
-4615
-3751
-3010
-2297
-1395
-123
1672
3510
4812
5341
5373
5239
5283
5658
5857
5456
4528
3555
2878
2662
2715
2582
2067
1341
847
896
1517
2412
3150
3586
3999
4704
5789
6963
7781
7971
7557
6886
6381
6009
5505
4808
3817
2849
2293
2198
2458
2689
2725
2673
2632
2783
3130
3441
3588
3479
3276
3219
3374
3621
3828
3882
3523
3069
2701
2271
1777
1083
230
-720
-1451
-1804
-1995
-1978
-1889
-1790
-1565
-1217
-628
56
552
798
894
1037
1230
1351
1356
987
337
-241
-839
-1503
-2231
-2987
-3779
-4393
-4583
-4400
-3975
-3554
-3101
-2603
-2054
-1358
-701
-478
-902
-1921
-3065
-4007
-5017
-6071
-7294
-8735
-9872
-10253
-9856
-9141
-8430
-7757
-7184
-6481
-5440
-4276
-3297
-2853
-2910
-3039
-2843
-2257
-1619
-1197
-1179
-1511
-1762
-1765
-1787
-2008
-2578
-3526
-4511
-5161
-5145
-4484
-3693
-3032
-2334
-1361
45
1789
3432
4624
5194
5278
5276
5355
5485
5469
5054
4231
3269
2647
2517
2484
2378
1949
1167
816
1029
1623
2432
2874
3061
3386
4022
5105
6275
6966
7089
6854
6478
6221
6117
5888
5236
4197
3136
2499
2407
2487
2573
2481
2263
2329
2614
3094
3651
3882
3787
3605
3566
3817
4061
4063
3883
3541
3106
2792
2511
2034
1415
609
-167
-673
-1016
-1247
-1464
-1629
-1634
-1541
-1227
-643
-163
247
662
969
1388
1749
1912
1821
1344
630
-120
-895
-1713
-2573
-3603
-4603
-5218
-5256
-4847
-4358
-3963
-3685
-3250
-2496
-1680
-1024
-921
-1597
-2706
-3676
-4342
-4875
-5677
-7159
-8712
-9836
-10159
-9561
-8837
-8411
-8219
-7954
-7295
-6036
-4621
-3681
-3360
-3483
-3466
-3097
-2265
-1300
-855
-1101
-1645
-1829
-1730
-1568
-1722
-2498
-3616
-4761
-5390
-5259
-4530
-3705
-3106
-2472
-1635
-136
1895
3708
4970
5447
5401
5370
5653
6069
6179
5714
4712
3701
3113
3001
3026
2761
2110
1214
629
900
1780
2631
3100
3309
3623
4378
5479
6502
7048
6953
6621
6398
6379
6499
6368
5767
4919
4080
3543
3390
3230
2880
2367
1904
1711
1875
2305
2631
2717
2743
2876
3194
3645
3991
4127
4131
3958
3689
3362
2881
2381
1743
893
78
-660
-1253
-1669
-1975
-2097
-2133
-1978
-1529
-977
-296
253
674
1158
1563
1966
2137
1965
1569
851
60
-651
-1393
-2300
-3410
-4366
-4880
-4913
-4545
-4140
-3888
-3637
-3222
-2469
-1596
-1142
-1329
-2203
-3473
-4361
-4870
-5483
-6541
-8113
-9509
-10119
-9798
-9010
-8350
-8128
-8091
-7657
-6727
-5387
-4170
-3623
-3577
-3710
-3651
-2993
-2007
-1284
-1156
-1604
-2053
-2153
-2017
-1882
-2229
-3231
-4361
-5175
-5391
-4884
-4004
-3156
-2512
-1954
-923
810
2767
4455
5300
5277
5010
5120
5710
6102
5953
5371
4362
3451
3142
3227
3380
2870
1682
623
149
630
1600
2356
2608
2557
2930
3953
5313
6454
6870
6517
5936
5710
5853
6207
6286
5591
4657
3905
3542
3598
3539
3141
2384
1663
1352
1546
2131
2628
2924
3040
3098
3500
4160
4642
4783
4609
4113
3518
3060
2727
2429
1932
1176
237
-631
-1096
-1293
-1419
-1577
-1773
-1826
-1607
-994
-244
416
1030
1531
1925
2234
2499
2419
1944
1300
561
-248
-1243
-2166
-3042
-3763
-4144
-4265
-4121
-4037
-3903
-3602
-3099
-2189
-1361
-1169
-1792
-2961
-3794
-4174
-4573
-5304
-6795
-8450
-9504
-9609
-8798
-8048
-7667
-7607
-7659
-7048
-5829
-4489
-3586
-3548
-3972
-4189
-3769
-2705
-1558
-1127
-1386
-1841
-2160
-2013
-1653
-1660
-2475
-3900
-5279
-6028
-5804
-4955
-4046
-3489
-3088
-2308
-841
1258
3360
4676
4911
4677
4523
4721
5291
5616
5319
4324
3021
2265
2294
2581
2528
1797
639
-194
-124
768
1846
2675
3008
3068
3577
4735
6147
7130
7204
6595
5988
5913
6286
6554
6390
5782
4898
4190
3949
3983
3830
3154
2113
1269
1015
1278
1824
2317
2645
2925
3277
3902
4584
4993
5035
4627
3909
3203
2747
2497
2201
1657
886
121
-480
-791
-953
-1194
-1544
-1901
-1938
-1591
-896
-5
718
1275
1709
2081
2424
2546
2371
1685
652
-256
-1011
-1790
-2596
-3356
-3996
-4304
-4223
-3851
-3474
-3234
-2977
-2534
-1697
-895
-742
-1282
-2257
-3201
-3819
-4388
-5301
-6677
-8394
-9694
-10038
-9523
-8733
-8266
-8020
-7811
-7151
-5930
-4651
-3690
-3390
-3651
-3889
-3537
-2678
-1754
-1140
-1129
-1550
-1856
-1853
-1738
-1850
-2561
-3856
-5301
-6188
-6275
-5637
-4663
-3941
-3311
-2502
-1283
457
2375
3982
4719
4689
4495
4596
5121
5664
5701
4878
3704
2887
2507
2510
2420
1891
941
30
-130
514
1623
2659
3228
3516
3999
5038
6372
7350
7630
7227
6602
6298
6327
6428
6208
5534
4672
4001
3670
3535
3469
3071
2363
1835
1687
1917
2366
2782
3085
3385
3691
4085
4479
4697
4736
4389
3779
3152
2527
2108
1703
1138
608
-35
-556
-755
-866
-944
-1166
-1413
-1336
-928
-284
432
927
1277
1656
2038
2409
2587
2312
1461
399
-424
-980
-1510
-2293
-3312
-4122
-4493
-4396
-3852
-3366
-3289
-3433
-3235
-2376
-1285
-573
-801
-1930
-3218
-3997
-4232
-4622
-5864
-7856
-9799
-10866
-10656
-9593
-8634
-8310
-8318
-8029
-6932
-5236
-3761
-3062
-3264
-3768
-3839
-3095
-1761
-785
-539
-909
-1497
-1699
-1529
-1439
-1873
-3077
-4809
-6191
-6693
-6314
-5274
-4179
-3360
-2721
-1705
143
2397
4385
5470
5491
5088
4935
5328
5922
6149
5526
4163
2857
2208
2273
2455
2108
1091
-36
-441
132
1364
2578
3168
3244
3467
4280
5616
6824
7191
6804
6119
5568
5548
5904
5963
5412
4435
3519
3217
3304
3424
3175
2462
1822
1569
1936
2628
3144
3456
3559
3635
4029
4531
4805
4682
4190
3512
2759
2347
2052
1746
1546
964
347
-14
-184
-134
-178
-403
-791
-1060
-837
-233
512
1079
1268
1434
1756
2212
2550
2220
1284
61
-991
-1642
-2167
-2751
-3553
-4498
-5060
-4796
-4070
-3371
-3063
-3163
-3151
-2602
-1546
-709
-652
-1706
-3288
-4229
-4560
-4770
-5577
-7328
-9424
-10857
-10780
-9752
-8698
-8107
-8106
-7886
-6909
-5348
-3605
-2536
-2603
-3213
-3529
-3038
-1859
-815
-481
-844
-1628
-2077
-2023
-1885
-2113
-3255
-4830
-6191
-6840
-6273
-5056
-3770
-2711
-2030
-1086
607
2779
4800
5912
6021
5487
5048
5309
5806
6032
5544
4216
2754
1957
1965
2162
1956
1129
13
-528
3
1306
2639
3450
3749
3899
4510
5677
6831
7368
6944
6031
5429
5454
5884
6220
5755
4703
3918
3507
3443
3372
2929
2167
1289
934
1200
1919
2812
3309
3575
3768
4118
4755
5126
4957
4356
3608
2856
2318
2032
1744
1438
939
263
-253
-456
-491
-560
-945
-1491
-1707
-1437
-696
145
716
985
1157
1497
1994
2263
1977
1228
78
-1142
-1783
-2043
-2443
-3078
-3907
-4450
-4245
-3480
-2688
-2339
-2444
-2520
-2245
-1493
-599
-435
-1294
-2747
-4050
-4758
-5117
-5712
-7064
-9013
-10561
-10804
-9864
-8727
-8117
-7934
-7809
-7174
-5840
-4401
-3357
-3145
-3660
-4027
-3642
-2450
-1028
-363
-735
-1485
-1923
-1824
-1729
-2187
-3285
-4782
-6133
-6815
-6446
-5353
-4095
-3071
-2280
-1254
301
2425
4446
5552
5869
5761
5581
5776
6241
6460
6003
4960
3687
2591
2170
2202
1954
1201
198
-388
-30
1005
2222
3028
3301
3472
3920
4841
5796
6302
6158
5572
5210
5341
5810
6239
6073
5245
4371
3878
3686
3503
3015
2229
1499
1204
1593
2397
3168
3716
3941
4126
4380
4729
5040
4904
4311
3469
2807
2510
2462
2339
1837
1197
609
75
-276
-446
-563
-800
-1161
-1307
-993
-192
787
1466
1752
1771
1853
2131
2329
2136
1325
84
-1207
-2093
-2381
-2353
-2630
-3595
-4615
-5012
-4560
-3619
-2880
-2796
-3117
-3123
-2482
-1292
-309
-456
-1743
-3295
-4451
-5032
-5387
-6212
-7781
-9714
-11015
-11078
-10049
-8759
-8190
-8326
-8313
-7564
-6174
-4631
-3617
-3419
-3771
-3923
-3355
-2137
-872
-334
-650
-1477
-2181
-2420
-2452
-2791
-3595
-4818
-5969
-6360
-5930
-4734
-3332
-2353
-1722
-952
417
2311
4288
5607
5873
5626
5419
5621
6153
6357
5713
4365
2967
2072
1894
2035
1990
1526
830
568
1135
2282
3360
3888
3891
3879
4382
5331
6154
6420
6303
6069
5970
6208
6538
6598
6152
5360
4625
4148
3853
3561
3086
2528
2232
2332
2658
3104
3450
3519
3660
3914
4074
4086
3861
3490
3118
2684
2261
1912
1612
1276
685
172
-107
-315
-524
-751
-940
-1071
-1041
-855
-430
21
445
804
885
1033
1310
1560
1529
1005
205
-556
-1081
-1440
-1826
-2380
-3153
-3914
-4266
-4113
-3641
-3069
-2812
-2911
-2817
-2265
-1370
-553
-432
-1212
-2512
-3625
-4239
-4742
-5574
-6983
-8743
-10222
-10702
-10012
-8915
-8182
-8001
-7981
-7482
-6210
-4641
-3486
-3088
-3339
-3662
-3371
-2393
-1391
-895
-957
-1561
-2351
-2668
-2620
-2632
-3083
-4153
-5398
-6124
-5909
-4984
-3735
-2723
-2062
-1253
-154
1429
3315
4773
5412
5317
4991
4947
5262
5664
5479
4573
3504
2555
2075
2081
2176
1842
1135
632
565
1148
2058
2751
3087
3281
3734
4461
5345
6123
6444
6417
6293
6203
6323
6332
5999
5487
4753
4078
3655
3421
3304
3108
2902
2817
2934
3294
3723
3895
3977
4109
4105
4034
3791
3492
3250
2814
2345
1951
1611
1331
958
689
431
109
-165
-586
-893
-1052
-1163
-1115
-889
-568
-231
112
441
904
1272
1496
1613
1428
1033
463
-53
-517
-1016
-1713
-2678
-3520
-4219
-4452
-4230
-3857
-3513
-3517
-3394
-2778
-1737
-583
3
-354
-1520
-2869
-3884
-4466
-5022
-6251
-8070
-9849
-10789
-10446
-9303
-8160
-7610
-7623
-7480
-6612
-5125
-3595
-2788
-2999
-3739
-4060
-3396
-2150
-979
-554
-1038
-1862
-2312
-1993
-1430
-1493
-2531
-4117
-5514
-6091
-5605
-4433
-3435
-3045
-2773
-2094
-604
1573
3738
5073
5270
4914
4700
5059
5711
6012
5525
4234
2831
1926
1820
2182
2200
1665
714
14
172
1131
2403
3231
3485
3586
4073
5109
6350
7199
7351
6971
6312
5905
5938
6065
5935
5301
4424
3756
3440
3466
3467
3291
2969
2595
2455
2540
2839
3189
3462
3652
3683
3643
3670
3713
3579
3205
2701
2109
1447
991
613
197
-136
-478
-702
-883
-1086
-1141
-1112
-1056
-941
-706
-307
141
559
965
1425
1868
2046
1916
1427
696
-56
-828
-1492
-2299
-3241
-4040
-4644
-4780
-4303
-3533
-2969
-2706
-2518
-2070
-1243
-371
85
-364
-1628
-3014
-4129
-4704
-5236
-6300
-7818
-9488
-10426
-10244
-9367
-8369
-7791
-7791
-7701
-6937
-5535
-3953
-3066
-3096
-3524
-3617
-2935
-1824
-783
-254
-552
-1314
-1876
-1940
-1723
-1911
-3081
-4735
-6103
-6727
-6177
-5008
-3888
-2999
-2372
-1434
254
2456
4545
5747
5798
5322
5070
5311
5850
6072
5401
4163
2983
2280
2394
2739
2613
1880
817
169
335
1273
2395
2953
3026
3215
3896
5127
6428
7228
7282
6739
6253
6062
6132
6173
5766
4931
3900
3168
3039
3133
3136
2972
2579
2369
2628
3071
3514
3852
3975
4056
4035
3988
3963
3775
3460
2878
2264
1847
1522
1256
924
548
226
-93
-376
-619
-821
-1026
-1235
-1193
-1054
-816
-390
-101
210
678
1170
1600
1685
1412
760
-135
-858
-1494
-2133
-2761
-3619
-4473
-4864
-4702
-4121
-3448
-2914
-2643
-2457
-1946
-1002
-89
199
-326
-1590
-2999
-4044
-4784
-5534
-6782
-8591
-10276
-11062
-10815
-9932
-8907
-8173
-7798
-7341
-6426
-4969
-3647
-2917
-2750
-3051
-3156
-2676
-1603
-696
-418
-609
-1268
-1706
-1750
-1817
-2104
-2899
-4079
-5263
-5860
-5388
-4240
-3058
-2166
-1437
-484
1028
3044
5063
6341
6601
6313
5978
6011
6311
6321
5666
4283
2849
2100
1930
2037
2038
1478
673
232
440
1336
2300
2919
3191
3314
3873
4820
5919
6801
6919
6481
5966
5669
5595
5456
5064
4222
3232
2601
2336
2385
2577
2658
2506
2379
2476
2875
3435
3738
3899
3959
3872
3872
3948
3937
3703
3236
2550
1774
1262
828
475
133
-445
-751
-827
-819
-777
-746
-616
-537
-389
-17
511
938
1190
1369
1648
1890
1877
1583
773
-315
-1415
-2256
-2901
-3590
-4287
-4935
-5149
-4832
-4036
-3144
-2518
-2082
-1814
-1453
-839
-140
163
-305
-1511
-2848
-3742
-4436
-5213
-6492
-8289
-9912
-10905
-10966
-10238
-9378
-8888
-8596
-8103
-7065
-5470
-4016
-3139
-2840
-2946
-2884
-2310
-1415
-522
-174
-485
-1097
-1734
-1959
-2054
-2482
-3287
-4583
-5854
-6419
-5962
-4737
-3387
-2326
-1506
-413
1198
3257
5231
6311
6513
6132
5724
5809
6103
6209
5646
4444
3244
2586
2603
2893
2826
2229
1460
858
995
1784
2626
3217
3342
3483
4052
4956
6043
6879
7160
6960
6542
6241
6051
5789
5307
4489
3590
2796
2330
2280
2377
2462
2490
2433
2467
2856
3370
3806
4092
4081
3903
3680
3509
3377
3020
2502
1823
1117
553
222
177
-133
-464
-694
-969
-881
-764
-666
-701
-964
-1037
-866
-334
245
597
832
1075
1366
1565
1476
912
46
-1023
-2027
-2696
-3217
-3699
-4232
-4679
-4639
-4105
-3374
-2686
-2130
-1876
-1735
-1288
-728
-273
-209
-826
-1860
-2930
-3763
-4506
-5536
-6958
-8681
-10107
-10855
-10842
-10192
-9558
-8937
-8280
-7449
-6126
-4606
-3310
-2679
-2556
-2575
-2386
-1655
-865
-365
-267
-615
-1104
-1515
-1656
-1848
-2495
-3689
-5115
-5970
-5985
-5232
-4081
-3044
-2119
-1079
297
2114
4133
5721
6494
6499
6187
6131
6341
6598
6361
5493
4346
3213
2695
2709
2715
2368
1546
773
582
1123
2098
2920
3386
3636
3934
4652
5751
6685
7081
6783
6093
5570
5343
5234
4984
4374
3520
2804
2470
2597
2899
3060
2942
2724
2733
3008
3462
3828
3913
3746
3418
3316
3509
3593
3450
2902
2155
1528
1075
858
571
-18
-794
-1401
-1596
-1439
-1106
-897
-1025
-1214
-1087
-575
154
720
894
759
674
856
1127
1211
742
-238
-1379
-2357
-2950
-3243
-3542
-4056
-4562
-4825
-4507
-3686
-2856
-2318
-2197
-2182
-2060
-1570
-827
-433
-704
-1574
-2571
-3257
-3713
-4400
-5549
-7143
-8768
-9891
-10345
-10081
-9499
-8961
-8342
-7647
-6616
-5122
-3604
-2484
-1962
-1885
-1961
-1823
-1324
-811
-545
-720
-1277
-1730
-1904
-1848
-1965
-2715
-3807
-4779
-5302
-5016
-4071
-3108
-2326
-1537
-465
1103
2923
4463
5337
5563
5361
5151
5350
5653
5626
5056
4173
3485
3152
3223
3277
2971
2363
1721
1479
1696
2288
2986
3395
3649
3991
4661
5661
6452
6792
6623
6073
5474
5089
4977
4760
4167
3520
3003
2739
2948
3276
3555
3553
3199
3022
3192
3533
3746
3715
3468
3240
3203
3244
3403
3346
2739
1830
1050
609
309
-22
-607
-1326
-1780
-1881
-1586
-1216
-1039
-1051
-1284
-1352
-956
-408
-43
84
69
113
412
927
1212
1053
519
-363
-1325
-2150
-2724
-3296
-3984
-4563
-4887
-4812
-4406
-3723
-2913
-2406
-2225
-2019
-1629
-1055
-512
-192
-270
-715
-1298
-1863
-2331
-3010
-4188
-5800
-7444
-8816
-9642
-9816
-9793
-9603
-9187
-8539
-7391
-5917
-4426
-3264
-2527
-2034
-1690
-1193
-545
-86
46
-9
-92
-201
-237
-436
-1050
-1924
-2933
-3862
-4567
-4884
-4752
-4347
-3744
-2845
-1506
126
1777
3240
4472
5410
5932
6222
6359
6226
5866
5242
4519
3862
3359
3026
2702
2443
2073
1710
1642
1754
2032
2305
2473
2786
3370
4198
4991
5523
5856
5921
5813
5647
5247
4597
3867
3076
2397
2206
2349
2534
2736
2930
3209
3591
4011
4324
4329
4112
3841
3603
3484
3380
3243
2946
2483
2131
1777
1417
1040
509
-16
-451
-818
-1039
-1029
-888
-795
-731
-678
-702
-601
-440
-271
-145
-331
-493
-499
-416
-224
-11
-8
-448
-894
-1282
-1646
-1886
-2371
-3037
-3683
-4096
-4021
-3729
-3418
-3271
-3217
-2930
-2534
-2056
-1687
-1648
-1748
-1789
-1685
-1519
-1456
-1656
-2204
-2947
-3724
-4502
-5381
-6552
-7811
-8972
-9732
-9827
-9629
-9143
-8286
-7277
-6143
-4887
-3634
-2433
-1388
-791
-461
-223
-153
-40
138
187
57
-342
-958
-1505
-1861
-2206
-2659
-3236
-3844
-4084
-3750
-2803
-1447
-168
911
2009
3278
4626
5862
6707
6805
6266
5618
5182
5007
4821
4370
3638
2929
2716
2976
3398
3580
3275
2883
2606
2554
2913
3297
3623
3868
3947
4150
4592
5084
5394
5242
4689
3985
3200
2739
2609
2554
2657
2711
2856
3406
4180
5011
5566
5536
5145
4470
3814
3385
2794
2143
1457
673
173
135
386
587
485
79
-325
-466
-423
-405
-614
-1023
-1292
-1325
-1146
-857
-750
-769
-958
-1118
-1021
-1044
-1069
-1191
-1559
-1784
-1829
-1714
-1613
-1655
-1799
-2073
-2291
-2406
-2427
-2450
-2620
-2767
-2753
-2512
-2100
-1762
-1551
-1476
-1454
-1439
-1503
-1440
-1458
-1777
-2258
-2829
-3269
-3695
-4216
-4987
-6152
-7458
-8629
-9282
-9344
-9238
-9085
-8714
-8066
-6876
-5253
-3599
-2207
-1354
-939
-636
-134
405
592
355
-193
-745
-1002
-1152
-1156
-1329
-1983
-2698
-3328
-3460
-3006
-2406
-1845
-1285
-507
628
2159
3849
5282
6139
6311
6209
6226
6231
6047
5552
4673
3723
3056
2836
3022
3301
3381
3264
3126
2951
3075
3482
3564
3301
2861
2588
2688
3051
3544
3847
3830
3687
3667
3849
3980
3803
3481
3046
2600
2513
2825
3356
3732
3926
4044
4099
4380
4626
4490
4036
3349
2650
1932
1413
1116
660
196
-278
-601
-687
-664
-542
-653
-882
-1034
-1064
-858
-489
-203
-147
-263
-392
-374
-314
-363
-684
-1082
-1492
-1917
-1920
-1722
-1665
-1826
-2016
-1927
-1728
-1466
-1241
-1353
-1664
-1977
-2178
-2225
-2281
-2435
-2673
-2845
-2819
-2584
-2138
-1599
-1337
-1320
-1488
-1895
-2274
-2782
-3534
-4638
-6105
-7400
-8421
-8998
-9020
-8913
-8688
-8363
-7803
-6740
-5388
-4080
-3123
-2582
-2169
-1738
-1064
-257
176
285
30
-244
-235
-227
-278
-672
-1472
-2385
-3043
-3177
-2928
-2561
-2117
-1681
-1009
217
1655
3139
4382
5063
5430
5741
6010
6217
6170
5754
5007
4166
3675
3434
3255
3050
2680
2287
2003
1872
2046
2421
2637
2666
2608
2641
3005
3571
4039
4285
4245
4036
3928
3938
4018
3974
3496
2893
2521
2384
2668
3006
3151
3302
3470
3765
4169
4474
4438
4055
3396
2714
2207
1752
1390
953
343
-100
-231
-199
-115
-59
-124
-247
-328
-408
-445
-420
-494
-620
-778
-901
-835
-625
-469
-488
-615
-846
-898
-788
-785
-853
-1026
-1321
-1537
-1540
-1443
-1451
-1743
-2088
-2316
-2440
-2349
-2200
-2261
-2412
-2415
-2128
-1477
-875
-597
-686
-1251
-1910
-2405
-3021
-4083
-5605
-7382
-8732
-9289
-9394
-9125
-8777
-8505
-7974
-7058
-5849
-4660
-3764
-3281
-3192
-3091
-2628
-1805
-969
-456
-245
-263
-234
-70
-32
-193
-821
-1972
-3157
-3954
-4094
-3751
-3413
-3018
-2414
-1505
-18
1845
3677
5048
5725
6025
6251
6648
7054
6976
6352
5312
4349
3868
3623
3433
3024
2234
1469
1078
1219
1657
1983
2104
2086
2182
2673
3536
4335
4687
4614
4369
4318
4471
4696
4776
4452
4029
3572
3221
3272
3393
3240
2803
2247
1740
1585
1848
2022
1993
1865
1759
1997
2373
2769
2907
2575
2136
1579
1184
1041
775
364
-216
-761
-1006
-833
-489
-412
-589
-912
-1212
-1252
-993
-834
-892
-1086
-1268
-971
-323
370
738
631
326
6
-179
-343
-662
-1302
-2125
-2798
-3193
-3160
-2838
-2629
-2678
-2755
-2665
-2217
-1444
-950
-1044
-1517
-2182
-2738
-3132
-3736
-4656
-6072
-7707
-8834
-9242
-9040
-8637
-8278
-7934
-7422
-6383
-4921
-3621
-2816
-2568
-2681
-2643
-2169
-1469
-827
-491
-576
-593
-295
123
381
-86
-1205
-2455
-3570
-4263
-4381
-4233
-4063
-3738
-3002
-1605
305
2298
4007
4987
5290
5468
5749
6088
6324
6148
5563
4896
4460
4347
4377
4325
3717
2593
1574
1006
887
952
1014
991
1032
1460
2526
3912
4935
5348
5298
5138
5233
5498
5604
5463
4827
4006
3524
3345
3426
3245
2654
2001
1431
1327
1658
2021
2254
2218
2190
2452
2870
3310
3436
3041
2375
1708
1156
877
675
409
74
-406
-549
-451
-354
-212
-448
-923
-1315
-1523
-1379
-1088
-836
-712
-690
-530
7
775
1253
1283
904
224
-293
-555
-797
-1235
-2058
-2966
-3545
-3619
-3314
-2895
-2771
-3056
-3116
-2616
-1741
-858
-338
-516
-1299
-2010
-2485
-3059
-4011
-5531
-7388
-8957
-9743
-9673
-9108
-8448
-7932
-7457
-6643
-5460
-4157
-3221
-2969
-3246
-3651
-3647
-3125
-2354
-1574
-1095
-869
-489
60
656
915
400
-744
-2205
-3459
-4103
-4169
-3869
-3641
-3423
-2729
-1481
319
2225
3645
4454
4692
4862
5267
5805
6314
6200
5479
4790
4442
4468
4550
4319
3586
2593
1800
1389
1521
1853
1932
1827
1763
2286
3213
4112
4897
5164
4992
4830
4881
5102
5323
5069
4449
3886
3472
3524
3605
3434
3115
2556
2182
2228
2514
2694
2606
2395
2115
2098
2397
2561
2501
2106
1493
1066
905
898
727
315
-234
-791
-916
-762
-653
-646
-927
-1226
-1308
-1078
-646
-209
-82
-319
-390
-202
296
803
896
618
95
-295
-413
-431
-575
-1245
-2341
-3288
-3708
-3628
-3311
-3073
-3127
-3230
-3004
-2159
-924
-82
-44
-808
-1932
-2807
-3326
-3993
-5365
-7289
-9163
-10215
-10070
-9287
-8515
-7978
-7620
-7129
-6079
-4592
-3275
-2644
-2841
-3294
-3330
-2869
-2066
-1224
-890
-1047
-1066
-748
-224
94
-298
-1279
-2554
-3725
-4229
-4090
-3734
-3387
-3074
-2567
-1527
212
2251
3801
4632
4973
5111
5537
6226
6669
6660
6029
5075
4382
4132
4128
3770
2929
1763
659
310
620
1136
1464
1521
1628
2217
3311
4474
5398
5685
5437
5103
4986
5211
5276
4832
4053
3288
2824
2729
2958
2989
2560
2057
1795
1983
2417
2773
2862
2670
2540
2685
3048
3464
3601
3233
2638
2245
2083
1969
1747
1234
587
11
-391
-491
-398
-510
-920
-1336
-1605
-1437
-949
-535
-283
-274
-255
80
716
1418
1810
1583
892
302
-29
-229
-613
-1408
-2363
-3290
-3890
-3861
-3472
-3295
-3387
-3458
-3330
-2743
-1765
-1022
-894
-1300
-2050
-2649
-2980
-3372
-4208
-5930
-7945
-9321
-9684
-9225
-8720
-8405
-8049
-7483
-6472
-4995
-3606
-2835
-2851
-3306
-3470
-3216
-2587
-1919
-1636
-1718
-1764
-1346
-671
-131
-232
-1086
-2352
-3642
-4500
-4796
-4605
-4311
-4151
-3711
-2603
-702
1405
3144
4356
4843
5122
5470
5892
6285
6116
5563
4826
4184
4045
4133
3964
3368
2452
1441
801
775
1073
1315
1403
1457
1972
3139
4416
5472
6011
6068
5995
5906
5889
5844
5547
4976
4255
3665
3340
3301
3358
3088
2590
2056
1697
1777
2073
2262
2294
2183
2294
2808
3302
3721
3867
3557
3093
2564
2099
1780
1345
727
-13
-631
-850
-906
-857
-878
-1110
-1353
-1489
-1349
-1031
-695
-526
-373
-2
500
1117
1606
1736
1552
1156
592
38
-473
-1175
-1993
-2830
-3491
-3811
-3841
-3569
-3329
-3237
-3032
-2665
-2184
-1595
-968
-666
-845
-1182
-1645
-2242
-2902
-3996
-5603
-7415
-8970
-9887
-10195
-10064
-9818
-9433
-8658
-7535
-6032
-4496
-3566
-3097
-2904
-2946
-2717
-2212
-1695
-1425
-1422
-1255
-831
-300
59
-180
-1023
-2143
-3353
-4293
-4792
-5025
-5013
-4754
-4065
-2814
-1088
972
2784
3926
4658
5088
5377
5787
6039
5936
5557
5058
4730
4561
4375
4152
3652
2807
1908
1143
817
875
1057
1238
1410
1901
2871
4048
5017
5654
5787
5549
5329
5181
5113
4875
4363
3632
3086
2919
2951
3167
3147
2939
2706
2523
2675
2955
3180
3117
2933
3027
3283
3615
3861
3944
3740
3317
2928
2554
2220
1743
1109
455
-86
-408
-548
-557
-616
-699
-735
-693
-606
-305
144
328
481
595
766
1041
1150
1185
907
332
-298
-884
-1344
-1807
-2277
-2773
-3352
-3760
-3797
-3593
-3347
-3126
-2930
-2732
-2278
-1506
-840
-478
-498
-884
-1403
-2069
-3048
-4363
-6009
-7836
-9565
-10818
-11281
-11042
-10524
-9816
-8740
-7497
-6117
-4743
-3613
-2873
-2716
-2785
-2706
-2444
-1975
-1529
-1153
-802
-586
-394
-322
-512
-1089
-2140
-3328
-4445
-5284
-5611
-5506
-5045
-4336
-3383
-1978
-168
1803
3463
4570
5309
5653
5873
6122
6092
5752
5149
4460
3968
3706
3556
3420
2982
2294
1758
1392
1338
1584
1841
2159
2693
3434
4509
5696
6671
7287
7330
7021
6433
5641
4836
3920
2931
2121
1795
1962
2433
3103
3712
4103
4361
4362
4182
3974
3605
3151
2709
2456
2548
2915
3238
3322
3324
3158
2909
2605
2009
1233
413
-335
-843
-1046
-1030
-962
-935
-920
-759
-491
-183
23
37
39
100
376
768
1066
1144
1009
865
590
116
-315
-988
-1937
-2825
-3671
-4089
-4275
-4318
-4071
-3869
-3515
-2970
-2167
-1349
-797
-517
-641
-1060
-1863
-2909
-4002
-5345
-7039
-8840
-10322
-11074
-11101
-10670
-9950
-9215
-8359
-7136
-5832
-4640
-3716
-3349
-3223
-3150
-3068
-2599
-2043
-1696
-1453
-1186
-731
-264
-63
-306
-1053
-2138
-3325
-4325
-5000
-5417
-5467
-5107
-4370
-3037
-1246
713
2725
4253
5217
5864
6141
6236
6065
5753
5429
4967
4483
4049
3891
3836
3585
3069
2467
1930
1454
1357
1528
1873
2312
2880
3816
4909
6039
6916
7256
7201
6736
5967
5141
4247
3331
2470
1932
1899
2255
2833
3519
4056
4201
4220
4191
3988
3605
3113
2645
2328
2373
2698
3055
3299
3457
3510
3405
3163
2739
2195
1513
825
215
-290
-572
-757
-862
-912
-983
-1027
-1013
-1025
-942
-681
-440
-152
69
356
830
1314
1545
1215
726
135
-630
-1376
-2160
-3010
-3962
-4721
-4977
-4856
-4567
-4187
-3764
-3293
-2701
-1921
-1098
-582
-449
-640
-1212
-2092
-3188
-4436
-5951
-7804
-9579
-10784
-11271
-11083
-10420
-9600
-8520
-7236
-5994
-4818
-3893
-3357
-3256
-3354
-3335
-3157
-2750
-2039
-1211
-555
-43
391
695
646
-63
-1306
-2775
-4162
-5274
-5981
-6138
-5719
-4803
-3480
-1749
224
2301
4175
5409
6160
6543
6695
6765
6668
6422
5883
5304
4808
4405
4167
3734
3036
2247
1535
889
588
685
867
1253
1827
2743
4014
5249
6285
6992
7243
7053
6559
5785
4727
3528
2400
1701
1492
1709
2339
3129
3777
4206
4495
4606
4420
3873
3142
2502
2079
1918
2093
2520
2996
3290
3407
3479
3328
2892
2278
1521
680
-111
-544
-627
-661
-597
-484
-464
-491
-474
-260
-162
-310
-337
-235
8
473
1085
1557
1528
1099
582
-64
-760
-1447
-2369
-3290
-4006
-4359
-4309
-4072
-3698
-3380
-3128
-2707
-2064
-1300
-521
-85
-150
-594
-1443
-2547
-3831
-5462
-7525
-9679
-11281
-11867
-11468
-10619
-9575
-8306
-6947
-5531
-4159
-3234
-2888
-2996
-3490
-4074
-4256
-3878
-3255
-2583
-2113
-1671
-915
-254
24
-294
-1212
-2344
-3508
-4560
-5263
-5566
-5423
-4892
-4123
-2930
-1138
1004
2881
4245
5127
5729
6324
6835
7000
6733
6274
5640
4998
4499
4123
3804
3222
2451
1676
1152
1063
1277
1453
1546
1926
2589
3633
4868
6001
6808
7139
7220
6890
6317
5651
4650
3465
2349
1661
1630
2260
3106
3634
3986
4214
4275
4204
3853
3184
2457
1836
1528
1847
2532
3267
3822
4001
3957
3811
3476
2826
1902
810
-264
-948
-1155
-1121
-976
-865
-813
-761
-783
-855
-891
-867
-804
-725
-471
191
1047
1836
2266
2189
1845
1061
-14
-1123
-2268
-3465
-4531
-4979
-4880
-4379
-3596
-2741
-2157
-1862
-1522
-1074
-573
-423
-473
-751
-1456
-2218
-2965
-4019
-5684
-7637
-9614
-11025
-11501
-11364
-10746
-9919
-8787
-7301
-5694
-4268
-3186
-2650
-2764
-3142
-3535
-3560
-3242
-2793
-2200
-1647
-1096
-460
2
47
-399
-1460
-2856
-4145
-5233
-5926
-6043
-5689
-4937
-3814
-2320
-407
1604
3365
4664
5440
6014
6412
6734
7032
6986
6616
5942
5088
4311
3493
2711
2005
1145
359
-24
105
673
1325
1884
2534
3297
4194
5185
6048
6724
6999
6927
6605
6131
5628
4960
4167
3164
2323
2062
2287
2736
2966
3012
2967
2998
3177
3213
3121
3005
2924
2964
3238
3718
4164
4358
4250
3867
3305
2722
2065
1285
410
-388
-985
-1314
-1327
-1197
-1209
-1352
-1412
-1480
-1311
-865
-501
-191
142
580
1219
1949
2488
2502
1984
1111
12
-1082
-2072
-2962
-3821
-4468
-4671
-4475
-3922
-3120
-2459
-2262
-2210
-1903
-1332
-746
-209
87
-149
-779
-1526
-2294
-3439
-5153
-7298
-9489
-11134
-11757
-11446
-10625
-9523
-8529
-7417
-5964
-4547
-3499
-3131
-3343
-3817
-4042
-3800
-3061
-1903
-1034
-552
-244
-5
257
104
-787
-2234
-3827
-5185
-6135
-6507
-6203
-5518
-4617
-3544
-2226
-506
1302
2907
4170
4934
5548
6192
6775
7271
7402
6991
6159
5126
4071
3147
2400
1615
859
295
71
505
1225
1842
2343
2612
2994
3738
4662
5573
6396
7021
7257
7374
7296
6746
5962
4854
3519
2288
1498
1363
1580
1915
2236
2630
3027
3344
3623
3606
3207
2714
2556
2632
2939
3493
3870
4044
4039
3881
3570
3004
2129
978
-219
-1209
-1695
-1825
-1818
-1667
-1428
-1050
-685
-427
-219
-1
163
180
280
528
909
1390
1717
1665
1215
460
-411
-1273
-2226
-3134
-4004
-4672
-4881
-4704
-4071
-3367
-2864
-2291
-1769
-1315
-583
82
338
182
-379
-1296
-2515
-3851
-5566
-7552
-9493
-10934
-11523
-11499
-10686
-9474
-8226
-6853
-5537
-4349
-3483
-3011
-3022
-3313
-3483
-3363
-2867
-2180
-1374
-712
-241
195
382
151
-723
-2023
-3410
-4772
-5767
-6341
-6338
-5765
-4798
-3404
-1785
68
1978
3627
4882
5733
6346
6676
6709
6641
6456
5969
5238
4423
3617
3000
2475
1868
1332
929
709
787
1050
1370
1746
2130
2680
3504
4518
5634
6534
7027
7137
6903
6456
5805
4814
3510
2234
1348
1084
1397
1997
2697
3262
3577
3826
4086
4091
3798
3343
2846
2725
2995
3502
4126
4461
4485
4248
3738
3123
2280
1183
44
-1043
-1835
-2066
-1799
-1336
-776
-212
92
142
187
189
119
94
91
174
472
945
1449
1816
1714
1071
-33
-1274
-2377
-3435
-4285
-4985
-5345
-5200
-4605
-3643
-2802
-1990
-1462
-1359
-994
-666
-405
-175
-411
-1010
-1969
-3041
-4247
-5795
-7603
-9463
-10883
-11642
-11561
-10772
-9751
-8489
-6997
-5571
-4308
-3392
-2962
-2900
-3097
-3322
-3310
-2958
-2403
-1753
-1161
-635
-186
-43
-237
-896
-2058
-3337
-4517
-5519
-6037
-5989
-5378
-4196
-2731
-1134
668
2434
4004
5261
5960
6329
6463
6415
6355
6158
5784
5212
4426
3750
3204
2629
2178
1622
984
638
597
915
1490
2004
2598
3389
4280
5359
6355
7080
7509
7376
6854
6272
5468
4581
3732
2730
2069
1851
1924
2393
2845
3115
3253
3182
3030
2806
2638
2469
2221
2295
2645
3127
3650
4035
4237
4003
3465
2768
1909
1071
285
-419
-1023
-1390
-1433
-1213
-924
-612
-288
-270
-301
-203
-35
340
560
717
1070
1347
1600
1641
1377
845
-90
-1082
-1942
-2746
-3466
-3944
-4152
-4239
-4126
-3745
-3267
-2796
-2469
-2214
-1804
-1257
-617
-190
-161
-501
-1284
-2474
-3875
-5471
-7369
-9399
-11113
-12041
-12046
-11313
-10270
-8999
-7548
-6111
-4737
-3699
-3111
-2923
-3051
-3360
-3462
-3087
-2480
-1802
-1125
-608
-174
95
-95
-721
-1693
-2984
-4347
-5382
-6024
-6150
-5610
-4617
-3297
-1813
-150
1739
3493
4910
5812
6253
6479
6557
6562
6354
6075
5593
4805
4066
3458
3026
2515
1927
1304
749
619
764
1126
1571
2017
2754
3689
4775
5969
6983
7556
7527
7079
6372
5531
4541
3406
2274
1356
1040
1253
1900
2676
3194
3575
3710
3759
3769
3463
3107
2794
2581
2746
3143
3733
4340
4622
4537
4170
3535
2745
1862
835
-6
-736
-1198
-1237
-1183
-887
-531
-317
-275
-348
-311
-240
-165
-151
57
565
1019
1421
1683
1633
1165
144
-1106
-2213
-3172
-3944
-4511
-4879
-5052
-4771
-4018
-3396
-2982
-2671
-2381
-2011
-1558
-1008
-611
-486
-744
-1421
-2353
-3566
-5079
-6801
-8723
-10489
-11579
-11673
-10905
-9864
-8683
-7269
-5706
-4397
-3452
-2790
-2719
-2922
-3111
-3241
-2959
-2284
-1522
-791
-207
205
517
387
-248
-1263
-2620
-3921
-5035
-5791
-6093
-5881
-5000
-3893
-2697
-1178
504
2222
3738
4787
5565
6132
6483
6729
6699
6298
5717
4980
4056
3255
2718
2346
1980
1593
1415
1432
1746
2142
2429
2729
2984
3566
4408
5343
6340
7157
7682
7759
7417
6765
5789
4479
3065
1854
1136
1078
1531
2224
3012
3753
4212
4484
4474
4133
3711
3147
2624
2385
2427
2639
2958
3346
3521
3293
2808
2113
1282
414
-535
-1256
-1671
-1861
-1675
-1326
-895
-502
-361
-401
-494
-393
-265
-253
-190
106
681
1208
1549
1635
1281
417
-772
-1940
-3047
-4010
-4743
-5220
-5194
-4643
-3768
-2837
-2161
-1768
-1527
-1385
-1177
-867
-636
-542
-618
-898
-1459
-2377
-3592
-5229
-7312
-9340
-10866
-11630
-11527
-10852
-9877
-8647
-7189
-5626
-4309
-3400
-3009
-3007
-2944
-2945
-2823
-2399
-1761
-895
-309
81
428
469
124
-769
-1964
-3235
-4531
-5534
-6054
-6060
-5566
-4654
-3477
-2003
-263
1566
3251
4526
5484
6118
6589
6942
6933
6635
5971
5104
4258
3505
2912
2326
1962
1793
1647
1714
1961
2257
2490
2591
2712
3052
3640
4465
5409
6294
7000
7399
7485
7031
6075
4810
3282
2069
1316
985
1325
2122
3165
4141
4856
5341
5313
4853
4173
3337
2638
2228
2097
2462
3136
3671
4021
3985
3554
2835
1901
815
-359
-1395
-2043
-2169
-1994
-1539
-1016
-675
-378
-306
-432
-494
-625
-833
-806
-409
168
844
1475
1619
1265
539
-587
-1894
-3215
-4343
-4991
-5267
-5021
-4222
-3415
-2561
-1914
-1663
-1542
-1748
-1966
-2102
-2066
-1721
-1296
-795
-427
-397
-979
-2121
-3712
-5755
-7940
-9926
-11335
-12047
-12090
-11459
-10287
-8800
-7147
-5447
-4008
-3016
-2423
-2067
-1771
-1588
-1344
-977
-626
-251
17
345
465
131
-226
-884
-1775
-2668
-3533
-4173
-4752
-4938
-4646
-3945
-2653
-1088
612
2368
4073
5706
6853
7431
7696
7541
6900
5914
4800
3839
3110
2618
2309
2168
2240
2386
2579
2641
2507
2365
2097
2028
2292
2727
3519
4463
5406
6128
6597
6853
6540
5688
4325
2796
1606
732
384
608
1174
2187
3308
4333
5142
5407
5352
4822
4006
3283
2722
2541
2517
2603
2656
2622
2574
2240
1581
729
-137
-945
-1505
-1698
-1602
-1152
-618
-179
220
386
366
127
-285
-654
-909
-870
-627
-203
308
579
745
647
38
-758
-1653
-2628
-3510
-4125
-4407
-4260
-3764
-3118
-2511
-2098
-1836
-1742
-1825
-2046
-2179
-2177
-2003
-1685
-1338
-932
-571
-565
-1298
-2506
-3812
-5273
-6882
-8582
-9996
-10878
-11164
-10726
-9922
-8835
-7484
-6182
-4941
-3796
-2851
-2206
-1823
-1509
-1341
-1165
-764
-337
-26
75
87
105
-19
-344
-938
-1714
-2478
-3143
-3824
-4246
-4120
-3543
-2482
-1099
446
2258
4235
5870
6887
7462
7549
7118
6307
5262
4310
3535
3018
2799
2817
3084
3521
3955
4028
3718
3232
2873
2612
2310
2183
2378
2971
3692
4443
5195
5706
5896
5491
4703
3809
2877
2060
1312
914
913
1428
2318
3139
4007
4713
5176
5424
5222
4806
4252
3543
2872
2158
1555
1070
608
184
-250
-613
-873
-1061
-1048
-906
-775
-491
-206
-63
-16
-74
-181
-380
-778
-1150
-1176
-1041
-868
-581
-284
-4
97
-90
-503
-1154
-1821
-2411
-2953
-3290
-3352
-3057
-2529
-2197
-2003
-1696
-1345
-1203
-1400
-1672
-1985
-2199
-2230
-2224
-2068
-1852
-1586
-1272
-1056
-1043
-1139
-1459
-2274
-3375
-4534
-5669
-6966
-8280
-9158
-9675
-9788
-9330
-8555
-7605
-6371
-5082
-3982
-2907
-2015
-1310
-758
-526
-321
-219
-85
113
173
236
289
267
5
-449
-1058
-1754
-2395
-3134
-3796
-3923
-3414
-2465
-1215
351
2056
3653
5000
5978
6391
6208
5773
5217
4592
4044
3747
3831
4066
4248
4538
4802
4852
4673
4180
3590
2941
2413
2212
2051
1994
2221
2662
3146
3457
3788
4026
3952
3724
3238
2876
2591
2168
2034
2084
2432
3206
3979
4687
5342
5743
5903
5624
4953
4070
2985
1897
848
-50
-671
-1040
-1169
-1116
-925
-622
-318
-62
39
15
18
44
-94
-367
-542
-663
-582
-469
-447
-316
-218
-261
-499
-853
-1231
-1626
-1979
-2299
-2455
-2304
-1986
-1646
-1352
-1198
-1062
-1061
-1399
-1810
-2151
-2446
-2701
-2765
-2794
-2833
-2632
-2475
-2315
-2172
-2141
-1983
-1846
-1751
-1658
-1703
-1949
-2482
-3256
-4158
-5198
-6376
-7674
-8981
-9875
-10148
-9928
-9339
-8406
-7161
-5738
-4222
-2787
-1637
-821
-405
-306
-396
-616
-686
-449
-166
-22
165
458
681
657
179
-599
-1439
-2265
-2808
-2984
-2661
-1667
-316
1179
2842
4543
5955
6918
7379
7190
6634
5969
5141
4526
4280
4228
4430
4708
5037
5460
5673
5564
5131
4346
3433
2611
1852
1250
989
1088
1431
1973
2638
3241
3761
4045
3837
3362
2792
2290
1940
1665
1747
2121
2781
3646
4449
5111
5346
5278
4840
4041
3124
1925
798
-61
-792
-1228
-1491
-1366
-985
-767
-449
-217
-125
-194
-337
-391
-598
-727
-891
-999
-855
-823
-696
-606
-701
-800
-1016
-1217
-1483
-1740
-1819
-1917
-1897
-1800
-1641
-1450
-1354
-1262
-1390
-1646
-1883
-2159
-2455
-2812
-3049
-3054
-2950
-2809
-2623
-2344
-2079
-1901
-1790
-1749
-1639
-1553
-1421
-1242
-1262
-1394
-1710
-2324
-3178
-4274
-5581
-6900
-8150
-9197
-9770
-9708
-9098
-8182
-6952
-5459
-3917
-2441
-1237
-419
78
193
42
-212
-349
-218
30
359
666
940
1134
1094
701
-11
-837
-1696
-2383
-2696
-2455
-1641
-481
974
2560
4066
5335
6205
6644
6575
6134
5463
4802
4399
4128
4158
4369
4630
4928
5048
5096
4877
4453
3924
3241
2655
2141
1812
1710
1672
1811
2046
2224
2403
2546
2715
2691
2421
2274
2252
2430
2702
2971
3305
3605
3937
4274
4486
4452
4243
3836
3180
2536
1827
1116
391
-355
-873
-1361
-1610
-1633
-1600
-1329
-1139
-922
-731
-785
-722
-738
-879
-1032
-1278
-1335
-1316
-1127
-788
-644
-483
-461
-621
-876
-1161
-1395
-1702
-1892
-2000
-1959
-1812
-1669
-1497
-1529
-1688
-1994
-2314
-2477
-2601
-2569
-2435
-2264
-1964
-1572
-1119
-808
-691
-684
-852
-1083
-1282
-1459
-1671
-1909
-2283
-2786
-3343
-4002
-4667
-5625
-6732
-7694
-8477
-8818
-8617
-7921
-6958
-5705
-4276
-2933
-1620
-625
-121
-21
-231
-620
-1005
-1162
-1059
-678
-244
142
535
794
875
569
31
-555
-1121
-1332
-1260
-839
1
1113
2291
3331
4384
5246
5703
5827
5649
5266
4860
4535
4209
3995
3892
3872
3965
4035
4031
4033
4008
3811
3520
3176
2826
2464
2144
2000
1871
1787
1851
1924
2012
2120
2209
2293
2253
2223
2248
2242
2315
2412
2462
2548
2793
3021
3188
3321
3330
3224
2962
2568
2110
1553
860
106
-583
-1035
-1314
-1406
-1423
-1428
-1231
-1163
-1244
-1326
-1497
-1734
-1928
-1996
-1984
-1852
-1570
-1184
-813
-475
-184
-54
-46
-184
-461
-697
-941
-1192
-1308
-1317
-1367
-1385
-1415
-1564
-1647
-1881
-2157
-2219
-2329
-2287
-2144
-2034
-1703
-1420
-1136
-770
-504
-245
-153
-220
-382
-594
-935
-1508
-2193
-3044
-3957
-4840
-5694
-6559
-7339
-7768
-7901
-7673
-6987
-6057
-5034
-3956
-2891
-1942
-1205
-821
-659
-669
-811
-888
-936
-701
-300
42
435
687
793
730
435
-6
-456
-798
-1107
-1171
-846
-229
648
1555
2372
3181
3810
4185
4427
4460
4216
3854
3594
3332
3090
3050
3091
3265
3586
3828
4027
4128
4011
3824
3471
2993
2594
2248
1988
1784
1707
1790
1902
2007
2081
2150
2139
1985
1779
1708
1700
1613
1680
1893
2093
2402
2743
3056
3362
3578
3684
3588
3329
2914
2447
1967
1288
617
24
-525
-984
-1333
-1552
-1842
-2027
-2177
-2375
-2304
-2319
-2290
-2117
-1986
-1706
-1421
-1075
-669
-274
68
332
632
756
761
671
404
91
-342
-767
-1203
-1597
-1826
-2076
-2235
-2300
-2207
-2022
-1985
-1902
-1794
-1807
-1743
-1616
-1508
-1285
-1027
-803
-491
-208
-183
-346
-600
-1211
-2144
-3024
-4020
-4993
-5772
-6480
-6925
-7077
-6890
-6442
-5904
-5205
-4476
-3794
-3211
-2788
-2351
-1968
-1610
-1296
-1070
-783
-484
-115
226
455
656
756
660
460
338
192
46
-54
-106
59
367
832
1434
2033
2609
3099
3522
3810
3979
4039
3854
3594
3316
2968
2790
2810
2766
2835
3131
3416
3685
3867
3855
3709
3355
2833
2355
1842
1447
1217
1074
1160
1282
1393
1621
1813
1822
1770
1638
1414
1237
1102
1180
1386
1516
1806
2089
2382
2758
2956
3061
3026
2877
2542
2082
1737
1292
749
200
-274
-713
-1102
-1336
-1612
-1796
-1853
-1785
-1607
-1556
-1462
-1254
-1131
-1046
-921
-798
-495
-125
254
603
807
1046
1131
992
757
439
-63
-600
-1201
-1804
-2130
-2424
-2554
-2545
-2474
-2309
-2226
-2127
-1981
-1913
-1909
-1895
-1905
-1753
-1564
-1293
-928
-759
-659
-738
-948
-1412
-2125
-2917
-3896
-4917
-5775
-6307
-6628
-6730
-6567
-6206
-5600
-4981
-4299
-3600
-3031
-2456
-2029
-1747
-1496
-1167
-802
-386
6
354
855
1265
1577
1696
1510
1209
860
485
158
-104
-278
-253
30
549
1111
1792
2420
2885
3341
3595
3756
3743
3570
3341
3051
2933
2864
2879
3124
3426
3629
3774
3792
3591
3347
2925
2357
1798
1249
923
811
927
1208
1554
1938
2229
2427
2548
2398
2023
1696
1218
850
800
694
841
1161
1464
1995
2430
2840
3201
3262
3180
2844
2380
1830
1189
599
48
-361
-660
-804
-902
-941
-868
-845
-834
-946
-1086
-1246
-1485
-1538
-1452
-1431
-1303
-1019
-627
-131
273
480
593
696
659
446
148
-247
-626
-1010
-1374
-1562
-1757
-1880
-1920
-1999
-1989
-2084
-2258
-2323
-2421
-2521
-2475
-2406
-2257
-2014
-1744
-1432
-1280
-1118
-977
-1126
-1409
-1806
-2275
-2799
-3317
-3824
-4396
-4913
-5278
-5441
-5405
-5184
-4945
-4613
-4208
-3882
-3466
-3104
-2812
-2522
-2309
-1930
-1578
-1230
-576
80
707
1193
1621
2065
2268
2265
2030
1665
1186
721
383
197
217
395
774
1186
1691
2232
2677
3035
3208
3253
3190
3171
3195
3241
3440
3590
3723
4011
4187
4228
4161
3777
3215
2673
2159
1744
1542
1426
1417
1584
1875
2163
2363
2503
2454
2232
1852
1422
1155
956
707
606
764
973
1323
1784
2122
2418
2603
2630
2497
2256
1951
1556
1191
812
452
149
-66
-216
-360
-376
-407
-517
-592
-641
-701
-845
-1041
-1124
-1117
-1116
-1053
-863
-615
-384
-166
68
135
107
139
4
-237
-513
-768
-1033
-1326
-1430
-1605
-1743
-1812
-1972
-2004
-2172
-2452
-2701
-2993
-3201
-3349
-3299
-3116
-2952
-2675
-2393
-2131
-1942
-1921
-1935
-2136
-2467
-2783
-3074
-3334
-3655
-3877
-3984
-4001
-3951
-3937
-3895
-3826
-3788
-3806
-3719
-3545
-3416
-3167
-2757
-2263
-1741
-1173
-583
75
762
1204
1620
2021
2157
2235
2196
2006
1812
1532
1240
973
753
657
677
809
965
1142
1490
1874
2133
2444
2752
2983
3149
3279
3378
3406
3461
3485
3490
3440
3285
3131
3021
2893
2695
2523
2381
2306
2268
2261
2281
2260
2286
2259
2193
2073
1868
1651
1523
1478
1394
1395
1444
1584
1839
2134
2357
2431
2489
2418
2238
2030
1791
1571
1232
945
812
674
600
628
622
471
342
192
9
-130
-435
-816
-1142
-1329
-1421
-1506
-1527
-1535
-1394
-1268
-1133
-877
-758
-595
-491
-527
-540
-601
-645
-787
-1042
-1264
-1543
-1861
-2029
-2208
-2548
-2784
-2942
-3081
-3165
-3208
-3125
-3047
-2963
-2791
-2730
-2591
-2373
-2347
-2377
-2430
-2441
-2469
-2588
-2618
-2651
-2775
-2941
-3116
-3149
-3193
-3299
-3388
-3568
-3608
-3653
-3736
-3665
-3576
-3367
-3127
-2761
-2255
-1833
-1343
-780
-211
316
756
1115
1421
1680
1927
1978
1952
1990
1736
1589
1561
1352
1222
1133
1176
1295
1388
1552
1797
2107
2383
2602
2884
3085
3133
3203
3170
3105
3010
2930
2920
2813
2783
2794
2863
2878
2829
2878
2893
2831
2676
2556
2459
2325
2185
2070
2007
1882
1825
1799
1706
1680
1667
1769
1794
1828
2065
2219
2268
2180
2150
2114
1815
1542
1394
1180
1008
953
957
1049
1066
1147
1246
1077
830
532
191
-210
-690
-1016
-1378
-1679
-1732
-1729
-1698
-1626
-1446
-1234
-1124
-1113
-1208
-1306
-1395
-1561
-1661
-1682
-1703
-1748
-1717
-1705
-1800
-1814
-1973
-2183
-2419
-2772
-3005
-3218
-3368
-3529
-3602
-3424
-3299
-3186
-3033
-2902
-2779
-2727
-2698
-2763
-2810
-2813
-2936
-2931
-2838
-2857
-2852
-2863
-2925
-2898
-2813
-2819
-2785
-2686
-2699
-2602
-2425
-2234
-1923
-1656
-1321
-1033
-757
-276
11
270
625
822
1030
1176
1352
1614
1658
1721
1774
1706
1801
1823
1791
1829
1809
1821
1936
2155
2305
2392
2574
2724
2841
2984
3096
3143
3053
2995
2915
2718
2671
2608
2425
2329
2296
2295
2319
2335
2330
2360
2451
2469
2423
2365
2247
2143
2062
2008
2007
1952
1872
1942
2071
2081
2040
1980
1931
1798
1627
1510
1323
1176
1032
953
936
873
889
879
942
992
889
853
761
686
562
300
161
-82
-400
-625
-890
-1064
-1162
-1232
-1278
-1394
-1432
-1406
-1490
-1573
-1688
-1886
-1950
-2033
-2185
-2213
-2221
-2155
-2106
-2109
-2042
-2034
-2082
-2200
-2359
-2575
-2807
-3000
-3187
-3269
-3336
-3342
-3247
-3074
-2877
-2841
-2775
-2727
-2735
-2760
-2886
-2963
-2945
-2939
-2921
-2876
-2805
-2657
-2580
-2515
-2363
-2168
-2088
-1985
-1728
-1610
-1484
-1344
-1268
-1143
-931
-664
-475
-266
-46
223
479
691
993
1232
1362
1496
1695
1841
1928
1979
1942
1964
2049
2066
2124
2215
2287
2310
2326
2436
2570
2713
2771
2900
3033
3063
3140
3140
3116
3093
2992
2832
2718
2569
2436
2421
2378
2346
2335
2396
2441
2420
2360
2322
2311
2215
2111
2001
1928
1851
1761
1801
1766
1703
1670
1550
1491
1323
1160
1043
906
803
586
477
398
246
185
139
54
-35
-117
-215
-307
-371
-428
-524
-614
-786
-949
-1058
-1225
-1330
-1486
-1622
-1707
-1812
-1795
-1830
-1934
-1934
-1974
-2008
-2071
-2184
-2141
-2081
-2147
-2222
-2289
-2311
-2280
-2302
-2349
-2409
-2541
-2689
-2751
-2798
-2843
-2885
-2816
-2703
-2662
-2523
-2445
-2402
-2313
-2281
-2237
-2257
-2348
-2245
-2075
-2008
-1866
-1713
-1590
-1523
-1400
-1243
-1233
-1164
-1124
-1077
-1005
-957
-804
-657
-449
-230
-49
193
449
631
758
908
1058
1147
1207
1368
1515
1539
1620
1744
1863
1997
2038
2062
2188
2197
2116
2160
2151
2165
2282
2333
2468
2667
2725
2816
2897
2895
2944
2905
2932
2937
2822
2731
2557
2469
2367
2291
2242
2104
2130
2113
2056
2054
1992
1921
1791
1813
1931
1909
1886
1835
1827
1787
1630
1517
1384
1209
1023
873
731
621
573
448
354
289
168
49
-91
-336
-564
-708
-908
-1127
-1359
-1518
-1611
-1623
-1691
-1786
-1764
-1840
-1776
-1696
-1798
-1872
-1939
-2058
-2166
-2217
-2331
-2436
-2493
-2595
-2662
-2654
-2590
-2531
-2512
-2471
-2405
-2356
-2357
-2410
-2425
-2399
-2429
-2454
-2423
-2391
-2358
-2305
-2222
-2150
-2080
-2004
-1953
-1845
-1656
-1542
-1542
-1466
-1387
-1405
-1393
-1287
-1173
-1084
-979
-811
-630
-583
-460
-309
-251
-117
-82
-61
83
167
243
401
541
655
831
988
1082
1278
1452
1534
1648
1682
1778
1925
1963
2028
2136
2204
2286
2393
2413
2441
2373
2329
2439
2425
2445
2514
2542
2552
2592
2705
2753
2785
2820
2820
2785
2717
2543
2381
2329
2159
2004
1874
1757
1660
1559
1553
1462
1296
1187
1053
854
828
788
593
527
512
400
235
151
107
10
-108
-156
-174
-245
-289
-384
-573
-615
-592
-699
-848
-945
-991
-1063
-1232
-1421
-1458
-1496
-1564
-1579
-1659
-1687
-1626
-1643
-1748
-1799
-1863
-1940
-1971
-1984
-1989
-2020
-2048
-2017
-1955
-1907
-1845
-1851
-1819
-1780
-1833
-1921
-1945
-1883
-1894
-1956
-2038
-1936
-1853
-1869
-1749
-1755
-1726
-1609
-1625
-1548
-1499
-1532
-1394
-1297
-1249
-1119
-933
-649
-538
-486
-353
-285
-189
-113
-25
14
62
170
197
224
259
332
426
473
518
607
767
917
1041
1162
1281
1352
1384
1473
1596
1678
1644
1701
1775
1788
1845
1809
1898
1989
1939
2014
2054
2049
1984
1842
1955
2075
2026
2030
1971
1920
1949
1983
2025
1941
1880
1884
1803
1847
1839
1723
1692
1589
1446
1312
1151
1023
891
679
540
521
444
371
324
281
201
133
118
50
-36
-130
-192
-190
-239
-369
-471
-504
-573
-735
-871
-962
-1021
-1078
-1167
-1182
-1161
-1157
-1211
-1194
-1185
-1345
-1370
-1382
-1475
-1413
-1388
-1481
-1534
-1557
-1567
-1612
-1630
-1566
-1591
-1603
-1600
-1596
-1560
-1538
-1512
-1597
-1586
-1503
-1430
-1322
-1272
-1214
-1239
-1094
-951
-1024
-1043
-1070
-1010
-937
-845
-837
-829
-620
-554
-531
-479
-448
-395
-368
-304
-268
-320
-203
-48
-53
86
200
273
359
374
481
541
558
564
560
581
557
525
572
676
822
971
1005
1159
1380
1424
1432
1489
1474
1438
1389
1290
1286
1210
1186
1319
1338
1339
1391
1425
1429
1421
1427
1479
1456
1350
1351
1269
1215
1236
1184
1259
1263
1217
1198
1110
1092
980
877
866
796
700
641
625
538
479
409
306
278
208
130
83
-26
-147
-215
-292
-329
-359
-438
-488
-457
-460
-534
-525
-490
-529
-642
-668
-721
-903
-934
-930
-1017
-1056
-1100
-1186
-1240
-1250
-1237
-1181
-1151
-1171
-1154
-1192
-1269
-1259
-1283
-1277
-1190
-1198
-1211
-1195
-1153
-1086
-1064
-1024
-958
-934
-899
-906
-947
-881
-873
-880
-788
-788
-707
-639
-655
-616
-651
-676
-653
-621
-639
-617
-527
-444
-364
-273
-136
-124
-105
-7
17
62
63
17
-42
-101
-29
71
123
182
276
384
448
480
517
529
521
532
588
623
653
707
799
879
970
1178
1197
1251
1329
1247
1269
1234
1179
1166
1115
1106
1105
1092
1127
1124
1167
1229
1268
1319
1291
1317
1300
1171
1045
1004
1091
1079
954
938
950
964
916
756
699
570
481
521
304
264
336
251
321
236
148
210
157
93
-27
-83
-65
-144
-170
-155
-217
-286
-284
-257
-290
-385
-462
-559
-599
-681
-809
-791
-823
-819
-802
-846
-774
-784
-896
-955
-1020
-1058
-1045
-1084
-1190
-1293
-1354
-1337
-1308
-1304
-1315
-1348
-1369
-1311
-1261
-1291
-1219
-1200
-1197
-1111
-1055
-1051
-1100
-1023
-1016
-1049
-948
-911
-856
-758
-686
-611
-526
-517
-548
-503
-492
-447
-407
-396
-302
-244
-171
-94
36
168
156
253
330
314
270
259
386
394
397
469
548
623
696
701
655
745
716
694
732
724
831
884
935
972
1003
1109
1180
1147
1098
1076
955
909
926
904
893
901
968
1002
967
979
984
967
987
885
840
874
868
878
836
838
825
787
803
752
668
651
571
462
438
368
386
381
298
337
264
213
171
125
172
134
70
-50
-51
-93
-191
-142
-231
-322
-376
-414
-378
-425
-466
-504
-516
-489
-579
-593
-567
-702
-692
-635
-718
-685
-694
-682
-649
-759
-728
-732
-776
-770
-900
-929
-933
-976
-926
-965
-968
-919
-863
-828
-885
-861
-838
-864
-895
-881
-802
-788
-811
-829
-753
-650
-641
-585
-614
-635
-542
-536
-507
-505
-470
-416
-474
-450
-405
-335
-291
-258
-198
-247
-200
-101
2
71
113
230
251
312
358
285
286
325
398
373
342
464
505
492
513
558
609
621
635
638
515
531
656
657
733
723
710
829
814
826
837
744
765
794
824
842
869
948
912
957
1040
1029
965
799
722
737
666
630
638
639
633
615
628
635
600
496
371
292
287
277
222
218
238
236
270
273
245
201
160
36
-143
-110
-172
-305
-289
-290
-264
-320
-336
-260
-345
-486
-475
-362
-368
-499
-573
-559
-556
-533
-497
-501
-526
-583
-605
-543
-565
-641
-610
-641
-709
-735
-799
-871
-901
-995
-1008
-863
-813
-806
-834
-829
-725
-688
-679
-666
-678
-671
-666
-667
-661
-674
-610
-575
-503
-321
-212
-182
-169
-185
-221
-179
-116
-94
-152
-78
-71
-132
-9
-32
-28
22
41
133
159
169
229
230
281
427
476
471
532
585
552
548
525
524
547
511
607
694
689
729
723
724
727
720
778
758
727
712
657
686
694
661
688
689
700
764
720
684
720
766
843
806
743
731
654
560
450
375
332
276
290
277
275
313
312
337
266
153
95
83
48
-24
34
99
83
82
89
81
83
-12
-179
-252
-294
-364
-429
-491
-564
-597
-535
-469
-467
-497
-483
-469
-544
-594
-608
-676
-825
-833
-708
-734
-755
-713
-718
-711
-747
-812
-814
-831
-865
-859
-782
-793
-894
-882
-859
-840
-869
-807
-679
-741
-723
-642
-573
-463
-478
-479
-382
-348
-333
-353
-437
-378
-285
-202
-149
-187
-83
3
11
53
20
54
111
122
222
306
391
422
355
407
483
476
528
533
490
558
564
539
617
592
550
639
732
708
703
745
662
650
676
717
732
698
769
795
732
619
692
726
620
625
558
598
598
546
581
534
621
641
557
501
411
427
416
421
435
376
371
367
330
289
288
321
326
299
218
195
209
136
118
94
31
-49
-163
-151
-177
-216
-263
-307
-269
-336
-270
-183
-254
-328
-400
-370
-437
-589
-640
-661
-663
-655
-617
-635
-704
-711
-682
-669
-699
-634
-644
-708
-634
-631
-657
-606
-457
-495
-602
-523
-544
-574
-545
-596
-620
-540
-502
-478
-504
-589
-534
-471
-431
-405
-382
-336
-412
-429
-310
-228
-162
-183
-227
-151
-130
-159
-166
-187
-183
-158
-43
30
37
107
107
82
113
149
208
194
120
181
300
359
292
231
374
483
493
497
479
521
559
592
585
533
577
539
418
473
532
465
490
487
469
553
614
636
603
585
592
662
644
537
518
446
444
473
498
490
456
457
411
413
344
336
314
209
219
209
257
288
181
185
245
245
257
192
90
23
-6
54
115
95
36
-14
-42
-29
-14
-90
-142
-97
-140
-172
-211
-267
-249
-322
-324
-245
-262
-261
-262
-374
-369
-341
-424
-406
-471
-486
-405
-489
-486
-449
-503
-580
-581
-546
-579
-592
-590
-522
-495
-520
-518
-464
-441
-495
-506
-550
-549
-481
-498
-541
-427
-374
-440
-390
-372
-372
-387
-445
-354
-228
-225
-219
-122
-91
-108
-53
6
54
34
8
52
75
121
133
167
291
206
197
329
287
270
223
239
222
218
355
369
318
270
368
444
451
495
521
530
445
438
423
394
380
355
373
301
344
393
343
457
440
277
338
364
349
360
300
333
341
359
398
414
468
447
452
502
462
434
377
311
285
214
221
153
98
146
96
55
-34
-69
-41
-75
-13
-29
-69
-49
-69
-73
-85
-67
-103
-136
-119
-92
-47
-114
-165
-239
-286
-264
-295
-295
-369
-401
-406
-415
-294
-292
-402
-398
-409
-472
-458
-492
-512
-461
-437
-448
-513
-464
-352
-429
-506
-440
-409
-385
-459
-525
-481
-464
-386
-342
-317
-313
-328
-291
-289
-225
-188
-181
-110
-122
-120
-11
32
16
83
114
62
59
21
25
65
87
95
75
124
105
49
39
105
142
116
141
189
258
209
189
239
171
158
179
199
238
152
130
253
405
379
280
337
349
412
444
427
408
342
444
391
341
434
419
371
249
393
450
326
385
329
337
345
215
168
137
98
178
283
333
286
168
119
108
151
112
-27
-12
30
41
127
135
57
72
46
-36
-33
-62
-58
-111
-144
-32
-43
-126
-194
-158
-120
-150
-135
-175
-245
-270
-213
-226
-259
-242
-263
-283
-343
-298
-222
-324
-398
-325
-306
-290
-250
-273
-334
-339
-252
-246
-205
-268
-345
-292
-281
-143
-138
-231
-229
-269
-243
-139
-189
-302
-178
-126
-170
-164
-261
-180
-124
-180
-156
-185
-129
-147
-163
-90
-71
-43
-82
-150
-165
-50
80
54
14
56
108
124
112
144
167
152
203
281
299
259
155
100
191
292
322
217
186
279
308
371
375
317
304
236
240
300
249
209
153
171
230
165
177
229
190
275
313
233
249
150
81
112
157
173
182
135
95
176
175
188
166
127
153
171
114
16
77
117
49
76
84
-34
-23
30
-65
-47
-33
-59
-29
-67
-57
-69
-87
-68
-85
-125
-164
-115
-150
-175
-129
-164
-129
-64
-82
-182
-223
-198
-212
-194
-201
-244
-216
-187
-157
-169
-280
-237
-157
-244
-268
-218
-194
-137
-132
-119
-74
-171
-242
-218
-205
-231
-334
-314
-216
-191
-128
-140
-146
-88
-80
-34
2
-7
-21
-44
-88
-32
27
4
52
28
-23
55
97
82
53
-21
-46
-21
22
13
92
107
-38
3
-43
-9
54
-45
54
2
-21
119
93
108
134
163
186
131
126
155
162
115
137
194
148
148
183
181
197
185
144
131
203
221
174
160
136
222
322
323
310
305
239
167
138
129
78
-20
30
101
194
224
131
73
18
55
37
-1
-7
-62
-9
54
31
-6
-54
-47
-54
-126
-87
-89
-137
-124
-92
-55
-48
-40
-103
-103
-51
-87
-145
-202
-232
-236
-157
-101
-136
-151
-130
-90
-84
-94
-115
-192
-221
-228
-204
-110
-121
-195
-199
-141
-93
-137
-191
-209
-208
-125
-46
-29
-83
-213
-213
-79
0
-57
-99
-72
-95
-53
-35
-51
-29
-53
-24
86
128
98
70
10
-15
-23
-10
86
100
122
162
83
144
190
113
95
101
162
182
48
-59
28
74
73
147
123
88
87
137
215
173
112
78
105
164
134
132
148
75
99
180
157
160
120
82
179
195
144
174
151
115
124
118
127
57
28
50
-19
19
6
-87
-20
14
54
77
9
-56
-61
13
-23
-94
-93
-59
-52
-103
-135
-80
-69
-125
-80
-106
-137
-74
-119
-112
-81
-140
-89
-114
-185
-115
-155
-168
-102
-188
-190
-96
-118
-150
-111
-102
-212
-216
-136
-139
-81
-64
-110
-75
-92
-81
-18
-173
-235
-157
-158
-64
-29
-65
-57
-123
-131
-36
-24
-6
-26
-54
6
81
87
-21
-29
-21
-8
67
42
21
12
20
94
31
-9
14
-35
31
47
21
80
60
53
114
73
25
-6
59
158
124
163
162
169
184
163
147
127
157
100
116
137
130
164
101
131
179
145
109
75
74
94
170
188
98
69
159
151
56
73
112
141
94
27
18
20
54
62
31
-12
11
103
83
47
9
-11
104
34
-73
7
14
49
108
95
109
80
27
-3
-9
59
13
-99
-70
15
17
-5
23
-18
-62
-57
-48
-41
-58
-18
-99
-130
14
-34
-56
-64
-119
-90
-108
-97
-106
-104
-108
-190
-163
-170
-189
-165
-181
-170
-169
-162
-198
-140
-158
-206
-154
-245
-168
-130
-200
-112
-143
-182
-130
-73
-83
-183
-133
-58
-66
-45
-131
-170
-137
-66
-4
-6
64
19
53
129
43
84
110
74
80
131
158
90
104
105
125
146
65
83
89
102
140
69
90
85
0
41
103
76
17
54
10
-30
34
36
51
3
42
86
105
153
31
21
30
29
70
108
164
88
64
108
180
214
172
119
87
65
79
44
11
56
51
106
94
35
42
23
67
54
-86
-54
-5
-69
1
-61
-124
-56
-47
-7
-74
-107
-36
-26
-46
-102
-74
7
8
9
21
-11
-33
-17
-35
-106
-82
25
105
109
-31
-6
114
111
136
58
39
72
29
21
-10
-42
-29
-24
-81
-9
38
-37
-46
-71
-91
-62
-80
-148
-107
-121
-138
-89
-127
-153
-192
-81
1
-96
-116
-152
-127
-63
-41
-20
-45
-89
-92
-64
-47
-34
-95
-107
-94
-9
73
-24
-22
-29
-95
-86
-102
-86
-105
-151
-62
41
16
-30
-26
-21
-4
-44
-76
-56
-59
14
71
28
59
105
88
104
113
130
170
187
131
106
202
216
212
206
176
214
172
144
159
129
148
116
95
107
113
142
55
15
67
94
97
13
20
44
11
-5
-61
-10
-19
-61
17
-18
-96
-112
-146
-97
-2
-48
-98
-53
-67
-90
-58
-34
-49
-140
-147
-108
-88
-28
-11
-48
-45
-31
-40
-37
-58
-39
-62
-54
29
21
-41
-92
-42
-28
-113
-94
-112
-173
-139
-155
-126
-71
-92
-89
-67
-45
-41
-37
-45
-45
-18
-31
-30
-34
-56
-19
33
16
18
52
60
92
129
178
122
76
99
58
107
163
107
96
118
89
129
120
57
75
73
94
81
0
29
40
-21
17
29
-44
-5
73
26
-67
-44
32
-9
-34
-87
-91
62
69
-10
-35
-61
-29
22
10
-3
32
8
-14
39
12
24
12
-46
-4
-18
5
56
47
38
21
63
99
68
31
-21
-7
35
33
87
134
97
38
-27
-28
-14
-94
-115
-47
-5
42
61
74
71
44
50
30
2
-2
-28
-31
48
1
-15
56
-44
-33
13
-21
-11
-28
0
21
-6
-33
-70
-36
-42
-157
-169
-145
-158
-133
-96
-88
-94
-105
-151
-154
-137
-170
-143
-79
-90
-89
-57
-49
-33
-79
-88
-28
-33
-21
17
-40
-94
-101
-142
-9
99
10
13
-22
-54
21
-11
-18
33
17
33
24
46
67
-48
-54
70
101
100
90
84
66
33
186
256
137
112
102
125
155
62
7
16
26
31
83
105
59
80
118
67
35
97
74
19
54
95
89
98
64
26
55
28
42
92
53
29
42
40
115
63
-54
4
42
55
47
-6
-38
-77
-103
-75
-38
-24
-39
-63
-70
-13
24
-73
-143
-131
-113
-96
-75
-44
-55
-81
-54
11
20
-74
-144
-107
9
-7
-122
-103
-101
-100
-57
-64
-59
-15
-11
-15
86
71
-19
5
3
8
50
29
33
34
-22
-14
34
78
34
31
33
36
54
-11
-6
-14
23
43
-27
-42
-105
-152
-102
-11
-53
-65
-4
-61
-5
-15
-42
1
-101
-1
99
-43
28
16
-77
-10
-13
47
27
22
70
2
42
26
6
35
55
74
-14
54
63
65
127
-53
-50
60
0
-41
-30
77
118
25
39
62
48
45
43
41
-22
-26
51
142
145
100
45
19
49
58
70
81
99
-9
-17
95
13
40
43
-58
-15
22
62
66
-19
4
5
-49
-10
2
-12
-8
-30
-65
-89
-93
-110
-143
-77
-32
-59
-49
-60
-46
-82
-113
-112
-98
-19
-64
-127
-130
-105
-69
-58
-30
3
9
-5
-7
-69
-57
57
30
-5
12
48
19
-26
17
-51
-43
-47
-129
-75
-41
30
57
27
37
-41
-52
29
0
-75
-32
-11
-3
19
-61
9
48
-46
48
112
114
95
13
5
-30
-1
102
55
2
99
116
43
-49
-56
86
137
146
88
5
30
58
50
21
24
75
91
36
55
14
-43
51
-9
-22
15
-11
38
1
-28
-50
-56
-85
-103
-13
-77
-122
-5
-5
-56
-65
-110
-123
-54
-58
-64
-15
-48
-38
-3
-69
-1
35
-44
37
24
37
75
27
74
54
35
2
8
84
70
42
22
33
55
13
-28
26
51
91
141
39
7
37
124
182
27
-22
8
25
12
-113
-116
-89
-80
-34
-32
34
61
25
19
-51
-70
-88
-81
2
35
45
11
-53
-103
-47
-13
-59
-30
18
2
-6
28
-15
-6
14
-5
-34
-44
4
-5
-14
-101
-83
28
37
-31
-56
15
-1
-19
-95
-165
-66
12
15
20
63
9
-62
-40
21
47
-11
-4
0
-31
17
36
-72
-67
28
-7
7
27
-5
-13
-89
-88
5
20
11
-7
-36
-32
-16
-8
46
107
72
-29
-52
11
30
15
-1
50
93
44
98
73
24
82
92
112
64
33
59
107
85
43
66
-5
12
31
40
58
12
73
58
-3
-35
-79
-59
-24
-39
-75
4
11
-67
-38
-8
5
-40
-50
-22
-69
-39
-5
-82
-83
-92
-73
-27
-48
21
11
29
103
58
5
40
70
47
100
117
79
12
52
117
8
92
122
42
31
17
97
36
22
21
27
104
-17
-23
61
12
-27
0
-12
-2
-26
-96
-43
-29
-96
-127
-109
-118
-115
-53
-89
-149
-81
4
-21
-85
-67
-9
-85
-108
-42
-104
-59
-55
-170
-87
-20
-41
-74
-125
-76
-22
-9
-32
-47
-42
-69
-36
33
16
-21
47
1
-47
8
0
20
-19
-20
10
-19
5
-2
21
54
17
30
34
-10
-4
53
145
101
3
16
6
58
65
14
108
158
109
65
48
51
81
134
115
143
129
98
143
112
126
144
137
151
133
43
54
153
106
107
116
104
64
3
26
-6
45
25
-21
27
24
35
-88
-126
26
7
-104
-135
-142
-105
-101
-97
-109
-110
-55
-118
-189
-223
-209
-163
-218
-164
-105
-113
-97
-176
-183
-143
-81
-87
-169
-97
-123
-115
-24
-63
-66
-123
-126
-89
-74
-5
-30
12
9
-10
58
67
118
75
-22
23
86
90
107
116
93
144
138
34
92
93
19
124
175
143
150
173
123
101
137
105
100
119
101
91
126
136
118
85
60
54
12
3
57
84
26
4
36
-3
-23
21
-35
-55
-31
-47
16
-38
-111
-49
-43
-55
-74
-105
-68
-73
-52
-52
-168
-113
-51
-75
-76
-27
7
-105
-88
-44
-97
-73
-57
-96
-154
-112
-109
-140
-56
-67
-126
-107
-25
-28
-108
-70
-51
-26
34
-10
50
22
-53
-8
-50
14
96
120
68
43
178
139
95
118
171
194
78
117
111
93
161
68
87
