-10
-11
-8
-8
-11
-8
-13
-13
-10
-13
-9
-12
-10
-9
-12
-12
-17
-8
-10
-8
-6
-10
-5
-7
-8
-9
-9
-9
-12
-13
-9
-7
-10
-13
-15
-17
-14
-14
-18
-20
-21
-21
-20
-18
-14
-14
-16
-19
-23
-26
-16
-13
-14
-10
-9
-7
-7
-10
-6
-5
-10
-8
-3
-3
-8
-5
-3
-4
-6
-5
-5
-4
-7
-5
-4
-5
-8
-8
-9
-10
-12
-10
-6
-7
-7
-8
-7
-9
-10
-12
-12
-12
-15
-12
-13
-9
-7
-3
-2
-2
-2
2
-5
-5
3
-3
-8
-6
-5
-9
-8
-6
-8
-10
-5
-5
-7
-7
-3
-3
-6
-6
-6
-4
-4
-6
-5
-6
-3
-4
-7
-7
-6
-4
-4
-2
-2
0
-1
-3
0
-1
1
1
3
-2
-3
-4
-5
-5
-1
1
3
5
4
7
3
1
-1
0
-2
0
1
0
2
2
1
1
0
4
7
3
3
0
1
0
0
0
1
1
1
2
1
1
2
0
-1
1
-1
-2
0
-1
-4
0
4
3
2
3
6
3
7
12
14
9
6
2
6
10
3
15
14
7
4
5
5
5
1
-3
-1
-1
4
2
1
3
2
3
1
5
4
2
3
3
4
4
3
7
9
9
9
13
11
15
10
11
8
8
8
7
12
11
14
12
14
14
8
9
-2
-1
-4
7
4
-11
3
12
4
1
7
7
7
8
5
7
10
7
6
3
3
2
-1
2
6
2
3
1
1
3
4
1
0
0
0
4
2
0
-2
-2
-1
-3
1
2
-5
-4
-2
-3
-3
-6
-3
1
-2
-3
-7
-6
-10
-9
-15
-11
-5
-11
-10
-12
-9
-12
-13
-8
-13
-15
-13
-13
-13
-14
-13
-15
-14
-13
-16
-15
-18
-16
-14
-16
-14
-16
-15
-12
-15
-15
-19
-16
-16
-16
-14
-15
-18
-15
-20
-23
-18
-19
-24
-26
-29
-29
-28
-26
-21
-27
-31
-31
-29
-36
-25
-24
-28
-22
-25
-21
-22
-23
-23
-23
-22
-24
-22
-19
-20
-22
-21
-22
-22
-20
-21
-20
-21
-20
-18
-20
-24
-20
-24
-24
-26
-28
-23
-24
-22
-20
-20
-21
-22
-23
-24
-24
-27
-22
-18
-22
-17
-14
-14
-14
-16
-15
-15
-16
-20
-15
-20
-19
-20
-21
-16
-17
-15
-14
-16
-19
-15
-16
-16
-17
-19
-12
-13
-15
-14
-14
-13
-12
-16
-16
-14
-17
-17
-15
-10
-11
-11
-13
-13
-11
-11
-10
-11
-7
-8
-11
-15
-17
-11
-13
-11
-7
-7
-6
-3
3
-3
-9
-11
-8
-8
-7
-6
-5
-3
-5
-5
-4
-5
-4
0
-4
-3
-4
-5
-3
-4
-6
-5
-7
-7
-7
-4
-7
-4
-6
-7
-4
-5
-4
-4
-5
0
2
-3
-1
-1
2
2
6
11
11
8
10
8
3
5
12
12
12
7
7
8
1
1
1
-1
-2
0
3
8
4
0
1
2
-1
-2
2
0
-1
1
-1
2
1
5
5
8
5
6
7
7
10
7
6
3
3
6
3
5
6
2
11
11
10
2
-2
-2
-4
-2
1
5
-6
-4
5
3
3
3
6
5
7
5
5
6
4
2
-2
0
1
0
-1
2
0
0
1
1
4
3
2
3
3
2
4
2
2
-1
-3
-2
-1
1
2
-4
-4
-2
-4
-5
-1
-1
0
-2
1
1
-2
-2
-10
-13
-7
-9
-8
-8
-10
-8
-10
-7
-9
-9
-10
-9
-10
-11
-8
-9
-8
-9
-8
-10
-10
-8
-9
-10
-5
-7
-8
-10
-10
-10
-9
-8
-11
-10
-12
-10
-8
-9
-9
-9
-10
-12
-9
-10
-15
-19
-18
-15
-12
-9
-10
-14
-18
-24
-22
-8
-12
-6
-6
-6
-6
-7
-6
-4
-7
-11
-7
-2
-3
-6
-4
-6
-9
-8
-6
-3
-5
-7
-5
-7
-7
-9
-9
-12
-13
-14
-16
-11
-12
-13
-11
-13
-14
-13
-16
-13
-15
-18
-14
-14
-14
-11
-8
-11
-8
-6
-9
-14
-15
-13
-17
-20
-15
-19
-19
-16
-18
-19
-17
-13
-17
-16
-15
-12
-12
-17
-14
-13
-11
-10
-15
-12
-12
-13
-12
-11
-12
-12
-9
-9
-5
-7
-10
-8
-4
-2
-3
-3
-4
-1
-8
-9
-7
-4
-2
-3
2
5
4
2
8
5
3
4
5
2
0
-4
2
3
1
4
2
7
5
3
6
4
5
3
7
6
3
2
-1
2
3
3
5
1
6
6
2
7
4
3
4
2
3
5
9
7
8
7
13
13
9
13
10
12
6
11
14
15
18
12
11
5
4
11
7
3
2
4
8
9
7
5
7
11
7
5
7
6
7
3
5
8
6
7
5
11
9
12
14
15
13
16
11
12
9
8
12
12
15
12
19
19
16
19
10
7
5
8
19
10
3
13
17
12
13
17
16
17
16
12
12
13
16
12
14
17
15
16
16
17
14
15
15
15
17
15
12
13
14
15
13
12
10
9
10
11
10
11
9
10
10
11
11
13
16
14
14
18
15
11
11
9
5
2
12
10
9
11
8
11
9
12
12
15
7
9
11
7
10
8
9
13
11
14
11
10
14
14
14
11
15
12
13
11
13
14
15
11
9
11
10
12
8
2
7
6
5
7
8
7
5
3
7
4
4
-1
2
-1
-2
12
13
13
10
13
10
14
11
11
11
8
9
11
13
11
14
13
9
8
9
11
10
10
13
10
7
5
6
3
3
0
0
4
6
5
6
5
2
6
5
3
4
3
6
5
6
8
10
19
13
13
12
10
10
10
10
6
10
7
8
12
10
10
12
12
11
11
12
13
10
12
11
14
15
13
14
14
14
17
16
13
13
14
14
14
16
17
19
18
17
22
17
17
19
17
13
13
20
22
24
18
19
22
25
26
22
25
20
20
22
19
21
18
19
22
23
23
25
25
23
23
24
22
21
21
22
20
19
18
16
16
17
14
16
18
15
14
14
15
15
15
19
16
18
18
16
22
22
26
25
25
22
25
24
22
26
26
21
24
27
22
22
20
16
16
17
12
11
12
16
16
11
11
12
14
9
11
16
15
16
18
15
14
15
14
18
18
21
20
21
24
19
18
18
18
17
17
19
19
21
25
19
26
21
19
18
10
12
7
17
17
3
11
16
14
12
15
17
17
19
13
15
17
15
14
12
13
13
11
15
15
12
11
12
11
13
14
12
11
10
12
13
12
9
6
4
5
3
4
6
7
7
3
6
4
1
4
11
10
4
2
6
2
-7
-10
-2
-3
-5
-6
-4
-3
-4
-4
-5
-6
-5
-4
-7
-7
-9
-8
-8
-6
-7
-7
-8
-8
-5
-6
-7
-7
-6
-10
-9
-8
-6
-9
-6
-8
-8
-8
-7
-5
-8
-12
-12
-13
-20
-17
-20
-16
-16
-14
-11
-14
-19
-19
-21
-25
-19
-15
-16
-15
-13
-13
-11
-11
-12
-11
-13
-15
-10
-8
-12
-13
-14
-13
-12
-13
-11
-11
-12
-15
-14
-11
-15
-15
-19
-18
-17
-20
-20
-15
-14
-13
-10
-11
-14
-14
-15
-15
-16
-15
-13
-8
-11
-8
-6
-2
-4
-3
-3
-11
-4
-8
-12
-13
-12
-14
-16
-13
-12
-15
-10
-9
-11
-12
-13
-7
-13
-13
-7
-12
-11
-12
-11
-13
-14
-11
-12
-15
-16
-16
-12
-11
-11
-10
-12
-12
-8
-8
-7
-10
-14
-12
-15
-16
-14
-7
-5
-5
-11
-10
-5
-1
-6
-12
-7
-11
-12
-13
-16
-12
-9
-14
-10
-15
-14
-14
-14
-14
-16
-12
-16
-15
-15
-19
-17
-19
-17
-20
-22
-20
-20
-21
-22
-23
-24
-23
-22
-24
-25
-22
-24
-17
-17
-25
-21
-19
-12
-13
-17
-17
-16
-20
-17
-10
-13
-15
-15
-15
-14
-21
-21
-20
-23
-25
-21
-21
-19
-18
-24
-23
-21
-23
-24
-22
-21
-20
-25
-21
-22
-25
-18
-22
-21
-17
-17
-16
-16
-16
-13
-18
-18
-20
-18
-20
-20
-14
-17
-16
-14
-10
-16
-18
-20
-22
-25
-21
-11
-22
-27
-19
-15
-18
-14
-14
-14
-15
-15
-15
-15
-15
-14
-17
-17
-17
-19
-19
-17
-13
-15
-15
-15
-14
-15
-18
-15
-16
-16
-16
-14
-15
-18
-17
-19
-17
-20
-19
-20
-20
-18
-19
-21
-17
-16
-14
-12
-10
-16
-18
-19
-18
-24
-21
-19
-17
-18
-21
-14
-19
-20
-20
-20
-19
-20
-16
-20
-19
-17
-18
-18
-16
-17
-20
-18
-16
-15
-16
-16
-16
-16
-15
-12
-17
-12
-12
-15
-10
-16
-13
-12
-15
-15
-18
-18
-22
-18
-16
-12
-18
-21
-20
-17
-15
-18
-18
-24
-26
-20
-17
-18
-15
-13
-10
-12
-10
-11
-9
-11
-12
-12
-8
-11
-13
-7
-10
-12
-12
-7
-9
-14
-11
-10
-11
-10
-14
-14
-15
-15
-16
-17
-13
-12
-10
-8
-10
-9
-12
-13
-12
-16
-8
-12
-13
-11
-9
-6
-2
-2
-6
-3
-4
-9
-7
-9
-11
-9
-12
-12
-10
-9
-10
-7
-9
-9
-8
-10
-10
-8
-7
-6
-6
-6
-3
-4
-4
-3
-2
-5
-7
-4
0
-2
-2
-1
-3
0
-2
0
1
-1
2
1
-3
-9
-6
-2
2
0
-3
-2
1
1
-1
1
-1
1
0
-2
0
-1
-1
-2
-3
4
3
2
6
0
-1
0
0
-2
-5
-3
-2
-2
-3
-6
-2
-4
-5
-3
-7
-5
-3
-3
-4
-6
-5
-6
-5
4
4
-3
-3
2
4
0
0
-1
5
7
1
-2
3
1
4
4
4
5
-2
-6
-8
-5
-6
-8
-7
-3
-5
-8
-10
-3
-3
-8
-8
-5
-10
-9
-9
-7
-8
-8
-5
-4
-1
-5
-4
1
-1
-1
-4
-5
-4
-8
-8
-8
-7
-3
-8
-3
-3
-9
-5
-13
-14
-19
-18
-7
-17
-21
-10
-8
-12
-10
-9
-10
-8
-8
-8
-8
-11
-10
-11
-8
-8
-10
-9
-8
-8
-10
-11
-10
-11
-10
-10
-12
-9
-10
-8
-8
-9
-8
-12
-9
-8
-11
-11
-9
-8
-10
-12
-10
-12
-7
-9
-5
-6
-11
-5
-9
-12
-20
-14
-11
-11
-12
-18
-14
-13
-12
-11
-12
-11
-13
-13
-12
-13
-9
-11
-12
-10
-9
-8
-12
-10
-9
-7
-7
-9
-8
-6
-9
-8
-9
-7
-8
-9
-5
-10
-8
-9
-12
-15
-17
-15
-14
-16
-19
-15
-15
-17
-14
-15
-27
-22
-16
-23
-20
-15
-16
-12
-8
-6
-9
-14
-10
-6
-13
-13
-9
-5
-8
-9
-7
-11
-14
-9
-9
-10
-11
-12
-10
-10
-13
-15
-15
-18
-17
-18
-17
-17
-13
-14
-12
-9
-14
-13
-18
-17
-19
-16
-17
-20
-12
-12
-12
-10
-14
-10
-14
-14
-10
-17
-17
-16
-20
-20
-16
-17
-18
-20
-16
-14
-15
-16
-15
-18
-18
-18
-14
-15
-13
-15
-17
-13
-12
-13
-14
-14
-15
-15
-12
-13
-11
-13
-14
-14
-9
-8
-10
-13
-13
-14
-16
-15
-11
-11
-8
-7
-7
-4
-4
-1
-1
-4
-8
-7
-8
-7
-6
-9
-8
-2
-3
-2
-2
-4
-1
-1
-2
-4
0
1
1
1
0
-1
-2
-2
-3
1
2
1
2
2
3
5
0
0
-1
1
6
5
6
4
8
8
9
13
16
15
12
14
13
4
6
16
13
12
13
2
4
6
5
4
6
6
5
10
5
1
8
3
4
3
5
5
4
4
1
3
-1
3
3
4
7
7
7
7
7
5
4
6
4
4
6
5
5
7
12
14
4
4
1
-3
-3
4
5
-10
-7
1
-2
-1
2
-2
1
3
1
2
2
1
-2
-3
-4
-2
-2
-2
2
0
1
-1
-4
-3
0
0
-3
0
0
1
1
-3
-2
-5
-2
-2
-1
-2
-3
-1
-3
-6
-2
-3
-1
5
-1
-1
1
3
-1
-5
-6
-4
-2
-3
-4
-5
-2
-5
-4
-4
-6
-7
-4
-5
-6
-7
-7
-6
-8
-5
-6
-7
-6
-6
-3
-3
-4
-5
-3
-5
-8
-8
-6
-6
-5
-8
-6
-7
-8
-8
-14
-12
-9
-5
-13
-18
-19
-17
-13
-11
-7
-11
-18
-16
-14
-25
-17
-10
-10
-7
-9
-9
-8
-8
-7
-4
-8
-9
-7
-6
-10
-10
-7
-9
-11
-10
-9
-13
-12
-10
-9
-10
-13
-12
-13
-14
-15
-19
-13
-13
-13
-11
-14
-12
-15
-16
-12
-15
-15
-16
-13
-10
-11
-7
-5
-5
-4
-7
-6
-6
-7
-10
-12
-10
-9
-14
-12
-9
-13
-11
-7
-8
-8
-6
-6
-4
-11
-8
-9
-8
-4
-8
-5
-5
-3
-4
-5
-3
-5
-2
-2
-3
-1
-2
-2
-2
5
5
5
5
4
5
-2
-3
-1
4
3
6
13
9
10
13
9
6
7
9
9
8
7
7
7
9
9
9
10
8
12
9
10
11
7
13
10
9
7
8
7
4
6
4
7
7
4
6
8
6
6
6
9
10
8
10
9
12
13
14
14
14
20
19
16
11
12
17
15
22
16
11
16
8
9
8
6
6
3
5
9
8
7
4
10
9
4
7
5
6
3
4
5
3
3
3
7
6
8
8
7
12
10
6
4
3
4
5
9
6
5
11
11
13
1
1
2
-1
4
10
8
-7
-4
6
4
2
6
8
7
7
4
5
8
5
0
3
2
4
2
2
8
3
1
1
2
2
0
0
-2
-1
1
-2
0
2
-1
-5
-5
-9
-5
-3
-10
-8
-8
-7
-11
-6
-8
-8
-3
-4
-6
-8
-7
-18
-20
-12
-13
-13
-13
-14
-15
-14
-11
-14
-13
-15
-14
-14
-15
-13
-16
-18
-17
-13
-14
-18
-15
-14
-12
-11
-12
-13
-14
-13
-12
-13
-12
-12
-11
-12
-12
-12
-13
-17
-14
-23
-18
-16
-18
-21
-22
-20
-21
-20
-17
-20
-29
-19
-22
-33
-21
-12
-14
-15
-14
-11
-12
-12
-12
-16
-20
-15
-11
-13
-15
-15
-14
-19
-17
-13
-12
-15
-16
-13
-13
-15
-17
-17
-18
-19
-19
-21
-20
-15
-18
-16
-17
-19
-19
-19
-18
-20
-26
-20
-22
-19
-14
-12
-12
-16
-15
-14
-16
-14
-14
-16
-20
-21
-17
-19
-16
-14
-14
-11
-11
-9
-10
-12
-8
-13
-12
-11
-11
-8
-9
-8
-10
-10
-10
-8
-9
-10
-9
-10
-6
-4
-7
-9
-8
-7
-3
-3
-6
-5
-4
-12
-14
-5
-10
-7
-4
-4
-4
-5
3
2
-3
-4
-5
-2
-5
-3
-5
-4
-3
-6
-3
-4
-2
-1
-4
-3
-2
-3
-2
0
-2
-4
-4
-3
-6
-3
-5
-4
-2
-3
-2
-3
-5
-5
-3
-4
-1
1
2
1
0
1
2
1
6
9
8
6
7
8
6
-1
3
11
6
6
1
-1
3
3
0
-1
-1
2
5
4
3
0
7
4
2
5
3
1
2
1
3
2
3
4
6
9
10
10
11
15
10
7
8
7
6
8
10
10
11
12
15
13
9
7
4
3
1
8
-2
-5
7
8
3
5
8
6
8
10
6
8
9
11
8
8
7
7
7
7
9
9
9
6
6
7
10
8
8
6
7
7
7
8
5
4
3
5
5
4
2
3
0
-1
1
-2
6
6
3
-1
2
5
0
-4
-8
-1
-2
-3
-2
-6
-3
-4
-3
-3
-4
-1
-4
-3
-4
-6
-3
-6
-5
-5
-4
-3
-7
-7
-4
-4
-2
-4
-5
-4
-9
-6
-5
-7
-8
-7
-3
-6
-4
-7
-12
-10
-8
-10
-17
-15
-15
-12
-15
-18
-14
-14
-21
-19
-20
-21
-14
-10
-12
-14
-10
-9
-7
-10
-5
-8
-14
-12
-11
-6
-10
-10
-8
-9
-11
-10
-11
-12
-11
-14
-9
-12
-15
-15
-17
-17
-19
-19
-19
-18
-17
-15
-15
-19
-17
-15
-19
-14
-19
-17
-16
-16
-10
-13
-7
-7
-9
-7
-11
-10
-12
-8
-12
-13
-13
-17
-9
-10
-13
-11
-13
-10
-11
-12
-6
-7
-8
-10
-8
-6
-7
-5
-9
-7
-5
-5
-5
-8
-8
-8
-6
-4
-5
-5
-7
-7
-3
-4
-3
-5
-3
-6
-14
-11
-11
-5
-3
-3
-4
-2
-1
0
2
0
1
0
3
-2
0
1
0
2
2
3
-2
1
0
0
0
-1
-1
2
-1
0
-2
-2
-1
1
0
-2
-2
-3
1
1
0
0
-3
1
-2
-2
1
3
1
4
4
5
11
9
8
7
10
5
10
9
6
16
10
8
2
0
3
1
1
1
-1
1
5
2
-2
-1
3
-2
-1
4
3
-1
2
2
2
4
1
5
3
6
8
7
7
8
8
8
7
8
5
10
9
7
9
9
13
10
6
4
3
0
0
6
6
-5
-1
4
2
2
7
9
6
7
6
6
8
6
3
0
2
0
-2
3
4
4
2
0
0
1
2
1
-1
3
4
3
5
1
2
-2
-2
-2
-1
1
0
1
0
-4
1
2
-2
-1
2
12
3
1
2
-5
1
1
1
-1
-1
-5
-4
-3
-6
-3
0
-3
-3
-3
-4
-4
-6
-1
-2
0
0
-5
-3
-2
2
0
-2
-1
-2
0
0
-1
-2
-1
0
0
2
0
0
-1
-4
-7
-4
-11
-9
-5
-8
-11
-8
-1
-5
-5
-9
-12
-12
-18
-4
-5
-6
-3
0
0
1
4
1
1
-2
1
6
2
2
0
3
1
-1
1
3
0
-1
-1
-2
0
-5
-8
-6
-5
-7
-8
-2
-4
-4
-4
-3
-5
-7
-1
-8
-6
-6
-5
-3
-6
3
1
0
5
3
1
6
4
0
-2
-5
-4
-6
-2
-5
-2
-2
0
-1
-1
2
1
2
2
0
0
2
4
5
0
2
-1
-1
0
1
1
1
2
1
5
5
4
3
5
8
8
7
9
5
3
4
2
6
6
6
7
9
14
15
15
14
11
13
13
14
14
10
10
9
9
11
12
14
15
14
11
17
14
15
20
13
16
14
12
13
13
16
12
13
14
11
13
12
15
17
15
14
17
23
21
16
18
22
29
27
23
22
23
21
19
26
26
28
30
23
24
18
20
16
18
15
13
16
15
20
17
14
18
21
19
19
19
20
15
16
18
15
18
16
18
24
23
23
27
26
28
23
23
22
22
23
22
24
24
23
25
27
25
21
17
20
14
20
19
13
14
13
13
16
20
20
24
21
21
19
19
18
18
15
18
17
20
18
15
20
17
15
19
17
20
19
18
21
19
20
21
19
20
17
16
18
17
19
17
16
17
15
16
14
16
17
24
29
19
17
20
16
14
20
19
17
16
14
16
15
13
15
14
14
15
13
15
11
13
13
13
14
15
16
10
14
14
16
17
15
15
18
15
18
16
17
16
17
15
13
17
15
14
12
8
3
5
7
10
6
3
2
8
10
9
-1
4
4
5
17
8
12
13
15
17
16
15
18
15
10
12
20
19
15
14
14
16
15
17
16
18
14
12
16
15
14
13
15
13
15
13
17
16
16
24
15
16
17
15
17
14
20
22
20
23
22
28
27
25
30
29
22
30
29
25
20
23
23
19
20
23
24
21
25
21
23
22
24
23
20
24
22
23
25
22
24
27
25
24
25
26
26
26
26
27
22
27
24
24
29
25
29
21
24
23
26
28
26
26
23
29
25
33
30
32
31
24
29
26
27
28
23
27
26
28
28
25
31
27
31
32
29
30
28
29
30
28
30
27
29
30
28
32
30
29
31
30
34
30
32
33
32
38
35
35
34
39
41
41
42
41
46
44
41
41
47
38
42
49
44
42
37
34
38
39
34
34
33
36
37
34
35
36
38
34
35
38
35
33
35
37
34
35
35
40
43
41
40
42
42
41
42
39
40
38
39
42
42
46
44
42
48
44
45
42
39
33
32
40
30
28
36
41
36
40
42
40
42
42
41
40
40
39
42
40
39
39
41
43
44
37
40
39
40
40
40
39
39
41
41
42
39
40
36
36
38
37
39
34
33
31
30
34
33
34
34
36
38
36
34
29
30
31
21
25
26
27
23
20
26
21
25
21
21
22
22
20
20
21
21
19
20
22
21
21
20
22
21
25
21
17
22
18
15
19
17
18
21
20
15
15
16
12
9
10
7
5
7
6
5
4
1
1
-1
5
-4
-8
-13
-10
3
-1
2
2
4
0
2
0
1
0
-2
-1
0
-3
-8
-4
-10
-15
-13
-11
-11
-11
-12
-12
-13
-11
-14
-18
-16
-17
-21
-21
-21
-18
-19
-18
-20
-21
-20
-21
-23
-22
-25
-22
-23
-22
-19
-19
-12
-18
-13
-15
-13
-12
-13
-13
-20
-17
-19
-17
-15
-16
-13
-13
-13
-11
-8
-12
-10
-9
-9
-6
-9
-6
-7
-8
-4
-2
-4
-2
-2
-3
-1
-2
0
-2
-2
1
-1
1
5
6
8
7
3
5
1
4
14
16
13
7
11
14
17
14
11
13
13
15
14
17
16
15
18
15
14
14
14
18
18
21
19
20
21
19
20
18
17
17
16
18
13
13
15
15
20
19
19
21
20
21
22
24
26
22
23
22
27
31
35
34
35
32
31
28
28
37
40
40
31
31
27
25
26
26
22
25
26
29
31
27
22
24
29
28
30
30
27
30
33
33
31
28
31
36
38
42
40
40
45
43
40
38
39
42
39
42
42
45
41
41
51
49
41
36
39
40
39
42
39
33
38
42
46
45
43
45
46
46
45
49
46
43
45
46
45
43
42
48
45
42
40
38
41
40
38
40
40
37
39
38
37
36
32
35
35
33
35
34
33
37
32
29
31
30
34
32
32
34
32
30
31
25
18
24
26
23
25
25
26
27
22
24
22
21
24
17
18
20
19
21
22
22
19
17
20
21
25
24
25
23
23
20
16
20
23
19
18
19
19
18
20
17
14
16
16
12
12
12
11
13
17
18
18
16
4
6
4
9
15
14
14
15
13
11
12
12
14
12
10
15
17
11
14
15
12
7
6
9
8
7
9
6
9
4
4
2
-2
-1
-5
-5
-2
0
4
0
-1
0
-5
-6
-6
-8
-6
-3
-3
-4
3
5
5
2
2
1
-3
4
2
-3
-3
-4
-6
-6
-1
-2
-5
-5
-4
-1
-1
0
1
-3
-3
0
-1
-2
-1
-2
-3
-2
-2
-4
-4
-5
-1
-2
-3
1
1
-1
0
4
5
4
2
-7
-4
-3
-1
-2
2
7
4
3
2
7
7
8
7
1
3
2
4
2
1
4
4
4
2
2
0
4
2
-1
6
0
3
1
-3
0
-4
-1
-1
-1
-1
-3
-4
-4
-3
-5
-7
-5
-7
-8
-5
-2
-4
-4
-7
-3
-1
-4
-2
-1
4
1
-4
1
2
-7
0
3
1
-6
-7
-9
-6
-6
-10
-11
-11
-8
-6
-8
-9
-5
-5
-6
-4
-4
-5
-6
-8
-6
-7
-7
-5
-2
0
-5
1
-1
1
5
-1
1
-2
-3
-3
-2
1
-2
1
6
4
0
-6
-5
-8
-9
-7
-1
-11
-17
-5
-5
-3
-1
-1
0
1
-1
-1
2
-2
-3
-3
-3
-4
-3
-1
-1
-3
-4
-4
-6
-5
-4
-5
-6
-5
-5
-5
-6
-5
-8
-6
-11
-7
-12
-13
-12
-11
-11
-14
-11
-13
-12
-10
-5
-12
-11
-8
-12
-11
-17
-19
-15
-16
-12
-18
-14
-11
-15
-12
-10
-10
-12
-8
-10
-12
-10
-12
-11
-8
-10
-10
-12
-9
-8
-7
-6
-6
-4
-6
-7
-8
-9
-6
-10
-11
-9
-9
-7
-9
-14
-16
-13
-14
-12
-21
-24
-22
-22
-19
-19
-16
-17
-22
-24
-30
-25
-16
-19
-12
-14
-14
-16
-13
-11
-14
-17
-17
-17
-12
-12
-14
-10
-17
-17
-15
-15
-18
-22
-17
-18
-18
-21
-23
-23
-25
-21
-25
-27
-23
-19
-18
-18
-21
-19
-20
-26
-24
-25
-25
-27
-25
-20
-24
-16
-19
-18
-19
-21
-17
-20
-20
-26
-26
-23
-27
-26
-26
-27
-25
-21
-20
-23
-21
-24
-22
-23
-26
-20
-22
-21
-20
-22
-20
-20
-18
-18
-21
-22
-19
-14
-16
-15
-14
-14
-13
-12
-11
-12
-9
-10
-13
-15
-16
-12
-9
-6
-6
-4
-6
-4
-5
-9
-2
-7
-5
-8
-10
-9
-11
-6
-7
-8
-10
-9
-7
-7
-6
-10
-9
-6
-8
-9
-6
-9
-10
-12
-10
-8
-9
-7
-8
-10
-10
-6
-9
-9
-8
-5
-5
-5
-5
-6
0
-3
-2
-3
5
7
5
3
2
-1
5
3
7
8
7
3
-3
-2
-3
-3
-2
-2
-4
2
-1
-3
-2
4
1
-1
3
1
1
0
-1
-1
-1
-3
-1
1
4
5
2
8
6
5
3
1
2
0
5
3
7
8
3
9
7
6
6
-1
-5
-10
-8
-7
-12
-13
-2
0
-3
-3
-3
-1
-4
-3
-4
-3
-3
-5
-6
-6
-6
-6
-4
-2
-2
-5
-6
-2
-5
-3
-3
-3
-2
-4
-2
0
-1
-4
-5
-6
-6
-7
-6
-8
-6
-3
-3
-2
-2
5
3
2
2
6
6
0
2
-7
-3
3
-3
2
0
2
1
0
2
2
3
0
0
-1
1
-1
-3
-3
0
1
-1
-2
1
1
0
2
-2
-4
-2
-5
0
0
-4
-4
-6
-4
-4
-3
-3
-9
-10
-11
-7
-13
-14
-12
-13
-16
-19
-17
-15
-14
-18
-23
-26
-15
-11
-15
-13
-14
-10
-12
-12
-12
-11
-17
-17
-11
-12
-14
-13
-13
-14
-12
-11
-9
-11
-11
-10
-9
-10
-10
-15
-16
-12
-16
-18
-15
-15
-14
-16
-16
-13
-18
-17
-21
-18
-20
-20
-15
-16
-12
-11
-7
-8
-13
-6
-15
-16
-13
-22
-25
-22
-20
-24
-19
-19
-21
-18
-16
-14
-17
-16
-16
-18
-20
-16
-20
-19
-15
-21
-17
-18
-19
-17
-16
-20
-21
-16
-15
-10
-8
-11
-12
-10
-10
-11
-10
-6
-9
-13
-13
-14
-7
-9
-6
-2
-3
-3
-3
4
0
-4
-5
-4
0
-6
-3
-4
-2
2
-2
1
1
0
2
3
6
2
1
4
3
3
3
2
3
1
2
0
2
-1
1
2
-2
0
3
3
1
5
6
8
5
8
10
8
15
14
10
9
11
11
10
8
10
13
15
15
10
3
4
6
6
3
5
4
6
8
2
3
6
4
3
6
9
5
3
3
1
2
3
5
8
9
8
4
8
9
8
6
4
6
9
8
12
13
11
11
13
17
7
4
5
3
0
2
7
-8
-1
5
-1
1
5
4
4
6
4
1
5
5
2
3
2
0
-2
0
0
-1
0
-1
-1
0
-6
-5
-4
-4
-4
-5
-3
-2
-4
-9
-9
-7
-6
-9
-8
-9
-11
-9
-8
-10
-8
-1
-5
-12
-13
-9
-8
-10
-16
-12
-11
-12
-12
-14
-13
-11
-16
-15
-14
-18
-17
-16
-17
-15
-18
-18
-16
-17
-16
-20
-19
-17
-16
-16
-18
-17
-15
-13
-18
-16
-17
-20
-20
-19
-17
-15
-19
-19
-23
-24
-19
-28
-27
-29
-31
-30
-27
-26
-24
-21
-27
-31
-32
-32
-23
-26
-25
-20
-19
-22
-21
-20
-22
-19
-21
-22
-20
-23
-24
-24
-22
-23
-27
-25
-23
-24
-27
-24
-24
-25
-30
-30
-34
-35
-33
-38
-32
-30
-31
-29
-32
-30
-34
-34
-32
-35
-36
-33
-33
-33
-29
-26
-24
-23
-27
-28
-26
-31
-27
-32
-38
-31
-36
-36
-35
-33
-32
-34
-30
-30
-30
-29
-32
-28
-33
-31
-29
-29
-29
-30
-27
-28
-27
-27
-29
-31
-29
-27
-27
-28
-26
-25
-26
-26
-23
-23
-25
-28
-31
-34
-30
-27
-28
-22
-22
-21
-22
-21
-20
-20
-21
-21
-23
-23
-23
-23
-28
-27
-25
-25
-21
-24
-24
-22
-23
-24
-22
-21
-21
-20
-22
-24
-22
-24
-22
-23
-21
-24
-24
-23
-23
-20
-22
-24
-23
-24
-23
-20
-19
-17
-15
-12
-12
-10
-10
-11
-14
-12
-13
-12
-7
-11
-15
-12
-7
-4
-9
-15
-16
-12
-12
-12
-13
-13
-11
-10
-13
-13
-10
-11
-9
-8
-7
-10
-9
-9
-8
-7
-7
-5
-4
-3
-1
-1
0
0
-4
-8
-6
-6
-6
-7
-4
0
-6
-4
0
-2
-7
-9
-9
-14
-16
-11
-7
-16
-18
-7
-11
-12
-10
-8
-6
-7
-9
-10
-10
-8
-11
-12
-11
-11
-11
-8
-8
-9
-11
-11
-14
-11
-9
-7
-7
-11
-10
-9
-9
-9
-10
-12
-11
-10
-12
-12
-11
-11
-10
-8
-11
-12
-9
-7
-1
-6
-7
-11
-9
-11
-18
-11
-16
-14
-13
-18
-14
-13
-13
-14
-11
-12
-14
-13
-17
-16
-14
-16
-17
-18
-15
-19
-16
-16
-17
-17
-15
-14
-15
-17
-18
-15
-14
-20
-16
-16
-16
-17
-16
-20
-20
-23
-27
-22
-25
-24
-29
-27
-28
-29
-26
-26
-29
-34
-36
-35
-26
-26
-26
-21
-24
-20
-24
-22
-18
-22
-26
-25
-21
-19
-26
-22
-19
-24
-22
-21
-20
-24
-23
-21
-23
-22
-27
-24
-27
-26
-29
-30
-29
-24
-27
-25
-25
-26
-25
-32
-29
-28
-32
-26
-28
-26
-23
-24
-16
-19
-19
-18
-22
-20
-23
-25
-26
-25
-26
-29
-23
-23
-24
-26
-25
-22
-22
-22
-23
-26
-24
-23
-24
-26
-26
-25
-26
-19
-24
-23
-23
-23
-24
-22
-22
-21
-21
-23
-21
-23
-20
-20
-19
-19
-21
-26
-29
-25
-23
-18
-19
-19
-19
-18
-10
-11
-20
-18
-21
-19
-21
-21
-22
-23
-18
-18
-20
-20
-14
-18
-18
-17
-18
-19
-17
-18
-18
-17
-15
-18
-20
-17
-16
-19
-20
-16
-16
-15
-14
-15
-16
-15
-15
-12
-10
-10
-11
-7
-8
-4
-2
-2
-5
-5
-2
-6
-6
-1
-3
2
2
3
-6
-9
-10
-11
-12
-13
-11
-9
-6
-8
-10
-9
-6
-10
-9
-7
-7
-6
-7
-6
-5
-4
-6
-3
-1
0
0
2
6
3
3
-2
0
-1
0
4
5
7
6
4
7
5
8
5
-1
0
-1
8
-3
-9
6
8
3
3
9
9
9
7
6
10
11
8
7
12
9
9
8
12
11
9
10
9
7
9
10
7
11
11
9
11
10
11
5
5
6
4
6
6
3
2
-1
4
6
3
8
6
10
9
3
2
2
0
-6
0
2
-1
-3
-8
-3
-2
-1
-1
-5
-1
-1
-4
-4
-9
-5
-4
-6
-3
-6
-3
-1
-4
-4
-5
-3
-1
-2
-2
-2
-4
-7
-3
-3
-7
-3
-3
-3
-3
-5
-4
-7
-8
-10
-6
-7
-6
-7
-11
-7
-7
-10
-17
-23
-17
0
-6
-3
0
-3
-1
-5
-3
-2
-3
-5
-4
-2
-6
-3
-4
-2
-10
-8
-2
-4
-3
-7
-3
-5
-8
-7
-9
-9
-9
-10
-8
-6
-7
-6
-5
-5
-7
-6
-8
-9
-11
-11
-5
-7
-9
-4
-3
-1
-1
-4
-3
-6
-6
-5
-9
-9
-9
-9
-11
-11
-11
-10
-11
-9
-6
-6
-7
-5
-8
-7
-5
-3
-2
-1
2
-2
-4
-1
-4
-5
-4
-6
-3
-5
-3
-2
-6
0
-3
1
0
0
-2
-6
-3
-9
-4
2
2
-1
-4
2
6
3
4
1
0
4
0
-1
0
2
1
1
4
3
4
4
6
3
3
2
1
7
5
6
7
2
2
-1
1
1
-2
3
3
0
0
2
2
0
2
1
4
9
5
6
8
10
10
15
13
17
14
13
13
13
17
14
17
15
14
8
5
6
7
9
6
6
8
12
12
7
8
12
10
6
8
10
6
7
8
10
10
9
13
15
15
17
17
16
19
17
17
13
16
10
16
19
16
21
15
21
20
15
18
9
12
7
14
16
3
9
15
14
12
18
15
17
19
17
18
15
12
14
16
13
15
14
16
16
12
13
12
9
11
10
11
13
11
15
15
13
11
11
7
7
10
9
7
7
9
7
8
9
5
6
14
12
7
6
3
8
-4
-3
0
3
3
0
0
4
6
2
6
2
3
5
2
1
-1
-1
1
2
5
2
0
2
4
6
1
2
5
4
4
3
6
4
3
4
3
5
7
5
2
2
-3
0
-4
-7
-4
-6
-3
0
0
1
-5
-10
-4
-10
-9
2
3
1
6
4
5
5
4
8
6
4
5
9
7
3
7
7
7
5
5
9
8
8
5
7
5
1
2
1
4
0
0
2
1
7
5
2
-1
-4
-1
-2
-2
1
0
0
-1
4
8
12
8
5
4
4
8
4
-2
-5
-4
-4
-4
-5
-2
-4
0
1
-1
0
-3
-3
-5
0
0
-1
0
-1
-3
-2
0
-2
-2
-5
-3
-2
2
-1
2
-2
-1
1
2
-2
-2
-5
-7
-2
-1
8
1
6
8
6
8
7
13
14
10
15
11
6
10
8
7
9
8
10
14
11
15
15
13
11
11
10
13
12
13
13
12
13
8
13
12
11
12
11
10
9
12
10
11
11
11
13
12
15
14
13
12
18
19
15
19
24
23
13
17
21
14
21
22
21
19
10
9
13
14
13
12
11
12
14
15
9
13
14
14
15
18
16
13
13
14
13
13
13
16
20
18
23
21
20
23
17
17
17
16
19
16
21
19
19
24
24
21
15
15
15
9
15
21
9
10
20
17
16
20
14
16
17
16
15
17
16
13
14
16
18
16
14
15
18
14
13
14
12
13
10
11
11
13
11
11
15
9
10
5
5
8
7
6
6
7
5
3
5
9
5
9
11
5
7
-1
1
-4
0
0
0
2
-3
2
2
1
-1
-3
-2
-2
-2
-1
-2
-2
-3
-3
-4
0
1
-2
1
2
3
2
4
2
1
0
1
0
-1
2
0
1
2
2
2
1
-2
-6
-3
-4
-6
-8
-7
-9
-9
-2
-3
-3
-12
-10
-14
-10
-1
-5
-1
-2
-5
-1
-3
-3
0
0
-3
-4
1
-4
-4
-1
-4
-5
-3
-4
-4
-7
-6
-3
-2
-2
-7
-9
-8
-10
-11
-11
-6
-6
-4
-1
-3
-6
-6
-6
-7
-8
-8
-4
-8
-5
-2
3
6
2
-1
3
6
-1
1
-2
-6
-1
-2
-6
-1
-3
-2
-1
1
0
1
5
3
1
0
3
6
4
3
0
2
5
2
1
3
4
2
3
4
4
7
5
2
9
7
6
8
1
3
0
0
8
8
12
6
8
12
11
14
10
11
6
8
11
9
8
4
8
11
10
10
10
10
11
13
16
11
9
8
9
8
7
7
5
4
2
4
3
4
7
5
7
9
4
6
7
7
11
13
11
12
15
17
15
19
19
18
19
14
13
17
15
18
21
19
17
12
6
8
8
8
8
8
15
15
11
12
13
16
12
16
14
13
14
14
19
19
16
16
19
22
23
21
24
24
22
22
21
21
19
22
22
23
23
22
28
30
26
25
21
17
13
10
24
15
11
19
24
19
20
23
22
23
24
23
22
24
20
23
19
19
21
22
23
18
21
19
18
21
20
22
19
19
20
20
22
24
20
18
19
22
21
21
19
18
19
15
17
19
25
26
19
20
21
19
19
16
12
14
15
13
12
14
13
14
13
14
15
14
14
14
10
9
8
10
10
9
8
9
10
11
11
12
10
11
7
12
12
9
12
10
8
8
8
8
8
6
-1
0
2
-1
-1
2
-6
-7
-6
-4
-4
-4
-8
-9
-4
-15
-11
-3
-3
-4
-4
0
0
-1
-1
-1
-3
-4
0
-1
-2
-5
-2
-3
-6
-2
-2
-4
-5
-3
-4
-4
-5
-6
-8
-11
-12
-12
-10
-14
-11
-9
-9
-6
-10
-8
-11
-12
-13
-12
-5
-8
-6
0
-2
3
-5
2
0
-3
-1
-6
-5
-9
-8
-7
-8
-6
-10
-7
-4
-2
-2
-5
-5
-1
-4
-4
-2
-2
1
-1
-5
-2
-4
0
0
-1
0
3
5
3
6
4
3
2
4
5
5
0
1
2
2
-1
-1
1
1
6
7
11
11
11
10
10
15
9
7
8
5
7
6
9
8
8
9
6
8
6
9
9
7
8
12
12
11
9
9
12
13
8
9
9
8
11
9
8
10
8
8
10
13
17
12
12
16
20
23
20
19
23
22
22
25
15
15
25
24
26
24
18
15
18
16
12
13
11
17
18
12
12
16
15
10
14
19
14
12
15
13
13
13
12
17
17
21
22
21
23
20
20
19
18
18
16
22
19
17
23
20
27
17
15
13
10
13
17
21
10
14
16
20
21
19
18
22
22
21
21
19
22
17
15
16
15
17
16
23
21
19
19
16
18
17
16
21
19
17
19
22
18
17
17
13
13
16
14
13
14
18
18
15
15
19
22
24
14
16
20
17
13
12
18
16
19
15
15
15
17
16
14
15
17
16
17
14
14
13
14
16
12
13
10
14
17
12
15
13
15
15
15
14
12
15
12
14
11
12
12
10
11
6
6
3
6
5
5
2
1
3
3
4
2
-2
-10
-6
-10
0
8
-2
-2
-1
0
0
3
5
6
1
-3
5
7
0
1
2
1
2
2
5
3
4
0
0
5
-1
2
1
1
0
-6
2
1
1
4
-1
0
-2
-5
-1
-6
-6
-7
-1
-1
1
9
8
7
6
5
9
7
5
1
-5
0
1
-1
-2
-1
-3
-2
2
7
0
1
5
2
3
3
6
6
5
5
6
8
4
6
3
6
7
6
9
11
12
11
10
9
11
11
13
8
6
8
9
15
10
14
12
15
16
16
23
15
18
17
9
13
10
10
10
12
13
13
16
15
16
17
16
15
14
17
14
17
17
15
16
13
14
14
15
17
16
19
14
15
17
17
17
14
18
14
17
17
20
20
21
28
24
21
21
28
26
23
21
26
20
26
25
23
23
17
16
13
13
10
11
11
15
14
12
11
15
18
11
16
20
16
15
14
14
12
14
14
17
18
16
16
18
19
20
16
14
12
11
12
13
15
11
15
20
19
11
5
6
6
4
9
17
1
-4
5
9
6
11
11
9
10
8
9
9
9
7
9
9
8
9
5
10
11
4
6
7
5
8
6
7
4
7
8
8
10
9
7
5
7
8
5
3
4
2
6
5
5
11
8
6
2
5
8
9
4
1
8
5
4
6
2
5
4
2
7
4
4
3
3
1
2
3
-1
4
2
3
1
0
2
4
1
2
3
2
3
1
3
4
1
3
4
-1
0
2
-3
0
-5
0
1
-7
-8
-5
-7
-10
-4
1
-4
-12
-10
-10
-16
-9
-1
-7
-5
-3
0
-1
1
3
-1
-4
1
4
6
0
1
6
2
2
4
6
3
1
3
-1
1
0
-4
-5
-7
-5
-6
-9
0
-6
-1
-4
-6
-4
-11
-7
-7
-11
-8
-8
-9
-2
-5
0
0
-4
-3
-6
-3
-5
-6
-10
-14
-10
-9
-11
-9
-12
-12
-11
-10
-10
-15
-8
-12
-13
-15
-15
-11
-12
-12
-14
-10
-12
-14
-11
-12
-10
-8
-10
-8
-9
-10
-10
-8
-7
-7
-9
-8
-9
-10
-16
-13
-6
-8
0
-5
-2
0
-2
1
1
-2
-7
-1
-4
-3
-3
-7
-4
-2
-3
-5
-2
1
0
1
-1
-1
1
3
2
1
1
0
1
0
2
-1
5
2
2
3
2
3
4
5
4
6
8
6
8
12
12
18
16
12
14
17
16
10
15
12
12
20
20
18
10
7
7
13
10
8
6
7
11
11
8
8
9
9
6
12
11
7
9
9
9
9
10
8
12
18
16
15
18
16
16
11
14
15
10
15
16
13
14
16
19
20
13
18
11
10
8
10
7
0
7
8
9
10
9
12
13
13
12
13
17
12
13
9
9
12
8
12
13
6
8
7
7
9
10
8
9
10
5
8
9
9
7
4
2
4
4
5
3
2
2
0
1
2
8
7
1
1
-1
0
-1
-3
-1
-8
-2
-4
-2
-7
-5
-4
-9
-7
-11
-8
-9
-10
-12
-14
-16
-12
-10
-13
-10
-12
-12
-10
-10
-13
-10
-10
-11
-8
-12
-10
-9
-9
-10
-12
-9
-10
-12
-10
-14
-14
-17
-16
-16
-15
-14
-14
-20
-19
-16
-16
-16
-23
-26
-24
-15
-11
-12
-10
-12
-11
-11
-13
-6
-8
-15
-13
-8
-9
-10
-9
-5
-13
-11
-9
-6
-8
-9
-8
-9
-8
-14
-13
-15
-12
-16
-16
-17
-17
-9
-12
-11
-13
-17
-14
-18
-13
-18
-19
-13
-17
-10
-11
-8
-6
-10
-4
-5
-7
-9
-12
-12
-12
-11
-17
-14
-10
-15
-15
-12
-11
-9
-12
-6
-10
-15
-11
-10
-11
-10
-9
-11
-12
-8
-10
-11
-11
-10
-9
-9
-10
-6
-7
-7
-8
-4
-4
-4
1
-1
-9
-11
-7
-4
-1
0
2
-1
3
2
6
4
3
4
0
3
1
1
0
0
3
2
3
5
4
2
3
4
5
4
5
3
2
3
0
1
1
1
-2
2
0
0
1
1
-1
-2
0
1
4
6
3
1
6
9
8
13
13
14
14
12
11
11
16
14
15
10
15
10
5
7
9
10
7
7
7
14
11
12
14
14
15
12
16
15
12
15
14
15
16
14
14
18
17
21
19
22
26
23
21
16
21
21
20
22
22
25
24
27
29
22
21
17
18
12
18
25
9
14
23
21
20
22
23
24
25
27
26
28
25
21
24
21
25
23
21
24
22
24
19
19
24
22
23
23
20
20
19
24
22
21
21
21
21
20
21
22
21
20
20
15
23
17
17
20
20
23
15
13
13
13
9
14
14
14
11
11
11
9
12
11
8
8
9
7
8
9
9
7
8
11
8
8
6
9
12
8
13
10
12
10
11
11
12
11
11
11
9
9
9
6
7
6
7
10
2
-3
2
10
8
7
5
6
3
-8
-5
11
11
9
11
9
11
8
12
17
18
14
12
16
15
11
13
11
11
10
10
11
9
12
10
11
8
6
5
4
5
4
1
5
5
7
7
5
5
2
4
1
2
-1
2
4
1
5
6
11
9
6
5
10
7
7
3
-3
1
2
2
-1
3
2
2
5
1
1
0
0
1
1
3
4
6
7
4
6
6
6
5
5
5
5
5
9
7
8
7
7
8
9
11
10
6
1
4
13
10
10
16
13
13
11
17
23
13
10
9
12
14
11
9
10
14
13
16
16
15
16
16
13
12
13
12
10
10
10
10
8
8
8
9
9
8
12
7
8
11
9
8
6
7
7
11
14
12
9
8
13
14
17
18
17
17
13
11
14
15
15
20
12
12
9
6
8
9
6
3
2
9
10
7
3
7
5
5
9
8
11
7
5
9
10
8
13
12
12
13
17
17
18
21
14
15
15
12
16
14
16
19
19
20
25
17
15
13
13
13
13
14
14
9
3
14
12
12
11
14
18
15
10
13
13
12
12
11
9
10
10
12
14
9
8
10
8
8
9
9
10
7
9
10
10
9
6
5
3
5
6
4
6
5
1
3
3
5
4
3
6
3
4
-2
-1
0
-7
-2
-3
0
-1
0
1
-1
1
0
1
0
0
-2
0
-3
-3
-4
-1
-2
-3
-3
-2
2
1
3
4
1
-1
2
-2
-1
0
0
0
2
2
1
1
-1
-3
-5
-5
-7
-10
-9
-9
-11
-8
-5
-7
-8
-14
-13
-16
-15
-2
-6
-4
-3
0
-1
-2
-3
0
-3
-3
0
0
2
-2
0
-1
-5
-4
-4
-3
-3
-5
0
-4
-6
-7
-12
-9
-14
-13
-13
-11
-9
-8
-6
-10
-9
-9
-13
-10
-10
-14
-7
-8
-11
-7
-6
-1
-3
-2
1
-4
0
0
-7
-8
-5
-6
-13
-8
-10
-8
-7
-9
-7
-7
-8
-7
-6
-7
-6
-4
-3
-3
-4
-5
-4
-4
-6
-7
-9
-6
-3
-4
-2
-4
-5
-4
-3
-2
-3
-1
-8
-6
-5
-10
-6
-3
-1
-2
-3
1
1
3
2
6
3
-2
1
1
-2
-2
0
-2
-2
1
-1
2
6
5
2
-1
0
-1
-1
3
-1
-2
-3
-4
-1
-3
0
-3
-1
0
-1
-2
-4
-7
-3
-2
-1
2
-1
2
-1
1
6
5
8
12
9
11
3
7
6
8
11
10
14
8
4
0
4
4
6
7
8
10
4
1
5
9
3
3
9
5
6
6
8
10
6
10
9
10
14
11
12
17
17
14
13
11
11
8
11
9
12
17
11
14
11
10
11
5
7
2
16
3
-6
5
8
9
6
10
8
10
9
8
9
8
4
6
4
6
5
4
7
7
7
4
5
5
6
8
6
5
5
6
8
7
4
2
-2
1
1
4
3
3
2
0
1
4
4
3
3
10
10
2
4
1
1
-2
2
5
2
-1
-3
2
1
0
3
-1
1
1
1
2
-2
-1
-2
1
1
-1
0
-2
1
3
-1
3
2
3
5
3
4
1
5
4
4
5
4
4
1
0
2
0
1
1
-4
-5
-4
-2
-4
-2
-1
-3
-6
-11
-7
2
1
5
8
10
7
6
7
9
12
6
10
10
12
9
13
13
7
11
7
14
14
11
12
11
9
11
6
2
6
3
6
3
6
10
7
12
5
6
6
2
4
3
7
4
7
15
13
15
12
12
16
17
13
9
11
7
10
10
6
8
10
6
11
11
12
11
11
13
10
13
14
13
15
13
10
12
14
17
17
14
14
15
17
20
19
19
17
18
19
21
23
20
20
10
12
15
14
19
20
23
18
19
23
25
22
20
22
21
20
20
21
18
19
21
22
21
18
21
19
20
19
19
19
18
21
20
21
17
17
17
15
17
13
19
19
19
20
19
19
15
17
20
23
24
23
19
21
28
27
29
27
27
29
27
26
22
26
32
30
32
29
22
18
19
21
21
18
19
23
25
20
19
23
22
23
22
25
27
22
25
24
28
26
26
30
31
33
35
35
35
33
31
32
28
33
29
33
36
34
37
33
39
34
28
27
23
23
21
28
30
15
20
27
27
27
29
31
31
29
27
30
31
27
29
29
27
29
31
30
31
27
24
25
25
28
24
25
25
23
23
23
24
22
22
19
16
20
19
19
20
17
18
17
17
14
13
25
22
18
15
14
17
9
6
13
12
10
7
9
11
9
7
8
9
8
9
6
6
5
5
4
6
8
4
3
3
6
7
5
6
5
6
6
7
9
4
3
5
4
5
4
2
-1
-1
-2
-2
0
0
-3
-10
-5
-3
-2
-2
-4
-10
-9
-10
-3
0
-4
0
-3
1
3
2
4
4
5
3
5
10
5
4
5
3
1
3
4
6
6
6
5
5
3
-1
-2
-4
-2
-4
-3
1
3
5
2
3
0
0
-1
-4
1
1
3
1
0
4
11
11
10
8
7
8
10
10
2
4
5
5
7
5
5
4
6
9
11
9
11
11
8
8
8
8
12
11
9
10
13
10
9
8
6
8
8
9
8
8
9
10
9
9
9
8
7
9
4
10
6
6
7
6
9
6
13
11
16
11
8
11
13
12
5
7
7
6
9
9
11
11
11
11
9
11
11
9
13
10
10
7
8
9
8
8
6
10
7
8
7
8
8
8
4
7
13
8
11
8
12
14
15
16
17
16
18
16
14
20
10
15
15
15
19
12
8
7
8
4
5
5
9
9
6
4
7
5
4
6
6
7
3
3
9
8
8
9
9
9
9
14
8
12
15
9
12
10
12
14
12
16
15
11
19
19
13
8
7
12
7
13
19
4
2
13
16
12
16
17
14
19
17
15
16
14
16
15
14
18
14
16
20
18
16
16
15
14
15
19
18
17
14
18
19
18
18
16
13
14
17
17
17
15
19
16
17
15
19
24
23
22
17
20
17
16
13
11
17
11
15
11
11
11
14
18
15
13
12
13
9
10
12
9
8
9
8
9
6
3
7
10
6
7
8
10
8
10
10
10
11
8
8
4
4
5
4
-1
1
1
-5
-4
1
-1
-8
-2
-1
-3
1
-2
-7
-12
-4
3
-4
3
8
5
6
8
5
9
7
5
7
12
12
8
11
10
8
7
9
10
6
9
12
9
9
3
5
2
0
3
3
8
6
6
7
4
2
0
-1
3
-2
-3
2
2
6
4
9
9
4
13
9
9
3
5
3
-3
2
-1
0
2
-1
-3
1
4
3
3
4
1
1
2
3
6
4
1
2
2
1
1
0
1
3
1
5
4
3
5
3
6
8
6
5
4
4
6
-3
-4
1
-1
4
4
6
8
7
12
10
6
4
8
10
6
7
6
10
8
5
9
8
11
7
8
7
9
8
7
7
3
2
4
1
0
3
2
1
2
0
3
2
0
0
-1
2
2
3
2
2
4
4
5
5
8
5
5
3
2
-1
4
9
10
9
4
3
0
-3
-2
-2
-6
-1
-3
0
0
-3
-4
-4
-2
-4
-2
-2
-6
-6
-3
-3
-2
0
0
-4
3
2
2
4
3
7
4
2
3
0
1
3
4
4
5
8
10
4
7
5
-4
-6
-9
1
-6
-7
2
4
0
1
9
6
3
4
6
10
7
6
6
4
6
6
6
9
5
8
8
7
7
8
9
8
7
8
7
8
8
5
3
2
6
4
5
4
7
6
0
5
6
3
7
4
8
6
4
5
4
-4
-3
5
1
3
-1
-3
3
1
2
5
2
4
-1
-2
-3
-4
-1
-1
1
1
-1
-3
-4
-1
0
0
2
-2
3
4
3
3
1
-1
1
2
1
1
2
-4
-6
-7
-5
-5
-2
0
-5
-6
-11
-9
-7
-9
-12
-10
-20
-14
-3
-3
-4
-5
-3
-1
-2
-1
0
-4
-5
-1
-1
-4
1
0
0
-2
1
0
0
1
-2
-1
-2
0
-4
-5
-4
-10
-10
-10
-10
-7
-10
-9
-9
-13
-9
-11
-9
-12
-14
-10
-10
-6
-6
-1
2
-4
-2
-3
-2
3
-1
-3
-8
-8
-3
-4
-4
-2
-2
2
3
4
4
5
12
3
17
10
29
24
53
57
335
501
172
95
128
385
555
615
597
296
309
428
533
573
615
514
349
333
303
328
257
303
315
207
73
-90
-84
-49
45
54
-126
-326
-404
-369
-371
-326
-288
-447
-620
-685
-658
-634
-648
-636
-690
-779
-894
-834
-707
-645
-617
-659
-641
-645
-576
-485
-389
-247
-245
-240
-209
-117
-38
45
195
233
248
228
255
344
425
510
520
508
464
453
489
519
532
532
490
395
360
326
311
320
294
237
173
100
50
46
126
126
81
30
88
168
113
291
235
259
343
366
515
463
538
530
551
641
633
601
568
612
525
513
473
430
300
213
168
76
-26
-142
-245
-412
-516
-678
-819
-928
-1104
-1180
-1367
-1499
-1685
-1644
-1011
-1222
-1676
-1945
-1725
-1107
-1085
-968
-1038
-1066
-938
-904
-484
-190
-47
-214
-38
241
224
264
410
829
934
843
768
742
836
944
1238
1316
1121
784
784
915
892
961
873
779
495
290
383
359
271
112
161
90
-254
-424
-338
-175
-283
-355
-407
-482
-605
-662
-387
-204
-262
-313
-276
-172
-9
159
344
478
507
444
533
826
935
879
964
1144
1032
871
973
1064
1006
899
889
791
585
428
401
379
199
37
-201
-370
-595
-734
-806
-1031
-1139
-1413
-1672
-1798
-1962
-1931
-1941
-1593
-1653
-2158
-2272
-2141
-1592
-1361
-1309
-1276
-1357
-1205
-1038
-642
-291
-133
-76
-45
176
256
451
649
979
1152
1062
987
966
1146
1310
1545
1604
1384
1154
1020
1172
1196
1231
1159
937
710
448
469
474
411
287
152
-1
-286
-428
-424
-284
-283
-444
-578
-718
-643
-632
-516
-292
-224
-312
-368
-236
-31
165
422
587
559
475
559
806
1009
1116
1135
1121
1057
1001
1029
1070
1126
1024
889
705
571
446
288
306
96
-118
-484
-745
-760
-1036
-1029
-1276
-1604
-1805
-2084
-2012
-2095
-2189
-2123
-1835
-2068
-2348
-2412
-2060
-1487
-1484
-1401
-1382
-1318
-1048
-948
-437
-93
33
-82
59
401
531
715
910
1265
1290
1115
1180
1266
1499
1570
1688
1697
1436
1189
1199
1372
1351
1280
1086
894
639
420
527
507
373
132
-43
-124
-405
-494
-407
-288
-448
-682
-775
-772
-734
-661
-230
-279
-365
-474
-425
294
420
375
431
507
785
762
962
1171
1183
1150
1253
1291
1277
1213
1132
1301
1261
1088
841
730
686
542
437
183
-3
-436
-553
-662
-878
-984
-1371
-1633
-1826
-2037
-2142
-2274
-2426
-2588
-2613
-2677
-2099
-2265
-2593
-2569
-2408
-1646
-1589
-1558
-1410
-1390
-944
-795
-401
-78
88
125
289
734
846
980
1077
1450
1660
1533
1562
1586
1786
1841
1934
1953
1744
1493
1384
1627
1512
1383
1134
940
818
503
521
444
267
12
-195
-206
-422
-633
-703
-560
-619
-812
-902
-913
-720
-795
-531
-330
-376
-324
-297
70
313
420
534
658
866
910
989
1159
1409
1424
1350
1472
1487
1458
1321
1438
1496
1309
1093
923
897
689
549
373
116
-296
-590
-587
-793
-953
-1324
-1707
-2004
-2121
-2187
-2376
-2587
-2751
-2994
-3027
-3053
-2673
-2266
-2586
-2783
-2877
-2329
-1727
-1614
-1454
-1391
-1096
-837
-734
-280
167
476
450
653
964
1078
1181
1451
1946
2044
1860
1730
1834
2056
2103
2188
2118
1931
1568
1514
1587
1514
1385
1103
968
651
364
279
212
116
-162
-324
-476
-763
-977
-931
-723
-818
-1014
-1153
-1052
-932
-940
-549
-235
-311
-375
-233
125
446
610
799
952
1068
1134
1153
1423
1741
1711
1663
1667
1714
1577
1494
1640
1691
1486
1179
980
851
604
442
257
-24
-356
-588
-843
-1146
-1451
-1677
-1844
-2141
-2388
-2690
-2905
-3025
-3122
-3253
-3293
-3334
-2875
-2594
-2996
-3162
-3093
-2305
-1701
-1650
-1605
-1586
-1217
-833
-560
22
399
514
402
767
1241
1436
1524
1784
2208
2210
1980
1960
2171
2433
2416
2404
2265
1993
1640
1712
1861
1771
1469
1055
885
593
394
380
288
61
-353
-570
-666
-874
-1038
-983
-847
-1061
-1321
-1421
-1187
-999
-983
-612
-339
-440
-526
-422
174
598
775
826
900
1048
1127
1386
1691
1994
1892
1700
1803
1891
1904
1839
1938
1974
1645
1325
1175
1133
1002
786
529
149
-216
-507
-670
-745
-1116
-1403
-1709
-2095
-2377
-2646
-2760
-2810
-3040
-3249
-3515
-3692
-3618
-3587
-2875
-2471
-3079
-3366
-3375
-2346
-1637
-1582
-1466
-1397
-1071
-820
-558
215
655
816
715
1047
1402
1511
1640
2037
2624
2566
2161
2043
2260
2549
2573
2656
2501
2109
1622
1650
1865
1808
1525
1088
896
528
222
184
175
45
-382
-657
-833
-1060
-1248
-1149
-906
-1048
-1357
-1550
-1341
-1081
-998
-536
-300
-278
-390
-436
187
722
1024
1049
1071
1268
1207
1467
1879
2194
2152
1855
1901
1947
1986
1969
2034
2070
1756
1360
1128
1078
914
689
475
202
-167
-676
-917
-1066
-1219
-1434
-1906
-2189
-2619
-2915
-3060
-3094
-3161
-3395
-3687
-3884
-3928
-3741
-2827
-2733
-3281
-3553
-3304
-2217
-1758
-1760
-1560
-1379
-903
-825
-481
270
676
783
765
1269
1596
1565
1650
2177
2800
2579
2203
2164
2452
2652
2611
2701
2570
2145
1679
1782
1940
1841
1433
1066
955
561
248
168
137
-15
-468
-674
-827
-1094
-1307
-1187
-960
-1094
-1405
-1510
-1294
-847
-720
-706
-452
-426
-327
-56
475
781
693
808
1136
1414
1436
1519
1828
2000
1992
1895
1964
2035
1959
1922
1910
1896
1634
1281
1121
1014
827
526
262
36
-315
-797
-1012
-1113
-1346
-1668
-2172
-2411
-2740
-2979
-3084
-3296
-3389
-3633
-3861
-3899
-3985
-3209
-2803
-3264
-3542
-3611
-2651
-1967
-1831
-1765
-1620
-1199
-910
-722
-69
510
753
631
954
1420
1642
1634
1962
2612
2723
2331
2145
2400
2742
2746
2732
2665
2415
1919
1825
2038
2080
1773
1233
1077
822
500
321
282
197
-203
-595
-755
-885
-1111
-1181
-990
-1010
-1262
-1521
-1350
-1046
-835
-588
-488
-326
-516
-298
219
751
982
835
895
1221
1409
1586
1814
2073
2128
1873
1882
2072
2108
2054
1972
1992
1792
1353
1130
990
914
698
443
115
-347
-842
-1063
-1118
-1209
-1626
-2163
-2619
-2861
-3034
-3204
-3327
-3490
-3713
-4000
-4120
-4002
-3058
-3116
-3490
-3768
-3496
-2503
-2120
-2110
-1879
-1655
-1109
-1000
-708
-26
460
619
658
1085
1481
1588
1602
2106
2681
2628
2290
2217
2575
2840
2739
2762
2689
2413
1992
2021
2170
2101
1676
1285
1209
876
568
388
354
198
-257
-552
-672
-879
-1104
-1140
-938
-1069
-1388
-1582
-1208
-1038
-746
-733
-683
-378
-566
-233
266
652
814
645
905
1299
1357
1548
1786
2071
2055
1851
1925
2134
2180
2086
2051
1994
1765
1457
1249
1244
1037
735
385
185
-188
-562
-868
-1121
-1251
-1603
-2003
-2437
-2719
-2971
-3214
-3349
-3602
-3693
-3933
-4054
-4263
-3551
-2895
-3405
-3838
-3995
-2981
-2022
-2064
-2139
-1976
-1460
-991
-999
-293
365
567
433
684
1403
1671
1555
1806
2534
2822
2334
2128
2447
2949
2891
2772
2777
2608
2177
1980
2307
2406
2019
1360
1240
1192
819
551
481
462
12
-517
-601
-651
-860
-1108
-999
-901
-1219
-1599
-1519
-1089
-840
-812
-641
-488
-689
-620
-118
616
892
662
572
910
1275
1538
1695
1971
2090
1834
1804
2038
2286
2214
2085
2102
2003
1616
1306
1351
1301
1086
658
283
82
-347
-637
-797
-970
-1299
-1824
-2244
-2447
-2720
-2959
-3160
-3410
-3686
-3816
-4027
-4088
-4195
-3332
-2936
-3570
-4013
-3995
-2870
-1998
-2039
-2133
-2015
-1512
-1139
-968
-167
414
566
350
676
1338
1610
1588
1895
2644
2759
2166
2052
2504
3066
2943
2799
2741
2535
2078
2011
2402
2480
2024
1314
1208
1149
828
622
573
520
18
-578
-657
-638
-781
-1015
-939
-926
-1277
-1671
-1515
-1043
-742
-511
-715
-828
-787
-553
135
716
810
530
377
887
1361
1612
1744
1893
1907
1770
1752
2051
2262
2193
2068
2001
1780
1473
1306
1357
1295
994
524
87
-119
-380
-649
-835
-1121
-1524
-2031
-2345
-2612
-2814
-3056
-3278
-3596
-3802
-3932
-4146
-4157
-3294
-3040
-3643
-4119
-4043
-2908
-2174
-2153
-2286
-2181
-1716
-1276
-1061
-352
224
342
225
517
1152
1521
1488
1812
2468
2588
2138
2016
2457
3019
2966
2786
2729
2535
2196
2135
2479
2618
2134
1448
1330
1288
1067
807
721
677
173
-409
-534
-470
-607
-863
-869
-876
-1227
-1617
-1453
-959
-849
-674
-744
-777
-673
-673
-83
532
761
635
385
737
1206
1498
1727
1870
1927
1737
1702
1991
2316
2261
2077
2068
1827
1558
1390
1383
1353
1068
638
314
-77
-390
-578
-750
-1024
-1410
-1999
-2325
-2593
-2856
-2984
-3395
-3557
-3733
-3948
-4120
-3504
-3121
-3636
-3998
-4007
-3119
-2424
-2485
-2457
-2384
-1898
-1431
-1290
-693
-168
44
71
288
918
1274
1305
1552
2135
2411
2077
2020
2332
2884
2882
2719
2695
2594
2387
2254
2507
2637
2275
1641
1512
1579
1356
1017
836
826
470
-116
-261
-250
-352
-683
-816
-759
-996
-1381
-1422
-1000
-855
-953
-879
-654
-465
-656
-521
82
533
659
501
633
929
1176
1430
1774
1929
1776
1622
1760
2144
2256
2122
1998
1926
1732
1532
1398
1342
1147
788
545
255
-114
-587
-801
-911
-1139
-1650
-2109
-2504
-2850
-3002
-3217
-3339
-3510
-3865
-4096
-3332
-3158
-3703
-4055
-3921
-2865
-2400
-2608
-2679
-2548
-1924
-1447
-1249
-698
-330
-284
-196
269
979
1233
1135
1400
1998
2201
1944
1980
2396
2869
2735
2574
2599
2569
2406
2380
2610
2668
2170
1574
1598
1722
1544
1149
889
832
467
4
-82
-25
-178
-623
-814
-751
-909
-1232
-1202
-904
-804
-922
-748
-626
-679
-652
-355
212
542
484
329
486
879
1337
1538
1629
1673
1585
1645
1856
2185
2240
2030
1922
1864
1740
1565
1501
1424
1147
767
512
272
-66
-401
-543
-805
-1268
-1666
-2029
-2368
-2630
-2910
-3087
-3394
-3568
-3859
-3764
-2978
-3237
-3847
-4119
-3692
-2627
-2411
-2676
-2660
-2442
-1904
-1567
-1240
-583
-364
-357
-257
309
912
1033
1058
1488
2066
2004
1727
1921
2468
2852
2650
2535
2544
2467
2283
2412
2682
2649
2018
1525
1672
1742
1514
1154
1002
905
435
-2
-16
45
-145
-523
-679
-745
-983
-1227
-1078
-788
-762
-985
-1101
-512
-398
-585
-405
-27
403
440
417
673
831
1035
1359
1600
1749
1587
1524
1819
2038
2150
2013
1840
1815
1712
1552
1473
1318
1052
690
435
363
1
-467
-801
-938
-1251
-1646
-2056
-2416
-2711
-3051
-3232
-3275
-3574
-3701
-3027
-3248
-3800
-4147
-3759
-2713
-2440
-2728
-2822
-2700
-2156
-1740
-1440
-724
-514
-606
-575
-45
709
919
914
1309
1791
1740
1486
1795
2411
2782
2511
2397
2439
2400
2286
2437
2754
2710
2078
1585
1719
1841
1686
1361
1213
1058
551
132
183
272
95
-335
-549
-614
-890
-1170
-964
-673
-625
-825
-1123
-838
-718
-598
-235
10
170
55
28
433
794
1040
1221
1300
1375
1397
1442
1742
2009
2046
1950
1816
1693
1696
1641
1686
1593
1183
790
437
410
374
17
-314
-765
-1182
-1505
-1688
-1908
-2257
-2711
-3064
-3263
-3299
-3615
-3420
-2808
-3273
-3786
-4118
-3553
-2614
-2490
-2610
-2678
-2564
-2083
-1860
-1350
-669
-466
-559
-586
-35
616
787
924
1364
1776
1581
1364
1729
2360
2681
2423
2343
2352
2279
2160
2346
2702
2639
1961
1530
1657
1779
1600
1314
1240
1055
505
92
156
295
94
-328
-525
-593
-859
-1116
-905
-603
-492
-858
-1111
-846
-696
-472
-198
20
143
-54
-10
448
808
1060
1137
1186
1275
1312
1423
1696
1922
1948
1830
1655
1605
1610
1581
1639
1447
1092
628
361
394
331
37
-461
-870
-1282
-1534
-1617
-1869
-2294
-2753
-3067
-3121
-3270
-3473
-2882
-2898
-3450
-3885
-3838
-2924
-2418
-2557
-2667
-2595
-2308
-1952
-1742
-1053
-557
-576
-676
-461
207
624
703
1027
1523
1601
1250
1369
1949
2532
2464
2209
2234
2236
2151
2175
2490
2692
2287
1652
1589
1760
1738
1464
1282
1222
869
308
145
331
345
1
-387
-489
-623
-889
-834
-640
-598
-762
-843
-659
-701
-667
-468
-134
153
174
21
116
400
832
1132
1158
1184
1153
1222
1458
1746
1869
1769
1624
1591
1536
1481
1490
1450
1189
818
476
386
209
71
-249
-583
-1051
-1518
-1550
-1800
-2120
-2531
-2847
-2973
-3110
-3438
-2897
-2777
-3279
-3671
-3789
-2980
-2432
-2544
-2682
-2611
-2295
-1952
-1784
-1262
-732
-683
-731
-497
26
498
537
815
1303
1502
1207
1278
1731
2306
2349
2099
2152
2180
2138
2117
2345
2577
2309
1697
1611
1766
1769
1504
1286
1250
1004
485
269
380
410
128
-272
-426
-479
-749
-732
-575
-510
-598
-869
-933
-698
-371
-368
-206
-122
-23
-41
138
512
801
884
898
1004
1153
1317
1400
1622
1721
1651
1622
1551
1582
1569
1559
1468
1191
905
636
505
485
275
-99
-504
-921
-1171
-1382
-1468
-1878
-2315
-2742
-2912
-2871
-3145
-3105
-2619
-2988
-3487
-3804
-3436
-2515
-2344
-2561
-2684
-2590
-2151
-1893
-1570
-877
-641
-779
-853
-387
289
563
601
992
1366
1253
1042
1373
2022
2427
2140
1947
2057
2088
2071
2147
2486
2541
1942
1473
1598
1827
1758
1406
1279
1173
746
298
335
541
443
-17
-370
-437
-539
-655
-560
-511
-433
-515
-948
-868
-579
-308
-126
-77
-36
-61
-122
245
725
917
945
837
918
1120
1261
1511
1621
1604
1538
1429
1350
1444
1517
1479
1246
843
582
371
348
347
55
-440
-878
-1243
-1375
-1464
-1753
-2175
-2589
-2806
-2809
-3083
-2694
-2487
-3053
-3456
-3564
-2921
-2311
-2422
-2591
-2484
-2320
-1973
-1806
-1387
-820
-728
-759
-637
-184
293
409
645
1137
1355
1038
1059
1522
2107
2249
1965
1986
2071
2033
2035
2239
2522
2347
1722
1606
1786
1834
1603
1364
1363
1185
679
379
520
627
368
-43
-229
-289
-561
-635
-374
-320
-528
-790
-687
-522
-467
-397
-210
-28
38
-16
51
318
617
853
908
913
987
1091
1235
1454
1630
1569
1473
1429
1427
1457
1422
1406
1201
829
549
460
400
289
-86
-493
-812
-1205
-1287
-1460
-1835
-2225
-2594
-2637
-2756
-2952
-2466
-2592
-3179
-3446
-3350
-2560
-2233
-2516
-2608
-2476
-2198
-1883
-1736
-1171
-824
-867
-870
-582
-48
283
354
660
1117
1129
854
1101
1655
2110
2014
1775
1914
1952
1956
2027
2256
2422
2027
1536
1622
1813
1780
1490
1327
1286
1024
572
445
620
588
264
-152
-238
-317
-545
-592
-376
-259
-540
-884
-888
-541
-366
-309
-221
-141
-168
-173
83
441
690
710
714
793
947
1135
1263
1440
1505
1464
1387
1374
1437
1511
1494
1325
1145
833
595
503
472
361
47
-426
-851
-1069
-1186
-1281
-1603
-2099
-2507
-2625
-2661
-2855
-2431
-2350
-2972
-3422
-3445
-2718
-2166
-2291
-2547
-2491
-2297
-1989
-1825
-1312
-780
-826
-925
-812
-282
188
309
535
958
1112
821
850
1389
2005
2082
1770
1757
1845
1874
1921
2144
2420
2197
1575
1462
1696
1830
1619
1361
1317
1123
702
427
580
714
476
13
-215
-254
-439
-457
-260
-233
-526
-886
-906
-341
-75
-361
-421
-340
-107
53
174
377
466
488
688
873
959
1074
1090
1328
1438
1396
1384
1329
1417
1515
1436
1245
1089
878
710
613
501
299
-8
-331
-585
-930
-1140
-1278
-1518
-1915
-2350
-2587
-2539
-2741
-2619
-2215
-2720
-3227
-3456
-2955
-2153
-2075
-2445
-2525
-2394
-2017
-1734
-1445
-868
-770
-927
-823
-441
146
333
430
815
1097
920
784
1226
1830
2164
1837
1693
1778
1855
1948
2095
2329
2300
1729
1422
1625
1842
1780
1438
1285
1167
859
527
563
722
616
178
-209
-250
-330
-461
-362
-251
-263
-778
-1065
-804
-179
53
-386
-513
-418
-186
96
430
520
510
415
587
948
1129
1237
1220
1343
1413
1382
1403
1440
1586
1606
1499
1177
1020
956
809
786
582
353
-22
-410
-617
-709
-870
-1184
-1547
-1931
-2270
-2509
-2542
-2564
-2851
-2655
-2420
-2997
-3391
-3365
-2730
-2092
-2176
-2538
-2595
-2437
-1910
-1510
-1192
-784
-930
-1005
-785
-202
390
490
476
760
1027
960
974
1436
1961
2112
1728
1608
1789
1939
2068
2134
2278
2148
1543
1355
1660
1928
1772
1278
1082
980
766
529
585
685
449
-73
-401
-319
-308
-432
-346
-464
-585
-720
-855
-648
-419
-244
-314
-381
-321
-149
18
269
487
579
594
556
763
1083
1247
1326
1305
1298
1290
1399
1482
1470
1459
1374
1170
912
827
746
630
399
163
-52
-380
-771
-953
-1054
-1233
-1603
-2053
-2358
-2606
-2625
-2661
-2850
-2573
-2471
-3077
-3436
-3332
-2585
-2032
-2212
-2592
-2565
-2318
-1839
-1495
-1161
-730
-863
-952
-732
-137
446
511
523
831
1047
924
957
1479
2039
2116
1653
1574
1802
1971
2058
2114
2263
2083
1471
1347
1679
1932
1707
1216
1054
973
735
498
587
681
424
-111
-410
-300
-304
-412
-413
-475
-428
-756
-909
-578
-312
-243
-337
-324
-241
-119
24
363
551
584
607
630
873
1076
1248
1375
1330
1307
1336
1408
1493
1525
1480
1363
1164
989
917
755
630
474
168
-60
-347
-620
-936
-1094
-1157
-1512
-1971
-2347
-2520
-2502
-2598
-2800
-2475
-2427
-3035
-3339
-3255
-2518
-1991
-2159
-2543
-2519
-2201
-1772
-1477
-1120
-681
-868
-924
-686
-119
456
507
523
821
1058
928
962
1470
2032
2076
1636
1574
1773
1972
2059
2088
2232
2067
1477
1363
1687
1930
1702
1215
1062
972
775
550
598
689
456
-76
-381
-259
-254
-389
-396
-332
-530
-890
-1058
-526
-91
-194
-485
-599
-351
-112
169
392
478
335
399
628
856
1174
1202
1263
1274
1260
1319
1385
1581
1655
1531
1321
1175
1040
1058
1029
850
576
239
-35
-66
-263
-567
-861
-1091
-1335
-1740
-1946
-2136
-2323
-2475
-2639
-2850
-2489
-2399
-2911
-3154
-3076
-2471
-2054
-2217
-2479
-2363
-2042
-1640
-1433
-1160
-792
-882
-795
-518
-51
402
356
431
811
1129
979
974
1413
1906
1935
1574
1617
1829
1956
1938
1934
2126
2012
1476
1393
1681
1847
1532
1085
1044
1042
811
507
503
607
395
-94
-329
-195
-256
-455
-432
-425
-640
-862
-690
-408
-348
-405
-556
-452
-171
-26
129
222
287
398
590
706
833
1012
1113
1198
1230
1309
1310
1412
1536
1485
1365
1302
1218
1085
1042
952
760
432
168
82
18
-254
-701
-984
-1041
-1314
-1653
-1848
-2133
-2363
-2543
-2597
-2770
-2439
-2336
-2859
-3167
-3079
-2457
-2057
-2129
-2407
-2300
-2047
-1740
-1510
-1158
-721
-817
-846
-603
-120
340
345
451
800
1077
878
832
1337
1867
1889
1523
1526
1741
1837
1809
1894
2093
1999
1408
1269
1571
1777
1512
1080
1030
968
733
443
463
629
407
-88
-384
-246
-269
-396
-380
-472
-514
-848
-800
-509
-343
-273
-449
-505
-270
-96
27
258
324
454
506
539
762
1001
1176
1209
1176
1212
1269
1339
1459
1512
1400
1318
1187
1048
1014
998
824
560
225
113
-1
-202
-499
-804
-950
-1233
-1538
-1763
-1946
-2201
-2435
-2508
-2677
-2728
-2295
-2476
-2871
-3091
-2882
-2296
-2001
-2143
-2332
-2160
-1908
-1580
-1348
-929
-674
-815
-700
-396
82
406
357
576
955
1062
856
1005
1532
1914
1763
1513
1610
1785
1829
1828
1943
2102
1813
1301
1387
1662
1738
1350
1037
1043
947
668
429
532
614
292
-174
-297
-156
-279
-440
-437
-407
-360
-593
-840
-649
-269
-153
-288
-302
-179
-114
21
284
570
631
519
491
788
1153
1186
1228
1243
1276
1329
1337
1425
1479
1505
1378
1192
1039
989
961
794
619
321
143
-42
-330
-430
-672
-873
-1249
-1480
-1690
-1868
-2107
-2387
-2495
-2534
-2634
-2527
-2318
-2688
-2912
-2981
-2507
-1978
-1976
-2230
-2242
-2027
-1564
-1300
-1101
-791
-714
-670
-514
-154
341
452
478
745
996
1004
943
1304
1691
1914
1611
1519
1646
1808
1879
1865
1970
1910
1472
1319
1508
1687
1542
1119
981
924
791
515
483
558
409
-2
-301
-251
-229
-382
-388
-428
-534
-658
-646
-588
-458
-310
-400
-349
-230
-115
-1
112
319
523
560
554
636
937
1167
1174
1234
1271
1283
1356
1436
1496
1499
1459
1296
1178
1134
1108
988
779
550
319
169
32
-209
-417
-622
-975
-1218
-1336
-1529
-1806
-2040
-2303
-2431
-2534
-2649
-2791
-2365
-2279
-2717
-3058
-2998
-2342
-1894
-1915
-2234
-2202
-1908
-1537
-1298
-963
-594
-638
-708
-485
-4
459
483
557
834
1055
946
936
1349
1856
1902
1546
1470
1632
1835
1831
1871
1976
1870
1369
1230
1479
1702
1491
1044
905
857
703
460
430
541
377
-95
-394
-306
-252
-365
-413
-421
-527
-788
-797
-549
-258
-271
-463
-491
-259
-65
80
215
343
452
475
582
739
1004
1154
1176
1207
1243
1310
1355
1466
1547
1502
1416
1275
1197
1177
1161
1040
847
561
326
223
72
-69
-254
-544
-895
-1179
-1269
-1352
-1551
-1867
-2135
-2391
-2464
-2548
-2648
-2683
-2283
-2251
-2793
-3077
-2908
-2198
-1756
-1846
-2191
-2147
-1893
-1472
-1159
-787
-518
-666
-685
-449
93
556
546
608
855
1056
930
975
1452
1905
1915
1518
1445
1637
1843
1865
1900
1987
1824
1297
1207
1486
1734
1503
1016
853
813
701
459
454
571
365
-131
-433
-311
-225
-317
-398
-491
-488
-734
-751
-585
-308
-151
-404
-469
-306
-101
77
232
352
511
490
457
687
1000
1231
1210
1132
1219
1279
1386
1462
1533
1503
1465
1277
1184
1233
1186
1119
859
629
475
242
148
19
-168
-356
-776
-1036
-1171
-1236
-1389
-1655
-2008
-2178
-2380
-2481
-2541
-2616
-2694
-2352
-2315
-2750
-2965
-2902
-2185
-1742
-1866
-2189
-2168
-1851
-1380
-1093
-782
-576
-703
-669
-363
143
593
541
554
854
1060
999
1019
1447
1872
1867
1497
1458
1634
1868
1871
1850
1925
1779
1300
1225
1506
1718
1475
941
800
804
735
497
409
500
333
-159
-444
-316
-190
-306
-454
-565
-559
-786
-840
-457
-286
-253
-519
-662
-318
-2
122
203
231
337
463
494
717
1001
1145
1144
1057
1161
1344
1381
1482
1530
1482
1405
1288
1239
1337
1301
1153
908
638
563
419
284
127
-114
-288
-584
-931
-1044
-1093
-1273
-1520
-1834
-2070
-2216
-2419
-2463
-2564
-2623
-2804
-2602
-2327
-2591
-2851
-2969
-2392
-1873
-1790
-2145
-2204
-1832
-1423
-1102
-940
-639
-610
-601
-371
59
531
595
541
774
1090
1147
1092
1335
1749
1901
1642
1506
1633
1872
1886
1847
1853
1834
1487
1254
1450
1630
1532
1041
808
809
787
580
387
405
337
-22
-357
-350
-214
-310
-435
-558
-599
-700
-782
-559
-374
-303
-431
-584
-411
-78
63
160
210
313
443
487
623
899
1127
1145
1064
1119
1292
1392
1456
1513
1481
1420
1354
1242
1311
1336
1201
993
757
629
541
354
172
7
-176
-403
-758
-956
-1004
-1156
-1350
-1617
-1884
-2060
-2227
-2415
-2431
-2480
-2645
-2845
-2556
-2203
-2517
-2865
-2888
-2336
-1789
-1758
-2113
-2067
-1679
-1282
-1051
-891
-523
-479
-493
-252
183
630
652
605
873
1242
1267
1138
1390
1816
1995
1724
1575
1729
1929
1924
1858
1882
1904
1537
1275
1452
1638
1524
1036
811
829
795
548
332
348
317
-26
-375
-394
-259
-383
-502
-577
-576
-697
-840
-597
-449
-322
-431
-604
-407
-98
27
121
198
278
452
507
634
868
1054
1133
1064
1158
1316
1358
1413
1500
1486
1422
1380
1253
1315
1322
1215
1026
809
658
583
440
229
39
-185
-302
-598
-818
-963
-1100
-1307
-1522
-1716
-1914
-2089
-2277
-2395
-2449
-2566
-2723
-2868
-2480
-2112
-2513
-2836
-2909
-2335
-1718
-1665
-1980
-1971
-1654
-1275
-1031
-779
-394
-383
-407
-207
213
642
746
684
970
1294
1266
1127
1372
1844
2046
1736
1560
1651
1840
1885
1804
1848
1863
1479
1160
1310
1530
1471
983
711
702
662
421
233
254
280
-64
-474
-512
-369
-421
-490
-636
-646
-748
-865
-654
-525
-289
-355
-626
-497
-133
23
172
212
266
471
479
575
834
1066
1182
1035
1087
1279
1336
1407
1494
1449
1435
1384
1196
1247
1315
1283
1074
792
653
604
455
324
84
-97
-274
-583
-791
-841
-971
-1202
-1477
-1671
-1803
-1921
-2119
-2282
-2351
-2444
-2612
-2777
-2697
-2256
-2131
-2501
-2756
-2747
-2123
-1634
-1604
-1839
-1733
-1480
-1201
-913
-579
-222
-265
-246
-59
317
732
788
849
1159
1331
1234
1148
1479
1898
2006
1725
1561
1630
1787
1790
1763
1840
1789
1340
1089
1231
1413
1334
878
658
600
521
281
105
197
192
-183
-570
-597
-475
-515
-670
-699
-638
-786
-1026
-913
-553
-352
-429
-668
-573
-287
-99
41
176
322
349
362
478
779
1055
1097
1041
1075
1247
1322
1349
1471
1556
1523
1380
1240
1279
1367
1366
1202
988
855
703
603
500
399
203
-54
-341
-541
-567
-673
-872
-1117
-1332
-1473
-1610
-1763
-1856
-1943
-2064
-2288
-2477
-2509
-2474
-2504
-2413
-2013
-2064
-2422
-2642
-2380
-1639
-1225
-1372
-1677
-1591
-1178
-779
-540
-241
-32
-103
-88
121
589
973
980
972
1158
1311
1226
1248
1594
1978
1898
1564
1403
1528
1751
1771
1695
1654
1477
1084
957
1142
1332
1124
667
438
393
340
186
81
117
-1
-395
-671
-620
-468
-510
-632
-681
-751
-883
-931
-735
-450
-328
-492
-621
-478
-216
-23
109
243
336
318
364
532
839
1076
1063
982
1023
1177
1260
1362
1459
1483
1381
1271
1225
1283
1345
1311
1142
958
830
708
666
614
498
297
58
-171
-317
-364
-436
-632
-883
-1032
-1169
-1304
-1381
-1489
-1584
-1710
-1905
-2055
-2108
-2130
-2166
-2273
-2308
-2225
-1926
-1856
-2102
-2221
-2044
-1573
-1222
-1224
-1375
-1297
-1013
-661
-434
-209
-36
-30
66
287
615
860
907
965
1121
1280
1248
1240
1445
1712
1738
1503
1388
1448
1555
1555
1500
1461
1345
1048
899
976
1100
938
571
377
349
300
117
-6
-7
-72
-336
-595
-605
-497
-555
-685
-736
-678
-805
-897
-800
-533
-346
-500
-626
-537
-253
-57
6
74
218
262
302
456
685
920
917
860
959
1106
1213
1212
1300
1396
1384
1260
1193
1272
1343
1331
1160
1034
961
863
780
735
669
530
293
116
33
-16
-87
-289
-492
-630
-753
-887
-969
-1055
-1129
-1255
-1443
-1591
-1640
-1643
-1705
-1818
-1951
-1991
-2110
-2117
-2047
-1750
-1511
-1775
-2019
-2062
-1619
-1087
-954
-1105
-1174
-1021
-755
-477
-205
77
123
54
118
370
730
899
929
1024
1160
1118
1043
1189
1510
1713
1504
1273
1204
1318
1403
1402
1386
1330
1058
773
766
925
997
727
434
290
237
122
10
15
40
-146
-477
-633
-540
-451
-482
-598
-677
-702
-765
-773
-627
-434
-320
-454
-527
-392
-235
-34
80
222
284
269
256
449
770
948
930
835
929
1047
1164
1247
1306
1351
1307
1207
1157
1272
1346
1308
1154
1042
980
876
824
773
745
618
399
192
146
156
86
-73
-252
-372
-522
-634
-689
-721
-792
-967
-1162
-1239
-1235
-1263
-1385
-1474
-1582
-1645
-1725
-1831
-1805
-1812
-1842
-1812
-1596
-1531
-1642
-1764
-1667
-1256
-946
-925
-1084
-1040
-758
-469
-301
-141
11
72
127
240
505
764
824
824
904
1069
1086
1060
1169
1372
1431
1280
1139
1130
1267
1294
1220
1139
1070
902
752
741
829
765
516
314
234
226
135
5
-48
-76
-224
-429
-500
-418
-386
-492
-577
-606
-599
-583
-622
-511
-390
-354
-371
-359
-211
-125
-51
49
217
305
330
332
451
704
807
832
820
899
984
1034
1112
1173
1212
1165
1121
1121
1174
1181
1095
1033
986
925
822
735
695
653
552
409
266
188
149
49
-35
-140
-252
-374
-478
-529
-580
-664
-784
-879
-978
-1016
-1076
-1155
-1185
-1261
-1347
-1437
-1510
-1524
-1552
-1598
-1645
-1687
-1653
-1472
-1375
-1423
-1464
-1480
-1268
-1001
-858
-864
-849
-741
-543
-355
-196
-33
29
134
228
346
537
665
732
812
894
937
944
992
1117
1215
1195
1115
1031
1046
1100
1098
1056
996
878
755
704
696
695
576
436
318
244
185
102
33
4
-75
-213
-295
-317
-330
-343
-357
-390
-408
-426
-466
-431
-316
-283
-259
-211
-183
-106
-56
21
151
266
327
334
355
487
628
689
753
772
796
845
881
959
1016
1009
970
925
942
971
930
893
866
795
726
649
589
566
518
423
316
214
158
104
36
-14
-119
-214
-288
-360
-394
-450
-540
-617
-683
-731
-773
-852
-897
-961
-1021
-1065
-1136
-1189
-1213
-1263
-1330
-1373
-1402
-1426
-1429
-1389
-1259
-1188
-1256
-1298
-1280
-1061
-816
-741
-784
-764
-636
-443
-276
-161
-31
39
113
181
293
480
611
662
706
769
822
851
900
993
1088
1061
972
907
945
1018
1009
953
879
795
704
659
639
641
550
411
284
218
188
128
51
12
-39
-164
-267
-302
-271
-257
-289
-380
-424
-426
-404
-370
-311
-250
-283
-301
-227
-149
-44
29
50
95
165
223
283
389
473
523
519
587
639
684
742
763
789
802
778
746
776
805
804
739
688
660
608
582
544
496
443
359
266
206
189
134
57
-26
-86
-150
-224
-263
-318
-354
-421
-506
-568
-598
-641
-682
-733
-789
-825
-895
-942
-968
-982
-1023
-1094
-1141
-1172
-1193
-1217
-1220
-1248
-1266
-1229
-1104
-1024
-1055
-1071
-1021
-849
-662
-586
-585
-540
-392
-219
-88
3
93
170
250
339
431
558
629
667
717
766
797
816
851
895
934
907
848
776
768
783
754
675
567
475
405
365
337
294
219
120
33
-10
-30
-44
-93
-142
-176
-217
-246
-246
-237
-213
-236
-255
-282
-246
-192
-174
-141
-95
-61
-45
-3
60
171
224
251
272
321
392
449
490
519
538
554
576
595
609
615
606
604
584
566
539
492
476
459
428
367
315
276
254
221
189
147
102
73
33
7
-24
-55
-105
-138
-166
-197
-224
-260
-291
-320
-370
-420
-458
-482
-510
-553
-595
-634
-669
-703
-750
-773
-795
-841
-882
-908
-935
-955
-969
-973
-954
-950
-910
-861
-794
-748
-733
-675
-535
-397
-320
-284
-230
-102
42
140
192
240
328
406
455
511
558
598
623
631
641
667
659
643
632
638
622
572
517
491
484
440
381
303
255
217
173
124
80
34
-16
-68
-95
-113
-125
-144
-174
-186
-178
-173
-169
-157
-130
-85
-84
-72
-53
17
88
122
135
131
193
270
317
346
364
376
412
456
485
492
478
476
481
485
489
463
440
423
404
382
361
318
290
283
257
224
176
146
131
113
94
67
38
18
6
-13
-16
-25
-53
-73
-86
-91
-107
-132
-151
-176
-188
-210
-245
-283
-300
-334
-365
-392
-432
-455
-501
-532
-554
-593
-614
-660
-695
-705
-722
-752
-774
-793
-797
-790
-791
-778
-764
-731
-685
-657
-607
-529
-474
-419
-354
-285
-194
-101
-36
21
84
166
234
295
352
398
429
474
503
522
552
563
561
551
543
535
519
494
470
433
402
366
312
272
237
198
153
105
68
42
6
-23
-48
-64
-71
-90
-113
-101
-85
-90
-72
-57
-44
7
37
47
74
99
141
194
217
244
262
287
322
352
374
380
376
384
406
409
404
388
367
365
354
332
313
281
268
247
217
201
173
141
132
109
86
69
34
19
6
-1
-5
-31
-40
-35
-45
-53
-59
-73
-81
-90
-108
-117
-127
-143
-155
-178
-199
-214
-248
-268
-283
-307
-329
-363
-409
-428
-454
-471
-494
-524
-553
-577
-600
-614
-607
-626
-635
-640
-646
-624
-606
-585
-560
-543
-509
-476
-422
-370
-332
-289
-233
-176
-124
-69
-24
33
91
144
185
215
245
285
318
349
367
370
375
381
394
393
388
377
365
350
333
318
295
277
250
223
203
180
160
141
123
108
109
97
76
77
83
96
122
130
127
133
153
188
220
238
249
248
274
298
320
338
342
336
340
349
347
351
342
331
322
315
301
275
257
244
223
202
167
150
129
120
106
77
53
33
18
6
-7
-17
-30
-45
-60
-68
-67
-90
-105
-109
-118
-129
-142
-162
-168
-177
-190
-216
-240
-249
-263
-282
-296
-316
-335
-353
-340
-321
-353
-369
-395
-396
-376
-358
-375
-412
-405
-382
-369
-361
-365
-370
-355
-328
-324
-319
-287
-270
-253
-233
-204
-182
-163
-135
-101
-73
-45
-33
-23
19
46
61
69
84
95
120
135
139
145
161
176
171
180
191
194
196
204
203
211
211
208
219
229
231
224
221
234
234
234
246
245
251
258
256
256
266
277
273
275
278
285
285
284
284
286
292
289
279
275
281
273
268
261
252
238
226
219
208
199
184
167
155
150
140
124
114
107
85
70
58
46
32
21
8
-12
-29
-45
-61
-73
-87
-111
-129
-147
-158
-162
-174
-189
-207
-224
-238
-253
-260
-265
-285
-308
-313
-318
-325
-328
-334
-344
-350
-353
-354
-352
-348
-342
-349
-342
-331
-333
-315
-312
-307
-288
-276
-267
-259
-232
-214
-202
-191
-182
-172
-158
-134
-130
-115
-92
-91
-77
-62
-44
-30
-26
-17
-6
-1
12
20
25
41
47
49
59
79
85
96
103
108
125
137
143
154
166
180
188
191
209
220
225
245
248
256
266
266
277
289
301
303
304
309
314
318
323
328
322
321
317
308
311
315
315
308
297
295
288
280
279
268
255
243
223
218
213
201
187
173
157
147
137
126
112
97
87
68
55
45
29
19
1
-15
-29
-45
-55
-68
-78
-89
-98
-112
-122
-132
-140
-146
-155
-162
-172
-176
-176
-181
-187
-191
-196
-189
-190
-195
-191
-190
-187
-192
-188
-184
-178
-169
-168
-168
-176
-165
-161
-160
-151
-155
-153
-145
-138
-133
-138
-123
-119
-126
-115
-110
-115
-108
-106
-102
-103
-102
-100
-94
-85
-81
-76
-68
-64
-61
-51
-45
-38
-35
-28
-23
-2
8
14
27
37
54
59
66
82
89
103
111
128
130
143
161
164
178
189
196
200
207
218
220
224
226
223
231
231
231
235
233
231
224
224
224
218
212
209
208
200
198
190
189
190
182
169
164
165
161
151
144
137
138
130
121
116
115
112
103
107
88
79
71
60
50
38
31
20
13
4
-5
-16
-29
-35
-39
-42
-52
-66
-70
-79
-83
-82
-88
-95
-101
-107
-111
-109
-110
-112
-111
-109
-106
-111
-114
-111
-106
-97
-96
-102
-105
-101
-96
-88
-91
-102
-98
-99
-91
-89
-94
-94
-96
-95
-88
-89
-94
-107
-104
-101
-104
-90
-91
-97
-96
-87
-87
-86
-84
-85
-79
-74
-69
-64
-63
-60
-58
-52
-43
-36
-27
-24
-22
-9
1
6
13
14
26
27
32
39
46
59
64
72
80
83
88
90
90
102
102
101
110
115
116
124
125
130
131
135
134
137
144
137
131
127
135
133
139
141
134
130
130
134
139
137
136
128
122
127
127
128
127
117
110
109
111
109
99
92
84
80
77
71
70
65
58
49
44
45
40
40
33
23
16
10
5
4
11
7
-3
-7
-5
-4
-8
-7
-13
-16
-21
-28
-23
-24
-29
-27
-31
-35
-32
-35
-35
-39
-43
-39
-43
-43
-43
-47
-46
-47
-47
-46
-56
-59
-57
-50
-45
-57
-64
-65
-62
-58
-57
-52
-54
-54
-56
-50
-35
-36
-35
-34
-34
-23
-22
-27
-22
-17
-15
-18
-9
-8
-17
-15
-12
-7
-4
-7
-12
-8
1
4
4
-2
-7
1
0
0
10
8
7
6
3
8
13
12
13
13
17
15
18
21
29
31
23
27
20
24
33
35
41
35
33
41
39
44
42
40
36
31
46
41
39
43
47
45
37
42
45
46
44
39
38
41
34
33
32
30
26
22
22
19
19
16
13
12
12
11
5
7
4
4
3
3
2
-1
-2
1
3
-2
1
1
2
-3
-5
-1
-4
2
2
5
3
-1
1
-2
-7
-1
0
-3
-4
-4
-4
0
0
-4
-2
-4
-4
-3
-3
-4
-8
-11
-4
-1
-4
-6
-10
-8
-5
-4
-5
-8
-11
-10
-11
-12
-8
-10
-12
-14
-14
-16
-16
-18
-18
-19
-24
-23
-28
-30
-37
-36
-32
-32
-34
-35
-38
-43
-43
-45
-46
-42
-38
-39
-38
-43
-40
-36
-39
-37
-38
-41
-40
-36
-35
-40
-38
-35
-37
-35
-38
-37
-31
-31
-25
-28
-32
-34
-30
-21
-22
-25
-26
-24
-17
-16
-11
-9
-15
-13
-11
-12
-11
-10
-3
-6
-5
-2
-3
7
15
14
21
15
10
9
12
14
14
17
14
18
15
15
22
24
27
26
23
26
25
27
35
32
32
29
27
29
29
29
28
27
16
17
20
22
22
22
17
11
15
17
18
15
12
8
7
11
12
17
17
14
11
9
13
15
17
17
4
3
4
5
3
4
1
-4
1
-2
-4
1
4
3
1
-2
-5
-5
0
3
-1
-9
-13
-7
-10
-13
-14
-17
-21
-20
-20
-22
-24
-24
-25
-22
-21
-24
-22
-22
-18
-14
-20
-15
-9
-8
-8
-10
-1
-1
-8
-1
6
12
12
5
4
7
10
7
9
9
4
12
7
1
1
4
-2
-3
-5
-11
-12
-14
-15
-20
-24
-30
-24
-27
-25
-30
-30
-27
-35
-36
-35
-35
-37
-43
-44
-36
-36
-34
-37
-34
-40
-43
-37
-41
-41
-47
-46
-49
-58
-46
-35
-38
-38
-36
-43
-41
-40
-38
-29
-35
-37
-36
-31
-28
-29
-32
-28
-26
-36
-32
-30
-32
-29
-29
-30
-31
-33
-31
-32
-31
-32
-31
-34
-38
-36
-35
-31
-35
-36
-36
-39
-42
-34
-32
-28
-35
-41
-41
-42
-38
-46
-44
-45
-47
-46
-42
-36
-38
-45
-46
-44
-44
-41
-38
-37
-43
-46
-44
-38
-33
-31
-33
-40
-40
-37
-29
-26
-31
-32
-34
-33
-30
-26
-23
-26
-34
-37
-32
-30
-30
-35
-37
-37
-38
-41
-50
-47
-47
-50
-50
-56
-53
-58
-61
-50
-64
-65
-62
-62
-58
-55
-58
-68
-64
-63
-65
-62
-67
-70
-68
-69
-71
-72
-71
-74
-80
-81
-81
-76
-77
-81
-77
-83
-87
-86
-85
-88
-92
-88
-88
-95
-88
-85
-84
-88
-91
-86
-87
-82
-81
-84
-89
-86
-77
-70
-68
-77
-83
-81
-72
-67
-68
-75
-78
-80
-78
-73
-68
-68
-71
-66
-70
-74
-69
-59
-54
-59
-63
-61
-60
-51
-47
-46
-49
-50
-48
-50
-52
-51
-48
-51
-52
-49
-53
-57
-53
-48
-50
-52
-51
-54
-57
-60
-55
-57
-59
-55
-55
-55
-53
-50
-48
-49
-47
-49
-53
-53
-46
-40
-42
-45
-43
-42
-40
-32
-32
-31
-30
-28
-26
-28
-21
-20
-22
-21
-21
-20
-23
-20
-19
-21
-13
-14
-17
-18
-13
-10
-10
-2
-5
-5
1
3
3
5
5
7
10
13
11
12
8
7
12
4
11
19
16
16
12
11
9
12
15
16
15
15
18
20
22
28
24
18
21
21
26
25
25
20
18
20
20
22
23
19
20
16
16
17
9
9
4
2
0
1
4
7
6
6
7
8
7
4
6
5
6
3
-1
6
11
18
13
16
18
19
22
23
23
20
21
19
20
23
23
19
15
17
14
16
18
14
13
12
10
8
12
12
13
14
12
8
5
4
9
8
10
4
-2
-1
0
3
1
3
0
-3
-3
-3
-4
-6
-11
-16
-20
-20
-22
-24
-24
-24
-24
-28
-29
-28
-32
-26
-26
-28
-32
-33
-32
-33
-28
-27
-25
-28
-26
-26
-29
-27
-27
-28
-28
-26
-32
-31
-30
-30
-26
-24
-25
-30
-27
-21
-24
-22
-19
-20
-21
-23
-18
-14
-10
-7
-4
-4
-12
-7
-8
-8
0
-1
6
6
9
6
7
11
15
13
15
15
18
14
16
22
22
22
20
20
19
18
25
27
25
24
17
21
18
25
25
24
27
28
34
34
34
40
40
36
39
34
39
45
47
54
52
57
60
60
62
65
62
62
59
52
50
56
55
55
56
57
61
62
63
58
60
61
61
59
62
58
56
59
60
55
55
59
58
52
52
52
52
53
54
51
48
49
46
50
47
43
46
41
37
30
31
34
33
35
25
26
29
30
25
24
19
8
8
7
4
-1
-1
-1
-6
-8
-9
-7
-8
-9
-10
-11
-15
-15
-15
-12
-15
-15
-22
-23
-21
-19
-16
-14
-13
-16
-13
-11
-9
-7
-2
-1
5
7
8
13
19
23
26
28
31
36
43
42
42
37
38
43
45
53
53
50
46
43
47
47
45
48
50
53
50
51
48
55
61
51
55
57
58
60
61
63
67
68
68
72
75
76
79
83
82
87
82
79
82
80
84
85
85
85
83
87
89
80
79
76
72
72
70
87
75
69
80
78
74
78
80
74
75
76
75
72
69
64
62
64
67
64
58
56
53
52
52
51
49
49
48
42
43
43
46
48
45
40
35
34
39
40
43
38
36
37
35
40
41
48
45
36
33
40
40
40
40
32
25
26
26
26
27
25
29
23
20
24
20
24
26
25
20
20
22
18
20
21
22
21
19
19
19
19
19
18
16
12
12
11
10
9
7
7
4
5
3
-1
-1
-2
0
-5
-7
-3
-7
-5
-3
2
1
-4
-6
-8
-11
2
7
4
10
12
12
14
15
14
17
17
19
22
21
20
21
24
24
24
23
25
26
23
24
28
27
27
26
25
28
27
29
29
29
32
30
36
35
37
37
34
36
35
37
44
42
47
47
48
57
49
50
54
58
54
47
44
45
49
50
51
53
48
46
52
55
54
51
55
51
51
53
49
53
56
54
50
51
47
49
49
49
49
45
45
47
45
45
44
43
47
45
46
42
40
38
42
44
43
46
47
52
49
50
53
54
56
52
51
55
54
55
56
53
53
57
59
57
57
56
57
54
52
54
52
54
51
46
44
44
46
46
47
44
47
44
44
47
48
48
48
51
47
51
58
53
52
52
53
56
58
61
58
63
57
55
62
55
51
59
59
53
49
45
40
43
41
39
37
34
39
41
35
35
33
32
33
30
34
27
30
32
29
30
28
29
30
28
29
27
30
29
29
31
26
22
23
22
27
21
19
25
19
24
14
15
14
7
8
1
7
3
-3
7
12
9
10
10
6
6
6
8
12
12
8
5
6
5
6
6
8
8
7
4
6
8
7
8
9
10
11
12
12
12
11
12
13
15
16
19
18
20
20
24
20
23
32
36
34
29
37
35
31
34
29
28
29
30
34
31
32
36
35
30
33
34
34
35
35
37
30
34
35
33
35
34
34
38
39
42
39
38
42
43
42
42
42
44
47
47
50
52
50
52
46
48
49
48
49
48
51
48
48
49
49
52
50
44
48
41
51
55
54
60
57
60
58
58
54
57
56
53
59
59
54
57
60
56
53
52
54
51
51
51
49
49
42
44
39
37
39
33
36
32
28
33
30
30
25
21
22
16
17
15
14
15
14
15
16
17
12
13
12
6
9
4
1
-1
1
-2
0
0
-4
-5
-7
-4
-2
-4
-8
-8
-6
-6
-7
-7
-6
-7
-6
-7
-7
-6
-8
-9
-8
-7
-9
-4
-5
-5
-4
-5
-1
-1
-1
0
3
-11
-10
-1
-3
1
2
6
7
7
9
11
11
13
8
7
4
1
1
2
2
2
4
2
5
1
1
1
-1
-1
0
2
0
-4
-5
-4
-5
-7
-4
-4
-3
-7
-4
-3
-6
-2
-4
-3
-3
-5
-1
1
-6
-3
-1
7
4
-2
0
2
5
-3
-4
2
1
4
5
7
-3
-13
-9
-6
-6
-6
-9
-6
-4
-5
-10
-10
-6
-12
-8
-7
-6
-4
-7
-4
-7
-9
-6
-7
-2
-1
0
1
0
4
1
-2
-1
-4
-3
-2
0
6
-1
4
6
7
5
-2
-2
-4
-5
-1
4
-10
-5
5
-1
-2
5
4
3
10
6
6
8
7
5
3
3
4
6
7
8
6
6
7
5
3
10
6
7
6
3
9
7
5
2
-1
1
1
0
1
0
0
-2
-2
-3
-1
2
3
2
-5
-8
-2
-5
-7
-15
-12
-9
-11
-8
-11
-7
-8
-8
-3
-3
-6
-3
-4
-7
-9
-8
-6
-6
-6
-4
-9
-10
-9
-8
-8
-9
-7
-9
-9
-9
-12
-13
-13
-13
-16
-15
-15
-17
-20
-22
-22
-25
-29
-32
-24
-26
-27
-29
-31
-25
-32
-31
-36
-41
-38
-28
-31
-32
-24
-23
-20
-25
-27
-24
-23
-28
-30
-25
-23
-29
-25
-26
-28
-28
-28
-27
-28
-27
-27
-26
-26
-26
-30
-28
-30
-29
-31
-31
-26
-28
-25
-25
-26
-23
-28
-26
-25
-29
-27
-24
-24
-17
-19
-16
-14
-12
-12
-15
-13
-14
-16
-20
-16
-18
-16
-16
-14
-17
-17
-16
-14
-14
-13
-11
-13
-13
-9
-9
-7
-8
-8
-7
-9
-9
-9
-10
-7
-6
-3
-5
-2
-2
-5
-2
-3
-1
-1
-2
-2
-8
-6
-12
-9
-9
-8
-5
-7
-8
-6
-4
-5
-8
-6
-10
-9
-11
-13
-12
-12
-11
-14
-11
-13
-12
-10
-12
-13
-12
-12
-10
-8
-8
-8
-11
-12
-13
-14
-12
-14
-12
-13
-15
-14
-13
-10
-11
-12
-11
-12
-7
-8
-12
-11
-10
-9
-4
-5
-7
-11
-10
-10
-17
-9
-6
-4
-8
-13
-9
-21
-18
-18
-21
-19
-22
-18
-15
-19
-23
-23
-21
-23
-24
-20
-22
-24
-21
-27
-25
-25
-24
-27
-23
-21
-22
-19
-18
-19
-19
-22
-21
-21
-19
-20
-19
-15
-16
-15
-7
-10
-17
-15
-22
-19
-20
-18
-8
-20
-26
-15
-13
-16
-15
-13
-14
-15
-14
-16
-13
-13
-16
-14
-16
-17
-16
-15
-16
-16
-13
-19
-16
-14
-13
-11
-15
-12
-12
-14
-12
-14
-18
-16
-18
-17
-16
-14
-17
-15
-18
-18
-15
-17
-17
-11
-13
-15
-15
-19
-18
-22
-25
-24
-22
-22
-25
-28
-23
-21
-24
-23
-23
-25
-22
-25
-26
-25
-26
-24
-24
-25
-24
-26
-23
-23
-25
-23
-21
-25
-24
-22
-22
-23
-24
-20
-23
-21
-19
-23
-21
-23
-27
-24
-22
-25
-33
-28
-23
-26
-28
-27
-25
-25
-29
-33
-32
-30
-25
-25
-25
-27
-23
-22
-19
-22
-24
-22
-28
-23
-24
-23
-26
-26
-23
-30
-29
-28
-28
-25
-27
-25
-26
-29
-31
-32
-33
-30
-32
-31
-32
-34
-30
-34
-31
-32
-37
-35
-40
-35
-39
-36
-36
-42
-35
-35
-30
-29
-35
-33
-38
-37
-36
-43
-45
-47
-42
-44
-44
-47
-48
-49
-47
-48
-48
-49
-48
-47
-49
-49
-50
-47
-49
-51
-51
-50
-51
-47
-48
-49
-52
-53
-49
-50
-47
-46
-47
-48
-45
-46
-43
-47
-52
-53
-42
-40
-40
-37
-42
-38
-37
-31
-32
-27
-27
-34
-34
-34
-31
-32
-31
-29
-25
-25
-26
-27
-25
-22
-22
-22
-22
-24
-22
-17
-17
-23
-20
-22
-20
-20
-20
-19
-20
-19
-17
-19
-24
-21
-22
-22
-17
-13
-12
-14
-15
-11
-10
-10
-8
-3
-2
-2
-9
-8
0
-7
-3
1
2
0
-7
-9
-9
-4
-6
-9
-8
-10
-6
-7
-11
-8
-8
-8
-9
-5
-3
-6
-8
-7
-5
-9
-9
-4
-4
0
1
0
-1
-1
-1
-3
-6
-3
-4
-2
0
-4
-1
-3
-2
1
-5
-2
-4
-6
-10
-4
-6
-19
-6
1
2
1
0
2
5
7
1
3
4
7
2
4
5
3
5
5
7
3
4
3
5
8
6
7
8
6
8
7
8
6
1
3
3
4
5
1
2
4
1
0
-1
6
2
5
9
4
7
5
7
2
-4
1
-2
-1
2
-1
2
3
0
5
4
4
2
1
1
4
5
2
2
3
3
1
4
4
5
5
7
5
6
7
3
5
2
6
5
0
4
1
3
1
-1
-2
-5
-2
-5
-6
-4
-3
-5
-7
-1
-3
-7
-7
-12
-6
1
-1
1
-1
-1
-3
1
2
4
3
2
-1
5
2
0
0
-3
-1
-4
-1
-2
-5
-4
-5
-4
-8
-13
-10
-13
-16
-15
-16
-12
-17
-15
-18
-18
-20
-25
-22
-26
-23
-26
-27
-25
-31
-23
-23
-23
-22
-26
-29
-25
-28
-30
-33
-35
-32
-31
-33
-35
-31
-32
-33
-29
-27
-27
-26
-28
-28
-30
-31
-26
-25
-26
-26
-28
-25
-24
-23
-25
-26
-24
-24
-24
-19
-20
-21
-24
-17
-15
-17
-18
-19
-24
-26
-20
-17
-19
-16
-13
-15
-15
-10
-7
-8
-10
-17
-15
-16
-15
-18
-16
-13
-15
-14
-12
-12
-13
-12
-9
-13
-14
-13
-15
-12
-15
-15
-17
-16
-17
-15
-14
-18
-15
-19
-19
-15
-17
-18
-20
-18
-17
-12
-12
-18
-18
-13
-11
-12
-13
-11
-6
-9
-11
-15
-11
-12
-14
-6
-15
-12
-20
-23
-20
-23
-21
-24
-24
-24
-22
-26
-32
-28
-26
-28
-26
-25
-26
-25
-27
-26
-28
-28
-29
-29
-23
-25
-22
-25
-24
-18
-24
-23
-24
-26
-20
-21
-19
-17
-19
-19
-16
-13
-19
-26
-22
-25
-25
-18
-14
-25
-25
-14
-17
-16
-12
-11
-11
-11
-12
-8
-6
-11
-9
-10
-9
-10
-10
-7
-6
-6
-7
-7
-8
-6
-3
-4
-4
-6
-3
-2
-3
-5
-6
-9
-6
-6
-7
-9
-6
-5
-9
-4
-7
-7
-4
-5
-4
-2
-4
-7
-8
-8
-13
-10
-11
-8
-11
-11
-5
-7
-7
-8
-10
-7
-9
-10
-13
-10
-10
-11
-10
-11
-10
-13
-10
-13
-6
-7
-9
-8
-8
-10
-9
-5
-12
-7
-6
-12
-9
-10
-12
-13
-16
-15
-11
-15
-18
-25
-23
-15
-15
-13
-15
-16
-21
-23
-23
-23
-12
-9
-12
-11
-12
-12
-7
-9
-7
-8
-7
-7
-5
-6
-13
-8
-11
-12
-13
-11
-7
-11
-11
-11
-13
-7
-11
-15
-14
-17
-11
-17
-12
-10
-13
-11
-14
-14
-10
-17
-16
-16
-17
-9
-15
-13
-11
-13
-7
-7
-8
-8
-10
-7
-8
-14
-18
-12
-15
-14
-11
-13
-18
-16
-13
-14
-13
-15
-11
-10
-11
-10
-9
-7
-10
-11
-9
-6
-8
-7
-5
-7
-7
-5
-4
-1
-2
1
-3
0
2
1
3
1
5
4
-4
-3
0
0
-2
0
8
6
6
11
4
3
4
6
2
-1
2
1
1
2
-1
1
2
2
1
-1
-1
-1
-4
0
-2
0
-3
-5
-3
-4
-3
-2
-4
-5
-2
-4
-3
-5
-4
-4
0
2
0
-1
-2
2
-1
2
5
5
4
2
-2
-1
2
4
4
8
5
-1
-2
-7
-3
-2
-8
-7
-6
-4
-5
-9
-8
-6
-1
-8
-6
-4
-7
-8
-9
-5
-7
-10
-9
-7
-4
-4
-4
-1
-1
0
-3
-7
-6
-3
-5
-3
-3
1
-1
-1
4
-1
-2
-7
-3
0
-6
4
-7
-13
-8
-6
-1
-4
-1
0
-2
-1
-6
-4
-2
-5
0
-4
-1
-2
-5
1
-3
-4
-2
-3
-5
-3
-6
-7
-7
-7
-7
-7
-6
-9
-10
-13
-12
-13
-11
-13
-15
-13
-16
-16
-14
-14
-15
-15
-12
-6
-14
-17
-11
-21
-24
-16
-16
-17
-23
-21
-18
-16
-16
-17
-15
-13
-16
-20
-17
-18
-21
-23
-21
-19
-19
-19
-16
-17
-17
-16
-16
-12
-15
-16
-14
-14
-17
-14
-14
-16
-17
-17
-14
-17
-19
-22
-17
-16
-26
-21
-21
-18
-20
-20
-19
-24
-22
-28
-31
-21
-15
-14
-18
-17
-18
-16
-15
-14
-10
-12
-16
-14
-11
-11
-9
-11
-11
-15
-12
-13
-13
-9
-14
-14
-16
-17
-16
-20
-17
-20
-19
-20
-19
-18
-17
-19
-17
-20
-20
-21
-25
-21
-29
-22
-24
-21
-15
-17
-11
-16
-22
-16
-14
-18
-19
-28
-25
-23
-25
-24
-23
-24
-24
-23
-24
-26
-22
-22
-19
-19
-23
-22
-20
-16
-18
-20
-19
-19
-19
-16
-20
-19
-18
-17
-16
-15
-18
-17
-18
-15
-12
-12
-9
-10
-15
-22
-21
-19
-15
-15
-16
-17
-13
-9
-12
-10
-8
-12
-10
-9
-11
-10
-11
-12
-10
-10
-14
-9
-9
-8
-9
-7
-8
-11
-10
-6
-10
-10
-12
-13
-12
-15
-10
-14
-12
-12
-10
-9
-11
-12
-12
-11
-10
-7
-7
-9
-9
-3
-2
2
3
3
3
1
2
2
7
5
11
7
4
7
-6
-2
-3
-1
-5
1
-1
0
3
-2
0
0
-1
2
2
2
3
1
2
3
5
5
1
3
4
9
9
5
10
7
7
5
3
10
5
9
8
4
6
7
8
4
1
3
0
-4
-5
0
-4
-11
-1
-2
-4
-1
1
4
3
2
-2
-1
5
-4
-2
-4
-5
-3
-3
-3
-3
-4
-5
-5
-6
-2
-5
-5
-5
-7
-4
-2
-2
-5
-6
-8
-6
-3
-6
-5
-5
-4
-5
-8
-8
-4
-5
-3
-3
-8
-4
-7
-7
-14
-12
-6
-11
-9
-12
-9
-10
-10
-9
-7
-10
-12
-11
-10
-11
-10
-10
-11
-10
-9
-9
-9
-9
-9
-8
-9
-7
-8
-9
-8
-11
-10
-7
-9
-8
-9
-9
-10
-8
-13
-17
-15
-20
-15
-16
-13
-16
-21
-21
-20
-20
-23
-29
-29
-31
-25
-19
-24
-19
-21
-20
-20
-20
-19
-18
-19
-22
-22
-21
-23
-21
-22
-23
-21
-27
-20
-20
-25
-25
-23
-21
-27
-27
-30
-31
-28
-34
-31
-28
-32
-27
-29
-31
-31
-32
-31
-31
-36
-34
-33
-31
-31
-28
-30
-23
-26
-32
-31
-32
-26
-30
-36
-37
-29
-31
-32
-30
-36
-33
-33
-32
-33
-32
-30
-33
-34
-32
-31
-31
-31
-33
-33
-33
-31
-31
-30
-32
-34
-33
-32
-32
-30
-32
-28
-32
-30
-30
-29
-29
-32
-34
-41
-37
-36
-31
-28
-27
-25
-25
-26
-22
-20
-22
-24
-21
-25
-26
-28
-27
-24
-26
-26
-24
-23
-24
-22
-23
-25
-24
-24
-21
-22
-24
-23
-25
-24
-26
-23
-24
-24
-22
-26
-21
-24
-25
-22
-25
-25
-26
-18
-18
-22
-19
-19
-11
-12
-19
-18
-13
-14
-16
-20
-18
-14
-9
-7
-12
-11
-20
-24
-20
-19
-20
-23
-23
-17
-17
-21
-24
-17
-18
-22
-18
-19
-17
-18
-18
-17
-21
-16
-18
-16
-17
-16
-13
-15
-11
-10
-16
-12
-14
-17
-14
-18
-13
-16
-13
-9
-8
-14
-20
-22
-18
-23
-20
-13
-28
-21
-21
-20
-20
-17
-14
-13
-15
-15
-18
-16
-14
-16
-18
-18
-16
-19
-17
-15
-15
-17
-18
-17
-17
-16
-16
-16
-18
-17
-18
-17
-19
-20
-20
-23
-19
-20
-20
-23
-21
-22
-22
-20
-22
-19
-12
-12
-19
-22
-22
-22
-24
-28
-26
-25
-26
-21
-28
-24
-21
-23
-28
-27
-26
-27
-23
-27
-27
-27
-29
-27
-23
-25
-26
-26
-25
-23
-22
-23
-23
-23
-21
-22
-25
-22
-23
-23
-25
-25
-25
-22
-24
-27
-30
-30
-33
-31
-28
-34
-35
-34
-31
-29
-32
-34
-43
-44
-36
-32
-28
-31
-29
-29
-27
-26
-27
-23
-23
-26
-25
-25
-21
-27
-30
-23
-26
-27
-26
-28
-22
-25
-25
-29
-26
-27
-32
-27
-30
-30
-28
-32
-28
-26
-25
-23
-26
-28
-27
-27
-21
-32
-30
-26
-27
-20
-19
-18
-15
-17
-21
-18
-15
-22
-23
-25
-24
-19
-24
-22
-22
-21
-21
-21
-20
-19
-19
-21
-18
-18
-17
-18
-19
-15
-15
-19
-16
-17
-15
-15
-14
-15
-16
-14
-11
-9
-9
-9
-9
-6
-6
-8
-12
-12
-9
-6
-9
-10
-9
-6
-2
-5
-8
-3
-3
-5
-5
-10
-9
-8
-9
-11
-8
-8
-7
-8
-8
-5
-7
-7
-6
-7
-6
-7
-4
-5
-7
-8
-10
-7
-7
-5
-8
-8
-9
-10
-8
-9
-9
-7
-9
-9
-6
-3
2
-5
-7
0
-2
2
-1
1
5
3
1
6
3
-1
3
1
6
6
0
-9
-6
-5
-7
-2
-5
1
1
-4
-3
0
-1
-4
1
2
-2
-2
-1
1
0
3
3
5
5
5
6
8
6
10
10
6
7
2
8
10
9
6
8
15
14
8
5
3
4
5
2
13
-1
-8
5
7
5
5
8
7
6
8
7
7
3
3
5
0
3
4
3
7
5
2
1
2
3
6
3
2
4
4
7
5
3
1
0
0
-1
0
-1
-2
0
-2
-4
-3
-6
-4
-1
3
3
-2
-6
-3
-7
-15
-9
-7
-10
-12
-11
-11
-10
-9
-11
-8
-12
-13
-10
-11
-13
-13
-10
-12
-11
-12
-13
-11
-9
-11
-10
-9
-10
-11
-11
-12
-13
-14
-11
-10
-12
-13
-12
-11
-13
-14
-17
-15
-15
-18
-15
-15
-17
-17
-23
-20
-17
-19
-20
-25
-28
-13
-12
-13
-15
-13
-11
-12
-10
-12
-6
-8
-12
-9
-9
-10
-8
-9
-8
-12
-9
-10
-9
-9
-9
-7
-11
-10
-10
-11
-10
-12
-17
-12
-11
-5
-8
-10
-7
-13
-8
-10
-9
-12
-12
-6
-9
-8
-4
-4
2
-3
-3
-4
-4
0
-8
-9
-10
-9
-9
-9
-6
-8
-9
-7
-9
-10
-7
-9
-9
-10
-9
-9
-10
-8
-8
-11
-7
-9
-9
-11
-11
-9
-10
-9
-11
-9
-9
-9
-9
-5
-7
-7
-8
-7
-14
-13
-7
-8
-4
-9
-6
-7
-6
-3
3
0
-4
-5
-4
-4
-6
-5
-7
-3
-4
-2
-8
-5
-3
-6
-4
-1
-4
-6
-4
-4
-7
-7
-7
-6
-7
-6
-7
-9
-7
-7
-7
-6
-7
-5
-5
-6
-3
3
1
1
0
3
5
0
7
4
4
6
3
0
2
5
5
8
11
3
-3
-6
-5
-4
-7
-4
-6
-1
1
-4
-6
-5
-4
-4
-3
-1
-6
-4
-5
-5
-3
-5
-5
-3
-5
0
-2
-3
2
-2
-1
-2
0
1
-1
3
6
0
2
4
2
1
3
-2
-6
-9
-6
-8
-14
-6
0
-3
-7
-5
-4
-1
-2
-3
-5
-4
-4
-4
-3
-6
-6
-5
-7
-4
-3
-9
-7
-8
-6
-5
-8
-9
-9
-6
-6
-7
-5
-6
-7
-9
-12
-8
-8
-11
-11
-13
-14
-14
-11
-8
-4
-3
-12
-12
-12
-13
-17
-20
-16
-20
-16
-21
-20
-15
-17
-13
-14
-14
-14
-15
-16
-15
-17
-18
-18
-15
-14
-16
-18
-17
-16
-17
-14
-15
-14
-17
-15
-13
-12
-11
-11
-11
-15
-14
-14
-15
-14
-17
-16
-17
-20
-21
-18
-16
-22
-24
-18
-19
-21
-20
-23
-29
-28
-22
-20
-19
-16
-14
-14
-18
-13
-16
-13
-14
-17
-14
-14
-19
-15
-14
-18
-18
-20
-16
-19
-18
-20
-18
-18
-26
-25
-29
-29
-25
-29
-27
-28
-25
-20
-26
-28
-29
-28
-28
-30
-29
-29
-29
-30
-26
-25
-21
-18
-25
-28
-20
-26
-31
-27
-29
-29
-32
-33
-29
-29
-31
-33
-30
-27
-29
-28
-28
-31
-29
-28
-28
-27
-26
-27
-27
-28
-28
-28
-29
-30
-27
-25
-28
-25
-24
-24
-23
-20
-21
-26
-20
-24
-26
-24
-25
-20
-24
-21
-17
-20
-14
-15
-13
-14
-12
-16
-15
-16
-18
-14
-16
-17
-15
-14
-16
-12
-14
-14
-15
-14
-15
-18
-17
-15
-13
-15
-13
-15
-16
-14
-16
-17
-12
-15
-15
-13
-12
-12
-15
-16
-14
-14
-13
-9
-13
-9
-8
-6
-7
-6
-7
-7
-6
-7
-7
-8
-4
-3
-5
-1
-8
-15
-16
-16
-13
-15
-15
-10
-9
-12
-16
-17
-10
-14
-15
-7
-12
-14
-14
-12
-10
-14
-12
-12
-9
-6
-5
-3
-7
-4
-9
-11
-7
-13
-8
-6
-4
-3
-6
-6
0
2
-6
-11
-12
-11
-15
-9
-6
-20
-17
-4
-7
-10
-5
-4
-5
-4
-8
-5
-4
-6
-8
-7
-10
-8
-8
-8
-7
-7
-10
-11
-10
-9
-8
-10
-9
-11
-11
-9
-8
-13
-14
-15
-15
-15
-16
-16
-18
-14
-16
-15
-13
-20
-16
-15
-4
-4
-11
-17
-17
-14
-19
-15
-17
-20
-20
-17
-14
-14
-18
-15
-13
-18
-16
-17
-18
-18
-16
-19
-19
-17
-20
-21
-20
-19
-20
-16
-17
-17
-16
-18
-16
-15
-17
-19
-16
-17
-17
-17
-17
-19
-21
-22
-22
-19
-24
-23
-29
-22
-18
-19
-20
-26
-27
-26
-29
-33
-18
-17
-17
-16
-17
-15
-15
-19
-12
-11
-16
-16
-16
-16
-18
-12
-14
-19
-18
-17
-18
-15
-17
-18
-16
-15
-18
-21
-21
-25
-22
-23
-21
-17
-20
-18
-19
-20
-20
-23
-20
-20
-25
-20
-21
-21
-16
-20
-14
-14
-16
-17
-18
-11
-19
-22
-24
-24
-19
-25
-24
-21
-22
-23
-22
-18
-19
-20
-19
-18
-19
-17
-18
-19
-19
-21
-21
-21
-20
-19
-21
-22
-25
-21
-20
-17
-17
-17
-16
-18
-17
-18
-16
-18
-24
-22
-20
-22
-24
-23
-12
-13
-15
-13
-13
-13
-11
-15
-17
-17
-18
-17
-17
-19
-17
-18
-19
-19
-19
-16
-18
-21
-18
-17
-19
-19
-21
-19
-21
-19
-18
-22
-18
-21
-21
-20
-22
-19
-23
-22
-24
-19
-19
-18
-19
-20
-18
-15
-12
-14
-5
-5
-12
-12
-11
-8
-4
-10
-7
-1
-5
-9
-14
-17
-14
-10
-17
-14
-13
-12
-9
-13
-10
-10
-9
-10
-10
-10
-9
-9
-9
-8
-8
-9
-10
-7
-4
-2
-4
-2
-2
-2
-2
-3
-2
-3
-6
1
-1
2
2
1
9
1
0
-1
-6
-5
-8
1
-7
-9
-2
-3
-3
-3
2
2
2
3
-1
0
2
-1
-2
-3
-4
-2
-1
1
0
0
2
-3
-4
-1
-2
-2
-5
-5
-6
-1
-2
-3
-6
-10
-4
-8
-8
-5
-9
-8
-6
-8
-6
-10
-7
-5
-7
-1
-5
-6
-9
-14
-9
-10
-12
-13
-11
-12
-11
-10
-14
-13
-10
-14
-13
-15
-16
-16
-16
-12
-14
-12
-13
-12
-13
-11
-12
-8
-10
-10
-7
-9
-11
-12
-11
-13
-13
-11
-11
-15
-11
-15
-19
-17
-16
-16
-26
-24
-19
-18
-25
-23
-19
-22
-27
-34
-37
-29
-13
-14
-17
-19
-14
-18
-16
-15
-14
-14
-20
-15
-16
-16
-17
-15
-11
-18
-16
-14
-15
-14
-13
-13
-13
-15
-15
-16
-22
-18
-21
-22
-18
-16
-14
-15
-16
-15
-16
-14
-20
-20
-18
-12
-11
-12
-10
-5
-4
-6
-11
-5
-7
-7
-6
-8
-12
-15
-9
-10
-8
-7
-8
-5
-5
-4
-2
-2
-2
-3
-7
0
0
0
-1
-1
-4
-2
2
1
-2
-2
0
1
-1
2
0
-3
-3
3
2
1
2
1
0
-8
-9
-6
0
1
-3
-1
1
5
4
3
9
0
-1
3
-1
-5
-2
1
-2
-3
-3
-3
-2
-1
-1
-3
-2
-4
-3
1
-2
-3
-5
-5
-6
-3
-2
-3
-2
-3
-1
-4
-5
-4
-3
-6
0
1
2
-3
-1
1
2
7
8
5
0
3
8
6
9
12
13
13
8
8
-4
0
1
4
5
1
2
4
8
5
0
1
3
3
2
8
6
2
2
4
3
3
0
6
8
6
9
7
10
9
4
8
5
5
4
9
11
8
11
9
12
10
7
10
6
5
-1
7
7
-7
7
12
7
10
12
9
10
12
9
7
11
8
6
7
6
7
5
9
9
7
6
6
7
6
7
6
7
5
7
9
7
6
5
3
3
4
5
4
3
6
4
4
2
3
1
7
10
10
7
0
1
-1
2
4
-3
-2
1
1
3
3
2
0
1
2
1
0
-1
-2
-4
-1
-3
-1
-2
-3
-3
-2
0
-1
-2
0
-3
-7
-4
-4
-7
-6
-6
-6
-4
-4
-3
-7
-9
-12
-15
-14
-11
-15
-16
-19
-16
-13
-15
-13
-21
-26
-32
-22
-10
-17
-12
-15
-18
-19
-22
-20
-14
-14
-17
-20
-14
-17
-18
-16
-19
-19
-23
-19
-16
-23
-22
-24
-25
-25
-30
-30
-34
-32
-33
-35
-30
-33
-31
-30
-32
-32
-33
-30
-33
-35
-33
-30
-33
-31
-27
-27
-22
-25
-25
-28
-25
-24
-27
-30
-33
-29
-32
-33
-29
-32
-32
-28
-27
-28
-32
-30
-28
-31
-31
-25
-28
-27
-24
-26
-28
-24
-24
-28
-27
-23
-22
-20
-21
-19
-19
-19
-18
-19
-15
-17
-17
-16
-23
-27
-22
-19
-20
-17
-15
-15
-13
-10
-8
-9
-11
-16
-14
-15
-16
-14
-17
-14
-14
-12
-12
-13
-8
-9
-9
-9
-12
-11
-10
-12
-13
-9
-10
-8
-9
-10
-10
-12
-11
-10
-8
-7
-7
-4
-6
-3
-2
-2
-4
-4
-1
3
3
5
2
-1
3
3
7
4
2
8
7
12
8
3
-5
-6
-2
-5
-4
-6
-6
1
1
-4
-4
-5
1
-5
-1
-1
-3
-3
-3
1
-3
-3
-4
-1
3
1
5
2
2
6
0
1
1
1
3
-1
1
3
1
5
9
6
2
-1
-1
-4
0
4
-7
-6
0
1
-1
4
6
3
6
4
2
6
5
1
3
4
4
1
-1
4
2
0
0
0
3
4
6
3
5
5
6
8
7
5
5
0
3
5
2
7
5
4
2
3
5
4
3
5
10
10
4
4
-1
-2
1
-1
-1
-1
-1
-1
2
-2
-4
-3
1
-1
-1
-1
-3
-1
-2
-1
-2
-3
-4
-6
-4
-5
-1
-2
-3
-7
-5
-5
-8
-4
-6
-6
-5
-7
-8
-8
-8
-13
-14
-15
-17
-14
-7
-9
-13
-14
-16
-12
-20
-22
-28
-24
-23
-21
-9
-15
-18
-13
-13
-16
-15
-14
-14
-15
-16
-14
-11
-11
-18
-10
-15
-19
-16
-18
-14
-16
-17
-15
-18
-20
-18
-18
-19
-21
-21
-19
-19
-17
-16
-16
-18
-19
-20
-21
-20
-22
-20
-17
-21
-19
-15
-15
-10
-16
-12
-12
-19
-15
-16
-18
-25
-22
-20
-21
-21
-20
-19
-18
-15
-14
-16
-18
-15
-20
-20
-19
-17
-16
-19
-22
-22
-20
-18
-20
-19
-22
-22
-19
-18
-20
-20
-20
-22
-17
-16
-18
-18
-20
-18
-16
-25
-29
-25
-23
-21
-19
-16
-14
-17
-15
-16
-19
-18
-15
-17
-19
-19
-17
-15
-15
-16
-17
-15
-14
-10
-11
-12
-13
-14
-12
-14
-14
-16
-16
-16
-14
-14
-18
-13
-15
-15
-10
-13
-12
-13
-11
-10
-6
-3
-6
-6
-4
-1
4
1
-1
0
3
4
4
5
-2
4
6
9
3
0
-3
-3
-1
-5
-4
-6
1
1
-6
-5
-2
-1
-4
-1
2
-1
-1
-1
0
3
0
2
6
7
9
9
8
12
9
6
8
4
3
4
7
7
8
7
8
14
6
6
4
0
4
0
13
-2
-11
5
7
7
8
9
8
7
8
7
7
8
6
5
5
4
9
6
7
5
2
5
2
5
9
9
5
5
8
7
7
8
6
4
2
4
5
3
3
4
2
2
0
1
5
3
10
8
4
-1
4
-1
-5
2
0
0
-3
-3
-2
-2
-2
-2
-3
-3
-2
-1
-2
-4
-4
-7
-6
-5
-3
-5
-8
-5
-4
-7
-4
-6
-8
-5
-8
-9
-6
-7
-8
-9
-8
-10
-6
-9
-9
-12
-15
-15
-18
-14
-10
-11
-17
-16
-15
-12
-20
-22
-20
-22
-8
-5
-12
-8
-7
-5
-4
-5
-5
0
-3
-4
2
1
1
-1
-1
2
-3
-2
-1
-1
1
-5
-2
-2
-6
-6
-7
-7
-6
-10
-8
-8
-6
-3
-5
-2
-10
-7
-6
-7
-8
-10
-3
-6
-4
2
-2
3
-1
-5
-2
-4
-1
-2
-6
-5
-4
-4
-4
-3
-5
-7
-4
-4
-1
-2
-4
-2
-5
-3
-2
-3
-2
-3
-4
-3
-2
-2
-1
-7
-5
-4
-3
-3
-7
-7
-7
-7
-2
-5
-8
-5
-9
-9
-7
-8
-10
-10
-5
-6
1
0
2
-1
1
-2
-4
1
-4
-2
-3
-4
0
-2
0
-3
0
5
3
5
1
2
4
4
4
0
2
2
-1
-2
2
-1
0
2
1
1
-2
0
2
3
1
2
7
4
5
6
12
10
10
16
14
10
11
14
9
10
15
19
12
15
15
4
7
7
8
3
4
7
10
11
5
6
8
7
7
9
11
7
7
11
9
12
12
13
19
17
16
18
19
23
19
17
17
16
15
14
17
15
12
20
20
23
16
18
22
13
11
8
16
15
5
15
17
14
16
16
20
16
20
18
20
21
17
17
18
15
19
20
19
20
15
17
17
17
17
18
16
17
19
17
18
17
14
10
11
10
12
13
11
11
10
10
8
7
9
17
16
9
8
7
6
5
3
3
4
3
6
0
3
5
3
4
2
2
3
0
1
0
-4
-2
-1
-1
2
2
-3
-2
-1
2
2
0
-1
-1
-2
0
0
1
1
0
1
-2
0
-4
-4
-3
-3
-7
-3
-5
-13
-10
-7
1
-2
-3
-5
-10
-12
-16
-5
-5
-5
-2
2
0
-2
-3
-2
-1
0
-3
-2
2
-4
0
-2
-4
-2
-2
2
-2
-1
-1
-2
-1
-7
-6
-7
-6
-7
-12
-9
-8
-8
-5
-9
-8
-6
-11
-7
-9
-10
-9
-7
-6
-8
-6
-4
2
-2
1
-3
-8
-5
-4
-11
-12
-7
-10
-8
-8
-7
-6
-9
-6
-6
-7
-4
-5
-4
-4
-5
-2
-2
-4
-3
-4
0
0
-3
0
-2
-1
-1
3
4
2
0
2
4
4
3
2
4
-1
-3
3
2
3
7
4
8
11
7
9
14
12
5
9
9
6
6
6
9
9
9
9
8
10
10
11
12
11
10
12
10
9
8
8
9
11
7
10
12
8
10
11
10
9
12
10
10
9
18
18
15
18
17
17
16
17
22
22
16
17
20
20
15
21
27
25
18
10
9
12
10
12
10
9
13
12
9
6
13
12
13
14
12
11
10
9
12
11
10
14
14
17
15
18
18
21
22
15
14
16
16
13
18
17
16
18
20
21
16
14
9
8
5
11
17
0
8
17
15
13
14
16
13
17
13
11
15
16
16
13
13
16
13
17
19
19
17
14
15
13
15
14
14
15
16
15
16
17
12
13
11
16
13
14
14
12
15
15
12
17
19
17
13
13
16
10
9
8
7
6
11
7
12
5
9
12
7
10
8
8
9
10
3
4
4
2
4
4
7
5
4
7
7
12
10
7
7
6
5
4
5
3
6
5
5
5
5
1
-1
-1
0
-5
-10
-5
-4
-4
-10
-7
-5
-6
-14
-13
-12
-13
-4
-1
-8
-4
-3
-7
-7
-10
-3
-2
-5
-4
-7
-2
-10
-9
-3
-8
-9
-8
-7
-8
-9
-11
-10
-14
-14
-18
-17
-15
-18
-18
-19
-16
-18
-16
-15
-17
-17
-18
-20
-18
-23
-23
-18
-20
-12
-16
-14
-10
-13
-7
-10
-10
-13
-14
-14
-14
-11
-17
-13
-13
-15
-13
-10
-10
-10
-10
-9
-9
-12
-10
-7
-6
-8
-4
-8
-8
-5
-6
-7
-9
-7
-2
-5
-3
0
-3
-1
-1
1
3
1
-3
-9
-7
-5
-1
0
0
2
4
6
2
4
6
5
3
1
-2
-1
-1
-2
0
0
4
6
0
1
1
2
3
3
4
0
5
2
0
3
-1
0
-1
1
-1
-1
0
-2
-1
1
-1
0
2
0
2
6
9
3
-1
6
6
9
9
8
10
8
8
8
11
17
18
11
9
2
-1
2
1
1
-1
3
3
6
5
3
3
5
2
-1
4
4
1
3
-1
3
6
4
4
3
8
8
8
9
7
10
9
5
5
3
4
6
4
5
4
10
10
0
-1
-4
-2
-3
0
7
-4
-10
5
5
2
4
5
3
5
5
2
4
3
2
5
3
5
2
4
7
3
5
0
-1
1
3
4
3
1
1
5
8
4
1
0
-1
-1
-1
1
-2
0
-1
-6
-4
1
5
4
-6
-5
0
-4
-4
-6
-12
-8
-7
-8
-9
-9
-6
-8
-6
-8
-7
-12
-13
-9
-10
-10
-14
-8
-6
-10
-10
-12
-10
-11
-10
-11
-9
-9
-11
-12
-11
-11
-12
-12
-12
-14
-13
-12
-12
-12
-18
-16
-13
-14
-17
-22
-18
-21
-19
-22
-19
-15
-22
-30
-33
-26
-17
-18
-19
-16
-16
-20
-17
-13
-14
-13
-16
-18
-15
-18
-17
-15
-15
-17
-20
-14
-18
-15
-16
-19
-17
-19
-21
-21
-24
-24
-28
-27
-25
-24
-19
-21
-21
-22
-24
-26
-27
-26
-27
-27
-23
-24
-21
-20
-18
-14
-19
-15
-25
-23
-19
-25
-27
-28
-23
-26
-29
-27
-27
-25
-24
-22
-21
-23
-23
-22
-24
-23
-21
-21
-22
-20
-22
-21
-20
-19
-21
-21
-23
-21
-18
-12
-15
-19
-17
-14
-14
-14
-13
-13
-10
-12
-17
-21
-19
-13
-10
-11
-9
-9
-9
-6
-7
-14
-11
-9
-8
-11
-15
-10
-12
-13
-11
-11
-12
-9
-11
-10
-11
-15
-12
-13
-14
-16
-12
-15
-15
-15
-16
-15
-14
-18
-17
-14
-16
-15
-16
-16
-13
-14
-12
-14
-13
-9
-12
-6
-4
-3
-8
-6
-5
-10
-7
-4
0
1
2
-4
-12
-13
-9
-8
-8
-10
-9
-9
-8
-5
-9
-8
-9
-8
-9
-10
-6
-8
-5
0
-7
-5
-3
0
-1
0
4
2
5
5
2
-2
2
0
-1
-2
4
0
2
4
1
3
-1
0
-6
-7
-10
-2
-5
-12
-6
1
0
-5
1
-3
0
-3
-2
0
-4
0
-4
-5
-4
-6
-4
-4
-2
-5
-2
-5
-8
-6
-8
-9
-9
-9
-10
-7
-7
-6
-10
-10
-11
-11
-8
-13
-13
-12
-13
-14
-18
-9
-6
-13
-15
-12
-9
-14
-14
-13
-23
-16
-19
-19
-16
-22
-18
-17
-17
-19
-18
-17
-19
-21
-20
-23
-20
-20
-21
-20
-17
-20
-20
-16
-17
-20
-17
-19
-20
-18
-19
-15
-18
-20
-21
-21
-21
-22
-22
-19
-22
-24
-24
-26
-23
-26
-27
-25
-23
-27
-28
-26
-31
-37
-32
-31
-21
-23
-24
-18
-25
-22
-24
-22
-16
-17
-20
-23
-18
-20
-24
-18
-21
-23
-24
-21
-18
-23
-22
-21
-20
-19
-26
-23
-27
-24
-21
-29
-20
-22
-22
-19
-20
-19
-25
-22
-24
-23
-22
-22
-20
-19
-15
-16
-14
-14
-14
-11
-11
-15
-13
-15
-16
-17
-17
-17
-17
-15
-18
-13
-11
-13
-13
-14
-12
-13
-15
-12
-11
-8
-10
-13
-14
-14
-12
-15
-14
-16
-15
-13
-13
-10
-13
-9
-14
-13
-11
-11
-11
-13
-13
-19
-23
-24
-17
-14
-14
-16
-14
-12
-9
-10
-12
-11
-14
-20
-20
-19
-19
-17
-17
-15
-20
-15
-14
-14
-14
-14
-14
-16
-18
-11
-15
-15
-17
-17
-16
-16
-12
-11
-12
-13
-13
-15
-14
-10
-8
-12
-13
-6
-5
-5
-8
-1
5
4
2
-3
4
2
3
8
6
1
3
13
12
5
-2
-3
-3
-1
0
-1
-2
-1
5
1
-3
-3
2
-1
1
2
3
3
-1
3
5
4
4
4
7
6
9
9
8
12
6
5
8
6
6
8
8
8
9
6
10
8
6
3
-2
0
-3
5
10
-6
-3
9
7
7
9
10
11
11
8
7
9
10
8
6
9
5
5
8
9
11
9
7
8
9
9
8
8
11
13
13
11
10
11
7
7
9
9
8
6
8
7
6
8
6
12
8
5
10
11
4
3
5
-1
6
2
1
0
-1
3
0
-1
-2
0
-4
0
-2
-1
-2
-2
0
-2
-1
-3
0
2
0
-1
0
-1
-1
1
0
-2
1
-1
0
1
-2
-5
-2
-3
-6
-8
-7
-3
-11
-11
-7
-7
-9
-12
-10
-7
-15
-23
-16
-15
-15
-7
-4
-6
-6
-9
-9
-6
-8
-3
-2
-8
-6
-6
-8
-8
-8
-5
-8
-9
-5
-4
-5
-6
-5
-7
-3
-7
-6
-8
-12
-9
-10
-9
-7
-7
-6
-9
-12
-9
-12
-10
-10
-14
-4
-6
-9
-1
-4
2
2
-1
-1
-5
6
2
-6
-9
-5
-3
-8
0
1
-4
-2
-1
2
4
2
4
0
3
5
1
5
4
4
4
2
3
4
-1
3
4
4
7
8
9
7
6
6
11
7
11
7
4
3
3
8
9
9
8
11
16
17
16
17
13
10
17
15
12
11
9
14
14
16
16
16
15
17
15
15
16
13
16
16
14
12
12
12
14
11
11
13
13
15
14
15
14
14
15
15
14
12
16
18
17
17
20
24
20
18
19
24
19
20
23
20
18
23
23
21
14
14
13
12
15
12
11
17
18
13
14
13
15
14
10
15
11
10
15
12
14
13
14
15
16
20
17
21
19
19
20
20
18
17
19
20
19
21
24
21
29
20
17
19
15
14
12
26
15
10
22
21
16
17
21
22
21
20
18
19
16
16
19
17
15
14
16
15
17
16
14
16
14
15
17
16
15
