-10
-9
-9
-9
-9
-7
-13
-12
-13
-10
-12
-13
-9
-9
-7
-10
-7
-10
-7
-5
-8
-6
-6
-9
-9
-7
-11
-9
-9
-9
-11
-7
-8
-8
-8
-10
-7
-7
-4
-7
-9
-8
-7
-8
-8
-7
-11
-10
-9
-6
-9
-7
-10
-8
-8
-7
-5
-10
-5
-7
-5
-6
-6
-7
-9
-9
-7
-9
-8
-9
-5
0
-5
-8
-8
-8
-9
-9
-14
-11
-9
-10
-12
-9
-10
-14
-10
-7
-9
-10
-10
-13
-10
-10
-9
-9
-6
-10
-9
-7
-5
-6
-7
-8
-10
-11
-9
-10
-9
-9
-8
-7
-11
-12
-9
-11
-10
-13
-10
-9
-12
-12
-14
-9
-13
-14
-16
-10
-8
-10
-5
-5
-8
-9
-7
-10
-9
-10
-11
-10
-10
-11
-12
-11
-8
-9
-12
-9
-8
-12
-13
-11
-12
-12
-10
-15
-17
-14
-17
-16
-15
-17
-16
-16
-15
-14
-15
-16
-14
-13
-14
-17
-17
-15
-17
-18
-18
-18
-18
-18
-14
-15
-16
-15
-18
-18
-17
-15
-15
-17
-15
-18
-20
-18
-20
-17
-19
-15
-15
-16
-18
-16
-16
-17
-17
-19
-20
-19
-19
-20
-22
-20
-21
-23
-23
-23
-23
-25
-27
-24
-27
-27
-24
-22
-25
-24
-24
-25
-23
-26
-30
-34
-31
-27
-27
-24
-26
-25
-24
-27
-26
-24
-26
-27
-23
-23
-22
-23
-27
-25
-23
-22
-21
-22
-23
-22
-26
-26
-24
-28
-27
-26
-25
-26
-27
-28
-26
-27
-25
-27
-30
-30
-29
-25
-25
-23
-22
-26
-28
-24
-25
-27
-24
-28
-28
-20
-23
-25
-25
-28
-26
-26
-28
-27
-27
-22
-23
-23
-25
-22
-24
-25
-22
-24
-25
-22
-22
-23
-22
-26
-22
-23
-23
-20
-18
-18
-18
-17
-19
-18
-21
-18
-17
-17
-15
-13
-14
-14
-15
-13
-15
-14
-14
-14
-15
-12
-12
-12
-12
-13
-12
-12
-12
-10
-12
-15
-12
-14
-12
-13
-12
-10
-11
-12
-14
-14
-13
-14
-14
-13
-13
-12
-15
-14
-15
-14
-14
-15
-15
-14
-13
-11
-14
-16
-14
-13
-14
-7
-7
-8
-8
-7
-10
-10
-10
-11
-10
-10
-11
-11
-10
-5
-8
-12
-8
-11
-16
-16
-15
-15
-14
-16
-17
-13
-16
-16
-15
-15
-13
-13
-16
-16
-13
-15
-15
-12
-14
-10
-10
-5
-8
-11
-12
-12
-13
-11
-13
-14
-14
-14
-10
-12
-11
-13
-16
-15
-16
-15
-14
-10
-12
-14
-11
-12
-12
-17
-17
-13
-11
-13
-10
-10
-11
-10
-14
-13
-12
-11
-9
-9
-8
-13
-12
-11
-12
-15
-14
-12
-12
-9
-10
-10
-11
-13
-16
-13
-14
-14
-14
-13
-12
-16
-15
-19
-17
-15
-16
-15
-15
-14
-17
-16
-15
-14
-18
-15
-16
-19
-20
-19
-19
-17
-18
-17
-15
-17
-19
-19
-18
-16
-14
-19
-17
-17
-21
-20
-17
-18
-17
-16
-19
-18
-18
-18
-17
-20
-19
-19
-20
-19
-20
-20
-19
-22
-22
-21
-26
-24
-26
-26
-27
-24
-25
-27
-26
-24
-26
-24
-25
-24
-27
-31
-24
-27
-26
-27
-25
-21
-24
-22
-24
-22
-25
-25
-20
-24
-26
-25
-27
-26
-26
-25
-28
-28
-32
-32
-31
-32
-31
-35
-34
-33
-34
-31
-30
-30
-34
-34
-33
-34
-35
-35
-35
-32
-33
-35
-37
-33
-31
-35
-34
-34
-32
-35
-33
-35
-31
-29
-33
-35
-35
-32
-31
-33
-32
-31
-32
-30
-32
-31
-31
-31
-31
-32
-31
-31
-31
-31
-31
-35
-32
-34
-32
-32
-31
-29
-28
-31
-29
-27
-28
-29
-28
-28
-26
-24
-27
-25
-24
-24
-26
-27
-26
-28
-26
-24
-25
-22
-25
-24
-23
-27
-26
-28
-26
-24
-24
-21
-21
-25
-27
-26
-25
-22
-21
-21
-20
-23
-24
-25
-22
-21
-23
-19
-21
-19
-22
-24
-22
-23
-22
-20
-19
-17
-20
-21
-16
-17
-15
-15
-12
-11
-14
-13
-16
-14
-14
-16
-15
-15
-9
-9
-16
-13
-17
-15
-17
-22
-18
-18
-17
-21
-16
-15
-19
-18
-20
-21
-20
-20
-21
-22
-18
-18
-20
-16
-16
-14
-14
-13
-14
-15
-13
-15
-16
-17
-16
-18
-18
-15
-16
-13
-15
-18
-15
-17
-20
-17
-17
-17
-17
-20
-18
-17
-21
-24
-25
-22
-21
-18
-19
-20
-18
-20
-22
-20
-20
-21
-21
-20
-22
-23
-22
-21
-22
-24
-22
-21
-21
-19
-21
-20
-22
-23
-24
-23
-24
-26
-26
-22
-25
-24
-24
-23
-26
-28
-24
-23
-24
-24
-24
-26
-23
-23
-25
-26
-27
-27
-30
-29
-23
-26
-25
-26
-26
-27
-25
-24
-24
-25
-24
-25
-27
-25
-25
-23
-23
-24
-22
-24
-24
-26
-22
-23
-24
-25
-25
-29
-27
-23
-27
-25
-26
-26
-25
-25
-27
-32
-33
-30
-34
-33
-32
-33
-30
-31
-31
-28
-30
-31
-36
-35
-31
-30
-27
-31
-34
-30
-27
-29
-28
-29
-30
-29
-29
-31
-34
-32
-33
-34
-32
-30
-31
-32
-33
-31
-32
-36
-37
-36
-35
-37
-36
-34
-35
-34
-36
-37
-37
-38
-36
-38
-35
-31
-35
-33
-34
-38
-34
-33
-33
-35
-37
-38
-36
-33
-34
-33
-35
-37
-37
-36
-37
-38
-34
-33
-34
-33
-33
-36
-38
-35
-34
-33
-32
-30
-29
-32
-33
-32
-33
-34
-32
-31
-32
-29
-29
-30
-28
-25
-29
-28
-25
-27
-27
-25
-26
-25
-27
-24
-26
-27
-26
-25
-23
-25
-23
-25
-22
-22
-22
-24
-26
-23
-24
-24
-24
-25
-24
-23
-21
-22
-22
-20
-18
-19
-22
-21
-22
-22
-22
-22
-21
-24
-20
-20
-20
-20
-20
-20
-19
-19
-18
-16
-18
-15
-12
-13
-13
-9
-9
-13
-11
-10
-13
-10
-10
-12
-10
-10
-4
-8
-11
-5
-9
-11
-12
-14
-12
-14
-8
-15
-11
-11
-11
-13
-9
-11
-8
7
7
22
28
42
57
76
84
93
110
126
130
134
140
145
148
143
132
119
118
106
90
62
47
36
18
-4
-26
-40
-56
-64
-82
-98
-110
-111
-129
-141
-147
-149
-153
-161
-166
-168
-164
-164
-160
-161
-152
-140
-124
-109
-90
-73
-45
-21
14
44
75
116
172
226
280
337
387
442
489
522
539
551
554
538
502
451
390
324
242
149
51
-45
-136
-227
-322
-406
-471
-526
-574
-614
-639
-650
-649
-645
-640
-621
-601
-584
-576
-561
-549
-539
-522
-512
-498
-476
-453
-422
-377
-328
-268
-199
-117
-32
61
158
255
357
451
530
600
666
717
759
770
770
761
744
712
668
616
566
522
475
422
381
357
336
315
299
292
288
284
274
247
225
205
165
113
47
-11
-73
-145
-224
-315
-398
-480
-562
-647
-737
-814
-891
-963
-1031
-1097
-1158
-1207
-1258
-1257
-1263
-1239
-1198
-1140
-1047
-924
-783
-658
-504
-328
-141
23
195
349
512
654
767
837
911
972
1008
995
952
921
883
827
729
637
558
490
415
323
228
180
135
76
6
-39
-65
-106
-160
-220
-261
-302
-353
-426
-488
-545
-590
-638
-690
-726
-714
-696
-666
-603
-528
-405
-271
-117
32
207
393
574
740
902
1054
1182
1289
1366
1403
1409
1394
1346
1267
1147
1023
872
716
540
357
168
-10
-173
-344
-512
-656
-785
-910
-1030
-1156
-1254
-1358
-1446
-1553
-1629
-1675
-1711
-1726
-1749
-1734
-1658
-1555
-1460
-1345
-1190
-988
-780
-568
-364
-124
129
371
568
751
942
1111
1247
1309
1368
1410
1442
1423
1358
1276
1204
1126
1014
877
753
647
533
414
288
185
109
31
-55
-132
-193
-234
-285
-351
-406
-451
-483
-519
-561
-575
-577
-558
-521
-493
-431
-339
-222
-109
18
173
335
491
647
780
905
1017
1104
1143
1152
1143
1098
1018
885
737
559
362
145
-92
-346
-599
-817
-1053
-1278
-1475
-1629
-1744
-1814
-1861
-1865
-1835
-1744
-1620
-1480
-1325
-1155
-951
-764
-579
-415
-240
-83
65
176
264
347
442
508
547
573
616
668
715
743
759
805
856
908
926
936
965
989
982
943
891
840
774
672
547
407
282
154
2
-157
-295
-411
-511
-602
-668
-710
-704
-678
-633
-563
-458
-325
-176
-29
129
291
448
603
721
823
907
979
1008
1002
963
919
840
737
614
471
322
170
14
-162
-322
-485
-646
-813
-968
-1126
-1256
-1378
-1477
-1551
-1612
-1637
-1639
-1612
-1563
-1478
-1381
-1252
-1115
-945
-770
-583
-384
-176
15
197
361
508
653
756
872
952
1028
1088
1129
1146
1144
1145
1138
1124
1098
1052
1013
977
919
856
778
714
647
566
468
377
286
202
110
6
-81
-166
-239
-288
-352
-382
-391
-394
-368
-320
-249
-166
-63
59
190
333
482
613
739
846
951
1013
1062
1067
1062
1008
931
833
691
533
362
176
-35
-237
-460
-672
-900
-1100
-1310
-1497
-1661
-1807
-1908
-1987
-2028
-2032
-2002
-1934
-1819
-1691
-1537
-1366
-1157
-945
-730
-517
-307
-105
85
260
392
526
634
737
811
857
898
939
966
976
976
973
971
970
952
908
883
850
809
746
681
605
523
431
326
219
110
0
-115
-227
-332
-409
-478
-537
-578
-591
-582
-551
-500
-432
-344
-223
-83
55
204
367
521
672
808
915
1008
1085
1121
1127
1095
1043
956
832
684
513
315
112
-101
-339
-585
-834
-1065
-1289
-1507
-1703
-1882
-2017
-2086
-2140
-2168
-2150
-2088
-1974
-1827
-1665
-1475
-1257
-1019
-772
-541
-310
-85
135
333
481
613
741
847
940
990
1024
1064
1104
1133
1127
1120
1125
1128
1119
1082
1045
1020
985
936
861
778
704
629
520
396
270
160
49
-82
-204
-316
-402
-463
-524
-562
-569
-538
-493
-431
-329
-209
-50
113
282
454
627
805
962
1081
1179
1258
1308
1319
1274
1202
1102
969
799
602
376
146
-97
-364
-642
-917
-1162
-1412
-1633
-1842
-2024
-2122
-2181
-2217
-2214
-2176
-2074
-1925
-1767
-1585
-1378
-1135
-875
-633
-406
-174
52
264
435
553
687
809
917
988
1022
1070
1124
1170
1180
1175
1182
1206
1223
1208
1173
1159
1139
1103
1034
946
864
784
679
535
392
261
139
2
-141
-273
-377
-449
-506
-561
-577
-554
-497
-418
-319
-194
-42
135
312
479
650
821
977
1097
1191
1254
1288
1291
1245
1156
1023
889
709
506
261
9
-244
-531
-823
-1099
-1366
-1612
-1831
-2033
-2190
-2277
-2317
-2339
-2313
-2257
-2127
-1963
-1778
-1586
-1365
-1106
-841
-597
-363
-137
99
309
473
605
737
865
966
1036
1065
1112
1174
1217
1225
1223
1227
1247
1250
1221
1176
1149
1120
1071
992
893
809
720
598
451
307
179
57
-83
-227
-355
-451
-522
-566
-620
-633
-588
-521
-418
-314
-172
4
194
386
566
734
924
1091
1208
1291
1350
1380
1369
1302
1188
1050
868
671
426
145
-154
-448
-764
-1087
-1397
-1681
-1937
-2154
-2340
-2445
-2504
-2519
-2471
-2411
-2287
-2102
-1889
-1682
-1443
-1183
-894
-631
-381
-144
82
291
471
602
722
844
942
1019
1052
1104
1163
1218
1239
1255
1270
1296
1325
1326
1297
1276
1259
1212
1134
1027
928
827
705
549
397
243
103
-43
-212
-353
-463
-535
-601
-655
-663
-629
-555
-456
-343
-196
-27
176
374
566
750
937
1107
1229
1322
1381
1415
1403
1343
1221
1081
899
688
423
136
-181
-498
-824
-1159
-1476
-1777
-2041
-2274
-2431
-2544
-2601
-2591
-2538
-2446
-2279
-2071
-1846
-1600
-1339
-1046
-754
-476
-223
20
237
425
571
684
784
880
959
991
1022
1059
1110
1142
1162
1175
1205
1255
1289
1290
1285
1287
1279
1247
1171
1085
995
890
745
575
398
233
77
-109
-275
-420
-537
-598
-673
-719
-705
-639
-524
-408
-256
-69
139
372
584
778
969
1151
1294
1393
1439
1457
1442
1361
1229
1054
841
610
333
23
-331
-677
-999
-1337
-1664
-1964
-2224
-2437
-2555
-2631
-2667
-2644
-2565
-2432
-2246
-2033
-1800
-1544
-1271
-977
-707
-441
-195
51
264
432
568
696
808
903
974
1001
1043
1101
1162
1190
1210
1235
1285
1326
1342
1333
1325
1317
1301
1251
1152
1057
956
831
667
487
309
146
-27
-201
-388
-523
-602
-681
-738
-756
-729
-624
-472
-336
-155
58
307
547
764
970
1168
1340
1473
1544
1565
1562
1503
1392
1210
977
732
460
120
-239
-627
-998
-1354
-1686
-2017
-2314
-2536
-2685
-2746
-2793
-2772
-2702
-2562
-2378
-2146
-1914
-1663
-1380
-1090
-810
-554
-298
-57
172
351
503
616
754
865
960
1006
1049
1123
1206
1266
1294
1332
1375
1446
1480
1483
1457
1458
1440
1385
1290
1178
1071
945
782
585
387
207
38
-157
-342
-502
-598
-664
-724
-756
-733
-652
-519
-381
-226
-35
182
426
647
838
1025
1204
1350
1445
1475
1487
1456
1373
1229
1019
796
539
233
-118
-506
-875
-1220
-1559
-1890
-2187
-2429
-2573
-2653
-2707
-2696
-2638
-2507
-2321
-2109
-1880
-1627
-1343
-1045
-776
-513
-252
-2
233
423
571
708
844
954
1037
1074
1118
1181
1245
1288
1309
1336
1379
1433
1469
1471
1469
1483
1471
1432
1355
1274
1180
1056
891
716
535
362
193
-6
-188
-344
-445
-535
-601
-630
-611
-546
-427
-296
-142
48
267
493
697
896
1079
1251
1369
1449
1482
1479
1421
1314
1127
904
644
341
-8
-406
-808
-1186
-1549
-1899
-2205
-2479
-2642
-2729
-2782
-2772
-2709
-2575
-2367
-2126
-1873
-1605
-1302
-974
-678
-406
-149
103
339
527
659
771
880
973
1041
1054
1064
1104
1158
1191
1204
1225
1267
1340
1394
1405
1420
1449
1467
1462
1397
1316
1245
1146
992
804
605
418
249
37
-181
-370
-509
-605
-694
-761
-776
-700
-578
-453
-294
-96
144
405
639
844
1045
1242
1396
1476
1502
1485
1434
1312
1106
838
539
193
-192
-623
-1074
-1506
-1877
-2250
-2580
-2839
-3000
-3056
-3076
-3027
-2935
-2750
-2503
-2215
-1948
-1658
-1335
-996
-702
-451
-211
19
224
377
471
539
624
683
729
706
716
754
812
847
871
919
996
1092
1160
1209
1239
1300
1331
1323
1255
1188
1103
1006
832
628
423
204
1
-223
-451
-657
-770
-885
-952
-993
-956
-854
-707
-538
-338
-114
155
426
652
864
1041
1220
1322
1353
1324
1265
1122
931
659
316
-68
-473
-918
-1389
-1840
-2243
-2592
-2908
-3143
-3270
-3315
-3305
-3199
-3058
-2835
-2528
-2195
-1868
-1527
-1173
-800
-474
-195
62
299
506
650
742
796
856
901
922
882
868
906
949
970
992
1033
1112
1213
1288
1334
1374
1437
1483
1482
1416
1355
1272
1152
987
793
577
375
164
-82
-320
-523
-665
-776
-873
-922
-893
-808
-664
-507
-315
-84
181
451
689
895
1099
1275
1386
1430
1411
1342
1218
1012
737
394
7
-406
-866
-1328
-1788
-2192
-2558
-2868
-3106
-3221
-3269
-3239
-3131
-2971
-2720
-2402
-2043
-1703
-1341
-968
-588
-262
27
270
507
691
816
891
939
973
1005
1009
953
945
956
998
1019
1043
1096
1197
1305
1393
1459
1522
1601
1662
1676
1630
1579
1497
1387
1209
1000
771
555
318
74
-166
-380
-512
-623
-690
-716
-659
-542
-367
-177
44
295
573
850
1074
1269
1441
1581
1645
1635
1552
1423
1202
931
558
128
-334
-820
-1300
-1800
-2242
-2638
-2955
-3205
-3333
-3388
-3357
-3225
-3043
-2772
-2443
-2072
-1692
-1308
-925
-521
-174
147
419
657
857
986
1071
1118
1142
1147
1143
1088
1069
1070
1098
1117
1140
1186
1271
1373
1464
1535
1597
1675
1728
1750
1701
1651
1567
1447
1276
1055
823
595
366
96
-156
-378
-528
-638
-721
-755
-713
-580
-402
-193
32
308
605
905
1152
1375
1562
1727
1812
1823
1751
1618
1431
1153
792
335
-124
-637
-1133
-1668
-2139
-2564
-2899
-3171
-3334
-3382
-3382
-3247
-3084
-2824
-2518
-2129
-1763
-1374
-1007
-614
-256
55
331
553
756
878
984
1014
1056
1049
1078
1029
1000
1001
1031
1064
1089
1136
1204
1328
1419
1508
1554
1625
1675
1720
1669
1602
1515
1393
1222
1003
763
507
277
10
-241
-498
-664
-791
-873
-914
-880
-770
-586
-371
-129
147
432
754
1026
1261
1442
1616
1719
1742
1678
1538
1337
1062
682
219
-302
-829
-1357
-1904
-2409
-2875
-3226
-3510
-3650
-3715
-3701
-3573
-3385
-3109
-2777
-2395
-2014
-1612
-1206
-810
-448
-127
150
398
583
723
803
858
890
894
904
855
850
868
904
939
980
1047
1148
1273
1380
1472
1553
1644
1707
1733
1697
1628
1544
1412
1229
1001
746
476
212
-90
-334
-573
-755
-852
-934
-927
-863
-698
-496
-236
35
361
680
1018
1317
1559
1768
1927
2014
1999
1908
1727
1492
1137
736
220
-308
-868
-1411
-1950
-2443
-2865
-3203
-3427
-3524
-3533
-3478
-3284
-3071
-2749
-2386
-1988
-1611
-1201
-812
-422
-81
203
452
660
836
934
988
1009
1041
1050
1052
1003
1020
1065
1137
1193
1255
1348
1483
1633
1734
1829
1906
2002
2046
2035
1958
1859
1739
1566
1330
1066
789
511
245
-62
-329
-553
-693
-792
-843
-830
-746
-566
-341
-95
166
480
786
1098
1350
1555
1728
1863
1905
1852
1715
1517
1262
893
443
-86
-629
-1179
-1721
-2275
-2765
-3177
-3495
-3715
-3797
-3810
-3725
-3523
-3278
-2952
-2581
-2168
-1787
-1380
-1001
-630
-298
-20
215
415
570
668
733
767
796
816
828
798
833
886
964
1034
1114
1213
1348
1494
1597
1689
1752
1818
1849
1825
1725
1621
1472
1267
1024
750
452
169
-101
-403
-651
-863
-990
-1061
-1076
-1046
-930
-724
-489
-214
63
365
675
986
1219
1413
1556
1655
1669
1593
1420
1183
884
485
17
-531
-1047
-1583
-2075
-2580
-3004
-3358
-3608
-3750
-3764
-3722
-3602
-3355
-3092
-2738
-2357
-1950
-1577
-1156
-776
-390
-71
231
488
717
885
997
1099
1155
1225
1259
1292
1274
1339
1395
1472
1529
1601
1683
1800
1901
1962
2011
2026
2056
2031
1967
1829
1700
1516
1302
1042
759
458
194
-100
-396
-638
-847
-952
-1016
-1044
-1031
-912
-735
-500
-263
-5
279
595
891
1124
1309
1457
1549
1567
1499
1332
1135
867
497
49
-434
-941
-1409
-1884
-2349
-2756
-3080
-3298
-3432
-3466
-3444
-3330
-3140
-2915
-2625
-2263
-1880
-1515
-1137
-781
-424
-87
196
441
665
847
994
1098
1171
1241
1302
1350
1356
1402
1450
1513
1567
1614
1656
1727
1810
1852
1872
1859
1849
1818
1746
1606
1460
1251
997
717
375
26
-297
-601
-903
-1166
-1394
-1513
-1563
-1567
-1502
-1366
-1169
-895
-607
-322
-13
306
616
863
1074
1233
1357
1406
1375
1238
1045
794
446
46
-440
-925
-1376
-1808
-2286
-2654
-2990
-3236
-3369
-3401
-3374
-3290
-3098
-2899
-2616
-2319
-1941
-1598
-1215
-862
-476
-120
185
473
733
945
1095
1251
1324
1417
1474
1549
1551
1598
1643
1716
1777
1814
1866
1926
2005
2038
2071
2029
2005
1956
1878
1718
1546
1344
1103
823
491
150
-194
-481
-785
-1063
-1303
-1449
-1541
-1546
-1501
-1422
-1213
-953
-651
-361
-31
295
651
949
1197
1402
1562
1670
1688
1618
1453
1256
965
602
142
-312
-796
-1251
-1698
-2145
-2508
-2768
-2951
-3095
-3097
-3053
-2949
-2789
-2592
-2354
-2028
-1685
-1368
-1020
-689
-344
1
306
558
816
1031
1221
1374
1486
1595
1705
1807
1846
1904
1959
2027
2064
2087
2064
2069
2091
2064
2007
1908
1811
1717
1600
1398
1186
950
715
454
174
-115
-357
-547
-748
-927
-1071
-1127
-1124
-1061
-996
-875
-656
-407
-152
100
368
648
947
1195
1381
1524
1649
1701
1675
1554
1345
1110
788
378
-94
-546
-1011
-1415
-1826
-2216
-2512
-2727
-2858
-2951
-2907
-2856
-2736
-2554
-2349
-2103
-1770
-1434
-1114
-749
-422
-57
299
619
874
1161
1396
1619
1787
1911
2021
2127
2217
2220
2248
2247
2262
2229
2180
2062
1988
1934
1813
1645
1466
1304
1143
947
674
425
162
-71
-365
-670
-964
-1217
-1421
-1626
-1805
-1931
-1977
-1964
-1881
-1811
-1648
-1417
-1133
-826
-526
-211
115
456
731
962
1153
1332
1429
1450
1365
1199
992
702
297
-153
-614
-1081
-1493
-1940
-2340
-2676
-2905
-3082
-3194
-3192
-3132
-2995
-2812
-2613
-2382
-2019
-1654
-1292
-904
-530
-122
286
630
937
1240
1515
1774
1962
2113
2247
2385
2474
2486
2471
2444
2372
2270
2164
2025
1968
1923
1872
1804
1705
1605
1499
1331
1107
849
558
281
-53
-403
-781
-1099
-1371
-1642
-1900
-2071
-2160
-2145
-2088
-2040
-1872
-1629
-1308
-972
-672
-352
7
339
633
853
1030
1196
1270
1273
1164
980
780
481
80
-376
-855
-1283
-1672
-2112
-2458
-2754
-2974
-3085
-3144
-3103
-3024
-2868
-2662
-2453
-2206
-1844
-1519
-1162
-790
-456
-69
293
618
920
1203
1458
1732
1892
2044
2154
2256
2365
2407
2439
2490
2530
2573
2555
2446
2392
2261
2111
1898
1632
1411
1196
925
604
255
-71
-401
-776
-1130
-1501
-1769
-1992
-2257
-2452
-2563
-2579
-2485
-2381
-2266
-2023
-1748
-1407
-1081
-770
-439
-102
242
522
707
898
1046
1096
1095
949
779
557
247
-155
-588
-1077
-1470
-1854
-2251
-2565
-2816
-2981
-3117
-3152
-3142
-3084
-2960
-2766
-2590
-2334
-2010
-1690
-1362
-1027
-684
-322
7
279
545
776
989
1177
1314
1407
1505
1607
1643
1646
1663
1695
1712
1713
1692
1654
1675
1692
1688
1628
1536
1474
1394
1231
1016
796
578
334
75
-217
-524
-767
-965
-1201
-1395
-1491
-1525
-1459
-1369
-1265
-1069
-776
-484
-179
81
387
706
1027
1253
1414
1575
1673
1710
1650
1511
1278
1052
701
281
-207
-657
-1074
-1500
-1898
-2241
-2507
-2689
-2794
-2847
-2778
-2720
-2549
-2349
-2144
-1833
-1465
-1139
-771
-419
-60
326
650
977
1234
1475
1700
1839
1920
1978
1998
2021
1986
1929
1907
1888
1874
1864
1791
1769
1754
1709
1636
1482
1375
1250
1079
888
604
328
88
-229
-535
-862
-1187
-1387
-1595
-1802
-1921
-1965
-1923
-1870
-1793
-1648
-1448
-1137
-819
-554
-212
123
464
796
1007
1192
1379
1460
1478
1388
1219
1005
705
347
-127
-604
-992
-1415
-1812
-2148
-2486
-2681
-2802
-2898
-2863
-2795
-2681
-2482
-2296
-2052
-1725
-1371
-1026
-687
-313
82
431
807
1123
1405
1745
2017
2240
2435
2572
2687
2746
2666
2581
2437
2257
2080
1882
1707
1580
1495
1372
1150
927
762
538
314
38
-262
-528
-785
-1047
-1344
-1632
-1836
-1999
-2172
-2310
-2395
-2382
-2306
-2212
-2063
-1884
-1615
-1273
-966
-658
-298
56
422
714
920
1118
1255
1349
1339
1235
1087
898
616
269
-159
-562
-920
-1301
-1653
-1988
-2243
-2413
-2532
-2606
-2577
-2504
-2343
-2157
-1956
-1689
-1346
-985
-647
-279
101
513
884
1240
1519
1772
1994
2184
2310
2405
2494
2569
2612
2591
2583
2515
2470
2347
2208
2097
2053
2015
1940
1843
1718
1603
1459
1307
1056
803
596
371
111
-154
-427
-643
-840
-1057
-1227
-1363
-1370
-1335
-1292
-1213
-1059
-814
-505
-243
25
339
645
974
1202
1376
1527
1638
1684
1632
1482
1294
1050
733
327
-154
-580
-1008
-1432
-1810
-2183
-2470
-2642
-2795
-2872
-2848
-2782
-2634
-2464
-2251
-1974
-1609
-1245
-904
-541
-152
235
588
920
1175
1462
1720
1886
1964
2020
2041
2068
2032
1930
1845
1790
1736
1637
1559
1473
1429
1338
1199
991
792
618
436
231
-47
-302
-533
-771
-1052
-1305
-1544
-1724
-1897
-2086
-2257
-2355
-2327
-2272
-2196
-2086
-1895
-1608
-1266
-993
-693
-334
24
357
604
810
997
1144
1206
1145
1015
854
611
297
-123
-584
-1007
-1404
-1785
-2167
-2493
-2703
-2869
-3008
-3070
-3071
-2980
-2848
-2711
-2524
-2281
-1918
-1533
-1230
-879
-494
-102
292
619
907
1233
1517
1797
1984
2134
2317
2450
2511
2444
2308
2210
2086
1903
1782
1611
1530
1506
1432
1309
1155
1080
979
775
538
282
42
-163
-448
-745
-1029
-1249
-1413
-1636
-1866
-1967
-1999
-1978
-1926
-1880
-1736
-1507
-1216
-967
-732
-422
-89
194
437
605
773
942
999
983
878
729
557
280
-104
-509
-941
-1317
-1707
-2123
-2492
-2774
-2998
-3189
-3311
-3350
-3299
-3199
-3038
-2902
-2675
-2322
-1959
-1634
-1267
-888
-471
-69
288
610
908
1209
1449
1604
1699
1809
1908
1980
1941
1903
1905
1894
1855
1791
1696
1632
1592
1463
1291
1144
1092
1040
933
764
546
350
120
-181
-499
-808
-1064
-1258
-1501
-1728
-1858
-1895
-1850
-1800
-1738
-1579
-1330
-1019
-714
-440
-97
288
660
979
1218
1457
1671
1796
1830
1765
1642
1471
1207
827
392
-68
-511
-992
-1465
-1910
-2271
-2534
-2793
-2992
-3092
-3076
-3020
-2922
-2813
-2650
-2422
-2101
-1819
-1576
-1268
-937
-597
-291
-3
255
560
837
1082
1253
1435
1615
1760
1843
1840
1886
1951
2000
1983
1933
1872
1884
1862
1754
1584
1429
1302
1107
881
609
352
135
-113
-425
-693
-929
-1108
-1270
-1465
-1617
-1685
-1673
-1660
-1639
-1567
-1410
-1204
-948
-739
-516
-225
74
357
576
778
958
1109
1184
1198
1153
1095
949
740
439
90
-263
-663
-1091
-1526
-1940
-2299
-2580
-2899
-3120
-3285
-3280
-3237
-3177
-3061
-2892
-2649
-2326
-2025
-1775
-1404
-1055
-649
-322
22
361
722
1047
1327
1518
1711
1911
2033
2135
2112
2155
2195
2227
2206
2152
2062
2014
1942
1824
1676
1496
1391
1222
1036
814
577
381
194
-65
-325
-559
-767
-960
-1203
-1377
-1521
-1583
-1602
-1616
-1577
-1455
-1298
-1068
-835
-615
-312
-7
298
569
814
1043
1234
1359
1432
1413
1382
1274
1058
791
445
76
-315
-771
-1221
-1634
-2049
-2370
-2669
-2941
-3107
-3188
-3158
-3114
-3034
-2869
-2685
-2446
-2115
-1830
-1537
-1179
-840
-470
-122
241
599
931
1241
1521
1740
1967
2164
2332
2477
2534
2606
2627
2606
2535
2403
2264
2166
2044
1898
1683
1472
1323
1109
896
688
460
259
48
-214
-475
-737
-945
-1130
-1341
-1485
-1587
-1632
-1601
-1543
-1454
-1307
-1136
-887
-660
-413
-140
142
452
719
946
1162
1340
1468
1558
1535
1505
1387
1214
950
640
285
-102
-545
-968
-1391
-1801
-2123
-2442
-2688
-2909
-3001
-3017
-2967
-2902
-2763
-2626
-2411
-2125
-1838
-1540
-1218
-835
-465
-105
229
564
856
1144
1360
1507
1636
1754
1853
1910
1910
1915
1939
1951
1947
1917
1894
1889
1874
1797
1662
1536
1419
1280
1081
866
646
425
194
-83
-363
-629
-835
-1034
-1223
-1384
-1488
-1541
-1534
-1526
-1480
-1349
-1183
-970
-746
-519
-275
21
303
550
770
1013
1199
1347
1456
1480
1473
1416
1274
1043
795
483
145
-260
-693
-1107
-1476
-1841
-2176
-2462
-2738
-2877
-2939
-2926
-2924
-2828
-2670
-2496
-2244
-1953
-1681
-1372
-992
-672
-309
36
398
751
1068
1352
1620
1864
2108
2316
2479
2584
2622
2727
2770
2778
2785
2782
2780
2795
2760
2685
2564
2430
2286
2055
1818
1529
1210
898
539
171
-155
-489
-771
-1053
-1342
-1535
-1668
-1754
-1808
-1803
-1726
-1584
-1369
-1130
-915
-634
-313
-27
282
559
812
1051
1230
1359
1431
1453
1431
1335
1177
952
689
411
60
-359
-754
-1159
-1553
-1910
-2260
-2596
-2847
-3001
-3089
-3124
-3096
-3013
-2891
-2712
-2495
-2258
-2034
-1760
-1476
-1168
-881
-576
-265
17
283
550
782
1004
1244
1438
1598
1715
1856
1982
2087
2154
2194
2196
2211
2205
2144
2036
1897
1800
1666
1478
1271
1055
826
588
323
51
-223
-463
-672
-924
-1117
-1250
-1358
-1405
-1419
-1401
-1313
-1158
-979
-760
-551
-276
-15
270
536
772
1013
1219
1377
1498
1570
1582
1580
1476
1330
1118
901
621
276
-90
-491
-915
-1292
-1683
-2072
-2399
-2691
-2904
-3044
-3091
-3105
-3069
-2972
-2835
-2649
-2384
-2146
-1891
-1571
-1252
-918
-573
-258
51
357
645
896
1111
1352
1559
1739
1893
2002
2136
2266
2336
2371
2370
2371
2377
2339
2238
2100
1980
1865
1704
1537
1329
1103
886
625
320
37
-233
-484
-736
-989
-1189
-1339
-1434
-1518
-1601
-1590
-1511
-1393
-1221
-1053
-833
-547
-251
13
277
549
816
1036
1216
1349
1435
1506
1482
1401
1265
1095
889
639
291
-62
-416
-785
-1146
-1509
-1855
-2161
-2394
-2613
-2771
-2841
-2835
-2816
-2742
-2630
-2464
-2223
-1975
-1752
-1488
-1177
-854
-513
-203
96
422
753
1049
1283
1528
1767
1979
2167
2296
2415
2555
2661
2703
2721
2716
2732
2716
2637
2505
2367
2234
2061
1832
1557
1254
986
700
357
26
-268
-529
-778
-1018
-1238
-1398
-1517
-1594
-1658
-1664
-1593
-1448
-1263
-1083
-862
-578
-280
-7
267
518
786
1025
1230
1372
1469
1559
1587
1551
1450
1303
1124
904
596
266
-111
-484
-867
-1263
-1653
-2019
-2310
-2592
-2847
-3042
-3136
-3197
-3177
-3158
-3066
-2914
-2705
-2449
-2225
-1953
-1652
-1300
-973
-638
-328
36
359
678
952
1179
1438
1653
1839
1954
2074
2186
2304
2344
2378
2366
2369
2371
2303
2206
2067
1964
1829
1645
1427
1224
999
785
533
261
12
-243
-460
-694
-919
-1091
-1206
-1289
-1370
-1432
-1392
-1304
-1190
-1021
-853
-629
-350
-69
184
432
704
961
1155
1333
1474
1567
1652
1649
1578
1462
1301
1105
841
515
149
-223
-614
-1050
-1466
-1851
-2239
-2541
-2813
-3095
-3280
-3381
-3418
-3413
-3389
-3289
-3137
-2960
-2729
-2528
-2283
-1989
-1685
-1349
-1041
-723
-350
0
327
652
931
1237
1511
1766
1975
2132
2321
2472
2556
2614
2627
2621
2620
2552
2472
2350
2215
2093
1915
1716
1501
1281
1071
822
567
323
47
-187
-419
-676
-883
-1038
-1161
-1245
-1326
-1336
-1279
-1196
-1057
-915
-730
-500
-233
43
311
576
872
1139
1362
1575
1737
1883
1965
1991
1961
1881
1754
1589
1334
1038
720
354
-25
-461
-869
-1271
-1654
-2001
-2310
-2606
-2820
-2987
-3109
-3138
-3156
-3092
-3015
-2902
-2755
-2537
-2314
-2058
-1788
-1467
-1119
-787
-407
-72
293
656
996
1294
1593
1854
2106
2293
2426
2545
2618
2686
2679
2639
2559
2481
2375
2247
2053
1871
1693
1485
1269
1009
761
527
295
48
-203
-448
-643
-848
-1042
-1223
-1370
-1452
-1528
-1593
-1613
-1591
-1505
-1356
-1221
-1064
-849
-599
-336
-86
186
462
732
1006
1227
1414
1578
1703
1764
1761
1692
1605
1457
1245
964
644
309
-62
-446
-867
-1283
-1652
-1985
-2321
-2593
-2829
-3002
-3121
-3201
-3219
-3181
-3112
-3041
-2962
-2853
-2690
-2490
-2272
-2062
-1801
-1481
-1135
-780
-423
-51
337
738
1101
1429
1757
2055
2325
2520
2667
2782
2870
2905
2865
2779
2682
2579
2445
2269
2046
1847
1663
1458
1222
981
753
550
335
104
-121
-313
-480
-656
-835
-990
-1106
-1166
-1233
-1318
-1332
-1296
-1223
-1114
-1013
-884
-659
-404
-147
121
403
711
1020
1301
1539
1760
1971
2119
2198
2225
2191
2117
1996
1760
1479
1176
831
464
45
-374
-795
-1171
-1502
-1832
-2112
-2310
-2468
-2573
-2639
-2683
-2661
-2599
-2570
-2551
-2535
-2473
-2371
-2240
-2095
-1940
-1710
-1426
-1111
-781
-416
-56
364
764
1136
1487
1829
2156
2434
2652
2798
2925
3006
3040
2981
2887
2758
2612
2433
2204
1956
1733
1525
1312
1106
892
704
540
389
227
71
-71
-200
-342
-498
-664
-804
-923
-1058
-1161
-1260
-1335
-1343
-1326
-1305
-1172
-997
-809
-555
-263
47
393
776
1084
1390
1691
1951
2137
2301
2380
2395
2369
2242
2057
1802
1494
1127
758
327
-113
-537
-929
-1332
-1675
-1936
-2183
-2335
-2413
-2482
-2521
-2509
-2520
-2521
-2530
-2543
-2572
-2593
-2612
-2611
-2534
-2429
-2317
-2128
-1882
-1584
-1208
-804
-394
64
552
1020
1466
1875
2238
2551
2815
2968
3058
3095
3068
2972
2803
2573
2330
2095
1823
1526
1254
1021
806
625
435
270
149
54
-50
-150
-251
-343
-436
-554
-706
-864
-1009
-1183
-1361
-1540
-1699
-1807
-1884
-1925
-1894
-1790
-1606
-1366
-1089
-739
-362
71
502
905
1316
1695
2022
2275
2457
2566
2621
2584
2481
2275
2017
1716
1364
981
557
139
-257
-630
-987
-1296
-1569
-1760
-1893
-1963
-2001
-1992
-1937
-1912
-1910
-1967
-2072
-2201
-2335
-2532
-2733
-2899
-3017
-3065
-3027
-2935
-2760
-2476
-2112
-1670
-1179
-614
-10
618
1217
1757
2236
2664
3006
3249
3393
3419
3392
3283
3092
2828
2527
2203
1882
1577
1274
993
764
595
462
356
271
236
233
229
196
154
99
14
-108
-303
-530
-763
-995
-1264
-1539
-1791
-1968
-2095
-2172
-2183
-2117
-1914
-1618
-1238
-839
-355
171
737
1243
1729
2178
2567
2888
3094
3216
3223
3186
3029
2790
2446
2079
1659
1226
759
294
-130
-519
-837
-1132
-1364
-1554
-1639
-1699
-1704
-1718
-1676
-1641
-1635
-1661
-1784
-1953
-2198
-2499
-2857
-3186
-3504
-3761
-3974
-4103
-4126
-3989
-3727
-3386
-2900
-2326
-1639
-915
-153
567
1273
1926
2478
2907
3209
3423
3511
3504
3338
3104
2812
2485
2102
1699
1307
971
698
463
273
136
100
110
157
202
271
348
406
406
351
245
96
-102
-391
-734
-1099
-1441
-1789
-2112
-2423
-2638
-2755
-2756
-2668
-2502
-2204
-1795
-1293
-755
-174
398
1010
1564
2068
2464
2801
3054
3194
3231
3141
2995
2767
2485
2097
1704
1275
883
490
118
-213
-475
-663
-816
-913
-976
-985
-975
-939
-940
-926
-950
-1008
-1117
-1310
-1556
-1849
-2190
-2604
-3039
-3485
-3888
-4217
-4446
-4608
-4647
-4548
-4309
-3909
-3395
-2783
-2109
-1372
-605
143
831
1459
1993
2442
2757
2933
3016
3002
2914
2730
2463
2153
1862
1573
1292
1022
803
665
592
583
587
633
715
814
904
953
953
928
848
695
460
165
-170
-548
-960
-1415
-1853
-2232
-2538
-2789
-2972
-3059
-3003
-2826
-2562
-2194
-1786
-1283
-721
-150
399
940
1442
1891
2255
2545
2760
2894
2989
2941
2863
2705
2540
2334
2099
1839
1580
1362
1150
966
776
639
496
410
301
201
112
39
-51
-170
-307
-473
-628
-836
-1063
-1314
-1546
-1807
-2072
-2371
-2681
-2952
-3197
-3397
-3562
-3635
-3605
-3470
-3288
-3007
-2681
-2243
-1734
-1212
-666
-141
421
967
1445
1836
2183
2466
2705
2840
2894
2894
2863
2821
2706
2552
2385
2255
2134
2004
1846
1725
1634
1568
1492
1386
1295
1217
1153
1029
855
652
458
226
-57
-389
-720
-1032
-1335
-1648
-1965
-2220
-2398
-2517
-2595
-2637
-2596
-2442
-2223
-1959
-1675
-1333
-959
-571
-202
136
461
793
1091
1313
1494
1649
1785
1872
1922
1899
1892
1858
1822
1739
1633
1557
1464
1390
1256
1138
1015
908
757
593
399
213
40
-165
-380
-604
-785
-959
-1115
-1272
-1396
-1480
-1528
-1577
-1622
-1652
-1674
-1686
-1731
-1786
-1853
-1908
-1977
-2063
-2151
-2192
-2160
-2101
-2001
-1868
-1654
-1370
-1020
-651
-270
151
606
1061
1462
1840
2169
2487
2720
2870
2935
2955
2937
2858
2702
2480
2272
2069
1868
1617
1379
1173
1021
892
764
642
559
518
479
424
338
276
205
98
-67
-258
-449
-638
-856
-1087
-1326
-1524
-1647
-1747
-1828
-1866
-1827
-1731
-1583
-1416
-1210
-939
-630
-309
-4
300
596
880
1118
1303
1449
1578
1686
1751
1766
1745
1740
1714
1673
1600
1521
1454
1390
1318
1228
1128
1057
992
891
788
661
564
447
301
137
-33
-196
-354
-529
-707
-862
-986
-1075
-1176
-1250
-1296
-1306
-1311
-1311
-1318
-1324
-1340
-1370
-1434
-1529
-1616
-1733
-1838
-1966
-2070
-2106
-2122
-2083
-2015
-1906
-1705
-1444
-1140
-797
-452
-46
364
743
1112
1421
1729
1984
2165
2275
2327
2341
2318
2229
2085
1914
1750
1609
1431
1256
1090
974
893
823
757
713
705
716
703
657
606
532
451
308
139
-47
-240
-432
-658
-905
-1115
-1284
-1418
-1526
-1611
-1630
-1596
-1494
-1354
-1195
-979
-736
-473
-221
32
287
527
761
930
1061
1180
1267
1326
1342
1315
1307
1277
1251
1216
1149
1129
1100
1085
1058
1023
1002
993
951
898
821
726
640
506
352
166
-9
-184
-370
-573
-757
-917
-1037
-1146
-1232
-1279
-1288
-1255
-1217
-1152
-1090
-1003
-927
-874
-849
-835
-842
-875
-940
-1056
-1176
-1325
-1470
-1633
-1768
-1861
-1906
-1895
-1847
-1739
-1566
-1299
-1019
-679
-343
34
441
809
1165
1460
1740
1978
2146
2239
2270
2255
2229
2134
1992
1828
1663
1522
1367
1221
1078
989
942
913
887
878
883
919
931
913
886
842
788
675
525
345
159
-43
-260
-507
-735
-924
-1087
-1207
-1321
-1368
-1358
-1296
-1194
-1070
-903
-710
-500
-291
-96
93
281
449
593
690
782
857
920
957
963
971
981
986
992
992
1004
1041
1083
1133
1161
1205
1251
1274
1286
1260
1223
1168
1082
968
822
661
501
325
141
-48
-219
-364
-491
-596
-669
-703
-700
-676
-631
-570
-487
-400
-320
-259
-213
-186
-186
-210
-278
-369
-475
-609
-749
-922
-1089
-1263
-1431
-1557
-1670
-1701
-1691
-1642
-1532
-1395
-1197
-926
-658
-348
-58
243
561
809
1066
1255
1422
1555
1608
1622
1593
1541
1483
1374
1241
1115
994
921
824
743
678
648
661
663
664
673
689
710
710
664
612
539
460
327
158
-17
-183
-353
-530
-721
-889
-995
-1079
-1120
-1161
-1144
-1071
-959
-823
-688
-516
-332
-152
16
151
281
404
501
570
600
623
641
656
647
625
614
612
621
642
653
695
743
802
855
891
941
974
1001
983
953
893
824
730
596
445
282
122
-38
-205
-370
-506
-623
-717
-796
-845
-863
-853
-823
-790
-739
-674
-606
-551
-511
-484
-473
-477
-503
-559
-632
-719
-807
-908
-1014
-1110
-1213
-1285
-1364
-1429
-1475
-1519
-1531
-1526
-1466
-1399
-1299
-1173
-1044
-861
-672
-478
-271
-82
124
328
490
671
806
956
1079
1160
1232
1275
1325
1364
1373
1355
1336
1321
1311
1270
1229
1161
1116
1077
1015
943
856
783
710
615
491
376
266
169
40
-100
-228
-337
-432
-534
-640
-728
-777
-808
-827
-852
-849
-813
-758
-696
-644
-561
-464
-360
-268
-190
-84
26
133
231
303
391
494
579
663
718
780
854
909
961
989
1028
1064
1087
1093
1084
1073
1059
1016
970
888
811
740
643
551
426
323
222
121
20
-73
-164
-220
-280
-333
-373
-394
-394
-396
-388
-389
-366
-344
-323
-323
-319
-318
-313
-329
-359
-396
-438
-471
-529
-585
-646
-702
-763
-813
-882
-923
-971
-1009
-1046
-1099
-1131
-1169
-1161
-1148
-1125
-1089
-1041
-958
-840
-732
-586
-455
-305
-124
21
190
330
485
633
737
824
889
946
1000
1014
1003
968
935
915
863
807
728
667
620
561
503
439
386
350
303
244
190
133
93
30
-51
-135
-212
-283
-360
-452
-552
-625
-682
-724
-777
-807
-817
-800
-764
-729
-668
-589
-491
-388
-294
-194
-80
34
139
213
288
355
415
464
484
498
507
515
517
508
495
496
495
498
486
476
480
477
463
442
400
381
347
293
234
153
86
5
-77
-168
-257
-336
-406
-477
-527
-574
-600
-610
-621
-614
-603
-563
-529
-495
-467
-446
-417
-392
-395
-397
-420
-439
-468
-518
-565
-626
-673
-725
-775
-831
-872
-902
-917
-945
-960
-974
-980
-971
-980
-970
-959
-917
-874
-827
-773
-693
-601
-488
-375
-260
-118
18
177
308
453
589
720
842
929
1005
1072
1127
1163
1168
1152
1138
1102
1075
1019
957
902
847
798
738
681
628
587
544
495
439
397
350
306
239
169
108
41
-24
-101
-177
-243
-293
-340
-370
-395
-399
-374
-345
-298
-237
-161
-73
19
109
210
297
391
469
531
586
629
661
666
668
655
634
612
579
533
503
447
409
365
305
272
221
188
145
96
55
2
-49
-100
-161
-220
-282
-343
-399
-464
-510
-566
-594
-618
-636
-630
-616
-584
-541
-502
-446
-383
-329
-270
-225
-176
-138
-106
-90
-85
-89
-103
-126
-161
-195
-233
-276
-315
-340
-371
-395
-405
-422
-433
-434
-434
-430
-427
-421
-410
-392
-371
-343
-316
-276
-226
-173
-108
-34
49
132
232
325
423
522
621
712
798
868
931
983
1014
1038
1043
1040
1023
996
959
916
867
814
758
703
645
593
542
493
450
401
363
323
289
252
215
177
139
98
61
20
-16
-44
-74
-87
-96
-90
-81
-60
-27
15
68
126
185
247
316
375
433
491
538
580
607
627
646
655
658
658
644
627
611
585
561
533
508
475
443
408
376
347
309
271
230
185
141
102
59
19
-24
-62
-100
-136
-162
-186
-201
-209
-212
-204
-190
-168
-142
-120
-90
-67
-41
-24
-6
-3
-10
-15
-32
-56
-90
-126
-160
-203
-249
-294
-338
-375
-412
-446
-477
-501
-522
-534
-541
-552
-555
-552
-548
-543
-536
-527
-512
-502
-483
-458
-426
-388
-339
-286
-231
-155
-84
-1
84
172
262
349
434
511
580
639
687
726
752
764
767
753
732
707
673
633
586
546
503
463
424
385
352
325
300
273
248
224
197
168
138
106
74
39
7
-27
-57
-84
-104
-125
-138
-145
-145
-137
-119
-94
-68
-28
13
57
96
140
179
218
242
260
274
271
271
257
241
214
181
143
107
62
17
-24
-64
-102
-143
-172
-202
-222
-242
-257
-271
-286
-295
-305
-319
-326
-336
-347
-347
-359
-358
-359
-356
-347
-338
-317
-296
-266
-238
-202
-163
-138
-105
-74
-57
-34
-23
-16
-8
-7
-9
-17
-27
-42
-61
-78
-98
-120
-138
-157
-175
-190
-202
-212
-217
-219
-221
-217
-209
-203
-189
-176
-161
-139
-122
-93
-66
-34
5
42
85
131
176
228
277
331
386
439
493
544
594
641
684
718
746
777
806
829
842
847
856
853
846
842
827
810
797
778
758
738
714
693
670
650
622
597
569
540
512
479
451
419
391
362
334
317
302
288
284
275
271
259
251
242
233
231
219
212
200
191
179
164
149
125
96
69
40
15
-10
-37
-61
-81
-104
-130
-149
-171
-189
-208
-223
-240
-251
-262
-269
-273
-275
-269
-267
-261
-251
-242
-232
-218
-207
-196
-180
-169
-157
-148
-135
-125
-114
-103
-96
-86
-75
-65
-55
-41
-35
-23
-13
0
10
20
34
39
49
54
58
62
60
69
72
71
76
81
85
90
92
98
107
120
131
146
168
181
199
220
244
266
291
308
325
342
358
370
381
388
397
406
414
426
435
445
457
469
474
480
486
491
489
493
493
486
476
465
450
426
403
376
347
313
279
244
210
174
136
98
60
28
2
-24
-45
-66
-84
-96
-106
-118
-126
-133
-134
-138
-142
-143
-142
-139
-139
-136
-137
-136
-134
-133
-130
-131
-130
-130
-129
-132
-134
-141
-143
-146
-147
-144
-136
-135
-131
-122
-120
-111
-108
-104
-100
-97
-94
-96
-91
-92
-91
-90
-93
-91
-92
-88
-89
-88
-83
-79
-76
-70
-62
-53
-50
-41
-29
-24
-12
-5
3
10
15
23
29
39
48
58
72
86
103
115
130
151
165
189
203
222
245
262
281
298
322
335
345
356
364
375
377
385
393
397
409
412
416
427
431
434
436
437
437
434
431
416
402
386
361
341
321
298
276
257
241
230
215
206
191
170
160
138
116
93
69
58
57
64
69
75
87
95
111
122
131
134
132
135
133
128
121
116
116
116
118
128
137
149
151
151
158
166
169
172
177
181
185
193
194
191
193
198
203
204
201
203
200
203
202
197
195
188
185
180
175
166
161
157
152
152
147
147
145
143
143
140
142
140
142
145
147
151
151
155
157
160
159
159
163
166
167
171
172
176
177
178
182
181
177
172
174
174
173
174
170
168
167
167
169
170
172
178
182
189
197
207
218
227
239
246
253
260
267
269
271
265
254
242
232
216
204
192
176
164
156
150
145
143
140
137
129
112
100
83
62
43
16
-9
-32
-61
-91
-125
-161
-199
-238
-273
-310
-342
-377
-412
-442
-469
-487
-508
-523
-532
-538
-542
-542
-535
-526
-513
-498
-484
-470
-455
-439
-428
-421
-408
-397
-388
-381
-374
-362
-358
-350
-342
-336
-334
-336
-336
-340
-343
-350
-355
-363
-367
-370
-371
-376
-382
-383
-382
-381
-376
-366
-357
-343
-332
-322
-309
-297
-286
-267
-255
-241
-221
-204
-188
-170
-151
-135
-117
-98
-81
-65
-48
-35
-29
-21
-14
-11
-12
-11
-11
-12
-18
-28
-37
-48
-58
-70
-81
-89
-100
-108
-111
-118
-122
-122
-123
-122
-116
-108
-100
-89
-77
-66
-55
-41
-30
-17
-3
10
26
36
53
64
75
86
97
111
121
135
143
157
164
166
169
169
161
157
150
142
138
134
131
129
124
120
110
100
90
75
59
41
26
14
2
-11
-19
-22
-19
-24
-33
-29
-26
-25
-25
-28
-30
-33
-34
-40
-44
-50
-58
-62
-67
-74
-80
-89
-97
-105
-112
-120
-135
-149
-165
-179
-196
-209
-227
-243
-252
-269
-279
-283
-289
-292
-295
-295
-293
-295
-296
-295
-292
-294
-296
-292
-293
-289
-288
-290
-290
-287
-289
-292
-288
-283
-280
-274
-266
-258
-254
-246
-237
-233
-224
-217
-209
-204
-197
-194
-190
-187
-180
-177
-176
-170
-171
-168
-170
-170
-174
-177
-181
-184
-186
-191
-195
-197
-197
-199
-200
-204
-201
-202
-197
-197
-191
-182
-181
-171
-171
-162
-155
-153
-148
-142
-135
-132
-127
-122
-118
-115
-112
-102
-98
-90
-80
-72
-62
-54
-42
-30
-18
-6
5
18
34
42
50
58
67
72
79
81
84
82
78
77
71
65
63
58
57
55
47
43
38
33
25
20
15
9
1
-4
-15
-22
-34
-42
-55
-64
-64
-73
-74
-79
-81
-88
-93
-101
-107
-114
-116
-120
-118
-120
-117
-112
-109
-100
-99
-94
-91
-85
-85
-81
-78
-75
-73
-72
-68
-63
-62
-60
-54
-55
-55
-58
-65
-67
-67
-72
-73
-74
-76
-77
-82
-89
-94
-98
-106
-113
-120
-130
-136
-143
-152
-161
-167
-176
-180
-181
-183
-183
-178
-175
-167
-161
-157
-155
-149
-141
-137
-132
-129
-127
-129
-130
-134
-140
-144
-151
-154
-164
-171
-176
-186
-188
-195
-204
-210
-215
-222
-224
-231
-238
-242
-248
-251
-253
-256
-258
-256
-255
-253
-248
-245
-242
-238
-236
-230
-223
-214
-207
-200
-193
-186
-178
-170
-166
-158
-151
-142
-136
-131
-124
-120
-119
-118
-113
-114
-115
-115
-113
-118
-120
-119
-120
-115
-115
-114
-110
-103
-99
-97
-95
-90
-87
-81
-80
-73
-65
-63
-60
-54
-52
-53
-52
-50
-46
-40
-37
-38
-34
-36
-34
-35
-40
-41
-46
-47
-51
-56
-59
-69
-70
-75
-79
-85
-91
-92
-97
-99
-102
-102
-100
-102
-102
-102
-104
-106
-106
-107
-112
-118
-118
-123
-129
-132
-132
-134
-137
-139
-143
-141
-142
-145
-141
-140
-138
-134
-130
-128
-128
-123
-129
-126
-118
-118
-114
-110
-108
-110
-109
-102
-102
-99
-94
-93
-86
-84
-83
-79
-75
-69
-73
-73
-70
-68
-68
-68
-65
-67
-71
-69
-68
-65
-64
-63
-58
-55
-51
-50
-45
-40
-32
-28
-24
-20
-11
-5
-4
1
5
8
13
16
18
20
28
32
32
39
43
42
47
49
55
59
58
60
62
65
64
63
67
69
70
71
67
70
72
72
71
74
76
79
78
78
82
81
84
86
85
86
86
83
82
81
79
77
79
77
75
78
77
74
72
74
75
64
66
65
57
55
50
46
40
32
21
13
5
-2
-14
-22
-31
-38
-47
-54
-63
-71
-78
-86
-86
-93
-99
-106
-105
-110
-113
-113
-113
-114
-114
-110
-115
-115
-113
-113
-115
-115
-114
-116
-116
-116
-116
-119
-123
-121
-124
-125
-127
-127
-125
-124
-122
-115
-115
-117
-112
-110
-107
-104
-97
-95
-94
-88
-86
-85
-84
-81
-80
-79
-79
-80
-81
-79
-79
-80
-80
-77
-78
-77
-74
-69
-67
-67
-61
-59
-54
-53
-44
-42
-40
-34
-34
-33
-27
-26
-21
-16
-14
-11
-7
-4
-2
1
8
13
15
17
19
25
30
33
37
40
40
41
44
41
44
45
43
43
40
43
43
39
40
39
34
30
33
32
29
28
28
29
27
26
26
26
25
23
25
27
26
28
30
28
29
27
27
27
30
32
34
39
41
49
50
48
49
52
53
54
54
53
51
52
52
51
48
43
41
40
35
37
31
28
26
23
22
20
22
20
18
19
17
15
14
14
14
11
14
11
9
10
8
12
11
11
12
12
15
15
18
24
21
25
28
30
33
27
29
38
39
40
39
41
42
39
38
40
41
38
39
37
36
37
32
35
36
32
34
32
29
29
29
27
24
20
16
15
10
10
8
7
7
4
2
1
0
-3
-2
0
-1
-1
-3
-3
-3
-4
-6
-8
-6
-10
-11
-10
-11
-14
-14
-12
-11
-15
-15
-14
-10
-9
-11
-8
-10
-8
-4
-3
-2
0
-1
0
2
2
3
4
6
5
5
8
5
9
8
8
6
7
8
7
5
4
5
6
6
6
6
14
12
12
14
12
13
15
15
10
15
19
16
18
19
27
26
26
29
29
30
33
36
40
38
42
41
43
49
47
50
51
54
55
55
54
54
53
54
55
54
58
58
60
58
60
59
63
63
64
68
70
68
69
71
71
74
72
69
68
71
66
68
72
73
72
69
71
72
68
68
69
73
72
71
75
74
73
70
70
72
71
72
73
70
72
71
70
69
70
72
71
76
78
78
81
81
82
86
87
87
89
90
95
94
92
94
89
90
92
92
91
93
93
93
92
90
92
92
90
90
92
91
93
93
93
93
97
94
96
94
95
95
95
97
95
93
91
92
92
91
92
93
91
94
94
96
99
100
99
98
103
97
101
101
103
105
105
105
103
104
99
99
99
104
101
102
105
105
114
108
106
111
109
112
110
110
111
111
109
112
111
111
111
115
114
113
114
116
116
113
118
117
123
124
124
125
126
127
129
125
128
122
120
124
122
119
121
121
116
117
114
113
110
109
111
111
109
108
112
114
112
116
114
109
113
115
115
118
119
118
118
120
121
120
120
122
123
125
122
122
122
125
125
124
123
124
124
124
124
124
120
119
119
117
115
112
113
112
111
108
108
106
106
107
105
104
102
100
100
99
94
92
92
91
90
87
87
87
87
88
84
87
83
83
83
82
82
83
85
81
81
83
83
82
79
81
80
80
80
79
79
77
78
77
75
76
74
74
74
70
69
69
67
64
59
55
55
52
50
48
47
48
46
44
43
40
40
37
34
41
38
37
38
41
43
42
42
40
39
40
43
42
40
38
38
38
38
40
40
41
39
41
40
40
39
36
40
39
37
39
44
43
44
44
43
41
41
39
38
39
38
37
34
35
34
32
30
31
33
31
34
35
38
39
38
37
33
35
37
37
38
39
40
42
39
41
43
39
45
44
43
43
46
48
50
48
48
50
51
53
57
56
59
55
58
61
59
57
56
60
60
61
61
62
57
62
57
57
59
56
59
57
56
57
57
57
61
60
59
60
60
60
61
62
65
64
64
65
66
63
65
64
64
63
61
61
60
62
64
63
65
64
66
67
64
67
69
71
69
73
74
76
74
76
78
75
80
82
81
82
83
85
85
88
88
88
90
97
99
97
97
99
99
99
97
99
94
96
96
96
93
90
92
91
85
86
86
84
86
83
84
86
86
88
87
86
89
89
91
90
91
93
91
92
93
92
92
92
92
93
93
95
92
93
95
99
98
100
100
101
105
101
100
103
102
102
104
108
108
103
106
107
106
106
106
106
108
112
112
110
111
111
113
111
116
116
112
114
114
111
107
107
106
106
105
107
106
103
102
102
103
101
102
103
105
105
104
105
104
102
104
105
102
100
100
101
102
102
101
101
101
102
99
97
102
103
102
104
102
105
105
106
105
106
111
111
109
108
110
111
111
113
113
112
112
108
112
108
109
109
108
109
107
104
104
103
100
99
99
99
97
98
97
96
98
97
98
92
90
97
95
97
98
98
103
103
102
105
105
102
105
106
103
102
102
102
104
105
105
103
103
103
104
100
98
99
99
104
102
104
106
105
106
105
103
105
99
98
97
100
100
98
99
96
94
93
92
91
92
89
88
92
95
95
91
92
90
91
90
91
92
88
90
91
93
93
91
89
91
94
93
93
90
89
94
93
94
91
91
94
93
94
93
94
95
99
95
98
97
95
96
97
96
96
95
98
100
98
98
97
99
100
103
100
97
99
100
101
98
99
97
98
96
100
100
99
99
100
100
99
100
98
99
96
99
100
98
99
100
100
97
98
96
94
97
96
93
95
95
94
94
93
95
94
94
97
101
95
95
95
93
96
94
97
94
92
92
101
101
92
96
95
92
90
90
92
91
88
90
93
90
92
90
90
91
90
90
88
90
89
89
89
92
93
92
93
97
94
90
93
95
93
93
92
91
92
92
90
88
86
85
85
84
84
84
84
82
81
82
80
80
85
81
78
80
78
81
84
81
80
77
82
83
78
79
78
81
80
75
75
78
78
77
76
73
74
76
75
74
74
70
72
71
70
71
67
68
65
66
66
64
65
61
63
65
62
64
63
62
60
59
58
58
59
56
58
57
59
60
63
62
57
57
58
60
62
62
63
61
59
61
57
59
58
60
62
57
59
59
58
57
58
57
57
57
57
59
58
59
57
59
56
58
59
54
56
54
53
56
54
56
57
56
54
56
58
55
51
52
55
51
53
53
56
56
57
56
58
54
53
57
56
55
51
52
51
54
54
53
52
51
51
50
49
45
47
47
48
44
48
48
46
45
45
45
44
45
43
45
45
44
43
47
48
47
48
50
51
51
53
51
55
58
58
58
55
53
52
53
51
52
52
51
54
53
52
49
46
52
51
47
46
46
48
50
49
49
48
46
46
46
48
52
47
48
47
51
52
52
51
53
52
49
51
51
50
50
50
50
54
51
54
58
55
55
56
57
61
57
56
60
59
57
58
61
56
60
56
57
60
58
54
54
53
50
51
51
50
53
53
50
51
51
50
50
52
51
50
53
55
54
55
55
55
59
56
60
62
59
60
58
57
58
59
60
59
61
67
64
64
64
62
64
62
63
60
59
60
61
62
63
62
60
62
60
60
59
56
58
60
60
60
59
63
62
62
61
60
60
58
58
57
58
60
57
56
57
58
57
59
56
58
54
57
57
57
59
54
56
57
58
50
52
53
54
55
52
52
53
53
55
51
50
54
54
53
57
54
53
56
54
55
57
56
56
57
56
55
60
58
53
54
54
53
52
53
57
53
54
52
52
52
53
50
53
54
54
51
54
53
52
53
52
52
50
55
54
50
54
53
51
51
48
49
50
50
51
47
47
47
49
47
46
48
47
48
46
45
46
46
47
45
44
48
45
49
48
46
53
48
49
51
51
46
44
48
44
45
45
41
44
41
40
42
42
40
40
35
36
36
37
40
41
44
44
46
44
45
46
45
46
46
44
45
46
46
45
43
41
41
36
39
36
34
37
34
32
32
35
36
38
39
37
35
36
34
33
33
34
34
35
35
34
33
30
29
31
30
31
30
33
33
33
32
33
34
29
29
29
30
31
33
33
34
35
39
32
34
35
35
35
37
39
38
38
39
39
37
40
39
41
41
41
39
39
39
35
35
34
36
36
32
36
33
34
37
35
33
32
34
34
36
37
35
33
35
34
34
36
32
31
30
30
32
30
30
30
32
32
35
34
32
33
31
31
31
32
29
31
28
27
30
29
26
29
28
29
30
28
30
30
29
31
30
33
32
34
33
32
33
31
30
29
27
26
25
27
31
28
27
24
22
22
21
21
20
20
23
21
21
23
22
22
21
22
25
23
22
24
25
26
25
25
28
27
28
27
25
26
27
26
28
27
24
24
30
28
28
30
26
24
24
25
26
25
25
24
23
22
25
21
18
16
19
19
15
18
19
18
14
19
16
14
17
19
18
17
16
15
15
17
18
16
15
17
19
20
20
15
19
15
19
17
16
18
18
20
19
18
18
16
19
19
20
22
22
22
23
24
18
20
23
23
20
18
20
23
24
23
25
23
20
19
21
21
22
19
19
19
23
20
20
21
20
19
21
19
18
20
19
18
18
19
18
18
17
19
16
14
12
13
14
10
12
10
10
7
8
7
7
6
6
6
4
4
6
2
1
6
2
2
2
2
4
3
3
3
2
4
2
4
3
1
2
-3
-1
3
1
1
-1
0
0
-3
-4
-4
-7
-7
-3
-3
-7
-4
-4
-5
-6
-7
-6
-9
-8
-9
-7
-5
-6
-8
-5
-8
-8
-6
-8
-6
-11
-6
-3
-5
-5
-6
-6
-7
-8
-8
-7
-4
-4
-4
-2
-2
-2
-4
-2
-3
-3
-3
-4
-2
0
-1
-1
-4
-2
-1
-2
1
1
2
1
-1
3
4
4
3
4
4
3
4
3
5
6
5
8
5
4
6
7
7
7
7
8
10
7
5
6
8
5
5
6
5
6
7
6
4
5
4
4
3
3
3
0
3
4
5
6
7
5
5
6
5
4
3
5
6
9
8
7
10
14
14
12
15
14
13
15
18
15
16
18
19
19
21
24
17
19
20
20
18
17
17
18
18
19
21
20
16
14
16
17
16
17
15
15
12
12
12
11
10
13
12
12
12
11
12
11
11
11
13
12
10
12
13
12
12
11
7
8
11
12
10
15
15
13
15
18
15
10
13
15
18
14
18
21
20
23
21
20
23
20
20
23
22
21
19
18
19
21
21
20
22
24
24
23
20
16
19
17
17
17
15
15
13
16
16
14
13
13
12
15
14
12
16
15
15
14
14
11
12
12
11
13
12
15
16
15
15
16
14
13
14
15
14
12
14
11
10
11
10
12
13
10
12
14
13
14
12
11
13
13
12
13
14
12
