8
10
28
-13
46
28
-6
6
-57
-75
-15
59
-13
-74
39
122
108
72
58
62
87
30
-3
12
7
64
-17
-32
15
23
132
100
71
2
-24
50
28
46
-14
7
36
-7
28
-19
35
63
-23
-71
-88
-41
-13
56
43
-2
-30
-104
-92
-78
-14
-28
-106
-35
-23
-37
32
-9
-109
-109
-57
-62
-52
-17
-56
-45
-9
-50
-75
-21
9
-22
-62
-111
-59
-41
-39
22
-6
-24
-7
9
21
28
31
29
13
-24
34
73
45
43
15
2
-25
-9
40
24
16
36
58
43
3
-9
-20
20
83
47
28
33
-59
-63
14
-4
-41
-84
-60
-21
-24
21
-36
-63
29
3
-49
-5
-3
12
113
118
84
71
24
-18
-30
50
77
53
108
58
-6
1
-58
-59
5
29
10
27
55
69
97
-1
-53
14
38
71
45
-13
40
76
28
14
43
52
-21
-80
13
-14
-103
-4
11
15
131
91
17
-11
-52
-35
7
41
-48
-66
12
-45
-17
33
-56
-65
6
37
-10
-62
19
-3
-18
45
-21
-47
-33
-58
-13
32
-101
-82
42
-16
-20
3
-1
-35
-78
-34
-47
-31
-3
-78
-51
19
16
14
-22
-35
23
-6
-62
-31
-59
-53
-22
-59
-6
27
-10
22
70
26
2
-17
-129
-97
-26
-95
-52
-35
-100
-42
-15
-55
-16
27
80
112
15
58
80
29
61
0
12
66
58
69
87
127
88
-2
18
81
104
101
65
32
-18
-8
44
-41
-108
-44
32
29
-13
-7
-41
-9
53
-1
-37
-73
-51
-17
-42
-61
-98
-58
-92
-120
-65
-66
-62
-17
29
-18
-39
-12
70
60
2
39
-2
-4
8
32
61
24
63
48
8
81
94
70
23
-20
3
20
45
73
10
-43
22
26
15
35
65
75
73
55
-58
-48
-37
-84
-22
-19
-38
0
-38
-55
-6
-54
-91
-117
-79
14
-8
36
23
0
56
15
-6
-35
-93
-60
-31
-81
-53
33
4
-23
-51
-53
24
0
28
80
24
53
52
6
15
7
-8
0
60
68
-38
-55
48
-55
-98
-57
-63
32
-2
40
58
-7
23
-32
-82
-43
-20
-2
14
-17
60
112
73
66
15
3
48
27
13
62
28
8
31
13
59
64
-6
-18
5
43
93
79
55
83
52
-49
-41
66
115
53
-30
-19
28
5
-27
55
54
10
17
3
33
-13
-53
-71
-7
49
-55
-78
-62
-15
-8
-48
-47
-95
-23
38
19
0
-60
-33
-6
-23
-52
-57
7
-37
-146
-123
-59
-81
-105
-86
-79
-43
-22
-24
-10
-59
-84
-68
-38
3
-8
-65
-54
-20
-20
23
-1
-27
-7
-33
-42
-12
20
44
12
-9
58
66
79
113
43
-7
41
40
-7
-25
-38
10
67
51
34
108
104
0
9
29
-4
-24
49
39
-60
-51
-25
45
41
7
19
28
31
46
53
-24
2
97
133
59
-19
-27
-54
-15
8
28
82
73
33
15
-24
-12
-7
-102
-4
71
-9
-22
-2
66
47
-72
-47
41
9
-13
40
65
74
131
120
53
82
44
-10
40
-9
14
75
83
124
-1
-84
-88
-90
-42
-22
-11
-30
-14
7
-3
-55
-69
-52
-70
-34
-19
2
5
-23
-37
-53
-17
-15
-53
-94
-100
-38
4
39
47
56
21
-60
-54
-33
-1
19
-18
-18
-29
-54
-35
-30
27
20
-76
-51
7
72
46
-27
54
-44
-110
25
14
15
32
30
17
17
86
27
-50
-15
10
18
52
23
-57
-94
-31
26
-20
-24
-40
-38
-8
-43
5
65
2
-30
-17
10
-2
-30
-8
22
74
-45
-114
-19
-12
22
72
26
51
19
-80
-51
-52
23
49
17
14
-3
21
26
15
-55
3
51
30
19
-58
23
61
6
18
28
24
-20
-53
-7
52
28
15
53
-3
-12
42
15
59
30
-55
-51
-66
9
16
-18
76
32
-27
-39
-50
47
28
51
116
13
-20
-9
-15
-12
-18
64
40
-27
16
-11
-2
-19
-36
-37
-51
-31
-24
-2
-44
-56
-58
-35
-9
-50
-38
-10
-27
-80
-74
-35
6
4
-27
-22
-90
-36
-44
-118
-25
-22
43
78
-38
-9
61
-14
-21
4
-20
67
64
-21
-33
5
65
62
85
99
45
55
21
-1
99
98
54
17
10
-4
-11
53
14
33
65
3
3
-58
-83
-31
-24
15
35
-22
-64
-47
-50
-74
10
49
20
22
-14
18
28
37
104
60
-15
-16
-29
-31
-11
-13
-9
-20
6
49
82
65
65
61
31
13
-44
-34
-55
-13
-16
-99
50
46
-60
-13
-20
-14
29
39
33
46
-30
-83
-49
-114
-46
48
7
-54
-116
-97
-5
49
-26
-71
-39
-32
-23
-20
-24
-9
-14
-26
28
40
-16
-1
-3
-18
19
27
54
59
68
29
-19
16
-18
-19
-31
-61
-26
15
28
-19
-1
3
-35
-33
18
122
146
35
0
73
48
60
61
61
112
9
-30
-25
-66
12
4
-17
48
-55
-89
-53
-136
-166
-84
5
-33
-42
10
-25
-45
-38
-41
-21
-28
-2
4
4
40
72
50
19
58
26
-8
0
14
-13
-8
108
74
12
41
7
-38
-84
-28
40
-10
2
55
58
15
10
17
-28
-33
-6
-19
-27
-1
25
12
-46
-34
29
40
-30
-53
14
3
-50
-96
-85
-50
-68
-42
-2
-10
25
2
-53
16
27
-28
-9
-11
7
47
8
11
72
56
11
-52
-35
68
62
45
50
42
45
23
33
-7
13
77
10
-4
-42
-45
39
78
116
80
52
35
-59
-19
36
2
14
-34
-46
-13
-46
-18
50
-7
-1
63
0
-28
23
99
19
-76
-45
-19
-24
-15
48
29
25
20
31
55
-46
-63
-12
-39
-39
-8
18
38
-28
-29
31
-26
-44
13
-16
-51
-9
-24
-73
-18
9
1
60
51
-6
-75
-73
-50
-82
3
43
19
4
-11
19
-4
-18
27
17
-31
-32
-7
-22
-74
-59
-17
3
0
-52
-64
-58
-57
-46
-68
-52
12
-3
-54
-13
30
-9
18
27
-52
-51
-49
-43
-2
-54
-28
52
30
19
-18
-42
3
-3
33
121
41
10
122
78
93
80
4
36
-41
16
98
74
88
28
27
84
116
97
59
18
-31
3
12
21
57
38
-3
7
-9
-71
-78
-73
-72
-31
55
44
34
44
-13
21
-1
-43
-68
-63
6
0
51
26
-54
-53
-17
19
56
61
-53
-19
18
-1
-27
-35
-7
-38
-2
-14
8
6
-44
-31
-45
42
80
11
-28
-25
-23
-35
2
-41
-13
58
-2
25
34
6
11
-46
-7
7
-52
-27
-23
-5
63
-16
-1
45
-16
31
11
-24
-67
-56
-59
-74
13
-70
-85
-13
-29
13
56
66
71
14
17
73
2
-29
-16
-81
-61
12
-4
-14
28
1
-71
-70
-102
-71
77
57
-41
-86
-16
80
9
11
35
20
49
21
56
33
-40
26
83
77
55
-27
-6
74
-8
-25
-43
-49
68
72
98
97
65
45
-68
-67
-6
-30
18
63
38
49
16
18
-2
-12
63
81
41
8
8
6
-25
-35
25
-2
-13
14
29
1
-94
-40
-26
-15
-28
-84
-41
-51
-67
-67
-77
-110
-61
3
-51
-25
55
34
-20
20
72
52
7
-15
29
15
-22
27
41
31
62
-9
-10
50
16
42
22
-14
31
17
22
71
-6
-57
-70
-75
-9
-53
-52
33
4
-10
-17
-76
-64
-47
-40
-32
-12
16
4
-59
-82
33
61
63
111
27
31
31
-44
7
-27
-6
19
-17
74
80
12
-15
6
-13
-12
-63
-98
-5
-13
19
49
7
30
58
-45
-34
86
13
-9
-31
-32
47
4
-49
-50
-8
53
75
52
-14
-14
36
29
-22
-73
-45
3
3
14
14
-30
-79
-13
35
30
75
11
1
-6
-72
-7
31
26
6
35
86
84
63
-3
-17
-43
-54
4
46
8
-13
-7
-4
18
-13
29
13
-73
-53
-24
-56
-21
-8
-102
-77
6
45
-18
-43
54
72
34
-8
12
82
18
35
66
-83
-30
54
30
92
81
35
43
-7
-16
94
21
-76
-40
-78
-17
-10
-14
-33
-48
63
-15
19
31
-19
53
-40
-66
-10
-2
-56
-61
0
-14
-1
-10
-9
32
-13
-28
45
-42
-144
-80
-3
16
-65
-85
-25
-24
-21
-26
-73
-49
-6
-48
-16
57
21
2
2
23
69
24
-25
-22
-25
-38
-38
-41
65
144
53
-2
-23
22
40
58
79
33
-5
-12
-44
-53
31
25
15
47
64
115
133
80
105
62
-52
24
32
-24
2
2
10
44
33
72
42
-31
42
22
-29
-3
-15
-17
-13
50
65
-39
-30
-42
-69
-31
-28
40
13
-70
-38
-21
-21
-11
8
-9
-60
-100
-145
-123
-49
20
-67
-118
-52
-60
-23
-74
-91
-10
-11
29
16
-32
-42
-58
30
35
6
17
-45
-18
18
0
-4
-30
-42
3
27
28
53
-5
-4
59
29
57
45
25
114
118
67
49
5
45
65
46
164
135
87
144
103
67
76
100
136
131
104
162
132
81
119
115
172
169
93
58
-12
-17
35
25
2
14
52
71
89
88
27
8
-26
-51
-89
-191
-149
-150
-246
-193
-133
-144
-138
-131
-107
-103
-129
-155
-214
-226
-195
-241
-294
-270
-195
-136
-127
-191
-239
-165
-148
-184
-198
-245
-214
-221
-226
-173
-227
-213
-147
-167
-178
-175
-178
-123
-137
-168
-164
-141
-70
-66
16
21
7
75
46
142
138
94
180
74
-1
128
169
108
113
184
222
196
256
268
224
333
342
286
306
297
303
268
329
438
332
294
385
413
459
394
271
326
278
226
307
230
190
271
228
165
223
282
218
150
157
148
218
191
105
124
106
144
134
151
182
160
90
-22
-13
-51
-44
-13
-58
-49
-41
-68
-43
-18
-115
-120
-123
-219
-251
-299
-334
-308
-356
-428
-480
-486
-411
-442
-486
-542
-480
-433
-477
-387
-352
-270
-277
-273
-219
-331
-332
-342
-378
-374
-415
-364
-350
-363
-369
-387
-261
-267
-341
-260
-204
-208
-165
-172
-252
-246
-186
-138
-153
-23
84
-7
27
34
10
60
-15
-75
-50
-44
-44
-5
55
-32
-8
144
138
231
267
201
300
334
340
319
304
271
155
238
336
432
468
436
499
511
489
472
465
440
436
408
415
469
405
358
388
415
449
447
443
440
396
382
366
387
484
493
492
448
439
573
459
420
470
363
341
261
229
222
209
269
258
207
183
192
229
294
334
300
243
202
80
3
24
-67
-166
-131
-225
-356
-263
-326
-446
-517
-668
-682
-797
-880
-891
-987
-958
-957
-898
-830
-841
-721
-682
-693
-586
-535
-524
-518
-538
-591
-727
-803
-802
-800
-717
-707
-746
-726
-743
-688
-665
-782
-823
-833
-856
-828
-693
-523
-517
-467
-351
-336
-304
-235
-241
-152
-111
-173
-80
-114
-130
-32
-22
12
-22
-102
-108
-30
20
-1
16
16
94
226
237
292
407
505
583
605
623
628
689
747
747
814
935
1051
1078
1054
1096
1113
1081
1052
970
903
848
800
823
814
848
914
995
1056
990
1004
1005
963
932
875
838
780
855
898
858
954
887
865
938
747
620
549
465
443
384
397
391
370
546
731
782
817
753
621
534
331
179
74
-151
-288
-321
-373
-483
-532
-605
-751
-889
-1147
-1466
-1636
-1725
-1790
-1786
-1768
-1651
-1483
-1297
-1079
-948
-868
-782
-776
-863
-980
-1091
-1136
-1182
-1259
-1240
-1186
-1111
-999
-996
-1031
-1021
-1052
-1116
-1228
-1366
-1397
-1406
-1339
-1135
-941
-699
-512
-451
-297
-166
-139
-188
-267
-321
-368
-382
-395
-251
-114
1
160
222
317
303
231
184
68
2
-87
-69
63
201
481
604
774
1069
1116
1169
1174
1036
949
900
885
940
1030
1086
1227
1427
1492
1626
1769
1744
1632
1408
1181
1054
978
943
922
880
1018
1237
1356
1376
1382
1395
1218
1085
864
658
642
524
622
767
929
1090
1132
1303
1283
1201
1091
758
543
386
274
285
269
443
584
611
771
823
761
598
327
61
-161
-376
-547
-657
-722
-709
-716
-732
-773
-870
-1113
-1438
-1814
-2158
-2326
-2582
-2748
-2717
-2567
-2314
-2119
-1888
-1627
-1427
-1395
-1426
-1410
-1507
-1640
-1695
-1748
-1673
-1529
-1444
-1399
-1414
-1351
-1349
-1493
-1666
-1839
-1907
-1973
-1990
-1785
-1602
-1340
-1016
-817
-560
-315
-120
-85
-60
16
89
150
133
216
354
467
476
544
562
539
639
535
451
401
372
476
504
596
690
868
1060
1122
1210
1224
1236
1324
1423
1472
1499
1543
1663
1781
1773
1826
1844
1840
1811
1694
1712
1635
1509
1438
1321
1361
1365
1287
1287
1227
1139
1165
1179
1109
1056
971
955
1040
1048
1046
1091
1085
1103
1115
1025
973
976
1010
1014
979
952
961
1022
1019
1096
1152
1054
1013
934
850
803
678
577
511
414
244
78
-122
-359
-607
-953
-1208
-1414
-1785
-1986
-2064
-2297
-2335
-2416
-2580
-2598
-2619
-2641
-2678
-2648
-2582
-2472
-2358
-2235
-2065
-1947
-1760
-1617
-1550
-1438
-1419
-1423
-1478
-1590
-1684
-1791
-1812
-1859
-1833
-1701
-1675
-1635
-1601
-1568
-1550
-1547
-1495
-1391
-1246
-1110
-862
-605
-361
-107
131
366
471
495
442
263
91
17
-23
-34
-15
90
191
200
331
430
422
361
220
244
301
314
548
716
876
1230
1478
1699
1871
1909
1870
1739
1687
1640
1499
1464
1515
1659
1853
1954
2076
2122
2096
2041
1855
1641
1426
1235
1137
1122
1201
1358
1513
1638
1671
1603
1504
1430
1251
950
691
569
599
703
933
1175
1375
1623
1743
1740
1664
1582
1567
1429
1367
1398
1367
1485
1608
1620
1588
1493
1347
1060
748
547
290
59
-148
-364
-399
-441
-603
-903
-1269
-1531
-1895
-2340
-2682
-2952
-3191
-3326
-3387
-3365
-3272
-3206
-3075
-2986
-3047
-2964
-2827
-2824
-2689
-2562
-2398
-2117
-1882
-1766
-1764
-1685
-1768
-2027
-2227
-2425
-2615
-2634
-2586
-2578
-2323
-2008
-1769
-1521
-1437
-1395
-1307
-1244
-1117
-1098
-960
-460
-11
411
825
1087
1248
1199
972
677
280
-32
-171
-263
-244
-100
266
664
967
1215
1278
1336
1204
986
873
771
810
928
1220
1600
1981
2284
2453
2453
2202
1908
1553
1261
1138
1093
1221
1533
1930
2344
2730
2964
2989
2841
2574
2196
1724
1284
1055
962
984
1194
1454
1740
1897
1844
1656
1308
839
367
82
-92
-184
57
553
1047
1559
2103
2453
2533
2424
2150
1833
1468
1139
1051
929
826
966
1186
1347
1328
1255
1035
596
119
-271
-564
-858
-948
-818
-717
-697
-697
-808
-1135
-1551
-2164
-2851
-3350
-3943
-4392
-4550
-4601
-4337
-3944
-3591
-3191
-2863
-2649
-2506
-2510
-2553
-2548
-2519
-2514
-2398
-2140
-2089
-2030
-1911
-1945
-2126
-2416
-2621
-2827
-3075
-3211
-3231
-3049
-2713
-2371
-1934
-1537
-1234
-819
-410
-135
123
343
580
824
998
1227
1316
1249
1211
1076
934
752
575
559
555
588
639
759
955
1115
1340
1533
1631
1705
1764
1921
2084
2182
2334
2409
2426
2512
2430
2153
1859
1536
1301
1130
1032
1129
1268
1525
1859
2095
2286
2351
2346
2262
1976
1657
1411
1218
1132
1159
1275
1400
1442
1531
1613
1593
1436
998
591
381
186
161
335
640
1055
1431
1846
2276
2544
2698
2691
2598
2387
2072
1884
1652
1458
1291
1152
1080
916
735
465
168
-28
-271
-457
-519
-619
-571
-361
-337
-476
-675
-1030
-1506
-2158
-2899
-3626
-4464
-5219
-5671
-5775
-5711
-5498
-5022
-4479
-3875
-3288
-2796
-2309
-1972
-1921
-1905
-1832
-1816
-1743
-1705
-1675
-1538
-1520
-1592
-1678
-1923
-2239
-2645
-3100
-3454
-3728
-3747
-3481
-3160
-2709
-2135
-1435
-648
-54
525
1007
1145
1167
1157
1076
1029
941
862
815
721
729
766
748
607
435
206
-82
-121
-66
118
473
823
1349
1929
2393
2847
3139
3213
3119
2746
2290
1844
1391
1111
898
780
854
1096
1383
1603
1872
1997
2084
2195
2112
2023
1964
1953
2003
2097
2275
2392
2500
2598
2612
2471
2187
1833
1395
998
528
295
230
145
288
492
761
953
1136
1426
1720
1897
1961
2098
2193
2312
2454
2488
2536
2533
2349
2123
1731
1210
728
182
-325
-789
-1068
-1067
-982
-752
-407
-114
294
604
573
350
-193
-849
-1516
-2362
-3286
-4121
-4847
-5412
-5691
-5695
-5447
-5117
-4677
-4129
-3616
-3055
-2496
-2108
-1969
-1898
-1814
-1771
-1760
-1789
-1791
-1882
-1997
-2077
-2169
-2327
-2625
-3017
-3563
-4115
-4532
-4764
-4884
-4802
-4304
-3602
-2781
-1776
-670
320
1087
1534
1628
1622
1431
1135
870
558
411
394
388
473
613
596
446
273
44
-150
-318
-268
64
523
1249
2154
3044
3825
4359
4529
4326
3869
3192
2416
1676
1001
549
464
583
870
1346
1756
2111
2384
2441
2340
2192
2004
1855
1820
1919
2248
2659
3118
3402
3517
3607
3286
2745
2162
1482
1009
636
384
515
774
1179
1666
1958
2170
2232
2170
2017
1791
1665
1644
1835
2143
2447
2829
3132
3190
3017
2546
1879
1092
147
-801
-1546
-2015
-2140
-2035
-1733
-1107
-478
2
387
574
387
-170
-857
-1727
-2732
-3624
-4415
-5160
-5817
-6207
-6274
-6172
-5930
-5604
-5215
-4771
-4267
-3644
-3010
-2509
-2144
-1891
-1723
-1604
-1554
-1595
-1661
-1844
-2094
-2252
-2522
-2777
-3056
-3488
-3890
-4273
-4509
-4641
-4564
-4252
-3885
-3279
-2401
-1319
-217
730
1438
1960
2313
2367
2229
1962
1678
1371
1018
836
689
579
450
245
42
-246
-446
-639
-718
-500
-108
473
1232
2158
3030
3774
4359
4577
4476
4006
3278
2550
1829
1185
688
477
638
992
1417
1852
2199
2343
2335
2311
2245
2171
2188
2237
2443
2840
3319
3829
4130
4228
4129
3711
3048
2215
1412
763
404
256
275
623
1075
1582
1957
2211
2382
2242
1950
1673
1599
1604
1733
2056
2363
2726
3094
3179
2858
2280
1474
447
-594
-1522
-2204
-2540
-2663
-2480
-1952
-1255
-410
303
729
911
681
16
-824
-1645
-2532
-3568
-4562
-5348
-6010
-6343
-6263
-6158
-5945
-5697
-5432
-4831
-4126
-3476
-2915
-2494
-2196
-1940
-1717
-1536
-1405
-1537
-1794
-2073
-2423
-2587
-2738
-3047
-3504
-4112
-4565
-4958
-5311
-5393
-5177
-4908
-4478
-3572
-2403
-1053
381
1535
2270
2763
3065
3096
2939
2572
1975
1395
975
665
471
365
211
-52
-385
-756
-961
-1001
-840
-391
147
931
1931
3061
4266
5053
5404
5435
5093
4480
3751
2984
2224
1701
1408
1315
1524
1940
2324
2450
2416
2200
1834
1640
1524
1410
1435
1671
2173
2915
3737
4357
4676
4669
4342
3657
2689
1786
934
221
-139
-260
-140
278
860
1361
1753
1881
1800
1711
1521
1461
1439
1542
1964
2514
3173
3612
3770
3643
3157
2427
1303
-11
-1151
-2031
-2626
-2890
-2705
-2164
-1515
-754
67
609
819
699
99
-788
-1762
-2735
-3606
-4490
-5301
-5919
-6282
-6355
-6287
-6150
-6034
-5894
-5595
-5123
-4487
-3882
-3317
-2762
-2387
-2079
-1792
-1573
-1508
-1646
-1913
-2222
-2488
-2711
-2913
-3167
-3594
-4132
-4584
-4923
-5187
-5203
-4997
-4707
-4177
-3307
-2016
-534
887
2061
2718
3160
3455
3420
3160
2600
1876
1227
691
386
179
-42
-234
-469
-710
-987
-1114
-1013
-817
-394
235
1123
2340
3659
4765
5567
5970
5852
5353
4584
3782
2979
2153
1583
1237
1242
1624
2103
2607
2827
2793
2602
2205
1900
1719
1666
1860
2306
3084
4026
4877
5553
5813
5616
4978
3920
2693
1445
349
-478
-887
-792
-439
231
1090
1709
2131
2236
2054
1876
1640
1463
1442
1685
2183
2755
3459
3992
4125
3818
3043
1912
495
-913
-2185
-3158
-3646
-3715
-3341
-2585
-1572
-582
211
676
597
145
-599
-1613
-2621
-3528
-4344
-5015
-5612
-6011
-6104
-6085
-6022
-6069
-6150
-6048
-5788
-5236
-4601
-3964
-3291
-2772
-2301
-1920
-1662
-1452
-1572
-2010
-2452
-2753
-2830
-2869
-2975
-3228
-3610
-3955
-4343
-4765
-5109
-5285
-5266
-5019
-4369
-3261
-1776
-133
1328
2399
3086
3480
3555
3287
2728
2008
1270
701
407
262
280
335
163
-73
-413
-816
-1045
-1090
-931
-512
217
1302
2750
4253
5553
6393
6677
6424
5678
4692
3581
2534
1644
1065
1007
1308
1855
2551
3078
3303
3257
2938
2408
1874
1519
1377
1572
2118
3027
4226
5269
5956
6199
5854
5011
3770
2334
1027
-108
-929
-1217
-1078
-416
509
1342
2112
2585
2662
2404
2005
1674
1373
1307
1672
2241
2856
3540
4088
4271
3959
3110
1833
297
-1279
-2541
-3347
-3716
-3594
-2977
-1991
-945
30
646
738
378
-507
-1683
-2885
-4009
-4908
-5589
-6109
-6238
-5971
-5517
-5135
-5038
-5062
-5131
-5132
-5125
-4999
-4610
-4190
-3652
-3041
-2405
-1794
-1462
-1376
-1561
-1979
-2450
-2887
-3264
-3671
-3990
-4227
-4547
-4769
-4836
-4835
-4804
-4722
-4418
-3931
-3240
-2117
-855
265
1247
1954
2561
3072
3139
2907
2537
1968
1361
861
535
339
178
-81
-444
-805
-1064
-1077
-995
-778
-339
339
1372
2618
3918
5001
5724
6079
5934
5337
4557
3741
2920
2201
1748
1633
1941
2572
3209
3631
3678
3446
3044
2486
1812
1273
1091
1214
1821
2894
4193
5501
6541
7027
6899
6204
4981
3611
2121
731
-152
-666
-577
73
933
1796
2342
2587
2505
2128
1559
1003
668
514
877
1740
2786
3818
4599
4953
4603
3691
2334
534
-1241
-2668
-3636
-4046
-3887
-3173
-2130
-1097
-346
-186
-703
-1728
-3093
-4572
-6051
-7353
-8069
-7976
-7120
-5898
-4701
-3576
-2822
-2494
-2538
-3086
-3853
-4693
-5363
-5652
-5514
-4855
-3879
-2825
-1983
-1440
-1158
-1330
-1892
-2753
-3830
-4749
-5366
-5578
-5546
-5164
-4333
-3468
-2676
-2102
-1630
-1274
-1075
-930
-949
-814
-425
92
808
1527
2085
2480
2741
2861
2608
2068
1456
686
-129
-767
-1270
-1398
-1150
-737
-96
556
1408
2411
3140
3760
4177
4303
4324
4163
3867
3595
3381
3219
3146
3311
3540
3827
4220
4304
4169
3806
3154
2542
1828
1047
532
316
496
1238
2262
3354
4475
5413
6052
6230
5918
5215
4250
3139
2000
1224
727
584
959
1379
1772
2099
2227
2203
1911
1445
987
598
570
967
1661
2558
3412
4133
4532
4513
4038
3083
1764
211
-1232
-2364
-2944
-3088
-2958
-2521
-2275
-2277
-2420
-2975
-3938
-5154
-6495
-7612
-8133
-8044
-7184
-5941
-4585
-2913
-1556
-633
-214
-663
-1619
-2852
-4237
-5466
-6215
-6403
-6048
-5230
-4293
-3274
-2402
-1917
-1905
-2498
-3377
-4390
-5270
-5838
-6076
-5674
-4849
-3755
-2428
-1272
-337
364
521
184
-447
-1131
-1519
-1684
-1598
-1243
-588
341
1235
1955
2301
2325
1950
1245
530
-243
-790
-982
-895
-415
330
1259
2259
3147
3702
3809
3656
3334
2891
2458
2066
1908
2128
2615
3322
4138
4909
5520
5785
5614
5041
4248
3367
2378
1438
727
459
648
1292
2200
3087
3989
4603
4900
4991
4795
4387
3799
3190
2705
2471
2441
2549
2754
2856
2908
2809
2458
2079
1615
1070
713
599
790
1330
2023
2766
3439
3975
4230
4191
3872
3166
2257
1356
615
-12
-390
-534
-567
-646
-1099
-1726
-2670
-3960
-5364
-6852
-8201
-9192
-9472
-8903
-7633
-6021
-4330
-2609
-1106
-44
320
-12
-903
-2275
-3729
-4895
-5720
-6127
-5972
-5501
-4855
-4004
-3190
-2712
-2766
-3353
-4205
-5087
-5900
-6422
-6524
-6125
-5158
-3845
-2352
-796
539
1399
1716
1413
699
24
-695
-1441
-1913
-1982
-1602
-916
-104
601
1121
1451
1386
1036
436
-279
-692
-952
-963
-697
-97
972
1883
2730
3489
3711
3566
3027
2332
1718
1042
607
653
1133
1913
2955
4199
5288
6059
6325
6045
5309
4126
2789
1511
356
-434
-611
-164
786
2058
3362
4442
5242
5673
5561
5025
4182
3222
2467
1969
1822
2044
2634
3352
3819
4192
4237
3958
3467
2554
1693
1039
829
1108
1664
2582
3511
4331
4867
5003
4675
3871
2763
1533
516
-249
-614
-631
-425
-14
115
-242
-1094
-2475
-4135
-6020
-7958
-9493
-10183
-9893
-8868
-7121
-5037
-2922
-867
524
1097
760
-294
-1717
-3499
-5065
-6036
-6379
-6145
-5470
-4451
-3387
-2503
-2036
-2276
-3145
-4333
-5688
-6913
-7779
-8074
-7398
-6009
-4207
-2255
-485
1009
1948
2160
1608
539
-489
-1405
-2247
-2641
-2452
-1738
-658
262
946
1303
1115
590
-323
-1328
-2156
-2744
-2725
-2183
-1190
138
1526
2787
3701
4062
3782
3131
2247
1224
354
-237
-296
290
1291
2543
3855
5021
5921
6304
6141
5494
4455
3251
2029
1044
394
278
563
1193
2230
3229
4084
4723
5058
5062
4709
4125
3480
2906
2644
2623
2675
2950
3215
3610
3976
3936
3781
3401
2784
2292
1950
1736
1887
2279
2827
3522
4178
4731
5024
4989
4629
3849
2848
1966
1172
611
306
77
-197
-612
-1264
-2280
-3496
-4933
-6621
-8136
-9177
-9535
-9129
-8044
-6486
-4696
-2572
-650
603
1128
842
-35
-1422
-3019
-4498
-5508
-6009
-6036
-5511
-4692
-3699
-2908
-2608
-2889
-3727
-4850
-6064
-7153
-7862
-7915
-7224
-5846
-3936
-1856
142
1851
2871
3106
2564
1409
33
-1366
-2494
-3188
-3342
-2887
-1919
-789
97
608
698
357
-468
-1522
-2532
-3295
-3514
-3105
-2169
-744
991
2579
3825
4516
4543
4014
2904
1516
202
-697
-954
-728
113
1558
3181
4814
6110
6651
6532
5847
4701
3293
1751
482
-261
-368
194
1163
2346
3580
4663
5374
5625
5464
4895
4118
3281
2492
2052
1953
2165
2667
3260
3842
4211
4334
4205
3847
3450
2961
2544
2373
2413
2710
3181
3753
4271
4575
4604
4400
3953
3246
2549
2072
1813
1599
1528
1577
1346
793
-156
-1555
-3309
-5340
-7271
-8852
-9852
-10006
-9373
-8033
-6201
-4070
-1816
-30
959
1161
612
-548
-2146
-3856
-5265
-6165
-6438
-6079
-5270
-4179
-3045
-2349
-2342
-2896
-3968
-5303
-6761
-8186
-9021
-9026
-8112
-6419
-4322
-2016
169
1908
2951
3097
2482
1431
188
-1181
-2310
-2828
-2755
-2211
-1442
-521
249
578
463
-148
-1088
-2253
-3328
-4011
-4152
-3502
-2326
-697
1197
2868
4160
4816
4774
4184
3106
1631
227
-709
-1021
-740
128
1501
2947
4416
5572
6082
5977
5174
3963
2567
1234
263
-276
-243
392
1470
2788
4055
5108
5721
5799
5458
4601
3563
2695
1934
1456
1376
1563
2017
2594
3063
3386
3399
3231
2991
2628
2482
2621
2942
3538
4241
5045
5727
6004
6067
5597
4682
3754
2850
2085
1564
1302
1374
1666
1717
1493
929
-173
-1782
-3849
-6002
-7935
-9368
-9937
-9567
-8350
-6539
-4340
-1944
123
1348
1753
1393
289
-1280
-3036
-4562
-5600
-6069
-5917
-5225
-4098
-2855
-1956
-1595
-1901
-2901
-4196
-5672
-7210
-8408
-8932
-8532
-7389
-5599
-3419
-1240
735
2024
2573
2363
1483
346
-978
-2147
-2910
-3148
-2668
-1713
-530
501
1144
1390
984
57
-1218
-2725
-4050
-4872
-5005
-4436
-3222
-1539
267
1906
3164
3874
3893
3259
2152
863
-174
-730
-747
-228
830
2184
3593
4858
5553
5635
5194
4157
2704
1244
-40
-889
-1089
-730
124
1372
2732
4040
5000
5391
5413
5059
4364
3560
2907
2442
2268
2496
2892
3327
3690
3833
3660
3253
2726
2175
1767
1628
1873
2511
3370
4309
5199
5896
6311
6285
5790
4985
4065
3223
2587
2156
2027
2238
2469
2405
1981
983
-644
-2597
-4807
-6996
-8793
-9881
-9908
-9095
-7624
-5568
-3153
-723
966
1729
1798
1146
-54
-1705
-3520
-4850
-5508
-5610
-5208
-4421
-3427
-2410
-1771
-1923
-2730
-3972
-5392
-6834
-8218
-9058
-8993
-7971
-6267
-4315
-2189
-99
1511
2472
2574
1966
1042
-111
-1358
-2439
-2989
-2865
-2143
-1246
-397
386
807
827
248
-802
-2052
-3325
-4185
-4607
-4535
-3804
-2483
-805
774
2105
3043
3391
3196
2449
1403
322
-484
-697
-427
228
1311
2723
4107
5126
5562
5348
4661
3474
2016
665
-550
-1195
-1267
-871
163
1487
2845
4052
4883
5218
5137
4708
4056
3319
2729
2465
2372
2508
2906
3459
3901
3926
3701
3410
3015
2586
2236
2075
2270
2824
3455
4179
4884
5536
5964
5785
5278
4624
4080
3632
3218
2970
2777
2848
2840
2240
1179
-238
-1961
-4090
-6418
-8264
-9410
-9566
-8942
-7880
-6202
-4034
-1515
528
1522
1707
1381
644
-719
-2502
-4043
-4793
-4943
-4888
-4542
-3712
-2599
-1829
-1915
-2832
-4090
-5355
-6664
-8024
-9181
-9524
-8683
-7038
-5066
-2977
-750
1333
2626
2936
2435
1538
466
-804
-1996
-2861
-2966
-2208
-1172
-251
361
830
1040
526
-583
-1975
-3266
-4190
-4637
-4549
-3885
-2486
-712
995
2357
3089
3384
3321
2573
1426
204
-692
-854
-598
96
1235
2706
4201
5224
5729
5586
4874
3812
2411
871
-324
-950
-1078
-665
190
1268
2433
3510
4211
4432
4267
3824
3178
2500
2079
1909
1956
2311
2939
3493
3875
4070
3918
3638
3143
2471
1967
1740
2012
2607
3188
3818
4483
5166
5585
5415
4792
3953
3223
2736
2281
1914
1902
2284
2671
2535
1799
678
-650
-2371
-4594
-6715
-8172
-8710
-8430
-7722
-6494
-4564
-2250
-206
918
1185
1120
629
-499
-2155
-3752
-4534
-4618
-4365
-4017
-3380
-2305
-1305
-903
-1453
-2479
-3586
-4915
-6394
-7807
-8500
-8179
-7036
-5392
-3718
-1811
220
1673
2228
1950
1309
409
-659
-1681
-2559
-2836
-2363
-1411
-377
360
839
1083
858
-12
-1416
-2811
-3885
-4583
-4792
-4437
-3402
-1904
-367
1067
2147
2637
2619
2027
1060
2
-953
-1470
-1465
-921
3
1221
2584
3681
4460
4680
4135
3217
2009
711
-322
-1149
-1441
-1060
-220
1007
2287
3393
4356
4975
5084
4729
3912
3085
2479
1999
1677
1527
1846
2504
3132
3543
3679
3692
3733
3680
3295
2908
2906
3285
3752
4172
4641
5197
5775
5919
5467
4743
4052
3554
3056
2410
2039
2073
2192
2101
1463
507
-599
-2028
-3828
-5799
-7265
-7931
-7870
-7354
-6367
-4722
-2654
-476
1005
1517
1472
987
26
-1429
-3079
-4369
-4970
-4994
-4632
-3881
-2699
-1449
-653
-651
-1436
-2552
-3929
-5555
-7187
-8405
-8661
-8064
-6737
-4898
-2882
-750
1000
2065
2399
1944
1026
-8
-1098
-2127
-2646
-2439
-1788
-810
246
1002
1350
1275
757
-239
-1577
-2916
-3954
-4469
-4394
-3819
-2817
-1497
-36
1159
1886
2189
2046
1628
971
156
-417
-514
-193
468
1322
2194
3192
3992
4259
4016
3293
2303
1124
132
-724
-1410
-1384
-898
-70
951
1875
2910
3823
4210
4183
3875
3341
2801
2366
1920
1618
1724
2070
2461
2752
2942
3234
3428
3393
3216
3050
3240
3534
3666
3916
4271
4737
5062
4988
4750
4318
3863
3529
2996
2364
2086
2049
1862
1377
625
-262
-1300
-2671
-4388
-5973
-6951
-7288
-7101
-6482
-5387
-3743
-1869
-236
840
1368
1443
967
-129
-1586
-2818
-3695
-4186
-4263
-3981
-3207
-2124
-1103
-591
-680
-1251
-2194
-3339
-4802
-6227
-7043
-7087
-6566
-5614
-4135
-2286
-384
1094
1865
2124
1899
1205
306
-642
-1423
-1790
-1629
-1134
-547
243
965
1259
1165
510
-523
-1637
-2808
-3813
-4482
-4519
-4068
-3251
-2003
-795
176
800
1147
1252
908
333
-242
-462
-195
265
943
1830
2767
3649
4129
4045
3604
2810
1782
670
-485
-1255
-1578
-1391
-781
-144
725
1849
2941
3614
3707
3659
3527
3219
2858
2363
1953
1993
2310
2468
2489
2662
2965
3127
3020
2896
2800
2902
3243
3407
3572
3866
4369
4845
4834
4656
4421
4117
3654
3068
2540
2150
1997
1847
1484
809
62
-742
-1870
-3465
-5163
-6273
-6714
-6666
-6290
-5545
-4297
-2536
-791
434
1168
1347
1055
277
-978
-2244
-3172
-3711
-3982
-3999
-3453
-2498
-1619
-976
-921
-1257
-1816
-2797
-3902
-5012
-5801
-5987
-5779
-5047
-3820
-2389
-859
359
1055
1345
1219
783
128
-556
-1100
-1375
-1202
-725
-27
722
1229
1449
1174
556
-238
-1266
-2363
-3319
-3760
-3675
-3278
-2599
-1750
-791
26
367
352
128
-106
-472
-944
-970
-560
254
1306
2338
3160
3807
4225
4056
3364
2335
1213
209
-583
-1163
-1366
-991
-258
492
1142
1733
2356
2844
2843
2545
2301
2195
2245
2356
2477
2737
3051
3383
3575
3428
3306
3182
2934
2627
2343
2445
2889
3407
3844
4148
4459
4739
4870
4663
4147
3706
3287
2874
2575
2381
2329
2210
1804
1059
150
-837
-2064
-3600
-5080
-6166
-6743
-6620
-6019
-5153
-3913
-2375
-875
223
801
1019
780
25
-1024
-2152
-2849
-3212
-3420
-3368
-3050
-2361
-1659
-1322
-1424
-1770
-2354
-3181
-4087
-4994
-5470
-5291
-4725
-3980
-2952
-1603
-247
580
903
970
577
28
-623
-1337
-1719
-1711
-1261
-629
25
767
1427
1714
1338
486
-446
-1379
-2242
-2865
-3214
-3002
-2236
-1423
-679
46
609
714
406
-242
-1040
-1558
-1811
-1821
-1451
-702
427
1782
2903
3578
3834
3712
3161
2182
952
-160
-780
-1193
-1318
-818
-57
904
1810
2281
2650
2822
2658
2246
1687
1332
1155
1213
1478
1927
2482
2930
3279
3371
3197
2822
2368
2022
1795
1812
2172
2639
3207
3860
4328
4670
4790
4592
4224
3777
3367
2994
2732
2600
2533
2439
1982
1210
322
-787
-2181
-3724
-5025
-5781
-5992
-5763
-5109
-3944
-2434
-846
420
1129
1449
1336
852
-104
-1326
-2190
-2788
-3086
-3205
-3065
-2407
-1640
-1081
-987
-1314
-1825
-2384
-3176
-4190
-5016
-5285
-4887
-4096
-3250
-2267
-867
281
788
740
339
-80
-673
-1385
-2051
-2275
-1857
-1083
-199
568
1177
1655
1743
1204
233
-839
-1897
-2704
-3169
-3305
-2867
-2014
-998
-149
411
733
674
298
-388
-1182
-1778
-1984
-1720
-973
124
1424
2833
3972
4562
4574
4093
3264
2073
674
-536
-1235
-1429
-1242
-609
211
1065
1792
2273
2512
2366
2036
1512
973
666
612
868
1302
1903
2568
3038
3253
3245
2967
2572
2129
1669
1388
1376
1748
2340
2846
3296
3727
4029
4077
3760
3277
2839
2360
1990
1872
1841
1931
1931
1524
840
-75
-1174
-2567
-4004
-5181
-5919
-5873
-5468
-4681
-3372
-1855
-295
956
1740
1949
1651
1013
6
-1205
-2243
-2883
-3159
-3238
-3010
-2395
-1726
-1226
-1091
-1323
-1764
-2451
-3287
-4100
-4727
-4861
-4407
-3646
-2747
-1555
-202
848
1357
1336
1081
584
-140
-891
-1594
-1812
-1492
-955
-316
419
1098
1576
1605
1064
264
-561
-1332
-2112
-2549
-2542
-2201
-1368
-535
74
666
1009
882
327
-450
-1158
-1611
-1736
-1491
-816
266
1524
2744
3729
4203
4195
3765
2861
1695
397
-739
-1425
-1663
-1556
-1028
-83
829
1599
2058
2207
2195
1932
1566
1078
719
673
830
1208
1665
2206
2705
2871
2782
2496
2119
1801
1425
1070
997
1283
1825
2448
2988
3437
3768
3921
3973
3851
3689
3521
3189
2996
2885
2553
1995
1182
230
-858
-2177
-3551
-4782
-5562
-5780
-5536
-4858
-3877
-2557
-1086
152
976
1324
1391
1032
325
-454
-1330
-1931
-2307
-2508
-2540
-2371
-1956
-1693
-1610
-1944
-2468
-2892
-3366
-3911
-4567
-4727
-4308
-3561
-2711
-1856
-737
333
1010
1166
885
437
-20
-532
-1127
-1564
-1501
-998
-266
378
757
1202
1479
1179
502
-369
-1276
-1921
-2281
-2345
-2146
-1467
-370
382
852
1143
1119
851
174
-662
-1386
-1730
-1511
-1043
-300
847
2225
3473
4186
4304
3964
3204
2193
894
-398
-1334
-1933
-1929
-1547
-910
7
939
1754
2192
2206
2044
1684
1127
595
285
325
614
1081
1691
2285
2845
3118
3018
2789
2320
1791
1413
1010
818
1093
1556
2211
2934
3349
3791
4107
4068
3969
3737
3406
3133
2910
2571
2086
1465
650
-288
-1383
-2610
-3823
-4791
-5288
-5392
-5160
-4463
-3437
-2195
-985
-66
680
1076
1152
945
385
-272
-852
-1290
-1664
-1893
-1862
-1763
-1578
-1458
-1674
-1966
-2293
-2794
-3339
-3827
-4145
-4138
-3841
-3378
-2762
-1996
-1121
-322
168
306
292
165
-199
-618
-926
-994
-813
-481
-2
459
802
981
943
594
-42
-736
-1333
-1835
-2208
-2125
-1656
-1136
-533
63
408
547
561
274
-265
-729
-923
-781
-412
91
958
2062
2999
3660
3801
3554
2999
2048
962
-236
-1118
-1603
-1824
-1509
-954
-153
816
1600
2226
2502
2534
2382
1948
1556
1332
1241
1324
1591
1947
2265
2484
2595
2543
2263
1823
1407
1123
889
852
1094
1493
2127
2719
3086
3321
3445
3535
3428
3155
2838
2628
2482
2235
1899
1329
493
-478
-1601
-2883
-4175
-5294
-6064
-6318
-6029
-5365
-4324
-2966
-1628
-434
592
1179
1346
1231
739
136
-430
-1065
-1534
-1813
-1961
-1896
-1762
-1666
-1705
-1922
-2321
-2803
-3228
-3753
-4169
-4209
-3859
-3315
-2700
-1844
-818
160
776
1101
1099
809
545
99
-372
-655
-668
-331
89
551
1029
1426
1516
1229
727
-19
-757
-1358
-1791
-1950
-1709
-1061
-390
317
979
1238
1266
1005
451
-141
-699
-919
-777
-365
459
1574
2683
3562
4054
4078
3602
2736
1603
252
-949
-1782
-2245
-2228
-1778
-907
151
1081
1787
2219
2371
2139
1710
1265
796
595
661
1004
1515
1936
2458
2833
2895
2644
2087
1500
900
512
356
382
772
1359
1994
2618
3125
3337
3355
3341
3091
2744
2431
2148
1955
1764
1359
728
29
-950
-2113
-3418
-4663
-5455
-5913
-5951
-5456
-4531
-3292
-1871
-527
598
1348
1661
1600
1116
430
-266
-853
-1309
-1627
-1699
-1596
-1413
-1284
-1385
-1672
-2023
-2556
-3137
-3711
-4248
-4376
-4119
-3506
-2652
-1691
-564
434
1130
1446
1239
796
240
-457
-1075
-1444
-1367
-932
-313
454
1204
1767
2041
1915
1252
406
-455
-1352
-1983
-2275
-2143
-1592
-794
-27
581
965
1029
809
292
-328
-910
-1266
-1135
-655
123
1204
2405
3442
4080
4363
4072
3210
2107
758
-463
-1402
-2109
-2201
-1882
-1221
-323
519
1275
1690
1825
1716
1491
1043
596
585
637
945
1479
1936
2458
2804
2919
2779
2310
1834
1322
802
667
879
1234
1763
2390
2904
3274
3429
3386
3175
2782
2397
2082
1855
1740
1604
1235
722
63
-830
-1800
-2933
-4037
-4772
-5187
-5173
-4717
-3937
-2797
-1654
-570
335
880
1029
772
372
-333
-969
-1423
-1844
-1992
-2009
-1810
-1510
-1428
-1541
-1826
-2210
-2598
-3177
-3777
-4082
-4088
-3732
-2989
-2142
-1291
-300
567
1086
1168
867
389
-172
-745
-1189
-1356
-1220
-740
-15
727
1467
1998
2122
1881
1291
584
-212
-969
-1412
-1634
-1447
-953
-353
329
840
1135
1071
762
337
-291
-818
-1078
-925
-419
259
1247
2362
3341
3985
4168
3876
3160
2134
929
-184
-1112
-1630
-1709
-1556
-1021
-284
409
967
1217
1273
1225
930
639
481
384
641
1148
1679
2248
2728
3045
3106
2862
2480
2024
1539
1104
796
764
888
1139
1490
1884
2255
2409
2458
2421
2265
2059
1801
1462
1032
584
-75
-989
-1873
-2646
-3433
-4061
-4440
-4617
-4416
-3999
-3316
-2455
-1763
-1117
-659
-318
-158
-337
-543
-784
-920
-977
-1031
-944
-858
-760
-733
-961
-1318
-1778
-2291
-2747
-3264
-3655
-3673
-3477
-2918
-2155
-1446
-571
140
658
961
868
691
360
-121
-588
-861
-837
-614
-150
388
927
1513
1831
1917
1751
1246
715
200
-225
-534
-751
-692
-442
-105
304
567
541
401
207
-202
-638
-961
-1141
-988
-483
332
1273
2245
3097
3712
4030
3963
3560
2777
1865
924
-17
-582
-886
-977
-768
-473
-155
151
491
641
541
473
410
495
748
996
1414
1975
2502
2957
3179
3178
3028
2734
2396
2012
1569
1208
1057
1011
1024
1062
1024
1039
1048
1041
1024
1005
1099
1250
1364
1251
904
366
-391
-1274
-2326
-3423
-4281
-4928
-5175
-4892
-4351
-3596
-2665
-1775
-1057
-553
-247
-270
-557
-790
-1093
-1363
-1482
-1509
-1270
-1014
-702
-452
-584
-741
-1089
-1678
-2308
-2996
-3511
-3788
-3806
-3496
-2841
-2034
-1201
-400
212
610
727
482
21
-486
-887
-1131
-1197
-899
-420
212
888
1437
1871
1993
1844
1388
770
202
-315
-660
-885
-884
-558
-138
248
555
687
596
364
81
-276
-537
-652
-666
-313
294
1130
2072
2856
3504
3783
3793
3484
2883
2191
1482
836
187
-193
-280
-159
46
218
465
568
595
640
533
481
567
701
1015
1438
1878
2398
2833
3055
3149
3102
2803
2436
2059
1780
1574
1393
1447
1468
1536
1550
1465
1511
1475
1495
1474
1378
1327
1156
893
475
-173
-984
-1799
-2607
-3423
-4066
-4330
-4286
-4081
-3590
-2873
-2111
-1331
-777
-490
-211
-86
-286
-577
-806
-1000
-1149
-1269
-1259
-1189
-1249
-1187
-1166
-1516
-1938
-2448
-3032
-3443
-3772
-3997
-3938
-3555
-2983
-2206
-1334
-604
103
543
593
466
100
-337
-779
-1148
-1283
-1210
-885
-368
218
757
1251
1536
1442
1235
1015
683
277
-162
-384
-366
-218
90
361
557
738
783
634
327
-66
-378
-579
-582
-303
138
849
1710
2460
3121
3540
3647
3447
2946
2304
1593
1000
465
76
-27
-113
-31
174
314
427
387
237
39
-163
-156
6
212
710
1330
1891
2409
2770
3095
3185
3063
2856
2488
2147
1814
1646
1519
1371
1366
1286
1291
1354
1424
1555
1611
1713
1675
1425
1160
632
-48
-842
-1905
-2806
-3548
-4082
-4242
-4189
-3904
-3424
-2730
-1994
-1337
-875
-744
-744
-870
-1138
-1405
-1643
-1839
-1936
-1874
-1597
-1311
-1030
-813
-878
-1145
-1562
-2136
-2753
-3403
-3933
-4185
-4091
-3543
-2864
-2022
-1071
-330
218
532
602
390
62
-239
-537
-714
-596
-255
222
857
1408
1760
2046
2120
1847
1424
900
451
117
-135
-148
40
372
761
983
1082
1094
831
575
231
-302
-608
-655
-422
74
819
1642
2278
2830
3153
3255
3102
2645
2047
1328
769
316
156
233
259
445
599
680
659
437
173
-140
-477
-602
-497
-223
174
690
1359
1949
2422
2814
2946
2950
2824
2568
2393
2232
2138
2132
2028
1874
1769
1639
1468
1286
1105
982
932
907
904
707
334
-110
-787
-1661
-2616
-3548
-4186
-4494
-4593
-4280
-3732
-3062
-2172
-1242
-540
-155
-64
-283
-625
-1096
-1631
-2112
-2382
-2440
-2352
-2031
-1536
-1023
-795
-836
-1069
-1456
-2014
-2723
-3350
-3844
-3963
-3630
-2994
-2133
-1208
-335
368
770
861
688
293
-128
-480
-711
-743
-536
-64
470
965
1299
1495
1573
1348
968
524
12
-379
-560
-564
-329
134
692
1131
1376
1410
1243
992
540
-47
-592
-931
-828
-501
96
886
1617
2425
2996
3236
3173
2842
2360
1688
1092
625
462
589
789
1107
1393
1564
1534
1322
922
406
-84
-506
-636
-577
-289
271
865
1498
2067
2507
2784
2852
2766
2580
2390
2317
2368
2370
2384
2472
2440
2307
2069
1744
1443
1077
690
484
325
138
-65
-449
-952
-1599
-2377
-3122
-3725
-4161
-4414
-4299
-3891
-3291
-2410
-1435
-653
-131
18
-81
-371
-949
-1558
-2164
-2625
-2853
-2782
-2330
-1818
-1266
-804
-652
-734
-939
-1349
-2015
-2827
-3516
-3775
-3722
-3370
-2673
-1816
-946
-267
260
493
335
124
-265
-689
-962
-1035
-733
-298
270
844
1217
1555
1590
1308
1014
436
-144
-564
-915
-843
-551
-93
461
893
1193
1335
1301
1028
645
180
-318
-636
-622
-275
297
1019
1783
2493
3032
3342
3315
2855
2254
1613
963
508
380
528
811
1242
1618
1939
2085
1880
1470
804
122
-427
-818
-869
-628
-123
559
1148
1646
2157
2545
2697
2636
2534
2446
2373
2392
2513
2708
2758
2715
2649
2399
2029
1487
928
477
-69
-422
-463
-632
-870
-1060
-1481
-2008
-2538
-3064
-3464
-3800
-3861
-3670
-3242
-2438
-1603
-787
-70
250
240
-43
-551
-1233
-2027
-2753
-3263
-3440
-3155
-2558
-1895
-1183
-696
-520
-524
-875
-1495
-2311
-3130
-3604
-3722
-3442
-2813
-2056
-1179
-364
163
433
317
-68
-537
-1079
-1489
-1652
-1500
-947
-117
717
1469
1964
2143
2090
1611
975
238
-514
-943
-1172
-973
-433
142
789
1320
1634
1807
1682
1225
696
89
-341
-402
-254
291
1109
1945
2695
3240
3658
3671
3214
2547
1717
877
268
-18
-34
230
624
1086
1530
1826
1928
1686
1233
576
-108
-594
-879
-805
-534
-103
438
1010
1612
2013
2286
2463
2530
2521
2516
2643
2824
2993
3115
3082
2948
2733
2346
1957
1548
1059
691
237
-255
-482
-846
-1400
-1995
-2664
-3139
-3490
-3768
-3799
-3687
-3368
-2769
-2065
-1169
-365
30
215
124
-192
-672
-1396
-2214
-2886
-3386
-3573
-3405
-3065
-2500
-1925
-1456
-1137
-1096
-1297
-1771
-2359
-2911
-3356
-3423
-3114
-2608
-1857
-1024
-244
260
439
374
39
-410
-1023
-1518
-1633
-1472
-1067
-358
439
1072
1581
1810
1755
1469
954
347
-374
-1009
-1211
-1109
-763
-223
338
909
1307
1469
1397
1095
684
185
-202
-403
-254
356
1110
1971
2798
3420
3724
3738
3482
2793
1874
1022
307
-227
-314
-57
385
923
1451
1908
2007
1792
1425
896
289
-224
-548
-590
-360
39
638
1239
1681
2076
2329
2462
2557
2526
2597
2820
3079
3349
3490
3560
3445
3195
2939
2454
1834
1197
558
63
-335
-811
-1337
-1809
-2240
-2752
-3353
-3811
-4118
-4237
-4010
-3593
-2976
-2197
-1342
-442
175
498
574
289
-283
-1076
-1972
-2802
-3388
-3716
-3687
-3209
-2593
-1959
-1439
-1167
-1031
-1195
-1657
-2230
-2837
-3228
-3156
-2760
-2152
-1218
-334
355
934
1080
807
232
-460
-1121
-1759
-1960
-1741
-1175
-369
354
1141
1717
1964
1902
1422
755
-100
-846
-1297
-1478
-1316
-967
-316
464
1014
1390
1446
1156
756
243
-365
-806
-895
-574
77
976
2008
2927
3711
4098
3954
3505
2755
1828
831
-36
-453
-536
-230
338
952
1567
1964
2195
2094
1593
987
373
-179
-477
-572
-377
109
587
1115
1604
1972
2230
2262
2225
2150
2109
2339
2599
2922
3219
3339
3476
3365
3063
2683
2050
1353
782
292
-164
-635
-1090
-1489
-1942
-2514
-3206
-3750
-4015
-4132
-4143
-3966
-3408
-2609
-1670
-757
-79
394
505
310
-130
-925
-1746
-2475
-3131
-3565
-3694
-3456
-2907
-2263
-1729
-1287
-1038
-1087
-1466
-2018
-2599
-3027
-3095
-2879
-2276
-1368
-466
308
898
1065
868
438
-272
-1009
-1666
-2046
-1982
-1586
-830
74
956
1657
1910
1838
1532
914
57
-697
-1242
-1516
-1367
-961
-375
310
915
1286
1380
1260
828
179
-378
-839
-1077
-855
-294
524
1545
2637
3565
4104
4291
4161
3627
2778
1812
854
166
-38
74
336
798
1328
1755
1996
1950
1614
1122
603
-23
-368
-259
-19
363
855
1392
1924
2228
2314
2327
2268
2179
2095
2181
2390
2719
3055
3108
3066
2904
2530
2050
1452
743
157
-219
-434
-566
-783
-1084
-1516
-2066
-2691
-3347
-3962
-4440
-4678
-4647
-4243
-3475
-2443
-1257
-231
428
830
835
450
-215
-1196
-2177
-3101
-3783
-3917
-3658
-3019
-2209
-1517
-934
-595
-638
-950
-1547
-2399
-3142
-3487
-3429
-2937
-2141
-1123
17
854
1253
1211
725
-45
-909
-1703
-2300
-2485
-2071
-1312
-284
937
1852
2520
2822
2537
1933
1025
-57
-883
-1383
-1567
-1354
-835
-157
568
1260
1696
1792
1546
1005
399
-210
-625
-663
-481
163
1276
2318
3334
4257
4720
4744
4348
3619
2575
1483
607
-75
-240
-73
195
795
1420
1832
1980
1717
1274
725
107
-388
-668
-666
-462
-120
411
947
1402
1783
1891
1909
1835
1687
1664
1695
1907
2130
2344
2664
2705
2524
2349
2128
1714
1124
618
159
-322
-757
-1187
-1793
-2547
-3212
-3702
-4084
-4332
-4365
-4235
-3840
-3166
-2327
-1405
-546
48
425
640
519
79
-569
-1295
-2118
-2782
-3079
-3095
-2722
-2239
-1782
-1330
-1019
-890
-1076
-1462
-1963
-2617
-3068
-3112
-2862
-2294
-1507
-679
141
708
814
657
179
-562
-1222
-1773
-2026
-1854
-1284
-466
380
1156
1791
2180
2173
1761
1080
300
-490
-1065
-1339
-1330
-882
-328
131
634
980
1175
1105
612
21
-549
-981
-1133
-945
-320
514
1497
2561
3436
4068
4325
4155
3490
2525
1564
648
14
-290
-303
-34
422
933
1399
1688
1595
1248
701
142
-329
-658
-576
-311
83
665
1304
1940
2380
2572
2548
2365
2182
2103
2193
2435
2678
2806
2939
3085
3099
2907
2512
2156
1741
1230
830
467
153
-209
-709
-1289
-1962
-2622
-3277
-3860
-4163
-4377
-4296
-3803
-3141
-2207
-1162
-214
450
718
730
371
-329
-1150
-2062
-2839
-3269
-3414
-3165
-2629
-2031
-1389
-931
-742
-920
-1465
-2116
-2910
-3674
-4040
-3965
-3448
-2629
-1641
-664
227
843
824
535
-77
-981
-1707
-2277
-2402
-2002
-1294
-308
778
1726
2395
2632
2460
1925
1000
84
-682
-1232
-1315
-1111
-605
189
898
1396
1730
1767
1390
842
179
-502
-859
-934
-587
161
1069
2176
3240
4051
4500
4554
4193
3342
2370
1493
709
255
53
126
529
947
1327
1566
1492
1213
781
209
-323
-698
-874
-789
-402
174
762
1335
1841
2232
2379
2320
2256
2153
2067
2117
2240
2420
2573
2700
2733
2631
2445
2049
1665
1166
681
416
37
-253
-628
-1216
-1774
-2393
-3148
-3821
-4329
-4641
-4620
-4368
-3840
-3120
-2159
-1147
-437
118
325
198
-137
-820
-1708
-2500
-3096
-3467
-3513
-3284
-2744
-2084
-1538
-1073
-870
-996
-1470
-2171
-2923
-3532
-3766
-3605
-3045
-2285
-1367
-350
433
850
981
701
81
-584
-1243
-1607
-1571
-1252
-600
241
1000
1712
2285
2430
2191
1617
839
77
-574
-943
-983
-757
-264
367
959
1427
1636
1572
1282
683
93
-333
-606
-547
-246
363
1326
2396
3333
3980
4301
4174
3638
2978
2175
1358
713
267
161
310
555
837
1125
1196
1027
684
151
-319
-749
-964
-900
-670
-66
585
1221
1817
2225
2482
2517
2456
2338
2190
2098
2148
2244
2342
2477
2469
2365
2169
1797
1329
872
453
170
-69
-334
-523
-876
-1283
-1768
-2409
-2928
-3483
-3934
-4037
-3906
-3571
-3042
-2235
-1309
-519
188
669
655
448
7
-849
-1622
-2281
-2645
-2640
-2526
-1984
-1287
-752
-297
-186
-390
-874
-1658
-2525
-3248
-3665
-3620
-3086
-2353
-1432
-399
376
782
771
333
-416
-1281
-2021
-2493
-2619
-2336
-1635
-664
366
1302
1809
1935
1729
1097
242
-742
-1428
-1786
-1924
-1693
-1161
-424
221
738
1070
1099
767
231
-290
-830
-1100
-1007
-618
116
1089
2146
3075
3824
4219
4217
3821
3079
2232
1429
858
554
555
803
1224
1756
2134
2229
2121
1773
1170
543
5
-327
-417
-215
345
990
1603
2146
2604
2879
2839
2724
2575
2403
2287
2278
2479
2632
2846
3012
2958
2840
2473
2019
1505
900
365
-45
-412
-794
-1204
-1756
-2260
-2786
-3326
-3718
-4072
-4330
-4262
-3939
-3481
-2772
-1989
-1205
-645
-340
-174
-333
-680
-1317
-2121
-2795
-3282
-3437
-3379
-3035
-2407
-1876
-1397
-1081
-1105
-1333
-1866
-2611
-3336
-3826
-3861
-3552
-2923
-1946
-952
-64
622
869
765
232
-513
-1254
-1830
-1917
-1761
-1242
-399
544
1536
2247
2614
2626
2234
1506
729
40
-496
-718
-619
-286
201
781
1318
1639
1696
1498
983
446
-39
-495
-543
-322
122
957
1942
2973
3829
4223
4309
4072
3395
2496
1545
696
189
-69
-23
319
672
1081
1337
1331
1075
619
97
-449
-824
-969
-816
-453
102
795
1387
1859
2145
2228
2102
1870
1679
1585
1712
2024
2348
2596
2855
2997
2836
2602
2238
1648
1066
503
105
-168
-531
-915
-1358
-1823
-2327
-2846
-3318
-3812
-4116
-4065
-3692
-3149
-2403
-1406
-503
203
667
812
786
433
-294
-1165
-2089
-2789
-3027
-2980
-2739
-2293
-1690
-1141
-909
-957
-1250
-1789
-2477
-3215
-3803
-3987
-3692
-2913
-1951
-967
-31
595
846
622
72
-738
-1571
-2175
-2528
-2333
-1683
-781
185
1068
1762
2130
2081
1599
922
95
-657
-1127
-1287
-1109
-704
-57
638
1105
1318
1226
959
493
-219
-838
-1290
-1303
-881
-239
657
1591
2621
3545
4009
4140
3884
3264
2499
1646
989
586
426
545
817
1230
1548
1710
1722
1528
1037
417
-43
-367
-433
-213
312
903
1402
1927
2428
2720
2674
2492
2313
2164
2290
2610
2897
3270
3486
3577
3517
3264
3042
2563
1965
1399
852
536
310
-67
-556
-1183
-1896
-2564
-3298
-3927
-4326
-4576
-4573
-4220
-3482
-2583
-1582
-593
60
427
540
380
-151
-956
-1823
-2659
-3295
-3571
-3412
-3120
-2666
-2129
-1765
-1509
-1528
-1844
-2400
-3119
-3868
-4391
-4413
-3992
-3192
-2158
-1101
-183
405
661
551
-56
-916
-1750
-2369
-2623
-2337
-1549
-620
396
1240
1864
2261
2155
1728
938
-6
-785
-1409
-1563
-1306
-798
-135
544
1211
1647
1879
1660
1064
446
-381
-964
-1080
-932
-440
403
1520
2629
3590
4344
4614
4361
3708
2718
1712
923
442
311
438
775
1273
1805
2201
2329
2039
1436
671
-54
-589
-870
-684
-313
188
858
1531
2183
2549
2638
2564
2369
2196
2175
2364
2650
2942
3208
3393
3461
3412
3233
2755
2066
1287
476
-164
-630
-1064
-1505
-1929
-2405
-2784
-3101
-3441
-3662
-3816
-3850
-3615
-3075
-2298
-1386
-490
219
654
883
865
457
-201
-1026
-1988
-2803
-3228
-3278
-2971
-2430
-1874
-1333
-906
-731
-910
-1505
-2327
-3109
-3724
-3957
-3715
-3093
-2277
-1293
-360
164
461
426
13
-735
-1620
-2226
-2532
-2407
-1863
-969
0
893
1720
2144
2182
1754
926
-13
-984
-1649
-1961
-1967
-1584
-942
-110
713
1308
1652
1632
1244
575
-173
-781
-1194
-1192
-751
-78
835
2004
3167
4002
4376
4253
3744
2872
1859
1048
470
231
312
671
1358
1979
2393
2639
2416
1850
1153
300
-431
-865
-1060
-857
-410
229
1060
1726
2254
2568
2624
2493
2355
2385
2421
2584
2815
3079
3443
3669
3725
3576
3219
2540
1702
942
93
-644
-1396
-2198
-2861
-3444
-3770
-3879
-3873
-3727
-3486
-3136
-2627
-2104
-1522
-815
-244
190
482
658
643
324
-308
-1276
-2135
-2827
-3406
-3582
-3491
-3225
-2728
-2251
-1819
-1465
-1501
-1838
-2323
-2888
-3288
-3315
-3023
-2483
-1712
-857
-76
383
440
249
-261
-1015
-1802
-2435
-2552
-2247
-1615
-787
78
981
1662
2077
2054
1553
780
-143
-956
-1547
-1842
-1747
-1360
-794
-66
734
1376
1735
1718
1315
782
166
-428
-658
-615
-255
514
1457
2513
3504
4125
4333
4066
3292
2349
1416
637
185
37
239
744
1438
2155
2606
2658
2368
1692
850
-2
-700
-964
-994
-748
-234
481
1331
1990
2415
2622
2662
2593
2453
2456
2641
2876
3159
3489
3799
4057
4155
3894
3331
2580
1648
740
-206
-1132
-1974
-2881
-3579
-4020
-4223
-4250
-4132
-3841
-3502
-2993
-2332
-1604
-945
-417
141
564
742
770
505
-108
-901
-1748
-2567
-3238
-3604
-3641
-3430
-3096
-2830
-2480
-2068
-2042
-2281
-2664
-3108
-3241
-3162
-2847
-2223
-1438
-590
85
586
709
423
-59
-861
-1740
-2463
-2708
-2397
-1720
-795
147
1112
1873
2225
2308
2039
1318
474
-337
-1077
-1342
-1135
-765
-246
444
1105
1648
1939
1834
1455
819
140
-369
-691
-616
-165
527
1388
2301
3191
3756
3904
3692
3081
2233
1329
574
141
57
272
649
1105
1749
2295
2465
2375
1845
1026
282
-369
-820
-1008
-880
-530
-57
518
1062
1514
1723
1798
1810
1762
1875
2142
2415
2624
2945
3296
3526
3606
3442
3122
2565
1920
1230
541
-112
-1121
-2233
-3147
-3897
-4426
-4822
-4984
-4778
-4289
-3679
-2951
-1980
-997
-86
642
981
1153
1103
800
249
-604
-1518
-2316
-2885
-3129
-3061
-2904
-2569
-2169
-2007
-1966
-1942
-2139
-2668
-3190
-3560
-3510
-2936
-2170
-1243
-244
616
1268
1557
1333
774
-120
-1164
-1978
-2448
-2403
-1868
-1074
-114
932
1784
2293
2414
2112
1402
434
-452
-1170
-1536
-1475
-1145
-528
194
913
1589
2018
2027
1676
1051
242
-473
-978
-1186
-1021
-485
323
1278
2332
3259
3789
3789
3284
2462
1560
715
68
-210
-276
-85
498
1172
1725
2198
2384
2007
1497
972
249
-338
-636
-714
-595
-214
311
912
1513
1904
2056
2208
2324
2401
2608
2656
2713
2879
3086
3376
3510
3510
3339
2945
2417
1798
1074
279
-736
-1887
-2968
-4002
-4676
-5026
-5124
-4982
-4642
-3996
-3049
-1949
-930
1
665
1028
1170
1090
831
245
-554
-1344
-2109
-2618
-2773
-2773
-2671
-2496
-2272
-2130
-2132
-2237
-2533
-3000
-3473
-3768
-3751
-3311
-2450
-1364
-358
521
1168
1356
1186
691
-125
-1055
-1972
-2530
-2505
-2115
-1384
-434
436
1221
1773
1876
1675
1128
340
-421
-1101
-1386
-1210
-789
-130
578
1180
1794
2169
2124
1755
1041
201
-518
-1075
-1274
-1020
-528
281
1307
2262
3180
3674
3693
3398
2666
1864
1111
540
258
113
376
795
1257
1960
2315
2306
2061
1513
964
310
-226
-486
-569
-386
-70
346
799
1208
1556
1780
1938
2046
2158
2446
2736
2917
3093
3238
3345
3357
3352
3181
2740
2218
1570
969
312
-530
-1478
-2574
-3503
-4345
-4939
-5131
-5166
-4931
-4412
-3640
-2599
-1453
-439
421
976
1144
1119
926
447
-333
-1251
-2090
-2669
-2928
-2986
-2824
-2487
-2194
-1970
-1890
-2009
-2278
-2703
-3300
-3819
-3861
-3419
-2684
-1727
-607
447
1253
1695
1639
1172
320
-789
-1747
-2442
-2796
-2525
-1742
-880
10
903
1620
2085
1976
1434
766
-30
-700
-1047
-1094
-856
-367
210
813
1386
1753
1888
1638
1075
501
-184
-850
-1106
-1046
-697
114
1018
1933
2848
3421
3716
3602
3076
2400
1604
921
471
238
359
667
1012
1472
1753
1829
1770
1406
1041
712
398
181
111
153
273
477
740
1089
1278
1443
1572
1734
2066
2405
2774
3027
3251
3330
3249
3189
3026
2741
2401
2036
1571
1096
696
231
-458
-1389
-2333
-3242
-4063
-4659
-5134
-5263
-5001
-4467
-3618
-2573
-1349
-235
579
1058
1151
1028
615
-55
-853
-1776
-2446
-2672
-2758
-2585
-2170
-1808
-1544
-1512
-1686
-2061
-2575
-3203
-3813
-4098
-3978
-3419
-2458
-1240
-172
690
1347
1479
1193
568
-434
-1472
-2220
-2561
-2456
-2021
-1232
-253
598
1312
1759
1823
1584
1058
297
-365
-778
-973
-854
-503
6
574
1064
1478
1696
1595
1333
886
255
-241
-556
-618
-323
143
812
1630
2398
3090
3441
3476
3231
2679
2086
1440
882
540
376
418
658
1045
1384
1583
1630
1582
1313
907
648
361
222
224
124
210
288
379
718
916
1066
1257
1489
1905
2257
2526
2869
3069
3043
3051
2962
2762
2572
2258
1964
1617
1130
631
-81
-1044
-2089
-3172
-4167
-4891
-5269
-5261
-5048
-4557
-3665
-2623
-1470
-401
417
989
1204
1190
984
545
-51
-789
-1513
-2103
-2398
-2398
-2301
-2159
-1996
-1849
-1905
-2149
-2534
-3094
-3603
-3939
-3980
-3554
-2831
-1879
-739
234
971
1333
1236
816
7
-982
-1856
-2471
-2679
-2320
-1672
-903
69
896
1437
1617
1563
1199
566
-18
-576
-812
-758
-516
-92
368
922
1446
1790
1812
1577
1181
527
-92
-476
-712
-603
-247
312
1142
1988
2847
3450
3626
3557
3072
2306
1610
998
573
369
451
756
1103
1607
1984
2097
2022
1674
1272
790
281
4
-150
-135
86
347
657
978
1241
1460
1637
1774
2016
2333
2518
2751
2989
3019
3025
2961
2902
2750
2383
2119
1692
1131
570
-193
-1169
-2246
-3302
-4308
-5033
-5442
-5429
-5194
-4782
-3876
-2862
-1843
-781
117
693
933
1052
856
458
-100
-904
-1528
-2117
-2611
-2743
-2679
-2547
-2397
-2259
-2142
-2234
-2564
-2988
-3512
-3833
-3899
-3627
-2878
-1842
-731
274
1072
1423
1333
798
-13
-898
-1765
-2393
-2641
-2298
-1629
-770
133
926
1627
1958
1893
1494
965
392
-146
-377
-395
-241
249
861
1366
1801
2053
2091
1890
1403
795
181
-349
-590
-522
-249
307
1162
2052
2716
3247
3461
3217
2793
2144
1418
796
365
359
640
972
1396
1877
2109
2173
2076
1686
1232
730
334
101
-2
77
197
395
601
732
896
1085
1204
1329
1540
1943
2337
2548
2854
3072
3115
3059
2884
2726
2486
2079
1597
988
285
-398
-1348
-2449
-3479
-4458
-5084
-5376
-5457
-5251
-4702
-3922
-3014
-1983
-934
-7
664
1196
1462
1408
1117
501
-181
-964
-1690
-2178
-2593
-2725
-2630
-2490
-2289
-2233
-2450
-2705
-2986
-3388
-3679
-3705
-3312
-2492
-1407
-271
743
1530
1844
1614
982
110
-911
-1840
-2462
-2692
-2350
-1640
-836
60
857
1423
1631
1454
1109
589
50
-318
-535
-527
-204
270
689
1178
1623
1803
1761
1428
881
304
-239
-626
-911
-888
-383
250
1051
1910
2555
3075
3161
2768
2322
1756
1152
758
523
590
932
1372
1867
2259
2429
2469
2274
1875
1452
939
617
478
400
454
466
544
633
658
637
661
947
1246
1603
2131
2632
3058
3403
3603
3639
3464
3096
2778
2397
1895
1300
570
-128
-1003
-2046
-3033
-3940
-4726
-5311
-5544
-5514
-5179
-4524
-3724
-2689
-1638
-705
226
859
1248
1440
1274
927
281
-568
-1299
-1969
-2475
-2739
-2720
-2543
-2460
-2323
-2346
-2628
-2942
-3385
-3833
-4067
-3944
-3340
-2410
-1275
-113
874
1654
1978
1789
1184
189
-807
-1641
-2136
-2153
-1861
-1202
-464
267
946
1286
1362
1046
509
-29
-540
-785
-773
-537
-63
527
1101
1643
2006
2100
1938
1502
851
199
-288
-561
-594
-388
172
961
1741
2385
2944
3229
3055
2644
2097
1546
1089
776
725
947
1367
1808
2215
2574
2545
2282
1913
1302
876
594
403
409
430
589
760
832
823
637
459
337
311
626
1132
1667
2270
2882
3388
3622
3667
3551
3164
2693
2170
1593
1150
605
-166
-938
-1777
-2754
-3568
-4232
-4826
-5107
-5160
-4875
-4233
-3384
-2265
-1114
-72
760
1282
1585
1666
1412
818
-96
-1089
-1916
-2566
-2916
-2984
-2871
-2663
-2459
-2228
-2125
-2405
-2921
-3524
-4114
-4442
-4308
-3632
-2569
-1276
111
1350
2156
2445
2107
1172
-52
-1282
-2280
-2859
-2742
-2158
-1286
-295
585
1335
1509
1219
681
-106
-914
-1562
-1790
-1667
-1141
-289
520
1392
2109
2438
2476
2096
1406
578
-276
-757
-913
-830
-325
442
1417
2386
3027
3425
3503
3028
2270
1485
745
318
193
293
768
1435
2093
2610
2713
2461
1958
1217
500
-23
-348
-294
48
536
1088
1479
1712
1632
1265
898
633
542
715
1213
1882
2647
3337
3778
4032
3996
3673
3084
2430
1812
1136
534
62
-428
-1087
-1835
-2607
-3323
-3941
-4408
-4740
-4878
-4631
-4071
-3264
-2282
-1205
-52
901
1511
1938
2042
1676
892
-54
-1078
-2164
-2852
-3206
-3280
-2976
-2611
-2296
-2106
-2110
-2436
-3104
-3906
-4555
-4813
-4517
-3581
-2230
-598
969
2167
2879
2934
2338
1152
-188
-1475
-2488
-2849
-2570
-1747
-673
401
1266
1855
1959
1450
686
-286
-1201
-1711
-1889
-1636
-881
99
1138
2033
2614
2932
2753
2174
1280
286
-478
-1096
-1239
-876
-221
777
1939
2909
3562
3820
3550
2782
1723
711
-72
-421
-362
-41
708
1653
2410
2887
3024
2662
1818
914
114
-455
-593
-461
-33
573
1094
1502
1588
1319
883
398
47
-12
232
768
1487
2196
2978
3560
3773
3761
3398
2854
2232
1546
1010
551
29
-554
-1309
-2068
-2788
-3535
-4107
-4551
-4772
-4713
-4410
-3879
-3062
-1965
-892
175
1066
1749
2087
2017
1712
797
-310
-1296
-2193
-2701
-2901
-2742
-2376
-2026
-1709
-1682
-1952
-2562
-3501
-4351
-4985
-4984
-4207
-3033
-1426
325
1832
2858
3212
2907
1944
486
-1057
-2255
-2949
-2982
-2277
-1197
-56
985
1676
1848
1516
754
-297
-1360
-2157
-2525
-2357
-1713
-765
376
1466
2281
2691
2654
2204
1375
392
-573
-1276
-1512
-1307
-642
391
1552
2607
3477
3945
3906
3390
2447
1437
564
86
0
326
1041
1807
2640
3350
3569
3280
2665
1819
904
169
-231
-293
-33
461
1016
1439
1625
1626
1398
1038
645
493
600
926
1672
2418
3055
3638
3954
4015
3682
3134
2549
1793
1073
489
-99
-770
-1494
-2241
-3053
-3822
-4413
-4910
-5234
-5168
-4854
-4394
-3734
-2812
-1682
-606
324
1024
1465
1622
1311
663
-165
-1152
-2091
-2796
-3072
-2982
-2673
-2217
-1897
-1823
-2030
-2602
-3458
-4375
-5110
-5386
-4970
-3835
-2232
-480
1140
2399
3130
2969
2129
910
-625
-1932
-2887
-3162
-2639
-1681
-420
744
1731
2215
2015
1419
422
-700
-1694
-2380
-2501
-2045
-1157
-65
1207
2295
2857
3087
2844
2127
1114
49
-768
-1255
-1223
-760
135
1362
2574
3698
4391
4501
4092
3315
2326
1252
470
72
123
628
1437
2343
3118
3591
3554
3099
2363
1541
693
-15
-229
-56
353
917
1468
1856
1993
1898
1593
1181
823
617
717
977
1434
2066
2595
3069
3265
3332
3229
2760
2073
1241
466
-392
-1352
-2237
-3016
-3689
-4263
-4560
-4586
-4610
-4425
-4081
-3767
-3211
-2607
-1963
-1130
-331
438
1041
1291
1330
980
287
-557
-1614
-2474
-2933
-3139
-3030
-2617
-2216
-1914
-1842
-2100
-2568
-3370
-4149
-4497
-4362
-3617
-2417
-909
721
2055
2800
2926
2368
1149
-205
-1586
-2724
-3277
-3174
-2299
-1165
45
1126
1718
1836
1446
615
-459
-1441
-2100
-2219
-1854
-1146
-36
1203
2267
3052
3375
3093
2437
1577
558
-382
-1005
-1028
-572
157
1178
2283
3198
3757
3808
3275
2463
1522
552
-79
-304
-50
687
1572
2505
3254
3515
3423
2926
2134
1193
212
-390
-666
-666
-235
463
1120
1596
1939
1973
1676
1373
989
683
712
947
1379
2063
2835
3429
3851
4007
3955
3544
2623
1535
379
-864
-2053
-3050
-3815
-4238
-4358
-4278
-3983
-3653
-3348
-2992
-2699
-2455
-2121
-1685
-1119
-417
394
1197
1745
1960
1718
990
27
-1032
-2161
-3062
-3533
-3688
-3449
-3057
-2674
-2370
-2528
-2930
-3584
-4394
-4636
-4538
-4071
-3004
-1590
173
1681
2647
3118
2845
1901
580
-880
-2158
-2924
-3055
-2534
-1571
-372
739
1515
1827
1576
854
-46
-928
-1644
-1899
-1667
-942
171
1390
2479
3307
3690
3504
2876
1915
851
-106
-702
-892
-713
9
980
1974
2812
3195
3120
2617
1742
754
-61
-626
-796
-430
401
1483
2500
3315
3761
3729
3299
2452
1501
630
-63
-303
-254
85
622
1207
1734
1958
1950
1668
1134
586
129
-71
128
609
1340
2247
3225
4094
4520
4483
3990
3075
1753
2
-1681
-3076
-4167
-4781
-4883
-4499
-3879
-3128
-2456
-2029
-1857
-1889
-1863
-1788
-1687
-1335
-656
175
1089
1719
1957
1899
1200
123
-1053
-2177
-2981
-3491
-3686
-3526
-3121
-2737
-2461
-2447
-2819
-3193
-3528
-3846
-3699
-3063
-2056
-731
671
1803
2471
2705
2338
1392
198
-987
-1941
-2442
-2435
-2012
-1214
-258
615
1232
1299
882
198
-623
-1419
-1992
-2048
-1556
-738
259
1379
2354
3008
3188
2865
2197
1201
210
-497
-876
-698
-17
876
1843
2582
2887
2883
2450
1682
796
-72
-572
-621
-192
611
1644
2723
3502
3838
3788
3310
2364
1282
272
-467
-859
-920
-556
-15
677
1368
1762
1934
1876
1501
975
579
404
506
903
1593
2511
3469
4268
4796
4939
4466
3461
2003
165
-1646
-3251
-4656
-5539
-5727
-5413
-4680
-3701
-2684
-1833
-1348
-1159
-1182
-1206
-1239
-1141
-666
-36
713
1420
1847
1853
1416
684
-361
-1504
-2470
-3206
-3574
-3609
-3351
-3011
-2830
-2796
-3065
-3407
-3715
-3942
-3840
-3347
-2452
-1278
65
1234
2016
2417
2309
1644
607
-483
-1366
-1841
-1911
-1548
-843
5
931
1478
1544
1177
467
-306
-1147
-1797
-2090
-1926
-1350
-502
600
1654
2431
2806
2687
2160
1388
459
-217
-523
-548
-141
575
1520
2302
2705
2915
2661
1991
1166
254
-453
-758
-549
79
908
1849
2694
3216
3365
3182
2649
1768
846
169
-274
-271
47
487
1053
1494
1929
2182
2095
1873
1496
1052
700
614
806
1211
1843
2638
3455
4044
4207
4044
3465
2323
813
-836
-2476
-3953
-4944
-5416
-5395
-4849
-3942
-2840
-1879
-1157
-622
-433
-525
-641
-750
-681
-328
148
587
850
914
635
45
-740
-1500
-2129
-2671
-2971
-3097
-2943
-2688
-2595
-2724
-3217
-3657
-3892
-4012
-3801
-3287
-2399
-1184
24
1182
2031
2252
1928
1159
175
-886
-1770
-2133
-2090
-1635
-778
121
908
1478
1519
1098
366
-572
-1370
-2025
-2348
-2107
-1454
-439
649
1631
2460
2853
2775
2273
1500
714
52
-342
-291
165
826
1730
2590
3093
3264
3039
2439
1601
699
-24
-283
-103
456
1303
2194
3073
3635
3786
3584
2987
2170
1295
484
-217
-577
-553
-227
259
711
1226
1528
1560
1483
1258
1027
831
731
886
1202
1721
2522
3250
3817
4136
4032
3458
2402
904
-891
-2718
-4383
-5644
-6394
-6453
-5882
-4936
-3717
-2639
-1791
-1138
-787
-628
-670
-713
-538
-163
334
771
1073
1144
904
342
-475
-1360
-2193
-2807
-3057
-3066
-2932
-2591
-2286
-2276
-2525
-2946
-3412
-3779
-3891
-3604
-2930
-1886
-560
695
1715
2331
2415
2009
1105
-47
-995
-1569
-1881
-1687
-940
-74
718
1336
1682
1590
1007
184
-787
-1691
-2238
-2356
-1995
-1200
-191
847
1736
2256
2447
2338
1757
922
167
-392
-578
-448
17
822
1651
2379
2799
2830
2590
2031
1361
774
315
156
406
1016
1741
2521
3155
3454
3438
3056
2461
1685
861
248
-180
-295
-67
279
755
1191
1535
1788
1786
1669
1546
1408
1326
1408
1675
2143
2777
3459
4050
4437
4434
3957
2963
1402
-369
-2203
-3982
-5354
-6176
-6277
-5733
-4681
-3411
-2309
-1368
-714
-417
-423
-643
-781
-696
-367
141
734
1250
1429
1264
683
-312
-1396
-2373
-3223
-3759
-3866
-3659
-3183
-2746
-2540
-2548
-2758
-3048
-3365
-3575
-3402
-2793
-1954
-890
179
1057
1710
1861
1536
819
-173
-1039
-1566
-1836
-1777
-1342
-683
100
695
1077
1186
861
315
-395
-1045
-1541
-1712
-1422
-906
-145
691
1489
2157
2385
2286
1965
1420
817
407
308
367
734
1362
1897
2364
2586
2466
2148
1547
909
444
115
191
633
1151
1852
2579
3055
3262
3021
2435
1663
794
24
-564
-817
-906
-761
-406
31
559
958
1190
1124
1014
946
854
893
1046
1510
2223
3016
3803
4480
4857
4810
4290
3075
1322
-579
-2570
-4371
-5608
-6303
-6226
-5533
-4595
-3323
-2067
-1167
-538
-191
-85
-174
-255
-34
351
966
1609
1988
2175
1919
1244
283
-809
-1855
-2725
-3285
-3585
-3550
-3327
-3020
-2788
-2818
-2856
-3017
-3218
-3258
-3118
-2573
-1815
-956
42
876
1412
1572
1364
819
20
-747
-1368
-1785
-1873
-1676
-1139
-422
79
482
754
609
203
-260
-772
-1163
-1399
-1335
-817
-209
521
1288
1744
2033
2065
1767
1288
796
515
385
465
820
1272
1778
2110
2144
2039
1732
1244
755
312
60
202
560
1014
1654
2339
2909
3200
3217
2939
2372
1723
995
354
-92
-257
-109
112
510
1024
1420
1559
1467
1317
1126
939
787
845
1265
2003
2874
3790
4626
5054
4941
4198
2758
856
-1272
-3330
-4974
-6179
-6697
-6447
-5631
-4355
-2985
-1777
-818
-304
-148
-141
-314
-522
-447
-184
104
569
962
1152
986
432
-236
-1179
-2067
-2825
-3515
-3835
-3911
-3745
-3402
-3111
-2866
-2481
-2215
-2138
-1941
-1763
-1529
-1169
-621
-23
381
750
931
940
772
336
-117
-531
-907
-1034
-927
-739
-402
41
394
573
542
441
219
-184
-435
-556
-557
-336
39
487
906
1196
1367
1420
1277
1125
992
892
956
1101
1274
1479
1573
1517
1385
1177
902
616
436
348
457
778
1191
1710
2184
2528
2687
2659
2474
2070
1533
1041
544
199
141
94
358
850
1175
1520
1742
1816
1711
1431
1225
1152
1268
1644
2326
3111
3882
4533
4708
4355
3452
1884
-66
-2130
-4117
-5667
-6693
-6980
-6450
-5378
-4023
-2671
-1524
-683
-43
193
108
-64
-257
-157
52
292
660
941
969
765
343
-313
-1102
-2017
-2922
-3689
-4166
-4423
-4419
-4109
-3709
-3078
-2532
-2091
-1581
-1278
-1089
-993
-1034
-1019
-957
-749
-404
-24
400
497
527
580
392
162
-134
-469
-583
-537
-447
-132
126
354
573
514
365
102
-141
-239
-237
-85
84
303
688
997
1188
1263
1275
1382
1428
1574
1783
1891
1943
1867
1687
1417
1041
583
196
-6
21
278
716
1200
1644
2143
2507
2597
2547
2319
1913
1501
1151
819
575
514
603
848
1116
1379
1512
1518
1566
1414
1159
949
933
1178
1610
2300
3101
3854
4339
4381
3888
2738
948
-1113
-3057
-4824
-6142
-6730
-6518
-5672
-4415
-2921
-1536
-474
157
377
288
8
-307
-420
-370
-188
234
715
1161
1365
1262
847
206
-617
-1675
-2638
-3425
-3980
-4244
-4235
-3933
-3376
-2671
-1934
-1242
-705
-312
-163
-193
-360
-610
-716
-699
-674
-512
-121
234
509
623
568
426
56
-317
-712
-1092
-1206
-1167
-1065
-917
-715
-540
-472
-399
-347
-404
-496
-589
-562
-393
-190
-18
215
622
1027
1388
1692
2034
2324
2285
2008
1473
853
251
-374
-788
-961
-904
-509
197
997
1725
2328
2789
2967
2701
2274
1882
1384
961
845
871
1059
1513
1886
2161
2366
2272
2065
1696
1237
901
581
616
1168
1924
2791
3684
4497
5045
5019
4368
3059
1203
-840
-2828
-4583
-5838
-6296
-6061
-5265
-4125
-2879
-1575
-565
19
106
-80
-225
-368
-435
-467
-319
66
499
818
843
628
198
-417
-1162
-2030
-2763
-3241
-3519
-3573
-3442
-3243
-2840
-2303
-1863
-1531
-1358
-1169
-1015
-1018
-984
-910
-911
-845
-743
-602
-455
-344
-85
46
148
308
311
316
205
-16
-202
-362
-452
-449
-494
-536
-479
-500
-368
-188
-23
222
234
322
464
519
724
1040
1446
1865
2298
2744
3030
3059
2748
2084
1355
508
-459
-1235
-1737
-1698
-1262
-595
386
1379
2320
2982
3269
3162
2654
2033
1336
777
506
469
716
1273
1855
2335
2625
2530
2166
1534
778
79
-500
-722
-355
539
1667
2799
3802
4458
4540
3811
2282
349
-1748
-3763
-5318
-6241
-6515
-6022
-4883
-3569
-2249
-1126
-316
117
-42
-370
-702
-1051
-1038
-747
-271
406
941
1227
1310
1039
451
-351
-1311
-2194
-2819
-3191
-3191
-2873
-2474
-1889
-1346
-1027
-656
-462
-541
-648
-870
-1132
-1235
-1241
-1172
-1052
-841
-516
-296
-125
56
80
56
61
63
48
2
31
84
117
150
152
173
50
-103
-184
-333
-310
-297
-356
-179
28
210
558
957
1389
1870
2262
2615
2945
3022
2790
2370
1730
892
36
-718
-1291
-1563
-1537
-1233
-626
191
1036
1698
2091
2293
2301
2054
1674
1260
929
805
871
1078
1469
1840
2060
2139
1992
1684
1147
622
180
-82
44
480
1236
2118
2985
3613
3824
3519
2572
1109
-662
-2562
-4304
-5585
-6248
-6232
-5622
-4528
-3223
-2032
-945
-127
248
327
137
-161
-288
-286
-37
449
898
1241
1417
1318
942
351
-397
-1194
-2126
-2836
-3089
-3229
-3143
-2766
-2227
-1698
-1273
-811
-504
-395
-392
-521
-635
-762
-898
-1012
-1076
-1055
-866
-731
-611
-307
-80
131
258
331
394
388
396
320
243
217
215
196
128
49
-85
-110
-85
-126
-56
-3
164
452
706
1127
1592
2055
2540
2929
3173
3211
2927
2375
1673
853
66
-687
-1336
-1648
-1604
-1218
-545
202
962
1588
1952
2172
2192
1947
1613
1382
1222
1170
1408
1746
1964
2095
2119
2025
1588
950
374
-170
-492
-506
-149
549
1528
2479
3213
3680
3550
2955
1775
100
-1696
-3316
-4486
-5287
-5425
-5019
-4173
-3054
-2105
-1160
-512
-277
-246
-447
-648
-766
-818
-614
-160
335
780
1051
1015
705
185
-528
-1392
-2203
-2820
-3141
-3242
-3101
-2663
-2258
-1881
-1491
-1230
-1020
-872
-953
-1025
-1064
-1220
-1202
-1114
-1000
-811
-594
-417
-323
-210
-174
-148
-72
-78
-1
92
110
241
403
619
734
676
605
435
193
-57
-315
-516
-552
-436
-150
256
816
1472
1950
2418
2912
3234
3408
3394
3073
2530
1922
1275
521
-177
-643
-953
-1066
-942
-534
-113
278
728
968
1112
1181
1151
1110
1081
1221
1435
1701
2116
2417
2518
2445
2182
1717
1135
614
198
20
47
319
898
1647
2420
2956
3180
2987
2330
1393
140
-1249
-2505
-3469
-4070
-4310
-4085
-3496
-2749
-1982
-1324
-938
-750
-699
-822
-953
-1028
-995
-762
-354
120
561
863
923
709
239
-444
-1238
-2006
-2759
-3288
-3421
-3386
-3124
-2545
-2007
-1564
-1164
-958
-809
-832
-1009
-1201
-1424
-1485
-1370
-1176
-902
-623
-387
-101
115
221
253
80
-154
-298
-435
-523
-406
-118
163
475
793
976
1004
955
725
368
101
-267
-415
-231
-9
434
996
1715
2410
2869
3267
3424
3379
3120
2602
2070
1480
816
254
-278
-600
-672
-636
-314
63
418
797
1077
1224
1275
1248
1106
1026
1034
1196
1485
1833
2196
2380
2394
2247
1931
1492
999
462
-4
-173
-51
349
943
1638
2346
2767
2797
2443
1672
565
-731
-2056
-3197
-3989
-4332
-4171
-3635
-2822
-1959
-1281
-829
-652
-695
-893
-1218
-1524
-1690
-1593
-1184
-626
24
560
822
920
678
116
-478
-1269
-2131
-2679
-3058
-3088
-2849
-2528
-2002
-1612
-1320
-1125
-1106
-1128
-1200
-1289
-1410
-1416
-1266
-999
-677
-445
-125
57
-23
-38
-129
-254
-433
-648
-661
-657
-615
-339
29
226
341
490
551
535
314
39
-150
-325
-303
-140
119
477
950
1471
1924
2380
2772
3016
3041
2839
2543
2195
1794
1314
795
339
-113
-415
-407
-313
-142
165
352
562
867
999
1102
1087
1028
1050
1010
1189
1466
1766
2104
2194
2124
1992
1705
1314
936
514
299
284
459
1046
1680
2236
2718
2924
2758
2194
1365
272
-1019
-2168
-3010
-3661
-3933
-3756
-3275
-2591
-1985
-1408
-977
-860
-948
-1106
-1350
-1636
-1688
-1589
-1342
-932
-436
-62
124
269
148
-153
-577
-1122
-1549
-1965
-2276
-2283
-2190
-2058
-1767
-1459
-1202
-1097
-1079
-1047
-1169
-1148
-1039
-1066
-983
-833
-643
-477
-371
-205
-71
57
145
117
22
-77
-43
-19
69
222
344
559
626
632
692
615
474
282
107
35
21
142
485
869
1270
1848
2375
2765
3027
3080
3059
2810
2390
2003
1555
1100
585
106
-177
-327
-342
-213
7
260
581
820
1096
1258
1118
1089
952
834
835
859
1084
1267
1509
1664
1666
1546
1319
1068
704
438
220
171
453
910
1418
2020
2518
2729
2641
2075
1138
-62
-1402
-2607
-3567
-4301
-4659
-4527
-4085
-3353
-2520
-1871
-1391
-1110
-1062
-1138
-1230
-1380
-1472
-1395
-1161
-826
-394
39
207
138
-24
-208
-553
-1019
-1384
-1616
-1746
-1824
-1726
-1561
-1444
-1181
-1022
-1022
-992
-1013
-1077
-1153
-1190
-1185
-1084
-961
-920
-799
-546
-338
-148
49
258
472
567
668
652
569
470
299
181
114
86
50
-7
-55
-73
-7
20
-68
46
276
493
843
1246
1673
2073
2421
2648
2751
2763
2598
2255
1870
1425
913
482
125
-129
-253
-247
-149
83
465
763
901
1011
1070
910
813
783
726
706
680
916
1187
1340
1388
1364
1318
1047
725
408
112
76
200
421
877
1451
2108
2683
2939
2893
2388
1473
320
-950
-2183
-3165
-3731
-4070
-4083
-3655
-2990
-2214
-1545
-1055
-698
-581
-676
-769
-834
-844
-683
-578
-477
-243
68
256
242
211
-65
-353
-597
-1021
-1249
-1423
-1549
-1511
-1471
-1295
-1167
-1077
-1019
-1035
-969
-1026
-1102
-1151
-1221
-1130
-1058
-908
-724
-564
-241
-7
303
617
725
792
718
594
360
32
-110
-295
-519
-650
-734
-594
-395
-209
34
195
323
512
653
795
1085
1278
1426
1697
1901
2070
2268
2346
2298
2080
1701
1339
923
480
24
-385
-537
-482
-387
-170
186
518
849
1000
952
846
678
524
398
300
326
439
640
830
952
1098
1012
736
488
241
-95
-249
-39
304
853
1573
2306
2808
2944
2776
2276
1364
89
-1239
-2394
-3141
-3597
-3649
-3243
-2728
-1973
-1300
-779
-413
-390
-406
-623
-915
-1026
-995
-781
-550
-217
193
471
620
552
340
57
-304
-656
-943
-1109
-1197
-1197
-1163
-1118
-954
-824
-858
-966
-1113
-1248
-1279
-1431
-1578
-1432
-1287
-1103
-850
-627
-332
-97
104
231
211
176
165
117
-23
-207
-380
-458
-499
-563
-549
-561
-553
-530
-597
-457
-200
-70
93
321
574
873
1215
1483
1767
2035
2104
2171
2128
2074
1983
1631
1270
828
411
36
-256
-282
-291
-201
27
290
588
789
901
844
693
581
381
240
243
274
391
598
809
948
989
991
846
528
298
221
232
357
604
1089
1715
2183
2531
2616
2323
1700
755
-317
-1379
-2168
-2798
-3162
-3044
-2803
-2263
-1522
-952
-547
-401
-335
-448
-698
-826
-907
-832
-757
-518
-69
355
640
601
510
308
-131
-523
-898
-1316
-1508
-1509
-1434
-1207
-989
-776
-613
-623
-710
-947
-1250
-1379
-1511
-1627
-1499
-1202
-888
-551
-210
74
311
366
314
241
11
-173
-315
-456
-367
-234
-92
79
157
209
168
59
-63
-240
-277
-205
-172
83
426
794
1294
1676
1994
2229
2281
2252
2100
1897
1721
1465
1113
807
574
379
261
116
19
12
30
164
239
341
512
554
514
427
459
464
403
464
559
668
806
978
1013
937
798
563
428
319
226
306
463
802
1291
1711
2029
2111
1946
1477
644
-321
-1186
-1936
-2474
-2669
-2684
-2490
-1983
-1369
-879
-536
-407
-408
-491
-721
-817
-783
-744
-615
-358
67
326
417
486
284
35
-292
-817
-1223
-1462
-1557
-1485
-1371
-1157
-867
-674
-559
-652
-906
-1148
-1365
-1556
-1656
-1632
-1602
-1331
-996
-739
-482
-347
-200
-219
-330
-432
-508
-456
-437
-373
-133
119
301
490
630
608
485
325
57
-135
-268
-409
-368
-142
182
560
975
1421
1857
2075
2175
2162
2069
1969
1732
1469
1175
956
730
532
456
274
103
-11
13
120
128
199
326
393
417
524
636
644
771
891
951
1054
1060
1127
1109
883
762
630
472
477
460
489
683
955
1268
1497
1545
1427
1173
716
24
-701
-1368
-1877
-2156
-2325
-2226
-1951
-1566
-1154
-906
-828
-873
-873
-943
-1109
-1211
-1150
-930
-659
-365
-44
195
270
171
-92
-350
-730
-1117
-1369
-1575
-1596
-1466
-1200
-951
-745
-541
-514
-632
-761
-947
-1121
-1295
-1443
-1306
-1112
-831
-522
-301
3
118
129
91
-79
-230
-341
-318
-235
-96
144
409
721
903
991
1035
837
580
373
148
-17
-47
-20
140
431
782
1228
1547
1763
1887
1964
2015
1922
1864
1647
1344
1191
871
575
402
194
10
-163
-193
-221
-254
-123
43
251
366
442
595
650
727
788
832
937
855
844
908
792
750
683
467
362
351
244
284
457
561
794
982
1011
957
607
186
-183
-682
-1156
-1537
-1781
-1923
-1850
-1622
-1415
-1123
-948
-843
-736
-718
-781
-912
-938
-970
-956
-731
-554
-283
-61
-109
-130
-242
-402
-615
-979
-1218
-1308
-1309
-1215
-1032
-743
-532
-364
-201
-169
-167
-292
-613
-823
-917
-987
-932
-802
-623
-428
-197
-110
-169
-229
-382
-479
-530
-574
-562
-395
-53
198
494
825
908
874
757
498
238
-44
-225
-264
-232
-11
196
490
875
1055
1249
1348
1344
1320
1171
1121
1061
1001
979
804
671
557
366
113
-119
-243
-362
-390
-266
-32
172
314
480
689
793
777
823
798
755
775
819
836
842
871
807
793
754
635
618
626
607
654
693
675
646
551
435
185
-144
-412
-680
-825
-940
-1018
-1012
-977
-852
-793
-774
-781
-776
-755
-834
-858
-837
-710
-476
-355
-277
-308
-341
-262
-300
-420
-509
-593
-686
-717
-677
-625
-566
-481
-325
-230
-203
-237
-408
-451
-498
-648
-724
-777
-718
-721
-718
-572
-563
-527
-470
-505
-525
-551
-557
-508
-452
-279
-64
69
324
495
652
789
675
533
413
304
143
64
72
17
6
213
421
589
867
941
989
1072
1077
1065
936
838
825
672
590
634
486
440
343
134
151
110
53
95
104
112
218
362
505
686
781
871
952
953
887
812
747
652
614
554
417
416
541
457
412
531
532
484
315
121
-41
-343
-582
-652
-694
-720
-762
-768
-720
-659
-667
-797
-828
-845
-924
-920
-947
-918
-784
-660
-474
-277
-117
-55
-100
-199
-337
-455
-601
-756
-886
-831
-681
-665
-515
-304
-155
-46
-45
-72
-226
-411
-540
-639
-699
-745
-667
-491
-321
-174
-31
46
106
69
-135
-316
-424
-492
-488
-453
-322
-90
86
346
551
522
511
466
329
221
54
-145
-231
-155
-4
148
353
593
762
830
982
1021
901
874
739
614
642
596
583
671
618
674
736
604
542
425
322
201
95
144
103
141
356
529
697
817
796
738
631
513
377
123
-72
-153
-171
-50
92
177
285
301
279
254
111
-34
-275
-471
-507
-519
-483
-441
-360
-365
-381
-391
-472
-524
-676
-802
-904
-920
-761
-700
-545
-358
-329
-198
-131
-225
-280
-391
-545
-682
-778
-756
-701
-640
-595
-443
-311
-279
-215
-245
-290
-328
-387
-376
-376
-332
-316
-407
-252
-83
-82
-72
-45
-13
-14
9
2
34
27
34
-23
-102
0
-19
21
131
273
393
314
359
340
290
299
141
32
-15
49
149
217
412
574
674
775
960
1086
1055
1072
1095
1101
1060
951
860
766
627
560
532
484
449
323
321
306
178
248
303
303
257
245
282
249
273
258
247
171
91
135
58
-63
-138
-257
-328
-275
-196
-213
-276
-241
-215
-201
-166
-220
-312
-349
-332
-384
-388
-321
-327
-338
-379
-490
-569
-578
-581
-549
-525
-508
-423
-320
-339
-371
-341
-478
-595
-633
-747
-812
-795
-763
-686
-619
-561
-406
-375
-355
-227
-178
-122
-83
-114
-120
-115
-174
-178
-147
-179
-125
-51
-70
-12
9
-26
34
36
-14
-34
5
47
35
88
118
126
200
240
199
137
175
163
85
138
160
142
173
244
347
425
518
627
697
762
942
1107
1095
1082
1098
1042
999
943
762
644
529
400
389
318
199
164
187
223
223
145
89
34
-36
-95
-109
-126
-175
-131
-82
-99
-136
-153
-180
-218
-257
-363
-451
-470
-463
-379
-269
-174
-146
-114
-55
-134
-196
-202
-295
-309
-204
-254
-260
-186
-254
-240
-243
-300
-274
-260
-252
-229
-274
-251
-189
-260
-307
-285
-298
-406
-516
-595
-579
-543
-539
-388
-305
-176
11
-28
40
122
89
102
62
79
90
52
13
-53
-43
-14
8
42
85
142
132
157
137
66
109
131
110
123
103
151
203
89
44
73
60
6
-2
110
126
112
228
272
268
390
401
396
519
546
535
534
618
695
633
603
552
498
424
245
152
114
-10
-140
-181
-178
-263
-272
-148
-144
-155
-169
-249
-287
-385
-476
-434
-371
-348
-300
-202
-86
-8
-64
-85
-99
-180
-218
-319
-378
-337
-283
-213
-99
1
105
249
246
217
156
48
44
-22
-185
-271
-210
-132
-93
-68
-28
-8
18
44
-78
-202
-253
-254
-246
-313
-287
-244
-197
5
93
57
-27
-36
37
-16
-80
-122
-98
-3
95
223
313
303
242
160
106
46
-40
-107
-146
-76
6
94
269
364
344
318
253
175
77
-95
-183
-246
-298
-283
-251
-121
-5
51
110
198
103
-11
2
-79
-65
-87
-103
-34
38
134
185
353
424
346
424
377
248
261
180
125
108
32
10
58
159
200
155
95
59
-12
-78
-103
-134
-173
-141
-40
-7
42
72
18
11
6
60
88
-4
-28
-28
-60
-86
-39
-31
9
106
55
117
200
206
206
133
109
35
-64
-120
-163
-210
-244
-268
-277
-304
-354
-341
-298
-250
-200
-129
-110
-125
-94
-9
96
106
48
21
-39
-114
-128
-165
-257
-252
-171
-151
-94
-50
37
80
21
-38
-149
-180
-227
-276
-192
-110
-34
5
-10
59
51
-42
-64
-167
-231
-274
-320
-262
-214
-130
-62
-34
-4
-31
22
108
95
82
45
-11
11
40
81
119
104
206
309
285
285
289
309
335
352
356
356
423
391
401
380
221
263
253
204
196
145
138
115
173
222
169
122
119
120
70
40
56
85
29
-95
-129
-135
-185
-203
-172
-169
-137
-86
-98
-92
-103
-27
65
25
-24
-16
55
35
-4
-27
-2
49
-33
-83
-165
-254
-273
-299
-260
-185
-158
-204
-146
-49
28
193
236
235
241
124
51
-73
-169
-133
-211
-250
-234
-225
-220
-222
-178
-221
-178
-125
-300
-321
-278
-325
-255
-244
-210
-121
-108
-108
-88
-38
-100
-132
-111
-171
-161
-141
-107
-78
-39
24
69
154
176
197
134
112
188
157
220
224
198
281
295
323
304
217
239
325
334
263
260
302
316
392
363
289
279
240
241
176
177
190
92
86
33
-5
36
15
60
104
57
27
15
-60
-106
-65
-85
-90
-141
-189
-156
-167
-171
-171
-185
-171
-116
-29
6
15
52
59
87
58
25
11
-91
-50
42
13
22
28
-6
-36
-107
-144
-142
-151
-186
-211
-154
-90
-117
-82
45
2
-98
-149
-177
-179
-220
-214
-191
-196
-226
-278
-237
-185
-147
-103
-130
-227
-242
-190
-222
-161
-148
-117
-16
-64
-45
-59
-34
19
-26
-15
44
123
120
121
193
138
42
104
159
164
156
84
34
28
108
174
188
194
266
391
359
295
264
282
298
197
119
75
22
29
69
16
66
165
102
123
100
29
101
49
-67
-109
-183
-178
-160
-172
-122
-46
5
-54
-102
-90
-101
-160
-262
-369
-361
-202
-68
-76
-39
140
122
101
181
77
53
94
79
68
40
143
202
158
248
234
132
125
13
-106
-140
-217
-298
-274
-246
-212
-146
-164
-153
-185
-183
-136
-214
-264
-288
-221
-153
-205
-108
-40
-55
-2
-62
-55
-36
-41
-18
-128
-96
-17
21
116
156
165
165
214
203
170
184
137
129
132
156
164
149
196
223
262
201
158
227
187
96
53
42
26
-7
38
54
-36
-12
82
70
70
95
101
142
156
151
96
-1
-20
-35
-39
-37
1
18
-39
60
62
12
-21
-34
81
-27
-117
-87
-51
30
42
46
51
82
65
-19
-27
-61
-210
-251
-190
-233
-209
-154
-105
-9
-33
0
32
1
-14
-48
-16
-33
-8
33
-3
9
-47
-76
-113
-215
-179
-235
-282
-277
-376
-337
-290
-198
-73
-122
-124
-146
-252
-233
-182
-146
-78
-31
-14
-63
25
92
103
190
210
285
270
194
170
180
275
342
338
378
404
350
351
350
291
185
184
198
123
130
114
113
149
71
-7
47
33
-75
-71
-44
-63
-134
-185
-197
-181
-112
-203
-256
-229
-303
-257
-212
-190
-138
-133
0
51
26
37
-120
-130
-51
-67
-58
-79
10
107
116
131
135
131
164
139
70
104
148
159
133
218
326
235
218
185
66
47
22
-4
-56
-73
-28
-35
26
4
-11
46
-45
-53
-29
-40
-61
-74
-43
-44
14
24
-9
2
-54
-159
-214
-226
-256
-271
-328
-293
-199
-167
-137
-163
-118
-27
-71
-123
-166
-189
-184
-198
-99
-23
13
84
82
88
109
120
124
80
74
85
91
162
206
175
142
180
190
238
287
171
148
120
42
58
-55
-141
-81
-132
-96
-27
-16
72
-1
-60
-89
-145
-100
-122
-128
-113
-215
-221
-186
-165
-74
-67
-55
16
75
-14
-57
31
51
64
49
85
91
89
161
117
105
154
140
80
-9
1
77
112
143
174
146
192
223
156
80
-17
4
26
-71
-138
-143
-141
-143
-90
-6
-28
-8
23
-21
44
-6
-59
-36
-110
-25
24
-12
85
98
38
-6
2
41
22
-35
-76
-65
-48
16
50
6
83
92
75
108
27
11
-11
2
59
-11
-94
-115
-15
50
44
73
32
76
94
4
-10
-5
13
-5
-20
-19
-81
-99
-60
-23
-73
-144
-97
-98
-115
-94
-158
-221
-218
-210
-203
-166
-127
-99
-131
-183
-155
-97
-101
-97
-56
-34
-35
-65
-82
-64
15
32
15
32
43
67
69
137
168
181
174
130
165
137
171
205
195
212
221
219
118
155
148
102
193
189
181
129
80
122
153
107
-17
-1
22
-116
-120
-88
-157
-146
-117
-48
-34
-33
35
-65
-120
-108
-166
-141
-66
-70
-57
-53
-4
93
41
46
15
-120
-149
-131
-92
-20
15
34
27
57
106
67
66
116
161
72
2
47
-4
-32
71
79
4
64
58
-29
-23
-36
3
-34
-70
-5
-60
-27
2
-32
-94
-118
-83
-172
-181
-118
-132
-107
-80
-128
-109
-89
-112
-145
-220
-179
-140
-150
-78
-79
-11
29
6
100
68
-8
-15
-5
-27
1
53
64
103
57
45
72
82
66
25
19
9
-20
3
98
88
114
176
137
97
114
185
130
44
44
83
97
158
205
80
73
117
98
106
49
-40
-59
-80
-85
-17
-34
-43
-26
9
57
-58
-93
-51
-134
-128
-85
-80
-44
-101
-75
5
-27
-82
-93
-34
-96
-119
-25
-40
3
37
50
109
45
21
50
75
53
10
58
-13
44
126
18
75
51
23
30
-44
6
-51
-97
-26
5
-58
-143
-106
-110
-98
-95
-210
-151
-38
-48
-77
-114
-94
-45
-30
11
33
-33
-70
-50
-8
21
65
99
103
130
97
127
106
125
205
122
144
145
154
257
174
87
104
88
63
24
45
29
-16
-18
-32
9
-10
-22
-32
-64
-9
-21
-67
-70
-30
5
-39
-40
50
98
19
-46
15
38
-21
12
-9
-116
-161
-166
-90
-66
24
59
20
103
-63
-61
55
-82
-41
-46
-73
1
-44
-8
17
-36
-51
-22
31
-12
-1
32
-3
37
43
-25
-24
81
123
97
122
89
41
30
-25
-21
-22
-15
19
-51
-35
28
29
-11
-77
-57
-44
-115
-129
-134
-167
-155
-158
-190
-158
-88
-141
-137
-131
-112
-45
-91
-90
-104
-122
-69
-14
15
40
66
48
30
127
162
83
109
140
178
168
116
161
189
189
161
151
142
137
125
104
154
135
175
153
1
48
71
33
52
4
-36
16
18
-8
-8
-76
-11
33
-12
103
111
87
87
-7
24
30
-53
-92
-100
-89
-89
-57
-21
-33
0
-52
-99
-1
-33
-29
-24
-84
-104
-185
-165
-120
-103
-142
-117
-66
-105
-5
-5
-26
83
74
40
73
-17
-95
-31
8
45
52
53
87
105
156
170
87
70
105
69
45
31
-1
68
3
-51
34
-46
-15
37
-19
-71
-152
-118
-116
-157
-122
-93
-61
-21
-1
-64
-14
64
-72
-65
-21
-152
-104
-51
-56
36
-14
14
120
98
110
125
145
124
95
119
85
76
74
77
84
74
120
144
135
179
155
91
92
79
-11
-36
59
-51
-140
16
35
11
111
148
120
78
20
9
-17
-50
-88
-113
-85
-123
-190
-138
-20
19
13
1
-29
-31
-118
-231
-217
-157
-139
-142
-104
-48
-34
-68
-88
-65
-23
-26
-76
-146
-214
-192
-174
-178
-101
21
99
102
159
157
14
-4
59
111
65
63
99
-25
-18
17
-2
-31
-44
29
44
36
-5
-20
-26
-88
-68
-49
-92
-111
-39
-39
-108
-71
-45
-50
-75
-94
-69
-62
-69
-42
-10
-36
-21
43
86
107
90
128
117
43
72
62
51
123
145
145
95
70
193
215
145
142
90
74
75
67
84
64
29
-1
13
-12
-38
-15
-7
-47
-27
-57
-128
-69
-69
-68
-100
-127
-142
-180
-151
-138
-95
-111
-100
-93
-116
-103
-141
-125
-132
-108
-58
-58
-43
-40
-33
-18
-17
-31
39
52
30
58
75
43
-54
3
95
31
-19
65
140
190
198
132
139
133
135
133
31
-10
36
22
-43
31
117
81
97
87
77
104
33
-46
-67
-27
-73
-136
-91
-143
-140
-111
-113
-64
-88
-57
-52
-99
-81
-130
-118
-74
-85
-57
-17
-13
-48
0
38
32
82
125
102
40
84
92
42
34
-53
-46
17
46
99
100
115
124
112
97
79
59
16
19
67
4
-99
-44
-38
-62
-47
-78
-94
-72
-61
-116
-153
-192
-112
-56
-101
-64
-125
-85
19
-42
-41
-7
-9
-8
-17
-62
-72
-11
23
42
27
16
38
69
85
74
57
24
56
30
-44
-7
17
51
76
35
72
86
46
104
98
69
62
20
63
87
19
-6
-8
-16
-34
4
75
13
22
103
74
23
-15
-60
-71
-72
-88
-48
-47
-80
-9
32
-18
-48
-64
-58
-64
-143
-123
-97
-107
-40
-59
-29
6
-43
-26
4
54
-6
-88
-53
-13
6
47
101
54
43
55
14
32
89
120
80
-13
-70
-54
-33
-57
-72
61
83
42
57
-69
-36
-49
-128
-78
-148
-180
-118
-88
-63
-55
-91
-91
-14
-31
-100
-58
-63
-112
-38
-6
-71
-54
7
42
74
55
46
141
162
118
115
49
32
49
55
91
112
107
131
165
151
120
98
117
71
17
39
-34
-54
64
14
-26
8
-38
1
33
88
110
53
28
-2
5
-5
-67
-92
-35
-39
-44
-14
53
57
-42
-45
-19
19
44
17
-23
1
0
-29
23
23
3
-29
-38
-18
-25
24
-14
-70
-40
-15
8
24
12
32
107
16
-11
45
-12
7
6
70
33
-54
48
-51
-55
53
35
27
-23
-4
20
6
12
7
-62
-82
-52
-106
-85
-77
-44
26
-11
-43
-105
-118
-85
-70
-39
-28
-11
-52
-167
-177
-63
-38
-21
41
91
117
72
55
57
34
17
35
37
8
40
80
59
73
122
93
66
101
97
89
78
-24
-59
-7
32
42
21
3
-13
52
58
-41
-59
-73
-110
-101
-87
-32
20
-31
-25
-50
-79
12
-5
-30
54
8
-134
-42
-15
-74
14
2
-4
-28
-35
15
26
83
9
-95
12
37
-35
-35
-13
24
-26
44
120
40
49
54
66
-14
-103
-32
-32
-16
-10
-65
33
73
71
66
-19
-54
-15
51
-8
-21
-32
-66
-9
-55
-19
23
8
76
9
37
69
-55
-81
-104
-108
-82
-90
-41
-43
-145
-99
-11
-38
-11
78
91
-15
-28
45
62
63
34
10
-12
27
113
148
156
109
112
140
148
187
147
102
95
63
64
37
109
191
50
8
48
-7
46
70
39
85
29
-32
-78
-158
-131
-72
-84
-89
-54
-58
-42
-63
-130
-73
-75
-79
17
-35
-77
-78
-106
-71
-2
-11
17
65
6
77
73
-37
-16
-19
-9
32
-24
9
-11
-75
46
52
33
51
37
52
47
4
-63
-40
-3
-14
21
-17
-16
72
3
32
77
2
-12
-49
-34
-15
-43
-25
-20
-79
-59
17
43
45
27
9
21
-16
-99
-56
-37
-83
-43
-33
-11
-4
-27
34
25
2
-27
-67
-37
-36
-30
-17
2
-10
7
64
45
24
19
55
118
86
62
30
-39
10
9
-31
32
83
41
-38
-71
-10
43
2
-7
1
23
-53
-118
-54
-98
-69
7
-28
-23
-41
-92
-101
-65
-11
-4
10
-11
-48
-31
-34
10
37
37
45
55
37
23
71
52
93
159
150
96
12
16
88
53
-23
47
37
53
106
90
86
12
76
104
52
73
24
-37
-28
31
-30
-63
5
-4
-22
1
-9
-34
-24
-16
32
-13
-22
-36
-124
-63
-62
-33
-16
-106
-112
-98
-71
-63
-63
-56
-99
-67
-35
-63
-74
-75
-14
-37
-78
-31
-15
-7
30
44
16
102
107
-29
4
37
31
77
91
87
113
38
-35
38
63
86
77
-16
-36
15
42
103
53
-25
1
39
28
-53
-42
-64
1
33
-36
2
-55
-23
28
-36
1
76
48
-10
2
8
61
28
-32
61
79
78
66
0
-33
35
75
5
51
82
48
87
108
100
36
0
45
1
-43
-57
-68
-51
-44
-28
-3
-39
-113
-93
-38
24
14
-40
-33
-25
2
-24
-37
-6
6
-31
-30
7
-81
-54
-26
-90
-46
-39
-63
-75
-86
-79
-68
-109
-137
-88
-45
17
32
-40
-61
-60
-91
-72
-59
-68
-82
-42
47
86
128
119
75
109
130
101
71
90
85
58
52
-16
-22
-7
68
117
89
89
10
27
55
39
3
-87
-64
-35
-42
-68
-22
21
-65
-76
-92
-97
-8
32
30
20
-24
-12
3
-33
-8
-22
56
60
14
47
-19
12
22
15
18
-19
39
88
58
7
29
58
40
89
46
-2
31
-18
0
-43
-86
-99
-109
12
-7
-33
21
-15
-9
39
-47
-80
-16
-24
-5
-22
-22
2
-65
-67
-25
-10
19
-29
-41
-2
-50
-73
-67
-7
33
-41
-55
-60
-30
22
-7
-62
-119
-137
-102
-36
8
-28
-38
-15
60
41
-6
107
56
38
48
75
166
106
81
75
34
23
80
27
-10
34
41
98
147
157
86
51
81
82
32
-8
17
12
7
24
-35
-68
15
11
35
51
-52
24
13
-56
36
41
18
52
25
13
57
16
-51
-81
-32
-3
-11
23
-13
-44
-51
1
28
45
121
33
-22
31
26
11
-34
-28
-9
23
42
-49
-73
-31
-53
-67
-55
-56
-31
-34
-26
-17
-52
-44
-28
-26
-63
-87
-125
-98
-5
-57
-73
-67
-79
-36
-45
-9
-26
-42
-35
-101
-95
-48
7
-13
-39
-12
-56
-45
-32
-35
-9
11
55
54
49
31
9
49
89
73
72
85
61
71
4
15
76
60
17
3
53
-22
-21
-2
9
112
77
-3
-4
25
7
4
34
-27
-123
-47
-6
-86
-70
-92
-46
24
-33
-28
-37
-61
-62
-80
-61
-53
-92
-85
-122
-187
-98
-16
51
67
12
32
-11
0
28
-30
10
28
72
155
128
80
71
54
86
86
37
113
117
143
209
165
132
38
23
111
151
138
54
10
34
54
62
18
25
48
-62
-114
-86
-111
-83
1
-22
-83
-79
-63
12
-28
-83
-56
-101
-87
-104
-142
-95
-79
-103
-85
-31
-26
-12
-17
-51
-62
-68
27
69
26
75
57
-9
12
6
-14
30
55
91
118
59
3
57
79
12
26
36
107
149
76
71
98
135
70
59
93
77
112
54
26
41
51
83
37
54
75
-7
-46
-21
35
12
-27
1
-76
-112
-63
-91
-80
-74
-132
-80
-82
-115
-24
-62
-19
-9
-117
-69
-55
-12
15
3
55
75
32
38
105
4
-64
-50
-85
-7
59
17
83
97
-12
2
-69
-78
11
-63
-73
9
26
-51
-68
-48
-76
-61
-43
-50
-160
-162
-82
-80
7
-40
-127
-45
-35
-64
-40
-74
-42
68
45
14
106
81
-2
13
-53
-18
97
63
7
-19
31
55
21
75
87
9
-26
29
21
-57
-36
22
31
22
13
6
0
-18
-16
-9
-9
5
-14
-21
56
34
-33
-13
-81
-43
-18
-87
12
0
-69
-60
-49
-48
-96
-67
-68
-127
-96
-29
-11
-14
-57
-56
-13
-67
-66
-6
15
-7
-4
46
40
25
33
54
50
67
75
89
131
123
120
106
108
108
34
60
92
45
67
93
107
90
58
60
25
23
0
-19
-13
-29
4
-84
-54
35
-39
-30
-46
-14
14
-71
-46
-10
-26
-2
44
18
-17
-17
-32
13
1
-40
1
77
20
-55
13
-37
-19
98
64
-4
-29
-39
13
107
33
-3
-21
-44
61
-18
-50
-16
-75
-33
-28
-47
23
6
-22
14
-10
-2
-11
20
48
9
6
-59
-74
-53
-66
-48
-54
-24
-18
-5
-4
-54
-44
-54
-13
53
17
-63
11
118
84
11
-91
-6
57
42
82
34
88
82
84
127
56
83
81
67
49
63
81
52
140
124
12
-33
-17
-30
-33
-67
-100
-18
-12
0
-3
-33
-63
-111
-47
-54
-78
-62
-93
-29
-108
-169
-77
-154
-151
-58
-117
-127
-15
3
7
-17
-143
-115
-83
-60
10
-37
-20
32
-23
0
24
14
95
51
-4
15
25
92
79
33
95
144
36
-52
77
111
59
71
28
47
68
67
79
66
73
46
30
4
-28
12
-4
6
8
-69
-36
-28
-78
-81
-74
-56
-50
-35
-39
-5
-4
-41
-38
-98
-91
-20
-10
-58
-73
1
23
-65
-28
68
0
-23
81
96
-12
7
66
49
61
73
17
7
49
-3
40
88
8
37
123
92
75
57
58
57
44
92
79
68
93
76
56
19
-41
-14
-11
-11
29
34
15
-43
-25
-41
-49
-50
-53
-33
-99
-13
-67
-110
-15
-44
-41
-114
-113
-112
-94
-48
-78
-42
-52
-8
5
-34
-23
-8
10
-8
-3
8
5
-4
35
20
24
72
30
57
8
-1
78
28
-5
9
44
39
49
17
-21
17
-26
8
18
-4
67
97
1
-77
-33
-32
-2
-15
-19
18
-41
-24
54
46
33
-7
-96
-28
4
12
20
-21
-45
-107
19
48
-8
-48
-146
-29
25
26
35
-32
-50
-51
-30
-36
-45
-35
-20
-7
27
40
-5
4
5
53
119
3
-77
-18
19
63
53
12
14
-24
-44
14
-1
-69
-7
-21
-97
-42
-28
-23
7
-49
-50
-36
-138
-131
-81
-95
-10
29
-19
2
5
-9
-11
-43
-33
13
56
66
44
50
67
114
2
-148
6
50
42
115
50
64
24
-40
13
13
85
93
-22
55
66
21
74
-34
-39
8
-75
-37
47
67
50
-11
-65
14
-9
-58
54
-19
-26
48
15
63
7
-66
-20
-16
-6
21
-13
-46
-51
-4
38
-11
22
48
9
20
-18
-39
-40
-16
12
31
62
33
86
77
-40
-63
-38
4
-18
-1
68
47
-22
-73
-46
11
40
-19
-23
35
31
46
-43
-64
-1
-6
80
28
-44
5
-88
-114
-31
-14
31
31
-2
5
23
67
3
-43
-67
-70
-41
-11
124
129
61
13
23
52
-31
-21
70
52
45
72
-5
-11
11
26
45
12
41
53
59
26
-39
3
79
64
19
44
32
-13
-59
-82
-53
-51
-35
39
14
-63
-12
-4
-48
-7
-10
-1
-28
-59
-24
-84
-26
-12
-68
-61
-65
2
-85
-110
-21
-32
15
-12
-22
32
38
25
-9
37
48
24
28
-16
-47
-45
-38
-43
22
41
-32
-19
-18
-24
64
85
32
23
-9
21
37
21
-23
-16
107
58
-53
-68
0
-1
-4
21
19
68
40
38
20
6
41
-16
15
43
8
72
28
-20
-9
-52
25
21
-26
24
-88
-145
-34
-24
42
67
0
47
12
-9
-20
-46
13
29
19
-21
-32
-23
-27
-24
-25
-45
-57
8
-11
-71
-33
-12
34
-6
-58
-55
-122
-47
-22
-25
-8
-83
-12
-10
-62
1
-18
-10
-12
-62
5
39
46
28
19
81
43
49
60
5
4
35
83
106
121
61
24
21
40
98
3
10
28
16
86
-15
-24
35
48
25
-52
18
6
-41
58
43
32
38
-41
-26
-51
-40
0
-26
-5
-17
5
-29
-46
31
-2
-47
-20
-12
53
89
43
12
-13
4
-48
-82
-22
19
-8
-82
-111
