23
22
17
10
10
16
16
12
13
13
11
12
10
9
7
8
10
12
11
10
9
7
6
2
1
6
6
8
8
8
7
7
8
10
6
0
4
8
7
10
5
-1
0
-3
-1
-2
0
2
5
6
3
2
-3
-2
0
0
3
-1
4
9
-1
-2
-1
-6
-2
-4
-3
-4
-3
-4
-6
-5
-8
-4
-4
-4
-6
-10
-12
-9
-7
-7
-11
-7
-3
-2
-2
-1
-2
-2
-7
-5
-4
-4
-1
4
3
2
-2
-5
-6
-10
-5
-5
-2
-4
1
-4
-10
-6
-1
-2
1
0
-5
-7
-10
-9
-5
-3
2
0
-3
-5
-5
-8
-9
-6
-5
-9
-1
6
-2
0
-2
-2
-8
-5
-3
0
4
5
5
2
0
0
-1
0
4
6
5
0
0
0
0
-1
-4
-3
-2
-3
-5
-3
-3
-2
-5
-9
-7
-5
-8
-8
-12
-11
-7
-1
2
-4
-3
-4
-5
-4
-2
-1
-2
1
-1
-7
-3
-1
1
-2
-4
1
1
3
3
6
5
-1
-2
-4
0
-2
-4
-2
1
3
4
3
0
0
-2
3
6
4
2
5
6
6
2
4
8
6
9
5
5
4
8
13
9
10
15
16
17
14
9
10
8
8
8
7
9
13
13
10
9
11
11
13
12
12
13
13
14
13
11
8
8
10
10
14
17
14
10
8
12
18
19
17
14
12
13
16
19
19
20
19
19
19
16
21
22
19
19
20
20
20
20
16
15
18
16
21
25
23
20
13
15
14
16
15
12
15
13
12
17
15
16
14
13
18
16
14
12
9
8
8
10
16
21
21
16
16
13
13
14
15
18
18
21
21
19
18
15
12
14
17
13
12
11
11
9
14
14
9
6
12
19
12
19
20
14
12
13
16
12
11
14
19
16
16
18
18
17
18
13
11
13
13
13
15
15
15
14
8
9
14
10
8
10
7
7
10
10
11
15
14
13
12
14
11
12
10
6
7
8
10
13
18
15
15
15
14
13
10
12
10
10
7
10
11
11
15
14
12
15
14
14
13
11
15
16
20
19
16
17
14
17
20
20
18
17
17
13
12
13
12
14
13
9
11
12
15
14
13
12
13
14
19
14
4
4
5
8
16
20
18
17
14
7
10
11
13
16
15
9
8
10
12
16
14
15
13
15
11
9
7
2
2
5
7
11
12
13
14
9
6
6
6
7
8
2
4
8
9
12
6
7
7
6
6
7
6
6
9
9
10
12
14
9
8
8
8
8
3
9
12
12
14
14
12
12
12
11
13
13
14
15
17
17
14
16
16
17
17
14
17
18
22
22
22
21
21
20
18
16
14
15
17
16
18
18
20
23
19
18
20
22
20
24
21
18
17
20
19
18
21
23
22
21
23
20
21
21
20
21
20
21
22
22
22
17
17
20
23
22
21
22
21
21
22
20
23
24
17
26
31
27
30
29
29
27
21
22
24
26
25
22
20
20
27
23
23
29
20
20
20
20
24
24
24
26
23
21
22
22
22
25
25
21
23
20
19
20
19
19
22
23
30
28
29
30
26
28
23
23
22
22
24
24
28
26
22
22
25
30
34
34
31
29
28
30
30
28
23
19
17
21
21
24
25
24
21
22
27
27
25
24
22
29
27
23
23
19
23
26
24
25
22
25
25
24
22
24
27
26
26
25
24
22
18
20
20
19
26
30
25
23
25
21
17
18
17
16
19
22
22
21
21
20
20
18
17
15
18
17
17
17
18
19
16
12
9
9
10
17
13
13
18
13
12
12
14
14
18
17
17
18
15
15
12
13
9
7
10
7
5
6
5
2
3
5
7
8
8
10
11
11
7
4
5
13
11
14
13
13
10
10
11
13
13
16
17
15
12
9
12
11
11
12
16
13
8
5
10
10
11
8
8
8
7
5
7
5
4
8
9
14
11
10
8
5
6
9
13
10
13
11
8
7
10
10
7
9
8
11
10
12
11
10
9
10
10
10
10
7
9
11
11
10
14
13
10
8
7
7
10
11
10
11
9
8
9
10
8
7
12
12
13
15
16
14
16
18
19
18
20
16
19
15
13
13
13
16
15
16
14
16
17
14
12
12
10
12
14
12
17
14
13
16
15
16
11
16
17
14
14
16
17
16
20
19
18
19
15
15
18
19
15
12
14
17
19
17
19
20
22
25
26
30
27
28
25
23
24
24
20
21
22
24
29
23
25
21
19
18
15
16
17
18
18
17
16
13
13
12
10
16
16
15
15
18
20
14
16
15
16
19
23
24
20
21
17
14
15
15
15
15
22
21
21
18
14
15
14
10
11
13
13
13
14
10
12
9
1
7
10
8
9
13
10
11
10
7
12
10
9
10
8
8
7
10
10
12
11
12
11
14
10
10
12
12
12
9
7
10
12
12
10
9
8
5
4
-1
-4
2
2
3
6
7
9
5
5
5
6
4
3
4
8
6
2
6
6
4
5
4
0
1
1
5
2
4
3
2
5
4
1
0
-1
-2
0
1
1
-1
-2
-2
1
-3
-2
-1
-1
3
3
4
2
-3
-8
-8
-8
-11
-11
-8
-6
-7
-9
-12
-12
-11
-9
-15
-12
-6
-8
-4
-4
-4
-5
-5
-4
-3
-1
-4
-3
-2
-1
-5
-8
-5
-5
-3
-3
-2
-2
-6
-3
-5
-5
-6
-6
-5
-5
-8
-10
-6
-5
-5
-1
0
-5
-6
-7
-4
-4
-2
-5
-3
0
-3
-3
-4
-3
-4
-8
-5
-1
-3
-8
-6
-6
-4
-1
-3
-3
-2
-5
-2
-1
1
0
-4
-3
0
0
-1
-1
-2
-4
-6
-10
-11
-8
-5
-7
-7
-9
-9
-6
-6
-4
-2
-2
-2
0
-4
-5
-5
-1
-2
-2
-4
-1
-2
-3
-1
-1
0
-3
-2
-3
-2
-3
-4
-3
-3
-3
1
3
1
1
0
2
3
1
1
1
-1
6
2
3
3
-2
2
1
0
0
-4
-2
0
-3
-1
0
0
-2
-3
-4
-3
-2
-1
5
4
3
4
4
2
1
4
3
2
5
10
8
5
8
1
0
0
-4
-3
-1
-1
-2
-6
-6
-4
-2
-1
-1
-2
-1
-4
2
6
5
3
-1
2
0
4
6
5
7
9
10
8
4
7
9
8
12
8
8
9
8
7
6
4
6
8
11
9
11
11
10
9
6
4
9
11
12
15
15
12
6
8
9
7
6
9
11
8
8
6
5
0
-1
1
1
5
5
11
11
5
4
0
5
6
7
8
7
9
6
6
4
2
3
6
6
4
4
4
5
4
6
5
5
3
3
4
5
10
8
8
6
5
4
5
5
5
4
4
7
4
6
8
6
5
6
5
7
6
8
5
2
6
4
4
0
2
8
8
8
7
2
1
1
2
5
2
2
4
2
3
0
4
2
1
-1
-4
-1
-10
-4
-1
-3
4
5
4
6
5
4
6
7
9
9
12
11
8
5
4
7
7
8
8
7
7
4
-1
2
-1
-1
1
-1
3
1
3
1
0
2
0
1
0
0
4
5
8
6
5
6
9
8
7
8
7
6
8
8
10
8
5
6
6
6
5
6
5
6
7
9
11
6
9
10
8
8
7
9
7
9
12
11
9
8
10
11
9
7
4
7
8
8
6
9
13
12
11
14
16
13
14
11
8
11
10
11
11
9
12
12
16
15
12
7
7
8
6
6
9
8
10
9
10
11
8
5
8
9
10
9
9
11
12
17
9
10
9
9
12
14
12
13
16
15
19
14
16
16
16
16
15
18
15
16
12
14
13
12
13
11
8
11
17
15
16
19
13
14
12
9
12
9
7
8
9
8
5
8
10
7
9
9
9
12
12
14
17
12
16
15
15
12
11
17
16
19
16
12
13
17
16
20
20
20
17
11
8
10
9
9
13
11
14
11
16
13
10
10
8
16
14
20
21
17
15
14
14
16
16
19
19
20
20
17
16
15
12
12
13
12
14
16
15
11
12
10
12
11
10
10
8
10
7
11
6
6
5
5
7
6
6
4
2
1
5
1
2
2
-2
-3
1
3
0
1
0
-3
-3
-3
-5
0
3
1
1
0
-3
1
5
5
4
4
1
0
1
1
2
3
1
4
2
2
2
1
-2
-4
-3
-4
2
2
-2
-7
-8
-8
-6
-6
0
-1
0
3
4
4
1
-2
-11
-3
-3
-1
2
3
0
2
2
-1
1
-3
0
2
1
0
-3
-2
3
1
2
3
5
5
3
2
0
-2
-1
-1
-2
-2
0
-2
-1
-2
-4
-5
-6
-7
-9
-7
0
0
1
2
-1
-4
-5
-2
-3
-1
-1
-1
4
3
0
-2
-2
-6
-7
-6
-5
-5
-3
-4
-4
-3
-6
-12
-13
-13
-11
-8
-10
-9
-10
-11
-11
-8
-8
-6
-3
-6
-2
-3
-3
0
2
-3
-4
-2
-4
-6
-2
1
0
-1
-3
-4
-5
-2
-1
-1
-2
-1
2
1
1
0
-3
-3
-5
-2
-2
-1
1
3
1
-4
0
0
0
-1
-1
-3
1
-2
-4
-5
-3
-5
-5
-3
-3
-2
-2
0
-3
-2
0
0
2
3
2
5
6
5
6
5
5
4
3
7
5
6
4
2
3
5
10
5
8
7
3
4
2
1
1
0
2
3
3
3
1
4
3
1
1
2
-3
-1
0
1
2
3
3
6
8
4
5
7
4
4
4
3
4
2
3
4
4
6
6
6
5
5
7
6
7
7
8
8
12
14
6
4
5
8
10
9
13
10
10
12
9
7
5
6
8
6
2
3
2
4
2
0
1
1
5
4
3
4
0
-2
-2
-1
-2
-2
-1
0
-2
-4
-2
-2
-1
-2
-3
-2
-1
-4
-4
-2
-4
-4
-7
-7
-8
-9
-7
-8
-5
-6
-9
-8
-6
-5
-6
-5
-2
-3
-4
-3
-3
-3
-4
-5
-7
-5
-4
-6
-5
-4
-4
-3
-4
-4
-3
-2
0
-2
-3
-7
-7
-6
-3
-1
-7
-5
-8
-9
-10
-9
-8
-8
-3
-4
-5
-5
-5
-8
-6
-3
-4
-4
-3
-3
-2
-1
-2
-2
-2
-3
0
0
-1
-3
1
0
2
5
2
3
0
1
-1
0
-2
-6
-10
-6
-6
-7
-5
-7
-7
-7
-7
-5
-7
-6
-6
-9
-4
-5
-3
-4
-7
-6
-6
-3
-4
-3
-6
0
7
2
4
1
2
1
-1
0
3
4
4
1
3
-1
-4
0
2
2
2
3
3
1
0
2
-2
3
4
4
3
3
3
0
3
2
2
1
3
-1
3
4
-2
1
2
0
-1
0
1
1
0
0
2
0
2
-2
1
4
3
3
1
0
3
5
4
6
5
4
3
6
7
4
3
4
4
2
0
3
3
4
5
5
3
5
2
3
4
4
2
6
7
5
5
6
10
10
14
12
13
10
8
10
12
11
7
7
8
11
13
9
16
14
13
11
11
10
9
13
12
10
8
9
8
14
9
9
9
7
8
14
15
12
12
10
8
12
12
11
10
10
10
7
7
11
11
12
11
11
13
10
9
10
11
12
12
14
11
11
13
12
14
10
6
7
8
14
11
7
12
10
9
11
12
11
10
10
9
11
11
14
17
12
11
13
15
16
15
17
16
14
13
15
14
14
13
10
10
9
8
5
7
4
5
7
6
6
7
7
8
6
8
8
5
7
8
10
9
12
12
11
9
5
8
7
6
8
7
6
5
7
6
5
7
7
8
9
10
9
6
7
10
8
8
10
9
9
9
9
12
9
5
8
9
5
5
3
2
2
-1
3
4
4
6
5
6
2
2
0
-1
2
3
6
9
8
13
9
6
8
5
5
4
7
6
5
6
7
6
6
7
6
4
3
1
2
2
2
3
-2
0
1
-1
1
0
2
2
3
0
3
2
0
-1
0
6
3
5
5
6
5
3
4
3
6
7
7
3
4
4
3
4
1
5
5
4
3
1
5
4
3
7
4
0
0
7
7
4
5
4
3
2
7
4
4
3
5
4
8
9
6
7
5
7
5
6
5
4
4
3
7
4
6
4
2
1
2
3
2
0
-1
-3
2
1
-2
-2
1
0
-1
0
1
-3
-3
0
0
-5
-4
-6
-7
-6
-4
-5
-4
-3
-3
0
-1
-3
-4
0
-1
-2
-2
0
3
-1
0
2
3
5
5
6
4
4
8
7
5
4
3
7
11
11
7
6
7
6
4
5
5
3
6
7
5
8
7
11
10
8
8
11
7
7
11
12
14
15
13
15
15
14
17
13
11
13
14
13
15
15
13
13
19
19
16
12
12
11
9
13
15
14
16
13
11
16
17
9
8
14
11
11
13
18
14
11
16
17
16
17
15
15
17
12
13
16
14
15
13
16
18
16
14
18
18
18
19
22
20
18
21
20
18
16
15
16
16
18
20
17
16
14
18
20
20
16
17
18
15
16
15
14
16
19
16
17
18
15
15
12
10
12
12
14
10
7
13
10
12
9
12
13
11
13
10
9
9
8
5
6
10
6
5
6
4
0
2
5
4
-1
0
0
0
1
0
-2
1
4
2
1
-3
-4
-6
-3
-1
-2
4
3
2
5
6
5
5
4
0
1
0
4
0
-1
-4
0
5
2
1
4
6
0
0
3
0
-1
-1
1
2
1
0
0
-2
1
-1
-1
-1
0
1
2
4
5
5
4
3
5
3
4
1
2
10
6
3
3
4
4
3
4
5
4
-1
0
4
5
1
-4
-7
-7
-3
-4
-2
-1
-4
-7
-5
-4
-6
-8
-6
-5
-4
-2
0
-2
-3
-1
-3
-1
2
0
-2
0
-1
-1
1
0
-4
-4
0
0
-2
-4
-2
-2
-2
-2
-5
-4
-3
-4
-3
-2
-1
-2
-5
-1
1
1
2
-2
-1
-4
-2
0
-5
-7
-3
0
-1
-4
-1
-4
-9
-7
-6
-4
-3
1
1
-1
1
2
1
3
2
3
4
6
6
6
10
10
8
5
5
7
12
11
11
11
8
7
4
1
1
6
4
5
4
5
4
6
6
6
6
7
5
3
6
2
3
5
7
5
7
8
7
4
4
6
6
8
10
10
9
12
14
16
9
8
11
10
13
12
9
10
14
13
11
16
9
10
10
13
13
13
14
17
16
13
15
13
9
9
13
13
12
12
11
9
15
16
14
12
14
17
15
14
14
15
15
14
12
9
10
10
6
10
14
8
3
4
8
6
5
10
8
4
6
10
6
4
7
3
5
7
11
13
6
6
7
7
6
3
5
5
2
1
3
2
4
3
6
3
4
5
4
7
2
4
9
6
6
5
4
7
2
3
-2
1
2
0
-2
-3
-5
-7
-3
-6
-3
-5
-5
-2
-2
-2
-1
-3
-14
-5
-5
-4
-3
-3
1
-1
0
-3
-2
-4
-4
1
-3
-7
-6
-6
-5
-4
-8
-11
-6
-5
-6
-8
-6
-8
-11
-9
-8
-11
-8
-6
-10
-12
-11
-10
-14
-14
-12
-11
-9
-7
-9
-11
-14
-10
-13
-13
-12
-11
-13
-11
-7
-11
-12
-13
-13
-13
-13
-15
-14
-13
-12
-11
-12
-9
-10
-14
-15
-14
-12
-11
-12
-9
-9
-11
-10
-13
-17
-11
-8
-8
-10
-12
-14
-9
-9
-11
-10
-12
-11
-9
-7
-5
-7
-8
-8
-9
-8
-6
-4
-5
-6
-6
-5
-9
-10
-7
-10
-9
-8
-7
-7
-8
-4
-5
-6
-5
-3
-1
-2
-3
-5
-2
3
0
-4
-1
-1
-4
-3
0
1
-2
3
0
0
5
0
0
2
2
6
3
7
8
7
11
8
8
6
6
8
8
8
8
9
11
14
9
12
14
9
10
3
4
4
4
7
10
9
5
5
3
0
3
3
3
0
2
4
6
6
8
7
7
11
7
9
10
5
4
4
4
5
6
7
6
7
5
9
9
8
6
6
5
3
4
4
6
4
1
-1
-2
5
8
8
10
9
7
12
11
4
9
8
8
8
10
12
10
8
12
9
6
5
7
8
6
9
8
4
5
2
6
6
1
4
2
-2
-2
0
-2
-3
-5
-2
-3
-5
-3
0
1
-5
-5
-5
-4
-5
-5
-5
-6
-4
-5
-4
-6
-6
-9
-7
-3
-5
-4
-6
-7
-7
-4
-5
-8
-6
-7
-8
-6
-4
-9
-8
-9
-9
-9
-10
-8
-10
-10
-8
-7
-13
-11
-10
-14
-16
-15
-12
-13
-15
-15
-14
-15
-15
-14
-16
-16
-19
-22
-26
-20
-20
-24
-17
-15
-15
-15
-17
-16
-16
-16
-14
-16
-16
-17
-17
-19
-19
-18
-15
-12
-12
-16
-19
-20
-19
-23
-25
-25
-22
-24
-23
-21
-21
-25
-25
-21
-24
-23
-24
-20
-21
-18
-17
-19
-19
-21
-20
-20
-21
-19
-19
-20
-16
-20
-19
-19
-19
-20
-21
-21
-20
-18
-18
-17
-15
-15
-14
-18
-15
-11
-12
-17
-16
-15
-15
-14
-14
-16
-18
-18
-14
-13
-14
-12
-13
-10
-7
-8
-10
-11
-14
-11
-13
-7
-10
-13
-7
-8
-12
-11
-6
-7
-7
-9
-6
-2
-4
-7
-7
-8
-6
-7
-8
-8
-5
-5
-10
-6
-2
1
-1
-4
-7
-6
-8
-7
-3
-5
-6
-7
-7
-8
-3
-2
-8
-8
-5
-6
-5
0
0
-2
1
2
2
1
2
3
3
2
1
4
2
4
3
-1
1
4
5
5
10
2
1
1
-1
-5
-1
2
2
1
0
2
0
-1
0
2
1
1
2
3
1
1
3
3
7
6
8
7
11
8
6
8
7
7
8
6
10
7
5
8
4
4
1
2
6
3
3
0
3
4
5
2
-2
1
0
4
0
1
3
0
-1
0
1
-2
-2
1
1
0
-2
-2
1
1
1
3
3
5
9
11
9
7
4
5
6
9
6
5
8
8
6
7
5
6
7
8
7
5
4
5
5
2
3
3
-2
-3
-4
-11
-8
-7
-9
-10
-13
-13
-15
-19
-18
-19
-24
-28
-22
-24
-25
-24
-22
-21
-18
-11
-9
-6
0
8
9
15
20
21
21
28
30
29
31
29
27
23
22
15
8
4
1
-6
-12
-17
-21
-26
-33
-34
-42
-53
-55
-65
-68
-66
-68
-63
-61
-53
-47
-41
-36
-28
-23
-15
-1
6
13
18
24
32
37
43
44
46
49
51
46
42
42
36
30
29
22
13
8
3
-7
-21
-31
-42
-55
-67
-75
-80
-86
-91
-91
-92
-93
-84
-75
-67
-54
-44
-33
-16
-1
7
19
35
41
46
60
69
73
78
84
89
90
92
93
86
90
90
87
81
76
68
56
40
22
7
-17
-35
-56
-84
-105
-123
-143
-159
-163
-174
-175
-172
-158
-145
-134
-113
-91
-68
-41
-15
7
28
53
76
97
116
138
158
171
190
207
228
248
263
276
287
299
302
304
305
299
279
256
235
205
172
133
92
53
12
-24
-65
-102
-122
-153
-184
-211
-235
-238
-255
-274
-281
-294
-293
-297
-309
-308
-310
-306
-316
-324
-319
-313
-298
-290
-282
-255
-219
-181
-142
-102
-44
14
68
121
184
244
297
345
387
429
467
493
504
518
535
547
544
543
549
552
551
539
533
529
518
496
461
424
383
325
251
168
82
-8
-107
-212
-320
-422
-512
-608
-707
-784
-855
-912
-978
-1035
-1080
-1125
-1160
-1197
-1230
-1243
-1215
-1167
-1098
-1020
-919
-760
-583
-400
-214
-23
204
405
569
717
865
1005
1080
1102
1100
1096
1078
1014
910
803
723
634
520
398
310
254
178
81
-4
-54
-92
-152
-251
-335
-380
-431
-510
-599
-624
-605
-611
-596
-522
-366
-155
7
171
385
658
922
1095
1246
1412
1534
1579
1538
1466
1389
1261
1049
777
520
295
61
-231
-523
-743
-918
-1102
-1304
-1462
-1567
-1654
-1775
-1920
-2030
-2049
-2023
-2041
-2047
-2004
-1886
-1698
-1520
-1311
-1065
-765
-431
-152
142
466
792
1075
1266
1418
1566
1699
1771
1750
1680
1615
1551
1419
1249
1094
968
843
661
472
330
234
129
-29
-209
-330
-413
-534
-696
-852
-945
-1023
-1131
-1241
-1297
-1271
-1188
-1129
-1032
-843
-544
-175
140
460
817
1186
1560
1818
2029
2219
2337
2372
2255
2129
1999
1798
1505
1144
817
522
218
-97
-406
-657
-861
-1077
-1288
-1488
-1638
-1794
-2007
-2233
-2453
-2621
-2783
-2933
-3017
-3064
-3008
-2920
-2737
-2421
-2049
-1604
-1159
-655
-97
424
909
1326
1706
2027
2233
2350
2404
2433
2386
2238
2032
1843
1664
1453
1218
1008
853
715
562
410
299
226
115
-56
-249
-397
-548
-752
-999
-1231
-1409
-1573
-1750
-1886
-1942
-1882
-1764
-1632
-1420
-1087
-656
-196
254
695
1182
1653
2042
2348
2591
2797
2896
2846
2742
2578
2391
2114
1761
1403
1058
733
396
64
-225
-454
-671
-887
-1092
-1260
-1433
-1650
-1909
-2177
-2456
-2735
-3046
-3372
-3617
-3734
-3792
-3773
-3668
-3413
-2966
-2449
-1867
-1241
-567
171
803
1359
1845
2273
2619
2800
2861
2848
2805
2690
2477
2188
1910
1673
1439
1192
982
847
768
664
544
444
376
316
170
-53
-282
-491
-736
-1041
-1389
-1666
-1888
-2095
-2251
-2321
-2263
-2097
-1868
-1553
-1133
-653
-104
436
982
1527
1994
2398
2718
2957
3102
3142
3091
2951
2725
2471
2159
1798
1422
1063
716
375
52
-226
-460
-698
-920
-1146
-1375
-1600
-1864
-2149
-2457
-2781
-3132
-3489
-3817
-4006
-4092
-4136
-4070
-3919
-3585
-3062
-2475
-1808
-1121
-374
405
1059
1667
2179
2629
2960
3107
3122
3088
3029
2887
2632
2304
2036
1809
1573
1319
1108
973
878
745
596
496
441
361
164
-105
-347
-575
-861
-1216
-1598
-1887
-2133
-2359
-2532
-2597
-2503
-2296
-2064
-1738
-1255
-677
-33
519
1064
1660
2202
2681
2981
3211
3409
3479
3437
3247
3030
2802
2487
2075
1632
1245
906
543
145
-208
-469
-700
-949
-1235
-1506
-1700
-1947
-2257
-2597
-2944
-3241
-3571
-3953
-4241
-4393
-4401
-4341
-4267
-4009
-3534
-2884
-2199
-1490
-716
168
974
1653
2218
2712
3152
3402
3466
3398
3315
3191
2962
2582
2213
1911
1657
1374
1090
893
808
744
623
495
409
383
265
30
-271
-521
-770
-1103
-1530
-1934
-2236
-2473
-2686
-2857
-2869
-2702
-2438
-2127
-1688
-1134
-466
205
817
1429
2010
2562
3002
3306
3529
3663
3696
3607
3396
3143
2866
2504
2070
1609
1188
817
414
11
-346
-631
-878
-1150
-1440
-1693
-1933
-2202
-2527
-2883
-3221
-3571
-3938
-4325
-4640
-4771
-4783
-4709
-4547
-4260
-3717
-3010
-2239
-1439
-634
288
1136
1856
2437
2925
3352
3592
3640
3542
3430
3282
3015
2606
2185
1841
1576
1295
1025
825
726
656
525
391
308
277
169
-78
-407
-686
-969
-1311
-1767
-2212
-2542
-2803
-3013
-3207
-3223
-3043
-2750
-2406
-1989
-1402
-685
35
695
1296
1915
2511
2956
3294
3491
3660
3707
3597
3375
3090
2809
2446
1973
1462
1014
595
190
-265
-644
-953
-1224
-1490
-1788
-2042
-2233
-2440
-2727
-3050
-3392
-3716
-4114
-4513
-4904
-5098
-5129
-5067
-4906
-4660
-4155
-3449
-2643
-1804
-937
-11
939
1720
2386
2906
3358
3671
3764
3690
3520
3343
3087
2715
2245
1843
1526
1265
962
710
577
537
477
352
242
182
136
-47
-358
-693
-973
-1283
-1697
-2188
-2592
-2885
-3108
-3314
-3440
-3340
-3064
-2702
-2272
-1732
-1024
-199
539
1225
1863
2519
3118
3513
3780
3930
4025
4010
3785
3471
3134
2778
2329
1754
1204
725
273
-179
-640
-1013
-1262
-1491
-1721
-1938
-2074
-2123
-2204
-2393
-2654
-2913
-3203
-3598
-4059
-4461
-4634
-4673
-4625
-4517
-4207
-3570
-2735
-1854
-963
-50
982
1954
2711
3332
3816
4247
4451
4406
4205
3963
3685
3306
2740
2154
1673
1270
874
418
83
-93
-180
-331
-515
-644
-673
-770
-1044
-1419
-1776
-2058
-2425
-2940
-3459
-3828
-4105
-4338
-4590
-4641
-4411
-4016
-3539
-2992
-2238
-1281
-296
584
1385
2181
3014
3643
4055
4292
4453
4545
4422
4085
3669
3261
2802
2178
1483
890
407
-24
-501
-944
-1228
-1348
-1484
-1646
-1747
-1731
-1722
-1870
-2148
-2440
-2728
-3050
-3481
-3837
-4015
-4055
-3981
-3884
-3509
-2808
-1927
-1044
-201
811
1925
2894
3658
4221
4740
5140
5278
5142
4876
4631
4278
3690
2955
2344
1871
1433
905
452
206
141
61
-91
-178
-116
8
-69
-302
-548
-723
-972
-1433
-1982
-2421
-2765
-3059
-3408
-3620
-3575
-3303
-2922
-2513
-1867
-986
23
930
1764
2601
3460
4186
4661
4927
5108
5197
5074
4693
4200
3694
3110
2377
1533
776
137
-428
-1000
-1498
-1846
-2000
-2083
-2120
-2084
-1959
-1844
-1876
-2017
-2275
-2561
-2868
-3163
-3506
-3784
-3955
-3935
-3671
-3253
-2634
-1896
-1043
-12
1041
2062
2981
3784
4480
4957
5235
5319
5284
5134
4785
4210
3536
2900
2283
1594
881
283
-92
-335
-573
-747
-759
-636
-541
-559
-613
-582
-563
-718
-1099
-1499
-1834
-2158
-2571
-3013
-3281
-3323
-3207
-3047
-2709
-2089
-1227
-329
527
1418
2397
3377
4149
4667
5058
5392
5544
5407
5041
4591
4075
3400
2538
1618
805
111
-608
-1336
-1939
-2298
-2477
-2613
-2715
-2679
-2507
-2347
-2300
-2368
-2345
-2304
-2364
-2562
-2808
-2855
-2723
-2567
-2386
-2124
-1607
-898
-183
549
1331
2226
3080
3746
4228
4644
4999
5180
5076
4764
4412
4029
3546
2870
2139
1477
911
344
-231
-692
-973
-1147
-1337
-1507
-1603
-1566
-1538
-1633
-1821
-1982
-2104
-2263
-2501
-2793
-3004
-3123
-3187
-3200
-3087
-2749
-2219
-1636
-995
-304
535
1437
2207
2834
3344
3820
4150
4235
4120
3869
3503
2970
2227
1380
536
-290
-1126
-2016
-2781
-3315
-3650
-3876
-4045
-4039
-3883
-3610
-3268
-2954
-2646
-2356
-2161
-2008
-1870
-1664
-1449
-1309
-1158
-964
-668
-302
101
553
1041
1544
2028
2482
2941
3343
3614
3731
3730
3660
3478
3158
2724
2217
1676
1079
448
-151
-668
-1110
-1536
-1921
-2181
-2291
-2304
-2298
-2256
-2148
-1999
-1838
-1700
-1549
-1386
-1245
-1135
-1050
-895
-651
-372
-91
185
543
970
1425
1859
2234
2586
2923
3157
3283
3288
3229
3045
2666
2152
1537
878
131
-711
-1607
-2404
-3088
-3668
-4211
-4632
-4842
-4807
-4602
-4338
-4006
-3611
-3092
-2574
-2069
-1615
-1164
-703
-297
35
332
626
925
1185
1382
1572
1766
2014
2248
2432
2586
2755
2906
3007
3009
2956
2882
2743
2508
2133
1722
1304
865
347
-223
-765
-1230
-1631
-2019
-2339
-2568
-2620
-2574
-2508
-2365
-2126
-1774
-1368
-1004
-612
-176
277
708
994
1298
1608
1901
2095
2151
2208
2275
2270
2181
1974
1742
1524
1218
831
346
-108
-580
-1147
-1735
-2301
-2777
-3223
-3695
-4076
-4282
-4272
-4185
-4097
-3895
-3526
-3049
-2574
-2165
-1674
-1086
-511
-17
353
788
1227
1601
1821
1955
2147
2354
2475
2462
2433
2463
2518
2456
2333
2208
2148
2055
1833
1540
1266
1056
750
335
-129
-525
-888
-1285
-1736
-2125
-2379
-2531
-2682
-2808
-2793
-2595
-2288
-1978
-1629
-1205
-661
-125
346
789
1242
1661
1988
2182
2310
2392
2407
2297
2040
1738
1400
1018
528
-18
-584
-1127
-1665
-2167
-2630
-2995
-3290
-3469
-3541
-3505
-3352
-3191
-2879
-2507
-2058
-1656
-1288
-876
-447
-42
264
531
822
1159
1396
1583
1726
1949
2175
2286
2346
2409
2552
2641
2618
2522
2461
2407
2277
1996
1677
1408
1132
765
294
-151
-516
-847
-1242
-1630
-1930
-2078
-2185
-2259
-2246
-2114
-1862
-1589
-1305
-950
-518
-72
341
672
1049
1364
1651
1827
1923
1973
1971
1910
1715
1457
1161
839
394
-72
-609
-1121
-1638
-2125
-2566
-2970
-3250
-3432
-3499
-3471
-3322
-3122
-2778
-2343
-1854
-1386
-937
-422
63
525
887
1206
1516
1811
2028
2157
2258
2396
2530
2557
2549
2564
2633
2683
2643
2559
2503
2475
2370
2150
1886
1652
1408
1065
634
213
-120
-456
-840
-1217
-1504
-1654
-1728
-1792
-1797
-1684
-1443
-1123
-778
-383
48
515
945
1323
1646
1948
2184
2306
2314
2220
2090
1871
1549
1124
667
189
-335
-907
-1506
-2067
-2578
-3002
-3410
-3691
-3831
-3837
-3789
-3679
-3438
-3068
-2585
-2125
-1682
-1283
-771
-313
100
433
760
1092
1341
1566
1705
1899
2076
2249
2299
2374
2472
2592
2667
2665
2669
2634
2621
2505
2349
2134
1912
1623
1259
842
418
34
-367
-777
-1169
-1457
-1654
-1762
-1795
-1742
-1607
-1363
-1040
-681
-235
216
679
1103
1503
1851
2109
2343
2442
2450
2361
2212
1965
1622
1201
720
171
-407
-997
-1675
-2277
-2838
-3279
-3648
-3881
-3988
-4015
-3940
-3747
-3427
-3003
-2504
-2064
-1612
-1129
-623
-200
162
479
781
1033
1231
1366
1492
1660
1766
1820
1848
1939
2049
2130
2135
2156
2161
2164
2094
1947
1796
1601
1369
1026
654
271
-93
-506
-945
-1362
-1676
-1904
-2061
-2142
-2152
-2019
-1788
-1469
-1102
-688
-203
263
716
1123
1489
1813
2064
2193
2205
2148
2026
1807
1458
1059
580
78
-473
-1077
-1713
-2297
-2772
-3198
-3479
-3645
-3683
-3645
-3532
-3239
-2864
-2371
-1873
-1421
-942
-433
37
435
770
1082
1343
1512
1670
1762
1879
1992
2024
2046
2082
2189
2280
2325
2364
2406
2435
2428
2340
2201
2041
1818
1521
1153
767
359
-68
-528
-980
-1394
-1711
-1971
-2166
-2243
-2213
-2061
-1778
-1417
-962
-474
62
594
1066
1554
1930
2231
2440
2517
2495
2363
2145
1810
1347
817
237
-445
-1083
-1791
-2488
-3123
-3677
-4016
-4222
-4299
-4291
-4215
-3947
-3469
-2995
-2449
-1981
-1471
-911
-445
-14
299
638
927
1086
1172
1285
1426
1604
1664
1672
1759
1910
2104
2172
2244
2347
2446
2489
2436
2340
2261
2119
1825
1429
1019
653
235
-266
-793
-1268
-1636
-1907
-2159
-2282
-2267
-2135
-1887
-1550
-1093
-532
9
559
1049
1531
2008
2339
2573
2662
2664
2589
2395
2090
1681
1178
649
-1
-673
-1324
-2021
-2632
-3229
-3669
-3912
-4028
-4043
-4036
-3911
-3513
-3046
-2555
-2100
-1673
-1098
-613
-187
118
433
783
997
1085
1162
1307
1491
1605
1576
1628
1757
1959
2046
2081
2186
2314
2400
2355
2282
2211
2144
1912
1554
1152
800
430
-34
-550
-1026
-1394
-1682
-1911
-2084
-2080
-1951
-1722
-1426
-1041
-513
42
585
1077
1519
1995
2405
2670
2791
2801
2769
2631
2348
1956
1480
960
369
-324
-1028
-1742
-2398
-2998
-3570
-3915
-4087
-4148
-4107
-4039
-3704
-3246
-2715
-2189
-1750
-1217
-656
-171
222
554
880
1175
1307
1436
1519
1655
1816
1844
1874
1936
2113
2252
2324
2388
2483
2560
2594
2537
2433
2334
2155
1882
1484
1090
709
284
-207
-706
-1135
-1460
-1683
-1870
-1971
-1938
-1760
-1471
-1108
-666
-151
374
920
1411
1887
2307
2633
2851
2903
2888
2775
2561
2209
1731
1156
534
-148
-877
-1661
-2433
-3100
-3708
-4149
-4409
-4545
-4536
-4492
-4234
-3833
-3299
-2724
-2228
-1718
-1135
-587
-145
227
554
899
1070
1212
1287
1411
1569
1625
1631
1655
1804
1954
2053
2100
2212
2300
2383
2361
2304
2247
2118
1891
1528
1164
794
404
-80
-583
-1061
-1430
-1735
-1963
-2054
-2017
-1845
-1584
-1204
-690
-76
526
1100
1616
2159
2636
2990
3211
3264
3241
3065
2788
2334
1777
1147
415
-418
-1290
-2146
-2952
-3645
-4311
-4691
-4927
-4945
-4900
-4775
-4395
-3874
-3238
-2692
-2182
-1662
-1019
-542
-147
95
414
688
797
877
887
1054
1169
1228
1198
1328
1547
1778
1865
1975
2159
2326
2444
2372
2320
2231
2117
1799
1384
956
576
121
-409
-947
-1404
-1700
-1967
-2148
-2215
-2067
-1813
-1457
-1028
-453
183
825
1364
1850
2343
2751
3036
3110
3107
2965
2746
2378
1842
1206
547
-177
-1022
-1877
-2712
-3440
-4101
-4620
-4947
-5091
-5061
-4945
-4745
-4307
-3685
-3030
-2422
-1924
-1313
-702
-213
166
425
759
998
1107
1156
1228
1375
1496
1490
1507
1647
1863
2053
2114
2245
2393
2536
2581
2498
2419
2312
2101
1736
1302
893
494
7
-512
-1034
-1440
-1717
-1947
-2052
-2025
-1841
-1549
-1173
-664
-42
591
1201
1716
2226
2716
3070
3290
3329
3278
3076
2753
2305
1703
1015
274
-565
-1473
-2371
-3222
-3955
-4618
-5057
-5276
-5344
-5225
-5031
-4627
-4072
-3397
-2726
-2142
-1554
-881
-324
124
460
758
1049
1187
1281
1302
1403
1522
1565
1552
1633
1811
1999
2105
2186
2338
2469
2580
2534
2449
2341
2180
1861
1415
957
514
23
-547
-1095
-1584
-1915
-2153
-2315
-2378
-2241
-1938
-1523
-1041
-452
232
884
1520
2073
2592
3051
3382
3559
3537
3449
3253
2887
2377
1731
1021
245
-609
-1528
-2417
-3213
-3832
-4409
-4739
-4886
-4827
-4643
-4380
-3907
-3314
-2594
-1994
-1453
-898
-270
171
533
759
1017
1202
1279
1326
1316
1465
1536
1562
1560
1716
1911
2100
2190
2310
2445
2562
2602
2478
2376
2179
1935
1507
1050
560
94
-424
-975
-1473
-1866
-2094
-2257
-2297
-2232
-1965
-1584
-1069
-544
66
689
1292
1852
2292
2699
2962
3119
3100
2926
2655
2288
1769
1103
330
-473
-1291
-2234
-3086
-3933
-4569
-5098
-5403
-5517
-5478
-5239
-4902
-4400
-3747
-2986
-2333
-1715
-1108
-417
66
492
795
1089
1311
1426
1478
1498
1646
1726
1742
1715
1887
2046
2220
2277
2395
2527
2624
2652
2516
2417
2231
1985
1532
1091
616
162
-373
-906
-1395
-1748
-1957
-2109
-2126
-2040
-1682
-1257
-726
-159
495
1191
1835
2386
2843
3213
3518
3654
3582
3386
3065
2692
2067
1335
500
-367
-1289
-2292
-3269
-4111
-4768
-5311
-5611
-5789
-5633
-5455
-5039
-4550
-3816
-3036
-2351
-1709
-1046
-355
118
547
763
1090
1222
1375
1341
1396
1514
1567
1583
1586
1791
1945
2148
2198
2358
2435
2571
2532
2419
2269
2037
1712
1210
730
173
-318
-907
-1417
-1939
-2252
-2475
-2550
-2497
-2291
-1904
-1370
-729
-71
683
1382
2093
2628
3136
3474
3710
3797
3671
3370
2971
2451
1742
916
-19
-917
-2003
-2989
-3986
-4773
-5402
-5794
-5975
-6000
-5765
-5413
-4848
-4188
-3306
-2568
-1844
-1201
-452
97
545
859
1118
1349
1456
1545
1514
1666
1750
1832
1823
2009
2230
2450
2580
2713
2867
2960
3039
2892
2759
2513
2237
1753
1216
657
114
-483
-1072
-1616
-2062
-2291
-2391
-2322
-2175
-1814
-1299
-665
21
763
1484
2155
2772
3229
3598
3826
3961
3856
3560
3178
2669
2038
1237
333
-641
-1625
-2656
-3624
-4524
-5195
-5685
-5948
-6034
-5922
-5605
-5149
-4510
-3752
-2968
-2268
-1586
-842
-229
254
628
937
1208
1367
1473
1495
1590
1721
1778
1773
1905
2120
2309
2438
2539
2696
2791
2860
2747
2591
2403
2117
1686
1150
625
70
-508
-1113
-1621
-2045
-2281
-2434
-2471
-2347
-2031
-1538
-959
-313
369
1099
1777
2416
2910
3325
3593
3740
3700
3483
3151
2689
2088
1292
409
-536
-1537
-2608
-3647
-4580
-5335
-5878
-6185
-6321
-6254
-5927
-5451
-4771
-3976
-3141
-2370
-1644
-797
-164
392
803
1156
1402
1549
1635
1635
1698
1773
1802
1748
1894
2038
2234
2338
2482
2653
2748
2842
2764
2688
2512
2254
1813
1315
762
220
-409
-1034
-1596
-2066
-2376
-2540
-2528
-2402
-2087
-1593
-962
-256
504
1244
1949
2609
3154
3524
3783
3911
3840
3546
3133
2593
1892
1073
89
-963
-2076
-3143
-4165
-5065
-5779
-6178
-6404
-6407
-6223
-5809
-5187
-4437
-3583
-2816
-2070
-1284
-477
62
525
840
1186
1357
1468
1507
1520
1653
1725
1745
1769
1999
2225
2428
2514
2725
2889
3035
3045
2908
2770
2543
2201
1651
1087
501
-101
-802
-1444
-2031
-2381
-2621
-2738
-2707
-2468
-1985
-1372
-657
103
909
1708
2439
3012
3529
3870
4073
4044
3853
3459
2950
2312
1489
482
-557
-1652
-2812
-3894
-4885
-5675
-6231
-6434
-6552
-6443
-6095
-5495
-4758
-3901
-3094
-2357
-1594
-764
-187
242
630
943
1165
1227
1303
1296
1416
1499
1524
1548
1798
2071
2306
2468
2672
2942
3088
3179
3068
2982
2776
2456
1940
1368
779
201
-476
-1151
-1725
-2124
-2341
-2508
-2464
-2254
-1798
-1205
-551
166
970
1755
2490
3031
3521
3875
4086
4113
3882
3542
3065
2457
1673
733
-270
-1304
-2420
-3497
-4492
-5304
-5841
-6140
-6300
-6282
-6019
-5478
-4816
-4057
-3292
-2566
-1815
-1001
-410
55
451
798
1037
1087
1176
1196
1301
1376
1379
1411
1626
1881
2093
2235
2439
2703
2839
2926
2839
2764
2600
2287
1813
1271
728
169
-500
-1169
-1753
-2189
-2413
-2559
-2541
-2352
-1943
-1348
-648
111
928
1692
2455
3080
3564
3970
4175
4220
4021
3663
3184
2558
1784
846
-214
-1304
-2443
-3539
-4495
-5344
-5836
-6096
-6210
-6122
-5786
-5134
-4340
-3521
-2713
-2015
-1207
-376
133
562
862
1186
1320
1338
1358
1346
1425
1471
1407
1451
1709
1968
2195
2315
2576
2818
2998
3066
2965
2868
2677
2335
1826
1248
675
80
-632
-1304
-1909
-2259
-2463
-2613
-2579
-2362
-1866
-1220
-516
212
1009
1819
2573
3093
3604
3951
4142
4136
3884
3534
3011
2431
1595
611
-400
-1429
-2548
-3610
-4564
-5339
-5774
-6011
-6065
-6037
-5607
-5021
-4278
-3516
-2783
-2063
-1309
-516
-60
374
708
1067
1178
1233
1264
1306
1415
1441
1432
1480
1757
1966
2149
2267
2519
2760
2897
2916
2826
2755
2572
2219
1730
1194
666
105
-552
-1175
-1715
-2059
-2342
-2501
-2493
-2252
-1834
-1284
-678
63
879
1686
2372
2926
3458
3835
4102
4085
3918
3577
3148
2521
1716
789
-215
-1306
-2461
-3565
-4555
-5341
-5838
-6121
-6274
-6189
-5842
-5259
-4513
-3695
-2918
-2168
-1379
-547
-32
463
812
1124
1276
1296
1346
1320
1393
1367
1317
1324
1562
1752
1946
2081
2343
2605
2759
2877
2831
2819
2652
2349
1891
1385
860
268
-443
-1110
-1717
-2137
-2443
-2659
-2694
-2501
-2083
-1520
-880
-101
718
1541
2317
2929
3495
3925
4207
4221
4065
3777
3336
2716
1952
1009
1
-1039
-2161
-3286
-4291
-5081
-5620
-5876
-6011
-5935
-5644
-5040
-4310
-3551
-2773
-2061
-1308
-504
27
475
843
1170
1343
1344
1415
1419
1495
1529
1494
1518
1759
1987
2191
2333
2596
2869
3009
3123
3057
3040
2891
2581
2128
1602
1068
489
-202
-865
-1469
-1914
-2192
-2435
-2472
-2356
-2026
-1528
-919
-212
555
1296
2065
2677
3261
3730
4012
4147
4053
3857
3486
2997
2324
1488
557
-389
-1476
-2530
-3552
-4445
-5188
-5654
-5846
-5937
-5813
-5498
-4988
-4301
-3527
-2821
-2137
-1428
-652
-182
290
648
989
1189
1265
1336
1353
1498
1541
1546
1561
1787
1953
2138
2244
2450
2642
2738
2795
2685
2620
2414
2113
1648
1122
606
49
-573
-1172
-1704
-2112
-2385
-2500
-2484
-2346
-1995
-1482
-891
-190
567
1310
1988
2644
3168
3563
3872
3999
3896
3626
3300
2759
2070
1245
317
-738
-1806
-2880
-3924
-4795
-5498
-5879
-6160
-6155
-6006
-5604
-5047
-4243
-3456
-2658
-1923
-1090
-287
212
761
1077
1481
1602
1747
1764
1805
1915
1941
1909
1946
2179
2311
2499
2585
2847
2988
3150
3184
3093
3028
2824
2511
2026
1545
1012
418
-239
-820
-1389
-1769
-2035
-2206
-2229
-2038
-1627
-1101
-488
242
989
1734
2472
3044
3553
3913
4171
4210
4063
3812
3383
2811
2081
1201
208
-822
-1935
-3026
-4080
-4921
-5633
-6074
-6232
-6211
-6011
-5612
-5062
-4267
-3437
-2621
-1882
-1130
-279
234
768
1104
1497
1697
1850
1911
1970
2136
2211
2260
2277
2539
2688
2919
3014
3209
3358
3459
3494
3359
3261
3002
2661
2141
1565
933
313
-373
-1028
-1642
-2084
-2357
-2526
-2544
-2412
-2048
-1513
-926
-270
448
1190
1940
2510
3034
3400
3704
3842
3717
3519
3163
2710
2041
1251
324
-651
-1697
-2734
-3785
-4666
-5337
-5926
-6172
-6249
-6041
-5767
-5320
-4673
-3868
-3096
-2309
-1665
-840
-178
352
822
1156
1566
1715
1888
1915
2073
2196
2302
2289
2437
2621
2787
2953
3014
3221
3243
3335
3228
3117
2940
2646
2252
1761
1227
667
97
-502
-1056
-1577
-1916
-2146
-2204
-2115
-1891
-1494
-1004
-420
251
928
1648
2289
2861
3309
3681
3941
4042
3931
3684
3304
2812
2140
1327
409
-571
-1608
-2668
-3645
-4507
-5204
-5787
-6014
-6080
-5865
-5608
-5161
-4531
-3687
-2894
-2158
-1469
-634
94
573
1052
1369
1802
1972
2151
2209
2380
2562
2650
2656
2769
2988
3135
3267
3291
3469
3483
3538
3401
3217
3000
2673
2263
1722
1151
583
10
-605
-1161
-1694
-2017
-2226
-2322
-2287
-2113
-1697
-1169
-567
97
796
1536
2281
2861
3365
3756
4075
4208
4115
3965
3606
3166
2532
1727
814
-158
-1161
-2290
-3388
-4340
-5096
-5821
-6301
-6530
-6468
-6262
-5988
-5535
-4933
-4040
-3296
-2591
-2000
-1114
-438
122
591
1031
1512
1757
2034
2125
2412
2634
2815
2821
2978
3176
3334
3418
3421
3507
3445
3455
3242
3007
2709
2386
1938
1371
776
218
-366
-977
-1560
-2104
-2414
-2601
-2643
-2662
-2514
-2134
-1605
-983
-284
449
1241
2005
2701
3284
3747
4199
4387
4421
4294
4074
3713
3139
2446
1580
678
-290
-1394
-2551
-3545
-4452
-5217
-5988
-6399
-6450
-6398
-6176
-5989
-5492
-4705
-3914
-3155
-2598
-1854
-962
-399
159
537
1063
1465
1688
1875
2054
2369
2639
2691
2721
2953
3149
3372
3319
3389
3405
3386
3335
3027
2782
2440
2053
1501
832
231
-332
-962
-1585
-2204
-2654
-2889
-3032
-3067
-3046
-2751
-2252
-1724
-1053
-392
381
1139
1846
2447
2990
3494
3857
3964
3976
3915
3718
3404
2827
2159
1379
602
-329
-1387
-2452
-3370
-4254
-5040
-5806
-6265
-6313
-6264
-6169
-6030
-5582
-4842
-4052
-3442
-2856
-2242
-1290
-704
-185
277
835
1350
1596
1850
2063
2480
2759
2891
2861
3148
3372
3552
3510
3455
3504
3429
3349
3002
2726
2424
2037
1465
828
225
-283
-877
-1505
-2104
-2529
-2702
-2885
-2994
-2988
-2756
-2295
-1806
-1288
-671
32
822
1432
2051
2653
3184
3621
3823
3920
3938
3899
3665
3159
2553
1950
1197
325
-671
-1758
-2730
-3671
-4532
-5398
-6075
-6352
-6505
-6557
-6511
-6306
-5814
-5118
-4464
-3829
-3206
-2397
-1534
-988
-364
157
782
1210
1479
1772
2063
2423
2627
2674
2766
3046
3223
3316
3222
3289
3326
3254
3120
2799
2576
2274
1857
1303
722
233
-294
-949
-1532
-2066
-2423
-2637
-2859
-2937
-2864
-2557
-2138
-1693
-1093
-385
362
1135
1812
2516
3174
3718
4129
4330
4502
4539
4441
4131
3669
3105
2488
1713
819
-155
-1185
-2139
-3148
-4042
-4867
-5493
-6007
-6266
-6373
-6308
-6136
-5827
-5313
-4714
-4039
-3401
-2771
-1981
-1271
-651
-48
483
1060
1413
1782
2081
2390
2688
2873
2978
3170
3354
3454
3468
3402
3436
3286
3172
2892
2592
2282
1854
1388
832
291
-243
-808
-1358
-1835
-2279
-2545
-2771
-2856
-2810
-2652
-2314
-1901
-1379
-740
-109
639
1330
2029
2689
3239
3770
4125
4385
4514
4508
4391
4110
3673
3128
2437
1700
804
-161
-1155
-2155
-3097
-3990
-4776
-5383
-5947
-6115
-6170
-6078
-5879
-5637
-5096
-4523
-3824
-3227
-2636
-1890
-1095
-499
110
651
1280
1755
2116
2508
2815
3235
3470
3603
3746
3932
4045
4044
3918
3881
3718
3514
3213
2805
2469
2015
1522
909
303
-249
-822
-1410
-1956
-2474
-2843
-3139
-3314
-3372
-3337
-3073
-2717
-2245
-1667
-1020
-283
457
1213
1889
2546
3176
3684
4028
4260
4408
4421
4270
3957
3504
2921
2288
1485
565
-398
-1370
-2331
-3326
-4166
-4889
-5513
-6062
-6388
-6389
-6247
-6048
-5817
-5430
-4818
-4098
-3458
-2835
-2187
-1339
-672
-47
585
1266
1902
2365
2802
3190
3640
3993
4201
4261
4450
4537
4561
4428
4276
4115
3807
3481
2972
2488
1962
1401
749
93
-516
-1032
-1579
-2091
-2549
-2961
-3178
-3371
-3427
-3410
-3241
-2917
-2548
-2057
-1442
-772
-36
649
1333
2066
2731
3395
3818
4165
4409
4569
4589
4378
4046
3593
3020
2296
1475
528
-404
-1447
-2462
-3445
-4273
-4926
-5596
-6139
-6570
-6703
-6551
-6324
-6144
-5881
-5479
-4873
-4188
-3565
-2902
-2255
-1353
-585
170
954
1777
2563
3136
3681
4195
4747
5159
5380
5388
5479
5471
5332
4966
4515
4117
3580
3006
2310
1671
1077
450
-278
-969
-1560
-2023
-2530
-3033
-3432
-3709
-3815
-3922
-3946
-3861
-3623
-3281
-2911
-2462
-1842
-1144
-401
297
1020
1847
2614
3359
3895
4341
4700
4967
5070
4951
4698
4291
3747
3011
2185
1209
248
-837
-1945
-3028
-3926
-4644
-5301
-5870
-6349
-6582
-6671
-6484
-6325
-6069
-5802
-5416
-4893
-4272
-3623
-2916
-2274
-1456
-574
249
1151
1890
2695
3273
3836
4329
4786
5134
5339
5306
5273
5194
5008
4725
4213
3805
3195
2608
1925
1241
630
7
-610
-1173
-1647
-2016
-2361
-2765
-3032
-3297
-3400
-3499
-3555
-3524
-3401
-3146
-2819
-2412
-1856
-1236
-518
234
1019
1837
2669
3481
4136
4704
5129
5490
5656
5666
5461
5083
4569
3909
3104
2147
1164
106
-950
-2078
-3036
-3853
-4496
-5052
-5488
-5695
-5773
-5731
-5719
-5539
-5271
-5008
-4824
-4574
-4098
-3456
-2852
-2277
-1684
-780
122
978
1778
2598
3472
4164
4746
5138
5500
5725
5810
5624
5481
5251
4939
4419
3733
3133
2435
1774
948
187
-462
-1029
-1586
-2084
-2524
-2839
-3092
-3352
-3510
-3665
-3675
-3678
-3691
-3666
-3611
-3375
-3078
-2729
-2266
-1742
-1028
-242
569
1407
2280
3192
4038
4649
5190
5599
5901
5977
5755
5399
4860
4216
3353
2287
1206
125
-980
-2064
-3139
-3899
-4497
-4947
-5170
-5324
-5229
-5167
-5155
-5194
-5099
-4918
-4766
-4812
-4813
-4656
-4257
-3825
-3424
-2894
-2150
-1105
-217
763
1706
2828
3771
4540
5135
5640
6083
6294
6210
5885
5605
5132
4547
3659
2851
2025
1257
507
-292
-908
-1393
-1760
-2172
-2502
-2664
-2652
-2744
-2833
-2965
-2995
-2951
-3030
-3150
-3311
-3334
-3268
-3184
-2969
-2644
-2142
-1481
-755
103
1050
2059
3047
3852
4626
5257
5782
6102
6138
5978
5596
5094
4347
3377
2294
1173
-13
-1158
-2319
-3207
-3954
-4476
-4780
-4923
-4732
-4476
-4258
-4182
-4085
-4036
-3876
-3829
-3759
-3839
-3906
-3796
-3506
-3029
-2547
-1934
-1161
-42
1007
2157
3189
4356
5298
5996
6534
6903
7195
7199
6915
6337
5782
5062
4207
3028
2008
1070
177
-667
-1520
-2123
-2606
-2982
-3338
-3538
-3543
-3372
-3359
-3330
-3327
-3265
-3206
-3304
-3432
-3574
-3643
-3681
-3743
-3599
-3226
-2769
-2142
-1421
-469
650
1827
2990
3982
4928
5844
6486
6944
7133
7105
6834
6334
5679
4738
3647
2544
1273
-32
-1202
-2166
-2936
-3575
-3933
-4050
-3871
-3552
-3317
-3176
-2975
-2815
-2746
-2948
-3025
-3083
-3244
-3461
-3727
-3674
-3267
-2678
-2102
-1464
-503
855
2001
3179
4210
5342
6278
6832
7136
7221
7231
6963
6224
5283
4451
3527
2532
1233
186
-752
-1556
-2253
-2952
-3377
-3556
-3614
-3686
-3679
-3459
-3147
-3054
-2966
-2999
-2976
-2982
-3155
-3410
-3751
-3938
-4064
-4230
-4243
-4014
-3569
-2879
-2106
-1153
-45
1227
2515
3598
4576
5523
6306
6831
7038
6970
6744
6276
5609
4576
3433
2292
1069
-247
-1488
-2476
-3225
-3813
-4202
-4321
-4244
-3797
-3374
-3086
-2810
-2502
-2304
-2398
-2685
-3041
-3360
-3774
-4271
-4831
-5084
-4925
-4449
-3856
-3051
-1999
-551
951
2254
3478
4635
5807
6583
7038
7237
7326
7157
6647
5772
4862
3942
2943
1747
454
-526
-1371
-2026
-2687
-3138
-3224
-3080
-2892
-2726
-2474
-2034
-1663
-1543
-1559
-1700
-1755
-2014
-2502
-3070
-3582
-3916
-4270
-4593
-4679
-4473
-3972
-3261
-2410
-1333
-50
1323
2619
3790
4892
5856
6602
7067
7283
7214
7006
6532
5815
4846
3780
2667
1420
176
-972
-1875
-2556
-3027
-3404
-3432
-3174
-2688
-2241
-1778
-1237
-780
-466
-445
-704
-1142
-1713
-2479
-3198
-3951
-4480
-4945
-5216
-5009
-4415
-3495
-2400
-1244
275
1808
3246
4588
5659
6661
7254
7510
7488
7221
6792
6070
4959
3846
2686
1640
447
-757
-1638
-2410
-2808
-3091
-3158
-2919
-2567
-2159
-1750
-1369
-909
-668
-654
-787
-1119
-1435
-1944
-2592
-3270
-3928
-4405
-4807
-5032
-4930
-4620
-4027
-3222
-2161
-912
414
1765
3015
4141
5172
5999
6592
6922
7029
6891
6531
6033
5315
4431
3443
2436
1384
332
-571
-1296
-1873
-2241
-2460
-2457
-2271
-1949
-1542
-1193
-804
-457
-286
-317
-539
-942
-1509
-2306
-3173
-4133
-4861
-5334
-5744
-5940
-5874
-5355
-4436
-3384
-2217
-968
429
2064
3365
4493
5365
6111
6544
6524
6293
5849
5237
4472
3336
2093
1069
110
-731
-1698
-2285
-2562
-2668
-2572
-2463
-2162
-1678
-1237
-910
-705
-508
-326
-532
-888
-1394
-1910
-2429
-3122
-3830
-4448
-4830
-4971
-5068
-4907
-4399
-3681
-2759
-1804
-714
473
1662
2754
3575
4273
4907
5362
5579
5547
5353
5085
4665
4138
3466
2775
2181
1532
885
294
-85
-327
-544
-742
-812
-756
-564
-455
-446
-393
-318
-272
-441
-706
-1006
-1343
-1812
-2414
-3061
-3617
-4139
-4687
-5087
-5133
-4902
-4522
-4079
-3394
-2329
-1058
233
1390
2541
3784
4785
5499
5905
6147
6249
6047
5613
5060
4483
3894
3036
2095
1321
680
225
-286
-603
-722
-722
-605
-547
-454
-278
-131
-99
-241
-430
-588
-945
-1396
-1969
-2545
-3002
-3471
-3896
-4235
-4393
-4290
-4089
-3730
-3156
-2462
-1614
-784
48
870
1646
2379
2919
3318
3631
3804
3875
3791
3600
3386
3098
2817
2466
2134
1896
1643
1438
1217
1058
990
900
793
647
515
435
259
45
-194
-452
-677
-982
-1289
-1603
-1881
-2121
-2441
-2745
-2986
-3237
-3480
-3760
-4009
-4196
-4398
-4410
-4340
-4162
-3894
-3586
-3032
-2279
-1435
-565
203
1104
2060
2850
3572
4119
4639
4971
5078
5069
4917
4733
4446
3909
3359
2839
2362
1849
1199
703
257
-105
-447
-819
-1057
-1190
-1343
-1537
-1770
-1880
-1998
-2254
-2495
-2781
-2972
-3147
-3384
-3604
-3760
-3755
-3675
-3609
-3375
-3021
-2580
-2083
-1593
-1010
-407
191
730
1153
1543
1919
2198
2375
2436
2450
2424
2347
2231
2044
1849
1684
1522
1303
1112
971
872
725
564
438
327
262
164
-7
-165
-259
-347
-503
-697
-814
-947
-1103
-1272
-1466
-1606
-1759
-1946
-2224
-2518
-2739
-2997
-3354
-3682
-3979
-4066
-4055
-3983
-3840
-3602
-3088
-2422
-1737
-989
-236
612
1480
2174
2842
3375
3896
4232
4347
4384
4349
4236
4002
3559
3128
2711
2291
1846
1277
883
548
265
-8
-286
-427
-490
-612
-741
-923
-1009
-1106
-1360
-1631
-1957
-2183
-2406
-2712
-2995
-3174
-3216
-3169
-3118
-2894
-2541
-2092
-1599
-1132
-561
34
612
1096
1462
1811
2112
2293
2371
2366
2336
2247
2094
1908
1717
1585
1461
1314
1176
1112
1139
1140
1132
1110
1123
1153
1150
1091
986
882
770
572
342
121
-95
-323
-591
-818
-1004
-1135
-1245
-1406
-1537
-1608
-1683
-1777
-1947
-2125
-2336
-2617
-2918
-3261
-3493
-3604
-3713
-3785
-3775
-3526
-3065
-2563
-1995
-1387
-640
245
1014
1732
2387
3018
3535
3830
4039
4167
4191
4098
3795
3437
3128
2800
2416
1904
1498
1184
882
628
382
214
133
48
-45
-181
-265
-335
-555
-832
-1144
-1428
-1703
-2041
-2383
-2671
-2842
-2914
-2998
-2981
-2812
-2545
-2183
-1794
-1302
-741
-173
373
833
1256
1668
1973
2168
2230
2216
2164
2022
1843
1598
1357
1145
918
729
596
532
530
504
519
584
689
801
840
853
845
828
777
646
475
291
89
-126
-370
-577
-735
-887
-1025
-1123
-1157
-1129
-1108
-1081
-1094
-1070
-1062
-1111
-1238
-1421
-1665
-1970
-2389
-2783
-3028
-3213
-3361
-3569
-3611
-3392
-2945
-2458
-1977
-1448
-651
127
849
1480
2099
2689
3061
3278
3376
3435
3422
3205
2771
2398
2059
1774
1324
886
581
369
242
100
-12
12
91
125
95
63
167
137
-1
-238
-474
-655
-894
-1218
-1548
-1806
-1924
-2055
-2179
-2133
-1988
-1713
-1436
-1083
-646
-146
361
779
1114
1473
1773
1994
2086
2062
1996
1852
1677
1433
1148
900
689
466
294
178
188
227
273
346
455
630
800
887
927
953
969
936
807
654
482
319
119
-103
-272
-371
-457
-533
-585
-554
-446
-355
-273
-218
-146
-52
-33
-107
-231
-391
-595
-912
-1283
-1686
-2119
-2569
-3059
-3408
-3608
-3696
-3733
-3729
-3489
-3010
-2446
-1849
-1291
-594
149
796
1367
1829
2272
2584
2701
2729
2674
2604
2458
2123
1794
1507
1309
1105
845
684
602
593
624
607
661
744
782
761
630
559
440
197
-117
-495
-817
-1119
-1472
-1793
-2075
-2214
-2256
-2262
-2133
-1910
-1579
-1194
-810
-378
70
521
927
1207
1451
1646
1775
1821
1751
1639
1482
1314
1138
923
735
599
472
396
342
401
503
597
701
803
938
1083
1151
1157
1102
1034
952
767
580
369
180
-12
-210
-349
-429
-456
-435
-439
-352
-193
-23
135
227
363
477
536
540
454
342
193
-48
-326
-659
-971
-1289
-1675
-2014
-2350
-2604
-2841
-3030
-3071
-3025
-2886
-2710
-2488
-2102
-1654
-1199
-768
-379
119
528
877
1164
1395
1617
1739
1776
1785
1756
1759
1673
1531
1449
1380
1352
1256
1161
1122
1083
1054
990
871
804
690
545
335
106
-74
-326
-598
-872
-1128
-1313
-1491
-1651
-1754
-1805
-1734
-1655
-1534
-1328
-1098
-813
-536
-258
36
300
559
767
916
1072
1163
1237
1262
1252
1241
1202
1174
1135
1078
1069
1059
1044
1041
1058
1123
1159
1185
1190
1180
1181
1165
1097
987
860
752
611
445
299
166
62
-42
-114
-144
-117
-58
-12
44
158
294
409
486
550
607
637
628
565
464
353
213
23
-192
-389
-579
-794
-1013
-1208
-1378
-1515
-1650
-1788
-1903
-1987
-2073
-2125
-2113
-2051
-1977
-1917
-1802
-1597
-1337
-1070
-824
-555
-213
117
428
705
1002
1277
1476
1624
1752
1858
1941
1916
1827
1733
1642
1538
1346
1152
971
797
622
429
247
111
-35
-181
-353
-473
-541
-650
-775
-902
-987
-1039
-1108
-1174
-1224
-1249
-1219
-1208
-1161
-1064
-936
-781
-626
-442
-216
14
257
468
660
870
1047
1206
1311
1388
1431
1447
1433
1389
1320
1250
1157
1062
964
879
816
744
691
643
612
604
587
567
536
498
476
424
364
304
245
194
126
71
41
21
29
29
49
93
147
219
281
343
407
450
478
474
447
411
329
215
78
-74
-234
-426
-629
-827
-1022
-1192
-1370
-1531
-1665
-1784
-1892
-1992
-2085
-2160
-2237
-2238
-2213
-2143
-2049
-1955
-1782
-1546
-1273
-976
-699
-367
-14
309
639
915
1209
1450
1616
1750
1833
1908
1940
1858
1771
1658
1561
1434
1235
1081
918
765
616
434
300
186
56
-74
-241
-340
-429
-560
-693
-836
-934
-1012
-1118
-1196
-1256
-1265
-1237
-1228
-1153
-1035
-874
-694
-527
-315
-79
163
397
586
777
958
1103
1220
1289
1345
1379
1370
1341
1288
1229
1176
1093
1008
939
888
856
817
775
749
733
728
702
657
613
566
515
442
366
299
233
167
99
51
37
41
47
48
84
151
218
280
332
395
448
493
510
505
492
462
402
308
205
101
-21
-168
-317
-468
-601
-734
-872
-1004
-1122
-1211
-1298
-1395
-1476
-1545
-1616
-1690
-1771
-1852
-1897
-1872
-1821
-1760
-1673
-1531
-1296
-1005
-709
-401
-75
302
664
977
1277
1555
1800
1956
2031
2076
2096
2080
1970
1782
1601
1445
1277
1056
826
646
496
340
183
40
-38
-109
-209
-333
-438
-487
-559
-687
-820
-923
-992
-1065
-1160
-1223
-1234
-1189
-1140
-1077
-942
-741
-521
-310
-92
163
438
694
902
1073
1238
1388
1477
1513
1520
1509
1471
1385
1288
1206
1140
1076
980
893
839
828
815
782
743
718
701
673
621
566
511
449
369
282
216
171
135
84
42
46
86
134
182
225
303
395
472
538
594
641
673
665
632
590
547
467
352
226
100
-16
-144
-297
-442
-561
-671
-777
-889
-966
-1032
-1095
-1154
-1217
-1259
-1287
-1334
-1387
-1457
-1510
-1552
-1620
-1681
-1708
-1678
-1606
-1520
-1411
-1242
-1002
-703
-425
-131
189
535
862
1131
1370
1591
1777
1892
1924
1918
1899
1840
1719
1535
1366
1217
1063
875
688
542
441
335
221
115
58
18
-53
-153
-245
-293
-359
-459
-579
-671
-731
-781
-847
-884
-868
-804
-722
-637
-504
-311
-94
121
326
544
781
993
1163
1292
1411
1508
1588
1619
1617
1597
1561
1510
1441
1365
1289
1210
1119
1025
922
854
778
699
610
521
450
391
328
263
177
122
79
29
-14
-56
-63
-68
-77
-71
-50
-1
55
88
137
185
254
311
335
362
379
390
388
344
307
257
190
106
2
-92
-185
-290
-396
-509
-606
-685
-768
-845
-910
-959
-999
-1044
-1074
-1096
-1113
-1124
-1154
-1174
-1191
-1193
-1195
-1194
-1181
-1130
-1062
-951
-806
-634
-429
-196
59
330
606
879
1133
1359
1556
1714
1834
1908
1935
1906
1836
1729
1603
1446
1279
1096
918
753
597
457
341
247
173
105
47
8
-25
-55
-101
-158
-206
-263
-321
-380
-441
-480
-511
-523
-510
-468
-391
-285
-164
-22
144
331
512
688
857
1019
1157
1268
1355
1418
1452
1449
1418
1360
1288
1199
1086
966
858
742
643
540
458
392
337
290
248
222
208
186
161
144
124
114
88
65
47
35
34
28
26
41
59
92
124
154
202
251
296
334
360
401
424
432
437
421
402
372
322
269
206
147
83
4
-55
-119
-172
-218
-267
-296
-316
-328
-319
-325
-315
-296
-274
-253
-234
-222
-199
-185
-175
-166
-163
-150
-135
-125
-107
-78
-38
18
66
136
213
295
380
468
559
657
744
837
917
988
1071
1128
1180
1210
1224
1240
1234
1207
1180
1147
1111
1067
1011
956
893
831
767
699
640
567
501
436
366
300
230
155
91
28
-31
-78
-118
-153
-187
-211
-223
-229
-220
-201
-171
-121
-65
6
74
147
217
284
350
423
498
563
629
679
727
776
816
847
862
861
863
845
814
776
720
676
614
546
484
424
378
328
271
236
204
181
163
134
124
118
114
106
89
90
91
81
80
70
70
79
72
71
66
70
81
75
79
85
92
101
104
109
114
122
136
129
125
128
129
128
126
124
132
136
150
163
179
214
248
285
326
375
428
484
535
592
645
708
767
817
860
895
921
922
899
858
801
727
629
518
402
282
167
51
-50
-155
-245
-311
-349
-363
-358
-333
-307
-278
-243
-205
-167
-142
-105
-69
-49
-34
-6
25
59
100
142
178
208
234
263
288
306
320
325
327
320
300
279
261
238
212
184
159
129
102
85
58
38
28
19
18
13
16
16
18
19
10
-4
-9
-14
-26
-38
-47
-53
-66
-72
-80
-90
-102
-116
-130
-139
-147
-148
-151
-151
-152
-151
-146
-142
-144
-134
-110
-86
-57
-43
-31
-23
-14
-4
8
18
37
50
71
105
136
180
224
274
332
396
460
520
584
649
710
771
826
877
932
976
1028
1078
1127
1181
1227
1273
1329
1378
1420
1454
1467
1476
1468
1447
1402
1336
1252
1139
1025
917
804
684
578
489
421
372
357
350
348
361
379
395
411
418
411
407
389
360
330
286
222
153
79
-6
-83
-146
-188
-214
-238
-265
-283
-294
-298
-308
-313
-315
-310
-297
-285
-257
-234
-216
-199
-182
-167
-155
-149
-146
-145
-150
-168
-189
-212
-233
-255
-275
-297
-310
-324
-335
-340
-350
-357
-363
-367
-371
-373
-367
-361
-357
-346
-340
-333
-325
-316
-315
-315
-310
-307
-305
-305
-305
-297
-287
-273
-253
-228
-203
-179
-151
-124
-96
-73
-47
-21
5
31
47
69
88
102
113
119
122
127
128
130
135
135
135
136
135
135
133
123
124
123
123
122
119
118
116
115
110
106
99
87
75
61
46
30
26
30
31
35
45
61
84
118
157
197
233
263
279
282
277
269
257
236
205
185
175
173
168
152
136
125
113
95
74
48
25
-6
-34
-64
-93
-117
-139
-155
-174
-185
-188
-184
-167
-154
-131
-107
-90
-86
-77
-66
-68
-90
-112
-126
-131
-126
-119
-104
-85
-70
-69
-79
-91
-108
-122
-142
-167
-191
-214
-232
-259
-279
-297
-316
-334
-350
-360
-367
-368
-366
-363
-357
-341
-320
-295
-265
-233
-207
-185
-163
-146
-140
-139
-137
-141
-150
-155
-160
-158
-149
-132
-119
-102
-86
-77
-71
-66
-59
-55
-53
-52
-53
-61
-70
-76
-76
-85
-91
-98
-109
-124
-137
-146
-154
-160
-167
-168
-166
-159
-154
-144
-138
-132
-124
-118
-126
-136
-153
-169
-180
-196
-212
-220
-226
-235
-234
-234
-221
-207
-186
-161
-138
-118
-98
-76
-60
-49
-48
-46
-51
-58
-73
-97
-129
-156
-176
-197
-208
-220
-221
-221
-214
-198
-186
-171
-151
-137
-120
-105
-92
-87
-92
-107
-121
-138
-163
-192
-214
-228
-239
-253
-258
-257
-263
-269
-274
-267
-260
-255
-261
-274
-293
-314
-330
-348
-363
-379
-396
-402
-408
-405
-401
-394
-381
-368
-354
-336
-307
-279
-251
-227
-205
-184
-167
-156
-144
-148
-158
-169
-200
-228
-257
-288
-317
-343
-363
-377
-391
-396
-395
-393
-390
-376
-358
-335
-306
-272
-241
-211
-175
-144
-121
-105
-93
-94
-94
-101
-119
-135
-156
-175
-201
-228
-252
-273
-287
-297
-304
-304
-302
-302
-295
-287
-286
-282
-278
-272
-261
-254
-253
-248
-247
-258
-267
-274
-280
-280
-288
-293
-296
-303
-302
-304
-298
-291
-282
-271
-260
-252
-241
-234
-229
-228
-230
-236
-240
-249
-263
-278
-295
-303
-316
-325
-324
-323
-316
-307
-294
-280
-263
-247
-237
-227
-217
-211
-208
-206
-209
-218
-231
-243
-251
-260
-268
-280
-282
-288
-290
-294
-303
-305
-313
-316
-325
-336
-344
-356
-364
-378
-386
-390
-395
-392
-396
-394
-391
-388
-381
-376
-367
-360
-356
-355
-351
-341
-328
-322
-308
-297
-283
-272
-263
-250
-241
-234
-227
-225
-223
-224
-225
-229
-238
-243
-255
-261
-270
-278
-290
-301
-307
-316
-324
-328
-337
-347
-356
-369
-379
-388
-393
-395
-399
-403
-410
-416
-422
-432
-435
-435
-445
-453
-462
-468
-472
-472
-470
-469
-457
-446
-435
-421
-412
-403
-394
-391
-382
-381
-377
-371
-367
-359
-358
-354
-352
-354
-352
-350
-349
-349
-351
-351
-348
-345
-343
-343
-339
-335
-333
-326
-324
-325
-323
-325
-326
-320
-318
-314
-312
-313
-306
-303
-300
-296
-295
-289
-285
-279
-271
-271
-270
-273
-275
-284
-289
-297
-304
-312
-318
-325
-327
-329
-328
-326
-324
-318
-309
-303
-302
-298
-294
-293
-304
-305
-306
-318
-328
-347
-361
-375
-386
-396
-406
-415
-424
-433
-439
-442
-441
-441
-441
-437
-433
-425
-418
-408
-396
-386
-370
-357
-345
-334
-323
-309
-294
-281
-263
-245
-234
-217
-203
-194
-185
-182
-173
-168
-167
-164
-168
-173
-178
-188
-193
-204
-215
-215
-224
-229
-234
-244
-255
-256
-260
-262
-266
-270
-273
-272
-268
-268
-269
-273
-274
-277
-276
-280
-280
-282
-283
-283
-285
-284
-285
-285
-282
-282
-282
-283
-287
-287
-287
-292
-291
-296
-301
-310
-321
-328
-334
-342
-349
-355
-363
-370
-370
-370
-372
-373
-374
-374
-364
-359
-364
-352
-347
-338
-330
-324
-313
-303
-296
-286
-276
-269
-260
-250
-241
-231
-225
-218
-213
-206
-203
-199
-198
-195
-188
-191
-184
-182
-179
-178
-177
-176
-176
-175
-176
-176
-170
-169
-169
-167
-165
-158
-152
-147
-141
-139
-135
-126
-120
-115
-106
-100
-99
-101
-97
-97
-97
-97
-96
-99
-98
-99
-100
-99
-99
-94
-91
-89
-84
-82
-81
-77
-76
-76
-74
-74
-75
-73
-69
-68
-67
-68
-66
-60
-57
-55
-51
-45
-43
-40
-37
-31
-27
-26
-23
-25
-25
-23
-24
-23
-25
-26
-27
-29
-33
-35
-46
-50
-46
-54
-56
-59
-64
-68
-75
-77
-81
-86
-91
-93
-94
-98
-101
-102
-101
-101
-102
-100
-98
-97
-97
-94
-95
-94
-92
-88
-88
-87
-89
-91
-92
-97
-101
-101
-111
-114
-119
-121
-121
-124
-125
-130
-128
-127
-130
-131
-132
-135
-137
-136
-136
-133
-131
-130
-132
-132
-127
-125
-123
-121
-121
-118
-113
-112
-112
-111
-109
-106
-104
-105
-106
-107
-105
-103
-105
-103
-107
-108
-109
-107
-106
-109
-108
-106
-103
-100
-96
-92
-90
-88
-81
-79
-78
-80
-81
-76
-78
-76
-74
-79
-79
-82
-82
-80
-81
-78
-80
-75
-70
-67
-64
-63
-57
-55
-51
-51
-49
-48
-46
-48
-48
-49
-53
-48
-48
-50
-45
-43
-45
-40
-38
-37
-36
-33
-32
-32
-28
-31
-33
-29
-30
-33
-31
-34
-33
-36
-34
-32
-36
-37
-40
-41
-42
-45
-47
-45
-39
-40
-45
-42
-44
-44
-41
-39
-36
-31
-25
-16
-16
-10
-4
4
10
11
19
22
26
28
28
31
32
32
34
32
30
26
23
21
17
11
5
4
0
1
0
-1
0
0
2
6
6
13
14
19
27
35
41
45
53
59
64
65
76
80
88
94
94
101
101
105
105
109
108
113
114
113
114
112
114
114
112
112
113
110
111
109
109
105
102
97
95
89
88
83
84
83
83
81
80
82
81
83
84
88
87
86
86
84
84
88
85
84
86
84
82
81
81
80
81
81
83
79
82
83
81
81
80
80
74
73
71
71
67
66
69
64
62
59
57
57
59
58
59
61
61
64
64
68
66
67
68
66
61
60
57
53
55
53
55
51
52
53
51
54
55
53
50
56
60
61
66
70
74
75
79
78
81
84
84
88
88
86
88
93
98
102
105
111
116
121
126
133
138
142
144
147
150
152
154
154
154
149
150
147
145
141
139
140
142
143
144
141
143
142
143
143
142
141
138
140
141
142
144
138
137
137
137
140
138
145
151
156
160
167
173
174
179
187
190
193
193
195
193
195
197
194
194
193
197
197
200
202
203
204
203
208
213
213
215
219
218
218
216
220
217
218
219
219
220
222
225
225
229
231
232
231
229
233
228
232
231
227
223
221
218
207
203
197
193
188
181
174
169
165
163
159
158
156
154
151
149
149
146
146
144
142
142
141
140
139
140
142
140
141
141
141
140
141
139
138
142
141
143
143
143
145
149
146
144
142
138
137
135
131
127
128
129
127
125
127
123
123
124
124
125
121
121
121
120
122
122
123
122
122
122
122
121
123
119
120
120
121
123
120
123
122
122
121
120
116
115
114
111
109
107
103
104
103
100
97
90
88
91
93
89
93
91
93
91
93
94
89
88
90
92
92
92
93
95
96
97
94
97
97
100
100
104
105
104
105
104
103
100
100
99
98
99
98
98
94
92
92
92
92
91
89
88
82
83
84
82
79
77
75
74
77
75
76
79
72
74
73
74
76
75
75
73
74
72
70
69
68
66
68
63
62
60
57
55
55
53
54
47
47
45
43
43
38
37
37
38
35
29
31
30
29
29
26
28
26
26
25
24
23
24
21
18
21
21
23
26
29
28
30
30
31
31
32
34
33
31
27
28
27
22
23
27
22
24
24
23
20
21
20
20
22
21
24
23
24
28
27
26
26
26
27
24
24
26
28
26
26
27
25
31
31
28
29
24
29
31
30
31
26
27
26
29
26
30
32
32
34
35
36
37
36
38
42
47
48
47
51
52
53
55
55
60
59
60
64
63
64
66
68
66
68
68
69
72
72
71
70
71
70
73
69
67
67
65
66
64
64
64
64
64
62
60
60
58
59
60
63
64
65
68
68
70
74
74
77
78
79
82
83
82
87
88
88
90
89
94
93
92
92
93
92
92
94
96
95
98
98
99
105
102
103
104
106
105
102
105
105
107
109
108
113
114
109
112
112
112
107
109
111
110
110
114
115
110
112
111
110
114
116
114
109
108
104
107
105
105
110
108
106
107
108
107
106
106
105
103
108
108
108
110
113
115
111
106
110
108
104
106
101
102
105
103
101
102
104
101
99
100
102
104
104
102
103
103
100
101
100
102
101
102
100
95
94
96
92
93
93
88
89
93
91
92
93
90
88
89
92
96
95
94
97
95
97
97
99
98
99
100
103
104
106
106
106
106
106
104
106
104
107
107
106
108
107
112
107
108
107
105
107
104
108
106
105
106
105
106
103
103
101
105
103
103
106
106
109
107
107
110
109
110
112
111
112
111
109
110
106
105
104
101
100
100
101
100
96
97
93
94
91
93
91
89
94
91
92
95
99
97
97
95
94
93
96
95
97
95
92
96
89
90
91
93
96
94
95
91
89
88
88
86
82
82
80
79
78
77
74
74
70
65
62
64
67
66
62
64
65
62
63
65
61
61
60
56
57
56
59
59
52
52
51
47
48
50
50
51
51
55
52
51
52
50
51
52
52
52
52
50
47
49
47
48
48
48
51
46
47
49
51
49
49
49
51
52
48
50
49
50
48
46
46
47
44
45
42
41
45
44
43
43
43
43
41
45
50
51
54
57
57
58
58
60
62
60
63
62
59
59
59
58
55
58
57
57
55
55
55
55
57
57
56
56
56
56
55
57
63
62
60
60
66
61
61
59
58
59
59
59
56
61
61
62
59
54
56
54
53
50
46
49
50
48
48
43
42
46
43
41
41
38
37
36
36
36
35
38
41
40
37
39
39
40
40
39
37
39
37
38
39
38
39
41
36
35
35
36
36
37
41
41
40
39
38
38
32
31
32
33
32
31
30
33
30
30
32
30
31
28
33
29
30
26
25
26
28
30
29
30
28
31
31
31
31
26
25
29
26
27
27
27
28
26
27
24
26
27
28
29
28
27
23
22
20
21
21
18
17
19
20
21
22
23
24
24
23
23
24
24
24
26
26
25
27
26
26
27
27
29
29
28
27
25
27
25
27
27
29
28
27
29
26
26
22
26
24
23
20
18
21
19
18
19
19
20
21
18
19
18
19
19
11
15
16
17
19
23
27
27
29
27
26
31
30
31
32
31
29
29
27
26
30
28
26
28
27
27
26
24
24
24
27
26
28
28
28
30
26
28
26
24
20
22
25
22
24
21
22
21
21
23
21
21
19
20
24
28
24
23
23
21
23
22
23
25
26
24
24
29
27
27
27
30
30
32
35
34
34
35
35
33
30
34
34
32
32
32
31
33
33
33
32
34
33
36
40
37
40
39
42
45
45
44
47
50
49
51
51
48
52
52
51
50
50
51
51
51
54
53
52
50
52
54
54
56
54
55
58
55
56
56
53
55
55
56
55
56
54
53
56
56
55
56
57
57
57
57
61
63
63
61
58
55
55
57
53
52
54
54
54
53
59
57
54
58
55
53
53
53
53
48
49
53
51
45
45
46
46
44
42
38
37
37
38
39
38
36
37
36
38
39
34
34
34
33
32
31
32
30
32
31
32
30
26
29
26
26
25
25
25
22
20
20
23
23
20
15
16
16
17
18
18
18
13
13
15
12
14
17
17
19
19
14
16
17
16
15
15
14
11
11
14
11
7
4
5
6
5
4
5
8
4
5
2
-1
-2
-2
-1
-2
-2
-2
0
-4
-8
-8
-7
-8
-9
-8
-9
-9
-6
-5
-6
-6
-6
-7
-6
-2
-5
-5
-1
0
-1
-3
1
-3
-4
0
0
-2
-3
-3
-2
-1
-2
-4
-1
-3
-3
-1
-4
-5
-8
-9
-10
-9
-14
-13
-13
-14
-11
-13
-11
-7
-8
-12
-12
-9
-6
-9
-10
-9
-9
-4
-1
-3
-1
0
0
0
-3
-2
-2
-1
-1
-4
-6
-4
-7
-5
-5
-8
-5
-7
-8
-10
-14
-14
-14
-12
-11
-11
-10
-9
-9
-9
-8
-10
-11
-9
-9
-10
-7
-5
-8
-6
-6
-4
-5
-4
-3
-4
-5
1
0
1
3
-1
0
1
-1
-1
3
2
2
1
0
1
2
-1
-2
-1
-1
2
2
0
-2
2
-1
1
-1
-3
1
0
-2
-1
-2
-1
0
1
4
1
3
2
3
4
2
3
2
3
2
0
1
3
3
5
3
1
-2
-3
-3
-5
-8
-10
-10
-12
-7
-9
-10
-10
-10
-6
-5
-4
-5
-4
-5
-7
-9
-6
-9
-7
-11
-11
-9
-11
-10
-9
-8
-8
-8
-6
-3
-4
-3
-1
1
2
1
3
-1
-2
-3
-4
-6
-7
-7
-8
-10
-10
-2
-9
-13
-7
-9
-7
-9
-10
-11
-7
-5
-7
-6
-7
-10
-8
-4
-8
-7
-7
-8
-6
-7
-5
-5
-5
-3
-4
-1
-2
-1
3
2
3
-1
2
-1
-1
-1
-2
-1
0
-6
-5
-2
0
-1
-2
3
-2
-1
1
6
7
0
3
8
12
9
11
9
9
12
10
8
9
8
5
4
4
2
1
0
2
1
0
-1
-2
-2
-1
1
-3
-4
-3
-5
-8
-6
-8
-9
-8
-11
-10
-12
-13
-14
-12
-10
-13
-10
-11
-12
-8
-13
-15
-12
-15
-16
-19
-22
-17
-19
-18
-20
-22
-22
-28
-26
-28
-29
-27
-29
-28
-27
-26
-27
-28
-28
-23
-23
-21
-22
-23
-20
-22
-20
-19
-17
-19
-19
-19
-16
-18
-19
-17
-18
-16
-18
-19
-19
-21
-19
-18
-19
-19
-18
-20
-18
-17
-20
-22
-24
-23
-22
-22
-20
-16
-15
-16
-16
-16
-15
-17
-15
-13
-12
-15
-16
-16
-15
-13
-15
-16
-14
-14
-16
-20
-16
-20
-22
-19
-17
-16
-16
-16
-14
-13
-14
-11
-14
-15
-14
-13
-11
-13
-8
-10
-10
-12
-11
-10
-11
-9
-13
-8
-8
-4
-7
-7
-6
-8
-8
-9
-6
-4
-6
-1
-3
-5
-4
-3
-2
-4
1
1
0
1
-2
0
0
1
1
2
7
7
5
8
11
8
10
10
7
9
11
11
9
8
5
10
8
8
8
4
9
10
7
8
12
9
13
14
10
10
11
8
7
8
9
9
9
4
5
6
4
4
5
4
5
1
0
-1
-1
0
-4
-6
-7
-9
-7
-10
-9
-11
-9
-10
-12
-12
-12
-9
-10
-10
-11
-7
-10
-9
-10
-13
-13
-16
-16
-19
-17
-16
-14
-17
-19
-22
-25
-25
-28
-27
-27
-28
-25
-22
-25
-25
-23
-21
-21
-22
-21
-25
-27
-27
-27
-25
-27
-26
-24
-26
-24
-26
-27
-24
-24
-26
-24
-23
-23
-25
-24
-22
-24
-23
-24
-25
-28
-26
-29
-31
-30
-31
-26
-30
-28
-29
-36
-33
-29
-33
-30
-27
-27
-30
-33
-30
-32
-32
-33
-32
-30
-33
-31
-33
-33
-32
-34
-34
-34
-33
-31
-31
-29
-31
-31
-31
-31
-32
-34
-36
-38
-33
-37
-37
-34
-36
-34
-35
-35
-35
-36
-35
-36
-33
-35
-39
-37
-37
-40
-40
-37
-40
-37
-38
-38
-37
-41
-39
-38
-36
-37
-33
-35
-34
-37
-34
-37
-36
-34
-36
-32
-31
-32
-33
-34
-33
-31
-32
-32
-30
-31
-34
-32
-36
-36
-37
-38
-39
-41
-42
-42
-44
-41
-40
-41
-39
-40
-39
-41
-44
-39
-43
-44
-38
-39
-37
-34
-34
-33
-34
-33
-35
-36
-34
-32
-31
-32
-34
-35
-33
-33
-35
-32
-37
-34
-36
-40
-39
-42
-41
-40
-43
-42
-45
-41
-40
-43
-41
-43
-42
-40
-47
-43
-42
-43
-41
-38
-33
-35
-37
-37
-34
-38
-37
-38
-33
-31
-31
-31
-32
-33
-32
-31
-30
-30
-24
-24
-25
-23
-22
-22
-26
-23
-20
-23
-22
-20
-22
-22
-22
-20
-23
-20
-19
-21
-16
-17
-14
-16
-16
-13
-11
-9
-10
-9
-8
-5
-4
-9
-5
-4
-7
-1
0
-2
-3
-3
-2
-4
-2
-2
-4
-4
-2
-4
0
3
0
1
0
3
1
3
7
6
5
7
8
7
7
8
6
7
9
10
13
12
12
11
14
14
17
16
18
20
20
23
24
25
27
29
29
30
26
27
25
28
28
25
27
28
30
31
28
27
29
29
26
25
26
26
25
27
26
24
25
22
25
26
23
24
22
21
23
20
21
23
21
21
20
22
22
20
20
20
17
16
19
16
15
17
17
18
18
14
16
15
13
13
11
10
9
11
12
11
11
7
7
10
8
7
8
8
6
4
6
8
5
5
7
6
6
2
5
8
5
6
6
7
7
8
10
10
7
7
6
5
4
4
5
7
5
4
5
3
4
3
6
7
6
6
4
6
7
6
8
7
7
7
7
7
6
10
10
8
7
6
4
6
5
3
9
7
8
7
6
5
3
6
4
5
5
6
5
5
6
9
9
9
11
10
8
7
7
5
7
5
7
3
2
4
6
5
6
8
8
7
7
10
5
8
0
2
6
2
9
10
11
7
7
9
8
9
10
12
9
11
11
10
12
12
13
12
11
13
13
13
11
9
7
5
7
7
10
12
10
10
8
10
9
6
6
5
4
5
2
2
3
4
