36
88
74
33
57
50
53
33
3
49
30
73
148
66
21
22
13
45
21
-65
-80
-37
-85
-111
-76
-41
1
45
74
37
-7
-70
-49
19
8
50
57
-27
-111
-112
-40
-20
-17
-46
-95
-98
-50
6
-1
28
10
-99
-71
-42
-65
-7
17
23
41
8
18
21
7
21
-1
17
59
-29
-24
109
70
37
94
95
35
34
75
41
77
110
14
41
78
35
54
6
6
45
87
109
93
95
-28
-49
-25
-94
-93
-126
-90
-15
-44
-21
-18
-53
0
-2
-38
-24
-24
-42
-68
-68
-25
-23
-80
-59
14
31
-29
-33
-35
-84
11
38
-42
-67
-80
-40
-16
-32
-109
-67
42
-5
-32
-66
-14
39
-33
1
18
48
120
81
1
1
24
-21
61
63
-13
8
1
8
-17
48
121
35
-5
50
69
63
88
61
-5
28
71
110
110
58
66
25
52
59
-5
2
-28
7
45
-2
5
-40
-47
31
-11
-9
9
-4
-38
-67
86
46
-49
3
14
-11
-51
51
62
3
-23
-84
-81
-45
-33
-103
-52
21
-1
-36
-70
-31
-8
2
-46
-86
-21
15
33
20
-81
-85
-21
-21
12
-24
-49
17
21
37
23
-3
1
-34
-52
-38
-36
39
66
4
32
-9
-11
44
-25
-26
59
67
34
11
5
2
-32
-33
-45
-27
12
-4
12
18
19
26
26
-26
-10
41
-60
-18
14
-33
60
61
-19
-45
-34
-36
-44
6
44
11
46
21
15
85
86
113
61
72
99
70
126
87
44
82
67
15
10
67
74
-1
39
36
-45
-2
-30
-31
-28
-52
-25
-91
-17
24
9
28
-108
-97
-79
-84
-48
-52
9
16
20
8
-60
-113
-121
-123
-112
-43
-3
-15
-62
-14
42
-19
-23
9
39
2
-1
104
56
10
23
7
35
15
28
34
70
124
60
72
35
-13
37
-30
-61
-28
-53
-22
16
-24
17
70
12
12
17
27
80
58
51
38
-57
-110
-80
-9
10
16
-8
-68
-48
-52
-57
-83
-109
-117
-115
-67
-56
9
9
-59
-110
-81
70
81
21
15
-41
-35
12
-28
-61
-37
52
62
-54
-26
47
79
111
26
29
74
81
40
27
119
106
95
70
55
53
-11
-55
-95
0
54
-5
47
60
72
122
66
38
10
-15
33
32
0
-3
7
-27
-29
29
-28
-71
-90
-88
-44
-10
22
-45
-57
17
75
47
-24
-33
-81
-56
47
66
20
-7
23
0
-49
-69
-17
16
-47
38
69
48
37
-50
27
24
-57
-16
-97
-81
32
-6
28
31
-49
-8
17
-36
-18
-70
-52
1
-58
0
-30
-90
-67
-39
-24
-3
43
-15
-80
-95
-39
-46
-41
0
-53
-33
21
60
55
6
39
88
27
22
56
23
84
62
44
149
124
32
-40
-44
26
101
34
51
128
-15
-21
5
15
74
-22
-58
-36
-14
-16
-34
48
-24
-124
-40
-23
5
54
0
-66
-74
-63
-44
-10
-46
-34
-34
-33
50
65
15
-36
-73
-68
-19
-57
-19
61
11
7
2
24
-38
-51
48
22
80
96
67
18
-56
8
46
85
81
44
-6
4
140
53
-55
-34
-7
46
5
-36
5
64
54
46
29
-40
-30
-46
-59
-22
-27
-29
-16
34
7
-40
0
6
26
-12
-56
-16
7
13
-62
-73
-16
-54
-5
3
-61
-61
-65
-9
-1
-22
-80
-93
-21
0
63
37
-31
-13
-1
45
77
24
-33
38
60
26
47
33
-1
-29
-4
-7
-30
-38
-55
-60
-26
30
44
30
28
-2
-11
13
-11
-33
-54
2
23
-13
-16
-35
1
-8
-8
17
-19
-51
-70
-3
96
132
93
-44
-62
49
21
-36
-10
58
109
79
69
57
23
1
-3
11
-7
6
56
97
31
-10
5
-5
68
-11
-87
-72
-51
64
-26
-17
97
-32
-66
-6
-13
-3
-53
-64
-52
-96
-58
-33
33
61
-32
-69
-35
32
3
-31
6
-27
-12
40
40
17
-18
26
60
62
50
2
-29
-32
-43
-60
-58
-63
-38
-24
32
72
21
30
25
-27
-23
-59
-47
-22
-100
-67
-52
-38
64
54
31
26
17
17
-49
-9
94
2
-40
-28
-55
-5
13
48
61
-32
-4
91
42
9
51
27
-23
32
58
-38
-78
-62
-61
30
29
-26
69
99
48
-28
22
76
0
-31
-50
-16
-36
-64
-24
18
47
16
0
8
17
22
66
30
3
71
22
-15
40
100
34
-47
-16
-21
-4
-10
-17
20
36
15
17
97
18
-71
-2
-46
-22
65
-8
22
39
-18
37
-23
-118
-105
-86
-55
-53
-36
-35
-41
-38
8
51
-35
-12
4
-13
-19
-54
-16
-52
-34
49
24
51
101
17
46
60
-22
19
-30
-71
-7
-42
-29
6
-22
-11
-44
-28
-23
4
50
22
28
-1
75
99
-14
-42
-34
6
46
-33
-60
-2
-1
27
-13
48
40
-36
49
8
15
26
-82
-98
10
4
6
90
62
71
83
30
-45
-45
10
9
-34
-77
-39
6
-59
-79
-55
-49
-1
23
42
49
21
-43
-40
23
-2
-13
20
62
116
35
-87
-58
-19
-14
-24
-78
-51
52
71
19
-29
-14
26
0
-30
-33
17
51
22
38
13
16
113
93
5
-10
-5
42
34
-30
-4
-30
-49
-11
25
-7
0
22
-53
6
26
-16
-47
-96
-28
68
125
91
34
65
13
-13
53
78
107
74
43
70
32
-60
-59
-50
-38
-7
-40
22
-7
-70
22
-26
-25
39
-14
0
-30
-55
-26
-47
-63
-70
-69
-3
0
-84
-29
38
-9
-51
-41
-19
-52
-8
2
-28
14
-65
-75
-22
-21
-17
-69
3
51
-3
-29
-26
-16
-78
-73
-11
-16
-5
-60
-80
22
-13
-8
29
4
-17
-37
-46
-43
46
16
7
23
-58
8
34
-36
19
24
-39
26
61
-26
-10
70
-19
13
90
26
114
115
51
135
120
123
100
0
21
3
11
116
100
116
137
107
152
110
54
57
75
-3
-105
24
73
-33
-67
-17
77
2
-87
-96
-160
-141
-37
28
-53
-80
-3
-69
-61
25
-12
-5
-29
-40
-43
-54
-20
-41
-39
-56
-56
-79
-68
-22
-30
-26
-5
67
40
46
53
-42
71
92
-20
10
11
12
-66
-53
29
-9
35
48
38
-14
-28
-12
-68
-25
-49
-53
67
70
43
46
-36
-58
6
-5
-31
-76
-100
-59
-73
-102
-103
-77
-34
-59
-68
-65
-88
31
62
-21
-20
6
35
6
-71
-64
75
88
-25
-6
-2
20
52
-8
5
-2
47
131
38
43
115
73
93
108
46
54
35
26
61
15
7
-22
-4
90
59
37
20
-32
4
-15
-46
-47
-96
-82
-82
-58
-38
-2
55
31
34
-7
3
-31
-39
-22
-33
40
-37
-53
-19
-42
-45
-25
58
4
-9
86
85
19
-15
0
-94
-129
-7
53
54
86
93
22
40
97
79
108
81
31
52
-9
-17
14
-19
-14
10
32
29
62
56
59
44
-34
14
-10
-103
-61
-26
-61
-139
-127
-82
-95
-19
3
8
23
-78
-100
-24
-13
-30
-81
-151
-124
-56
-92
-95
-11
-37
2
40
22
40
-5
35
3
-14
-15
-76
49
63
36
42
15
37
12
7
-23
17
106
81
89
63
17
9
-38
23
128
102
72
72
-15
10
47
-65
-60
-33
8
35
-30
-18
-50
-35
22
-59
-102
-42
46
20
31
25
-72
-38
-14
43
24
-35
7
-51
-81
-10
20
9
-1
13
53
93
142
112
29
27
15
39
92
53
-7
-32
78
85
-24
34
54
39
15
1
17
43
56
-33
33
66
23
30
-60
-31
-6
-30
1
-36
-79
-48
6
8
9
30
-49
-52
-18
-49
38
36
-40
-40
-47
-47
-24
-14
3
13
-48
-60
-116
-145
-43
4
52
109
92
43
35
37
39
2
12
24
4
53
31
58
45
-4
52
15
-12
53
-10
-53
3
-6
20
-21
-23
67
68
10
-17
25
57
14
-62
-49
-36
-55
-59
-25
-41
-52
58
58
11
52
31
-20
-11
-6
5
1
-18
-78
-96
-35
-53
26
70
25
18
16
54
-32
-23
4
-27
-10
-67
-36
-55
-49
-21
-28
13
-66
-43
-10
-79
-50
-41
-33
65
76
1
0
-24
20
61
-31
-31
-32
-55
-69
-71
-45
-88
-48
55
62
80
85
-5
23
95
111
139
88
89
91
15
30
105
90
87
176
149
138
131
86
129
108
53
-18
13
52
-27
19
39
-5
-19
-50
-98
-146
-115
-103
-90
-73
-74
-81
-114
-91
-148
-115
-62
-161
-114
-101
-144
-73
-106
-120
-96
-150
-135
-188
-241
-179
-122
-75
-95
-45
-17
-87
-91
-85
-89
-84
-62
-9
35
20
45
95
89
106
103
32
-8
-9
18
36
73
124
87
94
112
82
85
108
86
55
88
44
52
101
110
162
162
193
175
114
125
118
40
-15
121
133
65
163
162
185
176
136
206
179
158
133
110
100
126
205
128
79
161
221
235
278
266
239
301
265
271
292
200
191
156
110
116
111
106
77
82
107
52
-55
-35
-10
-35
26
7
16
-12
-124
-149
-244
-248
-216
-245
-249
-226
-238
-329
-277
-277
-413
-503
-487
-416
-406
-371
-433
-431
-313
-405
-421
-394
-333
-287
-396
-347
-280
-246
-283
-362
-346
-332
-249
-225
-304
-268
-286
-325
-263
-267
-219
-129
-149
-216
-221
-172
-159
-104
-19
-49
-84
-72
-17
-2
-15
18
-10
41
96
93
107
104
187
182
132
160
186
245
251
254
307
360
392
371
370
412
447
452
411
371
419
431
444
544
568
528
479
415
429
466
379
361
422
432
443
379
420
475
377
405
464
411
374
355
365
375
341
269
237
249
195
203
266
307
279
133
145
184
105
150
124
7
3
-38
-63
17
-31
-136
-130
-186
-272
-242
-287
-370
-341
-362
-408
-481
-596
-595
-606
-626
-630
-657
-633
-602
-609
-694
-687
-627
-656
-658
-653
-579
-544
-575
-569
-583
-623
-610
-568
-523
-465
-550
-614
-567
-570
-528
-459
-418
-386
-400
-333
-266
-280
-241
-260
-250
-176
-183
-147
-156
-174
-46
-99
-151
20
18
17
11
-38
69
49
88
100
92
176
162
321
326
265
346
363
389
349
385
499
569
616
658
712
782
793
833
899
850
848
867
858
840
820
831
817
857
888
792
748
737
620
632
618
523
545
522
545
537
526
534
467
493
468
461
497
470
512
494
451
498
492
479
563
550
512
544
515
551
509
443
404
355
424
355
230
169
115
41
-82
-117
-146
-280
-406
-524
-617
-670
-751
-792
-871
-961
-1049
-1058
-1087
-1246
-1279
-1279
-1360
-1390
-1310
-1326
-1339
-1174
-1163
-1232
-1166
-1163
-1200
-1228
-1233
-1164
-1174
-1164
-1079
-1113
-1111
-1020
-935
-902
-930
-876
-887
-913
-866
-858
-735
-661
-652
-639
-565
-437
-432
-273
-224
-257
-110
-67
-4
-24
-85
18
153
196
232
438
464
378
474
503
578
689
611
566
674
693
673
724
791
879
857
869
978
1072
1123
1046
1053
1164
1174
1181
1237
1340
1420
1390
1345
1304
1276
1225
1197
1123
1028
1045
1043
991
911
935
985
978
875
794
867
776
722
710
618
644
659
673
665
669
756
693
638
676
633
726
781
676
677
645
577
535
425
333
277
230
164
48
-33
-101
-255
-395
-447
-587
-779
-962
-1214
-1296
-1287
-1341
-1443
-1601
-1665
-1693
-1809
-1965
-2007
-2076
-2195
-2146
-2138
-2100
-1934
-1835
-1712
-1636
-1609
-1583
-1580
-1539
-1518
-1506
-1528
-1563
-1543
-1546
-1504
-1403
-1364
-1274
-1179
-1125
-1073
-1000
-863
-876
-830
-718
-637
-401
-298
-172
87
190
273
352
328
330
378
313
317
421
445
549
615
628
796
832
813
839
779
763
717
681
729
816
874
978
1162
1365
1561
1688
1747
1645
1618
1577
1424
1399
1417
1453
1506
1516
1514
1571
1607
1558
1499
1399
1201
1084
1008
938
984
1026
1067
1167
1246
1273
1301
1201
1006
923
781
616
503
445
470
391
354
431
511
643
686
616
676
800
800
705
684
736
699
668
691
666
647
505
259
188
168
78
50
-24
-119
-176
-244
-269
-377
-476
-671
-954
-1206
-1510
-1695
-1912
-2128
-2262
-2424
-2478
-2605
-2875
-3032
-3069
-3114
-3115
-3117
-3027
-2768
-2550
-2309
-2071
-1992
-1758
-1492
-1526
-1423
-1373
-1452
-1463
-1542
-1567
-1628
-1592
-1500
-1447
-1368
-1363
-1396
-1330
-1227
-1161
-999
-902
-790
-521
-372
-215
69
266
354
429
548
672
674
653
737
796
778
789
823
816
866
858
786
781
753
765
874
972
987
1165
1375
1537
1693
1689
1748
1787
1826
1856
1894
1945
1863
1847
1814
1856
1928
1947
1928
1871
1848
1759
1699
1594
1471
1414
1369
1328
1324
1325
1287
1265
1128
993
838
707
666
530
467
474
413
412
564
649
719
783
764
899
921
904
1029
1109
1196
1241
1323
1368
1286
1133
994
868
585
256
83
-7
-76
-91
-111
-59
-54
-74
-50
-162
-242
-429
-711
-811
-953
-1088
-1115
-1234
-1367
-1545
-1826
-2136
-2536
-3095
-3698
-4243
-4644
-4825
-4956
-4876
-4530
-4142
-3733
-3330
-2852
-2390
-2026
-1820
-1772
-1664
-1649
-1672
-1672
-1681
-1512
-1486
-1494
-1529
-1720
-1766
-1919
-2165
-2367
-2522
-2545
-2414
-2129
-1749
-1265
-716
-71
560
1073
1432
1631
1702
1702
1529
1273
1187
1047
1013
1102
1118
1314
1477
1536
1598
1596
1545
1413
1337
1272
1206
1203
1325
1448
1639
1943
2006
2125
2223
2161
2094
1899
1701
1561
1403
1415
1526
1565
1780
2043
2229
2451
2579
2570
2492
2242
1858
1551
1293
1075
1007
973
976
1092
1219
1326
1310
1317
1327
1126
876
600
448
366
210
251
348
437
601
744
877
976
990
991
1048
1084
1158
1214
1202
1244
1190
1064
889
646
384
-45
-489
-794
-1005
-1204
-1272
-1087
-903
-704
-400
-42
230
248
177
131
18
-277
-652
-884
-1133
-1516
-1937
-2368
-2811
-3342
-4020
-4706
-5370
-6036
-6454
-6484
-6305
-5982
-5371
-4598
-3757
-2905
-2117
-1426
-1044
-855
-891
-1153
-1492
-1884
-2088
-2226
-2362
-2324
-2221
-2153
-2002
-1866
-1884
-1859
-1845
-1873
-1750
-1590
-1263
-724
-208
507
1269
1798
2168
2396
2478
2360
2060
1726
1399
1061
942
979
1176
1499
1740
2068
2368
2505
2426
2264
2182
1933
1604
1431
1455
1618
1792
1999
2186
2304
2406
2338
2181
1944
1619
1389
1182
1150
1333
1664
2071
2440
2880
3169
3133
3012
2800
2273
1723
1301
856
633
531
506
744
1015
1243
1452
1475
1401
1281
986
728
524
381
294
299
453
444
493
558
444
381
210
-22
-210
-320
-223
-53
186
529
879
1225
1443
1429
1214
811
314
-203
-624
-901
-966
-898
-753
-411
-98
149
443
450
73
-244
-525
-983
-1329
-1430
-1413
-1313
-1059
-773
-723
-932
-1358
-2081
-3095
-4240
-5356
-6350
-7230
-7787
-7837
-7439
-6642
-5632
-4541
-3459
-2466
-1758
-1429
-1319
-1358
-1591
-1923
-2118
-2189
-2152
-2000
-1727
-1436
-1191
-977
-973
-1108
-1348
-1605
-1848
-2146
-2198
-1921
-1475
-818
-11
776
1615
2440
2963
3197
3208
3108
2819
2375
2155
2033
2016
2201
2549
2939
3214
3453
3508
3293
2897
2306
1627
1023
576
444
628
994
1615
2324
3013
3592
3807
3737
3346
2792
2234
1606
1189
1085
1231
1615
2311
3008
3445
3705
3587
3105
2284
1261
215
-747
-1346
-1529
-1296
-747
-46
715
1455
1968
2115
1988
1571
904
226
-314
-623
-677
-617
-406
-17
363
548
461
233
-184
-753
-1143
-1311
-1249
-893
-369
335
1154
1777
2093
2153
1809
1070
184
-815
-1590
-1965
-2148
-1908
-1349
-661
117
706
958
810
456
-68
-766
-1410
-1832
-1885
-1792
-1504
-857
-196
306
497
319
-291
-1389
-2825
-4386
-5767
-7144
-8235
-8694
-8688
-8129
-7151
-5945
-4719
-3555
-2395
-1585
-1093
-839
-829
-838
-1033
-1226
-1273
-1343
-1264
-1056
-899
-812
-818
-854
-933
-1246
-1625
-1898
-2090
-2221
-2077
-1528
-859
-7
1020
2003
3008
3896
4383
4583
4508
4117
3657
3156
2707
2327
2195
2415
2658
2957
3173
3296
3207
2724
2216
1632
1167
898
761
1051
1591
2448
3429
4195
4702
4720
4437
3797
2747
1571
499
-174
-453
-369
95
978
2036
2908
3476
3520
3071
2272
1057
-319
-1528
-2404
-2666
-2417
-1729
-670
378
1363
2137
2377
2196
1737
911
-40
-928
-1476
-1603
-1460
-1107
-704
-178
191
205
-45
-469
-966
-1487
-1738
-1675
-1170
-273
645
1600
2441
2896
2798
2328
1492
265
-764
-1558
-2150
-2269
-1894
-1210
-504
203
826
934
574
-63
-930
-1804
-2627
-2971
-2774
-2308
-1363
-162
916
1744
2169
1993
1106
-263
-2060
-4208
-6179
-7806
-8979
-9676
-9734
-8990
-7849
-6514
-5192
-3857
-2521
-1506
-727
-244
57
298
243
228
189
12
-52
-232
-488
-694
-949
-1201
-1409
-1677
-1947
-2144
-2193
-2019
-1789
-1398
-783
16
997
1984
2995
4014
4836
5284
5446
5360
5016
4554
3953
3376
2957
2738
2712
2726
2766
2681
2455
2178
1667
1040
552
189
167
461
1093
2155
3247
4348
5181
5527
5433
4722
3596
2173
690
-497
-1195
-1307
-944
-29
1262
2473
3380
3862
3712
2892
1616
71
-1525
-2807
-3574
-3731
-3209
-2185
-918
463
1658
2344
2500
2118
1317
283
-795
-1778
-2454
-2666
-2616
-2335
-1886
-1431
-1014
-944
-1210
-1445
-1654
-1799
-1644
-1203
-499
367
1163
1921
2397
2424
2041
1218
210
-884
-1847
-2478
-2773
-2508
-1825
-1051
-227
473
879
957
687
92
-645
-1120
-1423
-1400
-875
-276
612
1498
2141
2602
2418
1741
524
-1204
-3051
-4943
-6515
-7609
-8419
-8676
-8304
-7536
-6322
-4958
-3653
-2298
-1068
-63
708
1172
1473
1564
1342
1015
595
198
-164
-636
-1034
-1293
-1399
-1436
-1549
-1617
-1601
-1580
-1565
-1492
-1331
-987
-412
394
1376
2401
3475
4455
5149
5531
5568
5332
4807
4029
3300
2617
2048
1804
1701
1747
1790
1670
1497
1140
663
50
-412
-466
-359
177
1131
2362
3760
4870
5604
5836
5504
4604
3158
1490
-118
-1309
-1916
-1899
-1222
-103
1126
2236
3001
3213
2742
1569
7
-1665
-3160
-4124
-4327
-3781
-2553
-853
905
2630
3781
4087
3790
2771
1180
-593
-2178
-3340
-3945
-3984
-3563
-2838
-2016
-1218
-710
-562
-752
-1210
-1608
-1802
-1674
-1091
-181
844
1917
2790
3206
3110
2431
1289
-91
-1500
-2605
-3179
-3211
-2709
-1835
-733
428
1198
1395
1261
702
-135
-857
-1545
-1789
-1329
-482
707
2012
3197
3966
4105
3433
1975
8
-2505
-5009
-7154
-8840
-9805
-9926
-9200
-7906
-6147
-4178
-2276
-628
618
1459
1879
2043
2004
1677
1340
1033
618
294
-16
-377
-722
-1110
-1555
-1952
-2239
-2578
-2881
-2992
-2843
-2603
-2287
-1561
-642
344
1434
2513
3645
4550
5145
5472
5322
4927
4357
3618
2935
2228
1799
1698
1567
1532
1544
1412
1134
693
149
-305
-594
-664
-351
343
1402
2732
4120
5283
5933
6005
5464
4273
2656
941
-645
-1758
-2191
-1973
-1158
34
1503
2910
3753
3845
3118
1711
-90
-2027
-3720
-4785
-5013
-4399
-3161
-1382
654
2420
3643
4109
3720
2512
834
-988
-2741
-3965
-4592
-4625
-3960
-2899
-1741
-664
61
328
170
-196
-651
-1101
-1134
-857
-169
913
1951
2781
3186
3105
2432
1288
-56
-1408
-2458
-3007
-2872
-2137
-969
386
1590
2464
2742
2459
1627
433
-622
-1462
-1807
-1416
-477
823
2240
3456
4100
3869
2706
717
-2023
-5025
-7716
-9836
-10982
-11015
-9953
-7887
-5329
-2759
-553
1127
2190
2431
2005
1221
381
-315
-756
-826
-522
122
743
926
824
459
-398
-1599
-2926
-4043
-4752
-5035
-4676
-3740
-2436
-984
505
1988
3105
3668
3879
3860
3486
2932
2458
2112
2068
2201
2440
2756
2913
3068
3082
2599
1941
1175
290
-513
-1247
-1633
-1622
-1294
-534
556
1804
3009
4035
4707
4952
4812
4099
3055
1903
734
-107
-499
-528
-184
691
1793
2804
3543
3826
3522
2599
1302
-273
-1932
-3230
-3941
-4017
-3294
-1941
-309
1419
2946
4065
4473
3966
2947
1570
-78
-1596
-2783
-3412
-3478
-3052
-2331
-1395
-517
-63
196
61
-355
-691
-959
-973
-654
19
996
1867
2465
2744
2395
1669
648
-753
-2087
-2958
-3356
-3224
-2440
-1342
-94
1094
1942
2202
1806
1039
-18
-1041
-1766
-1944
-1402
-304
1101
2381
3398
3811
3270
1725
-809
-3820
-6896
-9539
-11289
-12040
-11482
-9753
-7269
-4435
-1771
543
2119
2704
2519
1782
696
-441
-1131
-1410
-1269
-531
379
1095
1550
1590
1084
136
-1175
-2666
-3974
-4825
-4995
-4554
-3592
-2105
-373
1319
2762
3784
4284
4362
4005
3266
2601
2042
1655
1605
1800
2205
2669
3122
3395
3362
3083
2442
1614
754
-146
-843
-1241
-1195
-648
207
1297
2322
3203
3979
4313
4178
3645
2777
1782
769
9
-276
-40
534
1304
2261
3118
3730
3855
3337
2306
905
-665
-2189
-3345
-3933
-3821
-3054
-1797
-112
1564
2907
3834
4107
3737
2883
1681
255
-1039
-1892
-2280
-2253
-1885
-1229
-578
-28
253
77
-213
-622
-1096
-1257
-1150
-684
139
1068
2054
2737
2971
2817
2058
925
-385
-1599
-2325
-2592
-2284
-1554
-594
511
1409
1891
1775
1134
154
-1006
-1963
-2440
-2301
-1556
-326
1163
2531
3325
3276
2181
21
-2798
-5998
-8994
-11279
-12647
-12672
-11420
-9211
-6393
-3446
-767
1139
2093
2100
1328
225
-1079
-2149
-2632
-2548
-1773
-589
502
1384
1954
1890
1157
-84
-1623
-3177
-4438
-5038
-4971
-4277
-2918
-1230
636
2435
3830
4656
4999
4876
4202
3379
2502
1815
1545
1536
1857
2358
2888
3413
3721
3666
3256
2582
1692
674
-248
-856
-1090
-1018
-549
312
1249
2134
2922
3360
3344
2950
2347
1574
774
246
92
356
983
1866
2796
3684
4442
4665
4218
3238
1808
324
-1093
-2355
-3102
-3232
-2693
-1698
-422
940
2101
2899
3198
2983
2306
1419
443
-448
-919
-1059
-855
-364
176
716
1004
1036
808
246
-379
-975
-1344
-1250
-799
-84
746
1513
2206
2507
2249
1601
549
-563
-1599
-2314
-2376
-2059
-1207
-74
901
1757
2154
1902
1141
-130
-1551
-2459
-2935
-2839
-1953
-570
1091
2517
3395
3219
1840
-446
-3476
-6785
-9958
-12246
-13303
-13079
-11463
-8958
-5933
-2760
-148
1587
2303
1937
767
-824
-2368
-3522
-3962
-3520
-2373
-817
735
2005
2636
2464
1544
-165
-2129
-3990
-5469
-6088
-5959
-4883
-2989
-828
1519
3450
4682
5244
5017
4231
3205
2188
1346
934
1077
1708
2656
3723
4551
4941
4872
4352
3446
2172
997
72
-541
-575
-175
582
1413
2178
2841
3099
2894
2346
1529
540
-323
-889
-1079
-790
-33
1013
2181
3317
4222
4797
4854
4366
3422
2138
826
-297
-1256
-1905
-1996
-1673
-1043
-212
572
1224
1686
1789
1582
1164
657
261
-34
-83
151
531
1052
1651
2085
2312
2225
1808
1205
430
-163
-517
-690
-565
-222
302
970
1482
1628
1433
895
263
-438
-1116
-1513
-1584
-1180
-453
382
1236
1935
2186
1827
1084
61
-1102
-2142
-2804
-2914
-2610
-1890
-930
-126
253
-133
-1216
-2908
-5189
-7606
-9711
-11163
-11779
-11333
-9879
-7808
-5240
-2692
-562
956
1438
1120
291
-1003
-2375
-3464
-3985
-3820
-3045
-1875
-626
589
1403
1426
752
-360
-1788
-3286
-4411
-4956
-4766
-3678
-2014
-103
1911
3606
4744
5135
4698
3685
2400
1210
387
105
500
1484
2851
4362
5534
6233
6442
5972
4916
3509
2060
928
354
213
568
1326
2167
2980
3421
3507
3206
2375
1412
525
-192
-535
-336
364
1329
2556
3934
5118
5845
5921
5482
4662
3378
1954
687
-308
-1025
-1426
-1319
-883
-306
267
727
974
846
473
-65
-690
-1233
-1639
-1722
-1462
-907
-134
661
1438
1951
2172
2103
1612
1002
333
-264
-606
-891
-920
-586
-115
266
459
463
188
-378
-1053
-1637
-2144
-2357
-2091
-1486
-637
222
1033
1780
2062
1777
1201
412
-374
-984
-1450
-1597
-1468
-1183
-986
-1280
-1941
-2992
-4625
-6445
-8138
-9526
-10320
-10328
-9549
-8135
-6256
-4190
-2103
-330
784
1162
874
259
-602
-1629
-2525
-2992
-3191
-3138
-2607
-1872
-1104
-592
-432
-587
-1141
-1803
-2479
-3058
-3213
-2893
-2032
-683
914
2545
3909
4859
5122
4635
3608
2305
1190
290
-288
-321
342
1515
2804
4092
5035
5561
5586
5079
4238
3227
2344
1668
1271
1174
1360
1703
1924
2029
1902
1588
1266
743
238
-48
-72
286
904
1726
2598
3573
4552
5191
5466
5324
4872
4202
3290
2265
1319
512
-23
-300
-360
-147
129
447
675
774
824
740
696
555
268
49
-86
-59
45
195
495
825
1084
1340
1514
1493
1367
1270
1174
909
607
414
128
-182
-391
-641
-980
-1300
-1518
-1762
-1955
-1990
-1937
-1715
-1426
-1185
-944
-692
-554
-490
-459
-356
-69
32
71
109
-119
-652
-1733
-3317
-5130
-7001
-8736
-10154
-11073
-11204
-10443
-9063
-7312
-5308
-3370
-1792
-667
-129
0
-202
-619
-1058
-1516
-1855
-1998
-1890
-1771
-1661
-1538
-1565
-1652
-1941
-2308
-2613
-2841
-2833
-2648
-2120
-1223
-80
1290
2586
3683
4433
4739
4679
4000
2962
1877
799
58
-282
-101
594
1570
2613
3661
4470
4752
4774
4466
3908
3357
2940
2843
2887
3096
3387
3518
3479
3114
2368
1477
597
-126
-658
-932
-771
-139
907
2186
3318
4329
5235
5560
5470
5030
4271
3389
2374
1512
870
498
444
599
866
1095
1243
1168
915
728
300
-136
-280
-446
-405
-221
-79
50
73
149
161
86
120
127
265
624
960
1367
1804
1989
1871
1626
1241
490
-393
-1173
-1851
-2367
-2567
-2462
-2245
-1721
-1073
-620
-326
-269
-402
-735
-1174
-1533
-1617
-1412
-930
-64
828
1536
1828
1273
-85
-2258
-4960
-7698
-10234
-12078
-12998
-12964
-11771
-9633
-7111
-4568
-2366
-707
253
341
-76
-688
-1463
-2121
-2411
-2399
-2164
-1773
-1365
-1124
-1141
-1470
-2126
-2896
-3752
-4472
-4712
-4636
-4090
-2914
-1333
571
2486
4148
5498
6184
6194
5769
4687
3172
1726
592
-153
-525
-325
375
1360
2408
3339
3990
4228
4209
3949
3608
3304
3054
3048
3160
3462
3806
3933
3995
3692
3090
2322
1443
714
4
-499
-491
19
891
1967
3196
4361
5281
5842
5880
5547
4776
3706
2727
1789
1122
785
685
866
1121
1456
1697
1616
1381
961
413
-10
-290
-468
-488
-365
-191
-3
140
168
79
-54
-100
-130
-104
158
436
666
945
1102
1115
971
562
45
-605
-1296
-1790
-2211
-2533
-2576
-2358
-2001
-1578
-1197
-910
-734
-814
-1117
-1452
-1688
-1687
-1482
-945
-223
383
814
580
-432
-2068
-4089
-6413
-8885
-10839
-12101
-12399
-11635
-10046
-7878
-5508
-3163
-1203
29
556
488
-55
-713
-1348
-1802
-1860
-1651
-1285
-927
-671
-537
-783
-1460
-2425
-3485
-4410
-5041
-5210
-4818
-3753
-2101
-131
1928
3992
5642
6521
6818
6368
5282
3898
2388
1127
261
-36
128
652
1554
2438
3205
3651
3730
3660
3282
2692
2198
1891
1895
2208
2586
3130
3620
3762
3665
3394
2946
2223
1426
756
288
305
778
1417
2333
3362
4309
5162
5572
5513
5063
4334
3562
2802
2186
1796
1620
1643
1726
1801
1704
1313
866
299
-314
-740
-999
-941
-681
-253
325
738
1038
1038
722
364
-60
-344
-401
-319
-11
471
1018
1559
1881
1907
1642
1065
241
-643
-1406
-1981
-2294
-2363
-2174
-1737
-1255
-996
-893
-859
-1027
-1229
-1516
-1722
-1646
-1434
-959
-309
311
522
8
-1057
-2672
-4821
-7111
-9186
-10858
-11889
-12101
-11468
-10166
-8465
-6584
-4817
-3371
-2324
-1737
-1563
-1587
-1637
-1648
-1563
-1360
-1069
-784
-572
-436
-544
-916
-1600
-2549
-3419
-4189
-4789
-5073
-4901
-4180
-2938
-1270
650
2591
4330
5674
6481
6740
6460
5741
4668
3515
2472
1708
1338
1249
1558
2026
2501
3045
3367
3550
3660
3464
3185
2937
2641
2537
2570
2646
2926
3198
3336
3466
3324
2899
2376
1657
987
576
462
678
1153
2008
3100
3991
4631
5027
4997
4540
3956
3373
2747
2359
2218
2213
2479
2795
2820
2556
1994
1140
227
-665
-1442
-1914
-2035
-1712
-946
-35
826
1516
1855
1799
1448
1005
566
150
-202
-271
52
459
980
1436
1533
1365
906
221
-561
-1299
-1895
-2203
-2272
-2058
-1589
-1327
-1196
-1257
-1473
-1683
-1993
-2075
-1871
-1447
-834
-68
421
256
-608
-2228
-4255
-6513
-8663
-10485
-11794
-12152
-11626
-10383
-8718
-6904
-5194
-3867
-2998
-2574
-2504
-2574
-2595
-2581
-2374
-1943
-1346
-652
-22
372
451
226
-483
-1557
-2770
-3887
-4759
-5309
-5304
-4779
-3681
-2137
-369
1582
3188
4389
5374
5683
5525
5160
4568
4074
3659
3295
3059
2969
2920
2794
2535
2186
1977
1840
1836
1979
2127
2499
2840
3048
3356
3425
3337
3271
3114
3021
2983
2969
2904
2739
2534
2320
2160
2107
2070
2131
2460
2821
3186
3484
3643
3716
3660
3474
3181
3032
2963
2953
3035
3181
3288
3034
2685
2200
1323
351
-517
-1264
-1715
-1789
-1506
-817
8
736
1311
1665
1681
1356
788
58
-450
-593
-412
72
715
1410
1898
2152
1989
1241
125
-1163
-2176
-2896
-3245
-3148
-2782
-2047
-1382
-1014
-851
-1134
-1646
-2148
-2478
-2345
-1960
-1382
-669
-219
-427
-1334
-2842
-4970
-7249
-9272
-10917
-11799
-11669
-10738
-9228
-7420
-5561
-3990
-2888
-2305
-2365
-2675
-3097
-3468
-3551
-3313
-2708
-1949
-1074
-335
87
199
-221
-1023
-2101
-3359
-4495
-5286
-5607
-5368
-4422
-2929
-1036
1018
2797
4198
5105
5538
5436
4913
4340
3863
3571
3430
3536
3803
3993
4128
4068
3711
3211
2760
2480
2302
2310
2638
3097
3509
3792
3979
4114
4023
3685
3196
2786
2682
2530
2336
2247
2150
2176
2163
2173
2170
2125
2244
2377
2638
2914
3073
3212
3332
3512
3534
3389
3289
3139
2886
2532
2011
1503
963
405
-86
-552
-786
-899
-875
-624
-346
-106
124
410
638
796
963
988
864
722
668
619
593
687
793
807
676
461
112
-284
-710
-1242
-1693
-1964
-1975
-1857
-1654
-1305
-1135
-1172
-1334
-1580
-1858
-2072
-1968
-1652
-1134
-473
-89
-179
-920
-2465
-4476
-6557
-8581
-10306
-11380
-11598
-10917
-9505
-7671
-5789
-4214
-3053
-2489
-2507
-2837
-3436
-3960
-4189
-4000
-3362
-2608
-1701
-820
-204
62
-135
-695
-1633
-2757
-3849
-4770
-5306
-5344
-4772
-3676
-2114
-346
1381
2911
4007
4696
4874
4736
4419
3842
3441
3368
3489
3671
3946
4206
4270
4273
4059
3760
3428
3070
2984
2998
3055
3163
3219
3259
3191
3041
3054
3098
3066
3047
3045
3108
2988
2770
2565
2215
1953
1854
2028
2420
2778
3258
3701
3993
4215
4200
4111
3784
3283
2977
2611
2406
2281
1985
1735
1405
1012
575
89
-367
-785
-947
-883
-717
-404
-59
268
529
721
847
826
759
571
337
300
438
636
873
1144
1249
1158
800
144
-614
-1510
-2212
-2610
-2708
-2330
-1852
-1294
-816
-621
-667
-1085
-1627
-2100
-2397
-2245
-1815
-1157
-239
401
345
-566
-2356
-4715
-7263
-9617
-11502
-12701
-12900
-12033
-10266
-8096
-5887
-3894
-2665
-2138
-2154
-2676
-3306
-3805
-4188
-4250
-3767
-2996
-1895
-802
-132
256
111
-526
-1509
-2890
-4250
-5253
-5823
-5799
-5195
-3858
-1909
141
2123
3803
4926
5590
5637
5137
4419
3645
3113
2905
2918
3131
3519
3956
4345
4483
4347
4097
3737
3361
3216
3210
3261
3475
3708
4066
4398
4591
4666
4493
4285
3909
3366
2866
2239
1663
1303
1125
1289
1601
2027
2621
3334
4027
4343
4501
4451
4168
3786
3235
2870
2580
2344
2250
2105
1968
1794
1430
913
354
-241
-780
-1294
-1591
-1472
-1164
-671
-42
598
1100
1430
1631
1542
1224
767
235
-102
-84
176
508
901
1204
1247
1015
398
-457
-1336
-2224
-2860
-2946
-2602
-1938
-1125
-484
-91
-89
-495
-1065
-1633
-2079
-2217
-1965
-1407
-784
-352
-434
-1409
-3221
-5645
-8243
-10498
-12222
-13193
-13202
-12181
-10417
-8276
-5983
-4067
-2786
-2156
-2275
-2778
-3329
-3816
-4109
-3998
-3468
-2712
-1728
-811
-150
201
50
-558
-1659
-2965
-4236
-5303
-5780
-5788
-5079
-3593
-1721
435
2485
4225
5422
5915
5854
5239
4403
3611
3014
2725
2612
2788
3294
3869
4286
4550
4543
4268
3997
3690
3475
3389
3360
3536
3762
4078
4397
4593
4777
4812
4617
4171
3604
2927
2264
1728
1261
1082
1241
1750
2455
3220
4079
4714
4961
4920
4659
4185
3665
3159
2735
2580
2536
2599
2654
2584
2381
1856
1127
338
-498
-1297
-1840
-1988
-1816
-1400
-692
173
813
1334
1683
1546
1267
769
174
-176
-451
-450
-120
321
731
1057
1089
578
-213
-1142
-2215
-3007
-3300
-3262
-2812
-2015
-1205
-476
-179
-366
-780
-1426
-2026
-2401
-2331
-1838
-1255
-598
-218
-516
-1716
-3733
-6108
-8623
-10912
-12558
-13210
-12740
-11321
-9226
-6868
-4603
-2878
-1816
-1423
-1701
-2402
-3272
-3984
-4215
-3977
-3310
-2222
-1095
-108
595
725
343
-544
-1898
-3418
-4774
-5617
-5993
-5705
-4533
-2981
-1100
898
2624
4006
4787
5075
5020
4611
3937
3429
3129
2988
3081
3169
3446
3702
3753
3735
3665
3580
3462
3388
3360
3500
3621
3719
3895
3995
4103
4221
4326
4307
4192
3898
3372
2873
2474
2142
1818
1802
2100
2481
3131
3879
4572
5069
5205
5102
4754
4232
3632
3091
2723
2566
2504
2456
2429
2203
1830
1247
430
-395
-1187
-1769
-1995
-1929
-1631
-1079
-359
353
975
1386
1505
1263
700
55
-431
-677
-651
-284
232
797
1330
1568
1365
706
-309
-1481
-2532
-3266
-3518
-3320
-2724
-1876
-1149
-656
-487
-715
-1177
-1808
-2385
-2545
-2241
-1557
-645
224
558
15
-1416
-3647
-6179
-8691
-10921
-12479
-13103
-12674
-11255
-9170
-7019
-4953
-3290
-2403
-2196
-2515
-3112
-3709
-4036
-3997
-3487
-2492
-1230
56
1087
1610
1603
922
-378
-1963
-3688
-5066
-5943
-6256
-5826
-4730
-2933
-826
1216
2928
4136
4990
5321
5184
4851
4333
3821
3523
3394
3474
3698
3829
3882
3855
3672
3436
3181
2908
2724
2648
2709
2916
3243
3613
3984
4223
4292
4241
4057
3843
3482
2902
2168
1503
1161
1126
1326
1758
2331
2882
3516
4119
4480
4616
4508
4193
3779
3422
3259
3251
3333
3419
3360
3163
2808
2312
1632
625
-395
-1256
-1948
-2228
-2061
-1490
-726
26
708
1265
1675
1773
1454
883
256
-255
-473
-328
105
685
1181
1523
1633
1241
471
-447
-1512
-2578
-3325
-3453
-3018
-2368
-1616
-927
-616
-716
-1148
-1694
-2144
-2448
-2515
-2153
-1449
-580
264
461
-168
-1730
-4156
-6761
-9304
-11399
-12657
-13081
-12635
-11313
-9311
-7133
-5141
-3664
-2928
-2882
-3251
-3643
-3997
-4097
-3780
-3327
-2622
-1538
-451
498
1048
873
184
-961
-2292
-3508
-4592
-5267
-5520
-5208
-4113
-2511
-656
1273
2939
4239
5087
5477
5528
5289
4865
4233
3632
3264
3182
3295
3552
3790
3815
3809
3741
3757
3793
3726
3630
3586
3680
3802
4107
4425
4557
4586
4416
4209
4022
3656
3165
2644
2041
1506
1262
1428
1857
2303
2824
3369
3880
4394
4706
4664
4387
4038
3686
3325
3087
3089
3084
2888
2583
2247
1764
1151
551
-273
-1160
-1844
-2240
-2106
-1646
-884
-119
431
962
1203
1204
1034
580
-45
-604
-795
-590
-138
446
957
1242
1233
863
346
-284
-1092
-2038
-2883
-3160
-3001
-2511
-1742
-1264
-1153
-1253
-1563
-1950
-2354
-2642
-2716
-2470
-1863
-887
73
485
148
-1244
-3418
-5856
-8324
-10511
-12155
-12923
-12830
-11903
-10244
-8160
-5957
-4166
-3095
-2787
-2910
-3189
-3518
-3704
-3674
-3407
-2758
-1772
-655
362
1037
1172
506
-653
-1908
-3103
-4103
-4804
-5116
-4969
-4173
-2707
-857
1130
2879
4068
4834
5278
5472
5333
4910
4401
3822
3398
3299
3535
3932
4184
4298
4409
4361
4233
4256
4211
4068
3947
3784
3817
4129
4488
4679
4649
4471
4166
3846
3416
2825
2140
1401
901
715
787
1223
1883
2622
3355
3893
4329
4666
4798
4712
4352
3860
3337
3134
3153
3047
2983
2731
2228
1595
781
19
-768
-1541
-2078
-2364
-2304
-1897
-1116
-307
292
728
919
973
790
366
-28
-362
-547
-353
99
573
1013
1215
1070
652
-43
-784
-1451
-2194
-2763
-2991
-2734
-2052
-1415
-947
-753
-906
-1396
-2077
-2654
-3044
-3138
-2761
-2018
-1237
-336
479
527
-417
-2319
-4858
-7414
-9644
-11353
-12388
-12562
-11734
-10080
-8056
-6055
-4256
-3067
-2612
-2730
-3200
-3556
-3703
-3654
-3370
-2792
-1844
-829
78
712
769
292
-612
-1707
-2787
-3780
-4485
-4700
-4535
-4060
-3028
-1555
137
1735
2969
3950
4663
5074
5087
4802
4283
3660
3207
2972
3147
3378
3615
3922
4001
4078
4145
4110
4044
3876
3686
3650
3715
3861
4113
4296
4368
4279
4041
3799
3612
3447
3091
2621
2156
1778
1643
1744
1928
2193
2683
3265
3968
4599
5036
5193
4810
4321
3797
3305
2934
2549
2313
2090
1814
1491
1160
819
269
-484
-1182
-1621
-1793
-1717
-1353
-845
-398
-39
173
369
464
347
138
-155
-273
-245
-8
394
726
957
824
559
189
-497
-1169
-1799
-2466
-2890
-2956
-2648
-1978
-1296
-910
-892
-1087
-1461
-1926
-2303
-2589
-2557
-2204
-1559
-629
180
518
74
-1306
-3461
-6015
-8455
-10511
-11987
-12709
-12542
-11386
-9628
-7550
-5496
-3977
-3046
-2749
-2942
-3272
-3545
-3567
-3377
-2945
-2223
-1338
-267
605
965
814
113
-889
-2062
-3193
-4039
-4686
-4947
-4709
-3894
-2482
-792
1062
2623
3661
4489
4962
5054
4847
4388
3922
3431
3149
3242
3517
3913
4284
4399
4355
4263
4124
4087
4029
3987
3964
3976
4114
4298
4547
4539
4332
4057
3634
3366
3181
2871
2548
2146
1755
1552
1592
1877
2188
2670
3333
3993
4635
5139
5483
5409
4902
4245
3596
3013
2443
2037
1757
1505
1275
1116
911
597
129
-471
-922
-1312
-1436
-1242
-953
-589
-203
127
239
399
551
357
40
-189
-273
-159
86
311
428
474
392
196
-245
-932
-1596
-2281
-2845
-3072
-2991
-2698
-2312
-1945
-1753
-1914
-2329
-2769
-3204
-3489
-3505
-3108
-2271
-1209
-193
580
800
31
-1613
-3869
-6356
-8708
-10651
-11870
-12324
-11857
-10533
-8657
-6711
-5112
-3977
-3373
-3191
-3339
-3506
-3512
-3345
-2798
-2039
-1152
-159
741
1376
1378
820
40
-1040
-2195
-3197
-3972
-4394
-4468
-3989
-2978
-1600
120
1720
2935
3990
4751
5151
5253
5047
4676
4279
3931
3705
3722
3903
4149
4311
4342
4381
4371
4414
4497
4352
4133
4035
3915
3852
3785
3600
3433
3233
3054
2999
3008
2986
2888
2669
2262
1820
1591
1653
1873
2195
2746
3363
4159
5108
5616
5814
5605
4899
4189
3365
2568
2013
1417
958
746
566
458
336
0
-517
-1066
-1530
-1694
-1658
-1483
-1091
-876
-666
-322
-157
-89
-73
-107
-308
-456
-289
74
471
693
750
655
343
-107
-578
-1148
-1886
-2550
-2881
-2862
-2564
-2158
-1794
-1571
-1522
-1665
-2062
-2510
-2774
-2915
-2830
-2347
-1509
-493
368
916
790
-284
-2133
-4478
-6886
-9113
-10870
-11913
-12165
-11594
-10272
-8541
-6782
-5181
-4165
-3668
-3394
-3345
-3285
-3085
-2797
-2339
-1607
-759
92
738
1003
953
492
-329
-1221
-2110
-2972
-3652
-4098
-4069
-3599
-2717
-1251
367
1898
3300
4358
5202
5810
5939
5705
5261
4762
4331
3980
3860
3918
4041
4035
4007
4089
4141
4300
4399
4427
4339
4125
3920
3688
3491
3125
2817
2686
2577
2692
2814
2797
2765
2584
2230
1884
1631
1519
1637
1971
2528
3295
4208
5012
5436
5492
5226
4682
3964
3158
2353
1736
1324
1006
796
596
321
-2
-393
-894
-1377
-1632
-1685
-1595
-1397
-1127
-833
-598
-398
-304
-361
-510
-734
-912
-940
-764
-456
-145
180
396
413
320
8
-520
-1134
-1818
-2320
-2523
-2566
-2520
-2344
-2090
-1928
-1972
-2097
-2299
-2696
-2855
-2730
-2472
-1819
-976
-116
661
1050
812
-250
-1897
-4054
-6367
-8309
-9907
-10944
-11260
-10820
-9794
-8434
-6911
-5474
-4344
-3573
-3092
-2859
-2727
-2480
-2000
-1412
-842
-302
239
622
751
663
318
-349
-1220
-2079
-2884
-3459
-3672
-3598
-3291
-2485
-1203
169
1621
2948
4056
4948
5439
5652
5606
5407
5120
4663
4222
3876
3705
3736
3921
4142
4396
4726
4965
5049
4993
4734
4258
3605
2939
2498
2160
2009
2166
2411
2718
2906
2939
2898
2579
1946
1256
768
544
613
1091
1895
2824
3893
4744
5215
5300
4918
4304
3361
2416
1634
966
697
535
455
419
231
-6
-350
-675
-1081
-1470
-1625
-1626
-1328
-990
-629
-259
-79
39
34
-82
-240
-454
-554
-491
-415
-238
14
267
438
377
129
-284
-867
-1358
-1699
-1990
-2140
-2264
-2233
-1926
-1659
-1593
-1745
-2087
-2354
-2454
-2411
-2103
-1569
-885
-185
426
845
749
19
-1324
-3329
-5519
-7468
-9170
-10281
-10784
-10706
-9998
-8924
-7488
-6003
-4821
-4012
-3419
-2956
-2629
-2207
-1784
-1353
-810
-406
-112
295
507
471
243
-348
-908
-1588
-2277
-2618
-2939
-3031
-2909
-2471
-1642
-549
807
2002
3090
4054
4731
5214
5433
5266
4847
4348
3730
3298
3211
3215
3382
3759
4115
4408
4652
4869
4899
4544
4002
3411
2837
2519
2400
2375
2594
2957
3259
3367
3393
3281
2792
2190
1436
761
529
626
1214
2168
3229
4308
5148
5642
5731
5309
4525
3437
2244
1277
603
321
264
262
383
381
196
56
-292
-837
-1342
-1744
-1909
-1829
-1473
-990
-539
-154
16
73
24
-201
-349
-490
-604
-517
-331
-44
207
345
331
167
-175
-666
-1063
-1512
-1890
-2078
-2277
-2287
-2123
-1901
-1762
-1828
-1893
-2002
-2226
-2243
-2034
-1749
-1181
-479
158
639
718
294
-793
-2528
-4582
-6704
-8546
-9864
-10812
-11136
-10768
-9925
-8610
-7090
-5676
-4585
-3694
-3018
-2551
-2047
-1533
-1032
-647
-349
-46
260
469
529
477
90
-478
-1009
-1615
-2193
-2688
-2975
-2975
-2768
-2166
-1194
93
1634
3085
4227
5023
5571
5758
5485
4902
4161
3449
2928
2837
3026
3282
3799
4331
4593
4833
5001
4781
4331
3733
3044
2571
2254
2179
2437
2780
3152
3519
3692
3622
3336
2826
2129
1390
865
609
743
1386
2351
3460
4449
5152
5564
5565
5145
4495
3610
2571
1716
1185
951
864
853
836
559
227
-106
-501
-766
-1088
-1297
-1269
-1101
-689
-332
-119
-19
-177
-465
-700
-860
-911
-858
-747
-473
-128
141
375
425
208
-140
-693
-1290
-1736
-2127
-2426
-2545
-2473
-2192
-1891
-1776
-1637
-1641
-1962
-2309
-2677
-2946
-2956
-2628
-2017
-1318
-559
156
601
445
-264
-1564
-3542
-5691
-7647
-9120
-10187
-10864
-10833
-10170
-9077
-7760
-6337
-5034
-4068
-3378
-2775
-2182
-1661
-1196
-860
-560
-103
231
458
687
573
294
-62
-605
-1160
-1754
-2278
-2655
-2838
-2731
-2281
-1451
-328
1058
2521
3718
4678
5432
5825
5784
5393
4843
4107
3406
3106
3059
3295
3679
4017
4411
4661
4784
4723
4406
3942
3347
2747
2298
2182
2310
2522
2783
3035
3278
3383
3247
2870
2315
1713
1135
887
1019
1401
2090
2981
3821
4524
5071
5282
5145
4639
3865
3096
2390
1709
1204
854
579
441
246
-21
-267
-521
-778
-975
-1129
-1235
-1205
-1063
-844
-665
-695
-741
-747
-855
-816
-694
-642
-394
-13
399
816
986
1023
919
563
42
-585
-1233
-1755
-2170
-2516
-2575
-2577
-2450
-2130
-2043
-2027
-2011
-2285
-2573
-2620
-2649
-2621
-2464
-2013
-1264
-558
58
562
511
-222
-1409
-3151
-5159
-7068
-8821
-10214
-11129
-11417
-10919
-9893
-8417
-6676
-5169
-3776
-2577
-1759
-1140
-766
-550
-417
-316
-220
-68
174
349
348
192
-63
-535
-1145
-1813
-2432
-2928
-3228
-3169
-2726
-1727
-397
1079
2566
3891
4986
5676
6020
5907
5365
4682
3967
3355
3022
3120
3507
3933
4493
4999
5206
5268
5005
4518
3954
3349
2926
2664
2761
3065
3308
3512
3554
3512
3280
2835
2306
1662
1101
759
766
1068
1563
2251
2954
3615
4103
4393
4529
4299
3787
3251
2553
1848
1321
896
643
415
247
92
-183
-423
-751
-1142
-1437
-1638
-1649
-1520
-1304
-970
-661
-481
-408
-411
-464
-565
-617
-671
-668
-460
-230
68
405
522
452
302
5
-422
-839
-1326
-1735
-2059
-2400
-2427
-2328
-2230
-2001
-1842
-1654
-1518
-1488
-1467
-1611
-1673
-1640
-1429
-1098
-735
-112
302
541
528
-146
-1464
-3259
-5265
-7387
-9269
-10743
-11710
-11812
-11091
-9713
-7880
-5953
-4121
-2562
-1429
-788
-614
-722
-997
-1265
-1423
-1450
-1227
-846
-386
14
101
49
-186
-791
-1458
-2113
-2709
-3079
-3053
-2458
-1436
1
1633
3146
4464
5352
5797
5767
5327
4626
3760
3056
2667
2666
3023
3639
4401
5058
5439
5547
5389
4917
4278
3570
2939
2585
2487
2615
3008
3367
3488
3487
3231
2904
2567
2009
1443
1097
1093
1386
1791
2334
3020
3612
3980
4203
4305
4150
3777
3378
2914
2351
1935
1624
1293
926
445
61
-266
-648
-919
-1056
-1141
-1219
-1234
-1161
-1056
-986
-930
-888
-948
-1089
-1189
-1177
-1080
-891
-683
-397
2
297
500
613
630
465
204
-68
-603
-1115
-1496
-1879
-2149
-2344
-2408
-2347
-2168
-1922
-1694
-1484
-1502
-1675
-1623
-1540
-1588
-1411
-1113
-770
-326
129
433
299
-296
-1495
-3274
-5400
-7477
-9315
-10824
-11631
-11880
-11286
-9866
-8057
-5970
-4031
-2363
-1194
-540
-205
-260
-609
-1103
-1497
-1635
-1606
-1329
-672
-51
338
577
393
-126
-815
-1566
-2283
-2988
-3188
-2776
-1912
-436
1303
2863
4209
5170
5635
5703
5318
4507
3596
2795
2273
2291
2764
3582
4504
5229
5674
5800
5598
5056
4299
3351
2521
1974
1675
1816
2229
2748
3203
3378
3323
3035
2604
2146
1615
1213
1063
1272
1801
2425
3207
3884
4226
4387
4330
4062
3676
3130
2519
1970
1586
1300
1172
1194
970
572
334
94
-268
-577
-821
-918
-951
-938
-783
-574
-409
-271
-204
-291
-355
-442
-487
-512
-592
-572
-504
-389
-179
26
93
190
189
-95
-493
-960
-1471
-1945
-2242
-2488
-2599
-2553
-2376
-2059
-1898
-1771
-1692
-1823
-2024
-2076
-2018
-1882
-1605
-1128
-513
-90
209
122
-774
-2183
-4006
-6035
-7899
-9484
-10555
-11037
-10817
-9865
-8386
-6615
-4897
-3318
-2059
-1396
-1024
-905
-1080
-1252
-1365
-1385
-1263
-973
-598
-186
122
248
203
-60
-533
-1114
-1592
-1999
-2212
-2115
-1634
-589
810
2354
3806
4907
5705
6070
5927
5373
4473
3486
2629
2089
1979
2320
3043
3810
4422
4822
4928
4680
4110
3430
2661
1909
1455
1335
1557
2009
2518
2934
3198
3170
2839
2374
1823
1312
881
768
969
1389
2044
2740
3412
3862
4057
4047
3780
3287
2750
2289
1807
1408
1221
1199
1161
1081
950
645
332
-66
-533
-868
-1112
-1300
-1342
-1163
-995
-781
-544
-434
-331
-348
-390
-354
-366
-318
-132
98
275
478
758
915
868
677
327
-162
-749
-1374
-1975
-2435
-2642
-2659
-2540
-2295
-1954
-1624
-1435
-1512
-1718
-1872
-2109
-2155
-1871
-1386
-721
-72
450
646
234
-959
-2789
-4923
-7023
-8899
-10339
-11084
-11049
-10220
-8789
-6981
-5044
-3390
-2168
-1368
-1042
-959
-1028
-1206
-1254
-1272
-1235
-889
-421
-12
249
358
322
-2
-476
-1024
-1643
-2273
-2637
-2589
-2301
-1507
-176
1359
2925
4256
5287
5937
6055
5680
4857
3772
2680
1952
1665
1856
2444
3085
3811
4360
4524
4385
3980
3364
2516
1730
1162
976
1144
1459
2004
2528
2877
3061
3029
2682
2020
1283
639
302
387
794
1528
2382
3172
3868
4236
4357
4145
3596
2927
2267
1798
1496
1461
1562
1625
1729
1725
1487
1086
538
-35
-523
-1027
-1326
-1383
-1282
-942
-621
-310
-64
20
106
129
75
58
47
34
75
281
567
784
1028
1123
1118
965
436
-243
-935
-1546
-2117
-2499
-2464
-2171
-1754
-1296
-929
-722
-753
-1124
-1624
-2007
-2178
-1994
-1567
-962
-226
420
633
104
-1235
-3221
-5464
-7773
-9783
-11184
-11839
-11620
-10663
-9083
-7239
-5442
-3903
-2785
-2125
-1936
-1998
-2192
-2418
-2422
-2234
-1886
-1346
-712
-59
446
606
526
170
-423
-1057
-1802
-2446
-2871
-2933
-2472
-1480
-95
1470
3120
4563
5634
6229
6424
6150
5384
4448
3493
2847
2548
2551
3030
3663
4214
4666
4857
4755
4296
3560
2700
1884
1315
1003
1103
1520
2090
2721
3217
3459
3274
2792
2145
1372
671
241
137
393
988
1722
2509
3308
3959
4216
4030
3552
2927
2279
1716
1209
943
934
988
1125
1241
1255
1045
573
-51
-537
-884
-1164
-1324
-1293
-945
-548
-214
120
354
393
279
50
-201
-346
-451
-411
-103
376
916
1450
1846
1988
1768
1117
290
-572
-1455
-2172
-2551
-2646
-2353
-1775
-1291
-837
-629
-744
-1062
-1560
-1907
-2087
-2045
-1527
-730
35
643
822
361
-800
-2704
-4979
-7356
-9462
-10916
-11745
-11606
-10699
-9294
-7439
-5663
-4148
-3092
-2524
-2220
-2211
-2315
-2314
-2193
-1896
-1405
-861
-211
430
771
829
545
-22
-772
-1658
-2500
-3216
-3649
-3744
-3316
-2345
-968
668
2215
3625
4705
5375
5660
5486
4970
4291
3642
3118
2877
2965
3312
3821
4232
4440
4524
4392
3990
3465
2802
2121
1669
1500
1610
1887
2322
2759
3073
3311
3366
3204
2847
2277
1588
1094
766
713
1076
1591
2368
3156
3772
4282
4424
4219
3726
3043
2237
1533
1181
931
858
955
949
947
869
671
351
-86
-519
-916
-1139
-1122
-1006
-725
-325
-77
96
153
126
144
22
-71
-60
-7
234
569
914
1196
1379
1318
935
417
-250
-953
-1642
-2205
-2437
-2440
-2266
-1973
-1688
-1504
-1541
-1701
-1843
-1989
-2013
-1845
-1331
-667
-32
608
866
536
-594
-2369
-4499
-6705
-8664
-10156
-10903
-10978
-10265
-9044
-7554
-5794
-4371
-3355
-2644
-2449
-2444
-2264
-2143
-2005
-1585
-1224
-778
-113
337
669
776
428
-72
-776
-1530
-2209
-2973
-3493
-3757
-3613
-2983
-1967
-549
946
2397
3645
4571
5138
5223
4981
4514
3822
3191
2748
2611
2890
3276
3767
4271
4571
4691
4530
4135
3515
2837
2198
1582
1358
1517
1827
2339
2867
3306
3608
3563
3308
2757
1931
1119
544
378
519
1039
1951
2959
3974
4855
5216
5170
4678
3741
2760
1780
978
450
300
480
732
981
1099
1081
838
338
-233
-758
-1199
-1489
-1479
-1182
-751
-220
329
795
1024
996
856
511
191
-58
-261
-130
167
690
1246
1459
1381
987
345
-529
-1425
-2164
-2688
-2945
-2856
-2506
-2228
-1914
-1733
-1798
-1953
-2223
-2280
-1979
-1400
-639
185
935
1324
1062
-15
-1791
-4080
-6486
-8590
-10215
-11133
-11195
-10467
-9152
-7569
-5882
-4398
-3318
-2674
-2514
-2519
-2615
-2656
-2410
-2073
-1536
-764
-32
591
997
1071
723
-67
-1050
-2059
-3056
-3860
-4285
-4264
-3738
-2822
-1610
-168
1226
2420
3372
3988
4298
4398
4282
4062
3901
3693
3470
3436
3551
3752
3913
3944
4020
4029
3889
3706
3432
3154
2797
2438
2238
2142
2194
2373
2645
2933
3134
3219
3079
2833
2529
2045
1568
1256
1101
1223
1652
2216
2837
3407
3802
4026
4036
3768
3315
2745
2072
1530
1172
1029
988
985
1048
904
668
375
-79
-569
-1030
-1299
-1284
-1065
-709
-298
107
499
676
698
600
301
156
195
302
522
936
1440
1742
1780
1483
893
83
-877
-1659
-2140
-2467
-2574
-2430
-2077
-1686
-1487
-1493
-1688
-2077
-2469
-2574
-2340
-1711
-770
185
1013
1482
1365
480
-1351
-3790
-6300
-8538
-10337
-11384
-11496
-10826
-9455
-7793
-6063
-4476
-3292
-2609
-2427
-2568
-2901
-2990
-2858
-2521
-1833
-1119
-284
481
877
1082
776
49
-902
-2054
-3091
-3964
-4461
-4625
-4364
-3521
-2496
-1186
306
1634
2823
3641
4046
4223
4247
4115
3874
3664
3412
3278
3370
3465
3713
3931
4009
4180
4171
4027
3813
3426
3070
2740
2455
2222
2118
2308
2617
2870
3003
3062
3023
2818
2512
2102
1638
1321
1223
1389
1821
2365
2998
3658
4181
4434
4450
4210
3713
3129
2494
1981
1654
1430
1414
1444
1364
1351
1155
733
345
-133
-498
-715
-863
-744
-526
-253
168
511
688
699
522
370
191
66
243
508
792
1136
1403
1457
1249
807
179
-539
-1248
-1762
-2036
-2106
-2027
-1868
-1603
-1469
-1640
-1953
-2250
-2473
-2634
-2525
-1924
-1087
-138
710
1155
956
-75
-1837
-4281
-6856
-9204
-11141
-12144
-12276
-11634
-10263
-8473
-6575
-4864
-3613
-3013
-2944
-3205
-3545
-3702
-3649
-3241
-2520
-1565
-450
588
1363
1561
1201
463
-684
-1969
-3148
-4200
-4823
-4904
-4515
-3547
-2131
-557
1007
2445
3490
4170
4609
4547
4283
3922
3493
3198
2956
3000
3292
3732
4104
4315
4518
4578
4506
4235
3823
3438
3002
2599
2409
2440
2624
2837
3132
3411
3513
3566
3412
3076
2637
2122
1689
1334
1270
1485
1905
2442
3052
3831
4434
4702
4702
4355
3782
3124
2523
2097
1750
1589
1704
1883
1909
1781
1498
1034
439
-193
-751
-1047
-1063
-906
-423
112
592
913
925
919
677
337
65
-189
-174
39
438
906
1193
1310
1209
685
-21
-694
-1473
-2207
-2639
-2759
-2690
-2316
-1816
-1542
-1495
-1620
-2020
-2603
-3008
-3065
-2654
-1951
-1067
25
921
1321
1032
-205
-2374
-5082
-7808
-10169
-11812
-12438
-12078
-11036
-9344
-7298
-5406
-3903
-3108
-2988
-3395
-3995
-4319
-4385
-4062
-3250
-2305
-1265
-130
798
1351
1356
772
-272
-1546
-2827
-3902
-4601
-4861
-4602
-3859
-2636
-1068
626
2273
3523
4296
4718
4728
4465
4117
3741
3409
3181
3155
3367
3734
4164
4483
4585
4478
4213
3970
3764
3477
3182
3026
2927
2942
3109
3277
3422
3520
3576
3421
3158
2890
2488
2050
1650
1422
1469
1854
2353
2860
3560
4230
4637
4755
4723
4551
4120
3559
3033
2532
2167
2039
1982
1914
1730
1454
1044
482
31
-449
-887
-1078
-1150
-934
-514
-40
475
813
909
795
487
108
-308
-633
-703
-646
-345
250
899
1380
1576
1425
883
63
-910
-1822
-2506
-2885
-2818
-2525
-2126
-1553
-1186
-1146
-1335
-1848
-2423
-2838
-2914
-2580
-1896
-941
-42
572
573
-220
-1807
-4016
-6438
-8858
-10826
-11974
-12233
-11519
-10241
-8652
-6772
-5134
-4031
-3488
-3418
-3561
-3821
-4037
-3989
-3517
-2717
-1795
-722
286
976
1280
1056
378
-610
-1818
-3045
-4120
-4801
-4933
-4489
-3536
-2204
-497
1241
2697
3883
4677
5035
4965
4597
4245
3913
3587
3475
3540
3778
4218
4625
4991
5200
5101
4832
4510
4147
3683
3233
2949
2841
2875
3138
3568
3969
4240
4201
3883
3283
2440
1535
819
346
69
346
1000
1828
2892
3885
4686
5156
5232
5022
4562
4005
3357
2830
2521
2235
2088
1987
1853
1706
1334
828
308
-328
-909
-1323
-1452
-1202
-839
-347
228
743
1139
1298
1176
767
277
-165
-447
-417
-174
156
562
993
1090
840
495
-241
-1251
-2111
-2725
-3054
-3131
-2883
-2470
-2092
-1780
-1728
-1930
-2262
-2645
-2880
-3013
-2745
-1995
-1249
-518
62
118
-560
-1968
-3939
-6023
-7988
-9724
-10757
-11038
-10615
-9552
-8074
-6477
-5113
-4041
-3439
-3321
-3450
-3692
-3826
-3725
-3386
-2698
-1683
-546
397
1030
1420
1219
513
-434
-1651
-2923
-4041
-4715
-4917
-4712
-3997
-2744
-1122
394
1754
3017
3889
4373
4606
4513
4208
3856
3602
3510
3546
3778
4118
4507
4817
4887
4814
4650
4246
3771
3443
3109
2955
2886
2973
3300
3520
3779
3956
4004
3994
3751
3376
2938
2501
2192
2013
1998
2236
2623
3081
3616
4085
4426
4590
4557
4319
3938
3568
3047
2540
2166
1826
1673
1452
1103
719
373
8
-430
-711
-999
-1043
-888
-704
-267
107
402
498
400
321
121
-188
-388
-358
-190
72
491
936
1202
1278
1067
490
-263
-1040
-1764
-2280
-2534
-2572
-2423
-2109
-1755
-1564
-1562
-1822
-2206
-2465
-2626
-2687
-2395
-1675
-918
-249
204
155
-595
-2096
-4078
-6328
-8467
-10205
-11418
-11716
-11230
-10111
-8557
-7014
-5507
-4417
-3882
-3735
-3925
-4139
-4294
-4144
-3581
-2836
-1806
-667
314
1118
1495
1298
659
-350
-1571
-2787
-3845
-4598
-5044
-4939
-4231
-3130
-1538
176
1732
3129
4083
4644
4901
4816
4576
4298
4051
3934
4004
4243
4535
4841
5013
5009
4921
4730
4350
3802
3324
2996
2862
2881
2910
3157
3516
3797
4041
4115
4061
3873
3433
2863
2328
1861
1589
1516
1683
2052
2568
3208
3708
4082
4246
4229
4032
3624
3236
2743
2405
2276
2092
2008
1868
1653
1405
1062
642
161
-232
-511
-670
-691
-487
-136
243
612
808
968
1137
983
613
343
103
-107
-151
32
273
416
500
445
130
-398
-984
-1608
-2231
-2706
-2939
-2987
-2891
-2697
-2539
-2506
-2643
-2803
-2894
-2801
-2572
-2191
-1454
-672
83
640
511
-407
-2038
-4193
-6525
-8700
-10365
-11417
-11847
-11333
-10237
-8756
-7040
-5508
-4287
-3755
-3574
-3572
-3688
-3580
-3453
-3047
-2289
-1347
-171
936
1686
2010
1858
1076
-157
-1590
-3073
-4239
-5063
-5447
-5125
-4255
-2823
-1003
847
2533
3773
4557
4929
4923
4704
4345
3893
3595
3690
4010
4419
4861
5041
5104
4966
4574
4133
3568
3051
2555
2300
2325
2457
2677
2948
3312
3562
3760
3873
3816
3672
3342
2849
2375
1913
1513
1425
1584
1835
2266
2828
3410
4001
4442
4624
4591
4324
3915
3552
3185
2802
2482
2277
2121
1879
1616
1268
891
321
-283
-669
-1097
-1230
-1106
-961
-707
-275
227
603
879
898
713
449
183
17
-17
192
473
613
763
813
616
127
-625
-1365
-2072
-2608
-2931
-3091
-2936
-2627
-2394
-2245
-2220
-2397
-2563
-2626
-2595
-2321
-1813
-1108
-485
-201
-338
-1212
-2760
-4779
-6957
-8918
-10634
-11645
-11880
-11428
-10175
-8563
-6876
-5349
-4238
-3595
-3347
-3371
-3558
-3710
-3743
-3446
-2733
-1762
-625
463
1253
1623
1499
867
-182
-1437
-2886
-4228
-5021
-5269
-4790
-3656
-2131
-361
1339
2794
3931
4685
4974
4863
4528
4112
3812
3752
3961
4340
4766
5188
5496
5583
5439
5135
4611
3930
3366
2908
2597
2508
2539
2753
3040
3345
3724
3926
3918
3722
3329
2839
2345
1903
1513
1398
1468
1557
1975
2570
3187
3859
4237
4443
4627
4613
4480
4210
3804
3424
3008
2631
2378
2078
1774
1353
833
321
-278
-825
-1303
-1581
-1695
-1648
-1268
-879
-434
31
278
466
443
214
9
-104
-5
120
285
598
896
1131
1056
668
4
-819
-1629
-2383
-2830
-3090
-3120
-2843
-2500
-2152
-1899
-1942
-2246
-2598
-2852
-2897
-2597
-1990
-1288
-597
-166
-146
-695
-1974
-3828
-6042
-8260
-10000
-11154
-11574
-11114
-10016
-8396
-6616
-4985
-3697
-3029
-2926
-3257
-3745
-4180
-4399
-4121
-3411
-2480
-1341
-33
1080
1708
1856
1340
263
-1172
-2792
-4075
-4877
-5082
-4680
-3766
-2246
-472
1378
3076
4198
4775
4904
4666
4171
3679
3325
3088
3175
3577
4162
4823
5409
5802
5859
5597
5129
4511
3892
3293
2742
2533
2576
2793
3206
3691
4146
4290
4184
3901
3467
2925
2231
1593
1159
913
998
1431
2023
2782
3533
4106
4561
4922
5087
4986
4692
4177
3553
2999
2596
2329
2053
1751
1447
1027
647
388
-10
-538
-965
-1364
-1687
-1617
-1327
-978
-613
-233
157
474
646
573
481
348
215
227
280
448
585
661
529
59
-492
-1067
-1627
-2023
-2352
-2646
-2660
-2450
-2078
-1726
-1718
-1937
-2271
-2548
-2734
-2773
-2549
-2115
-1419
-814
-361
-64
-355
-1395
-3160
-5282
-7384
-9220
-10507
-11179
-11267
-10573
-9244
-7731
-6104
-4723
-3910
-3505
-3603
-3931
-4183
-4303
-4039
-3565
-2856
-1821
-686
367
1127
1374
1007
195
-904
-2040
-3051
-3898
-4384
-4389
-3892
-2875
-1389
268
1861
3169
4064
4606
4867
4909
4647
4230
3897
3559
3515
3797
4062
4595
5120
5356
5429
5303
5100
4747
4272
3768
3353
3135
3073
3194
3506
3837
4074
4182
4057
3765
3369
2754
2047
1483
1005
828
1021
1518
2294
3137
3951
4711
5337
5710
5751
5358
4658
3939
3168
2363
1851
1491
1118
798
553
411
249
-50
-457
-908
-1294
-1387
-1284
-1022
-649
-360
-10
278
541
777
743
547
299
146
59
7
68
97
5
-242
-569
-864
-1280
-1663
-1970
-2213
-2299
-2355
-2226
-2099
-2055
-2091
-2354
-2681
-2993
-3171
-3170
-2995
-2644
-2054
-1287
-478
82
195
-170
-1161
-2567
-4353
-6371
-8154
-9569
-10512
-10851
-10659
-9949
-8781
-7412
-6113
-5106
-4351
-3826
-3486
-3211
-3026
-2752
-2295
-1806
-1134
-263
466
978
1200
1011
585
-154
-1012
-1803
-2668
-3290
-3562
-3392
-2734
-1710
-479
852
2198
3258
4087
4584
4799
4731
4296
3851
3422
3237
3354
3555
3941
4471
4952
5257
5415
5376
5112
4641
4059
3503
2970
2688
2650
2765
3072
3357
3590
3748
3698
3444
2878
2150
1493
867
487
549
876
1581
2700
3836
4859
5579
5899
5988
5707
5051
4242
3401
2623
1934
1407
1045
863
692
408
138
-155
-393
-571
-784
-892
-860
-760
-540
-287
-68
111
211
217
212
236
135
87
114
33
15
-17
-206
-475
-795
-1127
-1486
-1795
-2003
-2057
-1998
-2028
-2002
-2024
-2130
-2250
-2510
-2817
-3170
-3468
-3518
-3243
-2703
-2159
-1566
-862
-307
-17
-82
-568
-1530
-2905
-4518
-6236
-7775
-9030
-9882
-10205
-10168
-9642
-8700
-7503
-6208
-5157
-4213
-3566
-3129
-2746
-2508
-2209
-1929
-1644
-1250
-631
64
624
933
834
553
67
-703
-1510
-2232
-2857
-3092
-2830
-2251
-1232
90
1421
2680
3725
4481
4961
5057
4812
4371
3750
3312
3110
3068
3347
3711
4174
4684
5036
5197
5196
5089
4707
4132
3588
3212
3068
3098
3224
3361
3538
3538
3379
3210
2739
2088
1430
880
495
400
687
1068
1873
2842
3787
4792
5331
5681
5746
5333
4647
3783
2942
2017
1149
567
134
-173
-252
-275
-324
-454
-624
-678
-663
-709
-780
-737
-617
-402
-182
21
176
334
462
502
540
554
589
414
161
-21
-165
-250
-448
-693
-883
-1025
-1095
-1143
-1246
-1411
-1669
-1932
-2159
-2405
-2637
-2790
-2988
-3264
-3267
-3006
-2583
-1994
-1359
-865
-486
-42
32
-306
-1069
-2496
-4175
-6022
-7799
-9177
-10227
-10789
-10812
-10360
-9432
-8108
-6615
-5277
-4227
-3424
-2821
-2512
-2310
-1984
-1717
-1538
-1268
-767
-279
176
545
570
434
-141
-894
-1579
-2359
-2887
-3253
-3189
-2630
-1675
-289
1230
2801
4065
4977
5489
5651
5521
4962
4280
3667
3369
3397
3675
4207
4873
5484
5926
6102
6051
5856
5259
4598
3991
3495
3327
3268
3407
3658
3858
3898
3692
3305
2798
2242
1555
921
610
713
1117
1806
2793
3693
4416
5029
5355
5305
4812
4016
3111
2203
1418
731
353
180
41
-21
-144
-208
-391
-768
-1056
-1357
-1670
-1759
-1631
-1457
-1136
-735
-467
-278
-131
12
50
-131
-357
-611
-829
-860
-886
-814
-638
-504
-376
-355
-398
-573
-749
-952
-1367
-1731
-2055
-2230
-2170
-2234
-2363
-2374
-2457
-2524
-2495
-2390
-2203
-1948
-1503
-996
-347
276
541
549
169
-860
-2455
-4361
-6351
-8236
-9882
-11013
-11384
-11057
-10159
-8704
-6884
-5011
-3363
-2055
-1258
-921
-921
-1245
-1526
-1803
-1935
-1711
-1273
-641
8
491
720
520
-61
-855
-1795
-2551
-3087
-3204
-2714
-1794
-379
1248
2871
4270
5200
5646
5661
5214
4426
3598
2930
2670
2758
3220
3968
4795
5593
6150
6308
6063
5532
4753
3904
3129
2668
2465
2563
3132
3723
4138
4275
4088
3544
2682
1711
763
104
-286
-293
189
1094
2243
3352
4374
5073
5367
5260
4695
3879
2935
1972
1210
632
348
250
168
273
353
272
-25
-541
-984
-1274
-1637
-1975
-1990
-1849
-1629
-1287
-911
-573
-349
-221
-162
-171
-231
-266
-281
-213
-168
-188
-143
-39
52
-82
-306
-579
-940
-1329
-1671
-1904
-2067
-2048
-2051
-2078
-2007
-2088
-2195
-2191
-2363
-2573
-2546
-2275
-1751
-1121
-410
277
746
1105
1096
370
-1000
-3039
-5412
-7755
-9886
-11306
-12068
-12200
-11458
-10054
-8088
-5828
-3732
-2050
-982
-480
-440
-682
-1026
-1503
-1876
-1951
-1650
-1049
-338
410
906
1000
699
74
-704
-1459
-2041
-2464
-2506
-2013
-1000
484
2142
3665
4825
5548
5699
5445
5004
4249
3388
2711
2391
2510
3150
4038
4854
5657
6039
5984
5701
5030
4279
3447
2560
2128
2074
2297
2744
3146
3411
3425
3191
2810
2191
1449
855
333
125
399
929
1761
2814
3818
4618
5162
5368
5083
4485
3691
2657
1629
829
340
98
53
9
76
294
298
146
-190
-722
-1251
-1717
-2080
-2218
-2116
-1869
-1557
-1283
-969
-684
-496
-309
-239
-324
-381
-330
-247
-148
-118
-158
-231
-344
-497
-774
-1154
-1510
-1786
-2045
-2218
-2298
-2283
-2050
-1810
-1701
-1575
-1488
-1516
-1630
-1829
-1994
-1993
-1841
-1445
-795
-185
409
879
924
668
-228
-1955
-4086
-6424
-8608
-10336
-11335
-11481
-10992
-9683
-7751
-5617
-3429
-1577
-426
36
-7
-458
-1094
-1803
-2365
-2554
-2407
-1783
-858
103
897
1272
1261
799
-9
-889
-1709
-2252
-2438
-2151
-1251
17
1534
3145
4414
5170
5437
5221
4631
3805
2972
2323
1933
1978
2463
3287
4262
5095
5692
5937
5787
5302
4598
3863
3225
2730
2433
2435
2614
2829
3015
3040
2943
2619
2051
1485
958
623
445
401
765
1397
2145
2871
3537
4009
4152
4159
3748
3102
2457
1688
1045
540
130
-50
-92
-125
-192
-353
-518
-702
-935
-1208
-1452
-1670
-1889
-1957
-1929
-1792
-1565
-1379
-1068
-702
-444
-143
121
215
219
186
118
-71
-305
-443
-597
-702
-731
-867
-1076
-1237
-1367
-1501
-1566
-1618
-1584
-1493
-1371
-1133
-918
-799
-850
-1014
-1236
-1284
-1152
-1060
-817
-449
22
422
533
404
-232
-1477
-3258
-5335
-7238
-8938
-10129
-10554
-10392
-9483
-7968
-6101
-3993
-2176
-950
-239
-113
-429
-915
-1483
-1995
-2264
-2339
-2103
-1391
-439
565
1175
1286
1099
577
-122
-828
-1407
-1820
-1834
-1300
-352
920
2290
3483
4326
4683
4632
4262
3677
3048
2300
1815
1716
1890
2582
3403
4177
4803
5052
5000
4623
4131
3560
2919
2419
2051
1941
2061
2284
2572
2622
2489
2246
1896
1555
1171
859
608
479
656
1137
1656
2210
2784
3166
3475
3535
3425
3284
2902
2414
1801
1218
809
416
125
-74
-199
-313
-438
-475
-618
-775
-869
-1017
-1146
-1333
-1439
-1387
-1216
-1040
-895
-458
-55
224
548
724
900
960
776
620
360
-48
-358
-642
-862
-1020
-1163
-1285
-1393
-1455
-1527
-1609
-1716
-1729
-1594
-1440
-1265
-979
-749
-763
-874
-1017
-1111
-1163
-1209
-1176
-1064
-841
-554
-241
-147
-616
-1653
-3100
-4866
-6569
-7957
-9127
-9763
-9824
-9191
-7747
-5991
-4087
-2372
-1274
-743
-695
-931
-1312
-1853
-2432
-2809
-2752
-2229
-1254
-109
848
1517
1698
1524
1225
676
27
-543
-1000
-1061
-723
134
1347
2320
3267
3955
4121
4111
3826
3381
2902
2341
2051
2109
2459
3219
4022
4666
5090
5242
5219
4953
4555
4099
3580
3062
2628
2372
2331
2357
2243
1919
1550
1298
1025
814
687
649
609
602
891
1242
1609
1892
2031
2241
2405
2572
2723
2730
2641
2325
1934
1599
1114
604
126
-310
-615
-758
-769
-769
-682
-522
-414
-501
-576
-629
-848
-1020
-1179
-1176
-1029
-836
-420
-21
400
835
1102
1192
978
664
194
-383
-754
-1107
-1346
-1437
-1545
-1477
-1322
-1213
-1218
-1441
-1661
-1903
-2109
-2136
-2062
-1989
-1932
-1805
-1639
-1471
-1340
-1182
-1109
-1095
-969
-821
-677
-662
-866
-1401
-2317
-3476
-4820
-6042
-6934
-7659
-8036
-7915
-7344
-6342
-5036
-3667
-2517
-1736
-1323
-1088
-1050
-1156
-1352
-1607
-1774
-1797
-1423
-684
100
833
1336
1637
1811
1720
1457
1003
337
-285
-524
-391
1
595
1325
2128
2664
3002
3233
3307
3178
2755
2292
2036
2072
2383
2940
3641
4271
4667
4936
5130
5073
4810
4355
3699
3022
2498
2152
1890
1744
1616
1496
1360
1178
1105
988
819
614
369
324
466
660
951
1381
1782
2112
2603
3006
3242
3373
3121
2699
2256
1773
1273
779
384
-5
-318
-426
-424
-440
-524
-597
-820
-1052
-1074
-1277
-1398
-1375
-1473
-1328
-1009
-608
-128
349
846
1126
1344
1397
1143
882
396
-223
-694
-1180
-1476
-1544
-1687
-1708
-1683
-1695
-1608
-1538
-1546
-1668
-1720
-1738
-1805
-1783
-1659
-1480
-1291
-1114
-988
-763
-528
-255
-10
-7
50
-117
-670
-1401
-2379
-3514
-4827
-6174
-7222
-7944
-8395
-8446
-7969
-7119
-6032
-4724
-3489
-2547
-1954
-1570
-1298
-1291
-1484
-1788
-2012
-1871
-1461
-948
-227
458
984
1536
1883
1916
1682
1187
639
186
-144
-192
109
613
1370
2166
2813
3368
3567
3556
3385
2941
2571
2320
2235
2499
3040
3733
4378
4926
5441
5674
5642
5362
4774
4034
3222
2583
2062
1642
1284
929
812
858
932
986
999
831
731
734
707
803
858
1047
1321
1661
2178
2571
2899
3119
3118
2966
2574
2004
1409
904
369
-192
-543
-775
-816
-716
-667
-709
-906
-1093
-1224
-1404
-1596
-1690
-1828
-1864
-1530
-1134
-567
56
543
1040
1338
1487
1476
1231
827
296
-320
-864
-1175
-1328
-1354
-1214
-1060
-947
-764
-735
-897
-1117
-1506
-1746
-1810
-1887
-1846
-1793
-1605
-1328
-1178
-988
-728
-596
-556
-449
-463
-579
-694
-1027
-1588
-2441
-3588
-4709
-5869
-6913
-7568
-8027
-8193
-7852
-7079
-6056
-4881
-3753
-2792
-1980
-1422
-1149
-1062
-1150
-1309
-1428
-1508
-1285
-770
-123
590
1206
1771
2219
2355
2218
1934
1467
927
545
345
409
732
1257
1844
2301
2716
2976
3011
2984
2686
2331
2215
2132
2394
2876
3359
4045
4664
5113
5335
5428
5299
4758
4025
3083
2194
1483
752
244
-126
-312
-185
-6
248
441
507
570
600
551
539
654
852
1150
1606
2191
2708
3237
3725
3905
3760
3312
2706
2024
1313
604
9
-353
-620
-794
-773
-705
-703
-803
-1004
-1302
-1662
-1986
-2245
-2243
-1990
-1514
-891
-258
583
1350
1901
2208
2186
2031
1608
990
456
-32
-403
-574
-636
-607
-591
-602
-641
-813
-955
-1239
-1701
-1930
-2020
-2052
-1905
-1616
-1304
-1062
-839
-571
-330
-189
-132
-202
-344
-383
-401
-563
-873
-1451
-2267
-3216
-4357
-5429
-6376
-7238
-7743
-8007
-7970
-7417
-6577
-5472
-4384
-3568
-2811
-2219
-1830
-1660
-1711
-1862
-2086
-2106
-1897
-1486
-802
-96
566
1146
1572
1851
1879
1674
1279
817
452
203
185
353
642
1080
1501
1941
2299
2418
2408
2332
2162
1942
1952
2234
2631
3109
3694
4250
4717
5155
5437
5375
5085
4606
3777
2954
2262
1622
1022
612
475
456
625
833
1019
1122
1198
1212
1136
1099
1087
1203
1385
1858
2400
2776
3325
3769
3975
3989
3603
3016
2402
1756
1163
627
213
-54
-166
-241
-333
-388
-580
-939
-1291
-1641
-1986
-2122
-2172
-2019
-1550
-1057
-466
158
719
1118
1269
1198
911
546
144
-300
-698
-918
-1017
-1021
-836
-678
-613
-572
-697
-967
-1380
-1767
-2013
-2188
-2124
-1920
-1669
-1331
-1074
-781
-521
-540
-644
-790
-963
-1147
-1301
-1303
-1213
-1092
-1105
-1319
-1672
-2235
-3105
-4157
-5203
-6089
-6753
-7241
-7343
-7017
-6225
-5048
-4013
-3094
-2251
-1703
-1433
-1439
-1650
-1889
-2202
-2359
-2073
-1605
-855
43
877
1638
2124
2447
2521
2159
1568
910
312
-112
-363
-368
-153
239
727
1181
1597
1944
2135
2132
2028
1902
1854
2090
2539
3022
3483
4075
4784
5234
5435
5361
5047
4530
3764
2970
2079
1266
717
267
51
32
179
521
808
1015
1179
1241
1161
1074
1096
1254
1463
1724
2106
2529
3055
3517
3736
3757
3574
3227
2637
1907
1305
734
97
-403
-620
-735
-830
-818
-865
-981
-1115
-1322
-1444
-1485
-1477
-1291
-1005
-632
-86
517
1054
1360
1455
1391
1016
567
95
-440
-777
-990
-1066
-946
-776
-545
-412
-479
-586
-856
-1255
-1628
-1994
-2202
-2254
-2143
-1799
-1379
-1007
-645
-460
-506
-606
-862
-1149
-1405
-1674
-1846
-1875
-1747
-1670
-1781
-1989
-2436
-3254
-4191
-5119
-5933
-6534
-6902
-6967
-6692
-5962
-4943
-3827
-2804
-2008
-1420
-1102
-1054
-1308
-1554
-1634
-1709
-1613
-1100
-375
385
1276
2080
2658
2866
2756
2325
1569
877
110
-535
-831
-873
-496
184
921
1478
2008
2513
2770
2841
2710
2526
2356
2294
2524
2833
3297
3961
4584
5086
5375
5449
5149
4495
3654
2649
1635
660
-79
-564
-779
-552
-150
370
947
1385
1703
1751
1511
1135
815
680
683
868
1286
1866
2487
3139
3669
3887
3818
3427
2798
2113
1382
621
-2
-467
-735
-781
-806
-719
-613
-654
-703
-696
-801
-1016
-1081
-1139
-968
-508
-116
412
904
1216
1447
1406
1154
737
202
-305
-753
-1043
-1116
-1047
-903
-715
-573
-574
-729
-1114
-1720
-2258
-2678
-2976
-3017
-2907
-2613
-2078
-1436
-914
-620
-415
-452
-668
-899
-1216
-1507
-1615
-1561
-1527
-1361
-1267
-1584
-2199
-3137
-4101
-5004
-5905
-6622
-7215
-7324
-6863
-6098
-5081
-4007
-2951
-2108
-1522
-1132
-1042
-1183
-1381
-1569
-1541
-1186
-581
281
1140
1938
2673
3147
3363
3188
2581
1729
828
24
-594
-890
-860
-483
79
717
1476
2070
2432
2604
2559
2356
2144
2052
2086
2333
2773
3440
4195
4766
5233
5465
5393
5000
4324
3446
2380
1453
755
222
-99
-206
-38
368
918
1385
1655
1816
1708
1481
1307
1099
933
852
997
1386
2021
2743
3315
3895
4234
4188
3883
3256
2475
1545
565
-144
-674
-964
-990
-966
-805
-642
-629
-720
-920
-1125
-1307
-1439
-1439
-1263
-926
-476
118
575
799
998
1021
744
251
-289
-759
-1057
-1225
-1247
-1028
-758
-526
-327
-324
-575
-1031
-1589
-2165
-2754
-3065
-3092
-2948
-2514
-1877
-1237
-776
-496
-439
-644
-1069
-1583
-2014
-2304
-2384
-2304
-2020
-1676
-1392
-1277
-1614
-2318
-3331
-4471
-5591
-6547
-7174
-7475
-7152
-6234
-5061
-3872
-2716
-1705
-1131
-882
-936
-1301
-1690
-1990
-2075
-1829
-1123
-161
848
1895
2699
3256
3501
3176
2446
1564
665
-123
-655
-916
-838
-197
573
1295
2033
2464
2765
2815
2608
2376
2095
1985
2031
2279
2801
3500
4236
4817
5199
5318
5154
4654
3923
3066
2165
1417
783
374
183
155
397
786
1121
1406
1615
1640
1534
1303
1108
967
954
1171
1439
2020
2775
3425
4128
4617
4800
4722
4272
3514
2588
1664
751
-2
-534
-895
-1020
-931
-808
-751
-820
-968
-1103
-1388
-1579
-1681
-1624
-1314
-986
-398
262
737
1052
1129
997
608
53
-453
-997
-1449
-1578
-1535
-1336
-1110
-986
-846
-908
-1252
-1761
-2428
-2996
-3488
-3808
-3724
-3270
-2580
-1885
-1224
-598
-249
-310
-581
-1079
-1683
-2229
-2567
-2571
-2423
-2067
-1554
-1101
-982
-1348
-2085
-3198
-4521
-5762
-6824
-7493
-7645
-7234
-6168
-4774
-3311
-1858
-769
-110
48
-251
-691
-1314
-1765
-1803
-1516
-717
434
1683
2827
3637
4066
3993
3424
2500
1313
118
-805
-1327
-1504
-1320
-667
227
1100
1924
2480
2719
2749
2443
2015
1643
1449
1592
1858
2486
3395
4227
5040
5513
5622
5393
4805
3962
2900
1872
1013
405
45
77
363
715
1254
1658
1913
2043
1943
1783
1452
1060
883
885
1178
1560
2068
2842
3523
4140
4505
4593
4410
3794
3035
2053
1131
331
-420
-738
-923
-887
-679
-544
-336
-354
-522
-738
-1046
-1254
-1394
-1291
-992
-603
-90
367
817
1124
1083
804
337
-201
-695
-1241
-1560
-1631
-1604
-1342
-1070
-862
-745
-943
-1437
-2064
-2832
-3606
-4084
-4213
-4064
-3595
-2918
-2075
-1319
-991
-862
-1022
-1474
-2072
-2753
-3251
-3472
-3410
-3097
-2539
-2068
-1832
-1807
-2151
-2874
-3898
-5036
-6031
-6730
-7000
-6655
-5767
-4575
-3252
-1868
-670
120
394
195
-235
-900
-1502
-1752
-1588
-959
-13
1183
2345
3291
3956
4180
3902
3121
2123
1085
87
-553
-792
-595
50
881
1768
2464
2923
3183
2969
2528
2131
1703
1470
1565
1890
2572
3467
4155
4719
5155
5120
4671
3884
2778
1784
966
379
235
390
929
1691
2498
3078
3373
3431
2993
2267
1429
717
178
-115
126
760
1622
2602
3557
4437
5058
5126
4675
3890
2778
1608
519
-479
-1172
-1627
-1590
-1076
-572
-57
484
918
1058
879
486
-81
-699
-1301
-1783
-1891
-1644
-1204
-610
68
736
1105
1222
955
311
-336
-1086
-1755
-2197
-2360
-2241
-2031
-1638
-1189
-959
-1070
-1514
-2152
-2917
-3719
-4394
-4811
-4859
-4564
-3964
-3114
-2198
-1459
-1036
-1009
-1543
-2415
-3560
-4922
-6072
-6849
-7138
-6815
-5915
-4773
-3469
-2216
-1397
-904
-1003
-1582
-2432
-3447
-4214
-4719
-4662
-4126
-3255
-2014
-743
543
1579
2149
2241
1938
1493
934
387
-13
-192
-127
201
808
1526
2120
2609
2958
3081
3014
2792
2558
2284
2212
2407
2623
2967
3353
3645
3845
3909
3774
3484
3104
2800
2622
2547
2590
2702
2996
3362
3645
3840
3909
3783
3453
3098
2628
1973
1384
960
788
805
1030
1549
2215
2933
3550
3981
4103
3858
3301
2493
1673
855
193
-155
-218
58
541
1129
1698
2037
2025
1660
1087
288
-715
-1537
-2085
-2341
-2190
-1755
-1100
-455
42
354
330
-3
-595
-1317
-1977
-2375
-2451
-2118
-1558
-978
-354
128
271
-20
-633
-1578
-2551
-3417
-4113
-4290
-4085
-3488
-2621
-1714
-962
-582
-576
-1095
-2047
-3139
-4060
-4744
-5172
-5053
-4471
-3528
-2407
-1401
-640
-353
-484
-987
-1903
-2945
-3943
-4746
-5112
-5011
-4407
-3584
-2771
-1903
-1259
-903
-893
-1223
-1764
-2383
-2656
-2715
-2599
-2110
-1374
-516
275
976
1445
1598
1593
1371
1140
951
777
973
1242
1472
1897
2194
2350
2488
2435
2234
1974
1777
1697
1649
1712
1868
2041
2212
2434
2539
2538
2518
2451
2495
2450
2439
2548
2744
3048
3257
3493
3588
3535
3487
3269
3021
2744
2503
2364
2250
2230
2279
2336
2341
2375
2329
2291
2223
2112
2166
2135
2222
2400
2449
2451
2335
2254
2077
1870
1722
1410
1276
1267
1200
1232
1215
1128
927
624
319
-107
-587
-981
-1332
-1593
-1664
-1643
-1636
-1531
-1455
-1501
-1544
-1708
-1899
-2127
-2422
-2614
-2678
-2643
-2663
-2638
-2606
-2701
-2853
-3033
-3308
-3561
-3742
-3998
-3995
-3796
-3687
-3457
-3236
-3064
-2957
-3085
-3229
-3443
-3691
-3781
-3813
-3743
-3529
-3173
-2669
-2194
-1919
-1762
-1861
-2164
-2450
-2743
-2967
-3119
-3013
-2720
-2281
-1611
-1006
-479
-124
51
61
-108
-328
-613
-736
-758
-587
-183
217
729
1203
1580
1792
1839
1827
1733
1648
1609
1660
1721
1978
2345
2557
2789
2951
2940
2914
2946
2939
2835
2810
2906
3018
3144
3251
3299
3293
3208
3016
2795
2573
2400
2303
2309
2506
2675
2860
3119
3303
3346
3109
2840
2554
2183
1856
1573
1535
1630
1671
1859
2079
2262
2486
2522
2423
2266
1996
1681
1350
1025
740
457
329
343
245
213
270
345
332
210
84
-118
-331
-582
-745
-772
-905
-1058
-1213
-1319
-1341
-1531
-1630
-1773
-2044
-2072
-2139
-2271
-2384
-2557
-2702
-2788
-2844
-2948
-2933
-2913
-3022
-3044
-3141
-3237
-3199
-3165
-3155
-3146
-3074
-2925
-2848
-2829
-2804
-2907
-2956
-3014
-3113
-3068
-3079
-3109
-3011
-2832
-2603
-2397
-2291
-2155
-1989
-2000
-2025
-1974
-1911
-1838
-1759
-1551
-1322
-1059
-700
-410
-215
-76
12
74
70
39
80
126
221
327
492
755
895
1009
1167
1259
1308
1311
1281
1359
1493
1599
1803
2029
2183
2457
2641
2620
2625
2576
2465
2375
2395
2430
2480
2627
2776
2966
3135
3243
3246
3196
3094
2882
2681
2535
2506
2526
2545
2604
2695
2821
2936
3008
3064
3084
3060
3034
2983
2873
2675
2443
2207
1970
1818
1665
1582
1602
1633
1689
1693
1678
1619
1382
1078
765
306
-139
-487
-890
-1198
-1271
-1249
-1095
-920
-790
-655
-694
-734
-929
-1288
-1598
-2057
-2411
-2599
-2773
-2776
-2673
-2569
-2435
-2378
-2418
-2536
-2796
-3007
-3186
-3388
-3522
-3641
-3633
-3506
-3420
-3309
-3162
-3166
-3201
-3225
-3369
-3387
-3307
-3291
-3223
-3035
-2737
-2463
-2324
-2237
-2150
-2115
-2203
-2345
-2461
-2533
-2504
-2378
-2107
-1800
-1477
-1111
-834
-670
-642
-541
-500
-619
-559
-452
-402
-138
202
429
717
976
1172
1358
1458
1562
1628
1612
1697
1825
1842
1873
2015
2140
2079
2129
2213
2151
2226
2351
2533
2697
2802
2954
3134
3281
3316
3222
3001
2803
2541
2281
2263
2257
2248
2409
2557
2811
3070
3115
3081
2913
2735
2474
2121
1897
1731
1711
1829
1958
2141
2241
2298
2328
2211
2037
1735
1358
991
612
369
215
108
124
225
314
344
267
104
-40
-207
-411
-593
-814
-1002
-1057
-1011
-1018
-1066
-1007
-1132
-1313
-1350
-1511
-1652
-1723
-1874
-2033
-2142
-2120
-2093
-2126
-2205
-2309
-2355
-2467
-2587
-2635
-2708
-2788
-2746
-2705
-2697
-2662
-2727
-2744
-2716
-2754
-2773
-2759
-2716
-2677
-2548
-2405
-2329
-2206
-2204
-2239
-2236
-2265
-2330
-2317
-2266
-2245
-2025
-1851
-1675
-1442
-1323
-1098
-914
-942
-969
-867
-804
-720
-551
-420
-132
219
373
585
798
849
935
951
958
969
1013
1214
1329
1501
1624
1702
1857
1922
1976
2010
2002
1973
2012
2024
2071
2181
2192
2268
2341
2432
2487
2441
2534
2538
2558
2636
2572
2614
2687
2715
2659
2469
2340
2223
2042
1945
1913
1784
1741
1967
2074
2123
2242
2152
2086
1922
1678
1514
1220
992
862
753
779
872
1053
1140
1074
1070
951
772
499
114
-247
-591
-798
-939
-983
-955
-879
-766
-767
-766
-799
-982
-1179
-1369
-1565
-1755
-1947
-2085
-2085
-2047
-1934
-1771
-1834
-1875
-1797
-1904
-2059
-2280
-2551
-2594
-2638
-2629
-2504
-2481
-2390
-2236
-2125
-2077
-2138
-2223
-2375
-2529
-2505
-2465
-2380
-2279
-2209
-1993
-1787
-1692
-1546
-1436
-1434
-1446
-1503
-1589
-1625
-1526
-1471
-1382
-1135
-881
-645
-423
-236
-143
-20
48
9
-61
-127
-40
50
151
331
498
774
979
1052
1132
1099
1112
1059
1019
1204
1287
1393
1515
1638
1877
1973
2042
2108
1979
1925
1852
1727
1768
1772
1852
1975
2084
2277
2321
2247
2187
2136
1985
1855
1768
1702
1828
2012
2139
2164
2145
2160
2034
1812
1689
1486
1255
1110
951
940
1006
1084
1149
1111
1156
1115
919
693
473
175
-146
-235
-246
-209
-141
-139
-142
-57
-47
-110
-203
-465
-552
-600
-752
-807
-939
-1057
-1054
-1058
-1081
-1139
-1214
-1263
-1307
-1366
-1442
-1504
-1498
-1547
-1619
-1596
-1613
-1630
-1723
-1863
-1868
-1810
-1756
-1755
-1791
-1755
-1645
-1595
-1527
-1417
-1415
-1459
-1466
-1455
-1509
-1605
-1656
-1722
-1675
-1591
-1566
-1454
-1409
-1380
-1249
-1096
-1004
-1038
-1082
-961
-882
-871
-806
-733
-624
-615
-498
-248
-77
17
125
261
327
391
456
515
475
484
603
687
731
706
725
825
864
851
930
941
969
1064
1105
1288
1353
1418
1553
1533
1708
1817
1827
1860
1801
1719
1647
1636
1557
1587
1659
1697
1806
1874
1938
1969
2026
1986
1752
1607
1478
1254
1137
1089
1056
1046
1080
1180
1202
1243
1232
1166
1063
737
564
438
191
131
117
99
156
168
194
240
84
-62
-166
-374
-564
-708
-775
-893
-972
-824
-725
-772
-776
-744
-853
-1015
-1094
-1172
-1210
-1276
-1372
-1279
-1167
-1177
-1115
-1066
-1046
-1044
-1242
-1332
-1294
-1395
-1373
-1338
-1360
-1327
-1293
-1161
-1139
-1166
-1143
-1208
-1315
-1416
-1466
-1446
-1346
-1292
-1227
-1026
-891
-839
-773
-756
-777
-742
-717
-771
-728
-692
-670
-469
-313
-218
-123
-12
47
48
113
142
112
56
48
43
34
167
316
355
428
516
557
589
555
545
620
629
549
597
677
774
939
1084
1179
1144
1162
1144
1105
1117
1088
1129
1137
1201
1322
1302
1261
1256
1182
1189
1224
1186
1141
1014
1028
1040
975
1032
1011
1025
971
908
991
969
887
872
853
835
845
745
666
631
598
522
413
430
368
333
319
207
113
85
96
34
-10
-160
-317
-353
-437
-527
-579
-570
-541
-508
-543
-599
-564
-595
-764
-851
-846
-921
-905
-813
-864
-892
-784
-754
-862
-950
-1012
-1080
-1139
-1201
-1209
-1223
-1138
-1052
-1055
-923
-839
-855
-922
-984
-984
-1030
-1133
-1233
-1146
-1005
-982
-880
-795
-758
-709
-672
-623
-635
-656
-652
-631
-629
-538
-439
-390
-278
-215
-182
-94
-92
-181
-83
-10
-71
-50
39
115
146
182
201
258
299
285
321
364
436
482
568
757
877
949
1033
1091
1078
1018
984
990
911
834
885
971
1014
1051
1092
1104
1198
1251
1190
1103
938
857
886
839
774
801
914
958
968
989
904
910
905
826
735
610
609
554
562
583
529
620
650
602
449
347
273
123
86
-13
-103
-175
-207
-143
-120
-31
-32
-133
-112
-127
-252
-386
-420
-468
-574
-580
-600
-632
-599
-595
-548
-478
-511
-494
-528
-635
-670
-716
-737
-817
-955
-976
-922
-895
-873
-807
-771
-743
-711
-687
-720
-764
-779
-876
-877
-856
-856
-826
-795
-741
-748
-681
-617
-632
-621
-702
-742
-707
-719
-706
-692
-700
-715
-668
-490
-358
-323
-300
-288
-213
-241
-257
-169
-150
-76
-10
73
186
262
359
383
396
397
323
292
303
302
287
335
471
560
585
614
697
813
803
734
633
575
658
690
731
730
760
872
898
955
1000
991
951
922
903
875
802
768
842
858
845
893
894
787
667
613
537
497
517
369
302
404
491
531
530
590
590
478
404
298
233
206
115
164
140
44
153
196
182
163
51
-78
-233
-371
-490
-568
-610
-651
-620
-588
-559
-502
-493
-481
-509
-575
-565
-603
-609
-577
-662
-613
-508
-505
-493
-508
-517
-519
-544
-629
-721
-713
-696
-651
-620
-671
-654
-568
-598
-668
-616
-688
-774
-630
-685
-723
-525
-510
-484
-388
-333
-296
-284
-149
-117
-189
-202
-254
-274
-265
-200
-174
-226
-141
-32
-14
-9
18
-8
-45
15
-30
-155
-136
-28
42
83
223
324
326
313
385
455
323
328
403
382
359
369
468
495
619
694
632
619
541
541
516
485
489
393
393
483
533
553
569
585
590
573
571
551
547
618
585
556
606
667
801
799
708
692
682
683
595
464
417
422
472
417
387
436
390
374
317
220
204
145
35
8
0
-86
-146
-94
-16
-10
3
5
-68
-68
-81
-184
-231
-262
-352
-411
-435
-453
-487
-544
-559
-601
-654
-612
-613
-672
-718
-805
-812
-785
-785
-748
-770
-756
-638
-653
-710
-647
-726
-794
-728
-755
-721
-609
-524
-455
-463
-395
-303
-344
-428
-499
-564
-563
-538
-592
-585
-513
-397
-322
-307
-228
-123
-54
53
98
-27
14
-10
-126
-90
-63
-41
35
113
135
296
421
309
254
381
350
263
340
330
309
327
380
439
426
462
478
470
503
490
453
423
466
467
447
468
509
605
572
527
571
553
519
481
399
395
434
412
404
439
485
483
529
543
546
566
479
469
424
326
296
315
394
372
370
470
442
344
352
319
246
192
81
191
323
198
151
82
38
128
73
-18
-63
-114
-169
-199
-150
-166
-179
-134
-133
-166
-209
-206
-244
-335
-364
-469
-526
-425
-475
-502
-510
-536
-473
-612
-667
-612
-651
-628
-622
-620
-605
-586
-589
-558
-545
-572
-554
-566
-563
-574
-600
-611
-552
-483
-462
-343
-377
-422
-334
-398
-443
-413
-317
-249
-283
-216
-190
-190
-134
-155
-121
-50
-6
19
22
105
185
239
299
358
342
337
359
329
278
264
344
292
310
409
330
322
357
333
371
415
376
382
413
375
344
384
333
284
368
342
371
403
391
424
332
281
288
273
242
269
391
356
325
320
283
300
220
147
42
41
105
49
93
127
123
159
210
245
192
156
127
62
25
-28
-79
-86
-15
-12
-20
0
-23
-6
5
25
-35
-9
21
-105
-130
-153
-157
-147
-164
-142
-112
-100
-106
-58
-53
-118
-152
-131
-134
-164
-164
-142
-107
-137
-160
-97
-97
-140
-194
-334
-395
-337
-354
-330
-252
-277
-274
-293
-308
-296
-378
-462
-471
-441
-414
-406
-388
-366
-397
-329
-285
-311
-285
-290
-261
-292
-330
-336
-377
-334
-310
-298
-212
-134
-147
-144
-133
-171
-148
-148
-139
-96
-89
-81
-24
74
107
166
275
272
234
175
159
247
207
154
228
304
370
372
391
474
442
384
455
450
378
326
349
441
405
470
595
566
561
558
472
503
492
356
390
422
445
474
454
469
400
292
262
326
271
194
176
99
135
136
52
2
32
86
19
-101
-128
-109
-124
-132
-188
-187
-91
-96
-137
-159
-187
-186
-191
-288
-287
-186
-297
-328
-311
-379
-261
-240
-254
-213
-354
-340
-311
-358
-300
-302
-322
-319
-330
-354
-262
-247
-245
-160
-254
-219
-156
-172
-185
-169
-50
-68
-94
-123
-139
-78
-50
-22
-28
-57
-59
34
30
-103
-103
-128
-207
-154
-108
-97
-106
-49
55
37
-17
-48
-1
-21
-102
-79
0
20
-92
-36
72
16
34
69
116
104
1
28
13
-46
15
1
20
108
88
116
134
81
35
25
91
131
136
125
123
193
231
260
297
274
274
251
219
214
191
198
221
236
293
302
268
292
315
316
272
244
235
248
296
255
223
172
170
234
224
224
243
279
238
194
245
180
79
123
166
97
77
60
2
28
47
90
94
-47
-51
-73
-227
-224
-235
-296
-269
-257
-250
-217
-158
-145
-227
-227
-278
-393
-394
-427
-452
-472
-424
-350
-342
-281
-353
-359
-312
-409
-367
-402
-480
-388
-352
-333
-348
-352
-244
-202
-190
-173
-264
-364
-322
-258
-136
-49
-85
-31
-22
-10
46
-14
-87
-64
-49
-85
-91
-19
127
193
108
33
142
224
210
211
169
175
197
171
174
195
196
262
329
259
196
201
247
286
206
239
322
249
289
341
268
241
219
182
196
193
156
164
188
222
262
236
222
209
186
216
161
116
152
131
144
114
103
157
97
61
100
96
38
45
66
116
164
122
108
81
11
-20
41
62
12
-26
-23
-16
3
-16
-60
41
-2
-108
-128
-171
-177
-230
-220
-221
-241
-163
-134
-165
-227
-232
-244
-285
-300
-349
-323
-269
-259
-247
-252
-235
-170
-239
-306
-228
-304
-328
-236
-258
-194
-101
-166
-214
-184
-179
-236
-254
-233
-219
-173
-110
-41
-63
-132
-106
-158
-156
-58
-36
24
32
-7
-3
51
39
-14
30
41
29
6
-20
31
71
86
196
255
203
263
323
248
186
129
146
224
214
226
228
257
350
340
289
320
289
188
188
214
209
226
199
165
152
101
143
167
129
162
102
7
-11
2
19
31
59
61
62
19
-33
-3
-23
-29
40
12
-73
-20
37
-46
-93
-95
-40
-23
-104
-78
-35
-87
-72
-61
-131
-137
-110
-59
-66
-145
-112
-99
-126
-75
-148
-163
-96
-99
-36
-50
-20
-41
-175
-59
32
34
75
39
9
-9
-65
-86
-36
-66
-46
59
23
19
25
19
57
-9
-81
-36
16
-45
-49
-59
-87
-56
-85
-28
7
-12
-20
-48
-27
-77
-171
-187
-204
-171
-107
-135
-124
-127
-127
-97
-141
-184
-233
-236
-180
-110
-78
-74
-75
-65
7
8
-21
-54
-56
-24
-44
-7
5
20
68
102
121
147
161
52
46
33
8
86
110
130
96
95
142
124
77
69
120
119
69
104
155
131
193
295
282
259
206
166
172
155
235
268
210
172
176
259
230
151
117
144
154
72
107
99
50
55
49
58
40
15
0
29
-38
-72
-98
-154
-82
-88
-38
-13
-33
-74
-191
-121
-131
-162
-73
-47
-78
-118
-147
-191
-167
-183
-159
-94
-111
-69
-34
-35
-63
-104
-68
-36
-103
-76
-9
-5
16
-27
-24
-25
-86
-76
-60
-123
-130
-126
-123
-26
-52
-36
-32
-74
-6
-28
-25
-34
-41
-6
-43
-94
-91
-34
-1
58
68
42
51
-3
-47
-10
-30
-1
64
43
140
67
2
65
-111
-118
-122
-164
-53
-89
-68
-18
-35
42
60
-34
-55
-62
-26
25
-59
-67
-74
-49
22
-18
22
-14
-36
57
37
18
52
59
127
173
107
102
83
44
121
113
58
144
121
104
163
141
235
282
255
218
156
141
94
167
189
170
259
232
190
165
189
124
26
59
51
119
150
143
137
70
95
166
97
87
96
-3
30
21
37
47
30
39
-25
5
52
53
-19
-75
-89
-105
-105
-56
-74
-80
-70
-138
-86
-144
-244
-281
-303
-240
-273
-236
-157
-170
-153
-171
-193
-201
-223
-242
-225
-144
-164
-200
-156
-183
-190
-134
-98
-72
-75
-87
-50
-44
-50
-6
-1
-23
-1
32
-19
-64
-48
-49
-10
2
-47
-65
-92
-7
55
5
31
-44
-69
22
28
30
73
106
57
40
-22
-11
5
-73
35
80
108
174
147
181
185
219
172
118
193
119
80
30
22
151
154
113
27
-50
8
52
59
86
34
27
88
97
128
68
6
-5
-82
-18
60
-29
-42
-26
14
41
3
49
77
72
36
41
100
128
103
111
165
77
-16
-42
-96
-67
-44
-34
20
13
33
28
54
87
84
86
33
-12
-100
-74
-12
-42
-39
-42
-15
63
15
-77
-59
-42
-43
-27
-5
45
53
41
114
44
7
41
-72
-19
30
-103
-101
-22
-61
-14
75
39
61
37
21
77
-34
-90
-62
-64
-32
-67
-67
-59
-121
-155
-193
-119
-75
-111
-111
-134
-87
-42
-79
-107
-111
-54
-55
-97
-78
-118
-137
-147
-107
-73
-98
-85
-92
-62
-71
-22
17
-27
16
-43
-104
-41
-9
-58
-96
-77
-127
-120
-2
-3
-65
-62
-62
11
46
35
67
-16
-22
47
112
116
10
35
80
28
-6
7
114
170
167
170
96
96
130
113
146
151
100
132
183
149
105
93
92
101
71
57
36
43
103
110
148
87
67
89
46
50
62
43
24
52
-18
-85
-2
78
-35
-78
-7
-61
-45
10
11
7
30
27
-31
-55
-91
-94
-59
-77
-113
-92
-75
-106
-122
-107
-56
-50
-49
-32
-58
-1
-12
-25
42
-77
-100
-82
-158
-95
-53
3
81
14
-49
-78
-63
-12
-53
-2
44
-22
-19
2
-10
-51
-81
-80
-60
-22
-33
-73
27
78
18
40
11
-11
4
7
43
37
25
49
15
35
31
-41
-22
11
93
38
-60
44
79
59
72
21
27
31
-12
-3
41
38
-28
-17
45
147
70
-74
5
84
140
91
16
38
75
48
-9
36
55
79
103
107
81
61
77
58
25
50
118
52
-12
26
24
-24
-14
53
13
-48
-14
-42
-89
-52
-108
-74
-5
-53
19
-46
-146
-130
-185
-177
-83
-77
-158
-100
-91
-135
-108
-124
-14
31
-52
-40
-36
-47
-105
-93
-73
-143
-90
-56
-53
-8
-33
-103
-69
-7
-67
-51
-40
-79
-21
1
45
49
-56
-79
-79
-104
-84
-30
-5
2
45
62
28
85
132
136
95
25
139
127
30
83
44
49
92
78
127
101
45
17
62
109
78
166
192
131
95
24
33
22
-21
-62
-89
-59
-26
43
34
27
98
17
-6
76
64
71
-3
-35
80
36
-10
35
-31
-77
-45
16
8
-50
-10
-12
27
102
53
54
15
-18
32
5
0
-57
-114
-64
-60
-25
13
-25
0
15
1
28
91
111
75
73
33
26
44
28
14
-31
-89
-14
59
-2
37
15
40
62
-13
111
83
54
106
4
5
20
10
-45
-104
-91
-92
-70
-67
-25
37
-29
-33
80
23
-39
-47
-22
39
-58
-87
-139
-210
-123
-139
-114
-55
-107
-92
-29
-11
-75
-75
-64
-40
21
-10
-3
-22
-112
-108
-45
-103
-93
-76
-114
-34
-62
-22
114
50
99
127
4
44
39
6
25
3
12
-21
-60
19
65
72
88
78
98
84
124
113
74
146
113
83
57
26
123
61
-47
28
65
74
109
104
52
79
150
85
49
114
95
59
12
-23
21
1
-28
-25
-25
-24
4
63
16
-43
-8
-65
-100
-47
-112
-95
-8
-76
-179
-132
-80
-88
-17
-62
-113
-97
-123
-108
-102
-105
-102
-95
-110
-88
-28
-16
16
-19
-115
-89
-52
-52
-75
-56
8
-1
1
-74
-95
-19
-37
-5
-38
-5
52
-2
54
-24
-70
7
-11
19
29
-30
-10
64
36
1
103
104
73
129
95
73
38
15
87
61
76
160
83
88
84
56
113
27
84
79
-16
73
-4
-24
66
39
2
-42
-14
23
-36
-14
12
-2
52
12
-20
-73
-128
-9
16
-23
-11
-47
1
43
0
9
-31
65
101
-78
-65
-30
-12
8
-28
-50
-26
-20
-36
86
91
-2
41
37
-4
-18
-45
3
-4
-57
-39
-31
43
77
33
84
66
9
32
48
106
120
80
16
-25
-50
-3
60
-37
-23
16
-16
-37
11
78
62
72
15
-28
-20
5
-62
-124
-31
-90
-103
-69
-82
-28
-81
-56
-30
-63
-25
-37
-64
-106
-51
39
-13
-84
-103
-42
-25
-22
8
-34
0
14
22
-3
-77
-30
-18
-32
-37
-35
83
84
-28
18
3
-17
53
16
27
-11
-52
-41
-59
27
32
-8
-31
-22
109
87
11
19
-22
-47
-25
67
99
47
33
2
56
102
81
94
52
62
68
59
102
101
103
65
12
73
60
-13
-31
-28
53
64
25
86
158
96
14
-10
-30
2
-36
-104
-128
-118
-93
-42
-31
-80
-26
-19
-53
-102
-115
5
-15
-71
-53
-87
-89
-76
-135
-117
-54
-124
-124
-35
-48
-26
-47
-44
9
-51
-25
-13
-28
-30
-26
32
15
-4
30
55
47
41
11
-4
95
57
-24
56
54
48
46
-2
79
86
35
83
58
35
50
69
35
-26
12
-5
-20
1
42
52
-25
-42
-22
-22
13
33
-21
28
53
-3
-40
-52
-6
-13
-43
-29
29
85
92
9
33
81
17
52
46
46
39
-40
-67
-47
17
42
26
40
105
96
59
14
-49
27
22
-50
-44
-67
-57
-87
-141
-91
-60
-108
-109
-83
-79
-23
3
-8
-3
-74
-139
-43
0
-143
-74
15
-75
-43
-62
-57
-23
3
100
72
55
69
77
83
55
112
147
87
63
41
31
102
54
17
62
67
108
103
81
64
50
62
45
45
-5
41
40
14
55
-33
22
13
-2
10
-35
-7
-81
-53
-22
-10
27
-68
-48
-33
-94
-90
-76
-61
-33
-4
-10
-50
-115
-96
-11
6
-46
-61
-77
-145
-72
32
-10
-26
13
-2
2
10
22
52
-10
-1
60
22
12
21
-8
-8
-13
-14
89
39
-21
73
1
8
39
-79
-57
-3
-38
16
65
-1
5
-25
-73
-69
-37
21
-32
-30
17
-19
-60
-31
11
-32
-21
16
24
29
21
24
-10
28
67
11
43
32
-42
16
9
-15
23
34
21
-5
12
35
-6
-5
48
-12
-15
-96
-73
16
-123
-44
-36
-17
-9
-100
61
30
-64
-59
-105
-86
-52
-34
0
39
-34
-68
-26
-52
-27
85
114
39
43
45
-15
27
59
21
-10
-30
-8
-8
9
47
76
84
63
113
132
96
42
29
100
64
-22
29
65
-2
58
98
-9
-3
-21
0
97
61
139
175
20
11
59
-6
-19
4
-16
-38
-19
18
0
-42
-78
-21
12
-65
-17
32
-45
-48
-27
-67
-40
-32
-43
3
-42
-46
-100
-153
-15
25
20
-14
-67
-48
-92
-89
-55
-42
3
-17
-3
18
4
-80
-104
-12
-38
0
-23
-76
-31
-19
3
-57
-49
-11
-32
-4
22
25
-19
-55
-17
1
1
40
18
22
35
16
38
54
40
17
59
41
15
9
31
91
59
66
32
26
30
13
34
0
43
53
83
114
25
-3
15
38
7
29
39
-81
-23
-22
-51
41
-51
-62
-12
-33
21
-4
-5
57
3
-1
-40
-77
7
-26
-42
-34
-28
-10
14
-22
-111
-45
-30
2
74
50
18
-52
-56
7
-6
1
37
22
-13
-64
-89
-32
50
47
-33
-57
-33
-43
3
5
-65
-32
65
85
80
30
-59
-40
-24
-30
-15
32
55
48
-4
-72
-40
12
6
-11
55
50
-10
43
58
55
86
3
-28
78
2
-66
15
1
35
31
14
71
3
20
86
-11
-17
26
26
51
-2
-37
-44
-76
-42
17
23
-30
-68
0
47
-47
-61
0
-12
5
-39
-75
-14
-38
-65
-112
-51
84
25
4
6
-51
19
22
10
98
7
-27
54
43
28
28
-5
-42
26
67
61
47
-5
25
23
20
51
61
89
46
74
62
-47
-46
-38
-38
-13
43
44
7
-26
-56
33
-8
-77
3
5
20
15
20
30
-44
-13
46
-8
-77
-111
-113
-58
7
14
-26
33
45
-72
-42
-26
-51
5
42
39
19
-2
-60
-69
-102
-68
24
25
14
-39
-3
27
-9
7
-9
-36
19
20
-76
-28
49
20
-38
-22
-5
-18
2
-27
-32
11
-3
-22
51
-23
-108
-13
-55
-44
9
-13
-7
-1
51
85
18
-76
-10
28
-7
1
-20
50
41
-7
49
56
14
-25
35
73
23
34
74
68
-9
-37
51
40
77
95
23
3
-20
56
35
19
38
11
-2
-48
32
42
18
46
24
18
-34
-67
28
97
35
38
-12
15
39
-50
-23
-54
-64
2
6
-46
15
35
-5
-35
-33
40
17
-1
-34
-32
-37
-74
-48
-12
42
8
-11
2
-12
38
-19
-67
-55
-54
16
11
-22
1
-14
5
61
-73
-63
24
-26
85
74
20
-21
-83
-46
-72
-23
29
27
-9
-34
15
-30
-16
16
-45
31
97
33
7
6
-60
-91
-44
-28
-3
41
18
-6
13
9
-17
-29
-6
1
-3
-5
27
27
-30
36
87
18
-3
45
-5
-68
-25
36
64
-5
-26
23
26
13
36
56
-1
-31
43
62
-23
-22
-2
17
30
-25
-49
-78
-30
23
-30
-70
-23
44
34
10
9
1
13
-30
-75
-59
-57
-51
-21
-21
-31
18
94
89
30
22
-46
-22
79
19
-34
0
1
28
44
45
55
0
32
58
22
39
64
89
87
21
-18
6
18
10
-10
3
-3
-42
-43
-35
-2
35
45
68
19
-24
-65
-128
-107
-4
41
-24
-20
-25
29
55
17
31
-109
-130
-47
-50
-42
-37
62
109
-7
-58
-24
-4
18
-34
-74
-56
-72
13
50
-1
6
-4
-33
-50
-34
4
2
16
86
42
1
29
18
40
10
-49
-14
-12
-84
-12
33
1
6
7
57
11
44
59
-46
-11
-8
-27
-17
-35
-33
14
38
22
2
49
111
54
21
8
-32
9
-2
-41
21
61
66
54
32
-3
-52
-22
-28
-12
20
32
76
43
42
36
4
21
1
-83
-45
37
13
31
-32
-38
37
6
1
-53
-75
-4
-26
-66
