-15
-17
-17
-19
-21
-21
-19
-18
-18
-20
-17
-20
-19
-17
-21
-19
-18
-20
-21
-21
-22
-27
-24
-25
-23
-22
-23
-21
-22
-20
-20
-22
-21
-22
-22
-23
-21
-20
-24
-18
-17
-18
-19
-20
-20
-23
-23
-23
-23
-22
-25
-22
-23
-21
-21
-21
-23
-22
-22
-22
-23
-23
-23
-25
-23
-25
-24
-26
-25
-24
-25
-24
-26
-20
-24
-23
-22
-25
-23
-24
-22
-27
-27
-25
-26
-25
-25
-24
-23
-24
-24
-24
-26
-25
-24
-26
-24
-23
-23
-23
-26
-24
-26
-25
-22
-25
-25
-28
-21
-26
-29
-27
-25
-25
-28
-25
-28
-25
-29
-28
-25
-26
-26
-26
-28
-28
-28
-27
-24
-27
-26
-27
-27
-22
-23
-20
-22
-25
-24
-20
-20
-19
-16
-18
-16
-16
-18
-18
-16
-18
-21
-18
-21
-21
-21
-23
-22
-26
-23
-27
-24
-25
-21
-22
-22
-19
-21
-22
-22
-22
-19
-16
-17
-19
-21
-18
-16
-18
-18
-17
-18
-17
-16
-15
-15
-21
-19
-18
-18
-17
-21
-22
-22
-21
-22
-20
-20
-25
-22
-23
-24
-22
-23
-21
-20
-22
-21
-18
-20
-18
-16
-17
-19
-23
-17
-18
-18
-17
-19
-18
-18
-18
-19
-18
-20
-19
-19
-18
-19
-18
-17
-16
-17
-18
-19
-17
-19
-19
-22
-19
-20
-20
-19
-20
-17
-20
-19
-19
-20
-20
-19
-22
-20
-20
-18
-20
-20
-23
-26
-19
-19
-19
-23
-24
-22
-23
-24
-25
-20
-19
-21
-20
-21
-21
-23
-20
-20
-18
-21
-24
-22
-21
-23
-23
-24
-23
-23
-25
-25
-22
-22
-24
-27
-27
-25
-26
-25
-27
-30
-29
-30
-32
-36
-33
-31
-34
-31
-34
-33
-29
-29
-34
-31
-27
-25
-26
-26
-29
-28
-26
-31
-28
-28
-27
-26
-29
-30
-25
-30
-32
-28
-27
-29
-28
-26
-27
-28
-28
-29
-30
-29
-30
-29
-30
-27
-25
-28
-29
-27
-27
-25
-25
-22
-23
-24
-23
-25
-23
-22
-23
-22
-18
-21
-20
-25
-21
-22
-24
-22
-18
-19
-20
-22
-21
-19
-19
-20
-21
-19
-20
-19
-18
-17
-17
-20
-17
-18
-17
-18
-18
-16
-17
-19
-18
-19
-17
-16
-19
-16
-18
-15
-15
-20
-19
-17
-19
-18
-19
-18
-17
-17
-15
-18
-20
-17
-19
-16
-17
-18
-20
-19
-21
-22
-16
-18
-19
-18
-16
-18
-18
-18
-18
-18
-19
-16
-19
-19
-20
-19
-19
-21
-20
-22
-17
-18
-20
-18
-19
-18
-18
-16
-15
-16
-14
-14
-16
-11
-13
-11
-9
-11
-8
-6
-6
-8
-7
-8
-9
-10
-11
-11
-9
-10
-13
-12
-11
-13
-16
-14
-14
-14
-13
-15
-13
-9
-10
-12
-12
-10
-12
-12
-11
-8
-8
-8
-7
-10
-10
-3
-8
-3
-2
-6
-8
-5
-2
-7
-6
-5
-6
-7
-10
-5
-6
-9
-8
-8
-9
-12
-8
-7
-9
-8
-8
-6
-7
-8
-5
-5
-8
-6
-8
-8
-6
-7
-8
-8
-6
-6
-7
-9
-5
-6
-6
-6
-8
-10
-11
-12
-15
-11
-11
-15
-13
-12
-16
-15
-17
-19
-17
-19
-16
-17
-19
-17
-18
-17
-19
-16
-13
-11
-12
-14
-14
-13
-9
-17
-19
-20
-14
-17
-16
-18
-24
-17
-21
-21
-16
-14
-17
-16
-16
-21
-17
-18
-16
-16
-16
-16
-15
-13
-15
-13
-13
-18
-19
-16
-19
-17
-18
-18
-20
-18
-19
-23
-18
-21
-25
-25
-25
-25
-27
-29
-27
-26
-22
-21
-22
-17
-14
-19
-18
-22
-21
-20
-15
-13
-15
-11
-13
-10
-11
-13
-17
-15
-17
-21
-17
-21
-20
-14
-15
-17
-16
-15
-19
-19
-21
-25
-27
-29
-26
-23
-16
-14
-15
-11
-13
-14
-17
-18
-18
-20
-18
-18
-16
-10
-8
-9
-6
-8
-13
-13
-16
-15
-16
-18
-15
-13
-14
-12
-13
-13
-10
-15
-14
-16
-14
-11
-13
-12
-14
-13
-11
-10
-9
-10
-16
-20
-16
-13
-14
-11
-13
-8
-8
-10
-7
-8
-10
-10
-11
-10
-8
-15
-9
-5
-7
-5
-8
-7
-8
-10
-8
-12
-11
-8
-8
-6
-9
-7
-8
-10
-10
-10
-13
-14
-12
-13
-14
-13
-11
-10
-9
-8
-10
-12
-9
-9
-13
-12
-12
-11
-12
-11
-10
-11
-4
-4
-8
-10
-10
-4
-4
-4
0
-2
0
1
0
4
6
6
6
7
8
7
6
10
9
5
5
5
5
1
4
3
3
2
0
2
5
6
7
8
8
10
11
12
15
14
12
14
14
14
12
12
14
14
14
14
14
13
18
13
12
12
11
12
9
11
12
11
12
13
14
7
3
7
6
9
11
13
11
12
9
10
13
11
11
12
9
5
8
9
9
6
9
6
6
9
5
8
6
5
5
5
6
7
8
6
3
0
3
2
4
1
-1
1
-3
1
3
2
2
-2
0
-1
-1
-3
-3
-5
-2
-1
-4
-2
-5
-6
-8
-11
-6
-6
-6
-7
-8
-9
-10
-9
-7
-7
-8
-8
-9
-9
-7
-9
-7
-8
-10
-7
-7
-6
-6
-7
-8
-7
-8
-10
-10
-11
-9
-10
-12
-14
-14
-15
-13
-16
-17
-18
-20
-19
-23
-23
-21
-20
-19
-20
-19
-21
-19
-19
-18
-15
-17
-14
-14
-12
-18
-16
-12
-13
-10
-14
-11
-12
-11
-11
-12
-13
-14
-15
-17
-15
-18
-20
-17
-16
-18
-18
-19
-21
-19
-20
-20
-20
-15
-17
-18
-15
-18
-15
-15
-13
-14
-15
-16
-11
-11
-12
-10
-8
-7
-7
-11
-7
-8
-10
-9
-10
-7
-8
-8
-7
-4
-4
-5
-3
-8
-6
-7
-6
-4
-5
-1
-2
-2
-1
-1
1
0
2
5
4
4
7
6
4
6
7
5
8
7
9
10
6
7
9
9
12
11
10
9
8
8
5
8
9
10
10
9
8
5
5
9
8
9
9
11
9
7
7
8
10
8
6
7
4
4
9
7
5
7
6
7
10
9
10
12
11
11
11
14
15
18
20
20
21
21
20
23
20
22
27
24
27
26
25
25
26
24
21
23
20
19
20
17
15
18
17
16
17
17
16
15
18
19
18
18
21
22
20
22
23
22
21
22
25
23
22
26
25
24
23
24
24
22
22
22
23
23
20
22
21
22
21
18
19
14
17
20
21
21
21
22
19
22
22
24
21
22
23
18
20
18
17
17
16
15
19
17
17
16
16
22
22
21
20
20
21
19
18
20
19
20
18
19
19
18
17
17
17
16
16
16
17
14
13
12
13
12
12
8
13
13
10
9
11
8
10
12
9
15
13
12
9
10
8
8
8
9
8
8
9
9
7
9
10
8
6
6
7
5
4
8
7
7
7
6
9
9
8
7
4
4
2
0
0
-1
0
1
0
-6
-7
-2
-2
-2
-6
-4
-1
-1
1
0
0
3
4
3
4
4
3
5
4
4
3
3
-1
1
2
1
2
0
0
-1
-1
2
3
-1
-1
0
0
-1
-1
-1
-1
2
1
1
1
0
1
6
6
7
8
7
6
11
9
10
11
10
12
10
9
8
9
10
8
9
7
8
12
10
9
12
12
11
14
11
12
12
8
10
11
12
14
13
13
14
13
15
14
9
16
13
13
15
14
16
16
19
17
17
17
18
19
21
23
22
19
22
23
22
18
20
19
17
21
24
21
16
21
15
18
20
16
15
14
17
17
19
19
19
18
18
16
15
16
13
12
12
13
14
15
14
14
16
14
15
14
15
13
16
15
15
20
19
19
20
22
24
20
24
24
27
26
27
23
20
24
21
24
21
17
20
18
18
20
18
16
14
15
17
17
16
17
19
19
20
20
22
20
22
20
20
20
21
23
22
21
22
22
22
24
22
20
19
19
24
19
18
18
19
15
16
16
14
10
7
13
8
9
10
7
11
12
5
9
9
10
12
9
9
4
2
2
3
4
8
5
5
7
5
3
2
1
-1
1
1
-1
-1
-1
-4
-2
-1
-3
-3
-2
-7
-8
-6
-4
-1
-4
-5
-4
-1
-4
-5
-4
-2
-2
-2
-5
-6
-2
-4
-5
-6
-2
-1
-4
-3
-1
-2
-4
-6
-4
-3
-4
-4
-5
-4
-3
-3
-1
-1
-2
0
0
-2
-1
0
3
1
0
-1
0
0
-2
0
-3
-6
-5
-7
-8
-5
-4
-5
-4
-9
-9
-13
-16
-14
-12
-11
-13
-11
-9
-7
-8
-7
-5
-4
-6
-5
-2
-4
-3
-1
-5
-7
-5
-6
-2
-3
-3
-4
-9
-6
-8
-7
-6
-10
-7
-9
-7
-8
-10
-10
-12
-10
-11
-11
-10
-9
-9
-8
-6
-7
-6
-7
-9
-8
-7
-9
-5
-5
-8
-6
-6
-7
-8
-8
-9
-11
-10
-10
-11
-10
-9
-8
-9
-11
-10
-8
-9
-12
-9
-9
-11
-11
-8
-8
-9
-7
-6
-8
-8
-5
-7
-5
-3
-3
-3
-6
-5
-3
-7
-4
-7
-9
-7
-8
-8
-6
-5
-3
-5
-5
-1
-4
-4
0
-2
-4
-4
1
-1
-3
-1
-4
-3
-3
-2
0
-1
-4
-5
-3
-4
-4
-1
-1
-3
-2
-2
0
2
0
-3
-2
-1
-3
-5
-4
-2
-3
-3
-2
-2
-5
-1
2
-2
1
-2
1
4
2
4
9
8
3
8
8
4
5
7
2
3
2
3
3
1
2
-2
-4
-4
-5
-10
-8
-6
-5
-5
-5
-3
-3
1
2
-3
1
-2
-2
0
-1
-1
-2
0
2
3
3
1
5
2
0
0
-3
0
-4
-3
-1
-2
2
-2
-4
-3
-8
-2
2
3
-3
-3
-2
0
0
0
3
0
2
1
2
1
4
3
3
5
4
6
3
5
4
4
3
3
5
3
7
5
7
7
7
11
7
4
4
2
2
2
-1
1
4
4
3
1
2
-1
-2
-1
0
0
-2
1
-3
1
-1
-5
-7
-3
-1
-1
0
-3
0
-3
-2
-1
0
0
-1
0
3
6
3
2
4
1
2
6
6
5
3
7
6
5
4
1
5
6
5
4
4
3
1
2
3
3
1
-1
0
-1
-4
-6
-2
-3
0
-1
0
2
4
6
3
3
6
6
5
7
6
8
6
8
9
8
7
5
8
6
4
3
7
3
5
7
4
7
9
10
8
9
7
9
10
9
9
9
12
13
12
12
15
14
15
18
16
17
17
19
21
19
19
21
21
22
18
18
20
19
18
20
23
21
22
22
22
23
24
25
23
22
23
21
26
27
26
25
25
24
24
30
27
28
27
29
31
29
28
31
32
28
32
29
30
28
26
30
30
29
26
27
26
26
25
27
23
24
26
25
29
26
26
27
26
28
30
30
28
28
29
25
23
26
26
27
27
27
25
23
20
21
27
25
21
22
23
22
21
22
21
20
20
19
22
19
19
20
20
23
21
23
26
26
33
30
29
33
26
30
27
26
24
23
23
21
21
19
16
20
20
15
18
16
16
16
17
17
16
18
17
19
21
21
20
20
18
17
16
19
17
16
18
21
19
19
17
17
15
16
15
12
17
13
10
10
12
10
6
3
7
8
7
8
7
6
4
2
4
7
4
6
3
3
5
1
1
0
-1
2
2
-1
0
0
-1
0
-4
-3
-1
-1
-2
-4
-1
-2
1
0
-3
-5
-4
-2
-6
-6
-2
-3
-5
-6
-4
-6
-5
-6
-7
-5
-9
-7
-6
-4
-6
-7
-6
-9
-9
-7
-7
-5
-5
-3
-5
-7
-6
-6
-1
1
-2
-1
-1
-2
-4
-5
-2
-1
-3
-2
-2
-3
-2
-2
-4
-6
-3
-3
-3
-5
-4
-4
-2
-7
-6
-4
-5
-7
-9
-8
-10
-8
-12
-11
-12
-11
-11
-11
-8
-4
-5
-4
-2
-2
2
1
5
4
5
2
2
4
2
3
2
3
3
3
1
-1
2
2
1
2
-1
-1
-1
2
2
0
-2
-1
-2
0
1
2
5
3
-1
2
2
5
4
3
3
3
5
5
4
2
9
8
5
4
2
3
5
5
6
3
1
6
10
11
9
12
12
10
9
9
8
7
7
9
10
13
12
13
14
14
13
15
14
14
16
16
15
16
20
16
18
15
14
14
16
13
15
18
17
19
15
16
12
11
15
17
14
12
17
13
16
13
8
12
11
9
9
10
8
5
6
5
5
5
3
7
5
4
4
0
5
2
2
2
2
6
3
3
3
5
3
6
9
8
7
7
7
10
9
8
9
10
16
12
13
11
9
11
9
6
5
8
5
2
5
5
6
4
7
4
4
6
4
5
6
5
7
8
6
8
8
7
7
10
9
8
9
7
10
10
13
9
12
12
10
7
8
13
9
10
8
7
7
8
7
3
3
4
0
6
8
7
9
7
8
9
8
12
10
15
13
12
12
7
11
9
8
9
13
12
12
15
14
12
12
11
10
12
13
14
13
9
13
14
16
14
11
12
9
11
12
13
15
10
12
14
14
14
12
10
10
7
12
13
15
13
15
11
10
14
13
17
15
15
12
11
12
11
10
12
11
14
13
14
15
14
11
14
14
16
14
13
13
12
15
15
14
11
11
13
16
13
7
8
7
6
8
6
7
7
4
3
-4
1
-1
2
-1
-2
1
5
6
5
7
5
7
6
7
8
7
9
8
9
6
5
9
9
8
5
7
6
3
2
1
1
3
2
3
1
5
1
-1
1
0
0
-1
-3
0
-1
3
3
3
5
4
6
4
7
10
12
11
11
13
13
12
8
13
12
11
8
8
9
8
11
12
12
9
10
12
14
12
12
11
8
9
10
14
13
11
12
15
14
12
14
10
12
13
14
13
14
15
14
14
12
9
7
8
5
7
10
11
8
10
8
7
10
12
8
9
11
10
9
9
10
7
10
7
6
8
5
6
8
8
10
9
6
9
8
7
8
8
9
9
7
6
7
5
6
7
8
6
8
11
11
7
11
11
10
10
9
10
16
13
14
17
12
17
13
11
11
13
8
9
8
9
9
5
5
7
6
4
8
6
7
6
5
6
4
6
7
8
10
8
7
10
8
7
8
8
11
12
10
14
12
12
12
15
12
9
8
4
5
6
9
6
5
4
5
1
2
4
1
4
8
4
6
4
2
7
7
5
6
5
4
3
4
5
2
5
3
4
6
8
6
9
9
3
4
2
5
8
7
4
5
5
8
2
0
3
1
2
2
1
1
1
0
3
3
3
-1
1
1
-1
1
1
0
1
0
-1
-2
4
5
3
3
1
0
2
1
2
1
1
0
6
2
3
4
3
2
2
5
0
5
2
6
6
5
4
5
3
6
7
2
5
2
2
1
-1
-1
2
0
-1
-4
-4
-7
-7
-5
-6
-7
-6
-6
-7
-1
-1
-1
-3
0
2
4
4
1
4
4
2
2
2
3
3
1
2
0
0
-1
-1
-4
-4
-1
3
1
-1
-3
-1
0
-2
-1
-2
-1
-2
1
0
-1
-2
1
1
3
1
3
1
1
4
2
4
3
6
5
6
1
1
3
3
3
5
4
2
1
1
2
2
4
1
1
1
-1
0
-1
-1
-1
3
0
0
1
3
6
4
4
1
5
4
4
4
5
6
7
5
3
0
1
3
0
1
2
1
0
3
2
2
4
2
1
5
7
3
0
2
1
0
2
4
4
4
3
1
2
2
2
6
4
3
4
4
1
1
2
4
4
5
5
5
6
4
7
6
7
5
5
5
6
9
10
10
6
8
10
9
12
16
10
13
13
12
13
11
11
9
10
5
7
6
6
4
6
3
3
2
2
3
1
3
4
3
6
6
6
9
7
8
6
7
8
7
9
9
10
7
8
8
8
9
12
10
11
9
6
8
6
5
9
7
4
5
1
2
5
4
4
4
2
3
2
6
5
6
6
6
6
5
6
6
7
8
5
4
8
7
10
9
6
5
1
4
6
5
4
3
3
4
3
3
2
1
1
0
-1
2
4
4
3
4
0
0
-1
-3
-2
-2
-1
0
-1
0
3
-1
-5
0
2
-5
-4
-3
-1
-3
-2
-2
-4
-3
-4
-4
-3
-3
-4
-7
-5
-5
-5
-5
-5
-5
-4
-3
-1
-4
-1
-4
-7
-3
-6
-6
-5
-8
-6
-6
-7
-9
-9
-11
-12
-10
-16
-12
-10
-13
-10
-14
-10
-9
-10
-7
-9
-9
-7
-3
-6
-4
-3
-2
-2
-2
-3
-8
-7
-10
-10
-9
-8
-10
-12
-12
-11
-12
-12
-10
-10
-10
-12
-12
-12
-11
-12
-12
-11
-9
-8
-11
-13
-10
-9
-6
-9
-8
-7
-9
-8
-8
-6
-5
-7
-6
-7
-8
-7
-8
-7
-7
-8
-9
-8
-9
-7
-8
-9
-7
-5
-8
-7
-5
-7
-7
-6
-7
-7
-4
-5
-4
-5
-5
-4
-3
-6
-6
-1
-4
-4
-2
-5
-1
0
0
-2
-3
-2
-3
-2
0
0
-1
-1
1
-1
-2
-1
3
6
4
6
4
5
5
0
2
3
2
-1
2
2
3
6
4
4
3
5
3
2
0
-1
2
2
3
3
3
0
0
-2
0
1
-2
-2
1
3
3
2
4
4
3
4
4
5
6
9
10
11
6
5
7
6
5
3
6
5
2
0
2
3
1
3
2
0
-1
0
-3
2
1
-1
2
3
5
4
3
0
2
2
0
-1
2
3
3
5
4
5
5
3
3
2
3
9
4
2
6
3
2
4
2
2
-1
-2
-1
-7
-1
0
2
2
-3
-4
-1
-1
-1
5
6
3
2
2
3
0
0
1
2
5
4
3
0
-3
-1
1
-1
1
1
2
0
-4
0
-3
-3
-4
-3
-1
-1
0
0
2
0
-2
0
-2
-1
-3
-3
-4
1
0
-5
-6
-2
-4
-7
-7
-7
-7
-5
-4
-7
-5
-7
-5
-8
-3
-2
-6
-7
-6
-5
-6
-7
-5
-5
-3
-3
-7
-4
-6
-6
-4
-5
-8
-11
-8
-6
-6
-7
-8
-9
-10
-10
-11
-11
-12
-12
-14
-15
-19
-15
-15
-18
-13
-17
-15
-10
-9
-12
-10
-11
-11
-9
-8
-6
-9
-6
-7
-3
-2
-6
-6
-8
-8
-9
-11
-14
-14
-13
-14
-15
-13
-15
-16
-17
-15
-18
-21
-19
-21
-17
-17
-19
-15
-15
-18
-16
-15
-19
-17
-16
-17
-18
-20
-17
-16
-18
-17
-16
-16
-20
-20
-19
-20
-21
-19
-18
-21
-17
-16
-18
-19
-16
-13
-16
-15
-14
-16
-17
-18
-16
-17
-15
-15
-15
-12
-12
-12
-13
-12
-10
-8
-8
-8
-8
-6
-7
-9
-6
-6
-5
-4
-6
-4
-2
-4
-4
-4
-3
-2
-3
-2
-1
-2
-1
2
-1
-2
0
-3
-1
0
-2
0
1
-2
0
0
0
1
-1
-4
-2
0
-1
-2
1
1
0
0
-1
-1
2
1
0
1
-1
0
0
1
1
4
2
4
5
5
4
4
4
9
11
9
14
8
7
10
8
6
6
3
1
1
0
1
1
3
1
2
-1
3
2
-2
1
0
-1
2
-1
3
8
2
3
4
3
3
1
5
6
5
9
7
7
9
7
5
2
4
1
3
4
6
3
4
3
5
4
-5
-1
1
4
3
0
-3
0
3
7
4
4
6
3
2
2
3
0
2
1
-1
4
3
4
3
-1
0
-4
-3
-3
-1
-2
-6
-5
-5
-2
-5
-3
-5
-7
-6
-8
-6
-5
-6
-5
-7
-4
-7
-7
-9
-10
-8
-9
-9
-9
-8
-8
-8
-10
-12
-8
-9
-11
-10
-10
-8
-10
-9
-8
-10
-10
-8
-6
-9
-12
-11
-9
-10
-9
-10
-7
-9
-12
-10
-9
-7
-9
-13
-13
-13
-13
-16
-13
-15
-20
-18
-17
-17
-19
-19
-21
-16
-20
-25
-22
-22
-21
-21
-20
-19
-23
-18
-16
-18
-19
-17
-19
-19
-17
-19
-18
-17
-16
-17
-19
-20
-19
-20
-18
-19
-21
-20
-19
-20
-22
-19
-19
-21
-24
-21
-21
-23
-24
-21
-19
-19
-18
-17
-17
-17
-16
-16
-15
-18
-17
-16
-16
-15
-14
-12
-10
-9
-12
-11
-12
-12
-12
-12
-12
-14
-13
-9
-8
-7
-5
-8
-6
-6
-3
-1
-3
-2
-1
0
-2
1
0
1
1
2
3
3
3
3
3
3
3
2
4
7
5
5
0
1
4
3
2
6
6
3
5
8
8
6
7
11
7
-27
-25
16
43
65
19
-47
-34
11
38
35
18
-17
-29
-11
2
34
52
6
-24
-25
6
43
52
39
4
-1
0
7
45
44
26
-5
-24
-8
23
46
23
-5
-12
-11
14
36
31
24
5
-7
-2
25
41
30
11
-12
-10
14
33
31
26
5
-5
7
20
33
33
19
-8
-10
6
23
29
14
-7
-13
2
11
17
21
12
-1
-8
0
20
35
26
8
-2
5
20
28
25
12
6
1
3
17
26
24
14
3
3
11
18
17
10
0
0
3
9
9
5
-1
-5
-7
1
9
14
9
-8
-8
-2
7
11
8
4
0
-2
0
11
13
10
-2
-2
0
7
16
11
3
-2
0
2
3
5
5
-6
-7
-7
-4
3
2
-2
-10
-14
-9
-3
0
-3
-5
-10
-6
-1
-1
0
-4
-4
-9
-5
-2
-1
-2
-6
-11
-8
-4
-3
-2
-3
-4
-7
-7
-3
0
-2
-5
-10
-11
-4
-5
-4
-6
-8
-5
-5
-2
0
3
-1
-3
-4
-3
3
1
-1
-4
-7
-4
-6
-8
-4
-9
-9
-9
-6
-4
2
2
-2
-1
-1
3
5
5
1
0
-1
0
0
-1
2
1
-2
-1
1
5
6
4
1
2
6
4
4
4
6
3
-1
0
-3
3
3
0
0
2
1
4
4
4
4
3
0
-1
-1
-2
4
1
4
6
7
11
4
3
5
7
9
12
12
9
10
11
13
13
15
12
7
5
5
6
6
9
7
8
7
8
10
10
9
11
13
7
10
13
13
14
13
13
14
13
11
12
15
14
14
12
13
16
14
13
15
16
14
18
15
17
19
14
14
17
14
15
15
15
18
20
19
19
17
16
17
16
16
17
17
17
19
21
18
22
18
19
19
19
23
22
25
20
21
23
24
24
27
28
29
31
28
33
31
32
33
35
33
33
32
31
30
32
29
29
30
25
29
27
23
22
26
25
27
25
23
24
23
24
25
25
25
28
28
30
28
26
28
30
28
30
28
27
29
30
31
31
31
32
31
35
40
99
189
293
360
350
415
540
690
803
755
725
716
694
684
574
513
438
306
220
117
130
150
79
31
-30
9
63
58
69
42
41
19
-18
-3
-6
1
-50
-99
-81
-41
29
31
39
64
98
162
169
192
216
189
155
80
56
63
20
-48
-148
-190
-194
-224
-253
-298
-317
-339
-386
-423
-453
-477
-546
-656
-764
-842
-897
-955
-1005
-1034
-1031
-988
-924
-820
-675
-525
-366
-222
-74
86
216
329
395
424
450
443
423
387
334
297
226
174
134
106
104
76
63
50
50
61
35
14
-16
-49
-75
-121
-133
-137
-119
-76
-30
77
194
330
476
643
827
994
1124
1192
1233
1248
1226
1161
1038
902
750
585
436
292
188
93
12
-35
-65
-39
-17
6
21
19
40
30
20
11
-16
-38
-79
-104
-101
-103
-85
-78
-65
-36
-21
-5
-14
-56
-106
-207
-327
-485
-661
-848
-1055
-1269
-1486
-1669
-1803
-1883
-1920
-1930
-1889
-1791
-1649
-1474
-1283
-1064
-856
-636
-431
-228
-16
180
365
523
664
801
917
1033
1116
1169
1183
1144
1096
1006
892
729
519
304
54
-183
-419
-634
-802
-970
-1088
-1160
-1165
-1098
-1018
-891
-739
-558
-341
-139
73
268
447
605
727
843
942
1025
1079
1105
1128
1185
1274
1361
1397
1375
1369
1388
1373
1309
1155
980
790
559
341
107
-83
-267
-474
-600
-670
-631
-555
-495
-376
-249
-67
114
267
427
535
622
669
692
743
750
742
691
618
604
567
549
494
409
351
243
127
-25
-206
-394
-648
-939
-1232
-1502
-1725
-1986
-2230
-2397
-2481
-2494
-2480
-2410
-2256
-2048
-1831
-1617
-1366
-1087
-817
-608
-433
-243
-58
124
263
392
552
710
873
1035
1193
1347
1443
1483
1481
1420
1322
1143
886
585
242
-108
-457
-801
-1113
-1379
-1594
-1728
-1766
-1717
-1588
-1399
-1177
-919
-628
-319
-16
254
488
685
853
998
1125
1238
1318
1372
1394
1415
1451
1481
1484
1443
1405
1383
1350
1263
1113
971
840
687
507
301
143
8
-134
-249
-334
-334
-309
-288
-220
-126
27
178
303
436
551
672
750
805
862
895
906
880
844
822
789
741
665
590
512
426
321
184
68
-74
-241
-435
-643
-823
-1018
-1238
-1466
-1674
-1825
-1965
-2103
-2218
-2300
-2336
-2344
-2337
-2266
-2165
-2082
-1978
-1894
-1768
-1615
-1508
-1380
-1299
-1187
-1006
-822
-537
-255
60
484
885
1342
1702
1989
2282
2463
2574
2517
2320
2103
1764
1365
850
306
-163
-640
-1068
-1473
-1759
-1878
-1954
-1945
-1905
-1752
-1518
-1312
-1088
-889
-660
-435
-291
-139
1
182
356
485
665
875
1130
1364
1562
1792
2006
2172
2230
2187
2145
2083
1945
1724
1409
1111
832
555
295
65
-103
-213
-320
-377
-341
-248
-135
-74
-23
92
236
380
471
546
648
744
834
902
994
1111
1185
1216
1217
1240
1274
1234
1144
1000
856
696
476
243
-17
-271
-535
-823
-1073
-1292
-1480
-1663
-1864
-2018
-2149
-2229
-2320
-2436
-2493
-2553
-2564
-2542
-2548
-2483
-2441
-2386
-2291
-2228
-2090
-1955
-1821
-1614
-1438
-1192
-887
-522
-38
459
956
1450
1918
2343
2689
2938
3077
3099
2947
2664
2303
1867
1390
791
158
-419
-962
-1384
-1772
-2057
-2182
-2260
-2240
-2175
-2005
-1732
-1492
-1278
-1077
-856
-588
-373
-182
6
215
455
678
926
1214
1527
1813
2041
2250
2453
2620
2674
2580
2446
2291
2110
1849
1456
1067
721
396
115
-162
-338
-423
-516
-543
-532
-407
-215
-106
-2
105
267
467
580
699
805
923
1040
1101
1221
1348
1446
1502
1483
1509
1520
1488
1387
1207
1041
846
612
353
65
-197
-477
-773
-1050
-1276
-1431
-1604
-1786
-1941
-2042
-2084
-2147
-2237
-2330
-2383
-2435
-2474
-2483
-2462
-2405
-2397
-2398
-2347
-2255
-2112
-2032
-1965
-1851
-1697
-1481
-1294
-1067
-730
-349
159
646
1150
1679
2087
2474
2773
2979
3114
3020
2821
2502
2087
1656
1082
503
-67
-647
-1123
-1573
-1865
-2019
-2120
-2134
-2122
-1965
-1727
-1485
-1250
-1060
-835
-622
-444
-261
-92
113
295
462
679
930
1248
1538
1783
2033
2252
2467
2599
2621
2559
2392
2235
2032
1792
1513
1131
772
468
224
71
-98
-211
-288
-346
-283
-214
-86
36
91
191
284
429
612
731
859
935
1039
1177
1304
1448
1522
1554
1564
1538
1519
1453
1336
1166
938
709
459
221
-23
-291
-541
-803
-1009
-1188
-1344
-1449
-1585
-1691
-1787
-1877
-1951
-2095
-2229
-2369
-2468
-2510
-2588
-2634
-2668
-2693
-2658
-2622
-2545
-2437
-2385
-2332
-2291
-2164
-1939
-1737
-1543
-1301
-951
-367
270
877
1447
1926
2439
2916
3269
3521
3548
3429
3170
2749
2302
1753
1156
516
-222
-873
-1412
-1782
-2002
-2222
-2351
-2392
-2291
-2062
-1820
-1559
-1342
-1146
-964
-803
-595
-398
-201
-50
81
304
594
961
1323
1638
1962
2255
2557
2815
2971
3029
2942
2821
2643
2420
2124
1703
1294
888
520
227
-52
-231
-394
-510
-543
-533
-413
-287
-190
-68
28
195
369
536
697
802
937
1070
1216
1376
1491
1585
1627
1635
1643
1592
1525
1389
1193
969
697
450
194
-77
-341
-641
-896
-1123
-1311
-1469
-1645
-1819
-1968
-2090
-2209
-2346
-2506
-2642
-2738
-2807
-2866
-2883
-2894
-2876
-2849
-2803
-2725
-2615
-2527
-2446
-2379
-2291
-2152
-2005
-1831
-1624
-1336
-905
-337
290
929
1501
2030
2570
3063
3445
3634
3609
3473
3204
2806
2298
1673
1024
330
-415
-1076
-1615
-1965
-2204
-2429
-2552
-2543
-2363
-2091
-1858
-1624
-1393
-1164
-954
-795
-618
-429
-257
-121
18
256
589
955
1302
1639
2006
2376
2722
2969
3107
3173
3174
3084
2896
2592
2224
1810
1368
929
522
184
-96
-357
-551
-658
-658
-589
-519
-425
-299
-140
40
199
364
530
671
798
900
1040
1196
1323
1402
1446
1498
1535
1527
1465
1358
1232
1061
837
593
342
106
-167
-463
-750
-1011
-1225
-1463
-1708
-1922
-2095
-2222
-2387
-2574
-2745
-2872
-2940
-3039
-3127
-3176
-3155
-3110
-3100
-3063
-2989
-2888
-2781
-2737
-2673
-2572
-2446
-2295
-2159
-1930
-1559
-1092
-473
169
847
1547
2137
2734
3259
3666
3925
3899
3741
3475
3059
2560
1865
1135
398
-382
-1050
-1648
-2072
-2336
-2575
-2697
-2707
-2532
-2255
-2010
-1781
-1569
-1334
-1103
-932
-765
-605
-435
-276
-110
155
497
902
1301
1679
2112
2530
2929
3226
3389
3532
3560
3503
3295
2932
2558
2110
1638
1147
642
256
-110
-428
-646
-795
-790
-752
-706
-595
-458
-241
-49
109
289
444
609
746
862
1016
1159
1275
1348
1404
1490
1551
1554
1490
1409
1307
1171
990
757
528
271
-28
-341
-674
-955
-1227
-1508
-1782
-2035
-2246
-2441
-2646
-2824
-2953
-3052
-3145
-3233
-3294
-3251
-3182
-3133
-3075
-3038
-2938
-2835
-2759
-2662
-2600
-2511
-2397
-2271
-2025
-1659
-1183
-576
79
781
1521
2191
2852
3443
3901
4198
4235
4117
3893
3494
2978
2268
1489
732
-73
-805
-1449
-1947
-2266
-2534
-2696
-2696
-2547
-2278
-2028
-1817
-1575
-1325
-1085
-908
-776
-619
-469
-314
-136
117
471
879
1302
1741
2228
2711
3149
3485
3751
3961
4042
3979
3734
3389
2998
2508
1956
1349
774
306
-138
-505
-781
-931
-952
-953
-891
-757
-560
-323
-146
15
185
363
535
647
754
877
1003
1122
1202
1301
1415
1502
1536
1505
1474
1414
1303
1116
856
598
314
-8
-357
-729
-1054
-1384
-1719
-2029
-2319
-2520
-2706
-2895
-3062
-3207
-3281
-3331
-3383
-3375
-3356
-3301
-3252
-3214
-3111
-3012
-2927
-2866
-2833
-2719
-2594
-2436
-2215
-1887
-1367
-745
-57
647
1390
2150
2828
3436
3904
4231
4391
4299
4075
3686
3186
2559
1754
944
127
-614
-1264
-1858
-2271
-2559
-2732
-2760
-2696
-2482
-2222
-1984
-1744
-1530
-1291
-1072
-920
-762
-612
-426
-207
48
397
816
1285
1764
2248
2747
3203
3589
3899
4095
4181
4096
3848
3495
3056
2554
1965
1327
724
172
-276
-638
-914
-1065
-1128
-1099
-1007
-858
-646
-438
-248
-92
50
215
352
472
574
667
795
923
1051
1182
1303
1420
1493
1526
1522
1473
1366
1186
939
657
341
-1
-367
-761
-1141
-1515
-1876
-2175
-2461
-2691
-2913
-3133
-3310
-3446
-3509
-3542
-3557
-3579
-3575
-3537
-3483
-3401
-3327
-3260
-3216
-3166
-3060
-2909
-2668
-2341
-1870
-1263
-530
278
1098
1935
2722
3444
4057
4488
4774
4823
4693
4391
3902
3306
2538
1700
834
-38
-802
-1498
-2052
-2457
-2750
-2884
-2908
-2801
-2602
-2381
-2156
-1942
-1732
-1512
-1337
-1175
-1008
-827
-600
-333
21
462
965
1515
2075
2642
3186
3672
4082
4374
4543
4550
4390
4083
3659
3153
2548
1873
1187
537
-25
-491
-854
-1098
-1232
-1267
-1205
-1072
-876
-658
-452
-258
-99
69
215
340
454
556
672
809
952
1121
1286
1443
1575
1672
1741
1761
1725
1605
1395
1132
806
439
32
-415
-848
-1297
-1714
-2097
-2430
-2686
-2931
-3123
-3331
-3482
-3572
-3641
-3636
-3656
-3667
-3660
-3672
-3620
-3584
-3530
-3458
-3426
-3335
-3181
-2919
-2454
-1834
-1072
-222
606
1500
2401
3267
4045
4602
4968
5130
5090
4910
4506
3955
3225
2343
1426
491
-355
-1101
-1767
-2318
-2750
-3003
-3078
-3026
-2887
-2723
-2550
-2364
-2169
-1971
-1788
-1654
-1541
-1417
-1244
-991
-640
-223
259
801
1399
2053
2717
3334
3871
4269
4533
4687
4702
4586
4270
3792
3211
2555
1897
1214
542
-47
-583
-981
-1255
-1407
-1411
-1365
-1251
-1104
-920
-670
-441
-229
-56
77
235
387
537
691
835
998
1154
1308
1483
1624
1738
1779
1751
1692
1570
1388
1126
779
385
-59
-504
-956
-1402
-1835
-2264
-2659
-3006
-3296
-3531
-3741
-3903
-4038
-4084
-4107
-4093
-4052
-4011
-3937
-3857
-3788
-3700
-3613
-3478
-3296
-3039
-2580
-1927
-1067
-171
707
1589
2508
3453
4290
4896
5264
5422
5428
5241
4831
4242
3483
2600
1605
564
-372
-1160
-1836
-2452
-2982
-3304
-3394
-3308
-3173
-3028
-2853
-2639
-2416
-2210
-2026
-1845
-1684
-1555
-1405
-1163
-793
-340
143
664
1242
1900
2592
3241
3803
4241
4534
4686
4693
4578
4341
3947
3401
2733
2048
1404
790
206
-347
-784
-1080
-1262
-1320
-1301
-1205
-1063
-921
-754
-548
-307
-82
79
220
379
584
798
979
1146
1320
1502
1675
1811
1917
1991
1988
1900
1728
1530
1298
992
597
142
-319
-755
-1192
-1644
-2088
-2475
-2810
-3105
-3380
-3607
-3759
-3895
-3997
-4087
-4110
-4066
-4040
-4010
-3992
-3936
-3840
-3777
-3678
-3564
-3300
-2827
-2157
-1280
-361
562
1486
2434
3442
4321
4987
5381
5550
5596
5420
5051
4459
3696
2821
1793
735
-234
-1045
-1728
-2388
-2968
-3329
-3434
-3352
-3243
-3137
-2971
-2764
-2549
-2365
-2199
-2012
-1857
-1747
-1624
-1382
-986
-525
-39
471
1069
1760
2470
3137
3716
4190
4512
4688
4717
4610
4360
3919
3336
2686
2033
1420
787
170
-360
-772
-1029
-1179
-1218
-1152
-1059
-914
-761
-575
-338
-140
23
132
245
425
620
817
989
1163
1373
1584
1790
1965
2105
2198
2202
2130
2002
1822
1585
1250
821
360
-109
-556
-1016
-1497
-1958
-2387
-2749
-3060
-3328
-3530
-3717
-3869
-3991
-4064
-4051
-4025
-3990
-3976
-3974
-3908
-3839
-3755
-3678
-3624
-3464
-3145
-2604
-1808
-908
17
917
1822
2821
3808
4623
5184
5447
5555
5507
5249
4814
4133
3313
2345
1270
265
-636
-1364
-2033
-2680
-3178
-3430
-3415
-3289
-3175
-3052
-2880
-2689
-2483
-2300
-2132
-1968
-1872
-1796
-1647
-1353
-926
-462
2
518
1135
1836
2544
3175
3699
4094
4345
4467
4453
4302
3986
3471
2819
2111
1419
812
227
-305
-774
-1139
-1320
-1357
-1255
-1084
-916
-703
-502
-277
8
229
416
518
592
740
909
1118
1303
1480
1681
1873
2098
2305
2457
2554
2542
2438
2267
2042
1753
1368
883
374
-118
-574
-1015
-1463
-1884
-2256
-2561
-2804
-3018
-3185
-3320
-3449
-3559
-3633
-3660
-3627
-3615
-3648
-3675
-3677
-3618
-3547
-3501
-3460
-3421
-3304
-3048
-2613
-1955
-1133
-268
607
1448
2331
3254
4080
4694
5015
5108
5087
4910
4561
3994
3219
2360
1403
453
-410
-1159
-1765
-2324
-2805
-3107
-3187
-3072
-2915
-2803
-2691
-2544
-2346
-2152
-2000
-1870
-1764
-1683
-1572
-1360
-1012
-580
-142
306
825
1442
2109
2718
3208
3588
3844
3979
3977
3842
3586
3160
2584
1918
1245
629
58
-469
-922
-1252
-1435
-1480
-1407
-1227
-977
-695
-416
-148
120
387
592
733
809
889
997
1113
1235
1357
1507
1688
1885
2084
2258
2402
2492
2495
2416
2264
2038
1729
1314
814
296
-209
-689
-1149
-1596
-1982
-2293
-2524
-2693
-2827
-2915
-2978
-3033
-3070
-3087
-3082
-3066
-3088
-3128
-3190
-3216
-3210
-3204
-3206
-3213
-3204
-3145
-3038
-2823
-2452
-1931
-1246
-455
355
1190
1998
2775
3509
4091
4472
4624
4594
4455
4131
3660
3005
2244
1463
645
-123
-813
-1372
-1800
-2163
-2432
-2558
-2523
-2387
-2260
-2170
-2066
-1934
-1793
-1688
-1643
-1564
-1469
-1351
-1185
-954
-608
-172
292
780
1295
1859
2419
2896
3264
3509
3645
3660
3534
3281
2916
2451
1909
1325
743
206
-272
-636
-889
-1021
-1043
-1003
-866
-636
-344
-25
242
472
676
832
978
1068
1135
1192
1228
1296
1371
1497
1669
1831
1993
2121
2233
2348
2399
2366
2239
2025
1757
1400
990
531
40
-426
-879
-1305
-1666
-1966
-2193
-2383
-2536
-2633
-2694
-2715
-2744
-2790
-2830
-2863
-2905
-2950
-3012
-3091
-3159
-3215
-3250
-3272
-3278
-3255
-3190
-3041
-2731
-2261
-1601
-806
19
867
1667
2458
3235
3899
4372
4586
4585
4478
4218
3824
3236
2511
1755
942
168
-533
-1118
-1566
-1955
-2275
-2469
-2492
-2382
-2261
-2195
-2144
-2061
-1953
-1858
-1814
-1757
-1684
-1592
-1441
-1227
-883
-449
17
503
1018
1584
2167
2682
3089
3360
3516
3568
3479
3265
2937
2490
1970
1396
830
295
-165
-521
-799
-971
-1047
-1023
-877
-679
-433
-178
62
293
470
633
744
838
897
935
997
1076
1194
1328
1481
1660
1844
2024
2178
2290
2354
2342
2248
2069
1808
1486
1091
629
139
-349
-795
-1213
-1603
-1942
-2213
-2404
-2552
-2672
-2753
-2823
-2855
-2893
-2946
-2980
-3029
-3059
-3121
-3193
-3260
-3314
-3328
-3349
-3358
-3341
-3284
-3133
-2865
-2420
-1803
-997
-144
694
1504
2290
3125
3850
4367
4619
4658
4611
4397
4029
3464
2754
2006
1183
369
-381
-983
-1454
-1879
-2252
-2486
-2525
-2416
-2302
-2244
-2177
-2078
-1952
-1850
-1791
-1715
-1635
-1541
-1407
-1196
-856
-432
23
488
996
1562
2152
2676
3093
3389
3561
3629
3564
3371
3067
2629
2108
1538
965
436
-61
-462
-765
-952
-1015
-1003
-890
-697
-459
-182
53
284
501
658
798
864
929
999
1057
1149
1236
1370
1540
1733
1937
2107
2262
2383
2447
2442
2347
2177
1926
1589
1182
710
226
-252
-716
-1150
-1551
-1892
-2159
-2363
-2511
-2625
-2714
-2778
-2820
-2853
-2887
-2916
-2953
-2995
-3053
-3127
-3186
-3233
-3244
-3263
-3271
-3247
-3180
-3015
-2756
-2344
-1766
-993
-122
720
1523
2295
3091
3832
4364
4656
4714
4663
4467
4099
3568
2877
2145
1341
513
-250
-882
-1357
-1775
-2145
-2403
-2476
-2390
-2267
-2179
-2104
-1997
-1883
-1768
-1688
-1598
-1499
-1401
-1271
-1081
-764
-364
84
542
1031
1572
2127
2643
3065
3371
3556
3618
3564
3392
3108
2706
2211
1655
1088
558
105
-265
-552
-755
-862
-857
-731
-538
-320
-104
99
299
481
645
760
838
882
928
1008
1110
1252
1400
1560
1745
1944
2154
2326
2447
2498
2474
2372
2188
1932
1601
1198
724
221
-258
-694
-1101
-1487
-1836
-2114
-2303
-2441
-2554
-2654
-2729
-2786
-2836
-2890
-2942
-2981
-3027
-3102
-3186
-3250
-3273
-3277
-3279
-3281
-3255
-3161
-2999
-2735
-2337
-1781
-1027
-192
636
1425
2187
2976
3687
4230
4522
4603
4557
4371
4022
3498
2833
2111
1321
508
-261
-905
-1398
-1829
-2206
-2479
-2573
-2507
-2403
-2321
-2242
-2131
-1998
-1878
-1783
-1688
-1581
-1465
-1345
-1154
-848
-457
-32
403
875
1400
1949
2451
2861
3173
3367
3445
3406
3249
2991
2615
2146
1606
1048
529
53
-326
-628
-830
-935
-965
-882
-714
-500
-282
-80
139
331
508
648
728
816
890
977
1079
1193
1342
1506
1693
1874
2041
2200
2302
2343
2321
2211
2039
1787
1457
1062
613
149
-318
-760
-1168
-1554
-1888
-2173
-2389
-2547
-2682
-2802
-2899
-2965
-3015
-3057
-3099
-3136
-3169
-3211
-3268
-3309
-3328
-3309
-3310
-3295
-3264
-3158
-2995
-2738
-2343
-1773
-992
-147
675
1453
2216
3031
3759
4301
4572
4652
4620
4424
4056
3515
2845
2112
1288
436
-339
-965
-1453
-1902
-2300
-2558
-2614
-2519
-2399
-2307
-2205
-2074
-1926
-1802
-1700
-1583
-1479
-1380
-1269
-1072
-757
-368
54
482
956
1493
2047
2560
2982
3297
3500
3578
3538
3393
3129
2739
2250
1692
1133
612
108
-310
-619
-823
-906
-921
-843
-674
-458
-219
-25
179
396
569
723
789
865
962
1071
1195
1295
1450
1631
1836
2042
2200
2352
2461
2491
2451
2321
2134
1881
1533
1112
639
177
-276
-718
-1124
-1512
-1841
-2089
-2299
-2453
-2585
-2695
-2786
-2867
-2920
-2988
-3036
-3084
-3135
-3180
-3235
-3277
-3284
-3310
-3286
-3282
-3222
-3111
-2946
-2665
-2275
-1671
-888
-39
801
1552
2313
3102
3816
4343
4594
4650
4593
4388
4015
3459
2786
2056
1230
394
-383
-996
-1467
-1903
-2296
-2561
-2615
-2518
-2407
-2320
-2235
-2107
-1964
-1845
-1746
-1642
-1533
-1439
-1312
-1098
-781
-381
37
476
960
1496
2040
2543
2963
3277
3462
3530
3485
3328
3063
2653
2158
1618
1068
546
32
-405
-728
-930
-1020
-1042
-975
-824
-612
-371
-161
58
299
502
660
759
852
982
1101
1220
1320
1450
1620
1808
1991
2136
2258
2358
2383
2344
2235
2056
1817
1487
1075
616
155
-302
-750
-1185
-1582
-1927
-2194
-2414
-2582
-2708
-2795
-2863
-2908
-2947
-2983
-3014
-3034
-3075
-3103
-3149
-3200
-3226
-3253
-3255
-3252
-3203
-3108
-2924
-2603
-2140
-1457
-632
202
1022
1798
2594
3373
4029
4449
4626
4640
4526
4241
3800
3184
2476
1691
848
39
-659
-1212
-1671
-2083
-2393
-2548
-2514
-2399
-2289
-2181
-2076
-1953
-1832
-1729
-1639
-1552
-1498
-1422
-1272
-1012
-673
-295
120
591
1127
1689
2222
2706
3103
3381
3529
3558
3484
3291
2965
2493
1956
1408
877
348
-149
-547
-815
-961
-1027
-1017
-886
-682
-448
-236
-48
179
394
566
663
725
810
909
1029
1138
1257
1433
1619
1819
2015
2190
2349
2437
2441
2374
2241
2052
1762
1397
954
478
6
-463
-906
-1317
-1683
-1999
-2254
-2442
-2564
-2652
-2722
-2798
-2850
-2871
-2892
-2916
-2972
-3038
-3108
-3182
-3222
-3260
-3277
-3287
-3286
-3215
-3069
-2783
-2363
-1816
-1069
-245
612
1430
2206
2984
3682
4224
4524
4611
4567
4375
4015
3486
2807
2080
1294
492
-262
-900
-1398
-1820
-2170
-2404
-2486
-2424
-2329
-2240
-2147
-2040
-1920
-1824
-1750
-1679
-1601
-1527
-1405
-1194
-892
-523
-116
335
860
1418
1974
2471
2905
3253
3480
3573
3540
3399
3143
2754
2260
1726
1192
670
153
-331
-687
-886
-967
-972
-909
-761
-538
-281
-46
175
391
576
681
750
799
880
969
1037
1101
1208
1379
1583
1785
1978
2136
2283
2377
2386
2339
2205
1993
1682
1280
844
370
-107
-598
-1072
-1485
-1842
-2130
-2369
-2550
-2665
-2742
-2795
-2837
-2863
-2878
-2901
-2939
-2985
-3048
-3103
-3183
-3260
-3307
-3333
-3338
-3310
-3221
-3028
-2697
-2198
-1538
-709
164
1012
1817
2597
3380
4035
4470
4651
4643
4528
4231
3789
3173
2452
1679
852
55
-644
-1188
-1631
-2024
-2327
-2481
-2462
-2359
-2267
-2184
-2086
-1992
-1896
-1827
-1754
-1685
-1624
-1545
-1405
-1140
-784
-378
71
560
1111
1683
2241
2735
3139
3425
3566
3593
3499
3293
2955
2499
1972
1408
856
315
-173
-541
-812
-962
-1012
-976
-831
-639
-406
-198
9
219
381
517
594
642
704
760
841
935
1065
1237
1425
1652
1874
2089
2278
2392
2447
2427
2325
2145
1869
1519
1095
622
128
-371
-834
-1253
-1652
-1985
-2256
-2448
-2579
-2678
-2748
-2799
-2826
-2840
-2866
-2893
-2939
-2993
-3059
-3153
-3224
-3292
-3319
-3350
-3362
-3317
-3181
-2933
-2547
-2005
-1264
-405
471
1300
2091
2890
3645
4228
4566
4671
4639
4472
4128
3621
2957
2238
1448
632
-139
-785
-1273
-1702
-2073
-2333
-2424
-2366
-2269
-2190
-2120
-2029
-1930
-1848
-1785
-1721
-1650
-1588
-1487
-1297
-983
-593
-168
289
813
1389
1976
2504
2958
3317
3553
3656
3628
3488
3233
2839
2340
1791
1232
702
187
-294
-658
-874
-960
-955
-877
-721
-517
-269
-46
161
372
519
620
677
703
770
836
921
1006
1128
1308
1522
1764
1996
2198
2370
2474
2516
2481
2359
2159
1854
1470
1031
559
74
-416
-883
-1300
-1664
-1956
-2186
-2353
-2464
-2532
-2582
-2614
-2624
-2645
-2679
-2729
-2800
-2867
-2954
-3057
-3166
-3256
-3303
-3341
-3350
-3319
-3191
-2971
-2623
-2132
-1457
-600
279
1123
1877
2645
3411
4050
4449
4581
4562
4437
4151
3694
3069
2385
1649
856
77
-590
-1086
-1484
-1863
-2183
-2337
-2304
-2207
-2139
-2102
-2038
-1954
-1871
-1824
-1767
-1692
-1614
-1513
-1355
-1064
-675
-239
214
706
1257
1828
2368
2830
3188
3431
3543
3535
3410
3172
2836
2381
1852
1287
750
257
-172
-519
-780
-921
-939
-872
-724
-528
-314
-103
73
248
391
516
600
644
694
752
864
1009
1162
1344
1548
1784
2026
2237
2410
2512
2556
2513
2377
2174
1900
1565
1151
688
217
-237
-651
-1042
-1406
-1698
-1930
-2089
-2209
-2293
-2351
-2388
-2416
-2460
-2510
-2564
-2625
-2697
-2792
-2902
-3006
-3088
-3144
-3186
-3199
-3197
-3141
-3024
-2839
-2585
-2187
-1631
-881
-67
694
1409
2112
2850
3514
3968
4207
4256
4230
4034
3673
3182
2592
1956
1215
455
-234
-756
-1173
-1586
-1959
-2201
-2254
-2201
-2151
-2126
-2063
-1969
-1879
-1809
-1740
-1629
-1528
-1416
-1290
-1053
-706
-316
100
526
1003
1517
2013
2462
2825
3097
3246
3283
3220
3050
2787
2397
1936
1448
966
500
64
-340
-622
-770
-812
-779
-698
-548
-346
-117
92
274
458
596
687
741
785
876
963
1047
1126
1244
1422
1623
1830
1993
2128
2253
2313
2307
2230
2084
1871
1583
1223
823
416
5
-421
-831
-1201
-1503
-1729
-1926
-2084
-2196
-2270
-2322
-2356
-2386
-2424
-2474
-2536
-2612
-2681
-2743
-2822
-2926
-3005
-3056
-3064
-3058
-3045
-2991
-2884
-2729
-2509
-2139
-1593
-852
-72
643
1310
2012
2766
3430
3873
4096
4151
4135
3958
3613
3134
2563
1926
1182
426
-236
-734
-1145
-1574
-1958
-2182
-2204
-2132
-2083
-2063
-1993
-1882
-1781
-1706
-1632
-1516
-1407
-1318
-1210
-986
-645
-252
138
523
971
1476
1991
2426
2768
3017
3173
3225
3156
2988
2722
2368
1932
1434
952
505
92
-254
-504
-648
-668
-625
-539
-392
-187
31
226
392
541
652
739
770
809
876
948
1039
1130
1258
1435
1649
1848
2007
2149
2254
2307
2291
2191
2025
1800
1502
1132
720
305
-103
-505
-892
-1237
-1511
-1719
-1886
-2024
-2124
-2194
-2241
-2294
-2346
-2408
-2474
-2550
-2641
-2724
-2813
-2901
-2989
-3049
-3077
-3080
-3066
-3024
-2959
-2835
-2674
-2456
-2093
-1564
-838
-82
617
1266
1948
2692
3350
3789
4018
4089
4091
3928
3598
3135
2584
1967
1231
474
-186
-687
-1109
-1552
-1957
-2195
-2234
-2176
-2144
-2124
-2056
-1938
-1831
-1754
-1661
-1528
-1394
-1301
-1183
-947
-607
-216
164
543
983
1475
1973
2392
2728
2973
3122
3168
3106
2958
2720
2373
1923
1424
948
525
128
-239
-502
-637
-649
-610
-541
-399
-194
26
202
350
502
619
706
734
772
852
938
1030
1111
1239
1430
1644
1837
1984
2113
2221
2267
2238
2131
1956
1733
1421
1051
642
238
-160
-567
-954
-1283
-1543
-1742
-1925
-2069
-2170
-2233
-2284
-2342
-2403
-2455
-2508
-2591
-2682
-2752
-2809
-2882
-2945
-3010
-3026
-3009
-2979
-2932
-2854
-2734
-2590
-2393
-2061
-1535
-818
-57
622
1250
1936
2680
3367
3807
4045
4117
4117
3960
3634
3183
2625
2003
1253
478
-187
-682
-1111
-1568
-1977
-2218
-2240
-2174
-2126
-2100
-2012
-1884
-1762
-1668
-1563
-1408
-1286
-1196
-1090
-867
-509
-122
240
594
1017
1523
2010
2439
2757
3001
3147
3185
3128
2978
2747
2387
1915
1399
926
518
151
-199
-475
-617
-645
-581
-476
-332
-150
44
238
385
545
671
737
774
799
876
974
1084
1177
1289
1467
1668
1869
2032
2154
2237
2271
2227
2121
1957
1723
1408
1020
604
194
-186
-575
-960
-1299
-1569
-1762
-1917
-2035
-2123
-2190
-2247
-2306
-2348
-2398
-2438
-2510
-2599
-2692
-2757
-2795
-2846
-2895
-2926
-2940
-2890
-2837
-2749
-2652
-2539
-2396
-2146
-1690
-1036
-291
396
1002
1630
2360
3090
3631
3932
4039
4058
3965
3709
3316
2808
2214
1486
713
4
-522
-944
-1389
-1838
-2149
-2227
-2162
-2082
-2039
-1979
-1860
-1737
-1622
-1507
-1349
-1219
-1135
-1057
-883
-559
-173
182
513
888
1358
1862
2309
2658
2911
3083
3150
3114
2993
2782
2475
2048
1550
1065
634
282
-37
-320
-501
-571
-521
-407
-273
-107
71
263
419
566
690
771
820
840
891
975
1091
1199
1311
1459
1646
1852
2031
2163
2241
2282
2259
2171
2006
1778
1487
1122
716
295
-88
-460
-832
-1171
-1459
-1667
-1823
-1941
-2039
-2118
-2169
-2224
-2275
-2329
-2371
-2439
-2508
-2599
-2665
-2718
-2768
-2817
-2849
-2866
-2856
-2816
-2755
-2689
-2585
-2469
-2279
-1928
-1388
-663
57
719
1324
2012
2767
3417
3836
4021
4078
4055
3873
3530
3051
2491
1829
1059
297
-330
-792
-1200
-1649
-2034
-2211
-2181
-2086
-2027
-1972
-1869
-1736
-1617
-1513
-1376
-1240
-1144
-1095
-981
-714
-348
11
335
699
1145
1646
2118
2511
2818
3032
3147
3145
3058
2888
2615
2222
1735
1239
816
449
117
-188
-422
-523
-493
-395
-276
-135
42
218
377
526
651
747
791
810
851
939
1054
1174
1287
1420
1602
1811
2004
2149
2250
2292
2284
2212
2066
1870
1599
1263
865
460
81
-284
-653
-1012
-1316
-1553
-1724
-1859
-1963
-2045
-2114
-2170
-2227
-2278
-2316
-2372
-2443
-2529
-2608
-2671
-2733
-2798
-2843
-2875
-2883
-2880
-2846
-2786
-2705
-2613
-2491
-2229
-1745
-1065
-304
378
1018
1697
2468
3213
3727
4024
4132
4153
4028
3741
3312
2770
2143
1372
574
-127
-632
-1062
-1512
-1944
-2207
-2238
-2156
-2076
-2035
-1950
-1837
-1725
-1629
-1513
-1365
-1265
-1223
-1158
-940
-591
-210
131
482
920
1426
1936
2374
2732
2995
3144
3176
3113
2978
2741
2376
1891
1371
919
540
200
-131
-405
-562
-570
-480
-358
-225
-66
97
247
397
522
635
678
688
716
792
927
1054
1170
1299
1473
1700
1916
2088
2202
2259
2269
2212
2091
1908
1652
1325
931
515
127
-239
-601
-971
-1309
-1567
-1753
-1879
-1990
-2091
-2175
-2240
-2292
-2350
-2397
-2455
-2550
-2650
-2749
-2820
-2866
-2915
-2975
-3013
-3019
-2980
-2932
-2860
-2785
-2698
-2585
-2399
-2022
-1416
-670
52
670
1290
2018
2814
3451
3820
3978
4031
3995
3783
3409
2901
2327
1616
808
39
-545
-973
-1404
-1877
-2255
-2373
-2299
-2203
-2155
-2104
-1987
-1851
-1736
-1652
-1497
-1345
-1259
-1208
-1083
-778
-374
7
344
706
1189
1709
2188
2574
2849
3050
3134
3104
2985
2802
2502
2060
1515
1003
601
273
-58
-392
-621
-686
-608
-481
-351
-194
-9
163
318
464
604
704
732
730
770
889
1045
1153
1259
1392
1594
1826
2015
2147
2225
2259
2227
2122
1959
1741
1459
1088
658
248
-111
-463
-822
-1182
-1473
-1680
-1827
-1938
-2041
-2117
-2181
-2263
-2325
-2381
-2420
-2475
-2573
-2669
-2752
-2781
-2809
-2850
-2886
-2917
-2895
-2859
-2809
-2749
-2690
-2603
-2494
-2224
-1736
-1025
-275
389
995
1678
2482
3230
3732
3977
4068
4085
3952
3643
3187
2645
1995
1210
389
-282
-751
-1157
-1613
-2051
-2278
-2259
-2140
-2067
-2022
-1929
-1797
-1685
-1604
-1476
-1323
-1225
-1202
-1139
-902
-523
-129
197
543
988
1511
2022
2440
2787
3025
3152
3153
3068
2927
2682
2286
1754
1206
758
406
74
-257
-514
-634
-599
-488
-337
-170
17
195
327
480
623
740
767
750
759
837
967
1092
1197
1325
1507
1718
1927
2092
2211
2268
2245
2162
2024
1840
1580
1233
823
399
25
-328
-680
-1027
-1331
-1561
-1727
-1852
-1949
-2021
-2100
-2186
-2282
-2347
-2402
-2459
-2560
-2679
-2763
-2818
-2854
-2903
-2935
-2939
-2921
-2891
-2844
-2773
-2696
-2612
-2526
-2332
-1902
-1251
-493
181
788
1440
2208
3007
3572
3895
4028
4078
4007
3748
3340
2826
2223
1467
637
-102
-617
-1030
-1474
-1943
-2261
-2300
-2200
-2112
-2075
-1993
-1857
-1733
-1649
-1539
-1370
-1235
-1193
-1167
-987
-629
-223
116
435
856
1360
1889
2323
2682
2966
3126
3155
3083
2965
2767
2418
1906
1344
874
515
180
-169
-464
-633
-636
-547
-414
-255
-83
107
242
390
544
681
743
723
726
793
930
1061
1166
1278
1445
1656
1867
2037
2161
2231
2218
2144
2009
1832
1595
1259
850
418
38
-316
-658
-1008
-1324
-1564
-1739
-1873
-1970
-2049
-2124
-2214
-2314
-2390
-2434
-2482
-2585
-2706
-2802
-2850
-2884
-2934
-2962
-2973
-2943
-2900
-2864
-2776
-2710
-2598
-2502
-2266
-1778
-1072
-297
357
951
1629
2417
3184
3688
3946
4048
4064
3940
3631
3179
2657
2018
1229
394
-302
-761
-1162
-1606
-2059
-2307
-2286
-2169
-2088
-2044
-1938
-1799
-1689
-1615
-1486
-1304
-1172
-1141
-1103
-868
-467
-52
291
617
1069
1578
2083
2489
2820
3072
3188
3158
3042
2892
2660
2269
1716
1149
696
368
55
-275
-517
-640
-602
-501
-342
-135
77
267
377
510
665
801
844
799
774
840
969
1090
1193
1312
1487
1684
1879
2039
2173
2248
2211
2101
1934
1747
1489
1125
688
231
-162
-526
-880
-1220
-1513
-1734
-1910
-2040
-2121
-2168
-2221
-2316
-2418
-2483
-2512
-2556
-2659
-2772
-2872
-2930
-2964
-3011
-3033
-3040
-3030
-3001
-2964
-2847
-2726
-2537
-2244
-1721
-966
-167
548
1174
1862
2648
3345
3801
4007
4069
4045
3836
3451
2947
2385
1736
936
110
-562
-1004
-1371
-1802
-2187
-2378
-2346
-2238
-2179
-2113
-1995
-1876
-1794
-1724
-1594
-1408
-1284
-1227
-1117
-828
-400
15
403
802
1279
1785
2240
2627
2937
3139
3186
3091
2929
2728
2431
1998
1432
908
507
184
-92
-364
-520
-555
-506
-388
-251
-41
139
264
352
424
548
640
659
642
655
767
919
1066
1236
1413
1626
1830
1994
2149
2241
2272
2194
2022
1816
1562
1250
850
388
-46
-455
-819
-1152
-1445
-1677
-1875
-2024
-2138
-2203
-2231
-2292
-2381
-2475
-2540
-2588
-2667
-2755
-2853
-2936
-2998
-3070
-3096
-3081
-3038
-2988
-2933
-2833
-2649
-2349
-1840
-1146
-340
433
1101
1789
2554
3313
3861
4120
4188
4165
4008
3682
3182
2608
1967
1199
376
-365
-870
-1243
-1652
-2071
-2336
-2349
-2237
-2164
-2120
-2035
-1897
-1795
-1749
-1635
-1433
-1242
-1148
-1075
-810
-362
127
543
915
1391
1906
2388
2756
3043
3264
3334
3229
3017
2788
2516
2109
1529
963
532
243
-11
-282
-457
-510
-453
-350
-250
-69
108
227
282
315
427
544
592
587
583
711
902
1082
1267
1445
1672
1870
2020
2147
2219
2243
2133
1914
1667
1385
1073
662
173
-279
-677
-1022
-1338
-1637
-1855
-2033
-2180
-2298
-2390
-2413
-2460
-2547
-2647
-2733
-2753
-2808
-2907
-3012
-3091
-3110
-3143
-3159
-3128
-3043
-2917
-2782
-2545
-2051
-1282
-391
423
1114
1810
2618
3418
4018
4313
4385
4344
4155
3790
3277
2679
2020
1216
327
-462
-1004
-1343
-1713
-2129
-2428
-2484
-2349
-2231
-2176
-2097
-1995
-1892
-1841
-1752
-1550
-1337
-1202
-1106
-870
-396
156
657
1088
1549
2089
2587
2991
3287
3473
3533
3400
3129
2817
2472
2038
1460
860
383
58
-177
-406
-577
-622
-553
-444
-321
-182
-8
122
183
224
288
407
495
520
558
669
885
1123
1327
1532
1737
1951
2110
2197
2238
2196
2065
1815
1476
1116
725
292
-203
-699
-1110
-1455
-1747
-2017
-2242
-2391
-2501
-2589
-2656
-2695
-2715
-2760
-2846
-2931
-2986
-3036
-3118
-3228
-3318
-3357
-3358
-3309
-3228
-3048
-2731
-2209
-1415
-494
437
1256
2006
2834
3609
4215
4513
4543
4447
4166
3713
3107
2406
1690
841
-70
-873
-1441
-1764
-2097
-2438
-2638
-2651
-2491
-2372
-2286
-2159
-2045
-1962
-1973
-1915
-1713
-1503
-1343
-1226
-945
-420
171
736
1256
1809
2401
2895
3276
3558
3739
3770
3555
3185
2772
2340
1856
1252
640
161
-188
-426
-626
-735
-709
-631
-512
-410
-247
-40
99
168
184
243
355
443
510
578
724
946
1174
1407
1637
1865
2067
2176
2225
2222
2145
1968
1649
1264
848
415
-40
-536
-999
-1402
-1761
-2059
-2315
-2476
-2583
-2676
-2745
-2809
-2803
-2789
-2825
-2890
-2989
-3055
-3123
-3210
-3274
-3311
-3265
-3143
-2898
-2405
-1635
-678
288
1151
1993
2899
3790
4485
4856
4959
4890
4654
4227
3597
2858
2067
1166
212
-672
-1318
-1709
-2052
-2390
-2637
-2659
-2482
-2307
-2192
-2096
-1984
-1880
-1852
-1816
-1681
-1486
-1306
-1163
-906
-411
218
846
1411
1975
2588
3150
3593
3886
4054
4079
3880
3500
3025
2522
1995
1373
731
189
-212
-463
-666
-788
-774
-690
-556
-433
-278
-77
75
159
165
192
287
372
443
510
626
847
1085
1330
1565
1790
2003
2107
2134
2091
1975
1769
1416
969
488
12
-461
-969
-1460
-1892
-2244
-2522
-2745
-2892
-2984
-3038
-3086
-3113
-3105
-3102
-3135
-3242
-3372
-3467
-3521
-3531
-3467
-3251
-2757
-2004
-1098
-139
801
1782
2772
3675
4393
4836
5061
5047
4792
4326
3662
2910
2034
1034
7
-917
-1599
-2098
-2528
-2853
-3026
-2991
-2846
-2699
-2533
-2373
-2230
-2164
-2175
-2134
-2028
-1881
-1753
-1609
-1284
-775
-147
504
1151
1855
2550
3158
3644
3990
4217
4238
4016
3613
3102
2554
1960
1287
631
40
-434
-769
-1005
-1084
-1058
-964
-830
-689
-481
-258
-87
10
30
69
127
182
269
345
490
673
877
1126
1369
1619
1796
1866
1864
1772
1612
1342
937
479
-38
-546
-1050
-1552
-1989
-2374
-2683
-2923
-3107
-3181
-3205
-3213
-3224
-3234
-3213
-3204
-3229
-3279
-3250
-3040
-2593
-1949
-1244
-480
327
1231
2185
3066
3819
4350
4680
4815
4722
4491
4077
3484
2712
1765
835
-10
-723
-1346
-1942
-2389
-2683
-2795
-2762
-2682
-2526
-2381
-2278
-2182
-2086
-1905
-1732
-1619
-1504
-1345
-1009
-568
-74
475
1038
1656
2258
2814
3336
3745
4009
4054
3904
3643
3330
2955
2448
1835
1171
568
77
-323
-624
-854
-994
-1057
-1053
-928
-747
-559
-419
-358
-265
-148
7
150
232
329
437
597
786
958
1130
1229
1264
1243
1167
1077
892
611
239
-186
-562
-941
-1322
-1699
-2080
-2379
-2647
-2850
-2980
-3067
-3105
-3145
-3176
-3154
-3088
-2880
-2553
-2077
-1466
-849
-194
474
1205
1959
2591
3087
3407
3616
3720
3642
3449
3118
2667
2122
1451
822
252
-256
-732
-1226
-1606
-1869
-2025
-2111
-2192
-2204
-2190
-2169
-2116
-2038
-1874
-1693
-1529
-1322
-1045
-640
-184
278
759
1247
1753
2223
2636
2979
3217
3335
3344
3267
3138
2911
2549
2085
1589
1130
704
281
-114
-467
-731
-905
-1006
-1014
-972
-891
-795
-693
-532
-341
-140
25
142
271
406
531
637
691
716
691
624
545
429
294
106
-126
-353
-580
-778
-991
-1223
-1447
-1680
-1881
-2064
-2231
-2359
-2489
-2601
-2689
-2725
-2581
-2301
-1847
-1310
-773
-169
437
1106
1759
2282
2685
2915
3022
3033
2902
2710
2384
1973
1494
951
505
112
-211
-511
-834
-1048
-1202
-1281
-1321
-1399
-1443
-1513
-1584
-1611
-1616
-1539
-1448
-1340
-1164
-916
-533
-89
365
837
1300
1776
2215
2609
2942
3169
3275
3215
3051
2807
2499
2133
1665
1170
693
270
-67
-371
-584
-745
-838
-852
-834
-730
-610
-488
-386
-318
-211
-98
-4
76
111
163
204
239
275
274
272
223
142
51
-49
-146
-283
-457
-653
-836
-1021
-1208
-1406
-1612
-1780
-1944
-2076
-2184
-2256
-2247
-2149
-1919
-1545
-1079
-560
-43
473
1004
1506
1948
2250
2433
2501
2459
2333
2126
1860
1534
1158
762
402
108
-117
-317
-503
-660
-773
-844
-889
-931
-990
-1052
-1127
-1183
-1197
-1151
-1065
-946
-786
-568
-254
130
543
962
1356
1744
2126
2485
2785
2951
2956
2844
2649
2423
2135
1769
1353
910
516
187
-71
-252
-392
-489
-551
-559
-484
-384
-291
-245
-235
-219
-204
-176
-170
-201
-241
-296
-334
-345
-343
-340
-367
-405
-433
-433
-418
-437
-502
-599
-719
-832
-956
-1093
-1232
-1401
-1559
-1705
-1789
-1757
-1616
-1364
-1033
-672
-249
198
665
1108
1444
1702
1844
1883
1835
1683
1482
1225
904
572
228
-39
-231
-391
-493
-584
-612
-596
-578
-544
-543
-556
-591
-665
-726
-779
-798
-796
-789
-708
-563
-331
-36
273
630
1019
1420
1799
2089
2282
2363
2334
2224
2011
1738
1413
1038
678
335
64
-141
-300
-393
-444
-427
-360
-279
-196
-134
-101
-103
-137
-192
-266
-360
-467
-582
-674
-733
-768
-777
-783
-775
-739
-693
-635
-595
-584
-589
-636
-704
-799
-914
-1022
-1179
-1319
-1452
-1550
-1561
-1511
-1337
-1082
-760
-396
-26
379
769
1106
1363
1505
1573
1543
1423
1238
988
733
443
144
-116
-323
-439
-514
-562
-574
-553
-495
-450
-422
-407
-422
-451
-498
-561
-585
-579
-550
-493
-384
-191
97
436
797
1179
1519
1831
2049
2170
2224
2154
2007
1749
1423
1108
775
487
201
-55
-210
-326
-340
-322
-282
-195
-154
-96
-81
-91
-105
-195
-305
-442
-581
-671
-771
-834
-882
-908
-870
-836
-746
-656
-564
-479
-436
-401
-397
-410
-459
-557
-670
-795
-904
-999
-1071
-1090
-1039
-892
-686
-431
-145
148
454
731
963
1123
1203
1219
1140
994
802
581
369
139
-74
-248
-371
-413
-429
-404
-348
-283
-204
-148
-108
-80
-81
-101
-150
-199
-225
-231
-200
-138
-21
156
424
754
1090
1405
1623
1781
1884
1912
1876
1721
1476
1179
860
578
306
77
-98
-254
-326
-340
-278
-158
-60
31
64
87
90
45
-28
-165
-323
-483
-641
-757
-846
-897
-923
-936
-891
-799
-674
-550
-461
-404
-366
-339
-356
-399
-477
-588
-696
-808
-883
-907
-863
-739
-581
-362
-118
146
439
688
902
1048
1104
1102
1020
889
710
481
253
14
-186
-342
-453
-492
-497
-451
-381
-289
-172
-69
11
58
72
72
53
38
25
29
63
143
281
468
697
913
1117
1293
1424
1519
1537
1498
1393
1225
1036
799
559
334
115
-53
-190
-274
-294
-284
-233
-190
-140
-97
-83
-81
-126
-198
-291
-403
-511
-636
-728
-799
-851
-854
-835
-763
-660
-559
-440
-349
-260
-190
-165
-148
-181
-229
-291
-377
-440
-497
-513
-479
-410
-279
-130
45
232
395
565
688
776
814
785
722
605
467
320
171
42
-69
-147
-176
-166
-104
-22
75
175
264
351
413
462
488
492
479
458
449
456
487
528
575
613
661
710
759
787
788
751
690
610
510
417
311
212
111
30
-23
-52
-56
-58
-65
-79
-94
-117
-158
-216
-299
-397
-498
-604
-693
-761
-820
-852
-868
-855
-803
-735
-657
-584
-521
-462
-422
-388
-374
-368
-372
-386
-395
-393
-356
-291
-200
-76
58
201
352
495
634
737
811
835
811
760
669
561
439
299
174
60
-16
-57
-71
-52
-18
38
103
175
255
324
387
434
463
484
493
503
517
524
539
553
576
605
638
666
683
692
687
670
644
608
559
495
424
345
264
188
111
29
-57
-138
-225
-304
-376
-453
-522
-594
-653
-693
-723
-738
-734
-721
-690
-651
-600
-540
-485
-435
-401
-376
-348
-325
-305
-278
-264
-245
-219
-187
-137
-90
-23
37
103
174
234
294
341
376
399
393
382
356
313
271
213
159
108
68
42
29
28
42
59
87
119
155
197
232
267
298
332
361
392
426
455
480
504
529
551
568
576
577
573
561
540
512
477
434
377
320
259
194
126
54
-20
-102
-189
-272
-349
-420
-481
-535
-581
-616
-630
-635
-617
-594
-568
-521
-479
-433
-390
-350
-316
-294
-280
-270
-262
-249
-247
-235
-213
-199
-166
-136
-100
-58
-26
17
45
78
113
129
143
147
151
158
155
158
151
142
145
138
139
141
138
143
138
140
136
135
147
145
155
165
175
199
216
248
281
308
345
373
399
427
436
443
442
429
419
397
374
347
319
298
271
248
225
198
166
122
69
14
-52
-126
-208
-286
-362
-437
-496
-541
-567
-581
-581
-561
-530
-487
-436
-388
-338
-301
-267
-242
-227
-217
-215
-215
-216
-213
-208
-195
-171
-141
-112
-75
-46
-10
16
37
55
60
71
65
63
60
54
57
53
53
65
70
85
94
107
121
128
137
140
145
152
148
155
152
155
163
171
190
202
218
239
260
281
301
316
327
332
331
323
311
295
272
256
232
214
200
181
176
160
151
141
109
78
28
-17
-63
-131
-186
-247
-301
-335
-381
-391
-393
-381
-354
-337
-301
-269
-232
-189
-169
-147
-141
-140
-131
-144
-144
-147
-152
-140
-143
-127
-98
-69
-39
-17
-1
23
36
46
57
53
55
39
37
36
36
50
54
61
77
88
104
120
131
142
146
152
150
145
149
145
143
139
137
149
156
166
177
186
202
211
219
236
237
243
240
235
234
220
213
200
185
177
163
150
137
120
106
86
60
37
2
-25
-63
-98
-126
-158
-185
-206
-225
-236
-239
-243
-230
-228
-217
-205
-198
-177
-165
-155
-142
-136
-125
-113
-109
-95
-90
-81
-69
-67
-52
-45
-36
-27
-28
-19
-18
-14
-14
-14
-6
-4
3
11
13
18
26
32
43
43
51
51
51
55
50
51
48
48
53
63
66
79
87
99
111
124
134
137
148
149
153
154
152
150
146
142
134
125
142
171
211
265
285
300
300
285
270
234
185
136
74
19
-46
-98
-123
-149
-155
-153
-142
-112
-92
-56
-32
-11
6
4
-8
-28
-46
-57
-76
-84
-98
-103
-101
-94
-81
-63
-42
-33
-21
-25
-28
-25
-37
-48
-65
-81
-88
-96
-95
-87
-74
-49
-31
-10
13
28
51
56
62
71
69
70
67
64
68
72
78
82
83
97
104
107
110
110
110
108
104
93
86
80
71
63
59
51
55
53
51
56
56
61
61
63
62
61
62
65
63
65
64
63
62
59
64
59
55
51
42
36
30
16
2
-8
-20
-31
-43
-50
-56
-61
-63
-60
-56
-52
-49
-43
-40
-36
-34
-36
-34
-36
-35
-28
-31
-30
-29
-29
-23
-21
-17
-10
-8
-2
-2
-3
2
3
4
1
-1
-1
-7
-6
-4
2
9
16
24
34
41
48
62
66
74
76
80
85
81
82
81
81
85
80
85
83
85
93
87
90
89
87
91
86
83
80
78
80
77
72
68
61
56
50
46
41
37
36
31
34
30
32
32
33
40
39
41
41
43
41
35
29
21
18
8
-2
-7
-11
-17
-17
-15
-11
-8
-6
-2
-5
-4
-10
-13
-25
-28
-36
-42
-46
-57
-54
-51
-47
-40
-33
-24
-19
-15
-13
-10
-7
-4
-7
-12
-23
-23
-29
-30
-28
-27
-20
-20
-10
5
17
29
36
38
33
28
22
18
14
11
4
0
-6
-6
-1
0
1
2
7
7
7
10
11
12
13
12
1
-2
-7
-6
-2
-4
2
2
-3
-5
-9
-8
-10
-15
-16
-23
-23
-25
-28
-24
-23
-23
-26
-19
-18
-13
-7
-2
1
-1
0
-8
-11
-14
-21
-23
-31
-34
-43
-47
-48
-46
-43
-39
-31
-27
-28
-24
-13
-11
-3
1
-3
3
2
1
6
7
13
19
20
25
34
31
37
38
39
39
38
40
38
32
27
20
19
21
21
22
24
29
28
25
23
21
18
16
19
25
28
35
40
42
48
52
56
62
67
70
71
70
67
61
54
53
47
42
36
29
22
13
11
10
10
9
11
20
26
31
32
33
32
28
25
25
26
27
25
26
25
22
17
16
14
19
16
13
16
14
16
17
16
13
14
9
1
-2
-4
-6
-5
-6
-7
-7
-1
6
10
13
14
17
18
13
9
10
9
6
3
1
-5
-8
-8
-8
-6
-1
0
0
3
3
1
1
-2
-5
-7
-11
-11
-12
-9
-6
-4
-1
5
12
19
26
36
37
36
35
29
23
16
9
4
-1
-1
0
-1
-3
-1
2
1
1
-2
-2
0
-6
-9
-10
-11
-8
-11
-7
-5
-3
0
0
8
10
13
14
16
17
17
16
14
16
10
9
3
-1
-4
-6
-10
-12
-15
-17
-23
-26
-34
-35
-36
-38
-36
-36
-31
-23
-16
-13
-9
-7
-1
-2
-5
-9
-15
-14
-16
-23
-25
-26
-26
-26
-23
-13
-12
-12
-10
-10
-11
-16
-21
-25
-34
-43
-48
-55
-60
-61
-59
-58
-51
-45
-35
-29
-20
-12
-9
-3
-2
3
0
-6
-7
-10
-20
-21
-23
-31
-35
-40
-47
-51
-56
-58
-61
-61
-58
-60
-57
-49
-45
-35
-29
-26
-27
-21
-16
-15
-12
-12
-15
-18
-18
-17
-13
-7
-1
1
5
6
8
13
9
12
9
6
3
0
-3
-4
-5
-7
-7
-3
-2
-1
2
7
11
13
19
20
24
25
27
28
30
29
28
27
31
33
36
39
39
39
37
36
32
30
28
26
22
19
15
11
14
14
17
21
23
26
30
31
31
32
27
24
23
19
15
16
16
11
11
8
10
12
11
17
15
15
17
13
10
11
13
11
12
10
10
11
14
16
18
17
21
26
27
30
29
34
37
37
38
39
42
40
40
43
38
34
36
31
30
28
29
30
33
35
38
43
43
47
50
54
57
58
55
56
58
53
51
51
50
49
45
44
44
43
46
49
47
47
48
48
43
42
35
32
30
25
24
19
22
20
23
28
27
32
39
38
40
41
39
36
38
38
34
33
30
29
26
24
24
25
30
26
26
25
21
18
21
24
21
22
26
28
34
35
38
39
41
43
44
47
48
47
51
47
46
44
41
45
45
48
49
52
56
53
51
52
49
46
44
39
35
27
22
23
23
28
29
35
39
47
51
50
54
56
54
55
55
52
50
50
44
43
43
37
42
41
37
37
39
37
39
35
35
35
32
25
20
19
15
10
8
9
12
11
12
16
23
28
29
33
36
42
43
43
43
44
42
42
42
41
40
35
32
32
30
21
19
16
14
13
11
9
11
7
7
4
7
4
-1
4
-1
2
2
4
12
13
12
13
17
19
20
19
21
21
19
16
12
7
2
1
-5
-14
-17
-21
-25
-24
-24
-29
-29
-25
-25
-26
-26
-25
-26
-27
-25
-22
-23
-24
-22
-23
-21
-20
-21
-21
-18
-18
-21
-16
-17
-17
-20
-22
-20
-19
-22
-21
-25
-26
-25
-29
-30
-26
-26
-25
-21
-25
-22
-19
-18
-15
-13
-10
-9
-6
-4
-2
-3
1
2
3
3
3
5
2
1
-1
2
1
-1
-2
3
4
3
4
2
3
2
3
6
8
7
7
8
15
12
13
10
10
11
6
7
7
7
4
5
6
3
3
5
8
9
7
6
10
6
2
5
2
3
4
3
3
-3
0
-2
-7
-4
-3
-4
-4
-6
-5
-3
-1
1
0
0
2
-2
1
-2
-2
2
0
3
-2
5
2
5
6
4
8
7
8
11
15
14
18
19
19
21
21
25
23
24
25
25
20
22
25
25
25
26
28
26
27
23
26
27
29
29
29
30
30
31
30
33
34
35
33
35
33
32
32
34
39
37
37
37
35
33
35
35
32
34
36
35
35
33
32
36
32
30
30
28
24
23
22
19
16
13
12
9
9
6
4
7
7
8
9
11
11
10
12
14
17
14
16
20
16
16
16
17
22
23
23
25
27
28
26
23
23
26
23
20
22
19
18
16
16
17
16
17
18
19
19
18
19
22
25
26
29
28
30
33
31
30
31
27
27
25
23
20
18
18
21
21
23
22
24
25
24
21
22
24
19
20
21
22
21
24
23
22
22
21
25
23
25
30
30
30
30
29
30
27
24
22
21
18
16
15
15
14
12
12
11
9
9
11
13
11
8
11
9
8
9
12
13
12
14
15
17
20
24
24
24
25
25
23
26
25
23
23
22
24
19
19
22
18
15
14
11
13
12
15
12
9
11
8
10
3
7
6
5
9
8
10
13
14
13
14
18
17
19
21
17
17
20
21
21
20
20
19
16
15
15
16
13
11
9
11
12
11
9
10
9
9
10
11
14
13
11
13
17
16
18
23
24
24
28
29
29
28
26
28
27
28
28
28
27
27
24
21
22
22
20
18
16
18
18
19
17
19
18
20
19
16
18
18
23
22
24
26
26
27
25
24
28
26
25
27
26
26
28
23
24
26
24
21
19
19
20
16
14
17
14
13
15
14
12
12
13
12
12
16
11
12
10
13
13
10
12
15
11
11
12
8
8
7
8
7
8
8
6
7
8
8
8
9
8
8
10
9
6
9
8
8
7
6
6
6
3
5
5
4
4
5
6
4
3
7
2
4
3
2
4
2
5
2
3
3
4
-1
1
-1
-2
-1
-2
-3
-5
-4
-7
-8
-5
-8
-10
-12
-14
-12
-13
-13
-15
-16
-13
-13
-12
-11
-9
-9
-9
-6
-9
-9
-6
-9
-6
-8
-10
-6
-8
-7
-3
-4
-4
-5
-6
-9
-7
-7
-9
-11
-10
-13
-15
-17
-15
-16
-12
-10
-10
-13
-12
-9
-10
-8
-9
-7
-7
-4
-4
-3
-2
-2
-2
-2
1
2
1
0
0
-1
-1
2
1
-2
-1
-2
-5
-5
-8
-7
-7
-7
-5
-5
-2
-6
-9
-7
-8
-3
-3
-3
-3
-6
-5
-4
-3
-4
-4
-3
-4
-3
-3
0
3
1
4
7
5
4
7
7
6
7
9
9
6
4
3
5
1
5
4
3
5
5
6
6
8
3
2
0
0
2
1
1
4
5
0
-1
0
1
0
2
4
1
4
4
3
5
5
5
5
5
6
5
2
2
3
5
4
1
-1
3
1
-2
0
2
-2
-3
1
3
2
3
2
-2
-2
-3
-4
0
2
5
6
4
6
3
4
6
6
6
5
8
8
8
8
8
8
4
6
4
-1
1
3
0
1
2
0
2
4
8
9
10
10
11
11
8
9
8
8
11
7
9
8
7
8
4
5
3
4
4
3
8
7
5
7
8
5
6
4
7
9
4
4
4
5
4
1
3
0
3
6
6
6
7
8
8
7
9
7
11
11
9
9
9
4
3
5
4
6
3
2
0
-2
-1
-1
-7
-5
-7
-8
-6
-9
-12
-13
-10
-10
-9
-10
-9
-5
-5
-4
-3
-2
2
4
5
7
9
12
12
12
9
10
9
9
9
6
4
4
1
-2
-7
-6
-6
-11
-11
-14
-16
-14
-16
-17
-14
-14
-11
-13
-11
-6
-4
2
2
3
6
8
6
13
12
12
13
13
13
12
10
5
2
3
1
-7
-6
-4
-9
-9
-8
-7
-12
-13
-10
-12
-13
-11
-9
-6
-6
-5
-2
0
1
5
5
8
3
3
9
6
6
7
5
5
2
1
0
-1
-2
-5
-3
-5
-8
-7
-6
-8
-8
-10
-9
-12
-12
-8
-5
-7
-6
-7
-4
-3
-1
-2
-1
-1
-4
-1
-4
0
2
3
3
2
0
-2
-2
0
-4
-3
-2
-6
-4
-6
-5
-9
-8
-7
-6
-5
-6
-1
-4
-2
0
1
2
0
0
2
3
2
4
4
0
3
6
2
7
7
4
5
2
1
2
1
1
-1
1
-8
-9
-7
-11
-7
-7
-11
-7
-5
-6
-3
-5
-1
-4
1
0
-4
-3
-5
-1
-5
-5
-1
-5
-5
-4
-6
-6
-9
-8
-8
-7
-5
-7
-6
-10
-12
-12
-13
-13
-13
-13
-10
-8
-10
-8
-10
-16
-10
-9
-10
-11
-10
-8
-6
-8
-9
-10
-8
-6
-9
-7
-11
-10
-10
-13
-12
-11
-10
-10
-8
-8
-8
-6
-7
-6
-5
-4
-2
-6
-6
-7
-6
-7
-6
-8
-7
-6
-8
-7
-6
-7
-7
-10
-10
-8
-7
-5
-6
-5
-5
-3
-3
-3
-2
-3
-3
1
-3
0
-1
0
2
3
0
-4
1
-2
-3
-3
-3
-3
-4
-2
-6
-6
-8
-7
-5
-7
-6
-4
-6
-6
-7
-7
-5
-4
-2
-4
-4
-1
1
-2
-1
0
1
-1
-2
0
-2
-1
-4
-5
-3
-4
-3
0
0
-1
6
4
1
4
-1
-2
-2
-1
-1
-1
0
-2
-1
-1
-3
-1
-2
-4
-1
-3
-3
-1
-3
-3
-3
-2
-3
-3
-3
-4
-5
-5
-6
-3
-4
-2
-2
-5
-3
-3
-6
-4
-5
-6
-7
-5
-5
-8
-9
-12
-11
-12
-9
-9
-12
-9
-11
-14
-14
-9
-12
-13
-10
-13
-14
-12
-9
-11
-11
-11
-13
-15
-15
-18
-17
-15
-17
-16
-19
-19
-17
-14
-17
-15
-14
-19
-17
-16
-14
-14
-11
-8
-10
-7
-7
-7
-8
-8
-8
-9
-6
-6
-9
-8
-6
-4
-9
-11
-9
-10
-9
-9
-11
-7
-11
-15
-11
-11
-15
-14
-13
-15
-16
-12
-11
-10
-12
-16
-10
-11
-13
-10
-9
-8
-9
-6
-10
-9
-11
-9
-9
-10
-9
-11
-10
-13
-15
-12
-11
-13
-15
-17
-18
-18
-18
-20
-21
-21
-19
-16
-22
-21
-19
-20
-16
-17
-15
-13
-12
-11
-10
-9
-7
-5
-7
-7
-5
-6
-8
-6
-9
-6
-5
-5
-4
-3
-7
-8
-11
-11
-11
-8
-8
-11
-8
-11
-11
-11
-11
-10
-12
-11
-9
-10
-9
-7
-7
-7
-5
-6
-6
-4
-6
-6
-5
-4
-5
-7
-7
-1
-3
-7
-7
-6
-9
-9
-8
-11
-10
-12
-9
-8
-9
-8
-7
-10
-11
-10
-13
-12
-12
-13
-11
-12
-9
-9
-9
-8
-9
-8
-8
-6
-7
-5
-5
-5
-7
-5
-5
-8
-10
-9
-10
-14
-13
-12
-12
-13
-7
-10
-12
-10
-9
-10
-9
-8
-6
-5
-4
-3
-7
-7
-6
-6
-7
-4
-7
-6
-6
-7
-6
-7
-9
-11
-10
-12
-12
-9
-7
-8
-9
-12
-13
-14
-16
-14
-18
-14
-11
-10
-10
-10
-10
-11
-12
-11
-8
-8
-8
-9
-6
-5
-6
-6
-9
-12
-12
-12
-13
-11
-12
-11
-13
-16
-13
-17
-19
-16
-17
-19
-20
-14
-14
-13
-11
-14
-14
-11
-10
-8
-8
-10
-8
-11
-9
-9
-7
-6
-9
-10
-10
-8
-7
-10
-7
-13
-11
-9
-12
-12
-12
-6
-10
-9
-10
-11
-9
-12
-12
-16
-13
-11
-10
-11
-14
-14
-15
-14
-14
-16
-16
-17
-14
-18
-19
-20
-19
-19
-17
-18
-17
-18
-18
-20
-21
-18
-17
-16
-15
-16
-20
-21
-21
-20
-21
-21
-19
-22
-22
-23
-23
-22
-22
-21
-23
-23
-24
-27
-25
-25
-27
-27
-24
-25
-25
-21
-23
-21
-18
-21
-17
-18
-18
-14
-14
-14
-14
-16
-16
-16
-19
-18
-20
-23
-19
-18
-19
-19
-23
-24
-22
-24
-22
-19
-19
-19
-18
-17
-20
-19
-21
-21
-23
-20
-21
-20
-21
-24
-21
-26
-28
-24
-26
-25
-24
-25
-27
-26
-22
-23
-24
-24
-22
-21
-19
-21
-23
-18
-21
-17
-22
-21
-19
-24
-24
-20
-21
-23
-25
-24
-24
-23
-21
-22
-20
-20
-24
-23
-21
-22
-19
-23
-24
-22
-22
-20
-24
-21
-19
-22
-17
-22
-22
-23
-22
-18
-20
-20
-19
-17
-18
-17
-20
-18
-17
-20
-18
-19
-17
-18
-17
-15
-13
-12
-16
-17
-16
-16
-17
-19
-19
-16
-15
-14
-13
-14
-12
-14
-14
-12
-14
-16
-15
-14
-15
-14
-11
-13
-14
-13
-17
-14
-15
-16
-12
-13
-12
-10
-13
-15
-10
-9
-10
-8
-5
-9
-10
-10
-9
-9
-9
-9
-11
-9
-12
-10
-10
-13
-13
-13
-14
-13
-10
-14
-12
-14
-13
-11
-15
-9
-14
-14
-14
-14
-10
-8
-9
-9
-8
-9
-8
-9
-7
-5
-7
-8
-6
-4
-5
-2
0
-1
-3
-5
-5
-3
-5
-8
-6
-7
-12
-12
-10
-10
-12
-14
-16
-17
-17
-18
-17
-16
-14
-16
-15
-12
-14
-9
-10
-9
-9
-10
-10
-10
-7
-7
-9
-10
-7
-9
-9
-10
-9
-10
-17
-16
-15
-19
-18
-18
-19
-16
-16
-18
-18
-19
-21
-21
-20
-17
-16
-17
-19
-19
-21
-17
-15
-15
-13
-14
-12
-17
-15
-17
-21
-16
-17
-16
-11
-13
-12
-12
-12
-13
-17
-15
-18
-16
-14
-16
-16
-18
-13
-17
-17
-15
-18
-18
-13
-14
-11
-12
-10
-11
-12
-10
-11
-10
-8
-8
-12
-11
-12
-13
-12
-14
-13
-12
-13
-12
-11
-14
-15
-13
-16
-16
-12
-12
-12
-11
-9
-10
-10
-12
-10
-7
-8
-8
-7
-5
-6
-9
-9
-8
-8
-9
-6
-7
-7
-9
-10
-12
-14
-14
-14
-17
-16
-18
-16
-17
-23
-19
-21
-23
-21
-21
-22
-18
-12
-16
-14
-17
-9
-8
-12
-9
-9
-4
-6
-7
-7
-8
-10
-11
-12
-10
-11
-14
-14
-16
-16
-19
-20
-19
-17
-17
-18
-18
-18
-18
-17
-18
-19
-19
-18
-17
-16
-15
-15
-17
-16
-16
-18
-18
-16
-18
-17
-18
-14
-11
-18
-19
-17
-18
-20
-21
-18
-19
-18
-21
-21
-19
-22
-23
-20
-23
-25
-21
-24
-25
-26
-26
-23
-22
-22
-25
-24
-25
-25
-20
-22
-21
-20
-20
-20
-15
-16
-16
-18
-18
-16
-16
-15
-16
-17
-17
-13
-15
-17
-15
-15
-13
-14
-12
-11
-15
-11
-14
-13
-13
-17
-15
-18
-19
-18
-12
-12
-15
-11
-11
-11
-10
-13
-11
-11
-9
-8
-9
-10
-10
-13
-12
-12
-12
-11
-15
-14
-16
-12
-15
-15
-17
-15
-16
-16
-15
-11
-11
-17
-14
-10
-12
-14
-12
-14
-16
-15
-16
-16
-19
-19
-19
-22
-20
-19
-18
-18
-20
-20
-21
-22
-22
-19
-23
-21
-24
-21
-21
-22
-22
-23
-23
-25
-22
-24
-21
-20
-22
-19
-18
-23
-21
-18
-20
-21
-26
-20
-22
-23
-22
-22
-19
-19
-20
-22
-24
-21
-23
-24
-26
-23
-19
-19
-21
-23
-19
-23
-23
-21
-25
-26
-27
-27
-27
-26
-23
-25
-26
-26
-25
-29
-27
-29
-26
-27
-29
-26
-25
-25
-24
-23
-27
-24
-25
-24
-24
-26
-24
-28
-25
-26
-25
-25
-26
-26
-30
-31
-31
-28
-31
-28
-29
-31
-31
-33
-30
-34
-31
-30
-29
-29
-32
-32
-33
-33
-30
-28
-33
-28
-31
-33
-31
-33
-30
-30
-29
-29
-28
-33
-32
-30
-33
-33
-34
-32
-34
-32
-32
-34
-35
-37
-34
-34
-39
-36
-34
-35
-38
-36
-37
-38
-38
-41
-39
-41
-39
-35
-35
-34
-35
-35
-36
-33
-34
-31
-35
-30
-28
-33
-30
-29
-30
-30
-31
-34
-28
-30
-29
-33
-31
-32
-33
-30
-33
-35
-33
-35
-35
-35
-37
-36
-37
-38
-39
-37
-35
-33
-31
-31
-34
-31
-30
-31
-29
-26
-26
-31
-29
-26
-26
-26
-26
-28
-28
-28
-30
-29
-30
-30
-28
-30
-27
-25
-26
-26
-26
-26
-28
-29
-31
-30
-28
-26
-24
-27
-26
-26
-24
-25
-26
-25
-22
-22
-25
-24
-24
-22
-23
-23
-25
-27
-27
-27
-27
-25
-28
-27
-26
-27
-26
-25
-24
-26
-24
-27
-24
-20
-23
-20
-23
-26
-25
-24
-26
-29
-28
-25
-27
-26
-24
-25
-25
-25
-26
-25
-28
-30
-28
-27
-27
-26
-27
-27
-28
-29
-29
-26
-24
-23
-25
-24
-20
-21
-17
-17
-20
-19
-17
-19
-15
-11
-14
-15
-18
-22
-21
-20
-22
-20
-22
-22
-23
-27
-26
-26
-27
-29
-27
-27
-28
-27
-26
-27
-27
-23
-25
-23
-19
-21
-18
-20
-21
-22
-21
-19
-18
-15
-15
-15
-12
-15
-13
-16
-12
-15
-17
-14
-15
-15
-14
-14
-14
-13
-16
-14
-18
-21
-22
-18
-17
-16
-17
-20
-21
-18
-16
-14
-11
-15
-13
-12
-13
-17
-16
-16
-18
-16
-15
-16
-16
-12
-14
-18
-17
-17
-14
-17
-17
-13
-16
-14
-14
-13
-15
-16
-16
-14
-15
-16
-13
-13
-10
-14
-14
-17
-16
-18
-17
-16
-17
-16
-15
-15
-16
-16
-17
-16
-14
-15
-15
-18
-19
-21
-16
-16
-19
-16
-19
-16
-18
-20
-16
-16
-19
-19
-19
-20
-18
-18
-17
-18
-17
-17
-18
-20
-19
-18
-22
-19
-22
-22
-19
-23
-26
-26
-27
-26
-26
-25
-28
-29
-29
-30
-25
-29
-26
-26
-27
-24
-24
-22
-23
-21
-22
-19
-20
-24
-22
-20
-17
-18
-18
-18
-21
-19
-20
-21
-20
-19
-20
-21
-22
-22
-20
-20
-20
-19
-20
-25
-25
-23
-23
-26
-23
-24
-23
-24
-20
-22
-26
-22
-27
-24
-24
-22
-23
-25
-29
-24
-23
-28
-26
-25
-24
-26
-29
-23
-27
-28
-24
-23
-23
-25
-23
-25
-25
-22
-21
-25
-25
-24
-26
-27
-27
-25
-24
-25
-23
-23
-23
-24
-23
-21
-19
-21
-23
-21
-19
-21
-21
-23
-23
-22
-23
-21
-22
-17
-17
-18
-18
-17
-17
-17
-19
-20
-15
-18
-20
-17
-16
-18
-21
-18
-19
-19
-18
-21
-21
-20
-22
-18
-21
-22
-22
-22
-20
-23
-23
-23
-24
-23
-22
-21
-21
-19
-19
-20
-23
-21
-19
-19
-16
-15
-16
-16
-14
-16
-17
-15
-10
-9
-13
-12
-14
-15
-17
-15
-18
-17
-18
-17
-19
-23
-20
-21
-18
-15
-18
-20
-19
-15
-17
-16
-16
-16
-17
-14
-9
-11
-10
-10
-7
-9
-11
-11
-11
-10
-10
-9
-9
-8
-8
-10
-13
-9
-14
-12
-10
-12
-14
-12
-9
-9
-11
-14
-13
-13
-11
-10
-9
-10
-8
-11
-11
-10
-10
-11
-8
-8
-10
-8
-11
-10
-10
-10
-9
-9
-8
-10
-11
-10
-8
-6
-11
-8
-8
-10
-9
-11
-11
-8
-10
-8
-13
-14
-12
-13
-13
-9
-8
-10
-9
-9
-10
-11
-12
-12
-15
-13
-12
-13
-13
-16
-14
-15
-15
-17
-18
-19
-18
-20
-22
-20
-17
-21
-23
-21
-21
-20
-18
-18
-17
-18
-19
-20
-17
-19
-19
-19
-19
-17
-17
-18
-19
-17
-19
-17
-20
-19
-19
-19
-21
-25
-25
-22
-26
-26
-27
-29
-32
-34
-30
-35
-31
-34
-29
-29
-29
-29
-29
-28
-29
-23
-26
-24
-23
-24
-24
-23
-23
-23
-24
-25
-26
-27
-29
-28
-31
-30
-29
-33
-33
-33
-32
-34
-35
-35
-36
-36
-34
-35
-35
-34
-32
-28
-28
-31
-28
-27
-28
-29
-28
-31
-29
-27
-27
-30
-28
-27
-28
-28
-31
-29
-31
-33
-30
-28
-29
-29
-30
-30
-28
-29
-27
-29
-27
-27
-29
-28
-31
-29
-30
-29
-28
-29
-28
-30
-27
-28
-27
-28
-31
-27
-27
-25
-26
-23
-25
-23
-22
-22
-23
-23
-22
-19
-19
-20
-18
-19
-17
-18
-20
-21
-21
-17
-17
-20
-18
-19
-20
-19
-16
-16
-15
-17
-18
-19
-17
-17
-18
-17
-16
-16
-15
-16
-14
-13
-15
-18
-17
-15
-18
-19
-16
-17
-18
-14
-14
-15
-17
-12
-13
-12
-13
-13
-8
-11
-9
-12
-8
-5
-6
-5
-8
-10
-10
-9
-9
-11
-12
-12
-13
-17
-17
-17
-15
-17
-15
-18
-22
-19
-20
-19
-18
-18
-16
-18
-17
-16
-14
-16
-16
-17
-16
-15
-14
-13
-15
-13
-13
-15
-14
-17
-16
-19
-20
-21
-23
-22
-21
-19
-15
-18
-20
-18
-19
-23
-22
-16
-20
-19
-18
-22
-20
-17
-18
-20
-19
-20
-21
-24
-22
-21
-23
-22
-22
-21
-22
-20
-19
-21
-20
-24
-26
-27
-25
-24
-23
-22
-24
-24
-24
-24
-25
-26
-27
-30
-29
-30
-28
-29
-29
-29
-30
-29
-31
-32
-32
-31
-34
-33
-34
-33
-34
-35
-35
-34
-31
-34
-33
-33
-33
-34
-34
-33
-32
-33
-31
-33
-34
-32
-32
-28
-33
-28
-29
-30
-33
-32
-31
-31
-31
-33
-30
-32
-33
-32
-30
-31
-33
-33
-34
-34
-32
-34
-35
-33
-34
-36
-42
-38
-35
-38
-33
-33
-32
-34
-31
-33
-28
-29
-30
-26
-28
-26
-28
-26
-27
-24
-26
-25
-25
-27
-26
-26
-27
-26
-28
-29
-27
-30
-27
-29
-28
-29
-29
-25
-30
-32
-34
-31
-31
-28
-29
-32
-30
-28
-26
-29
-32
-29
-30
-33
-30
-30
-27
-34
-35
-28
-29
-30
-31
-32
-30
-34
-36
-34
-36
-36
-33
-30
-32
-31
-32
-32
-34
-32
-32
-33
-32
-32
-30
-29
-31
-28
-29
-31
-29
-28
-28
-28
-29
-27
-25
-26
-25
-24
-27
-28
-28
-26
-26
-27
-28
-27
-25
-27
-27
-26
-26
-26
-28
-29
-26
-27
-28
-28
-28
-27
-30
-29
-28
-28
-25
-25
-29
-30
-27
-27
-26
-26
-27
-29
-26
-27
-27
-25
-28
-26
-27
-27
-27
-29
-27
-29
-27
-28
-28
-27
-23
-24
-23
-21
-22
-25
-23
-23
-24
-24
-21
-23
-25
-23
-26
-22
-23
-20
-24
-24
-28
-27
-26
-25
-25
-28
-24
-24
-24
-25
-25
-26
-25
-25
-24
-21
-22
-24
-22
-19
-20
-21
-22
-20
-22
-19
-21
-18
-17
-20
-22
-24
-21
-24
-26
-27
-25
-28
-27
-28
-29
-30
-32
-34
-38
-31
-36
-36
-35
-35
-33
-34
-35
-36
-36
-33
-30
-28
-31
-33
-32
-34
-32
-35
-34
-34
-34
-34
-34
-34
-34
-35
-34
-38
-35
-36
-38
-39
-38
-39
-38
-36
-40
-41
-39
-42
-43
-42
-46
-42
-42
-43
-43
-42
