23
27
-9
-15
36
-19
-28
-39
0
90
74
86
29
3
8
-10
33
-11
-11
7
-25
39
49
-34
-57
-14
-18
24
71
34
30
-25
-28
39
-6
24
12
-55
46
72
33
29
-41
-96
9
67
10
28
-16
-57
6
37
13
-19
-31
-51
-104
-73
44
-23
-37
25
-48
-7
24
-32
-44
-73
-37
11
-2
61
0
-49
46
-38
-10
39
-25
41
34
-17
-49
-71
-70
-147
-104
-9
-84
7
50
-50
18
29
-13
-20
7
12
7
21
-35
-25
10
-5
6
60
68
79
92
19
65
49
8
79
23
9
63
-3
-17
14
-25
-6
14
0
-27
23
59
-53
-30
-5
-71
-12
-21
-31
29
8
-10
-34
-4
16
-84
-58
30
35
31
60
97
37
1
3
13
43
27
61
57
-7
29
67
70
37
-47
-1
20
-12
45
28
22
3
-12
44
26
19
-31
-65
-3
33
78
4
-39
-40
-117
-43
9
-67
-49
5
-22
-38
-51
-70
-5
20
-39
-5
-13
4
53
-99
-79
-36
-94
-54
-7
131
87
44
91
-46
-1
88
28
-8
-62
-58
-3
13
37
27
1
-24
2
35
-25
-10
29
-5
10
-22
-12
97
21
-55
-12
18
43
-8
-15
-18
-114
-85
5
53
91
-3
-32
-4
7
70
6
-4
29
-41
13
55
-16
-6
-23
32
53
-82
10
49
-14
38
-7
-65
-62
-67
-29
-5
-52
-68
-30
-3
-20
-36
-38
-2
12
56
90
72
77
32
31
72
122
74
-21
3
-18
-44
-18
47
74
107
111
-4
-48
-50
-7
-44
-83
14
4
-52
-42
-51
-95
-69
-44
-43
-33
-76
-30
36
60
26
-2
20
-6
52
84
8
0
84
104
44
-4
-19
4
-26
-41
-20
-23
-37
-45
-30
-4
-39
-34
-20
-37
-10
-35
-5
19
1
5
-16
9
13
-9
-5
-38
-55
-20
-37
8
58
23
-7
-18
55
31
-23
22
25
75
26
-69
-31
-19
-7
11
9
18
-3
14
-9
-48
-16
14
-10
-48
5
85
94
25
18
-19
-67
8
-3
-36
-15
-11
-2
-1
-10
30
68
-5
-19
75
107
38
-33
-10
2
-37
-31
-46
-82
4
36
-27
-36
22
26
-33
-15
12
-11
3
18
-43
13
49
-39
-42
-55
-43
13
-7
22
-4
-69
-93
-107
-31
-45
-58
-34
26
87
-15
37
84
67
114
43
86
4
-51
35
-18
45
82
93
29
-43
53
53
27
26
15
4
-14
-49
-25
46
25
14
-17
-47
1
34
25
-29
-50
-89
-68
-11
-26
48
94
51
37
-38
-48
-16
-99
-29
22
-30
13
51
49
33
22
41
42
-15
-13
55
78
39
32
21
-57
-74
-53
-35
-47
-65
-49
-84
-75
-31
-23
-39
-38
27
-37
-52
19
-53
-43
-95
-108
-56
-62
4
-79
-40
0
-95
13
-22
-73
-47
-15
94
9
2
26
40
91
-5
-2
1
-7
67
70
5
22
14
-13
21
-1
80
93
17
55
46
-6
38
98
66
60
62
81
93
60
51
5
2
2
-32
24
23
-14
15
22
61
86
47
30
24
26
43
-13
-15
3
-56
-16
2
-33
-26
-97
-181
-151
-105
-68
-33
-42
12
16
-49
-71
-103
-50
-27
-32
40
-18
-33
39
-9
-85
-37
26
11
45
35
64
164
130
52
1
8
29
-18
19
59
36
63
7
-7
34
-17
5
14
3
73
26
-26
-3
-42
-31
-81
-134
-86
-105
-36
16
-65
-51
-12
-21
-31
-24
-17
-52
-48
-26
-41
-42
-6
-40
-28
-7
-3
64
-9
-38
23
5
-58
-25
84
112
99
79
129
75
-10
55
26
-11
-33
-2
4
-108
-28
37
-30
23
16
23
52
-54
-35
26
51
101
27
-56
-19
7
49
2
-78
32
-20
-119
-23
-34
-58
2
-51
-16
79
102
104
-17
-18
-8
22
105
8
-14
-69
-39
50
-10
3
-8
6
72
80
56
-15
-29
46
27
13
23
10
79
45
83
120
5
50
50
31
10
-12
75
55
-23
-33
47
21
2
55
-24
-46
-57
-24
45
-16
-8
-1
-5
-11
-69
-29
-1
2
16
-50
-95
-58
-31
-25
-22
-45
-35
-75
-114
-75
-113
-91
-37
-142
-114
59
69
25
-46
-26
3
-105
3
101
35
-27
-41
74
107
61
42
10
-7
23
75
22
-64
-19
-5
-48
-33
8
19
-4
-72
-86
8
55
15
-3
38
-33
-20
45
-49
-68
-30
47
19
-44
37
92
121
40
-16
43
37
15
-3
22
70
35
63
101
-18
3
58
12
85
48
6
73
38
18
10
-11
19
-8
0
-13
-28
40
8
46
22
-63
-60
-41
13
-35
-88
-51
-23
-31
2
-5
-29
-20
-43
-23
-63
-97
-46
-53
-64
-95
-69
-14
-28
39
51
19
21
-3
47
33
-34
-18
-9
52
41
-38
97
124
16
7
14
58
66
95
81
17
29
43
1
-48
-70
-78
29
71
15
51
68
99
133
5
-28
39
-23
-38
-28
-3
17
-7
-21
-65
-1
12
-48
-49
-40
2
21
22
-6
-24
18
-31
-61
-33
-68
-28
-18
-11
-25
-55
10
15
28
2
-57
-68
20
52
-33
44
76
-2
-46
-15
61
37
-60
-61
-39
-72
-78
-75
-60
-93
-119
-95
0
14
-35
22
22
3
33
76
34
-30
34
32
-1
15
6
51
19
11
56
1
30
27
-19
22
-15
-26
5
12
19
14
61
40
-31
-8
69
106
70
85
39
-40
-38
-94
-75
-59
-55
4
-3
17
-7
12
28
19
173
158
28
40
38
-17
-92
-105
-65
-26
36
72
21
-55
-93
-88
-70
-50
-37
-61
-88
-116
-48
76
72
6
-25
-56
-71
-66
-63
-16
26
-5
-17
17
-15
6
53
23
38
35
10
46
33
-24
19
66
24
92
169
82
39
68
88
72
-29
9
61
-72
0
86
44
86
35
-39
-54
-4
77
45
-70
-114
-38
-22
-35
23
15
-19
0
14
-32
-42
9
-30
-18
-2
3
42
-37
-10
-3
-39
-29
-53
-29
-28
5
-17
-34
3
25
64
-23
-9
3
-41
36
-74
-70
21
-40
-12
33
28
-38
-26
38
-13
-102
-90
4
20
-32
68
121
31
102
93
71
72
1
-10
-10
58
-7
-72
-7
-18
8
-15
-64
-38
-76
-6
-21
-94
-6
-82
-95
-46
-15
47
-50
-76
-44
-56
-66
-52
-21
-43
-57
-56
-51
9
82
104
42
-5
-7
2
39
28
13
44
12
32
67
21
87
122
38
-4
-61
-17
98
4
-33
51
1
-16
41
51
50
-16
-47
33
39
11
-22
-24
-12
-34
15
5
-30
-12
-33
-87
-97
-14
110
70
-79
-30
-25
-53
-6
-11
-41
-100
-41
33
31
-10
-30
32
-10
-39
14
-17
52
20
-36
17
-49
-22
48
71
49
55
40
38
94
6
13
40
5
39
40
42
72
88
45
34
9
-25
21
24
-30
-44
59
96
43
45
-12
-28
-20
-75
-60
-61
-68
-73
-24
30
4
35
46
20
29
18
-35
12
59
17
-2
44
57
-1
-32
-57
-68
-17
41
-24
-63
-40
-49
-42
-16
-8
-28
-39
-26
27
28
-8
-23
-39
-7
-20
-61
-33
-18
-37
-66
-102
-123
-36
-5
-56
-12
-21
-25
-21
-11
-18
-73
-9
11
52
50
13
78
60
61
0
-27
-10
-5
64
3
-60
-52
-31
-26
-7
36
30
43
-13
0
28
5
111
18
-127
-24
27
2
5
-38
-55
33
79
20
26
28
11
22
-26
-33
23
64
37
28
-10
0
21
-60
-51
1
81
132
108
81
56
64
69
62
55
-7
-7
-9
-95
-19
41
-36
-49
-55
-18
17
37
20
-87
-77
-24
-75
-53
60
97
7
-96
-31
12
21
30
-36
-40
-23
16
37
23
-26
15
23
-28
28
9
58
60
30
2
-129
-78
-61
-129
-90
-43
-48
50
53
11
68
17
46
-17
-29
48
-23
-46
-54
-15
3
-8
-27
27
27
-43
28
-10
-51
-56
-21
91
83
24
-5
-11
-21
3
53
42
8
-16
11
42
-21
-42
35
4
-124
-59
40
13
25
-3
13
-22
-48
8
-67
-87
-20
-3
-24
-20
2
30
-29
-59
50
8
55
104
-6
28
-1
-93
-62
-16
-50
-13
54
29
16
15
57
86
-3
-25
17
12
58
-5
-28
43
-7
72
17
-60
27
-31
-2
56
81
64
17
14
28
113
97
34
-74
-99
28
9
31
46
21
85
74
52
3
-41
25
69
32
-19
20
12
18
64
-23
41
45
-34
-13
-76
22
35
-91
-41
16
7
-71
-66
26
-12
-3
52
18
-14
27
12
-9
-4
-78
-34
-28
-56
53
42
-25
-33
-38
-17
-68
-40
14
-56
-49
-41
-53
-49
-75
-22
-23
-18
15
-73
-23
-25
-41
10
-10
15
-92
-110
-47
-89
-54
-69
-52
-20
-44
-46
-58
-5
14
-41
-35
18
16
29
105
137
121
56
-16
-4
73
80
78
99
44
59
62
6
42
32
16
15
6
5
-5
28
38
96
71
29
39
-6
86
59
3
92
31
-64
-54
-86
-71
-6
1
44
-17
-23
33
-13
74
76
-60
-73
-81
-18
37
32
51
-13
-36
-71
-76
34
12
-43
3
48
22
-24
-45
-118
-143
-85
34
50
-12
21
13
28
61
40
35
15
57
42
-64
-56
57
117
83
62
-7
3
34
-57
-46
-20
-52
-76
-16
51
30
46
32
-43
-117
-133
-114
-17
27
-50
-81
-100
-69
-26
34
12
-34
5
8
-26
-60
36
16
-53
33
24
38
33
43
69
12
134
152
15
41
86
88
73
17
26
82
86
82
57
26
56
30
0
43
34
22
16
-44
-49
16
13
-38
-34
-1
16
16
-16
-70
-64
-26
-36
-44
-41
-40
-56
-86
-99
-107
-35
-3
-48
-84
-93
-34
75
127
85
63
12
92
79
-66
-22
-33
38
54
-83
-27
25
-1
-42
-78
-53
-24
42
39
27
105
55
-52
-71
45
65
14
23
-51
-51
-68
-74
-54
-54
-36
-146
-162
-71
-58
-107
-91
-35
-51
-53
-79
-74
-80
-89
-135
-158
-27
-69
-113
-39
-42
-37
12
13
-61
-33
-6
-5
-6
11
101
55
62
177
139
102
62
59
74
-4
40
38
0
97
120
121
181
185
86
86
86
91
194
136
161
199
187
241
216
256
234
243
283
224
232
185
156
113
48
57
91
134
108
4
-52
-13
-87
-97
5
-10
57
143
121
148
165
107
57
64
36
24
22
-73
-85
-153
-267
-267
-351
-372
-314
-276
-284
-339
-272
-299
-394
-376
-423
-424
-380
-299
-166
-113
-31
59
66
31
-11
-43
-80
-167
-269
-328
-292
-255
-258
-265
-287
-267
-206
-125
-138
-89
-123
-185
-51
-96
-148
-59
41
122
141
156
218
166
65
36
4
32
0
-69
-80
-99
6
137
126
193
246
198
177
191
187
178
142
36
66
176
188
196
279
388
447
465
520
490
453
435
358
347
297
258
300
341
363
401
446
429
429
401
330
283
92
-54
32
24
-25
66
197
283
260
324
489
505
463
423
346
260
134
51
-67
-118
-106
-203
-207
-284
-448
-549
-694
-865
-991
-1087
-1150
-1031
-860
-666
-460
-263
-53
39
97
141
21
-141
-206
-398
-533
-619
-729
-665
-596
-569
-555
-515
-520
-583
-707
-804
-797
-891
-864
-700
-526
-276
4
278
537
711
725
637
508
385
205
52
-73
-105
-11
-9
-15
94
272
252
240
212
26
19
7
-38
34
186
262
421
698
795
877
880
849
773
521
334
231
147
72
104
211
280
365
402
438
418
279
188
23
-116
-75
-69
6
130
299
548
577
641
727
514
374
179
-189
-341
-449
-522
-447
-319
-104
53
140
344
537
599
580
495
494
478
477
614
680
801
968
969
927
888
763
613
403
213
47
-242
-322
-220
-104
129
294
465
766
910
897
882
841
753
668
562
412
345
207
-77
-251
-472
-788
-1112
-1590
-2040
-2449
-2790
-2951
-3004
-2883
-2651
-2339
-1925
-1526
-1181
-833
-541
-387
-336
-430
-653
-762
-906
-1125
-1161
-1279
-1383
-1305
-1306
-1360
-1340
-1287
-1306
-1280
-1236
-1151
-863
-628
-428
-108
161
476
817
971
1067
1147
1112
1006
917
743
576
573
521
434
479
484
511
586
564
529
519
643
784
858
954
998
1052
1119
1104
1142
1196
1103
924
698
503
371
278
233
234
322
395
467
608
764
976
1056
1098
1094
981
951
713
519
460
331
262
258
300
265
282
329
326
286
204
205
153
178
281
320
470
600
709
842
974
1088
1090
1096
1071
870
673
575
494
472
443
441
465
486
543
592
661
694
709
827
893
948
1016
974
925
779
563
210
-352
-798
-1249
-1864
-2357
-2715
-3055
-3359
-3527
-3412
-3196
-2960
-2639
-2228
-1839
-1570
-1286
-1086
-956
-846
-950
-1047
-1046
-1078
-1102
-1198
-1356
-1584
-1847
-2103
-2374
-2644
-2856
-2940
-2983
-2988
-2777
-2370
-1896
-1451
-890
-250
286
832
1241
1531
1802
1891
1841
1664
1428
1244
967
725
621
459
349
349
368
459
635
770
868
1018
1170
1370
1609
1762
1886
2003
1978
1964
1933
1792
1792
1753
1586
1412
1226
1111
1053
956
888
928
1004
1055
1075
1115
1200
1257
1152
1037
958
840
718
629
590
550
584
608
595
561
498
405
239
82
-83
-250
-292
-294
-310
-154
152
407
682
1038
1308
1496
1532
1420
1314
1156
959
782
585
490
406
293
320
330
254
177
52
-48
-47
-134
-206
-92
60
219
441
692
896
894
527
-79
-843
-1781
-2763
-3727
-4667
-5462
-5856
-5976
-5782
-5194
-4517
-3711
-2854
-2039
-1351
-937
-625
-510
-577
-709
-931
-1021
-1102
-1160
-1199
-1307
-1365
-1615
-1949
-2316
-2783
-3159
-3451
-3565
-3471
-3152
-2429
-1442
-369
807
1906
2855
3509
3790
3863
3580
3035
2510
1902
1289
779
394
104
-95
-223
-351
-342
-335
-313
-316
-301
-40
192
616
1183
1655
2295
2772
2965
3045
2849
2490
2069
1556
1015
550
261
96
113
255
458
784
986
1173
1365
1401
1392
1298
1312
1394
1489
1672
1884
2068
2179
2203
2054
1784
1351
915
456
29
-225
-399
-371
-311
-124
137
417
852
1125
1278
1510
1578
1592
1723
1794
1865
1879
1880
1836
1646
1400
1146
746
212
-217
-708
-1105
-1282
-1370
-1263
-1083
-847
-460
-80
206
551
863
1084
1163
1086
1029
770
201
-613
-1689
-2955
-4193
-5420
-6593
-7451
-7989
-8087
-7811
-7134
-6100
-5004
-3714
-2431
-1462
-704
-265
-68
-134
-430
-638
-946
-1200
-1267
-1391
-1417
-1455
-1671
-2036
-2606
-3286
-3887
-4322
-4664
-4700
-4209
-3226
-1864
-338
1250
2780
4105
5007
5324
5152
4620
3786
2797
1838
973
370
118
82
220
503
665
749
863
826
752
700
794
1112
1514
2024
2677
3383
3923
4199
4279
3940
3222
2480
1494
569
-38
-506
-609
-379
111
820
1599
2232
2699
2952
2893
2690
2211
1644
1190
822
715
691
636
703
873
1020
992
733
452
204
-74
-293
-480
-472
-221
26
346
681
1002
1365
1476
1414
1342
1289
1262
1188
1219
1285
1303
1379
1325
1180
995
676
269
-154
-517
-786
-794
-715
-631
-360
-92
170
374
456
558
628
694
662
642
774
799
775
457
-204
-1069
-2390
-3927
-5602
-7313
-8649
-9519
-9882
-9668
-8889
-7546
-5852
-4102
-2435
-1106
-69
460
418
137
-399
-900
-1357
-1683
-1764
-1798
-1684
-1621
-1808
-2279
-2935
-3789
-4806
-5544
-6028
-6112
-5362
-4127
-2428
-251
1987
4121
5784
6855
7215
6742
5693
4208
2601
1145
-33
-746
-1039
-861
-265
474
1239
1824
2130
2206
2040
1821
1683
1654
1936
2465
3119
3932
4686
5129
5194
4868
4036
2762
1320
-9
-1063
-1769
-1901
-1365
-383
949
2452
3778
4787
5298
5294
4758
3770
2538
1245
146
-729
-1112
-1116
-870
-295
163
555
841
863
657
292
-50
-455
-687
-685
-494
-64
410
854
1306
1627
1576
1444
1265
905
616
386
299
463
701
1001
1279
1354
1243
1002
553
-75
-654
-1179
-1549
-1559
-1257
-786
-201
427
951
1319
1336
952
539
-9
-731
-1196
-1445
-1380
-955
-512
-89
236
96
-684
-1992
-3867
-5994
-8032
-9854
-11018
-11406
-10952
-9566
-7545
-5101
-2570
-339
1408
2389
2591
2092
1007
-401
-1857
-3072
-3922
-4227
-4149
-3805
-3174
-2627
-2242
-2162
-2370
-2746
-3196
-3365
-3326
-2957
-1989
-571
1089
2910
4602
5728
6254
6255
5623
4400
2977
1596
400
-315
-497
-171
628
1800
2976
3788
4293
4381
3972
3251
2349
1585
1107
869
1114
1796
2684
3645
4465
4844
4716
4159
3126
1910
635
-342
-811
-804
-89
1054
2518
3966
5117
5810
5739
5028
3767
2127
333
-1386
-2729
-3465
-3577
-3114
-2160
-1001
134
1008
1444
1521
1237
646
-20
-573
-943
-950
-513
1
601
1249
1581
1519
1053
299
-654
-1619
-2312
-2625
-2424
-1692
-579
771
2149
3258
3817
3757
3099
1924
430
-1072
-2360
-3248
-3482
-3139
-2239
-1018
158
1269
1909
1950
1523
542
-547
-1600
-2388
-2648
-2507
-1892
-930
186
996
1255
978
18
-1608
-3817
-6184
-8294
-9920
-10726
-10661
-9825
-8265
-6296
-4256
-2253
-546
629
1180
1155
759
118
-589
-1246
-1731
-1951
-1972
-1851
-1627
-1309
-1005
-852
-961
-1295
-1724
-2120
-2383
-2535
-2484
-2063
-1284
-252
957
2272
3523
4506
5253
5499
5255
4837
4125
3251
2477
1852
1532
1609
1915
2330
2812
3105
3043
2675
2032
1173
184
-501
-715
-508
379
1721
3335
5038
6404
7207
7365
6727
5372
3649
1653
-104
-1193
-1624
-1379
-441
965
2425
3605
4177
4121
3301
1857
183
-1492
-2865
-3677
-3624
-2820
-1479
189
1786
3053
3643
3438
2628
1358
-227
-1773
-2892
-3486
-3407
-2792
-1983
-947
19
584
664
274
-417
-1241
-1999
-2406
-2198
-1489
-301
1172
2582
3731
4246
4025
3074
1582
-170
-1935
-3278
-4022
-4061
-3391
-2143
-526
973
2016
2508
2379
1605
262
-1250
-2550
-3428
-3567
-3041
-1985
-506
987
2209
2847
2818
2016
327
-1742
-4110
-6441
-8272
-9635
-10203
-10045
-9266
-7933
-6358
-4734
-3293
-1927
-715
138
712
1073
1268
1276
1137
880
534
82
-457
-1130
-1725
-2172
-2556
-2752
-2939
-3030
-3033
-2986
-2821
-2649
-2156
-1314
-354
859
2244
3637
4932
5992
6737
6871
6406
5576
4515
3366
2291
1469
966
804
959
1358
1771
2075
2097
1816
1264
574
159
104
445
1220
2489
4083
5709
7034
7756
7792
6903
5301
3219
870
-1147
-2673
-3357
-3034
-1993
-364
1570
3407
4597
4897
4303
2967
1130
-963
-2816
-4066
-4405
-3819
-2627
-935
1010
2560
3462
3655
2870
1465
-304
-2144
-3531
-4385
-4517
-3896
-2695
-1299
-13
898
1166
949
242
-739
-1678
-2386
-2435
-1925
-974
392
1891
3176
3926
4080
3535
2363
760
-916
-2388
-3449
-3863
-3761
-3211
-2317
-1183
-275
194
379
181
-72
-405
-782
-889
-727
-150
603
1228
1743
2004
1938
1388
410
-703
-2116
-3670
-5179
-6646
-7740
-8471
-8892
-8954
-8532
-7615
-6455
-4883
-3050
-1097
997
2709
4035
4859
4885
4331
3183
1631
-105
-1818
-3135
-4040
-4380
-4162
-3541
-2688
-1934
-1402
-1132
-1173
-1453
-1790
-2005
-1785
-1028
169
1826
3726
5543
7046
7944
8053
7347
6036
4424
2605
873
-455
-1173
-1267
-817
-7
806
1567
2061
2063
1801
1378
854
683
965
1677
2857
4321
5832
7017
7651
7464
6509
4747
2391
127
-1883
-3257
-3865
-3617
-2367
-616
1344
3121
4310
4642
4074
2781
965
-957
-2587
-3458
-3521
-2722
-1197
569
2355
3708
4288
3900
2619
703
-1497
-3563
-5159
-5916
-5759
-4787
-3242
-1462
156
1272
1721
1503
655
-508
-1653
-2503
-2565
-1977
-868
665
2181
3421
4053
3879
2959
1288
-803
-2843
-4590
-5669
-5990
-5397
-4024
-2317
-414
1248
2317
2811
2674
1972
1125
295
-473
-888
-828
-347
457
1335
1876
2019
1847
1200
143
-1265
-2972
-4718
-6284
-7507
-8375
-8772
-8444
-7461
-6130
-4514
-2698
-895
914
2505
3693
4323
4355
3900
2897
1572
149
-1290
-2635
-3592
-4117
-4336
-4091
-3447
-2643
-1980
-1589
-1499
-1499
-1488
-1546
-1402
-985
-44
1355
2898
4565
6130
7372
7880
7569
6647
5181
3387
1478
-224
-1390
-1880
-1712
-1061
-70
1018
1912
2415
2412
2020
1373
734
398
432
1051
2322
3956
5593
6928
7699
7526
6374
4385
1717
-1044
-3352
-4977
-5623
-5128
-3700
-1448
1113
3238
4652
5181
4712
3274
1267
-792
-2424
-3332
-3384
-2491
-954
943
2722
3835
4036
3255
1691
-363
-2552
-4461
-5597
-5773
-5113
-3696
-1865
11
1629
2390
2251
1523
243
-1158
-2355
-3055
-2859
-2003
-574
1231
2794
3782
4164
3813
2453
540
-1448
-3328
-4616
-5166
-4873
-3707
-2026
-131
1579
2824
3336
3160
2471
1334
139
-932
-1571
-1617
-1226
-407
689
1612
2137
2376
2096
1276
146
-1299
-2920
-4498
-5846
-6872
-7628
-7946
-7636
-6911
-5914
-4711
-3329
-1729
-147
1335
2602
3348
3575
3396
2720
1542
171
-1129
-2339
-3382
-3951
-3893
-3439
-2702
-1891
-1259
-814
-740
-904
-1322
-1822
-2021
-1857
-1024
255
1934
3888
5666
7126
7880
7725
6772
5257
3322
1339
-396
-1612
-2020
-1921
-1234
-110
939
1736
2056
1904
1364
676
118
-87
221
1128
2653
4378
6122
7386
7782
7358
5755
3466
891
-1834
-3939
-5215
-5410
-4509
-2822
-512
1748
3613
4646
4584
3674
2110
194
-1629
-2857
-3326
-2933
-1715
14
1810
3161
3811
3562
2449
724
-1351
-3386
-5002
-5789
-5649
-4701
-3141
-1315
355
1573
2120
1933
1268
175
-929
-1666
-1933
-1467
-390
1132
2675
3779
4323
4176
3217
1546
-343
-2258
-3811
-4595
-4632
-3875
-2421
-581
1180
2587
3252
3258
2701
1474
95
-1086
-1885
-2151
-1725
-680
616
1932
3016
3599
3477
2663
1272
-559
-2565
-4542
-6277
-7621
-8421
-8630
-8250
-7361
-6234
-4963
-3568
-2221
-913
443
1517
2247
2741
2821
2542
1920
1087
106
-1027
-1975
-2683
-3163
-3281
-3097
-2769
-2394
-2166
-2048
-2021
-2284
-2541
-2521
-2196
-1450
-263
1317
3160
4867
6285
7244
7376
6776
5590
3920
2062
290
-1127
-1904
-2077
-1684
-910
-81
690
1101
1155
979
567
176
-3
248
1139
2433
4051
5732
6923
7590
7369
6126
4254
1838
-709
-2888
-4494
-5108
-4637
-3321
-1259
962
2845
4238
4688
4211
3016
1307
-427
-1821
-2622
-2693
-1905
-499
1084
2592
3640
3960
3421
2050
237
-1707
-3443
-4608
-5098
-4734
-3593
-1995
-184
1400
2396
2702
2242
1233
87
-1024
-1742
-1762
-1092
128
1668
3281
4376
4689
4230
2921
1049
-1058
-3110
-4515
-5053
-4762
-3602
-1791
261
2044
3278
3640
3164
1957
269
-1196
-2463
-3020
-2605
-1650
-85
1685
3284
4219
4212
3336
1411
-1249
-4228
-7066
-9334
-10734
-11147
-10614
-9113
-7009
-4730
-2695
-1102
180
960
1286
1384
1208
1015
942
962
885
577
182
-437
-1184
-1920
-2602
-3166
-3639
-3861
-3786
-3570
-3246
-2782
-2246
-1675
-906
14
969
2146
3455
4729
5817
6531
6775
6551
5798
4609
3240
1726
371
-740
-1450
-1616
-1466
-1031
-446
105
416
536
619
546
448
686
1227
2096
3364
4722
5904
6683
6802
6206
4921
3038
864
-1237
-2854
-3787
-3845
-3031
-1667
20
1669
2961
3560
3394
2562
1238
-293
-1765
-2676
-2897
-2429
-1236
439
2311
3870
4756
4835
4003
2450
485
-1643
-3590
-4955
-5418
-4883
-3649
-2004
-247
1197
2047
2158
1625
647
-477
-1275
-1536
-1096
87
1806
3633
5064
5826
5614
4408
2318
-213
-2729
-4862
-5988
-6097
-5127
-3082
-609
1723
3462
4322
4156
2961
1150
-855
-2607
-3535
-3447
-2347
-325
2042
4229
5684
5765
4477
1792
-1979
-6025
-9816
-12746
-14413
-14451
-12783
-9867
-6335
-2926
-60
2042
3225
3348
2502
1283
56
-898
-1297
-1257
-832
-219
323
581
387
-208
-1212
-2508
-3875
-5084
-5801
-5897
-5499
-4486
-2932
-1100
856
2593
4011
4963
5437
5585
5296
4729
4198
3765
3368
3009
2681
2386
1987
1522
977
326
-258
-857
-1307
-1548
-1637
-1321
-626
136
1006
2082
3166
4190
5074
5601
5761
5533
4982
4183
3100
1828
718
-56
-708
-993
-775
-235
483
1240
1917
2330
2419
2103
1318
276
-748
-1639
-2198
-2204
-1592
-402
1073
2518
3902
4825
4856
4169
2755
800
-1240
-3130
-4355
-4861
-4676
-3729
-2355
-831
360
1110
1410
1173
620
-9
-351
-289
217
1244
2446
3530
4227
4366
3829
2350
295
-1889
-3840
-5223
-5773
-5277
-3969
-2133
-83
1778
3024
3326
2793
1673
234
-1136
-1987
-2107
-1403
0
1550
3016
3860
3526
1843
-1080
-4599
-8377
-11766
-13946
-14610
-13706
-11398
-8098
-4550
-1239
1498
3232
3768
3215
1971
513
-700
-1463
-1728
-1387
-663
162
835
1017
772
-85
-1657
-3361
-5028
-6408
-7098
-6958
-5863
-4069
-1671
1021
3489
5483
6723
7198
6936
5957
4531
3162
2091
1418
1318
1538
2003
2643
3135
3367
3153
2423
1445
169
-1105
-1964
-2379
-2107
-1341
-255
1174
2692
4011
5008
5558
5529
5076
4354
3353
2247
1393
834
594
734
1098
1577
2194
2649
2769
2747
2347
1694
917
-63
-1011
-1759
-2147
-2250
-2020
-1420
-497
679
1820
2776
3502
3869
3689
3027
2035
887
-210
-1228
-1878
-2131
-2189
-1941
-1562
-1199
-917
-750
-720
-741
-666
-514
-130
517
1283
2150
2857
3210
3239
2689
1650
403
-1038
-2390
-3282
-3662
-3401
-2763
-1883
-685
303
842
829
316
-395
-1094
-1444
-1352
-735
464
1791
2807
3203
2686
1008
-1714
-5006
-8483
-11482
-13519
-14283
-13443
-11304
-8356
-5004
-1721
948
2576
3010
2420
1216
-209
-1489
-2293
-2488
-2066
-1086
63
969
1599
1645
829
-619
-2549
-4599
-6300
-7375
-7575
-6741
-4984
-2432
627
3616
6170
8037
8936
8743
7686
6028
4248
2759
1527
914
1012
1452
2160
2988
3602
3842
3610
2864
1796
660
-325
-1091
-1388
-1152
-522
564
1882
3201
4206
4756
4863
4420
3650
2666
1687
936
427
471
926
1616
2555
3431
4035
4155
3798
3022
1849
461
-904
-2159
-3091
-3419
-3285
-2689
-1730
-618
511
1498
2290
2692
2689
2472
2055
1585
1149
750
583
478
367
344
158
-314
-913
-1484
-2083
-2578
-2785
-2564
-1937
-949
318
1577
2637
3392
3699
3313
2498
1359
54
-1114
-2136
-2600
-2538
-2077
-1302
-477
160
368
185
-544
-1663
-2628
-3359
-3608
-3026
-1784
-116
1633
2966
3384
2550
514
-2474
-6038
-9654
-12618
-14268
-14521
-13320
-10788
-7449
-3778
-535
1948
3241
3084
2046
361
-1483
-2870
-3614
-3505
-2522
-1001
769
2407
3275
3230
2254
295
-2120
-4509
-6558
-7733
-7711
-6497
-4181
-1200
1920
4873
7230
8539
8624
7722
6293
4555
2984
1898
1377
1567
2240
3157
4012
4655
4733
4134
3154
1857
669
-341
-1038
-1112
-767
-22
1036
2198
3165
3762
4069
3996
3569
2808
1911
1151
588
367
543
1063
1873
2874
3834
4650
5097
4981
4416
3336
1898
382
-1140
-2442
-3320
-3641
-3380
-2735
-1815
-675
425
1387
2086
2373
2409
2150
1708
1285
918
787
749
812
1089
1242
1160
881
401
-274
-1085
-1831
-2289
-2486
-2350
-1724
-842
263
1283
1894
2161
2019
1411
430
-547
-1371
-1976
-2072
-1683
-1029
-234
538
928
838
321
-613
-1615
-2518
-3197
-3349
-2919
-2039
-1011
-174
136
-238
-1320
-3178
-5567
-7986
-10048
-11400
-11804
-11180
-9661
-7398
-4615
-1881
275
1712
2252
1852
927
-362
-1785
-3038
-3778
-3686
-3004
-1837
-464
576
1109
931
50
-1297
-2917
-4452
-5551
-5883
-5146
-3472
-1090
1708
4322
6380
7520
7563
6754
5340
3668
2184
1127
749
1149
2156
3501
4663
5530
5927
5593
4764
3533
2276
1273
466
59
152
647
1476
2386
2996
3418
3554
3206
2644
1947
1274
689
338
450
879
1665
2767
3952
5046
5756
5977
5589
4678
3422
1777
88
-1487
-2801
-3514
-3664
-3428
-2827
-1950
-936
100
835
1279
1577
1567
1347
1073
753
568
537
608
854
1175
1379
1384
1180
801
241
-619
-1347
-1772
-2017
-1792
-1167
-191
881
1762
2288
2346
1921
941
-300
-1637
-2774
-3362
-3393
-2817
-1772
-522
718
1572
1805
1512
730
-371
-1491
-2479
-3110
-3225
-2828
-2296
-2016
-2060
-2661
-3838
-5435
-7349
-9160
-10447
-10990
-10677
-9545
-7693
-5378
-2896
-610
992
1792
1821
1141
138
-1031
-2151
-3021
-3474
-3177
-2497
-1693
-646
224
508
232
-424
-1420
-2672
-3673
-4214
-4199
-3285
-1635
478
2827
4941
6443
7096
6868
5868
4331
2602
1055
27
-291
207
1443
2955
4363
5541
6134
6071
5457
4366
3107
1998
1321
956
950
1406
1965
2636
3152
3284
3172
2704
2103
1447
768
360
242
366
841
1694
2674
3728
4759
5466
5720
5512
4856
3719
2241
618
-901
-2098
-2878
-3097
-2839
-2147
-1232
-314
627
1277
1663
1717
1431
1128
638
171
-98
-189
-55
138
544
945
1005
909
714
305
-387
-1055
-1443
-1613
-1422
-1009
-354
451
1113
1612
1666
1230
419
-675
-1793
-2625
-3187
-3362
-2929
-2142
-1149
-124
682
1112
1084
803
364
-307
-912
-1395
-1856
-2220
-2805
-3592
-4534
-5824
-7176
-8509
-9657
-10274
-10266
-9598
-8504
-6964
-4994
-2892
-865
635
1531
1880
1627
1068
208
-828
-1715
-2412
-2667
-2553
-2243
-1678
-1185
-1048
-1173
-1523
-2111
-2741
-3336
-3618
-3205
-2168
-701
1137
3157
4979
6274
6826
6630
5733
4300
2598
1063
102
-328
-226
543
1718
2960
4097
4765
4959
4726
4085
3387
2687
2140
1802
1788
2219
2776
3235
3437
3386
3054
2386
1648
1002
424
100
216
783
1564
2543
3737
4810
5607
5886
5692
5172
4160
2887
1556
239
-823
-1583
-1983
-2044
-1830
-1437
-982
-413
74
362
613
851
901
835
789
665
637
728
714
620
472
229
-31
-294
-544
-787
-976
-983
-908
-748
-451
-74
226
440
568
381
1
-439
-961
-1412
-1808
-2128
-2240
-2183
-1977
-1703
-1307
-906
-722
-530
-292
-1
251
353
392
275
-127
-965
-2370
-4239
-6241
-8173
-9796
-10910
-11298
-10913
-9831
-8056
-6096
-4108
-2274
-805
191
495
523
434
200
-10
-250
-387
-429
-516
-589
-892
-1207
-1478
-2020
-2460
-2881
-3339
-3452
-3378
-3066
-2425
-1466
-18
1568
3250
4953
6201
6909
6884
6174
5059
3633
2030
532
-549
-949
-650
94
1092
2100
2967
3579
3773
3619
3137
2550
2116
1904
2041
2477
3108
3748
4177
4308
4057
3389
2320
1107
-50
-1031
-1391
-1121
-334
989
2689
4538
5957
6915
7389
6975
6017
4569
2764
1155
-196
-1187
-1664
-1686
-1349
-847
-427
28
390
428
370
240
-81
-208
-38
48
233
445
694
910
907
782
396
-58
-476
-837
-1069
-1064
-816
-362
225
713
1155
1340
1202
875
209
-527
-1238
-1857
-2127
-2191
-1999
-1655
-1349
-1059
-780
-660
-840
-998
-961
-800
-486
-69
341
589
282
-739
-2294
-4394
-6735
-8959
-11020
-12381
-12741
-12169
-10639
-8539
-6249
-3947
-1883
-356
454
638
406
-10
-480
-813
-923
-828
-559
-334
-212
-304
-692
-1412
-2399
-3479
-4550
-5394
-5796
-5557
-4745
-3247
-1105
1301
3832
6019
7661
8730
8941
8271
6918
5212
3441
1838
634
-7
-45
445
1227
1988
2582
2817
2631
2250
1835
1361
1090
1348
1834
2664
3899
5016
5836
6156
5843
4955
3648
2102
576
-758
-1710
-1910
-1404
-363
1101
2708
4096
5303
6064
6126
5671
4633
3412
2123
892
-9
-714
-1050
-984
-594
-89
228
429
526
438
338
149
-55
-11
81
354
695
913
1151
1151
887
517
-24
-681
-1151
-1331
-1217
-844
-324
359
1062
1596
1857
1715
1160
472
-310
-1112
-1721
-2104
-2131
-1852
-1381
-854
-500
-323
-297
-525
-929
-1326
-1543
-1482
-1199
-865
-553
-460
-982
-2147
-3753
-5675
-7864
-10075
-11876
-12857
-12782
-11896
-10257
-7979
-5458
-3030
-967
559
1311
1337
848
127
-643
-1333
-1699
-1715
-1462
-955
-481
-290
-470
-1281
-2535
-4037
-5501
-6646
-7209
-6797
-5494
-3178
-126
3078
6220
8779
10526
11162
10512
9028
6847
4443
2302
620
-308
-585
-204
619
1527
2269
2594
2535
2039
1271
645
410
514
1046
2212
3738
5298
6599
7314
7357
6548
5118
3297
1197
-675
-2021
-2634
-2435
-1410
82
1853
3655
4939
5775
5993
5521
4629
3443
2233
1220
515
182
89
203
453
633
768
547
99
-174
-583
-900
-1009
-891
-435
114
794
1230
1454
1668
1429
930
355
-270
-666
-823
-709
-228
443
1119
1733
2045
1950
1466
624
-440
-1564
-2432
-2890
-2991
-2742
-2207
-1553
-916
-423
-174
-220
-538
-799
-953
-1058
-787
-389
-89
12
-366
-1317
-2845
-4766
-6979
-9150
-11088
-12431
-12809
-12358
-11167
-9464
-7446
-5217
-3118
-1497
-351
222
342
231
-94
-318
-366
-332
-88
262
488
491
170
-634
-1857
-3297
-4880
-6264
-7117
-7389
-6828
-5339
-3081
-73
3033
5861
8467
10173
10860
10596
9329
7570
5602
3600
1830
580
49
22
307
772
1245
1588
1653
1379
1051
836
674
895
1538
2578
3908
5214
6433
7220
7348
6824
5665
4078
2200
263
-1252
-2157
-2339
-1753
-639
843
2509
3918
4860
5260
5081
4505
3488
2475
1717
1093
839
820
903
1047
1041
818
469
-123
-918
-1455
-1748
-1793
-1378
-731
26
795
1329
1599
1593
1232
584
-125
-673
-906
-841
-434
221
848
1448
1761
1780
1500
742
-140
-885
-1546
-2063
-2172
-2059
-1730
-1200
-774
-559
-583
-745
-1091
-1365
-1420
-1392
-1088
-604
-98
404
307
-481
-1887
-3941
-6154
-8340
-10317
-11754
-12330
-12005
-10952
-9331
-7383
-5366
-3676
-2397
-1631
-1376
-1399
-1649
-1796
-1742
-1496
-794
106
906
1483
1649
1405
528
-948
-2771
-4817
-6507
-7651
-8163
-7723
-6481
-4432
-1659
1301
4065
6333
8004
9111
9350
8835
7878
6563
5113
3835
2895
2119
1511
1130
890
631
438
311
100
44
106
388
962
1752
2869
4076
5208
6257
7068
7419
7192
6420
5242
3762
2139
647
-524
-1147
-1147
-556
420
1605
2862
3855
4394
4405
4032
3385
2529
1809
1415
1404
1663
2007
2440
2764
2879
2613
1953
1056
-39
-987
-1594
-1812
-1637
-1229
-570
275
1036
1511
1512
1248
760
250
0
-290
-245
186
720
1341
1855
2114
1829
1165
344
-669
-1600
-2402
-2955
-3026
-2801
-2222
-1603
-1236
-998
-1027
-1088
-1288
-1577
-1644
-1589
-1306
-846
-405
-267
-726
-1850
-3390
-5258
-7454
-9572
-11257
-12235
-12230
-11428
-10117
-8299
-6307
-4366
-2781
-1810
-1396
-1459
-1603
-1883
-2142
-2081
-1701
-937
-52
790
1390
1498
1044
58
-1382
-3117
-4903
-6422
-7414
-7696
-6995
-5470
-3256
-565
2185
4792
6891
8218
8759
8679
8086
6959
5595
4326
3295
2734
2514
2312
2252
2164
1869
1502
869
171
-451
-908
-920
-403
670
2083
3769
5470
6884
7792
8025
7550
6516
5080
3356
1811
477
-437
-612
-232
647
1804
2909
3775
4312
4428
4058
3353
2447
1423
741
561
659
1135
1795
2361
2882
3063
2770
2107
1112
12
-908
-1400
-1593
-1483
-913
-132
681
1333
1662
1642
1289
723
210
-111
-265
-107
309
968
1610
1966
2097
1747
1126
308
-794
-1789
-2565
-3058
-3133
-2821
-2316
-1750
-1205
-973
-1024
-1115
-1359
-1663
-1822
-1723
-1407
-960
-613
-648
-1030
-1940
-3352
-5173
-7300
-9311
-10978
-12040
-12236
-11689
-10533
-8918
-7162
-5381
-3795
-2611
-1876
-1677
-1684
-1673
-1655
-1544
-1387
-1036
-455
180
556
528
275
-496
-1661
-3108
-4733
-5896
-6682
-7002
-6467
-5143
-3221
-799
1813
4317
6525
8116
8997
8982
8414
7528
6231
4940
3939
3196
2690
2561
2678
2721
2557
2190
1669
928
117
-543
-941
-658
194
1401
3127
4901
6373
7423
7931
7768
6763
5231
3412
1615
237
-603
-862
-539
370
1706
3087
4175
4801
4810
4305
3557
2681
1786
1030
611
566
957
1534
1974
2396
2599
2534
2307
1724
986
333
-152
-385
-378
-100
221
558
923
1141
1229
918
446
178
-121
-357
-359
-266
-68
218
471
642
530
203
-186
-706
-1229
-1779
-2219
-2420
-2523
-2508
-2550
-2654
-2699
-2754
-2660
-2418
-2176
-1848
-1407
-896
-558
-428
-746
-1822
-3250
-4892
-6594
-8365
-9996
-10924
-11238
-10954
-10145
-8931
-7417
-5848
-4273
-3020
-2240
-1744
-1525
-1407
-1243
-991
-716
-495
-115
321
682
923
685
-34
-1112
-2304
-3658
-5105
-6144
-6793
-6759
-5880
-4267
-2061
435
2970
5164
6952
8080
8280
7819
6965
5875
4866
4085
3421
3215
3295
3438
3653
3501
3059
2330
1332
442
-374
-902
-848
-221
1016
2635
4380
5961
7108
7696
7678
7037
5705
4075
2391
953
167
-1
414
1111
2117
3335
4268
4784
4803
4446
3771
2906
1996
1129
644
538
726
1107
1457
1766
1834
1628
1336
883
292
-236
-500
-459
-181
274
778
1214
1500
1612
1394
928
359
-275
-684
-943
-802
-310
100
588
928
1072
1039
588
-130
-957
-1726
-2303
-2703
-2849
-2693
-2401
-2109
-1848
-1740
-1852
-2127
-2486
-2710
-2662
-2475
-2147
-1673
-1251
-961
-976
-1717
-3112
-4820
-6828
-8899
-10692
-11896
-12407
-12292
-11331
-9751
-7908
-5919
-4017
-2450
-1490
-1082
-949
-1009
-1136
-1292
-1323
-1059
-601
7
520
818
851
351
-597
-1969
-3555
-4932
-6035
-6605
-6502
-5571
-3696
-1238
1461
4070
6330
8050
8980
9100
8557
7487
6197
4945
3955
3320
3042
3188
3465
3643
3619
3144
2344
1476
518
-269
-641
-549
256
1659
3304
5006
6560
7614
7974
7612
6620
5155
3427
1743
308
-490
-572
-124
800
2035
3338
4327
4967
5222
4899
4233
3377
2376
1517
956
769
909
1060
1266
1625
1808
1740
1459
955
427
-126
-562
-660
-516
-287
174
771
1200
1438
1369
1121
664
83
-378
-769
-904
-744
-498
-169
213
460
569
324
-309
-969
-1713
-2401
-2848
-3124
-3115
-2886
-2556
-2298
-2171
-2120
-2181
-2275
-2395
-2459
-2308
-2047
-1684
-1236
-1132
-1553
-2484
-3791
-5326
-7157
-8984
-10474
-11480
-11730
-11254
-10318
-8975
-7428
-5869
-4307
-3036
-2204
-1709
-1407
-1231
-1230
-1113
-898
-651
-282
152
511
540
217
-451
-1417
-2684
-3989
-5121
-6001
-6307
-5897
-4647
-2658
-285
2184
4512
6593
8227
9007
8916
8253
7243
6087
4942
3980
3370
3121
3200
3533
3757
3738
3431
2780
2038
1283
647
357
541
1319
2602
4214
5815
7089
7868
8022
7540
6413
4855
3111
1433
268
-178
-131
310
1220
2519
3836
4743
5169
5079
4620
3800
2684
1635
667
-24
-221
-121
181
582
964
1267
1270
1091
775
180
-354
-736
-930
-757
-496
-182
221
512
650
621
463
160
-198
-485
-614
-476
-214
81
354
588
775
650
180
-509
-1253
-1862
-2395
-2830
-3050
-3047
-2696
-2180
-1920
-1840
-1760
-1781
-1811
-1732
-1725
-1618
-1262
-846
-509
-454
-986
-2083
-3633
-5582
-7580
-9473
-11104
-12102
-12312
-11843
-10661
-8990
-7208
-5508
-3971
-2653
-1900
-1571
-1427
-1406
-1370
-1341
-1182
-806
-323
218
708
806
486
-213
-1491
-3039
-4517
-5702
-6547
-6927
-6453
-5116
-3012
-489
2094
4586
6678
8132
8889
8910
8234
7218
6138
4990
4121
3565
3184
3239
3450
3597
3463
2973
2393
1616
925
506
395
822
1699
3067
4692
6250
7560
8213
8126
7367
6154
4615
2910
1383
287
-144
-64
544
1630
2863
4061
4989
5409
5314
4805
3863
2797
1814
1051
627
468
541
746
1013
1180
1124
854
391
-196
-671
-1056
-1215
-971
-622
-127
345
701
947
801
467
-57
-679
-1171
-1617
-1803
-1565
-1059
-551
-17
447
577
478
26
-755
-1634
-2445
-3049
-3360
-3311
-3078
-2620
-2098
-1753
-1446
-1438
-1599
-1801
-2068
-2166
-2125
-1743
-1276
-950
-578
-566
-1126
-2160
-3780
-5716
-7684
-9591
-11059
-11888
-12042
-11349
-9971
-8293
-6325
-4331
-2680
-1426
-727
-446
-367
-487
-618
-631
-551
-244
240
633
847
797
395
-582
-2034
-3419
-4817
-6025
-6604
-6555
-5580
-3848
-1601
1036
3615
5990
7867
8913
9144
8752
7836
6561
5364
4342
3527
3172
3277
3514
3689
3688
3446
2923
2059
1187
434
-153
-249
241
1361
2864
4474
6038
7148
7698
7630
6793
5435
3787
1991
501
-414
-712
-278
691
1973
3385
4518
5307
5678
5387
4620
3438
2130
1127
360
-202
-401
-244
129
574
972
1244
1188
904
582
170
-212
-402
-303
-8
320
672
1044
1200
1032
760
295
-307
-810
-1216
-1439
-1419
-1080
-635
-273
104
230
54
-297
-954
-1665
-2293
-2876
-3209
-3227
-2971
-2685
-2371
-2040
-1831
-1778
-1924
-2119
-2338
-2393
-2266
-2097
-1803
-1648
-1640
-1894
-2692
-3874
-5400
-7170
-8879
-10293
-11227
-11559
-11254
-10267
-8773
-7025
-5195
-3504
-2108
-1164
-603
-317
-325
-516
-750
-818
-631
-232
300
720
853
678
146
-799
-2073
-3438
-4673
-5540
-5764
-5183
-3857
-1948
463
3034
5413
7439
8707
9168
8933
8108
7000
5703
4508
3600
3124
3196
3528
3899
4192
4167
3779
3085
2020
960
236
-64
218
1125
2514
4065
5622
6933
7735
7745
6929
5566
3725
1804
198
-829
-1173
-891
90
1579
3216
4664
5669
6054
5750
4924
3795
2419
1078
129
-408
-590
-407
24
498
908
1174
1176
832
327
-153
-552
-762
-764
-547
-204
102
422
591
485
271
-204
-726
-1136
-1454
-1450
-1318
-1110
-760
-410
-195
-214
-437
-845
-1373
-1912
-2513
-3018
-3229
-3231
-3069
-2917
-2673
-2450
-2372
-2080
-1850
-1812
-1683
-1554
-1312
-1004
-939
-1096
-1625
-2447
-3572
-5104
-6753
-8378
-9721
-10518
-10792
-10445
-9570
-8428
-6844
-5115
-3585
-2252
-1411
-923
-663
-657
-635
-609
-518
-151
279
699
1055
1182
951
262
-796
-2139
-3529
-4730
-5655
-5922
-5470
-4364
-2468
-217
2212
4556
6588
8136
8865
8899
8409
7598
6529
5531
4573
3783
3496
3381
3307
3113
2842
2443
1830
1172
474
-73
-279
180
1205
2520
4102
5655
7016
7770
7825
7385
6234
4572
2778
1127
-126
-840
-824
-250
678
1915
3176
4213
4719
4701
4355
3633
2727
1883
1220
798
580
667
961
1205
1400
1392
1122
690
81
-562
-1032
-1286
-1275
-1015
-694
-290
147
378
439
300
-12
-319
-638
-904
-989
-756
-381
-86
186
279
125
-177
-684
-1302
-1913
-2521
-3000
-3282
-3269
-3111
-3000
-2796
-2570
-2385
-2178
-2005
-1845
-1620
-1360
-1067
-862
-910
-1242
-1856
-2876
-4165
-5512
-6984
-8383
-9388
-9984
-10075
-9663
-8864
-7677
-6296
-4948
-3765
-2774
-2082
-1612
-1319
-1147
-953
-843
-553
-110
339
820
1031
1013
718
14
-948
-2230
-3515
-4539
-5240
-5313
-4733
-3486
-1717
345
2557
4558
6196
7307
7809
7838
7412
6712
5924
5215
4659
4242
4007
3860
3661
3234
2617
1836
987
272
-253
-426
-75
751
1898
3338
4861
6220
7231
7695
7468
6668
5491
3977
2465
1240
332
-36
62
462
1271
2131
2869
3435
3540
3348
3007
2448
1904
1444
1081
1052
1251
1503
1847
2095
2065
1888
1572
993
333
-301
-919
-1226
-1329
-1379
-1182
-858
-603
-439
-368
-467
-649
-718
-691
-539
-184
193
476
843
1137
1169
855
221
-521
-1368
-2092
-2676
-3024
-3086
-3052
-2788
-2541
-2273
-2086
-2091
-2055
-2072
-1954
-1873
-1752
-1503
-1420
-1497
-1948
-2730
-3833
-5265
-6752
-8170
-9260
-9847
-10012
-9631
-8789
-7581
-6160
-4833
-3599
-2728
-2351
-2208
-2177
-2212
-2221
-2030
-1618
-958
-125
734
1391
1627
1455
806
-260
-1713
-3318
-4736
-5805
-6243
-5986
-4969
-3310
-1182
1146
3374
5356
6668
7360
7536
7250
6691
6015
5437
4944
4690
4639
4678
4598
4185
3581
2657
1611
557
-400
-791
-684
-34
1233
2799
4446
6018
7190
7771
7663
6935
5765
4333
2904
1691
917
632
825
1404
2254
3128
3821
4261
4281
3886
3244
2534
1824
1193
887
905
1145
1605
1997
2300
2410
2208
1834
1199
558
-87
-737
-1179
-1434
-1357
-1125
-868
-580
-465
-396
-454
-671
-780
-936
-910
-683
-420
56
394
632
769
582
166
-494
-1245
-1898
-2519
-2923
-3069
-3142
-2940
-2687
-2439
-2168
-2068
-2003
-1975
-1945
-1865
-1756
-1752
-1775
-2011
-2667
-3524
-4705
-6137
-7585
-8860
-9702
-10034
-9863
-9147
-8046
-6612
-5037
-3759
-2764
-2179
-2065
-2210
-2462
-2720
-2903
-2762
-2277
-1474
-385
642
1486
1913
1733
1137
72
-1432
-3080
-4471
-5423
-5838
-5422
-4284
-2581
-451
1810
4001
5815
6949
7372
7290
6827
6166
5490
4859
4486
4347
4452
4570
4433
4179
3521
2559
1552
486
-294
-569
-335
435
1795
3416
5075
6628
7580
7948
7698
6732
5429
3877
2392
1324
574
393
778
1553
2560
3351
3848
4071
3850
3308
2620
1793
1074
673
550
820
1404
2043
2679
3029
3039
2771
2171
1459
628
-258
-902
-1331
-1516
-1410
-1272
-1099
-920
-873
-883
-1009
-1117
-1146
-1070
-684
-233
317
1026
1508
1729
1636
1166
390
-587
-1615
-2644
-3394
-3807
-4019
-3824
-3432
-2990
-2514
-2102
-1729
-1616
-1602
-1657
-1717
-1616
-1554
-1539
-1725
-2207
-2984
-4169
-5575
-7071
-8539
-9676
-10498
-10624
-9968
-8925
-7391
-5613
-3949
-2634
-1808
-1502
-1591
-1926
-2469
-2893
-3003
-2652
-1803
-685
612
1719
2304
2319
1685
407
-1253
-3132
-4994
-6358
-7004
-6722
-5510
-3530
-1064
1467
3841
5885
7260
7791
7690
7046
6034
5081
4291
3630
3522
3728
3790
3901
3776
3270
2488
1458
424
-421
-844
-678
16
1272
3011
4828
6446
7655
8193
7991
7155
5876
4300
2745
1487
607
360
741
1464
2439
3504
4143
4471
4497
3994
3349
2559
1778
1244
1072
1268
1652
2272
2884
3304
3451
3195
2733
2016
1077
208
-616
-1236
-1527
-1654
-1542
-1354
-1217
-1151
-1141
-1028
-1082
-1111
-898
-618
-71
615
1195
1626
1841
1743
1293
534
-488
-1584
-2681
-3610
-4267
-4582
-4549
-4291
-3644
-2923
-2354
-1765
-1384
-1210
-1087
-999
-920
-952
-1162
-1467
-1964
-2793
-3972
-5410
-6915
-8345
-9429
-10059
-10168
-9743
-8826
-7421
-5840
-4341
-3050
-2135
-1757
-1786
-1998
-2383
-2656
-2666
-2460
-1908
-1100
-156
785
1513
1784
1468
538
-869
-2486
-4084
-5302
-6049
-6206
-5528
-4081
-2053
322
2709
4827
6387
7278
7610
7401
6794
5908
4997
4315
3838
3681
3676
3640
3568
3248
2782
2134
1260
514
56
25
448
1297
2651
4279
5882
7126
7815
8001
7501
6374
4974
3347
1871
794
-10
-159
294
1024
1995
2972
3689
3987
3929
3545
2845
2042
1380
922
674
839
1322
1795
2329
2783
2914
2753
2257
1603
789
-70
-762
-1351
-1607
-1565
-1378
-1073
-752
-524
-399
-347
-333
-205
-4
306
714
1073
1495
1800
1812
1620
1083
235
-729
-1800
-2911
-3708
-4107
-4302
-4145
-3628
-2978
-2305
-1602
-1075
-716
-450
-359
-323
-577
-897
-1239
-1881
-2751
-4054
-5398
-6712
-8104
-9202
-9949
-10205
-9975
-9338
-8268
-6894
-5433
-4105
-3132
-2602
-2420
-2469
-2584
-2695
-2763
-2661
-2329
-1658
-677
282
1028
1443
1327
695
-311
-1660
-3179
-4605
-5625
-6131
-6012
-5064
-3480
-1411
963
3274
5264
6726
7592
7876
7576
6931
6086
5126
4367
3904
3634
3470
3355
3121
2778
2345
1742
1152
654
390
465
996
2014
3266
4632
5980
7017
7389
7193
6625
5537
4193
2747
1392
470
62
294
884
1752
2737
3473
4041
4249
4003
3534
2790
2005
1432
1031
1005
1317
1851
2364
2666
2909
2925
2538
1890
1099
228
-554
-1094
-1370
-1419
-1304
-1079
-937
-902
-866
-948
-1004
-1109
-1139
-833
-481
176
1027
1637
2043
2077
1660
871
-215
-1444
-2731
-3805
-4478
-4732
-4457
-3910
-3170
-2348
-1722
-1224
-973
-904
-897
-1061
-1168
-1184
-1201
-1163
-1248
-1712
-2620
-3814
-5326
-7008
-8583
-9898
-10717
-10907
-10434
-9340
-7745
-6022
-4336
-2842
-1884
-1481
-1505
-1835
-2237
-2478
-2606
-2460
-1820
-857
266
1269
1861
1998
1447
272
-1283
-3112
-4841
-6210
-6951
-6903
-5967
-4127
-1686
900
3404
5630
7187
8118
8354
7995
7223
6134
5066
4255
3786
3504
3431
3419
3173
2880
2534
1972
1327
805
441
358
867
1831
3077
4499
5929
7150
7825
7890
7360
6343
4923
3208
1574
269
-485
-547
-138
659
1803
2883
3697
4206
4263
3916
3238
2351
1562
1064
905
1140
1651
2227
2774
3263
3386
3077
2426
1423
219
-982
-1763
-2262
-2448
-2226
-1812
-1267
-791
-314
74
139
18
-36
-106
-44
401
967
1531
1931
2037
1864
1217
204
-1000
-2348
-3583
-4507
-5108
-5111
-4578
-3884
-2956
-2072
-1394
-915
-692
-567
-618
-827
-1080
-1311
-1578
-1824
-2299
-3190
-4335
-5840
-7349
-8752
-9892
-10563
-10853
-10446
-9496
-8155
-6434
-4693
-3198
-2166
-1631
-1487
-1548
-1614
-1797
-1999
-1850
-1347
-636
379
1324
1850
1883
1276
164
-1438
-3180
-4770
-5973
-6586
-6509
-5416
-3504
-1029
1546
4037
6146
7417
8200
8230
7628
6774
5568
4522
3805
3378
3393
3495
3522
3537
3232
2683
2031
1226
469
-89
-151
408
1443
2883
4551
6142
7364
7951
7890
7316
6171
4585
2862
1209
52
-367
-164
643
1699
2797
3815
4410
4712
4582
3951
2970
1931
1201
804
868
1306
2005
2656
2983
3179
3064
2475
1449
188
-992
-1921
-2376
-2368
-1994
-1401
-736
-55
346
459
264
-209
-712
-1193
-1339
-1069
-436
429
1239
1899
2130
1876
1076
-122
-1480
-2991
-4242
-5101
-5432
-5076
-4288
-3192
-2185
-1494
-855
-511
-654
-865
-1178
-1623
-1905
-2000
-1948
-2048
-2422
-3128
-4322
-5736
-7358
-8927
-10067
-10824
-11002
-10479
-9282
-7587
-5626
-3734
-2311
-1439
-1063
-1103
-1501
-2043
-2490
-2660
-2373
-1693
-628
527
1472
2092
1974
1182
-166
-1905
-3685
-5305
-6410
-6825
-6264
-4690
-2392
242
2832
5289
7048
7923
8223
7919
7184
6128
4969
4141
3723
3625
3797
4145
4261
3953
3387
2618
1644
545
-291
-654
-428
445
1786
3541
5469
7070
8036
8389
8050
6996
5441
3759
2072
619
-109
-148
390
1326
2323
3233
3956
4312
4227
3683
2851
2002
1211
743
726
1053
1733
2516
3024
3307
3300
2864
1997
811
-328
-1421
-2179
-2349
-2198
-1706
-1096
-429
136
265
270
25
-517
-979
-1288
-1152
-721
-72
913
1735
2161
2150
1730
847
-439
-1857
-3245
-4335
-5008
-5079
-4608
-3804
-2799
-1914
-1199
-868
-1010
-1318
-1770
-2201
-2394
-2431
-2203
-1782
-1480
-1421
-1893
-2918
-4420
-6169
-7926
-9581
-10699
-11167
-10882
-9861
-8324
-6454
-4532
-2787
-1556
-1054
-1055
-1361
-1844
-2269
-2558
-2464
-1872
-857
448
1587
2308
2502
2078
941
-904
-2907
-4701
-6140
-6801
-6627
-5577
-3500
-799
2010
4690
6804
8103
8610
8304
7438
6184
4838
3735
3104
3039
3327
3731
4096
4292
4040
3425
2535
1408
377
-330
-424
162
1262
2828
4607
6217
7477
8157
7985
7133
5923
4294
2536
1122
185
-273
-173
405
1243
2170
2998
3726
4115
4100
3786
3153
2502
1973
1596
1438
1414
1502
1771
2023
2090
2053
1690
1054
354
-347
-937
-1403
-1627
-1571
-1274
-836
-478
-170
-13
-122
-256
-606
-977
-1021
-908
-612
-165
330
701
878
782
299
-524
-1559
-2556
-3433
-4081
-4252
-4035
-3657
-2978
-2240
-1700
-1194
-1029
-1191
-1395
-1714
-1905
-1866
-1713
-1416
-1204
-1304
-1847
-2775
-4024
-5571
-7232
-8936
-10159
-10681
-10631
-9980
-8722
-6914
-5138
-3490
-2110
-1375
-1053
-1087
-1366
-1764
-2107
-2076
-1681
-972
-105
700
1383
1689
1478
752
-548
-2229
-3995
-5447
-6352
-6607
-5987
-4550
-2496
-22
2595
4957
6773
7868
8122
7727
6941
5934
4862
4028
3549
3465
3725
3994
4290
4353
4014
3426
2517
1535
793
451
605
1326
2485
3848
5288
6573
7463
7802
7470
6545
5229
3707
2215
1087
445
214
467
1056
1893
2798
3492
4046
4223
3951
3492
2871
2228
1632
1175
985
975
1088
1295
1491
1532
1271
758
187
-548
-1220
-1598
-1868
-1910
-1685
-1195
-592
-160
95
151
-48
-361
-744
-1192
-1388
-1425
-1245
-768
-313
-18
141
156
-254
-973
-1830
-2642
-3170
-3446
-3402
-3101
-2610
-2038
-1496
-1106
-1079
-1264
-1573
-2119
-2510
-2495
-2262
-1917
-1500
-1006
-794
-1051
-1808
-3171
-4956
-6951
-8776
-10128
-10834
-10776
-10090
-8896
-7223
-5323
-3538
-2133
-1271
-950
-1182
-1600
-1875
-2115
-2093
-1742
-1098
-154
713
1441
1800
1621
930
-438
-2018
-3573
-4883
-5522
-5563
-4892
-3467
-1437
993
3468
5688
7254
8076
8338
7930
7081
6110
5092
4150
3553
3401
3517
3886
4245
4333
4057
3561
2803
1868
1225
802
655
1024
1939
3239
4659
5967
6950
7344
7106
6336
5029
3483
1897
404
-661
-1186
-1131
-478
565
1694
2808
3722
4229
4451
4351
3825
3092
2270
1520
1011
699
558
435
377
365
245
85
-136
-477
-824
-1078
-1274
-1232
-954
-617
-225
124
342
331
85
-215
-528
-929
-1258
-1432
-1410
-1167
-843
-563
-430
-421
-586
-996
-1502
-1981
-2433
-2721
-2724
-2604
-2303
-1864
-1514
-1269
-1281
-1572
-1930
-2305
-2630
-2703
-2517
-2138
-1570
-1059
-718
-631
-1069
-2065
-3637
-5485
-7309
-8927
-9979
-10424
-10179
-9280
-7863
-6126
-4351
-2615
-1300
-624
-425
-624
-951
-1189
-1305
-1251
-992
-422
284
954
1485
1575
1150
152
-1251
-2732
-4151
-5166
-5583
-5394
-4475
-2958
-915
1646
4082
6054
7462
8084
8121
7576
6627
5506
4319
3356
2690
2524
2761
3061
3342
3479
3290
2824
2348
1729
1106
792
760
1333
2380
3597
4948
6057
6777
6929
6463
5596
4317
2819
1364
150
-609
-825
-433
474
1670
2946
4002
4737
5100
5103
4663
3760
2836
1841
920
316
-38
-117
-194
-172
-76
-130
-200
-302
-463
-676
-877
-904
-802
-659
-404
-107
84
133
-72
-351
-615
-1004
-1366
-1651
-1675
-1540
-1388
-1030
-617
-297
-204
-327
-635
-1019
-1377
-1799
-2146
-2277
-2232
-2115
-1853
-1594
-1476
-1564
-1783
-1916
-1981
-1949
-1862
-1580
-1114
-732
-458
-406
-835
-1697
-2980
-4654
-6461
-8231
-9667
-10440
-10560
-10160
-9191
-7697
-5817
-4010
-2552
-1383
-805
-615
-622
-838
-950
-1094
-1129
-787
-329
208
673
769
634
100
-966
-2224
-3469
-4562
-5289
-5411
-4916
-3723
-1814
508
3013
5365
7297
8553
8940
8614
7794
6601
5191
3817
2780
2167
2008
2310
2825
3321
3460
3213
2823
2226
1546
976
651
745
1448
2707
4182
5685
6923
7609
7585
6842
5592
3933
2077
339
-994
-1643
-1533
-786
479
1984
3322
4476
5245
5380
5078
4327
3229
2006
874
118
-250
-275
-154
80
431
619
613
475
218
-173
-656
-1055
-1179
-1085
-825
-372
-10
197
224
12
-248
-643
-1219
-1720
-2043
-2153
-2041
-1580
-896
-427
-88
120
61
-258
-845
-1424
-2090
-2720
-2903
-2963
-2825
-2366
-2024
-1747
-1531
-1503
-1580
-1765
-1847
-1866
-1855
-1637
-1430
-1316
-1436
-1973
-2996
-4473
-6071
-7572
-8926
-9837
-10076
-9787
-8911
-7555
-5807
-3943
-2343
-1035
-315
23
119
-129
-448
-763
-928
-768
-415
18
357
598
641
131
-720
-1790
-2987
-4087
-4892
-5154
-4837
-3746
-1900
327
2756
5215
7104
8329
8919
8702
7883
6632
5218
3755
2635
2006
1828
2192
2590
2910
3118
2903
2534
1930
1112
580
313
495
1297
2581
4181
5777
7057
7743
7752
7050
5764
4045
2228
658
-658
-1295
-1187
-483
763
2018
3180
4106
4534
4583
4211
3361
2422
1527
710
206
-19
89
274
375
491
449
308
-14
-540
-954
-1339
-1637
-1695
-1526
-1098
-670
-320
-78
-83
-173
-406
-871
-1279
-1509
-1656
-1542
-1228
-796
-144
348
544
557
297
-148
-738
-1491
-2156
-2653
-2903
-2847
-2597
-2174
-1818
-1405
-1168
-1328
-1440
-1579
-1599
-1577
-1458
-1055
-754
-568
-681
-1253
-2380
-3977
-5728
-7528
-9098
-10191
-10668
-10480
-9560
-8052
-6310
-4267
-2335
-983
-47
361
376
201
-123
-495
-699
-580
-362
28
508
786
720
236
-620
-1857
-3221
-4409
-5295
-5632
-5191
-4010
-2045
452
3080
5645
7778
9256
9843
9538
8626
7274
5653
3995
2653
1812
1543
1710
2121
2567
2850
2817
2400
1901
1324
713
357
455
1061
2220
3751
5296
6633
7431
7523
6872
5678
4012
2066
263
-1219
-2103
-2205
-1550
-424
890
2235
3354
4112
4389
4107
3434
2481
1455
573
-90
-435
-611
-516
-177
2
28
-58
-276
-498
-802
-1223
-1500
-1514
-1306
-905
-343
256
693
841
779
630
263
-255
-652
-1052
-1271
-1140
-787
-231
223
503
571
397
-40
-736
-1439
-2233
-2864
-3153
-3216
-2915
-2366
-1712
-1155
-832
-827
-1014
-1177
-1490
-1688
-1723
-1703
-1439
-1065
-706
-787
-1487
-2576
-4200
-6083
-7938
-9583
-10632
-11136
-10816
-9569
-7872
-5753
-3375
-1227
456
1546
1968
1933
1614
1008
344
-187
-384
-256
30
450
833
891
409
-628
-1926
-3246
-4450
-5300
-5610
-5128
-3854
-1762
971
3874
6632
8770
10041
10384
9897
8624
6704
4616
2657
1129
297
157
505
1139
1812
2240
2425
2183
1602
948
185
-241
-171
434
1781
3371
5014
6441
7167
7277
6661
5313
3550
1546
-395
-1887
-2687
-2610
-1833
-542
1021
2456
3664
4408
4607
4320
3487
2343
1182
215
-531
-882
-770
-480
-95
284
480
515
314
-80
-582
-1118
-1427
-1554
-1464
-1125
-662
-97
363
612
634
434
73
-402
-813
-1112
-1251
-1036
-537
75
551
884
1081
817
228
-492
-1333
-2134
-2676
-2839
-2754
-2323
-1596
-946
-419
-63
-37
-367
-845
-1240
-1597
-1736
-1610
-1284
-702
-196
-89
-464
-1333
-2814
-4796
-6967
-8965
-10427
-11261
-11208
-10395
-8872
-6664
-4239
-1727
297
1505
2110
2033
1563
832
-130
-886
-1308
-1439
-1211
-782
-318
47
-70
-769
-1779
-2878
-4027
-4981
-5435
-5268
-4210
-2381
0
2784
5519
7842
9459
10100
9819
8779
7102
5015
3008
1455
440
124
352
1036
1927
2566
2951
2908
2502
1895
1151
581
325
642
1589
2926
4387
5611
6422
6674
6290
5295
3787
2041
412
-956
-1717
-1637
-1014
242
1749
3083
4205
4874
5099
4710
3838
2722
1429
235
-642
-1140
-1338
-1275
-1041
-700
-464
-426
-305
-313
-457
-561
-757
-774
-587
-248
185
481
742
804
548
119
-377
-1009
-1712
-2230
-2465
-2329
-2023
-1472
-705
-31
630
992
1004
709
74
-646
-1424
-2142
-2624
-2616
-2300
-1932
-1401
-940
-648
-564
-756
-1102
-1476
-1880
-2089
-1857
-1347
-715
-208
50
-98
-842
-2199
-4060
-6223
-8378
-10001
-10915
-11024
-10200
-8594
-6461
-3930
-1330
804
2206
2773
2651
2018
998
-147
-1161
-1841
-2070
-1854
-1407
-811
-298
-138
-291
-878
-1838
-2860
-3740
-4236
-4204
-3461
-1964
102
2604
5180
7301
8861
9681
9398
8258
6432
4235
2216
459
-741
-1051
-625
250
1469
2633
3398
3763
3544
2919
2087
1184
579
438
893
1853
3099
4454
5552
6097
6015
5229
3812
2141
476
-958
-1787
-1949
-1463
-234
1335
2963
4399
5284
5577
5305
4567
3305
1870
516
-726
-1506
-1929
-1968
-1550
-1097
-639
-187
195
476
389
271
83
-274
-417
-480
-409
-239
1
228
213
90
-229
-687
-1242
-1765
-1978
-2053
-1853
-1296
-624
162
764
1102
1196
817
113
-843
-1820
-2549
-3059
-3178
-2979
-2523
-1830
-1200
-752
-618
-739
-1030
-1438
-1630
-1645
-1436
-1012
-558
-179
-186
-561
-1573
-3231
-5205
-7424
-9263
-10490
-10996
-10452
-9163
-7279
-4798
-2251
129
1970
2853
3028
2491
1570
470
-743
-1563
-2033
-2156
-1912
-1313
-580
-114
103
-168
-883
-1759
-2669
-3315
-3624
-3424
-2431
-736
1365
3727
6087
7947
9017
9094
8292
6757
4701
2614
567
-981
-1717
-1724
-842
521
1913
3059
3705
3875
3487
2629
1703
967
548
618
1206
2320
3642
4818
5615
5723
5276
4277
2835
1183
-362
-1395
-1781
-1453
-552
870
2587
4098
5111
5651
5579
4917
3917
2538
1103
-150
-1137
-1662
-1756
-1471
-1012
-592
-167
150
316
374
208
-16
-291
-522
-576
-514
-266
87
382
500
440
190
-254
-789
-1258
-1705
-1991
-1940
-1633
-986
-199
461
942
1071
825
340
-465
-1369
-2120
-2724
-3017
-3006
-2652
-2069
-1425
-909
-687
-631
-809
-1022
-1222
-1330
-1143
-846
-426
19
293
120
-680
-2052
-3903
-5987
-8023
-9647
-10491
-10535
-9953
-8496
-6326
-4011
-1567
629
2058
2677
2685
2172
1311
356
-623
-1404
-1832
-1845
-1551
-1042
-527
-237
-212
-687
-1492
-2370
-3181
-3642
-3821
-3470
-2273
-453
1841
4254
6452
8117
8920
8722
7562
5901
3843
1648
-286
-1677
-2102
-1849
-911
563
1890
3002
3706
3841
3553
2904
1985
1225
796
817
1553
2537
3678
4844
5453
5469
4920
3909
2558
962
-491
-1463
-1845
-1610
-760
691
2404
3849
4796
5310
5310
4757
3728
2315
835
-453
-1482
-2154
-2285
-1993
-1452
-890
-355
171
451
483
352
117
-284
-675
-861
-816
-578
-240
181
480
543
407
180
-155
-633
-1065
-1372
-1454
-1210
-693
-109
442
848
969
903
490
-122
-660
-1286
-1864
-2147
-2161
-1918
-1487
-1109
-830
-697
-742
-853
-968
-1010
-969
-877
-685
-384
-244
-255
-657
-1679
-3067
-4895
-6760
-8482
-9866
-10396
-10239
-9356
-7808
-5910
-3674
-1306
601
1778
2224
2028
1464
590
-417
-1268
-1943
-2268
-2122
-1719
-1187
-688
-466
-602
-1145
-1934
-2643
-3252
-3543
-3312
-2670
-1335
599
2740
4955
6781
7898
8296
7798
6544
5026
3278
1451
125
-708
-884
-271
744
1958
3039
3846
4167
3970
3506
2786
2077
1490
1132
1301
1949
2914
3912
4626
4894
4678
4041
2964
1732
581
-466
-1136
-1313
-844
219
1473
2773
3806
4349
4487
4165
3381
2329
1103
-134
-1101
-1740
-1976
-1819
-1426
-865
-324
17
372
621
627
544
258
-26
-302
-429
-265
-182
-14
182
198
134
-17
-188
-411
-668
-949
-1044
-851
-631
-285
139
560
840
763
473
109
-248
-829
-1549
-2051
-2360
-2421
-2141
-1668
-1410
-1281
-1169
-1163
-1127
-1023
-816
-577
-356
-115
143
271
129
-497
-1700
-3361
-5384
-7242
-8767
-9817
-10090
-9721
-8631
-6959
-4902
-2653
-624
929
1683
1717
1408
758
-55
-771
-1360
-1806
-1903
-1573
-1167
-810
-601
-649
-1059
-1812
-2608
-3331
-3638
-3501
-2940
-1806
-206
1804
3924
5809
7151
7868
7812
6984
5697
4117
2427
856
-300
-848
-697
15
1048
2092
3012
3643
3765
3550
3018
2330
1712
1290
1270
1609
2426
3495
4324
4894
4936
4427
3601
2381
1002
-246
-1118
-1508
-1350
-550
690
2106
3363
4255
4673
4560
3986
3059
1989
804
-276
-1043
-1508
-1483
-1127
-759
-258
200
438
676
718
555
295
-42
-295
-404
-365
-301
-165
74
255
280
169
33
-121
-386
-713
-988
-1053
-859
-590
-79
461
730
954
892
452
-161
-870
-1546
-2111
-2530
-2663
-2517
-2184
-1674
-1185
-875
-740
-732
-717
-759
-782
-664
-543
-319
-263
-437
-841
-1694
-2951
-4656
-6466
-8101
-9476
-10238
-10188
-9470
-8116
-6360
-4289
-2127
-434
777
1423
1459
1072
431
-354
-1027
-1544
-1842
-1736
-1542
-1243
-899
-871
-1111
-1550
-2186
-2885
-3379
-3528
-3244
-2422
-1111
609
2602
4688
6538
7738
8202
7893
6891
5538
3843
2125
716
-366
-796
-505
305
1342
2394
3227
3656
3698
3281
2649
1970
1397
1219
1414
2133
3120
4110
5104
5564
5381
4706
3489
2038
582
-693
-1573
-1910
-1599
-658
765
2342
3751
4681
5047
4850
4173
3145
1930
719
-462
-1287
-1674
-1660
-1258
-754
-259
115
342
450
417
267
-9
-342
-600
-711
-636
-384
-67
243
417
390
306
246
156
-101
-380
-531
-623
-526
-141
349
740
939
918
601
43
-557
-1207
-1872
-2365
-2615
-2643
-2398
-1923
-1387
-915
-695
-663
-777
-902
-831
-753
-584
-468
-458
-456
-668
-1205
-2212
-3677
-5506
-7377
-8990
-10083
-10439
-10071
-9101
-7578
-5645
-3514
-1360
323
1427
1862
1645
1125
454
-220
-858
-1270
-1486
-1509
-1247
-970
-818
-897
-1357
-2039
-2657
-3255
-3608
-3495
-2986
-1960
-400
1489
3535
5509
7095
7936
7911
7275
6018
4449
2899
1307
52
-695
-915
-439
516
1540
2368
2908
3096
2904
2491
2051
1663
1422
1499
1954
2781
3785
4703
5319
5435
5026
4065
2848
1585
339
-560
-1004
-933
-285
836
2275
3687
4688
5139
5104
4655
3821
2711
1509
373
-666
-1349
-1505
-1395
-1042
-627
-267
30
194
427
462
295
116
-133
-343
-474
-397
-259
-188
-184
-286
-400
-531
-691
-879
-1069
-1221
-1302
-1112
-624
-103
432
830
901
798
510
-27
-593
-1245
-1921
-2381
-2609
-2379
-1900
-1440
-947
-673
-567
-511
-514
-527
-573
-528
-389
-142
37
107
-13
-665
-1861
-3613
-5461
-7218
-8808
-9808
-10207
-9934
-8984
-7421
-5325
-3107
-1114
447
1343
1699
1567
1117
522
-360
-1080
-1610
-2045
-2096
-1913
-1660
-1501
-1544
-1819
-2155
-2441
-2811
-3002
-2895
-2480
-1541
-158
1633
3678
5450
6805
7599
7594
6981
5860
4273
2558
906
-501
-1233
-1306
-735
399
1545
2452
3111
3422
3428
3207
2637
2033
1601
1366
1595
2212
3080
3868
4345
4419
4086
3430
2455
1285
6
-1019
-1538
-1494
-882
166
1433
2777
3974
4738
5068
4919
4350
3419
2151
797
-378
-1226
-1652
-1678
-1397
-979
-541
-78
280
622
778
632
383
-17
-262
-266
-307
-148
78
243
462
484
448
311
-32
-434
-810
-973
-1040
-867
-433
20
473
687
734
588
204
-231
-817
-1406
-1897
-2164
-2064
-1784
-1409
-1052
-768
-616
-611
-645
-688
-789
-838
-750
-597
-351
-208
-513
-1137
-2080
-3614
-5308
-6935
-8372
-9333
-9739
-9443
-8506
-7054
-5233
-3212
-1358
121
1101
1497
1510
1139
478
-305
-1091
-1750
-2106
-2188
-2122
-1816
-1525
-1452
-1519
-1708
-1944
-2221
-2430
-2415
-2106
-1322
-94
1482
3258
4921
6296
7084
7180
6627
5513
4073
2410
854
-301
-967
-955
-373
540
1629
2631
3390
3777
3691
3262
2756
2079
1526
1324
1329
1848
2517
3177
3693
3767
3518
2849
1986
976
-79
-919
-1379
-1327
-804
198
1419
2619
3749
4587
4959
4891
4324
3256
2030
820
-338
-1238
-1824
-1993
-1758
-1336
-786
-110
466
932
1249
1164
1005
783
389
122
-51
-25
160
373
696
822
733
601
339
82
-181
-527
-623
-478
-209
178
558
896
977
840
495
4
-489
-1123
-1655
-2003
-2110
-1914
-1618
-1281
-1014
-758
-618
-612
-545
-611
-567
-459
-555
-480
-521
-958
-1673
-2772
-4168
-5792
-7356
-8693
-9608
-9862
-9630
-8768
-7427
-5687
-3663
-1891
-454
490
948
1048
764
312
-328
-1020
-1498
-1776
-1814
-1683
-1422
-1258
-1312
-1382
-1606
-1940
-2204
-2395
-2318
-1932
-1170
141
1823
3589
5204
6494
7297
7417
6848
5722
4266
2705
1140
-44
-667
-728
-161
748
1672
2503
3219
3541
3474
3127
2520
1929
1455
1352
1572
2101
2866
3422
3811
3872
3534
2950
2068
980
-61
-898
-1348
-1239
-672
255
1424
2567
3584
4298
4619
4487
3807
2814
1580
339
-695
-1432
-1827
-1906
-1684
-1252
-626
23
562
895
1012
887
585
379
164
-41
-97
-4
185
355
509
650
642
353
-24
-395
-651
-706
-729
-546
-146
131
450
830
831
599
285
-223
-773
-1310
-1694
-1865
-1853
-1678
-1464
-1205
-928
-675
-659
-709
-654
-679
-718
-737
-661
-550
-694
-1114
-1919
-3052
-4343
-5847
-7196
-8326
-9176
-9428
-9013
-8052
-6709
-4938
-3097
-1440
-56
787
1170
1294
1121
649
8
-603
-1046
-1313
-1449
-1428
-1302
-1278
-1350
-1536
-1864
-2231
-2535
-2638
-2621
-2225
-1287
-43
1564
3313
4917
6150
6773
6794
6280
5272
3912
2395
900
-222
-806
-833
-330
528
1500
2350
3053
3542
3623
3389
3061
2583
2092
1950
2168
2631
3179
3587
3809
3790
3401
2744
1924
891
-94
-846
-1249
-1050
-369
671
1874
3013
4091
4853
5055
4837
4183
3049
1699
385
-756
-1625
-2052
-2134
-2023
-1718
-1292
-751
-242
102
289
219
-26
-269
-463
-483
-321
-157
-8
195
449
562
537
464
193
-151
-463
-674
-693
-586
-279
70
324
478
479
413
178
-237
-663
-1066
-1273
-1277
-1212
-997
-635
-268
26
251
295
216
90
-99
-248
-370
-476
-652
-969
-1376
-2110
-3172
-4420
-5871
-7206
-8277
-8913
-9081
-8770
-7890
-6617
-4985
-3247
-1630
-352
480
1015
1106
876
382
-335
-918
-1446
-1838
-1917
-1946
-1941
-1808
-1787
-1936
-2080
-2311
-2590
-2643
-2461
-1947
-1026
204
1795
3471
4928
6128
6851
6946
6417
5453
4228
2757
1298
189
-370
-393
-50
675
1642
2407
2980
3319
3334
3183
2823
2345
1982
1806
1943
2355
2872
3349
3604
3637
3345
2782
2023
1101
274
-394
-763
-662
-173
641
1682
2718
3617
4242
4484
4417
3956
3123
2013
816
-156
-917
-1454
-1623
-1538
-1357
-934
-390
70
500
738
775
632
409
182
-45
-135
-205
-146
-115
-111
37
105
100
-150
-399
-548
-786
-735
-627
-700
-588
-452
-418
-370
-376
-505
-806
-1122
-1339
-1546
-1586
-1520
-1457
-1264
-1169
-1062
-921
-806
-616
-541
-434
-338
-309
-341
-546
-921
-1641
-2754
-4054
-5326
-6559
-7573
-8224
-8537
-8287
-7523
-6377
-4931
-3371
-1920
-741
150
658
921
986
717
255
-193
-635
-990
-1119
-1232
-1325
-1420
-1614
-1842
-2131
-2396
-2629
-2751
-2585
-2197
-1432
-229
1238
2844
4292
5530
6424
6708
6438
5630
4390
2948
1508
375
-302
-552
-299
284
1056
1901
2607
3131
3285
3233
2992
2555
2193
2021
2130
2494
3019
3468
3777
3877
3613
3097
2392
1417
427
-332
-823
-925
-616
177
1139
2162
3254
4083
4678
4793
4398
3733
2744
1577
429
-579
-1309
-1665
-1770
-1687
-1354
-845
-358
-2
318
429
385
277
-9
-119
-109
-159
-141
-75
-18
-11
57
-53
-290
-525
-783
-804
-773
-665
-486
-266
-30
79
78
-24
-148
-438
-726
-1055
-1370
-1418
-1459
-1361
-1253
-1233
-1050
-969
-902
-817
-759
-539
-313
-113
-47
-73
-193
-762
-1757
-3033
-4537
-6011
-7287
-8365
-9025
-9152
-8686
-7682
-6370
-4639
-2755
-1180
24
802
1182
1264
1059
591
80
-504
-1054
-1291
-1381
-1366
-1340
-1479
-1676
-1914
-2286
-2602
-2845
-2909
-2679
-2111
-1051
306
1999
3813
5314
6408
7051
6987
6273
5197
3745
2254
823
-299
-722
-682
-179
599
1331
2133
2789
3051
3143
3023
2630
2239
1994
2063
2466
2899
3305
3682
3867
3786
3415
2796
2013
1181
303
-351
-523
-404
60
852
1823
2861
3720
4412
4716
4571
4182
3350
2292
1193
77
-798
-1350
-1599
-1611
-1370
-907
-346
171
497
567
501
380
162
-53
-240
-319
-323
-307
-205
-203
-281
-350
-437
-589
-765
-864
-899
-823
-736
-521
-223
-74
106
108
-62
-242
-531
-869
-1176
-1350
-1523
-1554
-1427
-1326
-1243
-1310
-1227
-1049
-1007
-759
-452
-181
99
202
152
-197
-990
-2097
-3505
-5003
-6339
-7550
-8397
-8722
-8581
-7911
-6786
-5361
-3799
-2289
-1016
-74
528
818
821
502
72
-376
-831
-1140
-1273
-1283
-1366
-1408
-1435
-1711
-2095
-2487
-2835
-3070
-3111
-2697
-1890
-670
1022
2793
4396
5716
6608
6909
6546
5657
4418
2871
1292
52
-695
-918
-673
-38
803
1656
2388
2831
3008
2982
2738
2421
2214
2273
2511
2933
3494
3909
4105
4134
3975
3436
2688
1765
779
55
-443
-508
-177
404
1359
2383
3294
4058
4496
4667
4388
3749
2822
1673
556
-558
-1390
-1828
-1924
-1692
-1284
-797
-106
468
677
744
655
500
262
-60
-281
-412
-440
-432
-446
-380
-380
-414
-429
-522
-594
-619
-543
-377
-219
-103
40
174
146
-21
-225
-550
-941
-1136
-1268
-1379
-1399
-1398
-1367
-1345
-1354
-1453
-1511
-1426
-1215
-877
-504
-128
129
186
-15
-596
-1601
-2951
-4429
-5955
-7384
-8389
-8939
-8968
-8441
-7431
-6013
-4491
-2924
-1443
-330
333
637
764
594
225
-120
-607
-929
-1020
-1151
-1092
-955
-960
-1042
-1334
-1731
-2068
-2416
-2559
-2431
-1918
-946
305
1856
3575
5016
6059
6694
6633
5985
4844
3458
2040
610
-317
-722
-763
-408
223
1058
1830
2373
2605
2588
2483
2209
1972
1915
1996
2371
2839
3247
3629
3768
3607
3176
2532
1759
906
180
-223
-406
-243
279
966
1981
2963
3742
4453
4752
4583
4151
3452
2476
1432
366
-514
-1059
-1468
-1470
-1127
-676
-69
404
830
1109
1067
946
770
504
161
-51
-156
-167
-64
-78
-53
-55
-173
-330
-519
-579
-580
-539
-360
-136
25
108
160
92
-232
-629
-949
-1250
-1525
-1715
-1790
-1762
-1703
-1701
-1694
-1656
-1531
-1337
-1251
-1058
-671
-403
-173
-38
-177
-551
-1394
-2640
-3956
-5319
-6645
-7719
-8422
-8564
-8205
-7367
-6155
-4743
-3245
-1871
-686
31
454
759
726
466
122
-233
-505
-681
-815
-812
-835
-956
-1205
-1703
-2163
-2593
-2983
-3203
-3143
-2626
-1672
-441
1131
2871
4369
5613
6384
6633
6277
5320
4086
2660
1302
180
-495
-644
-377
126
765
1389
1793
2152
2291
2182
2010
1908
1985
2213
2657
3198
3846
4345
4534
4556
4150
3476
2676
1677
719
12
-442
-551
-289
247
955
1723
2579
3215
3614
3815
3618
3166
2488
1754
921
69
-474
-917
-1170
-1160
-983
-638
-320
-20
223
338
361
277
131
33
-56
-115
-93
-65
-17
-49
-49
-35
-167
-238
-220
-164
-47
71
191
337
381
311
127
-217
-544
-882
-1181
-1356
-1494
-1494
-1456
-1406
-1290
-1312
-1334
-1332
-1421
-1345
-1194
-1050
-743
-501
-319
-214
-489
-1105
-2097
-3345
-4633
-6030
-7266
-8015
-8313
-8201
-7677
-6693
-5339
-3928
-2588
-1483
-710
-114
274
401
328
157
-54
-259
-389
-458
-486
-488
-579
-891
-1231
-1599
-2032
-2379
-2612
-2555
-2302
-1700
-678
569
2132
3595
4819
5835
6292
6288
5884
5007
3852
2664
1491
620
239
160
411
853
1340
1806
2176
2411
2285
2083
2065
2045
2193
2476
2773
3229
3547
3648
3655
3334
2760
2044
1192
427
-214
-635
-747
-656
-227
415
1171
1991
2580
3106
3376
3243
3034
2580
1916
1165
340
-306
-822
-1193
-1381
-1470
-1340
-1097
-758
-437
-280
-100
32
76
166
166
194
341
371
380
352
280
155
-9
-145
-301
-354
-339
-270
-113
-26
4
89
103
-86
-357
-689
-1007
-1196
-1347
-1355
-1218
-1127
-1014
-802
-762
-820
-842
-919
-950
-983
-931
-802
-688
-544
-596
-936
-1495
-2304
-3372
-4572
-5709
-6648
-7239
-7405
-7211
-6542
-5509
-4335
-3123
-2078
-1139
-450
-83
159
253
197
53
-86
-227
-318
-332
-380
-372
-585
-996
-1355
-1841
-2280
-2571
-2635
-2417
-2018
-1246
-93
1226
2547
3765
4782
5433
5698
5532
4985
4138
3112
2190
1379
818
584
678
954
1240
1600
1864
1994
1940
1777
1710
1754
1882
2055
2441
2920
3321
3650
3652
3395
2914
2277
1697
1031
473
196
242
511
875
1399
1945
2409
2709
2883
2842
2584
2249
1732
1182
684
172
-304
-731
-1016
-1180
-1261
-1190
-1042
-852
-592
-341
-111
113
256
279
258
251
133
22
-42
-168
-348
-556
-651
-766
-861
-876
-883
-654
-433
-205
112
299
494
409
158
1
-317
-626
-827
-966
-963
-898
-799
-720
-685
-657
-731
-788
-856
-895
-744
-633
-526
-419
-407
-613
-1187
-2086
-3176
-4240
-5295
-6185
-6721
-6986
-6900
-6477
-5741
-4695
-3649
-2681
-1787
-1107
-608
-290
-114
-13
-37
23
81
-7
-56
-253
-566
-854
-1272
-1755
-2193
-2617
-2882
-2989
-2871
-2403
-1666
-551
665
1926
3254
4275
5078
5527
5407
5019
4309
3365
2472
1574
1026
784
603
734
955
1181
1436
1628
1779
1764
1710
1716
1800
2069
2505
2920
3300
3600
3672
3525
3097
2531
1854
1064
426
-21
-175
98
557
1090
1812
2398
2816
3263
3349
3211
2997
2568
2081
1477
884
387
-76
-391
-664
-903
-984
-1013
-1010
-847
-629
-468
-376
-228
-34
114
225
174
188
201
69
-48
-196
-243
-338
-501
-506
-496
-376
-121
-21
32
99
96
39
-186
-441
-685
-965
-1101
-1165
-1239
-1166
-1057
-1002
-951
-1012
-1111
-1172
-1207
-1242
-1196
-1075
-884
-678
-610
-634
-938
-1525
-2324
-3357
-4433
-5356
-6067
-6595
-6805
-6693
-6074
-5147
-4226
-3112
-2143
-1333
-637
-242
-27
77
117
80
3
-165
-225
-165
-298
-486
-721
-1074
-1463
-1873
-2200
-2404
-2473
-2342
-1918
-1119
-129
963
2132
3169
3990
4592
4806
4664
4328
3641
2816
2051
1412
1011
696
734
1004
1224
1470
1633
1767
1787
1774
1734
1541
1492
1702
1985
2389
2823
3110
3336
3245
2935
2623
2122
1641
1210
816
739
886
1212
1664
2121
2614
3029
3284
3154
2923
2744
2314
1754
1151
664
223
-196
-483
-662
-791
-880
-802
-738
-647
-475
-305
-64
123
216
173
132
139
0
-86
-158
-202
-219
-413
-465
-498
-505
-368
-262
-25
106
140
217
186
136
-47
-412
-654
-920
-1231
-1389
-1480
-1395
-1289
-1169
-959
-952
-990
-1051
-1246
-1402
-1591
-1668
-1543
-1412
-1211
-1012
-1033
-1370
-1908
-2538
-3370
-4330
-5225
-6000
-6463
-6579
-6379
-5818
-5052
-4107
-3081
-2129
-1356
-826
-489
-294
-271
-428
-565
-667
-682
-537
-424
-352
-318
-329
-278
-407
-679
-893
-1158
-1266
-1185
-965
-391
457
1330
2275
3188
3763
4135
4270
4045
3658
2985
2179
1699
1362
1122
1120
1274
1577
1875
2086
2290
2382
2306
2120
1860
1658
1566
1601
1771
1937
2113
2309
2364
2270
2092
1777
1378
1100
796
564
633
816
1279
1800
2156
2610
2845
2889
2842
2568
2230
1768
1295
877
454
156
-211
-472
-406
-409
-341
-208
-72
139
203
417
585
564
684
734
688
665
546
409
274
30
-242
-507
-682
-711
-700
-613
-526
-383
-95
11
55
52
-144
-355
-633
-923
-1193
-1425
-1550
-1558
-1571
-1623
-1595
-1573
-1596
-1671
-1841
-2026
-2108
-2145
-2084
-1963
-1857
-1698
-1690
-1928
-2250
-2641
-3241
-4005
-4680
-5168
-5537
-5634
-5435
-5071
-4406
-3597
-2843
-2100
-1426
-884
-568
-417
-336
-339
-441
-505
-542
-650
-593
-443
-335
-157
-75
-171
-207
-195
-372
-466
-394
-355
-46
420
893
1523
2124
2601
2943
3104
3119
2967
2612
2191
1802
1491
1384
1347
1491
1806
2158
2535
2671
2749
2757
2610
2381
2117
1984
1765
1676
1709
1692
1801
1799
1805
1776
1638
1531
1441
1353
1272
1347
1414
1541
1835
2159
2450
2686
2917
3035
2969
2690
2285
1824
1350
892
364
-21
-298
-544
-536
-414
-196
50
196
288
337
375
242
205
260
162
198
296
442
525
515
443
212
39
-260
-542
-646
-832
-947
-1013
-1006
-896
-865
-891
-968
-1128
-1359
-1598
-1857
-2090
-2115
-2044
-2087
-2071
-2005
-1985
-1949
-1959
-2019
-2092
-2138
-2327
-2478
-2382
-2445
-2527
-2541
-2797
-3051
-3303
-3594
-3849
-4193
-4473
-4593
-4642
-4465
-3952
-3218
-2421
-1708
-1042
-409
62
348
365
83
-267
-665
-1091
-1277
-1206
-1099
-920
-552
-113
229
470
672
692
590
490
390
420
596
931
1444
1983
2473
2893
3146
3172
3035
2684
2086
1460
977
716
723
942
1331
1849
2343
2796
3215
3494
3538
3237
2795
2390
2024
1780
1628
1564
1601
1714
1904
2092
2203
2197
2088
1937
1715
1399
1211
1318
1477
1633
1937
2159
2438
2825
2871
2793
2532
1979
1350
654
144
-199
-464
-549
-488
-297
-36
254
505
510
392
191
-162
-376
-508
-584
-496
-372
-110
199
431
605
618
539
254
-132
-500
-908
-1099
-1252
-1456
-1512
-1534
-1631
-1664
-1701
-1901
-2092
-2338
-2555
-2698
-2790
-2738
-2739
-2682
-2525
-2379
-2141
-1983
-1908
-1870
-1897
-1977
-2199
-2400
-2655
-3005
-3308
-3657
-3880
-3934
-3971
-3899
-3780
-3624
-3437
-3164
-2754
-2422
-2027
-1625
-1370
-1042
-773
-698
-524
-425
-527
-583
-664
-643
-582
-491
-305
-160
82
281
431
743
1025
1233
1395
1529
1709
1977
2318
2554
2714
2824
2835
2746
2583
2328
1994
1688
1417
1279
1334
1474
1701
2080
2420
2716
2999
3168
3321
3295
3221
3215
3041
2881
2734
2558
2451
2271
2059
1901
1720
1574
1466
1393
1319
1207
1233
1272
1296
1444
1609
1708
1779
1894
2013
2066
2047
1934
1749
1522
1247
951
546
242
111
-174
-335
-269
-283
-341
-279
-196
-245
-303
-407
-488
-516
-598
-583
-513
-476
-408
-334
-363
-403
-426
-518
-702
-911
-1135
-1441
-1665
-1908
-2141
-2323
-2524
-2555
-2559
-2564
-2566
-2603
-2602
-2727
-2799
-2801
-2846
-2734
-2642
-2540
-2349
-2169
-1984
-1954
-2034
-2207
-2507
-2942
-3395
-3724
-4055
-4247
-4205
-4050
-3844
-3441
-2953
-2602
-2208
-1955
-1728
-1517
-1458
-1298
-1212
-1115
-862
-523
-171
170
447
498
502
441
356
219
14
-1
9
179
435
777
1340
1851
2309
2620
2898
3099
3156
3108
2904
2684
2330
2031
1807
1613
1622
1680
1857
2047
2217
2464
2633
2723
2754
2810
2850
2784
2762
2812
2881
3018
3079
3067
3070
2887
2616
2375
2028
1670
1377
1139
994
955
1102
1300
1414
1622
1878
1908
1891
1885
1772
1765
1623
1381
1315
1148
1018
967
777
643
499
348
237
153
12
-189
-324
-562
-760
-881
-935
-955
-1022
-1037
-1131
-1228
-1293
-1393
-1462
-1601
-1686
-1730
-1805
-1735
-1717
-1752
-1774
-1824
-1889
-2050
-2266
-2512
-2695
-2893
-3001
-2922
-2932
-2956
-2883
-2789
-2648
-2633
-2791
-2780
-2743
-2832
-2874
-2900
-2852
-2798
-2717
-2544
-2469
-2465
-2483
-2462
-2403
-2445
-2417
-2338
-2218
-2031
-1867
-1486
-1176
-999
-681
-466
-248
-54
38
165
169
166
259
331
464
466
480
597
615
666
735
937
1190
1346
1520
1738
1947
2106
2326
2567
2752
2824
2869
2890
2830
2850
2665
2490
2436
2169
2003
1936
1908
1989
2046
2176
2343
2460
2540
2615
2626
2575
2608
2621
2641
2666
2613
2552
2481
2413
2228
2075
1991
1777
1593
1420
1232
1124
1026
939
877
866
912
937
1028
1115
1106
1135
1078
1001
878
653
468
253
84
-60
-216
-310
-374
-506
-619
-650
-803
-933
-1036
-1251
-1407
-1550
-1696
-1808
-1829
-1813
-1761
-1688
-1720
-1719
-1737
-1738
-1774
-1860
-1912
-2014
-2125
-2247
-2345
-2435
-2554
-2659
-2679
-2659
-2730
-2806
-2813
-2742
-2701
-2713
-2702
-2773
-2834
-2884
-2983
-3019
-3020
-2911
-2742
-2591
-2344
-2228
-2130
-1953
-1905
-1816
-1799
-1785
-1707
-1716
-1655
-1563
-1428
-1185
-1003
-735
-400
-223
19
287
459
573
599
727
842
834
917
1049
1166
1267
1448
1683
1846
1976
2173
2319
2303
2354
2419
2457
2461
2441
2580
2659
2720
2913
2995
3018
3001
2948
2878
2717
2563
2415
2252
2150
2191
2218
2236
2339
2408
2499
2445
2301
2262
2161
2117
2081
1974
1981
1865
1800
1833
1724
1769
1825
1777
1742
1598
1433
1320
1135
903
666
508
422
396
436
349
279
298
236
172
42
-161
-315
-533
-790
-907
-1000
-1132
-1227
-1321
-1395
-1489
-1599
-1738
-1845
-1955
-2104
-2235
-2338
-2332
-2379
-2433
-2491
-2537
-2547
-2608
-2605
-2678
-2782
-2824
-2925
-2926
-3000
-3103
-3009
-2957
-2928
-2920
-2859
-2758
-2694
-2653
-2578
-2440
-2434
-2392
-2249
-2179
-2210
-2191
-2111
-2078
-2015
-1908
-1803
-1699
-1602
-1443
-1156
-946
-802
-640
-479
-346
-194
-72
37
244
241
284
482
518
590
751
916
1116
1262
1402
1562
1601
1642
1707
1791
1804
1855
1970
1953
2020
2061
2066
2155
2256
2465
2536
2497
2571
2600
2648
2694
2740
2830
2845
2821
2743
2666
2624
2543
2423
2333
2316
2258
2247
2193
2159
2207
2071
2016
2005
1941
1963
1978
2023
2030
2101
2194
2195
2154
2014
1935
1852
1631
1411
1242
1051
821
661
565
417
267
169
37
-84
-148
-248
-346
-456
-572
-623
-683
-795
-878
-999
-1264
-1420
-1482
-1680
-1921
-2052
-2234
-2436
-2566
-2745
-2778
-2777
-2805
-2762
-2827
-2851
-2813
-2842
-2879
-2905
-2847
-2853
-2961
-3078
-3125
-3103
-3221
-3288
-3254
-3218
-3143
-3130
-3095
-3016
-2940
-2849
-2674
-2437
-2361
-2212
-2006
-1955
-1839
-1785
-1724
-1550
-1511
-1407
-1246
-1191
-996
-841
-748
-590
-470
-359
-307
-192
-41
131
302
440
606
741
906
986
1090
1266
1360
1490
1556
1621
1761
1901
2050
2150
2259
2352
2412
2467
2538
2618
2666
2688
2679
2685
2768
2842
2841
2863
2922
2936
2949
3015
3050
3056
3019
3038
3013
2828
2765
2686
2586
2575
2514
2425
2341
2288
2229
2156
2062
1951
1874
1742
1569
1579
1532
1351
1355
1327
1200
1089
997
914
749
565
381
166
-40
-261
-423
-550
-726
-807
-889
-1064
-1160
-1229
-1380
-1542
-1550
-1482
-1613
-1710
-1767
-1852
-1867
-2009
-2118
-2260
-2412
-2452
-2623
-2815
-2857
-2923
-3010
-2973
-2987
-2988
-2965
-2927
-2854
-2894
-2836
-2701
-2689
-2659
-2620
-2616
-2516
-2510
-2521
-2437
-2376
-2333
-2276
-2194
-2216
-2151
-2012
-1933
-1793
-1713
-1543
-1292
-1154
-1033
-922
-807
-761
-666
-625
-610
-517
-452
-263
-150
-47
83
169
242
302
411
454
535
613
725
896
973
1113
1312
1388
1342
1450
1712
1787
1838
1974
1972
2022
2100
2192
2378
2393
2461
2496
2490
2557
2570
2717
2696
2628
2687
2747
2849
2805
2785
2814
2767
2704
2674
2634
2593
2664
2670
2637
2673
2623
2535
2432
2302
2228
2118
1943
1772
1660
1602
1471
1359
1204
1140
1172
1032
892
668
511
372
126
-25
-216
-358
-437
-599
-710
-802
-993
-1171
-1261
-1346
-1529
-1664
-1837
-2058
-2106
-2140
-2116
-2073
-2085
-2071
-2145
-2128
-2117
-2314
-2464
-2613
-2685
-2756
-2911
-2940
-2967
-2964
-2895
-2781
-2752
-2814
-2753
-2753
-2721
-2626
-2630
-2512
-2450
-2443
-2238
-2086
-1980
-1868
-1843
-1749
-1664
-1640
-1616
-1607
-1557
-1525
-1414
-1287
-1201
-1065
-1008
-924
-754
-624
-438
-311
-213
-70
-44
-1
169
397
532
694
866
927
993
1114
1257
1257
1254
1353
1436
1539
1595
1711
1861
1894
2013
2140
2235
2285
2258
2320
2359
2400
2492
2508
2532
2542
2593
2636
2587
2557
2467
2327
2264
2254
2243
2193
2105
2180
2271
2144
2120
2099
1983
1991
1856
1642
1532
1378
1306
1306
1267
1197
1116
1086
1015
955
941
753
523
382
303
193
-41
-116
-127
-268
-411
-472
-500
-627
-715
-813
-905
-1022
-1258
-1291
-1390
-1477
-1456
-1572
-1567
-1630
-1684
-1702
-1810
-1775
-1806
-1855
-1883
-1971
-2028
-2133
-2093
-2007
-2081
-2148
-2132
-2133
-2173
-2094
-2031
-2022
-2035
-2059
-1955
-1927
-1937
-1862
-1834
-1782
-1715
-1690
-1674
-1604
-1525
-1467
-1368
-1308
-1191
-1077
-1061
-944
-823
-713
-631
-586
-447
-366
-319
-268
-240
-148
-50
-10
65
127
161
170
247
453
582
724
796
867
1015
1081
1196
1241
1337
1474
1494
1574
1628
1713
1754
1684
1678
1672
1694
1651
1558
1620
1681
1701
1740
1779
1807
1812
1869
1892
1905
1922
1863
1821
1809
1807
1743
1645
1520
1391
1467
1489
1446
1427
1313
1286
1225
1159
1237
1188
1061
956
885
848
718
657
697
680
567
506
444
279
216
217
131
-22
-181
-266
-366
-525
-624
-597
-614
-777
-820
-880
-992
-1039
-1165
-1213
-1237
-1363
-1472
-1498
-1576
-1728
-1748
-1759
-1824
-1847
-1856
-1881
-1891
-1884
-1905
-1932
-2023
-2014
-1934
-1987
-2010
-1964
-1924
-1848
-1800
-1790
-1661
-1597
-1542
-1464
-1377
-1264
-1303
-1201
-1081
-1063
-1001
-995
-930
-851
-754
-658
-638
-488
-387
-332
-175
-87
-37
-25
-20
67
91
143
267
281
377
472
478
548
587
691
781
740
755
813
850
872
854
891
989
1122
1177
1119
1156
1232
1314
1337
1306
1318
1316
1362
1396
1327
1282
1357
1376
1361
1404
1424
1472
1490
1449
1440
1418
1464
1532
1454
1429
1436
1383
1332
1323
1327
1203
1134
1150
1100
1043
985
894
808
752
689
657
672
615
501
467
419
317
242
179
75
-27
-73
-139
-229
-331
-462
-585
-682
-779
-782
-768
-854
-890
-899
-898
-899
-1002
-1049
-1040
-1113
-1116
-1095
-1180
-1197
-1241
-1331
-1267
-1310
-1395
-1381
-1354
-1356
-1460
-1437
-1378
-1377
-1391
-1296
-1089
-1108
-1154
-1145
-1185
-1201
-1162
-1136
-1108
-1093
-1156
-1121
-1038
-1004
-971
-924
-855
-819
-822
-798
-726
-660
-624
-654
-605
-495
-502
-408
-344
-290
-143
-151
-151
-57
-9
-1
37
49
103
170
195
326
460
508
539
574
681
755
781
856
892
933
978
1056
1104
1097
1087
1047
1093
1119
1089
1148
1186
1136
1133
1134
1125
1208
1188
1107
1111
1063
1000
984
980
1024
1034
986
964
979
1022
953
863
934
883
775
790
684
669
671
535
510
417
384
414
329
320
288
239
234
214
182
116
48
30
-5
-62
-53
-83
-80
-101
-217
-255
-306
-327
-346
-426
-468
-534
-574
-601
-608
-558
-598
-655
-635
-653
-698
-707
-772
-803
-780
-825
-910
-942
-822
-856
-980
-880
-815
-845
-883
-1001
-1045
-906
-868
-954
-908
-883
-888
-873
-880
-850
-914
-969
-925
-808
-731
-725
-657
-658
-607
-538
-512
-471
-493
-476
-463
-439
-359
-288
-312
-285
-190
-163
-68
-21
-12
31
79
133
143
183
263
275
292
389
451
537
602
685
751
733
792
783
793
749
739
767
673
751
800
900
1007
924
927
926
892
829
784
815
744
743
784
765
752
787
820
796
865
787
741
811
703
635
595
536
539
493
505
559
495
459
406
396
405
292
249
229
239
295
215
123
130
136
141
148
152
113
27
23
31
-37
-81
-176
-253
-248
-274
-284
-338
-479
-494
-414
-426
-434
-477
-521
-561
-635
-642
-659
-624
-636
-755
-815
-803
-807
-843
-891
-995
-1020
-993
-1005
-948
-880
-854
-876
-870
-843
-878
-876
-825
-857
-920
-858
-840
-872
-842
-804
-755
-704
-645
-643
-690
-692
-620
-574
-565
-426
-329
-349
-309
-243
-195
-142
-131
-117
-49
23
33
46
150
162
155
202
230
288
323
310
331
362
379
470
588
626
605
589
603
679
706
733
754
774
840
807
806
779
796
905
898
834
819
873
906
949
942
966
973
857
901
876
741
800
893
891
869
873
896
929
794
611
633
609
557
562
539
532
419
387
441
359
325
302
196
72
0
26
22
-73
-127
-109
-140
-194
-228
-237
-292
-385
-435
-502
-544
-589
-593
-559
-606
-655
-698
-724
-736
-758
-797
-857
-879
-876
-843
-817
-816
-795
-835
-830
-782
-840
-910
-945
-945
-969
-870
-759
-826
-814
-831
-868
-786
-760
-732
-681
-677
-661
-654
-646
-600
-561
-637
-666
-589
-549
-507
-441
-358
-318
-282
-218
-223
-213
-148
-76
-8
41
36
87
207
239
303
364
341
376
425
395
392
487
485
516
648
669
664
626
663
759
727
733
858
854
862
925
863
913
889
862
915
809
768
773
762
715
703
694
732
816
766
764
699
650
675
692
658
599
590
467
502
558
498
486
454
433
365
328
340
322
247
168
176
153
76
162
151
-25
-7
-39
-61
-47
-72
-50
-128
-170
-232
-242
-261
-418
-410
-400
-471
-452
-368
-377
-514
-598
-595
-589
-652
-672
-675
-791
-772
-746
-824
-818
-818
-752
-798
-862
-752
-742
-823
-836
-788
-777
-785
-763
-720
-749
-726
-693
-688
-583
-521
-586
-647
-521
-468
-457
-368
-394
-284
-208
-248
-201
-189
-188
-132
-62
-41
40
98
126
109
86
164
221
251
233
287
366
443
465
401
474
527
491
470
512
558
550
584
590
575
594
613
551
507
531
490
549
576
492
478
512
622
621
580
597
587
585
630
660
559
507
514
560
577
494
452
396
431
504
505
523
493
454
376
314
356
315
287
289
239
207
159
127
140
121
149
184
94
19
-24
-32
-48
-48
-80
-165
-196
-239
-215
-257
-294
-287
-389
-424
-442
-493
-503
-405
-347
-428
-491
-546
-563
-509
-517
-583
-585
-589
-642
-670
-650
-665
-665
-612
-655
-645
-567
-589
-620
-610
-581
-552
-530
-546
-509
-409
-396
-439
-444
-447
-448
-333
-303
-349
-315
-321
-232
-164
-222
-150
-113
-95
-95
-130
-54
-71
-74
42
41
-38
-6
-4
11
84
110
173
198
249
272
290
310
307
300
276
309
289
297
325
312
337
345
367
418
416
442
556
586
545
544
525
492
476
516
566
538
501
455
429
484
519
487
508
517
467
544
553
502
509
495
526
518
517
430
384
421
354
388
307
194
288
223
155
152
55
52
115
151
101
38
1
-4
-36
-105
-86
-105
-206
-253
-199
-186
-204
-233
-310
-321
-249
-233
-356
-397
-370
-443
-448
-437
-407
-339
-382
-387
-436
-548
-548
-511
-528
-564
-548
-519
-516
-503
-461
-442
-410
-372
-417
-511
-488
-423
-455
-499
-552
-544
-515
-439
-372
-377
-330
-364
-362
-322
-321
-293
-310
-286
-230
-190
-167
-196
-189
-130
-73
-35
-32
-66
-66
12
42
50
51
46
55
75
161
241
303
338
326
319
334
312
262
316
324
334
439
407
450
543
542
542
430
358
474
456
425
517
416
369
426
453
462
415
389
372
399
372
262
295
352
359
388
287
261
288
254
307
227
147
204
150
103
112
48
54
136
59
-44
-26
-24
21
24
-11
19
-16
-73
-122
-97
-78
-135
-112
-180
-233
-215
-199
-132
-113
-242
-279
-183
-205
-171
-241
-224
-185
-373
-323
-275
-368
-421
-400
-360
-346
-371
-415
-305
-246
-316
-375
-381
-369
-336
-257
-269
-324
-278
-301
-331
-281
-326
-283
-290
-316
-177
-193
-202
-141
-188
-159
-140
-162
-110
-89
-92
-97
-78
-13
-56
-84
22
28
3
15
4
63
115
137
150
140
141
131
155
179
134
154
167
138
176
201
226
174
112
188
238
244
218
231
281
285
275
260
315
325
281
261
248
228
138
142
223
256
273
256
248
263
292
285
353
337
194
250
264
271
272
190
226
219
140
152
172
190
181
71
92
140
93
63
61
70
37
36
-24
-4
67
-35
-18
-9
-77
-95
-106
-72
-54
-111
-168
-101
-105
-173
-195
-177
-128
-162
-232
-270
-277
-249
-231
-256
-223
-239
-258
-226
-259
-256
-241
-235
-247
-233
-221
-218
-199
-264
-268
-244
-253
-241
-251
-204
-183
-223
-160
-116
-170
-147
-143
-143
-75
-99
-70
-22
-25
-43
-99
-82
-75
-82
-60
44
21
-46
33
-61
-87
-9
-17
35
71
29
3
-31
-32
70
98
138
116
95
153
77
71
71
40
109
164
131
89
83
51
101
162
123
139
136
131
178
117
91
144
170
198
221
200
225
252
171
228
289
239
279
279
219
183
168
132
127
156
169
169
172
206
202
175
164
184
141
108
163
188
160
100
29
8
70
64
36
22
-20
36
51
-2
24
-39
-72
-50
-66
-50
-115
-93
-57
-107
-122
-147
-149
-198
-180
-128
-184
-216
-160
-125
-163
-139
-130
-187
-197
-145
-166
-182
-143
-172
-220
-230
-192
-128
-163
-234
-248
-271
-235
-191
-172
-128
-163
-178
-101
-125
-160
-102
-145
-176
-70
-134
-174
-83
-168
-160
-169
-173
-55
-57
-34
-49
-70
-31
6
37
-1
-32
-42
-42
-62
-31
36
-10
-30
28
78
80
125
196
206
163
110
129
118
133
181
174
113
157
207
148
187
192
165
156
166
204
277
320
255
251
270
280
291
250
217
262
283
222
166
200
230
206
237
159
60
117
161
177
148
159
153
67
100
159
156
100
31
42
25
21
53
-2
-43
-26
32
59
7
-67
-93
-50
12
1
-57
-47
-56
-110
-146
-156
-152
-160
-190
-122
-100
-184
-191
-180
-158
-207
-214
-158
-125
-89
-151
-192
-249
-265
-197
-187
-134
-188
-222
-160
-212
-252
-247
-165
-104
-121
-131
-157
-182
-154
-145
-167
-151
-162
-169
-158
-133
-142
-95
-14
-62
-56
-39
-64
-21
-51
-44
15
-37
-61
-41
29
66
35
92
112
75
117
98
100
159
93
106
156
171
146
88
123
182
257
188
168
217
126
135
134
120
189
204
142
132
205
193
178
234
153
116
195
179
162
192
181
116
110
152
172
173
60
47
122
26
48
103
91
92
40
58
22
-53
-73
-35
12
-8
-16
-9
-30
7
16
-42
36
31
-93
-67
-128
-92
59
-53
-65
-73
-166
-112
-147
-181
-105
-99
-107
-138
-187
-165
-150
-104
-56
-129
-160
-147
-193
-125
-72
-144
-177
-151
-167
-157
-130
-195
-155
-131
-138
-123
-174
-101
-75
-112
-91
-95
-60
-82
-110
-127
-112
-29
-59
-61
-40
-21
-12
-52
-49
-98
-84
-13
-24
-5
81
90
69
69
14
-16
-22
-24
20
-9
26
112
69
103
122
69
107
122
175
235
182
115
45
61
80
39
98
114
63
130
158
134
119
38
95
119
130
265
217
124
88
90
101
54
88
86
76
120
123
123
115
150
93
102
74
-34
74
54
18
51
72
71
1
57
-10
-101
-36
-64
-25
55
16
-33
0
-12
-71
-30
-31
17
36
-53
1
-41
-103
-87
-93
20
-13
-36
-51
-136
-58
-94
-96
-2
-35
-69
-58
-45
-76
-87
-65
-116
-126
-96
-81
-76
-51
-5
-19
-32
-81
-154
-126
-96
-78
-57
-56
-16
-51
-80
-33
-70
-52
-41
-69
-9
-124
-215
-90
-85
-93
-19
-35
-27
-15
-73
-6
-40
-96
-57
-101
-4
56
-44
-60
-50
-57
-32
-13
32
-4
-77
6
10
-51
11
20
8
16
1
31
26
-11
-35
2
-12
-53
26
2
-52
3
-7
-9
49
58
29
85
108
55
72
84
69
59
67
56
71
109
103
68
28
81
114
66
62
101
146
122
50
93
102
62
78
108
150
154
147
116
62
105
75
7
92
175
176
100
66
95
74
100
109
31
54
29
-112
-33
32
-38
-16
-65
-24
0
-84
-34
-55
-70
-19
-9
-37
-73
-27
-62
-108
-103
-114
-45
-107
-153
-58
-106
-144
-110
-94
-71
-75
-117
-169
-197
-160
-87
-84
-82
-87
-139
-126
-73
-44
-39
-70
-130
-178
-87
-26
-113
-97
-35
-28
-38
-84
-26
42
-19
-9
-28
-97
-57
-38
-16
-11
13
-23
-106
-69
-4
4
7
53
-16
12
25
-30
35
1
-8
3
54
46
-55
33
67
62
96
39
57
83
47
15
59
98
52
58
87
78
72
78
59
43
21
2
49
58
39
126
144
90
96
96
64
26
69
109
51
56
70
17
72
83
59
87
47
47
84
59
71
90
39
50
56
-1
-11
40
61
9
2
10
-1
50
72
27
-16
-27
-50
-30
75
82
67
7
-28
11
-53
-27
-23
-1
20
-66
-11
-21
-38
13
-102
-103
-25
-127
-132
-44
-60
-34
-47
-144
-98
-70
-114
-91
-84
-155
-180
-154
-58
25
-35
-103
-93
-88
-187
-111
-30
-140
-122
-74
-33
-90
-175
-110
-127
-83
-28
-88
-62
-63
-72
-33
-47
-80
-52
7
21
41
62
51
46
5
3
17
8
32
75
130
46
-16
42
67
86
101
65
86
145
95
63
65
89
147
143
135
93
-24
45
200
140
127
139
68
116
120
69
85
88
91
93
68
56
80
73
30
39
33
89
123
3
13
60
-35
-48
-2
83
133
32
44
28
-9
29
-57
-46
-6
-55
-26
14
32
46
-11
-68
-2
57
-26
-73
-74
-100
-71
-34
-44
-62
-54
-27
-67
-69
-14
-102
-97
-72
-78
-23
-72
-7
32
-109
-167
-103
-41
-76
-134
-80
-43
-24
-8
-39
-49
-110
-104
-17
32
-20
-90
-66
-56
-76
-42
41
-4
-36
-8
-17
6
-94
-67
57
-18
-41
-7
44
28
8
99
16
-36
-20
-31
21
46
44
-56
-73
22
70
129
52
2
21
-61
6
36
-31
93
63
21
80
-52
-20
3
-12
37
5
59
29
2
74
55
53
73
-20
-25
53
36
62
66
-24
-18
6
23
73
85
47
-42
-35
49
55
3
40
84
46
17
12
23
10
36
2
-27
58
7
50
98
-11
-22
-14
-27
-10
16
6
64
62
-1
-1
-12
-23
-33
8
-2
41
49
-45
-14
-17
9
29
-76
-78
23
43
-23
-10
-9
16
47
0
-11
-46
-68
-23
14
-37
-29
57
32
-53
-38
1
-29
-58
-67
41
60
-36
4
56
33
-33
-73
-39
-48
-56
-37
-22
53
13
-6
3
4
13
-46
17
9
-14
-13
-33
-1
1
2
-27
28
29
-45
0
-11
-22
-26
3
56
10
14
-7
9
5
-86
5
102
68
32
14
35
83
18
-89
-24
55
66
45
6
19
-16
-48
20
70
3
-33
-7
61
89
-26
-50
-57
-33
20
-33
1
-4
-6
19
-6
8
-45
-13
-22
-69
-23
-23
15
36
3
-28
-69
-94
-75
-62
-40
13
-46
-101
-17
-15
-61
-32
-47
-59
4
-1
-39
-8
4
9
-4
-6
-34
-52
25
-22
-51
6
-22
17
55
52
57
-27
-30
59
-4
-57
7
24
16
11
15
35
16
-9
8
20
69
87
63
108
7
-16
125
31
37
76
18
86
81
34
-15
-25
-2
47
73
47
86
60
27
48
66
57
0
-23
32
56
-4
43
89
-5
-63
1
67
31
-61
-14
88
46
50
42
18
20
3
-50
-85
-50
-85
-33
5
-61
-38
-43
-53
20
-31
-105
-61
-27
-39
-104
-4
61
-76
-70
-45
-101
-73
-71
-44
-32
-59
26
54
49
-20
-82
15
20
-38
-24
8
17
-15
-36
38
31
-69
-63
-98
-93
37
65
102
72
-2
43
14
8
30
52
56
-9
-20
34
55
43
17
-31
26
30
2
90
41
3
5
-22
38
48
25
42
-27
-127
-45
21
25
65
-21
-77
-26
-9
63
94
87
59
-75
-54
21
61
106
80
14
-32
-36
-20
31
-8
-84
-35
51
63
0
18
10
-55
-21
-22
-27
-10
-35
-52
-5
-17
-90
-58
-31
-30
-29
-70
-65
51
59
12
29
-38
-45
-52
-83
-19
-68
-81
1
-81
-75
-29
-45
-6
-101
-123
-13
-11
34
-11
-80
12
14
-35
-53
-30
-29
-29
-27
-53
-12
100
98
-36
4
41
-35
9
69
59
2
-6
28
35
34
-9
-12
10
-55
-91
-44
34
83
65
74
84
69
23
-27
40
41
0
101
90
50
78
18
-46
-33
40
103
115
60
82
66
16
92
75
66
101
79
38
-25
-20
45
23
-4
-1
-41
39
81
41
80
76
47
35
42
15
-5
-1
18
67
-12
-87
-27
-11
-92
-60
-2
-23
-4
-82
-103
-35
-34
-12
-44
-51
-62
-102
-92
-127
-77
-59
-113
-76
-100
-96
-30
13
16
9
38
-88
-87
-2
-26
43
-13
-87
-54
9
5
-36
19
-46
-106
-12
10
40
108
49
17
68
23
0
24
-22
-20
41
39
-25
42
112
68
39
46
60
11
32
19
21
33
-23
53
44
17
-15
-93
-28
-30
-83
-96
-67
-47
-9
116
120
74
-35
-70
-57
-74
86
38
-5
51
-41
-16
-22
-51
-8
-87
-54
27
17
67
31
-9
-4
61
36
-59
-4
11
8
-16
-12
29
14
-23
-39
4
37
71
81
53
28
7
49
69
42
30
17
29
-36
-24
29
-48
-37
-24
-17
26
6
-13
-51
-53
7
-10
-3
60
-8
-11
60
-4
-48
-3
30
-78
-87
44
90
74
9
-54
-65
-13
12
51
59
-17
-99
-90
27
42
-29
-89
-94
-14
19
-53
-47
16
-27
-40
19
5
-15
-15
-42
-20
-17
-36
-33
-34
-24
-56
-47
-15
-42
-26
-38
-25
11
-10
-60
-84
-66
-64
-22
-44
-54
-16
-24
-56
-96
-56
-4
-21
35
71
9
64
119
73
21
-5
-14
8
68
101
69
60
60
-22
-55
-45
6
147
150
26
20
30
9
19
26
45
56
74
-9
-20
29
-4
42
44
-8
-16
45
87
24
41
55
-7
40
58
18
46
-49
-75
22
-33
-46
-33
-45
2
-36
-61
-9
6
20
-33
-26
50
26
46
59
-7
-35
58
44
-6
51
2
-29
-27
11
87
53
30
12
-22
13
23
48
-3
-91
-39
-23
-44
-26
-3
-18
-48
-66
-97
-41
-27
-8
-3
-43
24
-19
-49
-37
-57
-61
-56
-28
-57
-54
-83
-107
-54
-50
-19
-63
-111
-16
-15
-75
-141
-82
32
-44
-90
-20
23
1
-60
-5
-5
-94
-27
-32
54
123
45
65
4
10
25
27
67
27
52
58
56
49
24
44
39
-18
3
91
81
18
57
98
31
0
39
128
85
2
63
90
34
0
55
60
77
77
39
81
79
69
47
33
77
68
39
-2
-43
6
26
38
81
30
13
-36
-81
-12
33
-17
-29
90
82
33
60
-3
-55
-43
-73
-21
39
1
-8
-89
-37
11
-47
-6
-95
-98
-54
-78
42
-7
-112
-70
-75
-31
-82
-103
-39
-136
-109
-67
-84
-16
-43
-77
-9
29
-3
-29
-15
-13
-33
-51
-50
27
36
9
41
-21
-73
-103
-49
53
58
60
17
0
40
68
57
17
9
35
43
24
65
60
-9
54
121
35
24
71
51
33
4
28
69
87
60
45
86
56
-27
-61
-1
-30
-20
70
39
61
24
-6
70
97
41
-52
19
23
11
38
-8
39
5
48
89
-12
31
3
-17
58
70
67
0
-42
-10
58
55
46
55
-13
-5
-28
-67
-47
-13
26
9
-36
-19
31
54
58
8
19
-4
-85
-35
-68
-73
7
-64
-21
3
-82
-107
-47
26
-18
13
-12
-100
-67
-38
14
51
-29
-39
10
-16
1
-7
25
38
-51
-44
-60
-6
94
23
17
64
57
68
12
-40
-66
-60
-7
-54
-35
-23
-41
42
17
47
-14
-103
5
-49
-15
19
-39
-10
-53
-23
35
24
42
12
-61
12
9
37
57
-62
-29
-24
33
75
28
70
68
64
19
-51
-15
-4
-4
29
35
29
13
56
83
92
134
94
27
-1
12
33
-28
17
89
20
24
-6
43
65
1
53
-52
-79
-50
-96
-17
12
23
14
0
-23
-73
-21
-80
-117
-83
-158
-111
-73
-39
22
18
27
-19
-17
-56
-65
7
-68
-44
26
4
25
19
-4
17
1
8
46
15
81
65
6
22
16
70
50
32
18
30
63
73
80
-8
-31
-46
-8
29
-9
15
-9
21
37
-20
-12
45
54
3
-84
-166
-91
-57
-15
71
-39
-49
-3
-35
28
-23
-67
-56
-52
11
-42
-37
11
-36
-13
0
-55
-7
-20
-61
-4
-14
20
5
-1
27
-73
-28
54
82
66
12
35
-9
-23
-41
-97
-28
38
29
17
55
73
27
17
36
-19
-31
8
-60
-64
22
27
1
-23
-85
-60
6
-17
15
20
-13
9
-34
-95
-31
65
97
62
-44
-32
-3
2
50
23
-3
11
26
36
49
48
25
38
81
75
34
5
6
2
13
49
17
-29
-34
-18
9
-5
-41
6
52
-15
-101
-125
-14
13
-50
-36
-92
-37
-54
-122
-56
-88
-42
-34
-44
-64
-120
-31
-31
-64
-15
-20
-45
-12
25
10
-55
-81
-6
1
-52
-13
-1
-57
-6
37
-6
62
98
47
60
7
-38
-5
16
62
49
29
4
25
70
65
74
53
71
25
-12
28
43
33
34
95
63
-12
-21
27
-1
-11
4
-53
-22
-21
16
24
-52
-23
31
43
5
-44
-61
-15
0
-1
-15
-44
-8
45
52
21
28
-12
-1
25
-2
3
1
14
35
21
-56
-39
4
-26
24
79
4
-32
13
-24
-50
-64
-68
-69
-58
34
70
10
-15
-28
-47
-39
-91
-73
-42
-106
-74
-24
8
-2
-44
-2
12
-60
-84
-35
-106
-119
16
3
-20
-27
-70
-1
-7
-32
34
-17
-29
4
-56
-5
74
86
80
27
21
63
44
19
0
-15
8
28
29
37
52
38
22
26
92
151
34
-46
-2
-31
-22
50
79
81
30
5
-24
-35
46
44
28
47
12
-37
-37
-5
-11
-54
-45
79
59
-60
36
44
-30
-3
-18
23
-39
-19
85
27
