-22
22
15
-21
-28
-40
-41
8
4
-111
-118
-96
-67
-57
-84
2
-23
-45
-21
-80
-101
-25
14
-21
-11
-7
41
-42
-116
-21
-26
-56
-22
71
56
-13
20
-12
-12
2
-7
49
60
74
67
84
100
-1
-39
-4
-26
-20
50
101
55
-8
-5
18
24
-67
-66
5
8
39
-12
-1
-16
-50
36
-10
-53
-28
-16
-70
-62
26
-17
-34
-44
-53
-24
-81
-136
-71
28
-1
-34
3
5
-85
-53
113
55
54
62
-10
68
34
52
41
-14
70
42
26
40
33
28
-32
36
95
2
-13
-1
-30
-29
-26
17
68
1
-4
31
12
43
-56
-98
-16
8
36
46
44
25
-13
-34
-33
-26
50
114
50
28
41
-34
-67
8
64
37
9
18
7
-32
-66
-5
16
-51
12
92
5
-41
61
79
19
15
10
-31
-37
-18
-14
-9
31
38
13
49
65
53
-7
-5
37
13
56
48
4
59
10
-76
-12
-49
-63
-12
-12
49
53
2
-32
21
46
54
29
-81
-31
45
18
8
25
88
48
-28
-15
-49
-32
-22
-17
-5
-41
-18
-69
-84
-19
-46
-42
-11
-29
-28
-18
55
86
-4
47
43
-37
11
-19
-37
-25
-70
-46
-6
25
-16
-100
-79
-95
-85
-50
-79
-33
-61
-89
-48
-41
-71
-158
-91
-22
-40
26
5
11
41
26
70
49
15
56
114
88
12
-33
10
88
74
81
19
-80
-5
47
21
19
-29
-38
20
30
27
38
20
-12
-47
-29
54
39
-16
11
43
52
45
57
49
0
-6
-27
-39
-7
37
72
18
17
30
-54
-43
6
34
31
-3
25
27
3
20
34
6
19
33
-3
5
-9
4
38
39
17
35
68
-3
-14
26
19
2
-1
-34
-51
26
65
17
-45
-41
0
14
15
47
15
-3
15
-51
24
75
-28
-48
-45
-96
-109
-98
-91
-85
-70
-56
-57
7
-39
-66
29
-28
-56
-10
-15
20
41
-5
-16
-3
26
27
40
73
39
75
74
48
133
81
-20
10
21
5
1
44
98
42
-7
52
62
42
-5
-88
-93
-26
78
54
-19
-7
-19
-55
-71
-129
-181
-108
-36
-34
-29
-17
-63
-44
23
7
-21
-45
-33
-32
-77
-74
-71
-85
-51
-15
-47
-82
-2
-6
-95
-55
-8
-16
-30
7
31
15
34
48
-9
-47
-36
-43
-14
-30
-9
62
41
51
81
68
61
68
59
52
52
-2
-41
28
93
36
9
22
-1
-57
-58
26
-46
-65
-48
-103
-1
11
19
64
4
2
-40
-27
1
-48
-46
-27
39
-7
-89
-58
4
81
49
73
94
29
80
23
-8
32
-2
40
31
-16
27
54
55
64
7
-10
2
5
85
65
56
117
37
99
152
14
-7
-46
-13
35
-38
-89
-84
-30
-65
-22
16
-58
-22
-15
-59
-11
14
-69
-97
-34
-14
-59
2
51
16
-1
-93
-55
8
-79
-78
-15
-12
2
17
38
69
-12
2
58
-24
39
54
-22
33
68
98
46
-9
41
35
14
-13
-22
19
83
129
100
52
58
46
13
23
32
43
-12
-70
-53
-49
-37
-10
-43
-116
-21
2
-86
-29
-83
-87
15
-8
8
-15
-75
-86
-123
-82
-8
-18
-56
-74
-60
-41
-10
20
-5
-23
-15
-42
-71
-77
-79
-26
-27
-65
16
45
48
106
77
37
59
47
-2
29
-4
-40
-18
-47
0
83
42
-46
6
10
-4
-56
-33
38
-28
23
40
-1
2
63
18
-39
38
55
54
4
30
76
28
12
-1
46
-25
-24
61
24
56
21
48
68
1
34
35
22
-4
-37
-67
-41
12
20
78
74
74
29
-25
50
35
71
38
-50
-27
-74
-64
-30
-46
-3
51
-22
-65
3
-42
-55
35
48
10
0
42
-24
-92
14
-12
-61
10
-15
55
120
48
51
-12
-78
-52
-50
27
44
20
91
14
18
105
58
3
7
32
32
62
46
52
53
57
39
38
71
28
73
43
-21
-5
29
116
91
-23
-9
-7
-14
-44
-109
14
-7
-119
-103
-45
-13
-58
-28
-30
-57
-63
-41
27
-47
-129
-110
-95
-32
-53
-97
-41
-53
-137
-104
-33
-18
25
-67
-69
-12
-86
-59
-39
-39
-83
-84
-17
-25
50
71
-9
46
14
-61
-66
-49
29
11
27
27
16
45
-10
-2
16
35
66
85
88
9
-57
-46
-62
-23
39
-18
4
9
-15
-11
3
54
-12
39
76
4
81
55
30
50
10
32
-20
25
57
6
81
40
-56
-34
-15
39
55
48
63
6
70
100
66
52
-14
-17
-48
-36
33
-10
-87
-23
92
118
50
-28
-10
-5
-72
-78
-6
-37
-21
20
-16
16
-37
-36
42
69
48
-28
-40
-74
-72
21
18
13
10
-29
12
7
-15
52
41
-3
-14
-23
71
72
-17
-15
-24
-58
17
113
67
9
-29
2
42
43
61
-5
-14
7
-96
-36
51
-52
4
17
28
140
76
13
-78
-112
-29
-23
-29
21
51
-50
-70
-44
-57
-19
-64
-28
-35
-156
-100
-29
-48
-49
-40
-34
-32
-28
-21
22
35
16
40
53
33
-93
-70
-9
-77
-14
-25
16
79
20
-1
-54
-33
-13
7
54
26
10
23
-8
6
101
44
-5
51
22
-12
-24
-14
45
26
-55
-21
4
-41
-3
38
23
-4
-28
-51
-68
-66
-38
51
71
54
56
-25
-43
69
91
-1
-21
-25
-29
-26
-23
33
56
-11
-18
-8
5
15
-41
25
45
53
46
19
27
-47
5
65
-17
-68
-46
-39
-7
-8
-68
-36
-56
-29
-3
-37
40
18
23
27
-51
36
43
-6
78
91
40
7
24
7
30
55
-1
20
2
-2
22
31
56
26
42
70
40
-27
-25
-13
-21
47
80
-12
-107
-71
-85
-94
-26
27
-37
-90
-44
19
43
-67
-51
65
70
-31
-50
60
20
-7
75
59
51
21
-14
-8
-37
-23
-35
-27
11
-57
-17
75
61
76
19
-6
-18
-50
14
7
-48
-44
-13
-24
10
39
26
11
-27
1
7
-5
-29
-81
-84
-49
19
72
64
-5
-24
37
29
8
49
166
239
115
-31
-74
-20
2
64
59
-37
0
-51
-20
64
36
23
-18
-38
-47
67
70
-47
2
-9
-59
-24
-11
2
-3
-56
-94
-107
-34
0
-55
-119
-72
16
-56
-115
-70
-5
-7
-38
-44
-38
-22
46
43
-37
-4
-20
11
21
-50
-73
-61
22
-25
-82
-29
-75
-90
15
22
-7
-20
-16
43
17
3
59
43
-13
-26
59
60
39
145
70
15
52
15
5
-22
-12
-47
-44
46
39
66
64
3
34
-21
-39
80
61
77
143
76
61
66
7
23
15
-60
-60
-27
-5
-61
-36
100
110
37
-39
-28
18
-14
15
-1
-49
-11
-5
-20
-68
-49
7
31
66
56
-19
-69
5
-20
-94
-65
-19
75
90
-69
-87
-4
-48
-32
-10
-63
-11
57
-1
6
11
-62
-53
-37
-44
-18
52
53
1
-64
-39
31
-22
30
110
65
21
-18
-40
-7
12
24
36
-11
-11
13
13
50
31
14
4
-33
31
8
-82
-26
27
54
113
93
62
70
-32
-63
29
41
104
78
-26
-16
-9
6
16
24
29
-34
-18
2
-92
-89
17
-18
-49
4
1
-4
-28
-28
-15
-40
-58
-7
0
-48
-48
-61
-71
-52
-48
-78
-121
-69
10
4
94
104
24
45
4
-27
-23
-42
-32
-10
68
76
27
24
-23
34
-6
-106
-21
26
56
74
71
63
35
62
109
65
20
40
-26
-45
15
57
85
23
-32
-21
-30
-45
-47
-35
-26
-79
-89
-58
-88
-73
9
-15
-82
-35
25
53
42
-16
1
35
1
-15
-15
-24
-70
-73
-24
-89
-96
1
16
93
150
37
-11
-9
-75
-49
33
2
62
135
91
70
30
-6
-12
34
53
5
11
71
63
20
65
69
5
9
22
15
19
27
31
46
39
21
59
15
42
98
63
121
105
61
55
23
-30
-60
5
18
31
26
-28
-27
-27
30
25
-50
-42
-45
-45
-23
-49
4
12
-100
-82
1
40
-50
-78
-23
-42
-57
-46
11
-7
-23
-28
-15
-28
-96
-63
-73
-79
-38
-53
-39
-9
-30
-106
-110
-21
-31
-75
-25
-9
-63
-114
-78
22
-9
-72
-66
-94
-30
57
45
56
67
88
24
-21
77
71
28
17
-7
75
102
51
93
78
40
-1
-6
29
3
-17
7
98
96
66
104
52
23
39
-11
2
25
-17
-8
16
51
53
3
30
40
-76
-101
-67
-120
-76
-39
-50
-65
-120
-47
-63
-121
-12
-8
-7
57
28
-2
1
29
22
5
44
64
123
139
47
59
70
21
54
7
-20
-1
-19
34
11
19
17
28
82
10
20
55
23
-9
-20
-20
-12
12
-18
-72
-124
-94
-11
-11
-38
-39
-14
-21
-105
-72
-31
-61
-22
-11
40
41
-11
-3
25
47
10
21
24
56
121
0
-40
35
36
-4
-6
42
26
17
-82
-113
35
-9
-21
54
8
-1
-2
-14
-11
43
11
-58
16
19
26
34
-28
10
66
1
-62
-63
-56
22
42
31
43
32
68
30
46
21
-100
-56
-59
-54
-81
-107
82
71
7
-8
-83
-33
-29
-41
-62
-99
-17
-8
-73
-68
-25
77
89
50
34
12
3
-34
-29
-16
-18
-31
-27
3
-17
5
-29
-49
-12
-35
-42
-64
13
68
70
103
13
-7
27
-23
0
-38
-71
37
31
6
34
-7
3
-7
-117
-65
66
118
111
36
59
24
-57
32
40
-3
30
-34
-36
9
67
85
-26
-40
40
49
44
62
-42
-12
34
-45
16
-42
-81
17
2
20
42
-43
-28
13
19
27
-19
6
-13
-96
-78
-67
-43
36
-34
-54
49
-30
-70
-2
-92
-104
2
-9
0
-12
-38
-36
-58
-47
-35
-28
-57
7
52
53
97
77
94
39
-3
80
38
-9
67
104
48
35
19
-65
-18
11
10
60
42
10
19
90
80
59
8
3
81
62
63
-15
-3
132
16
-64
-55
-47
48
-44
-92
44
113
2
-91
-50
-67
-60
-84
-58
-28
-93
-110
-102
-52
-5
3
-34
7
16
-50
-51
-3
58
18
31
21
47
79
18
29
0
3
21
-17
18
47
-7
-10
-14
-28
-55
-45
72
24
-54
-73
-76
-12
16
8
-50
-60
-28
-52
-73
-16
-48
-17
97
30
61
32
-15
-15
-82
-7
-11
1
45
-51
-43
10
11
18
41
63
35
-11
7
-2
6
2
-46
7
0
-31
14
20
6
68
73
8
72
111
37
-12
-2
8
2
13
35
25
6
0
-3
0
18
5
-67
25
66
-2
7
14
43
10
-25
36
41
-14
-25
3
63
12
-66
-34
-76
-32
48
3
37
-22
-89
-36
-41
18
94
57
-7
-3
15
2
19
19
-9
29
45
41
56
34
23
41
44
-4
-2
-7
-61
-63
-34
15
-26
-54
-38
-19
40
49
52
-35
-95
-73
-68
-35
14
21
-7
0
-49
-18
-4
-48
-21
-59
-24
-7
-11
0
-45
2
18
19
42
39
27
-28
-58
-10
-14
-11
101
45
-74
-139
-95
58
-1
-36
12
-28
10
58
56
82
67
23
6
17
52
7
17
86
18
69
91
5
42
-10
-20
36
19
26
34
-11
-46
5
7
-42
-35
-68
-35
25
-5
35
18
-13
-24
-78
-69
-44
-31
-22
-45
-79
-75
-56
-38
-27
-73
-32
95
-9
-105
-16
-46
11
64
-6
82
76
-30
-62
-48
11
39
60
54
-25
1
98
75
35
-21
-11
87
31
-19
-46
-25
130
80
24
36
9
89
15
-48
-38
-47
26
18
28
-7
-42
27
-46
-65
60
82
62
21
-30
17
53
-21
-45
-17
-42
-9
-19
-36
69
-6
-44
20
-113
-72
11
-4
12
-38
-8
22
15
64
28
-43
-48
-112
-82
7
-52
-39
-3
-14
39
15
-15
29
17
17
17
-29
0
-11
-112
-39
18
-26
-62
-66
12
7
29
16
23
92
59
-15
-20
85
116
139
68
-31
9
-35
-58
-28
-31
30
22
-32
21
16
-8
47
39
45
113
74
64
104
68
57
-4
-5
85
42
-3
31
13
6
-9
1
27
15
40
-30
-17
-3
-53
-46
-88
-48
-88
-129
-52
-54
-109
-93
-31
-51
-62
-25
12
45
-5
-5
-2
-83
-95
-74
-11
-53
-84
-33
-65
-52
-85
-44
15
-10
2
-42
-81
-60
-61
-122
-104
-68
-55
28
3
-60
-77
-66
-28
34
52
-43
-49
8
37
87
81
-33
-10
17
-20
41
-61
-61
11
-79
-22
36
-11
-9
-20
-34
-14
-9
14
16
-61
-35
34
10
16
-26
-28
5
35
86
30
26
38
20
93
105
15
48
58
-20
24
60
129
170
54
41
81
42
98
166
176
186
169
166
179
204
198
182
162
124
126
155
122
137
194
136
157
162
63
115
166
144
165
153
122
66
33
24
-37
-18
57
48
-2
-29
26
13
-65
-149
-187
-70
-45
-81
-177
-255
-204
-257
-275
-211
-205
-192
-176
-163
-202
-228
-216
-244
-251
-318
-354
-383
-413
-366
-361
-363
-366
-349
-278
-230
-237
-282
-291
-336
-268
-213
-370
-314
-202
-114
-121
-138
-77
-195
-96
-61
-110
-17
-24
18
42
32
27
91
216
278
312
278
230
201
180
238
307
312
330
457
480
376
455
468
397
449
499
564
524
487
458
414
492
518
584
596
531
561
618
592
476
448
468
428
342
335
346
263
247
266
246
159
57
52
53
-10
-44
-49
-85
-128
-180
-257
-367
-440
-482
-541
-577
-567
-598
-644
-610
-630
-712
-707
-625
-612
-667
-657
-634
-675
-670
-559
-434
-388
-329
-337
-365
-362
-485
-488
-503
-623
-652
-555
-423
-374
-337
-301
-242
-251
-272
-275
-336
-317
-274
-263
-198
-104
-39
60
154
164
152
134
91
77
93
33
-60
-105
-17
122
140
242
342
251
269
277
151
101
41
111
207
220
318
432
590
702
697
649
565
463
448
471
453
469
532
593
678
836
864
821
801
681
541
478
439
413
438
451
462
591
738
775
781
755
703
573
509
466
353
369
353
387
512
580
652
712
731
689
525
437
412
366
393
338
364
386
339
269
156
92
-159
-472
-664
-816
-944
-1113
-1267
-1264
-1219
-1214
-1188
-1189
-1212
-1255
-1315
-1378
-1416
-1400
-1367
-1238
-1018
-893
-720
-584
-626
-586
-557
-674
-898
-1060
-1091
-1080
-951
-839
-768
-613
-540
-565
-563
-607
-660
-676
-781
-803
-649
-497
-329
-56
162
207
267
346
357
318
165
91
54
-48
93
185
214
402
535
586
422
280
284
180
82
-33
-59
81
208
366
560
743
832
868
871
796
761
709
593
606
681
740
893
982
1015
1057
1024
904
734
525
353
301
263
282
296
316
486
597
667
657
569
466
278
191
230
260
354
585
725
864
1020
1129
1229
1134
1052
1035
913
809
800
876
915
872
948
977
829
635
432
241
-84
-415
-576
-732
-891
-975
-973
-1004
-1028
-1019
-1256
-1392
-1474
-1681
-1647
-1730
-1781
-1645
-1508
-1234
-1008
-807
-727
-782
-875
-1021
-1156
-1320
-1394
-1418
-1418
-1329
-1251
-1152
-1068
-1054
-1023
-1098
-1243
-1298
-1454
-1461
-1204
-1099
-921
-583
-346
-68
133
197
268
261
210
149
92
66
155
321
422
528
631
689
691
580
389
173
-1
-107
-137
-29
133
265
452
593
759
923
877
912
920
801
772
751
832
926
1030
1247
1328
1372
1422
1346
1167
928
726
599
535
518
557
733
884
907
980
980
922
753
577
460
337
389
383
419
617
804
974
1150
1267
1281
1162
1020
946
874
915
961
998
1071
1210
1372
1427
1408
1260
981
711
456
79
-249
-453
-647
-783
-900
-916
-949
-1103
-1355
-1645
-1868
-2131
-2242
-2269
-2323
-2199
-1989
-1806
-1635
-1389
-1254
-1261
-1247
-1358
-1455
-1407
-1459
-1543
-1530
-1469
-1297
-1178
-1118
-1128
-1252
-1324
-1416
-1515
-1613
-1659
-1506
-1388
-1332
-1134
-879
-717
-536
-292
-188
-92
-28
-89
-77
20
134
237
294
344
445
474
459
438
318
166
84
73
-16
-91
-55
-46
-3
182
382
403
387
447
476
601
726
716
846
1024
1112
1290
1339
1340
1464
1418
1357
1366
1277
1264
1234
1158
1134
1150
1139
1011
941
862
890
931
802
825
863
783
734
692
669
688
704
747
804
846
873
895
1034
1136
1170
1360
1456
1442
1459
1462
1485
1430
1394
1350
1337
1363
1299
1283
1222
1136
950
602
334
86
-196
-514
-850
-1072
-1227
-1436
-1717
-1872
-1957
-2123
-2238
-2383
-2466
-2427
-2413
-2339
-2216
-1999
-1721
-1614
-1523
-1478
-1387
-1253
-1368
-1494
-1695
-1816
-1792
-1946
-2009
-1937
-1932
-1972
-2030
-2112
-2139
-2108
-2186
-2229
-2190
-2082
-1872
-1724
-1522
-1185
-805
-587
-372
-93
-6
137
251
288
405
424
444
503
558
683
728
752
699
506
374
192
165
247
248
339
478
659
832
1031
1346
1553
1545
1640
1828
1828
1886
1994
1977
1919
1905
1861
1750
1755
1714
1569
1371
1221
1122
932
769
656
663
769
843
788
832
972
991
1077
988
924
1035
951
937
923
853
822
828
1003
1062
1094
1232
1249
1331
1395
1314
1383
1393
1313
1400
1442
1381
1404
1417
1363
1310
1265
1280
1193
1001
796
577
292
-30
-384
-846
-1123
-1372
-1659
-1868
-2180
-2404
-2588
-2837
-2932
-2944
-3051
-3118
-3018
-2804
-2626
-2446
-2261
-2144
-1948
-1852
-1789
-1721
-1786
-1731
-1792
-1917
-1983
-2127
-2180
-2243
-2356
-2476
-2549
-2596
-2625
-2532
-2385
-2287
-2129
-1925
-1738
-1378
-998
-666
-361
-136
122
302
483
610
621
706
642
573
578
430
435
389
304
355
294
269
279
336
440
497
522
568
652
768
964
1063
1052
1223
1515
1673
1806
1997
2111
2194
2259
2204
2102
2020
1869
1660
1490
1353
1270
1175
1046
879
760
729
647
630
667
711
854
935
1034
1278
1448
1589
1615
1621
1691
1622
1521
1406
1317
1317
1349
1367
1452
1553
1714
1932
2001
2085
2141
2097
2033
1863
1659
1560
1454
1285
1172
1141
1143
1059
937
803
593
431
248
35
-250
-594
-857
-1187
-1500
-1809
-2162
-2456
-2826
-3236
-3571
-3898
-4106
-4207
-4302
-4179
-4015
-3776
-3384
-2999
-2596
-2388
-2148
-1901
-1769
-1592
-1577
-1664
-1735
-1804
-1950
-2092
-2180
-2332
-2369
-2471
-2668
-2683
-2697
-2710
-2633
-2473
-2288
-2010
-1563
-1069
-517
-38
295
646
975
1139
1190
1154
1093
967
669
423
159
3
93
101
199
287
330
526
636
656
688
725
855
1038
1159
1364
1592
1851
2129
2244
2395
2480
2503
2459
2279
2168
1969
1742
1638
1600
1527
1487
1607
1603
1522
1431
1197
1050
967
847
806
780
802
944
1186
1381
1431
1486
1473
1389
1247
1003
767
473
303
256
220
381
608
849
1170
1431
1714
1985
2066
2191
2210
2098
2052
1891
1690
1497
1250
1038
792
464
199
65
-25
-105
-68
38
131
264
388
400
412
323
-10
-444
-915
-1472
-2087
-2592
-3096
-3655
-4183
-4565
-4736
-4908
-4946
-4836
-4675
-4440
-4076
-3488
-2901
-2340
-1856
-1454
-1050
-825
-640
-636
-927
-1142
-1348
-1657
-1891
-2067
-2290
-2494
-2698
-2827
-2925
-3078
-3091
-2992
-2795
-2440
-1887
-1159
-376
324
988
1626
2002
2139
2080
1870
1552
1194
815
459
313
270
249
365
480
455
524
543
440
355
338
478
681
1005
1435
1931
2401
2782
3092
3154
3072
2837
2451
2014
1534
1260
1145
1115
1320
1601
1897
2108
2162
2250
2119
1845
1609
1269
1000
835
774
876
1064
1236
1477
1640
1577
1435
1196
937
667
353
220
250
337
556
800
982
1220
1474
1665
1851
1918
1929
2019
2140
2145
2177
2307
2204
2007
1743
1313
727
107
-451
-828
-920
-932
-750
-433
-23
351
698
1013
1063
1047
785
318
-69
-545
-1065
-1497
-1928
-2308
-2795
-3499
-4279
-5059
-5764
-6396
-6823
-7014
-6828
-6324
-5632
-4597
-3474
-2333
-1240
-483
-135
-76
-170
-440
-863
-1347
-1763
-2061
-2234
-2297
-2349
-2412
-2621
-3072
-3565
-3920
-4169
-4265
-4215
-3898
-2989
-1850
-614
811
2052
3076
3741
3820
3609
3103
2318
1522
738
129
-300
-441
-332
-171
88
358
660
811
804
810
872
1035
1221
1612
2118
2671
3256
3672
3837
3752
3484
2897
2214
1651
1122
792
640
702
1093
1602
2047
2476
2817
3038
3115
2950
2639
2274
2014
1842
1705
1722
1798
1902
1981
2008
1929
1670
1325
913
583
357
245
218
211
406
634
864
1150
1360
1443
1486
1532
1555
1679
1705
1742
1888
1915
1864
1713
1370
792
211
-310
-918
-1409
-1652
-1692
-1516
-1171
-728
-256
188
466
586
594
467
290
1
-307
-494
-749
-1097
-1527
-2132
-2734
-3394
-4354
-5432
-6429
-7256
-7737
-7882
-7607
-6910
-5928
-4703
-3470
-2255
-1175
-411
-85
-151
-376
-768
-1134
-1578
-2036
-2284
-2412
-2411
-2477
-2592
-2707
-3071
-3589
-4105
-4560
-4712
-4561
-4052
-3189
-2030
-564
936
2268
3328
4045
4328
4099
3559
2787
1858
1155
676
324
269
566
990
1373
1782
2019
1998
1925
1713
1393
1269
1263
1369
1754
2275
2905
3546
3995
4152
3912
3449
2954
2298
1543
1012
838
902
1185
1756
2428
3165
3788
4022
3940
3625
3125
2566
1939
1297
954
752
744
925
1057
1304
1448
1429
1371
1154
832
553
402
327
343
555
674
854
1171
1251
1207
1133
1001
743
478
303
226
296
362
516
687
713
598
239
-142
-578
-1198
-1548
-1685
-1740
-1481
-1082
-613
-80
339
630
748
704
491
66
-313
-639
-961
-1152
-1443
-1880
-2312
-2851
-3521
-4400
-5619
-6824
-7783
-8441
-8657
-8446
-7775
-6741
-5305
-3777
-2410
-1096
-231
203
277
-106
-575
-1077
-1656
-2041
-2218
-2216
-1984
-1828
-1881
-2040
-2437
-3042
-3745
-4417
-4790
-4676
-4064
-3039
-1687
-5
1837
3530
4886
5568
5603
5215
4328
3196
2042
1058
465
121
119
459
946
1515
1983
2126
1965
1705
1334
994
805
803
1232
1960
2765
3618
4319
4794
4976
4653
4010
3122
2199
1494
961
759
950
1565
2353
3194
4107
4721
4906
4660
4130
3417
2561
1766
1154
736
458
452
667
913
1037
1078
1049
716
384
164
-35
-32
-11
123
386
621
934
1114
1024
741
325
-87
-430
-661
-644
-409
-131
206
631
1006
1148
991
671
106
-605
-1122
-1547
-1789
-1715
-1455
-1034
-487
29
398
567
504
297
-64
-554
-996
-1241
-1427
-1612
-1733
-1975
-2424
-2989
-3804
-4964
-6271
-7604
-8637
-9101
-9131
-8711
-7830
-6595
-5160
-3669
-2227
-1063
-316
-38
-165
-622
-1143
-1453
-1734
-1883
-1862
-1700
-1398
-1230
-1163
-1377
-1949
-2629
-3430
-4247
-4556
-4272
-3641
-2551
-996
863
2789
4502
5640
6205
6192
5504
4476
3177
1869
912
361
138
288
869
1601
2314
2798
2989
2861
2388
1855
1354
946
808
1054
1679
2544
3537
4426
5074
5351
5111
4434
3482
2432
1428
737
436
500
1109
2065
3125
4200
4963
5254
5062
4439
3540
2443
1351
443
-235
-505
-383
-71
438
898
1149
1285
1169
794
242
-201
-539
-802
-716
-434
19
461
846
1152
1214
1105
748
366
17
-309
-417
-348
-112
205
475
655
665
542
93
-715
-1393
-1985
-2372
-2514
-2522
-2144
-1663
-987
-214
286
551
533
281
-163
-578
-901
-1173
-1483
-1867
-2261
-2747
-3305
-4078
-5166
-6470
-7852
-9002
-9606
-9788
-9517
-8589
-7249
-5479
-3565
-1808
-182
849
1301
1261
707
68
-535
-1085
-1578
-1807
-1662
-1511
-1297
-1182
-1425
-1850
-2604
-3534
-4283
-4734
-4610
-3906
-2699
-1035
915
3141
5211
6755
7667
7721
7086
5869
4381
2905
1631
804
211
108
557
1304
2138
2679
2831
2490
1875
1264
646
380
432
688
1468
2521
3759
4971
5704
6023
5676
4784
3651
2251
1093
312
-193
-230
288
1361
2685
3959
4851
5105
4965
4398
3403
2311
1173
176
-506
-842
-712
-270
418
1117
1514
1580
1358
1017
538
141
-250
-626
-727
-646
-256
287
841
1150
1027
829
574
238
-96
-423
-567
-573
-478
-124
338
742
1012
868
406
-138
-838
-1461
-1829
-2077
-2257
-2230
-1902
-1386
-827
-433
-266
-215
-345
-661
-909
-1106
-1363
-1615
-2088
-2654
-3156
-3801
-4526
-5591
-6992
-8325
-9316
-9742
-9673
-9184
-8301
-7001
-5341
-3504
-1811
-439
527
870
568
-61
-600
-1047
-1506
-1882
-2074
-1950
-1565
-1200
-1122
-1344
-1850
-2816
-3920
-4746
-5113
-4840
-4042
-2731
-931
1283
3733
5912
7463
8155
8003
7171
5756
4177
2810
1700
949
661
733
1331
2278
3045
3590
3507
2899
2171
1381
877
629
673
1272
2289
3509
4887
6057
6657
6653
5965
4666
3169
1817
567
-347
-619
-361
498
1869
3317
4546
5310
5406
4890
3980
2809
1565
347
-586
-1061
-1144
-685
3
757
1403
1649
1633
1254
702
126
-445
-921
-1304
-1382
-1197
-729
-56
456
783
776
529
353
95
-174
-290
-299
-216
112
544
824
990
860
450
-170
-1041
-1786
-2332
-2786
-3008
-3047
-2809
-2312
-1641
-816
-177
135
252
279
174
-25
-284
-662
-1199
-1881
-2690
-3550
-4449
-5542
-6845
-8152
-9213
-9890
-9978
-9572
-8796
-7604
-5963
-4078
-2365
-834
429
1082
1119
735
211
-250
-731
-1145
-1409
-1429
-1235
-1027
-942
-1167
-1723
-2461
-3397
-4487
-5110
-5113
-4641
-3493
-1823
337
2884
5312
7204
8275
8535
8070
6860
5199
3557
2109
1038
373
166
573
1326
2167
2722
2731
2285
1588
921
242
-308
-392
109
1175
2596
4149
5572
6540
6867
6454
5366
3856
2404
1044
-189
-704
-511
274
1584
3134
4500
5389
5762
5498
4687
3469
2178
1035
-12
-694
-812
-446
198
841
1429
1720
1646
1361
837
155
-501
-950
-1284
-1484
-1324
-902
-484
-103
37
6
-78
-276
-352
-446
-407
-188
73
461
874
1303
1347
1002
470
-330
-1093
-1784
-2387
-2650
-2730
-2606
-2168
-1543
-807
-187
235
417
340
103
-184
-449
-728
-962
-1207
-1518
-2143
-2885
-3721
-4899
-6191
-7727
-9056
-9816
-10144
-9973
-9359
-8157
-6446
-4523
-2644
-977
348
1129
1296
1003
504
-97
-679
-1075
-1301
-1237
-895
-566
-408
-567
-1044
-1927
-3086
-4331
-5412
-5820
-5560
-4658
-3136
-997
1642
4271
6600
8157
8840
8847
7981
6500
4772
3065
1610
600
163
209
783
1576
2149
2362
2213
1771
1105
470
33
-111
264
1126
2432
3978
5422
6602
7236
7228
6524
5201
3660
2095
739
-167
-425
-64
821
2127
3309
4293
4934
4882
4412
3547
2430
1325
272
-410
-667
-597
-205
390
857
1070
1089
844
422
-183
-829
-1323
-1700
-1851
-1694
-1291
-802
-217
310
465
431
396
354
241
157
222
258
319
411
592
727
504
115
-439
-1017
-1601
-2124
-2368
-2547
-2471
-2164
-1786
-1175
-497
83
466
557
510
417
201
-154
-689
-1369
-2095
-2927
-3985
-5055
-6054
-7161
-8193
-8969
-9445
-9452
-8980
-8225
-7063
-5603
-4073
-2540
-1257
-175
550
727
561
242
-100
-442
-668
-725
-635
-477
-505
-862
-1344
-1881
-2779
-3865
-4873
-5552
-5531
-4917
-3738
-1982
229
2695
4981
6761
7873
8334
8025
7004
5626
4214
2965
2017
1463
1277
1483
1914
2336
2489
2213
1649
1037
312
-320
-466
-148
813
2112
3502
5020
6321
7153
7155
6573
5577
4128
2698
1347
396
63
191
790
1613
2575
3605
4271
4299
3849
3094
2216
1375
695
290
160
320
645
1050
1440
1673
1605
1134
462
-217
-782
-1201
-1466
-1561
-1403
-1026
-768
-489
-258
-279
-271
-401
-529
-393
-118
142
453
972
1332
1444
1316
935
396
-268
-1009
-1795
-2290
-2489
-2504
-2297
-1962
-1455
-1002
-735
-574
-527
-550
-635
-785
-975
-1092
-1074
-1215
-1693
-2385
-3281
-4302
-5652
-7206
-8510
-9414
-9863
-9949
-9529
-8594
-7139
-5324
-3785
-2461
-1190
-249
230
154
-133
-246
-323
-539
-726
-571
-153
231
235
-274
-985
-1852
-3014
-4286
-5457
-6089
-5910
-5236
-4029
-2066
429
3022
5267
6946
8052
8564
8371
7422
6106
4782
3646
2790
2124
1908
2006
2165
2303
2128
1725
1198
555
-214
-899
-951
-417
513
1833
3398
5130
6616
7543
7708
7190
6269
4851
3178
1598
459
-46
-19
405
1112
2067
2955
3485
3592
3279
2707
2064
1243
491
206
289
702
1181
1545
1930
2186
2020
1485
690
-136
-805
-1470
-1941
-2048
-1804
-1308
-739
-167
308
573
666
687
605
506
441
449
642
863
1029
1148
1162
948
484
-46
-729
-1397
-1813
-2117
-2336
-2325
-2029
-1549
-1108
-805
-499
-274
-99
-55
-387
-770
-1053
-1548
-2447
-3617
-4676
-5729
-6930
-8011
-8895
-9317
-9206
-8855
-8421
-7566
-6216
-4989
-3944
-3075
-2306
-1505
-1117
-1139
-1124
-895
-530
-247
-107
160
658
898
548
-211
-1189
-2105
-3074
-4325
-5388
-5668
-5190
-4276
-2980
-1324
796
3082
4837
5902
6576
7027
7020
6368
5404
4639
4265
3963
3433
2971
2835
2692
2241
1545
650
-104
-672
-1168
-1283
-984
-64
1435
2871
4213
5525
6511
6979
6724
5899
4822
3615
2406
1350
675
550
933
1560
2145
2674
3019
2956
2502
1833
1172
570
234
92
332
1114
1888
2632
3208
3348
3065
2408
1354
138
-852
-1612
-2086
-2207
-1852
-1129
-421
137
511
714
634
247
-212
-500
-528
-355
-41
406
1147
1958
2380
2391
2073
1548
792
-291
-1374
-2203
-2531
-2475
-2403
-2092
-1402
-598
-49
146
56
-169
-549
-1338
-2479
-3606
-4470
-5164
-5971
-6798
-7162
-7151
-7153
-7286
-7384
-7057
-6218
-5299
-4687
-4032
-3111
-2191
-1564
-1581
-1750
-1571
-1544
-1875
-2163
-2033
-1356
-633
-436
-458
-440
-644
-1292
-2586
-4002
-4892
-5369
-5520
-5294
-4231
-2236
83
2211
3763
5095
6259
6665
6266
5332
4492
3927
3325
2888
2649
2849
3318
3320
2868
2263
1681
846
-330
-1342
-1734
-1407
-571
574
2052
3848
5519
6599
6933
6743
6181
5125
3739
2362
1452
1180
1293
1668
2251
3002
3554
3489
2966
2202
1239
125
-779
-1189
-915
11
1159
2526
3792
4709
5226
4911
3975
2588
916
-577
-1836
-2542
-2478
-1979
-1222
-293
588
1272
1585
1351
924
387
-229
-704
-945
-582
275
1354
2314
3003
3590
3793
3296
2010
430
-949
-2216
-3325
-3985
-3868
-2979
-1687
-515
291
983
1203
406
-1299
-3407
-5190
-6580
-7834
-8609
-8476
-7468
-6093
-5054
-4483
-3871
-3349
-3429
-4136
-4896
-5038
-4758
-4487
-4231
-3553
-2434
-1494
-1158
-1413
-1549
-1441
-1761
-2504
-3188
-3420
-3221
-3356
-3889
-4033
-3773
-3420
-3244
-3145
-2562
-1475
-279
476
1038
1989
3016
3705
3782
3657
3874
4110
4056
3666
3390
3337
3053
2414
1509
890
670
387
-125
-450
-151
573
1420
2156
3058
4298
5367
5977
6190
6152
6019
5566
4652
3813
3311
3115
2970
2844
3049
3301
3412
3060
2257
1522
694
-253
-1089
-1457
-979
51
1171
2281
3467
4661
5393
5248
4473
3524
2500
1287
41
-735
-870
-575
-258
-52
344
726
769
390
-284
-718
-921
-1250
-1396
-842
316
1630
2732
3636
4535
4985
4626
3559
1977
307
-1316
-2854
-4100
-4548
-4057
-3182
-2260
-1501
-814
-479
-1138
-2688
-4543
-6152
-7418
-8445
-8827
-8185
-6727
-5064
-3867
-3009
-2147
-1683
-2101
-3233
-4271
-4720
-4874
-5032
-4879
-4123
-2961
-2098
-1957
-1952
-1620
-1306
-1593
-2342
-2976
-3072
-2907
-3340
-3957
-4073
-3761
-3331
-3230
-2902
-1777
-395
580
1019
1493
2286
2816
2647
2043
1762
2023
2222
2185
2199
2677
3331
3364
2651
1770
1254
709
-364
-1635
-2261
-1900
-1052
-289
712
2332
4143
5567
6154
6313
6454
6180
5199
3812
2850
2633
2833
3048
3323
4047
4813
5047
4426
3262
2285
1130
-336
-1553
-1981
-1280
9
1366
2912
4590
6043
6778
6519
5666
4517
3198
1732
338
-305
-246
102
582
1077
1623
2022
1889
1169
179
-645
-1394
-2095
-2315
-1665
-216
1288
2643
4068
5293
5876
5457
4074
2228
245
-1792
-3613
-4782
-4840
-3921
-2774
-1736
-710
157
203
-1104
-3313
-5584
-7576
-9200
-10150
-10033
-8637
-6389
-4285
-2766
-1539
-617
-550
-1654
-3425
-4883
-5469
-5697
-5765
-5250
-4122
-2589
-1648
-1598
-1653
-1767
-2099
-2910
-4046
-4609
-4412
-4066
-4013
-3913
-3386
-2697
-2362
-2532
-2443
-1791
-1085
-597
-279
298
1327
2258
2496
2369
2415
2610
2678
2325
1944
1931
1991
1775
1256
980
966
800
294
-432
-660
-413
-119
258
952
2055
3319
4345
5007
5606
6117
6163
5544
4637
3989
3619
3416
3317
3400
3879
4224
4185
3979
3364
2510
1353
-73
-1081
-1459
-1199
-470
541
1945
3471
4692
5384
5525
5281
4739
3767
2339
1180
712
597
640
707
1030
1689
2025
1816
1429
1032
518
-193
-942
-1232
-775
139
1129
2127
3384
4654
5317
5129
4155
2878
1368
-579
-2423
-3592
-3725
-3088
-2364
-1652
-904
-186
-189
-1534
-3704
-5860
-7612
-9153
-10231
-10170
-8864
-6876
-5060
-3658
-2293
-1135
-776
-1523
-2908
-3940
-4472
-4811
-5021
-4893
-4071
-3060
-2634
-2655
-2599
-2230
-2100
-2694
-3428
-3717
-3583
-3510
-3871
-4275
-4216
-3925
-3809
-3762
-3197
-1989
-747
-11
386
1111
1942
2280
1974
1482
1379
1487
1634
1678
1916
2551
2860
2575
2050
1554
1133
469
-654
-1639
-1851
-1424
-758
69
1229
2769
4121
4940
5478
5782
5730
5065
3974
3097
2795
2922
3253
3863
4742
5641
6076
5863
5199
4185
2855
1129
-544
-1406
-1351
-570
588
1916
3554
5129
6037
6203
5877
5339
4399
3092
1977
1340
1350
1599
1745
2071
2553
2967
2882
2308
1662
1046
313
-550
-1074
-900
-105
813
1686
2580
3573
4408
4381
3644
2569
1305
-203
-1882
-3111
-3459
-3002
-2417
-1949
-1414
-934
-787
-1702
-3725
-5868
-7670
-9283
-10549
-10808
-9775
-7917
-6029
-4451
-3057
-1815
-1060
-1362
-2555
-3855
-4573
-4843
-5023
-4837
-4130
-3124
-2320
-2068
-2057
-1992
-2162
-2819
-3942
-4758
-4825
-4672
-4568
-4578
-4329
-3790
-3394
-3148
-2806
-2106
-1170
-455
-90
499
1373
2027
2203
1924
1762
1836
1812
1634
1516
1715
1900
1852
1614
1371
1322
1107
482
-313
-818
-808
-543
-109
622
1698
2910
3870
4631
5241
5605
5440
4718
3992
3452
3252
3409
3670
4062
4648
5174
5337
5018
4309
3293
1878
336
-806
-1187
-793
39
1137
2540
4052
5297
6099
6256
5882
5146
3956
2635
1649
1199
1157
1273
1512
1909
2384
2773
2718
2334
1745
1023
381
-301
-540
-147
675
1637
2506
3570
4644
5188
4930
3968
2592
1079
-532
-2024
-2838
-2970
-2611
-1991
-1473
-983
-705
-1153
-2602
-4770
-7033
-8971
-10270
-10683
-10119
-8640
-6582
-4503
-2623
-1159
-337
-370
-1350
-2855
-4358
-5382
-5847
-5845
-5396
-4587
-3687
-3003
-2574
-2349
-2421
-3000
-4022
-4995
-5569
-5786
-5691
-5438
-4989
-4370
-3627
-2689
-1808
-1023
-492
-226
-125
-88
207
586
824
907
1009
1263
1448
1587
1724
1773
1628
1187
740
465
375
312
79
-234
-326
-73
388
991
1584
2273
3001
3592
4114
4587
4965
4954
4470
3911
3584
3578
3946
4235
4444
4980
5402
5441
5182
4634
3767
2515
1055
-91
-445
-139
486
1305
2288
3455
4625
5364
5555
5312
4710
3880
2808
1856
1360
1209
1314
1380
1580
2101
2616
2902
2615
2022
1507
921
417
329
775
1548
2429
3343
4352
5248
5718
5445
4348
2953
1387
-107
-1223
-1939
-1979
-1733
-1454
-1054
-993
-1462
-2549
-4355
-6649
-8920
-10522
-11212
-10985
-9897
-8253
-6208
-3969
-1922
-452
94
-278
-1393
-2803
-4145
-5194
-5788
-6032
-5740
-5196
-4428
-3446
-2696
-2179
-2375
-3248
-4312
-5358
-6100
-6548
-6775
-6603
-5824
-4497
-2902
-1267
209
1231
1682
1519
1084
685
250
-198
-617
-749
-429
264
1097
1774
2097
1959
1579
974
290
-167
-482
-776
-1076
-1003
-433
304
1189
1970
2457
2922
3301
3564
3711
3687
3545
3121
2641
2546
2844
3403
4021
4448
4837
5199
5365
5318
4767
3777
2560
1240
211
-185
-22
502
1289
2146
3327
4633
5528
6056
6014
5548
4855
4012
3321
2922
2750
2497
2337
2366
2599
3022
3167
2968
2508
1894
1315
916
813
1086
1628
2297
3073
4003
5092
5773
5592
4699
3451
2118
840
-245
-917
-1164
-1276
-1275
-1180
-1272
-1763
-3001
-5068
-7459
-9638
-11097
-11616
-11320
-10254
-8536
-6404
-4099
-1929
-210
664
440
-639
-2049
-3364
-4320
-4944
-5444
-5690
-5513
-4937
-4130
-3506
-3202
-3350
-4071
-5074
-6067
-6660
-6957
-7174
-7074
-6515
-5315
-3537
-1495
265
1541
2247
2266
1953
1401
689
-63
-845
-1466
-1643
-1201
-452
267
703
637
335
-110
-513
-769
-1024
-1111
-1149
-921
-207
797
1990
2931
3376
3645
3813
3866
3797
3488
3002
2378
1908
1936
2502
3340
4113
4751
5242
5552
5660
5468
4746
3587
2270
962
68
-149
294
1131
1930
2788
3772
4666
5439
5623
5199
4481
3634
3037
2690
2641
2740
2944
3116
3150
3566
4048
4163
3841
3050
2269
1739
1514
1670
2046
2581
3328
4205
4959
5484
5682
5264
4176
2589
1050
75
-389
-476
-399
-166
301
509
254
-619
-2363
-4709
-7565
-10225
-11855
-12217
-11458
-10213
-8577
-6531
-4134
-1731
-153
422
62
-1095
-2548
-3928
-5036
-5686
-5988
-6180
-6126
-5627
-4643
-3552
-3082
-3427
-4311
-5383
-6331
-7177
-7862
-8035
-7757
-6979
-5527
-3552
-1127
1064
2273
2586
2381
1929
1255
348
-663
-1411
-1714
-1535
-856
151
1071
1478
1180
489
-216
-835
-1333
-1848
-2161
-2176
-1641
-368
1106
2556
3713
4268
4340
4188
3930
3544
2850
1830
984
700
1034
1907
3115
4302
5259
5891
6150
6136
5742
4870
3437
1851
673
160
418
1049
1846
2738
3681
4523
5136
5516
5348
4738
3784
2759
2173
2106
2317
2446
2539
2768
3162
3644
3933
3877
3483
2715
1920
1487
1541
1990
2537
3136
3862
4842
5724
6227
6090
5112
3570
1798
413
-523
-987
-1076
-963
-541
-44
423
468
-548
-2607
-5271
-8036
-10194
-11330
-11565
-11021
-9734
-7977
-5776
-3280
-1097
266
381
-525
-1833
-3132
-4170
-4867
-5362
-5634
-5572
-5162
-4288
-3217
-2549
-2742
-3742
-5051
-6209
-7039
-7601
-7921
-7895
-7371
-6108
-4123
-1812
387
1951
2623
2478
1960
1437
749
-166
-1174
-1908
-2047
-1604
-700
200
699
543
-126
-840
-1509
-2046
-2483
-2917
-3067
-2605
-1607
-99
1626
2962
3910
4312
4267
4245
3956
3298
2476
1455
710
752
1458
2552
3698
4665
5477
6000
6142
5893
5170
3978
2345
774
-166
-254
414
1396
2558
3774
4962
5998
6612
6651
6015
4883
3443
2204
1460
1172
1299
1503
1873
2367
3028
3755
4068
3944
3323
2500
1853
1501
1698
2248
2862
3675
4562
5514
6464
6821
6330
5093
3306
1487
142
-729
-1208
-1322
-1170
-754
-161
243
-80
-1470
-3734
-6499
-9185
-11059
-11882
-11665
-10659
-9070
-6862
-4279
-1691
330
1110
645
-713
-2460
-3991
-5154
-5922
-6288
-6215
-5668
-4796
-3576
-2396
-2011
-2495
-3643
-5093
-6344
-7308
-8049
-8528
-8457
-7638
-6033
-3762
-1341
803
2241
2688
2419
1881
1203
281
-798
-1748
-2187
-1972
-1212
-92
807
1089
859
179
-688
-1520
-2328
-2988
-3476
-3592
-2924
-1481
392
2191
3602
4519
4981
5188
5076
4572
3788
2749
1680
1142
1301
1944
2883
3870
4784
5694
6305
6371
5998
5035
3559
1836
283
-562
-682
-178
810
2077
3572
5073
6340
7019
6876
6149
5002
3538
2181
1212
671
619
832
1232
1904
2588
3066
3273
3062
2574
2050
1522
1177
1313
1899
2801
3954
5120
6194
7003
7143
6466
5288
3857
2178
521
-669
-1223
-1290
-891
-251
318
643
296
-889
-2838
-5258
-7698
-9692
-10836
-10986
-10117
-8481
-6351
-4184
-2298
-853
-273
-561
-1588
-2994
-4144
-4891
-5319
-5399
-5123
-4622
-4051
-3566
-3245
-3204
-3759
-4704
-5687
-6599
-7130
-7369
-7343
-7108
-6585
-5585
-4402
-3065
-1824
-780
-40
181
242
251
176
18
-257
-552
-666
-507
-254
-13
24
-195
-591
-1157
-1550
-1785
-1969
-1983
-1881
-1506
-759
296
1353
2226
2980
3467
3866
4213
4350
4298
3967
3433
2864
2489
2335
2394
2777
3185
3691
4308
4695
4968
4812
4099
3087
1770
632
-96
-285
96
824
2021
3463
4869
6069
6754
6804
6262
5236
3933
2530
1467
808
440
764
1448
2163
3034
3716
3984
3900
3504
2892
2223
1786
1721
2084
2902
3958
5225
6362
7056
7263
6743
5690
4124
2191
550
-711
-1488
-1610
-1206
-559
48
388
55
-1055
-2824
-5044
-7422
-9511
-10720
-10819
-9961
-8483
-6624
-4649
-2871
-1556
-958
-1044
-1782
-2946
-4049
-4891
-5297
-5273
-4973
-4590
-4344
-4143
-3977
-3955
-4235
-4862
-5531
-6083
-6444
-6533
-6431
-6120
-5643
-4974
-4089
-3133
-2166
-1249
-460
-28
132
152
106
103
-142
-429
-609
-769
-694
-623
-528
-382
-489
-668
-900
-1089
-1100
-1145
-1182
-1151
-874
-311
428
1254
2057
2891
3667
4257
4553
4634
4387
3761
3072
2492
2098
1896
2093
2706
3535
4448
5208
5719
5687
4942
3848
2511
1118
151
-235
-31
841
2183
3773
5428
6693
7419
7441
6715
5598
4168
2603
1347
598
415
807
1537
2471
3311
3856
4083
3855
3286
2438
1492
857
827
1357
2394
3751
5102
6267
6927
7069
6588
5259
3472
1373
-663
-1983
-2624
-2465
-1745
-1034
-427
-60
-237
-1176
-2725
-4747
-7040
-9070
-10215
-10238
-9318
-7778
-6070
-4390
-2806
-1564
-961
-1129
-2020
-3200
-4390
-5422
-5747
-5614
-5335
-4968
-4711
-4365
-4013
-3791
-3863
-4373
-5096
-5756
-6177
-6258
-5968
-5589
-5182
-4608
-3962
-3043
-1932
-1072
-464
-259
-318
-244
-161
-117
-194
-415
-577
-650
-492
-152
127
293
258
14
-253
-410
-600
-890
-1131
-1398
-1518
-1121
-403
568
1726
2694
3551
4351
4835
5003
4813
4128
3298
2555
2081
2107
2443
3095
4004
4813
5430
5620
5297
4534
3208
1657
311
-628
-961
-509
559
2009
3672
5150
6219
6724
6607
5827
4577
3121
1694
806
433
630
1358
2174
3059
3798
4211
4304
3974
3346
2476
1628
1301
1467
2183
3358
4664
6142
7216
7714
7678
6760
5304
3347
1122
-851
-2320
-2969
-2875
-2252
-1390
-650
-94
28
-775
-2358
-4411
-6596
-8556
-9841
-10024
-9323
-8035
-6585
-5038
-3465
-2042
-1203
-1367
-2032
-3065
-4067
-4746
-5146
-5147
-5028
-4871
-4775
-4513
-3988
-3645
-3576
-3953
-4636
-5115
-5315
-5354
-5314
-5347
-5348
-5148
-4695
-3879
-2932
-1970
-1167
-748
-430
-84
287
465
219
-188
-560
-815
-783
-496
-145
76
279
394
444
548
348
7
-566
-1197
-1405
-1263
-571
332
1253
2351
3463
4478
5204
5511
5190
4281
3225
2222
1541
1414
1675
2269
3121
4027
4784
5214
5098
4447
3244
1646
354
-493
-783
-390
399
1711
3323
4753
5885
6476
6462
5885
4745
3427
2326
1531
1275
1386
1706
2399
3166
3830
4229
4316
4088
3518
2745
2058
1677
1775
2458
3484
4683
5841
6798
7399
7312
6404
5000
3191
1111
-735
-2067
-2604
-2341
-1680
-831
39
528
399
-566
-2295
-4433
-6773
-8747
-9896
-9981
-9094
-7775
-6171
-4298
-2539
-1314
-645
-722
-1617
-2754
-3888
-4794
-5224
-5368
-5317
-5199
-5005
-4521
-4070
-3713
-3662
-4241
-4884
-5364
-5617
-5710
-5871
-5910
-5750
-5352
-4628
-3559
-2334
-1363
-668
-223
-82
96
196
26
-333
-917
-1389
-1326
-946
-513
45
422
522
503
379
193
-175
-803
-1552
-2070
-2191
-1801
-918
175
1305
2420
3438
4204
4678
4652
4041
3114
2219
1561
1411
1870
2535
3473
4523
5384
6081
6211
5622
4511
2985
1363
101
-622
-577
180
1304
2687
4076
5347
6246
6483
6107
5206
4120
2978
2030
1605
1618
1978
2648
3408
4083
4572
4709
4524
3939
3110
2312
1662
1436
1775
2596
3757
5027
6113
6908
7347
7043
5949
4321
2235
209
-1431
-2481
-2808
-2593
-1846
-933
-167
260
5
-1133
-3025
-5180
-7333
-9094
-9904
-9756
-8756
-7256
-5568
-3649
-1924
-787
-398
-830
-1785
-2920
-3942
-4751
-5102
-5158
-5102
-4721
-4363
-3926
-3478
-3345
-3472
-4068
-4734
-5233
-5548
-5728
-5947
-5897
-5623
-5054
-4156
-3216
-2310
-1503
-1025
-803
-629
-485
-376
-525
-886
-1195
-1187
-910
-547
-188
80
263
301
314
251
57
-224
-797
-1388
-1680
-1725
-1315
-609
115
881
1701
2618
3421
3952
4048
3602
2918
2427
2146
2117
2429
2897
3588
4393
5141
5765
5911
5473
4505
3226
2001
1007
496
465
782
1521
2651
3890
4971
5807
6018
5638
5015
4155
3367
2764
2350
2226
2339
2700
3211
3774
4211
4289
4073
3686
3242
2891
2594
2551
2868
3356
4027
4832
5688
6266
6317
5877
4860
3335
1706
227
-994
-1798
-2232
-1979
-1191
-532
114
300
-348
-1569
-3408
-5456
-7351
-8785
-9461
-9383
-8503
-7018
-5220
-3410
-1946
-1055
-866
-1314
-2208
-3307
-4277
-5005
-5483
-5626
-5450
-5069
-4630
-4190
-3818
-3673
-3893
-4368
-4905
-5360
-5624
-5888
-6073
-5983
-5696
-5083
-4269
-3419
-2501
-1779
-1166
-567
-178
-57
-179
-431
-714
-940
-980
-803
-526
-298
-100
156
372
573
614
361
-61
-576
-981
-1161
-1064
-712
-187
483
1307
2323
3245
3898
4110
3890
3459
2777
2220
2065
2162
2443
2908
3629
4506
5243
5659
5569
4845
3774
2519
1315
593
273
422
1058
1941
3098
4385
5441
6008
6017
5416
4551
3729
2919
2271
1853
1745
1947
2425
3046
3639
4177
4321
3992
3528
3011
2614
2494
2521
2765
3304
4074
5003
5797
6237
6180
5492
4397
3027
1508
239
-805
-1538
-1622
-1296
-776
-144
172
-218
-1302
-2894
-4766
-6712
-8367
-9365
-9571
-8927
-7724
-6007
-4007
-2252
-953
-478
-763
-1468
-2500
-3607
-4514
-5240
-5587
-5434
-5139
-4656
-4012
-3504
-3311
-3587
-4118
-4764
-5470
-6103
-6615
-6790
-6622
-6161
-5365
-4375
-3289
-2254
-1343
-732
-435
-291
-376
-519
-815
-1154
-1323
-1353
-1194
-902
-505
-188
37
244
292
40
-241
-630
-1134
-1366
-1442
-1290
-898
-224
625
1427
2215
2931
3493
3854
3836
3426
3036
2721
2573
2745
3079
3620
4239
4811
5346
5582
5383
4733
3770
2736
1660
879
587
639
1134
1985
3017
3991
4786
5395
5570
5328
4794
4082
3435
2863
2516
2424
2446
2665
2978
3283
3508
3579
3407
3103
2740
2439
2445
2582
2867
3341
3992
4676
5172
5455
5389
4830
3844
2634
1338
218
-537
-881
-852
-570
-68
362
403
3
-970
-2582
-4578
-6596
-8307
-9222
-9314
-8857
-7767
-6227
-4515
-2867
-1628
-1045
-1064
-1656
-2639
-3628
-4487
-5015
-5304
-5364
-5194
-4868
-4301
-3813
-3547
-3569
-4026
-4744
-5412
-5945
-6349
-6585
-6650
-6326
-5600
-4673
-3572
-2412
-1484
-826
-434
-331
-348
-535
-725
-926
-1170
-1120
-859
-434
45
275
362
354
169
-128
-502
-831
-1127
-1399
-1405
-1084
-576
180
1187
2089
2771
3346
3797
4024
3896
3523
3050
2565
2243
2283
2649
3242
3991
4695
5324
5669
5554
5032
4100
2895
1709
788
263
315
720
1448
2507
3501
4492
5287
5621
5486
4893
4147
3364
2706
2259
2014
2029
2215
2620
3070
3492
3755
3688
3380
2948
2631
2403
2453
2789
3185
3757
4391
5017
5380
5295
4890
3979
2658
1327
197
-671
-1163
-1241
-1029
-538
-151
-154
-540
-1534
-3075
-5012
-6973
-8446
-9269
-9380
-8829
-7769
-6344
-4683
-3105
-1921
-1258
-1222
-1608
-2245
-3014
-3623
-4086
-4351
-4421
-4325
-4049
-3689
-3247
-3030
-3171
-3534
-4120
-4742
-5286
-5811
-6070
-6056
-5784
-5115
-4313
-3212
-1965
-992
-86
463
676
715
491
275
-68
-361
-434
-395
-209
32
247
303
211
-30
-366
-650
-912
-1233
-1470
-1500
-1372
-1022
-512
164
948
1589
2180
2675
2861
2893
2626
2033
1528
1216
1137
1343
1857
2570
3275
3848
4205
4205
3676
2876
1901
777
-102
-517
-319
387
1347
2624
4035
5149
5927
6261
6023
5383
4442
3481
2707
2260
2262
2494
3024
3738
4338
4831
5079
4885
4428
3855
3111
2637
2518
2741
3302
3966
4838
5676
6212
6326
5901
4978
3647
2088
764
-211
-825
-919
-691
-260
23
-8
-445
-1592
-3277
-5230
-7125
-8642
-9531
-9535
-8817
-7708
-6322
-4657
-3068
-1911
-1236
-1231
-1790
-2664
-3525
-4214
-4753
-4990
-4838
-4471
-4048
-3557
-3087
-2774
-2963
-3622
-4441
-5335
-6131
-6689
-6960
-6899
-6459
-5566
-4319
-2994
-1723
-604
117
350
260
-114
-472
-761
-1157
-1332
-1265
-904
-344
69
295
282
22
-551
-1268
-1884
-2386
-2688
-2767
-2511
-1812
-818
324
1389
2322
3012
3411
3652
3548
3183
2716
2281
1997
1911
2129
2665
3394
4129
4794
5166
5188
4846
4098
3094
1993
951
250
114
423
1234
2396
3552
4681
5628
6162
6171
5726
4900
3830
2820
2073
1726
1731
1977
2457
3041
3488
3798
3904
3625
3057
2442
1955
1630
1559
1927
2606
3516
4560
5458
6079
6201
5805
4940
3676
2249
865
-287
-980
-1155
-1007
-583
-178
-25
-211
-1169
-2698
-4346
-6093
-7747
-8822
-9052
-8722
-7817
-6415
-4886
-3359
-2144
-1424
-1306
-1714
-2357
-3115
-3754
-4121
-4321
-4330
-4101
-3808
-3571
-3443
-3505
-3858
-4391
-5091
-5867
-6341
-6657
-6790
-6633
-6134
-5284
-4360
-3335
-2311
-1427
-780
-469
-345
-325
-443
-519
-418
-321
-175
55
256
266
128
-139
-693
-1221
-1698
-2229
-2391
-2317
-2248
-1908
-1331
-624
202
1001
1702
2248
2693
3083
3309
3417
3421
3260
3060
2939
2917
2996
3336
3867
4349
4691
4817
4731
4283
3594
2729
1688
774
102
55
508
1222
2370
3460
4460
5276
5524
5424
4888
3979
3035
2227
1662
1443
1586
1945
2442
3034
3586
3843
3717
3338
2844
2205
1636
1457
1648
2275
3177
4189
5253
6053
6477
6400
5731
4553
3049
1563
310
-648
-1116
-1016
-620
-173
112
29
-549
-1736
-3369
-5120
-6802
-8137
-8813
-8670
-7872
-6662
-5106
-3507
-2164
-1264
-922
-1137
-1796
-2586
-3355
-3967
-4332
-4431
-4226
-3949
-3687
-3515
-3523
-3676
-4077
-4710
-5412
-5953
-6289
-6462
-6397
-6007
-5410
-4678
-3831
-2937
-2007
-1312
-855
-492
-319
-246
-132
-40
50
160
190
306
428
296
-17
-401
-834
-1257
-1686
-2052
-2087
-1934
-1711
-1370
-883
-299
298
960
1429
1828
2274
2510
2716
2876
2779
2701
2565
2350
2423
2622
2964
3398
3798
4114
4246
4105
3672
2988
2038
1201
533
190
369
923
1809
2867
3987
5020
5780
6038
5859
5346
4505
3581
2825
2422
2306
2319
2489
2843
3224
3426
3521
3496
3118
2604
2172
1852
1825
2083
2652
3503
4332
5036
5546
5714
5436
4591
3399
2128
897
-73
-692
-935
-801
-480
-129
-100
-656
-1621
-2988
-4779
-6600
-8068
-8972
-9107
-8477
-7297
-5809
-4228
-2846
-1783
-1205
-1285
-1655
-2236
-2932
-3425
-3669
-3604
-3506
-3392
-3236
-3365
-3564
-3694
-4054
-4623
-5247
-5733
-5982
-6111
-6064
-5816
-5456
-4942
-4325
-3577
-2710
-1912
-1204
-739
-457
-107
151
336
490
544
578
572
549
491
209
-178
-441
-875
-1256
-1436
-1661
-1599
-1521
-1373
-1008
-649
-79
596
1221
1794
2340
2803
3142
3329
3253
3028
2841
2642
2501
2649
2989
3453
3984
4417
4573
4402
3944
3151
2130
1081
208
-286
-283
152
1036
2168
3321
4391
5173
5594
5491
4909
4088
3280
2608
1999
1641
1688
2085
2549
2927
3310
3405
3233
2895
2339
1838
1426
1314
1489
1923
2785
3818
4868
5646
6032
5956
5254
4174
2903
1624
489
-427
-836
-718
-385
112
454
230
-539
-1813
-3474
-5324
-7105
-8443
-9004
-8872
-8140
-6830
-5277
-3695
-2339
-1478
-1126
-1232
-1794
-2467
-3026
-3574
-3871
-3870
-3757
-3499
-3320
-3305
-3301
-3580
-4029
-4561
-5268
-5676
-5986
-6250
-6155
-5842
-5195
-4486
-3833
-3086
-2396
-1784
-1243
-817
-586
-332
-31
55
74
192
325
408
409
401
340
142
-114
-371
-694
-1023
-1197
-1367
-1384
-1288
-1130
-608
37
745
1446
2118
2789
3212
3518
3574
3328
2997
2674
2445
2323
2365
2607
3082
3584
3993
4165
3932
3499
2743
1801
969
271
-44
59
735
1750
2827
3984
4862
5459
5687
5371
4763
3971
3083
2385
2032
1893
2087
2454
2809
3271
3503
3573
3371
2909
2516
2047
1807
1894
2265
2879
3652
4547
5361
5908
5913
5577
4734
3446
2246
1043
96
-433
-633
-404
-70
169
200
-304
-1366
-2910
-4683
-6466
-7980
-8760
-8914
-8466
-7339
-5905
-4397
-2941
-1921
-1474
-1451
-1872
-2533
-3170
-3741
-4071
-4108
-3980
-3771
-3542
-3321
-3363
-3577
-3870
-4507
-5109
-5552
-5956
-6066
-5965
-5749
-5215
-4466
-3782
-3129
-2365
-1606
-1072
-621
-304
-186
21
176
134
100
163
282
375
397
388
228
-155
-553
-1012
-1489
-1835
-2119
-2327
-2296
-1961
-1556
-923
59
924
1679
2420
2960
3355
3446
3283
2934
2498
2319
2196
2280
2651
3155
3838
4393
4630
4568
4110
3344
2345
1247
439
-44
-31
562
1524
2791
4061
5170
5979
6263
6018
5243
4298
3325
2468
2005
1835
1960
2383
2987
3524
3923
3949
3673
3243
2483
1823
1405
1249
1525
2110
2983
4061
5044
5772
6100
5819
5071
3866
2420
1093
-92
-797
-975
-776
-284
223
543
346
-533
-1918
-3769
-5840
-7662
-9098
-9774
-9457
-8346
-6767
-5062
-3324
-1897
-973
-664
-954
-1590
-2503
-3282
-3858
-4202
-4168
-3839
-3440
-3214
-2841
-2699
-2997
-3463
-4171
-4934
-5640
-6130
-6365
-6309
-5996
-5379
-4460
-3565
-2617
-1720
-1071
-735
-701
-738
-771
-674
-610
-513
-294
-62
297
456
432
325
-11
-484
-1028
-1604
-2045
-2198
-2248
-2133
-1750
-1175
-415
334
1148
1904
2516
3059
3262
3305
3245
3059
2800
2524
2458
2587
2951
3387
3931
4486
4741
4732
4393
3838
2985
2032
1365
871
749
1087
1835
2871
3914
4955
5737
6087
6072
5724
5032
4100
3253
2548
2212
2166
2245
2641
3081
3451
3567
3394
3055
2454
1856
1366
1110
1223
1690
2413
3374
4441
5227
5627
5500
4865
3825
2442
1063
-98
-1014
-1460
-1357
-909
-346
98
197
-345
-1521
-3100
-4921
-6752
-8222
-9077
-9196
-8432
-7131
-5564
-3851
-2416
-1366
-873
-990
-1498
-2285
-3133
-3798
-4257
-4397
-4169
-3884
-3574
-3270
-3175
-3347
-3745
-4347
-5012
-5598
-6104
-6432
-6472
-6142
-5508
-4722
-3877
-2954
-2110
-1371
-723
-383
-245
-161
-129
-61
28
65
211
400
581
631
569
467
226
-117
-546
-816
-1055
-1303
-1430
-1381
-1071
-639
-90
669
1526
2258
2915
3306
3465
3527
3269
2870
2476
2202
2214
2445
2799
3353
3958
4320
4493
4358
3932
3206
2207
1312
519
67
128
642
1646
2863
4093
5153
5910
6192
5874
5112
4167
3172
2166
1596
1519
1753
2303
2869
3472
3966
3999
3774
3202
2412
1768
1224
998
1219
1949
2993
4071
5163
6010
6409
6173
5440
4292
2777
1305
105
-766
-1147
-1029
-554
49
408
321
-278
-1460
-3200
-5163
-7027
-8474
-9174
-9053
-8282
-7049
-5565
-4101
-2865
-2031
-1693
-1893
-2443
-3069
-3690
-4159
-4351
-4263
-4045
-3839
-3580
-3402
-3373
-3446
-3729
-4212
-4707
-5173
-5506
-5657
-5790
-5635
-5131
-4583
-3971
-3219
-2420
-1737
-1211
-784
-449
-174
46
228
280
224
221
183
129
75
66
89
-24
-147
-197
-295
-497
-789
-1064
-1161
-1158
-973
-501
80
721
1423
2137
2746
3221
3483
3380
3113
2827
2509
2322
2317
2534
3027
3610
4064
4366
4440
4078
3356
2481
1567
834
405
463
1000
1805
2868
3968
4920
5539
5691
5519
4981
4073
3228
2565
2202
2180
2273
2640
3095
3467
3734
3735
3550
3079
2384
1761
1344
1176
1321
1889
2823
3846
4851
5713
6140
6015
5267
4056
2603
1162
45
-775
-1101
-869
-346
282
662
672
204
-907
-2499
-4393
-6179
-7616
-8504
-8619
-8112
-7089
-5836
-4536
-3261
-2238
-1714
-1715
-2050
-2563
-3092
-3572
-3883
-4032
-4036
-3929
-3811
-3663
-3602
-3664
-3885
-4226
-4588
-4936
-5151
-5264
-5332
-5305
-5210
-4943
-4539
-4145
-3576
-2910
-2243
-1621
-1009
-344
41
291
370
140
-51
-233
-444
-558
-517
-379
-322
-277
-152
-86
-180
-447
-804
-1122
-1349
-1377
-1122
-546
246
1172
2230
3173
3886
4239
4268
3997
3431
2945
2584
2473
2696
3168
3902
4541
4901
5059
4876
4276
3402
2421
1509
906
700
880
1556
2473
3474
4549
5336
5720
5633
5122
4315
3374
2544
1915
1624
1659
2056
2657
3158
3587
3722
3511
3100
2390
1623
1116
872
977
1584
2457
3417
4386
5216
5744
5708
5106
4035
2678
1205
-91
-916
-1435
-1498
-1043
-411
199
406
85
-827
-2426
-4283
-6150
-7735
-8713
-9029
-8624
-7629
-6352
-4927
-3482
-2364
-1692
-1452
-1640
-2135
-2687
-3170
-3527
-3704
-3715
-3633
-3582
-3496
-3344
-3281
-3416
-3695
-4022
-4281
-4509
-4697
-4759
-4904
-4996
-4903
-4747
-4435
-3959
-3268
-2487
-1798
-1108
-439
140
413
365
218
-21
-320
-557
-565
-412
-279
-51
182
218
240
221
-90
-584
-1050
-1436
-1592
-1473
-1068
-346
536
1510
2495
3371
3964
4148
4036
3660
3097
2573
2301
2329
2633
3204
3849
4470
4829
4848
4549
3828
2904
1941
1114
698
726
1188
2047
2988
4007
4865
5278
5483
5239
4577
3812
3068
2486
2100
1974
2201
2674
3164
3593
3875
3920
3653
3116
2502
1913
1472
1409
1782
2447
3306
4257
5076
5671
5789
5265
4287
2946
1461
116
-909
-1512
-1541
-1120
-505
203
532
275
-500
-1986
-3863
-5747
-7593
-9007
-9622
-9480
-8677
-7482
-6081
-4538
-3214
-2287
-1898
-2000
-2404
-3034
-3661
-4131
-4400
-4504
-4441
-4259
-3981
-3694
-3517
-3422
-3547
-3813
-3999
-4290
-4623
-4944
-5257
-5332
-5307
-5050
-4530
-3921
-3030
-2019
-1085
-249
383
775
856
614
243
-74
-297
-293
-114
166
586
938
1161
1261
1164
833
290
-381
-1137
-1744
-1981
-1916
-1498
-672
439
1720
2944
3870
4448
4526
4092
3359
2516
1878
1444
1567
2244
2963
3825
4612
5055
5139
4727
3866
2763
1590
667
177
152
656
1552
2730
3919
4918
5577
5706
5438
4751
3816
2895
2078
1621
1535
1819
2469
3115
3655
3994
3944
3698
3185
2430
1802
1375
1278
1684
2351
3160
4238
5196
5787
5990
5530
4574
3306
1845
371
-760
-1289
-1372
-1003
-425
182
568
414
-439
-2009
-3895
-5942
-7766
-9050
-9671
-9310
-8273
-7003
-5547
-3923
-2568
-1833
-1606
-1794
-2309
-3039
-3753
-4242
-4519
-4680
-4612
-4303
-3946
-3590
-3401
-3475
-3672
-4063
-4489
-4938
-5481
-5816
-6096
-6110
-5786
-5355
-4563
-3587
-2503
-1508
-822
-180
141
156
96
-213
-639
-909
-931
-690
-301
147
713
1238
1539
1546
1249
673
-105
-882
-1520
-1978
-2051
-1619
-789
309
1486
2744
3753
4284
4520
4269
3672
3016
2410
2014
1955
2313
2890
3638
4355
4848
4995
4627
3950
2977
1872
970
406
266
680
1473
2416
3520
4407
5040
5318
5138
4670
3830
2943
2324
1941
1771
2017
2534
3136
3726
4085
4328
4165
3620
2957
2153
1538
1143
1078
1575
2373
3439
4597
5434
5912
5846
5096
3912
2482
950
-361
-1193
-1508
-1320
-763
-95
471
638
119
-1043
-2771
-4848
-6827
-8502
-9516
-9629
-8986
-7715
-6132
-4481
-2972
-1840
-1304
-1407
-1951
-2751
-3639
-4415
-4937
-5199
-5097
-4711
-4203
-3648
-3228
-3007
-3086
-3597
-4269
-4910
-5631
-6197
-6534
-6623
-6258
-5540
-4530
-3403
-2223
-1123
-477
18
281
181
-81
-499
-764
-947
-1019
-707
-176
412
984
1381
1479
1316
893
345
-346
-1174
-1720
-2018
-2029
-1573
-809
151
1180
2225
3005
3507
3799
3757
3477
2977
2599
2335
2341
2705
3104
3776
4451
4904
5154
5037
4554
3764
2911
2101
1466
1164
1232
1654
2370
3240
4036
4713
5112
5158
4867
4313
3754
3147
2598
2294
2305
2515
2810
3287
3661
3789
3775
3525
3013
2335
1694
1270
1109
1229
1685
2370
3184
4044
4616
4732
4428
3707
2694
1500
242
-758
-1337
-1565
-1354
-878
-397
-81
-285
-1035
-2332
-3985
-5840
-7577
-8738
-9311
-9157
-8377
-7138
-5649
-4089
-2737
-1868
-1499
-1778
-2342
-2985
-3710
-4218
-4482
-4432
-4136
-3723
-3309
-3018
-2811
-2900
-3235
-3704
-4372
-4965
-5405
-5661
-5642
-5403
-4991
-4432
-3624
-2651
-1684
-885
-238
211
368
362
224
92
-71
-276
-363
-306
-123
83
262
270
224
150
-211
-639
-1094
-1530
-1831
-2011
-1886
-1479
-917
-195
656
1421
2071
2567
2815
2927
2880
2750
2606
2492
2509
2756
3202
3753
4325
4630
4780
4668
4134
3516
2705
1954
1402
1114
1293
1627
2304
3247
4079
4729
5092
5126
4860
4403
3695
2902
2358
2119
2103
2374
2875
3394
3906
4185
4135
3826
3250
2518
1818
1303
1169
1457
2037
2977
4083
5020
5668
5677
5101
4168
2887
1421
52
-896
-1405
-1374
-935
-313
329
611
404
-450
-1983
-3849
-5754
-7484
-8639
-9106
-8909
-7966
-6578
-4964
-3411
-2238
-1447
-1202
-1502
-2122
-2923
-3733
-4365
-4721
-4720
-4533
-4254
-3866
-3547
-3281
-3288
-3661
-4172
-4809
-5381
-5853
-6257
-6376
-6144
-5669
-4998
-4077
-3011
-1958
-1004
-307
105
268
186
59
-141
-429
-624
-691
-535
-276
14
275
381
426
363
115
-253
-645
-1026
-1310
-1481
-1432
-1101
-572
274
1172
1979
2742
3240
3475
3531
3354
2991
2655
2403
2349
2513
2877
3366
3845
4250
4347
4260
3960
3241
2398
1668
1075
795
934
1463
2332
3307
4125
4792
5304
5344
4919
4241
3484
2787
2161
1875
1910
2186
2702
3223
3644
3888
3809
3424
2912
2345
1794
1338
1291
1792
2424
3299
4310
5109
5683
5690
5086
4131
2946
1625
433
-442
-894
-805
-411
175
639
688
347
-678
-2181
-3874
-5732
-7331
-8307
-8627
-8275
-7327
-6034
-4565
-3230
-2200
-1573
-1454
-1729
-2370
-3096
-3663
-4114
-4411
-4462
-4295
-4180
-4070
-3970
-3932
-4012
-4360
-4749
-5145
-5453
-5683
-5871
-5895
-5761
-5339
-4817
-4243
-3448
-2532
-1681
-960
-320
90
220
206
5
-267
-508
-744
-863
-820
-564
-301
-101
134
253
193
-121
-543
-945
-1421
-1852
-1918
-1541
-942
-53
1008
2015
2932
3621
4047
4053
3676
3161
2675
2398
2259
2375
2824
3395
3974
4454
4727
4591
4161
3588
2785
1944
1209
922
1136
1582
2435
3456
4348
5151
5570
5481
5025
4320
3456
2563
1918
1710
1804
2157
2831
3570
4200
4533
4445
4011
3272
2344
1468
944
782
1058
1798
2715
3870
4932
5534
5681
5094
4111
2862
1373
79
-930
-1435
-1448
-1129
-478
167
396
125
-714
-2086
-3816
-5677
-7374
-8558
-9010
-8710
-7723
-6449
-5017
-3576
-2398
-1651
-1474
-1796
-2432
-3058
-3703
-4190
-4284
-4141
-3871
-3609
-3292
-3039
-3053
-3161
-3475
-3964
-4288
-4596
-4939
-5151
-5200
-4994
-4642
-4263
-3679
-2957
-2206
-1415
-775
-328
2
143
76
-136
-450
-792
-1008
-1021
-895
-622
-201
173
451
611
568
280
-213
-789
-1379
-1706
-1719
-1399
-728
193
1231
2214
3153
3792
4054
3996
3646
3098
2532
2151
1963
2113
2569
3184
3767
4291
4625
4527
4028
3241
2389
1664
1129
834
1071
1742
2490
3361
4285
4952
5247
5190
4771
4127
3356
2605
2057
1790
1812
2113
2627
3153
3601
3852
3808
3395
2718
2034
1348
854
783
1203
1926
2813
3860
4803
5325
5312
4854
3828
2462
1141
-80
-942
-1238
-1043
-515
117
650
823
412
-614
-2117
-3857
-5652
-7170
-8131
-8398
-8027
-7098
-5765
-4348
-3090
-2186
-1679
-1622
-2003
-2617
-3233
-3685
-3969
-4075
-3895
-3602
-3299
-3050
-3074
-3234
-3527
-3969
-4484
-4967
-5339
-5620
-5625
-5509
-5306
-4947
-4520
-3930
-3244
-2566
-1871
-1198
-739
-449
-332
-336
-421
-606
-735
-830
-800
-560
-96
416
813
1129
1211
1019
586
16
-579
-1185
-1483
-1498
-1138
-314
600
1714
2742
3514
4038
4098
3912
3450
2829
2392
2109
2100
2401
2851
3541
4199
4609
4756
4470
3890
3039
2130
1346
755
739
1008
1522
2359
3205
4006
4585
4884
4743
4240
3599
2903
2245
1670
1455
1578
1977
2669
3326
3871
4245
4235
3880
3324
2654
1910
1446
1422
1836
2597
3534
4659
5666
6186
6073
5391
4247
2780
1205
-213
-1138
-1512
-1503
-1051
-343
169
321
-100
-1075
-2607
-4507
-6309
-7879
-8940
-9271
-8723
-7580
-6208
-4732
-3361
-2308
-1806
-1808
-2205
-2855
-3532
-4099
-4377
-4351
-4210
-3798
-3394
-3230
-3019
-3046
-3323
-3723
-4330
-4896
-5282
-5478
-5555
-5506
-5242
-4805
-4273
-3647
-2927
-2207
-1519
-870
-249
166
442
544
372
160
-118
-256
-282
-294
-74
298
629
870
1045
956
632
232
-306
-886
-1290
-1341
-1082
-501
385
1296
2222
3102
3618
3770
3693
3310
2766
2266
1938
1885
2098
2591
3213
3852
4324
4534
4461
4134
3580
2748
2050
1564
1277
1417
1794
2437
3362
4127
4655
4956
5015
4730
4166
3585
2896
2311
2053
2123
2393
2776
3248
3594
3769
3709
3285
2730
2197
1521
1034
1074
1475
2177
3070
3971
4809
5298
5237
4717
3715
2408
1099
-126
-1064
-1514
-1486
-1064
-443
91
306
57
-838
-2330
-4170
-6095
-7667
-8745
-9085
-8542
-7556
-6318
-4790
-3316
-2236
-1614
-1548
-1889
-2458
-3125
-3683
-4051
-4126
-3950
-3672
-3354
-3113
-3053
-3100
-3265
-3628
-4109
-4505
-4821
-5126
-5325
-5427
-5315
-5054
-4727
-4153
-3434
-2632
-1826
-1120
-538
-84
309
365
197
57
-202
-393
-441
-449
-188
67
257
510
450
300
4
-502
-1044
-1568
-1809
-1805
-1376
-652
290
1466
2460
3259
3813
4080
4008
3652
3279
2832
2536
2683
3060
3581
4284
4938
5372
5511
5251
4610
3653
2591
1662
964
666
854
1430
2300
3277
4217
4971
5262
5121
4642
3837
2947
2174
1612
1344
1412
1825
2428
3061
3604
3907
3864
3444
2769
2094
1422
960
1006
1414
2184
3228
4402
5389
5892
5945
5290
4171
2883
1323
-48
-883
-1276
-1232
-691
8
628
980
633
-357
-1956
-3918
-5956
-7771
-8999
-9493
-9149
-8254
-6843
-5222
-3838
-2670
-1925
-1891
-2287
-2851
-3503
-3927
-4290
-4421
-4253
-4056
-3662
-3368
-3319
-3402
-3613
-3921
-4427
-4905
-5178
-5351
-5426
-5354
-5209
-4991
-4639
-4133
-3582
-2972
-2165
-1446
-884
-406
-45
171
167
61
-151
-292
-295
-293
-159
106
329
454
535
416
117
-250
-763
-1210
-1408
-1357
-975
-397
336
1288
2213
2972
3559
3790
3783
3703
3352
3061
2980
2974
3279
3818
4406
4942
5331
5376
5023
4426
3551
2565
1684
1034
879
1078
1617
2408
3281
4230
4864
5090
4936
4512
3864
3045
2416
1937
1695
1861
2305
2816
3360
3865
4049
3977
3615
2980
2309
1711
1321
1187
1497
2242
3187
4056
4745
5250
5295
4813
3859
2583
1207
-54
-949
-1412
-1347
-862
-243
379
684
610
56
-1208
-2894
-4771
-6556
-8037
-8930
-9063
-8602
-7584
-6372
-5121
-3877
-2970
-2466
-2496
-2952
-3448
-4030
-4475
-4614
-4592
-4378
-4201
-3957
-3698
-3593
-3499
-3686
-4096
-4473
-4808
-5040
-5116
-5087
-5030
-4855
-4528
-4125
-3664
-3014
-2287
-1700
-1076
-539
-154
245
388
412
465
312
187
172
286
510
649
876
991
917
722
282
-136
-640
-1186
-1457
-1509
-1260
-647
243
1232
2215
3038
3616
3972
3954
3623
3135
2677
2487
2574
2875
3422
4107
4793
5226
5217
4866
4201
3271
2185
1235
721
607
924
1700
2717
3755
4613
5252
5519
5354
4833
4004
3249
2613
2104
2039
2360
2784
3280
3780
4081
4099
3868
3463
2854
2144
1508
1098
1105
1481
2116
2897
3671
4280
4673
4655
4031
3149
2017
710
-385
-1214
-1567
-1489
-1087
-514
-63
197
95
-570
-1795
-3390
-5237
-7002
-8330
-8999
-8885
-8176
-7014
-5658
-4364
-3269
-2578
-2356
-2580
-3107
-3737
-4265
-4488
-4521
-4343
-3912
-3574
-3230
-2981
-3053
-3163
-3492
-3984
-4425
-4820
-5035
-5090
-4997
-4852
-4680
-4543
-4377
-4081
-3694
-3208
-2703
-2173
-1628
-995
-375
-12
189
175
95
99
77
225
442
670
961
1168
1243
1138
865
340
-342
-924
-1345
-1427
-1164
-552
386
1448
2495
3303
3994
4343
4185
3919
3473
3018
2852
2999
3440
4018
4649
5263
5499
5414
5134
4333
3349
2312
1269
755
695
954
1611
2433
3287
4113
4640
4797
4716
4321
3618
2925
2366
2059
2081
2320
2764
3343
3869
4199
4317
4208
3797
3070
2243
1576
1127
1080
1384
1937
2743
3455
4014
4447
4487
3979
3110
1991
759
-369
-1234
-1556
-1476
-1092
-522
-94
164
36
-665
-1913
-3587
-5421
-7072
-8157
-8727
-8635
-7853
-6793
-5618
-4495
-3576
-3113
-3131
-3446
-4005
-4585
-4904
-4921
-4640
-4126
-3695
-3278
-2985
-2953
-2921
-3147
-3578
-3933
-4340
-4709
-4857
-4927
-4959
-4853
-4753
-4660
-4409
-3970
-3463
-2824
-2081
-1456
-827
-303
53
270
194
66
-31
5
255
574
1035
1519
1832
1994
1860
1520
1030
287
-516
-1306
-1705
-1620
-1156
-266
824
2044
3083
3867
4436
4588
4333
3861
3296
2758
2578
2726
3119
3801
4473
4962
5245
5295
4933
4081
3048
1956
934
306
235
582
1236
2161
3112
3942
4560
4823
4682
4163
3389
2611
1924
1415
1387
1638
2031
2587
3087
3532
3718
3502
3044
2506
1867
1191
800
804
1155
1856
2695
3459
4186
4652
4686
4240
3257
2064
757
-553
-1510
-1824
-1603
-1138
-417
235
487
321
-398
-1748
-3571
-5460
-7100
-8303
-8771
-8490
-7570
-6298
-4973
-3684
-2830
-2396
-2475
-3004
-3607
-4323
-4723
-4707
-4474
-3989
-3409
-2891
-2637
-2547
-2686
-3059
-3484
-4040
-4483
-4791
-4918
-4800
-4559
-4228
-4060
-3889
-3718
-3614
-3242
-2870
-2491
-2004
-1506
-927
-554
-275
-64
7
138
212
361
671
1006
1308
1443
1401
1284
990
480
-95
-718
-1272
-1477
-1303
-848
29
960
1845
2850
3527
3914
4045
3863
3543
3103
2821
2747
2966
3568
4273
5028
5575
5771
5652
5075
4221
3195
2041
1075
465
300
679
1404
2332
3307
4117
4674
4814
4608
4082
3395
2710
2054
1725
1710
1914
2297
2759
3207
3445
3518
3420
3052
2507
1942
1478
1178
1092
1340
1890
2564
3208
3717
4005
3961
3503
2551
1379
272
-736
-1453
-1645
-1402
-917
-318
203
386
6
-930
-2352
-4103
-5989
-7608
-8451
-8629
-8206
-7121
-5752
-4447
-3328
-2646
-2383
-2494
-3163
-4057
-4778
-5211
-5312
-4965
-4320
-3679
-3059
-2628
-2445
-2564
-2993
-3546
-4091
-4499
-4742
-4733
-4608
-4375
-4012
-3769
-3611
-3492
-3323
-3101
-2941
-2675
-2174
-1710
-1200
-551
-80
259
486
588
629
715
849
983
1170
1398
1502
1436
1339
1004
481
-63
-643
-998
-1011
-677
-6
807
1721
2661
3383
3836
3999
3900
3613
3217
2888
2797
3040
3566
4147
4788
5331
5442
5205
4614
3736
2686
1503
568
87
15
359
1104
2126
3156
4047
4760
5131
5050
4611
3966
3261
2544
2042
1894
1933
2236
2683
3114
3488
3666
3612
3259
2680
2063
1433
906
729
934
1467
2192
2989
3685
4072
4053
3631
2873
1810
678
-279
-937
-1220
-1086
-591
55
452
455
-28
-1191
-2755
-4588
-6341
-7678
-8511
-8545
-7890
-6775
-5489
-4227
-3250
-2752
-2666
-3150
-3961
-4763
-5336
-5582
-5492
-4985
-4249
-3478
-2937
-2707
-2695
-2995
-3390
-3869
-4398
-4651
-4734
-4656
-4419
-4106
-3828
-3666
-3625
-3634
-3544
-3413
-3138
-2772
-2297
-1672
-965
-330
169
568
716
798
840
937
1100
1235
1483
1605
1525
1379
1190
735
76
-505
-1048
-1290
-1183
-832
-142
773
1746
2605
3268
3781
4009
3854
3651
3426
3161
3137
3424
3900
4486
5003
5275
5316
4961
4292
3378
2213
1182
414
-26
73
594
1397
2439
3426
4214
4799
5040
4978
4638
4060
3513
3000
2625
2591
2615
2746
3164
3516
3670
3679
3469
3114
2552
1870
1313
923
778
956
1515
2203
2927
3597
3965
4008
3529
2707
1719
560
-455
-1138
-1412
-1294
-949
-567
-366
-503
-1083
-2232
-3781
-5366
-6848
-7953
-8429
-8213
-7437
-6388
-5196
-4137
-3403
-2993
-3056
-3401
-3903
-4500
-4867
-4899
-4596
-4177
-3698
-3209
-2971
-3003
-3158
-3349
-3686
-4008
-4202
-4321
-4285
-4143
-4022
-3955
-3911
-3882
-3926
-4006
-3903
-3632
-3203
-2567
-1874
-1121
-428
44
337
508
579
528
522
668
842
1141
1480
1689
1810
1665
1353
896
189
-496
-1046
-1349
-1240
-672
248
1190
2155
3111
3869
4399
4460
4287
4055
3622
3425
3484
3745
4310
4855
5298
5544
5459
5041
4173
3078
2041
1080
353
122
349
885
1810
2846
3760
4516
4963
5017
4701
4240
3619
3036
2580
2294
2356
2441
2676
3013
3188
3290
3244
3017
2502
1878
1354
815
490
551
848
1412
2194
2953
3506
3742
3638
3125
2276
1224
106
-757
-1249
-1452
-1270
-714
-294
-123
-295
-913
-1902
-3499
-5172
-6595
-7765
-8231
-8053
-7406
-6336
-5117
-4053
-3302
-2936
-2924
-3299
-3866
-4349
-4741
-4792
-4514
-4118
-3678
-3319
-3067
-2957
-3022
-3244
-3525
-3803
-3988
-4018
-4004
-3893
-3687
-3645
-3784
-3925
-4125
-4303
-4240
-3927
-3396
-2739
-1961
-1142
-406
231
633
851
927
952
942
908
1145
1476
1817
2133
2234
2210
1866
1190
418
-431
-1183
-1591
-1553
-1057
-146
980
2109
3185
4021
4503
4568
4190
3767
3429
3132
3195
3590
4230
4958
5492
5817
5689
5084
4149
2938
1686
606
-40
-166
179
951
1978
3035
3981
4602
4857
4750
4249
3707
3103
2550
2266
2113
2192
2462
2907
3306
3415
3495
3448
3006
2502
1992
1405
1102
973
941
1271
1859
2538
3097
3498
3685
3395
2822
2054
1121
234
-570
-1141
-1222
-1023
-658
-201
-134
-382
-1036
-2179
-3601
-5149
-6518
-7630
-8223
-8084
-7461
-6581
-5554
-4572
-3902
-3569
-3513
-3777
-4191
-4526
-4750
-4853
-4652
-4214
-3747
-3352
-3067
-2907
-2907
-3069
-3318
-3445
-3469
-3456
-3468
-3515
-3547
-3663
-3838
-3976
-4179
-4333
-4130
-3706
-3215
-2482
-1609
-811
-60
406
654
847
814
678
594
691
940
1225
1584
1932
2095
2027
1667
1032
296
-536
-1245
-1599
-1664
-1224
-274
830
2033
3117
3889
4316
4360
4110
3646
3317
3182
3262
3689
4280
4942
5525
5873
5822
5325
4451
3315
2089
1034
410
183
401
1012
1856
2841
3716
4316
4617
4604
4293
3800
3262
2809
2500
2336
2407
2626
2941
3309
3537
3594
3492
3203
2798
2256
1617
1133
926
925
1277
1922
2580
3260
3715
3837
3658
3070
2151
1022
-41
-827
-1299
-1372
-1104
-677
-258
71
10
-574
-1520
-2856
-4383
-5825
-6931
-7577
-7752
-7426
-6687
-5779
-4910
-4223
-3854
-3711
-3846
-4119
-4455
-4688
-4615
-4467
-4143
-3757
-3469
-3158
-3001
-2980
-2989
-3100
-3186
-3264
-3418
-3472
-3505
-3703
-3836
-4046
-4366
-4564
-4754
-4721
-4499
-4018
-3295
-2546
-1637
-786
-106
461
757
826
961
999
1030
1318
1540
1854
2229
2369
2387
2100
1545
907
108
-632
-1026
-1062
-712
-8
940
1991
2955
3721
4171
4312
4119
3783
3421
3073
2990
3205
3721
4347
4946
5273
5301
5084
4421
3446
2364
1282
375
-22
-104
232
1061
1950
2936
3715
4207
4485
4380
4055
3592
3045
2628
2421
2318
2465
2857
3173
3441
3591
3481
3181
2626
2043
1473
999
845
872
1271
1900
2576
3265
3678
3813
3599
3004
2158
1206
337
-411
-852
-837
-662
-338
44
131
-106
-699
-1682
-2873
-4169
-5487
-6546
-7143
-7310
-7089
-6525
-5849
-5083
-4476
-4185
-3957
-3974
-4152
-4328
-4463
-4427
-4272
-4083
-3810
-3429
-3216
-3145
-3086
-3196
-3261
-3181
-3211
-3236
-3189
-3234
-3418
-3681
-3991
-4385
-4709
-4845
-4776
-4495
-3991
-3231
-2290
-1332
-508
124
581
777
774
819
887
999
1277
1546
1925
2339
2500
2447
1998
1351
660
-180
-866
-1345
-1494
-1148
-510
417
1490
2405
3163
3683
3945
3967
3625
3299
3121
3026
3260
3633
4148
4693
5016
5106
4892
4456
3639
2523
1489
701
139
-102
57
535
1353
2283
3170
3950
4429
4569
4425
4107
3701
3271
2904
2761
2843
3039
3339
3686
3968
3949
3634
3189
2581
1919
1325
959
910
1110
1572
2192
2850
3355
3574
3565
3151
2365
1444
497
-261
-856
-1125
-1018
-835
-597
-427
-456
-907
-1719
-2722
-3999
-5274
-6309
-6981
-7160
-6963
-6587
-5940
-5169
-4531
-4083
-3887
-3894
-4003
-4147
-4292
-4323
-4224
-3932
-3589
-3376
-3061
-2845
-2816
-2703
-2661
-2760
-2856
-2901
-2977
-3135
-3417
-3756
-4106
-4523
-4809
-4946
-4923
-4709
-4153
-3326
-2623
-1825
-989
-382
25
248
480
624
696
926
1240
1555
1924
2147
2129
2053
1628
936
146
-660
-1288
-1724
-1759
-1487
-868
-17
906
1921
2763
3354
3720
3794
3703
3639
3517
3497
3786
4251
4815
5310
5608
5721
5488
4936
4106
3117
2103
1122
485
290
473
1034
1842
2680
3576
4346
4849
4994
4756
4333
3779
3285
2908
2756
2825
3046
3415
3745
3904
3759
3486
3068
2280
1498
861
409
289
432
861
1471
2138
2752
3161
3274
2975
2354
1597
716
-123
-731
-1176
-1209
-929
-737
-519
-529
-836
-1413
-2478
-3736
-5005
-6155
-7037
-7537
-7520
-7187
-6688
-5997
-5289
-4769
-4414
-4239
-4201
-4223
-4314
-4420
-4278
-4010
-3821
-3467
-3170
-3095
-3003
-2970
-3040
-3044
-3111
-3237
-3314
-3431
-3509
-3693
-3948
-4264
-4694
-4826
-4700
-4498
-4075
-3425
-2577
-1692
-899
-211
296
642
821
914
1017
1109
1331
1741
2094
2303
2420
2355
2064
1627
955
212
-375
-784
-844
-621
-70
727
1554
2566
3430
3994
4340
4348
4203
3939
3695
3550
3576
3956
4422
4823
5263
5458
5316
4981
4264
3305
2276
1343
660
262
293
732
1469
2315
3225
3987
4375
4445
4216
3836
3294
2691
2399
2345
2462
2746
3026
3332
3559
3525
3314
2901
2279
1624
956
460
256
337
755
1298
1918
2517
2942
3097
2927
2484
1677
721
-158
-899
-1397
-1645
-1585
-1394
-1240
-1153
-1267
-1556
-2118
-3089
-4201
-5297
-6269
-6898
-7147
-7012
-6615
-6073
-5491
-4994
-4646
-4410
-4417
-4548
-4660
-4795
-4699
-4537
-4210
-3751
-3412
-3120
-3016
-2960
-2871
-2929
-3051
-3072
-3054
-3072
-3141
-3211
-3315
-3650
-3975
-4260
-4557
-4581
-4418
-3909
-3174
-2437
-1551
-698
52
603
915
1130
1310
1422
1588
1853
2167
2558
2745
2776
2615
2181
1582
727
-68
-681
-1100
-1133
-737
-40
818
1808
2783
3582
4039
4305
4366
4122
3817
3609
3629
3844
4195
4633
5143
5525
5642
5424
4833
3949
2809
1808
946
340
238
487
1084
2000
2939
3682
4245
4413
4205
3765
3223
2677
2182
1975
1974
2246
2706
2964
3193
3389
3276
2885
2365
1801
1105
563
361
287
610
1218
1791
2441
2976
3184
3094
2656
1832
937
48
-841
-1442
-1758
-1828
-1694
-1459
-1166
-1076
-1269
-1642
-2329
-3245
-4190
-5184
-6006
-6427
-6461
-6218
-5801
-5259
-4873
-4646
-4470
-4475
-4626
-4768
-4851
-4950
-4740
-4308
-3916
-3440
-3119
-2949
-2871
-2851
-2861
-2919
-2836
-2780
-2836
-2857
-3018
-3249
-3463
-3886
-4392
-4858
-5156
-5113
-4741
-4181
-3449
-2505
-1627
-819
-166
266
594
713
833
1031
1323
1805
2296
2708
2951
3013
2851
2373
1731
946
80
-618
-1007
-1085
-752
29
986
1977
2947
3746
4238
4432
4321
4041
3748
3471
3481
3636
3944
4438
4841
5204
5257
4951
4345
3464
2487
1491
690
185
56
368
1031
1839
2604
3315
3825
3974
3829
3427
2874
2360
2036
2000
2114
2387
2798
3184
3485
3606
3396
2874
2285
1598
897
441
227
341
738
1362
2136
2831
3322
3504
3293
2726
1953
1014
10
-791
-1270
-1504
-1384
-1139
-949
-700
-801
-1142
-1594
-2434
-3390
-4378
-5290
-5829
-6131
-6107
-5738
-5447
-5130
-4752
-4599
-4509
-4589
-4811
-4931
-5028
-4907
-4634
-4273
-3857
-3572
-3317
-3138
-3194
-3268
-3268
-3244
-3064
-2976
-2940
-2863
-2964
-3106
-3364
-3886
-4315
-4543
-4662
-4449
-4013
-3382
-2530
-1662
-808
-113
355
721
959
1030
1131
1417
1776
2205
2706
3104
3313
3180
2844
2255
1279
350
-517
-1225
-1426
-1210
-691
131
1220
2218
2920
3481
3796
3822
3655
3279
3040
2997
3009
3355
3936
4522
5002
5143
5026
4682
3970
3020
2027
1217
724
520
762
1337
2121
3033
3782
4344
4627
4592
4275
3745
3218
2754
2452
2352
2488
2847
3203
3541
3637
3490
3230
2601
1910
1256
645
329
201
351
863
1423
2024
2622
2886
2921
2559
1823
1013
88
-770
-1516
-2038
-2206
-2148
-1955
-1728
-1574
-1612
-1942
-2466
-3071
-3886
-4795
-5503
-5962
-6136
-6015
-5737
-5402
-5089
-4877
-4776
-4777
-4825
-4997
-5119
-5041
-4850
-4483
-4149
-3732
-3227
-2963
-2787
-2764
-2767
-2681
-2656
-2581
-2509
-2473
-2461
-2594
-2794
-3081
-3486
-3885
-4231
-4293
-4097
-3762
-3094
-2314
-1487
-639
-38
440
752
911
1073
1186
1397
1777
2182
2559
2801
2862
2774
2351
1705
970
166
-501
-1029
-1172
-828
-223
602
1605
2588
3317
3852
4220
4356
4281
4097
3947
3938
4157
4442
4774
5090
5298
5416
5196
4618
3849
2927
2072
1465
981
886
1213
1710
2418
3148
3806
4147
4276
4244
3786
3293
2897
2536
2300
2273
2460
2763
3108
3308
3318
3101
2679
2081
1337
614
127
7
52
263
665
1261
1916
2270
2321
2083
1594
896
12
-990
-1841
-2381
-2797
-2848
-2678
-2495
-2134
-1919
-1942
-2172
-2645
-3223
-3953
-4747
-5353
-5733
-5940
-5863
-5531
-5103
-4670
-4390
-4329
-4349
-4477
-4752
-5004
-5204
-5238
-4991
-4695
-4379
-3932
-3475
-3092
-2765
-2533
-2401
-2138
-1841
-1700
-1588
-1505
-1513
-1683
-2007
-2388
-2793
-3087
-3211
-3288
-3101
-2699
-2206
-1594
-1094
-623
-112
236
482
754
1037
1337
1584
1924
2278
2437
2450
2305
2046
1715
1292
794
392
116
13
248
668
1277
2007
2698
3380
3880
4194
4366
4330
4159
3964
3836
3873
4076
4334
4576
4759
4853
4806
4484
3885
3194
2479
1855
1450
1253
1333
1745
2265
2828
3393
3783
4075
4104
3839
3495
3051
2623
2360
2207
2145
2139
2158
2230
2250
2166
1872
1467
1174
871
616
446
408
645
850
1071
1424
1549
1445
1179
720
50
-660
-1278
-1854
-2273
-2594
-2700
-2561
-2512
-2502
-2451
-2552
-2832
-3274
-3691
-3994
-4152
-4046
-3742
-3195
-2662
-2322
-2113
-2198
-2607
-3285
-4091
-4985
-5800
-6281
-6474
-6271
-5824
-5252
-4490
-3783
-3234
-2966
-2919
-2979
-3217
-3485
-3595
-3656
-3497
-2947
-2346
-1680
-1135
-863
-768
-938
-1283
-1826
-2444
-2845
-2963
-2853
-2430
-1822
-1091
-167
562
1109
1554
1730
1626
1341
1031
737
582
610
852
1144
1522
1892
2018
2120
2106
1974
1716
1452
1397
1457
1770
2332
2931
3610
4262
4718
5020
5065
4811
4501
4053
3425
3010
2776
2623
2646
2753
2985
3167
3285
3422
3386
3335
3233
3099
3015
2973
3102
3191
3358
3658
3828
3912
3903
3785
3511
3170
2784
2350
2064
1680
1388
1354
1215
1243
1315
1277
1347
1232
991
878
708
483
362
226
123
32
-133
-320
-575
-846
-1255
-1719
-2130
-2596
-3020
-3363
-3524
-3544
-3515
-3385
-3235
-3066
-2794
-2621
-2567
-2508
-2668
-2931
-3386
-3936
-4397
-4875
-5143
-5224
-5094
-4761
-4296
-3813
-3518
-3246
-3149
-3329
-3585
-3915
-4198
-4362
-4330
-4117
-3746
-3257
-2765
-2353
-2062
-1861
-1874
-1940
-2115
-2404
-2628
-2853
-2930
-2862
-2661
-2341
-1955
-1342
-707
-188
293
559
752
785
601
432
366
419
546
786
1054
1410
1778
1972
2049
2025
1929
1813
1697
1658
1691
1918
2349
2795
3346
3833
4228
4571
4683
4514
4269
3929
3456
3159
2861
2743
2914
3079
3365
3663
3954
4140
4035
3829
3565
3261
2975
2741
2584
2692
3087
3479
3855
4201
4434
4434
4205
3830
3301
2730
2242
1845
1607
1525
1467
1578
1678
1688
1723
1599
1429
1172
843
547
216
1
-158
-319
-461
-594
-707
-899
-1057
-1304
-1661
-1878
-2105
-2317
-2491
-2715
-2810
-2827
-2933
-3024
-3055
-3117
-3183
-3203
-3255
-3388
-3434
-3436
-3528
-3556
-3588
-3713
-3816
-3961
-4072
-4046
-4145
-4216
-4156
-4116
-4026
-3913
-3737
-3544
-3361
-3207
-3182
-3179
-3152
-3246
-3367
-3461
-3466
-3331
-3196
-2948
-2601
-2298
-2033
-1762
-1589
-1533
-1453
-1327
-1199
-1060
-893
-705
-488
-213
39
198
368
573
685
716
854
1054
1214
1391
1513
1596
1667
1649
1721
1820
1804
1972
2205
2410
2727
3081
3423
3615
3763
3775
3682
3642
3422
3264
3197
3057
3154
3348
3484
3739
3903
4019
4036
3844
3627
3295
3007
2812
2675
2774
2937
3191
3583
3947
4245
4343
4276
3974
3486
3075
2676
2329
2125
2009
2070
2225
2312
2410
2404
2239
1934
1411
907
373
-114
-419
-609
-641
-656
-555
-482
-427
-435
-699
-935
-1294
-1769
-2237
-2628
-2920
-3157
-3190
-3150
-3035
-2919
-2939
-2880
-2847
-2934
-3126
-3400
-3650
-3869
-3972
-4038
-4030
-3931
-3892
-3777
-3613
-3626
-3675
-3715
-3710
-3688
-3738
-3662
-3566
-3417
-3325
-3300
-3203
-3195
-3242
-3329
-3363
-3386
-3313
-3126
-2978
-2630
-2299
-2190
-1995
-1888
-1833
-1794
-1844
-1688
-1592
-1391
-1044
-747
-361
47
473
559
614
758
682
658
550
579
787
964
1250
1537
1828
2180
2496
2671
2713
2778
2836
2817
2829
2897
3075
3269
3516
3839
4058
4198
4192
4113
3987
3796
3563
3333
3230
3203
3222
3275
3320
3468
3692
3736
3759
3771
3658
3619
3519
3455
3494
3447
3378
3233
3057
2839
2546
2285
2068
1869
1616
1509
1528
1512
1566
1577
1453
1351
1154
882
582
171
-133
-464
-763
-804
-873
-878
-763
-763
-829
-944
-1147
-1477
-1823
-2190
-2658
-3012
-3162
-3198
-3141
-2980
-2776
-2522
-2374
-2413
-2494
-2738
-3014
-3228
-3518
-3755
-3800
-3776
-3705
-3473
-3329
-3148
-2944
-2955
-2939
-2879
-2873
-2915
-3034
-3096
-3035
-3018
-3095
-3127
-3048
-2952
-2763
-2670
-2607
-2436
-2393
-2271
-2218
-2229
-2183
-2201
-2102
-2069
-2041
-1874
-1693
-1407
-1138
-832
-434
-227
-162
-54
-7
-62
-126
-180
-54
220
480
872
1269
1515
1823
2023
2156
2252
2169
2150
2158
2181
2298
2486
2776
3257
3640
3821
4099
4224
4149
3968
3682
3430
3174
2972
2937
3021
3143
3377
3636
3738
3846
3877
3690
3433
3118
2752
2469
2282
2148
2285
2448
2531
2676
2666
2655
2493
2145
1856
1457
1123
973
942
994
1109
1321
1515
1644
1653
1479
1200
876
424
-34
-377
-603
-659
-653
-552
-382
-277
-305
-547
-789
-1143
-1645
-2108
-2556
-2893
-3043
-2995
-2830
-2547
-2253
-2128
-2078
-2233
-2600
-2914
-3261
-3580
-3834
-3903
-3782
-3679
-3384
-3179
-3032
-2845
-2854
-2941
-3206
-3428
-3605
-3783
-3681
-3585
-3448
-3081
-2741
-2451
-2184
-2170
-2150
-2183
-2349
-2411
-2557
-2553
-2429
-2288
-2052
-1696
-1235
-875
-676
-570
-460
-477
-583
-637
-598
-526
-476
-249
66
336
666
920
1112
1269
1289
1237
1190
1145
1102
1184
1297
1488
1810
2172
2534
2750
2930
3008
3022
3033
2892
2799
2754
2698
2704
2730
2789
2917
3005
3080
3159
3199
3222
3126
2986
2901
2864
2801
2729
2729
2712
2734
2837
2883
2918
2877
2765
2687
2550
2423
2226
1920
1623
1435
1328
1130
1034
1045
963
947
971
867
673
542
384
152
-82
-273
-433
-668
-803
-939
-962
-942
-1084
-1143
-1266
-1378
-1530
-1767
-1870
-2002
-2215
-2297
-2303
-2340
-2324
-2387
-2432
-2464
-2584
-2575
-2634
-2759
-2799
-2832
-2886
-2875
-2769
-2721
-2658
-2677
-2645
-2543
-2597
-2591
-2602
-2631
-2542
-2434
-2350
-2231
-2088
-2015
-2010
-2017
-2037
-1977
-1969
-2014
-1989
-2013
-1884
-1719
-1562
-1314
-1068
-815
-627
-515
-427
-335
-349
-323
-240
-190
-46
95
255
456
607
684
760
832
830
830
803
846
935
1039
1184
1329
1581
1873
2078
2193
2272
2339
2371
2346
2289
2246
2241
2255
2209
2255
2346
2332
2416
2493
2477
2481
2389
2283
2215
2178
2096
1991
2008
2063
2148
2251
2363
2432
2474
2477
2448
2365
2206
2036
1784
1537
1345
1155
921
789
791
739
716
740
702
679
660
479
289
63
-144
-179
-307
-463
-461
-406
-433
-533
-526
-591
-776
-933
-1160
-1350
-1528
-1716
-1859
-2003
-2002
-1998
-1993
-1938
-2003
-1957
-1877
-1899
-1998
-2117
-2187
-2225
-2242
-2346
-2357
-2366
-2350
-2223
-2112
-1991
-1908
-1884
-1929
-1973
-2007
-2055
-2132
-2149
-2106
-2076
-2030
-1881
-1699
-1598
-1443
-1389
-1424
-1374
-1309
-1300
-1274
-1174
-1146
-1073
-852
-762
-686
-490
-382
-264
-201
-173
-65
-55
-10
100
171
205
281
446
585
675
801
986
1109
1189
1305
1340
1405
1513
1478
1473
1505
1522
1576
1591
1725
1867
1897
1903
1886
1918
1890
1795
1665
1593
1604
1592
1599
1576
1653
1822
1892
1918
1937
1957
1909
1792
1693
1622
1590
1547
1567
1659
1623
1575
1627
1676
1614
1467
1348
1184
1007
849
688
634
599
544
608
670
651
608
506
339
211
68
-121
-273
-460
-531
-540
-639
-647
-651
-720
-774
-911
-1054
-1109
-1262
-1405
-1430
-1562
-1630
-1610
-1630
-1557
-1539
-1578
-1662
-1740
-1754
-1849
-1952
-2034
-2004
-1983
-1946
-1802
-1814
-1794
-1760
-1748
-1727
-1797
-1807
-1868
-1956
-1849
-1741
-1680
-1516
-1325
-1142
-1046
-1007
-992
-1039
-1069
-1165
-1191
-1168
-1139
-981
-865
-652
-573
-574
-374
-352
-355
-306
-299
-201
-142
-74
62
188
319
411
484
584
603
516
544
595
558
600
654
750
908
1037
1147
1279
1397
1481
1490
1493
1534
1543
1607
1541
1528
1640
1645
1784
1833
1756
1762
1772
1719
1583
1526
1387
1297
1281
1225
1332
1293
1268
1369
1370
1434
1513
1483
1464
1423
1288
1192
1091
1031
990
865
755
723
717
698
646
519
467
471
328
205
59
-101
-185
-281
-278
-299
-330
-261
-264
-290
-336
-379
-434
-595
-671
-748
-888
-985
-1036
-1068
-1175
-1303
-1291
-1236
-1270
-1265
-1261
-1338
-1360
-1430
-1526
-1530
-1608
-1626
-1553
-1509
-1439
-1402
-1419
-1400
-1358
-1338
-1369
-1427
-1398
-1415
-1452
-1444
-1475
-1422
-1355
-1250
-1148
-1094
-973
-903
-899
-897
-846
-828
-789
-691
-636
-635
-652
-517
-419
-402
-335
-240
-143
-72
41
186
247
221
319
435
431
405
475
618
675
678
758
912
933
964
1071
1075
1140
1158
1204
1296
1233
1208
1162
1142
1201
1198
1195
1172
1212
1259
1279
1302
1268
1312
1292
1242
1253
1160
1159
1192
1073
1042
1064
1013
1073
1136
1088
1047
989
941
879
833
858
781
737
769
785
771
676
623
602
558
473
398
234
83
69
7
-58
-92
-137
-253
-284
-204
-246
-365
-422
-501
-550
-576
-641
-667
-740
-787
-797
-804
-870
-948
-932
-941
-962
-969
-916
-919
-979
-1003
-991
-1021
-1069
-1020
-1073
-1132
-1073
-1028
-1012
-986
-916
-909
-951
-971
-1004
-1004
-1005
-1018
-1009
-997
-937
-859
-815
-806
-811
-755
-717
-739
-769
-764
-732
-703
-647
-608
-482
-423
-454
-418
-422
-435
-416
-364
-387
-360
-271
-211
-58
61
101
129
227
312
249
264
319
262
290
314
274
385
470
567
677
748
850
820
874
935
836
804
869
884
870
966
1076
1184
1278
1312
1336
1301
1292
1248
1099
1070
1045
971
1000
1063
1123
1176
1160
1158
1129
1086
1062
974
923
828
801
814
736
727
729
750
757
680
606
471
331
300
272
162
121
238
260
161
129
123
-11
-155
-218
-326
-376
-473
-582
-522
-519
-549
-568
-593
-612
-645
-779
-971
-1028
-1042
-1112
-1166
-1209
-1257
-1233
-1149
-1064
-1063
-1049
-1018
-1059
-1070
-1110
-1188
-1214
-1197
-1198
-1211
-1163
-1101
-1121
-1090
-981
-989
-1021
-930
-847
-799
-813
-881
-875
-855
-857
-773
-713
-728
-611
-491
-436
-395
-358
-335
-323
-262
-269
-254
-194
-116
-48
-27
51
113
200
263
276
358
368
400
405
358
455
457
446
537
603
696
770
837
818
763
884
902
826
866
841
900
954
945
1014
1077
1177
1166
1204
1252
1161
1125
1062
1072
1109
1071
1024
1032
1064
1041
1093
1095
1071
1007
939
981
857
743
725
698
732
730
744
715
582
568
536
375
323
272
164
129
100
67
85
113
79
-2
-27
-97
-170
-243
-340
-356
-401
-398
-414
-479
-483
-511
-532
-545
-593
-652
-756
-822
-817
-850
-896
-972
-974
-886
-828
-798
-849
-942
-978
-1005
-1094
-1130
-1200
-1244
-1174
-1243
-1224
-1117
-1149
-1115
-1073
-1016
-954
-921
-881
-971
-980
-931
-977
-924
-824
-810
-773
-668
-602
-537
-498
-537
-481
-397
-352
-287
-249
-234
-202
-124
-73
10
174
248
252
301
357
358
360
391
377
428
512
514
510
504
569
638
614
612
666
732
716
732
870
943
913
985
1067
1062
1111
1079
1040
1052
1026
1098
1111
1008
954
995
1000
900
872
792
774
818
743
785
773
693
766
754
638
623
619
577
580
553
503
446
367
282
277
366
314
278
251
157
159
47
-7
59
-30
-82
-52
-80
-134
-168
-196
-213
-250
-277
-254
-293
-386
-422
-478
-608
-619
-611
-685
-758
-789
-752
-773
-779
-838
-940
-897
-923
-986
-975
-925
-958
-988
-939
-953
-924
-932
-962
-892
-858
-903
-883
-857
-873
-871
-831
-698
-639
-666
-628
-532
-438
-449
-491
-390
-349
-405
-306
-210
-250
-240
-211
-172
-136
-106
11
38
86
161
138
111
86
139
228
259
245
268
315
392
536
638
668
647
617
665
646
595
575
514
601
673
679
737
765
768
743
762
776
736
687
678
652
622
602
633
734
765
763
739
808
786
730
767
716
719
576
562
575
436
533
590
552
508
455
405
388
341
279
302
267
248
176
93
148
158
162
177
47
-107
-98
-132
-203
-198
-262
-311
-374
-390
-353
-398
-431
-457
-465
-467
-501
-558
-638
-564
-465
-496
-447
-377
-336
-372
-475
-520
-564
-590
-601
-621
-634
-710
-764
-662
-711
-757
-648
-688
-692
-707
-813
-816
-793
-720
-661
-693
-634
-593
-598
-573
-566
-557
-582
-572
-527
-455
-444
-452
-379
-359
-312
-296
-319
-248
-199
-182
-158
-55
35
10
71
104
108
155
142
153
141
175
336
397
382
435
454
440
431
432
466
455
475
539
643
681
534
524
663
702
700
809
870
733
717
726
679
761
708
687
717
677
702
693
696
701
695
591
462
457
476
477
437
391
358
409
465
456
421
319
247
282
282
188
125
141
97
80
174
139
142
194
84
74
107
46
9
-27
-47
-78
-30
-20
-104
-112
-142
-170
-254
-310
-251
-278
-346
-365
-370
-390
-448
-531
-536
-594
-633
-575
-663
-680
-643
-634
-600
-626
-584
-557
-580
-544
-534
-559
-625
-671
-609
-563
-566
-580
-565
-492
-497
-515
-454
-398
-453
-522
-489
-481
-490
-467
-400
-364
-304
-265
-336
-296
-280
-290
-245
-257
-217
-164
-165
-110
-103
-145
-50
-24
-3
63
29
120
165
141
170
135
184
244
325
399
310
384
460
480
503
441
467
428
428
413
399
460
438
459
484
496
537
572
564
547
524
496
557
557
475
503
560
534
494
489
581
652
577
546
561
522
488
475
433
351
320
247
221
297
310
335
366
357
257
179
119
82
121
76
28
-80
-89
-58
-89
-13
-66
-72
-23
-141
-191
-220
-266
-281
-320
-224
-229
-282
-255
-316
-279
-350
-401
-309
-356
-338
-343
-368
-314
-384
-358
-312
-428
-446
-446
-505
-482
-454
-490
-492
-453
-475
-487
-444
-416
-404
-453
-432
-376
-460
-439
-336
-356
-351
-283
-285
-273
-237
-126
-43
-189
-232
-139
-77
-110
-164
-149
-128
-80
-86
-114
-134
-109
-2
26
-24
20
45
15
94
103
73
40
59
152
147
103
92
239
312
270
216
210
289
238
254
283
313
337
310
419
435
426
475
430
440
452
370
356
371
338
346
382
423
448
402
361
374
425
427
302
201
178
216
241
148
169
240
202
263
284
266
312
231
195
199
73
61
105
96
158
140
128
163
79
94
133
68
16
-40
-148
-220
-152
-89
-164
-226
-216
-272
-205
-111
-205
-197
-194
-292
-305
-358
-353
-324
-354
-366
-370
-331
-388
-410
-433
-413
-379
-468
-397
-376
-341
-274
-287
-281
-261
-291
-361
-357
-355
-326
-382
-376
-344
-429
-399
-334
-360
-371
-340
-278
-225
-248
-212
-192
-203
-224
-239
-189
-197
-175
-150
-72
5
-40
-3
24
47
123
137
164
150
142
179
147
176
214
185
290
384
393
417
412
443
443
397
389
454
442
357
301
358
416
410
464
422
414
374
312
340
330
366
362
335
348
332
332
314
290
294
198
164
190
153
127
97
151
214
213
185
154
114
79
20
-52
-24
-59
-100
-96
-138
-102
-63
-91
-69
-73
-90
-10
-61
-91
-108
-207
-199
-202
-212
-218
-206
-122
-117
-189
-146
-147
-167
-208
-273
-209
-248
-232
-217
-269
-237
-258
-200
-161
-221
-195
-177
-237
-212
-228
-283
-269
-275
-176
-139
-194
-234
-262
-271
-335
-382
-331
-249
-224
-158
-134
-178
-193
-159
-80
-105
-143
-141
-144
-106
-67
-34
-26
-3
-11
13
91
82
119
76
72
205
141
141
145
95
108
101
91
43
105
68
57
183
167
144
152
187
239
274
257
199
167
176
208
245
248
238
186
222
407
293
172
199
184
300
351
376
356
320
319
218
188
210
236
215
198
216
181
231
216
147
137
118
106
68
41
15
10
-65
-74
16
-22
20
70
94
130
79
31
9
21
-74
-115
-27
-88
-105
-50
-100
-113
-69
-37
-77
-122
-100
-153
-220
-274
-241
-200
-264
-228
-248
-354
-366
-334
-277
-319
-369
-291
-336
-363
-358
-391
-275
-278
-359
-277
-211
-233
-251
-263
-262
-223
-258
-259
-221
-262
-229
-179
-155
-137
-86
-67
-122
-63
-60
-72
-69
-117
-123
-113
-76
-113
-115
-100
-57
54
4
-9
33
32
86
69
25
48
50
112
178
165
128
156
256
195
183
280
250
227
257
293
311
276
202
219
281
219
233
284
258
314
353
343
330
329
354
390
346
238
248
295
242
210
248
208
149
200
231
206
165
145
185
235
196
123
189
192
99
94
51
14
-22
-93
-75
30
33
-77
-84
-83
-56
-46
-55
-99
-138
-82
-203
-250
-131
-140
-168
-141
-122
-138
-170
-161
-140
-205
-203
-192
-257
-202
-172
-219
-206
-205
-215
-226
-198
-202
-256
-193
-151
-193
-276
-272
-190
-205
-175
-192
-237
-208
-211
-252
-236
-162
-229
-248
-172
-187
-123
-51
-114
-134
-151
-202
-127
-136
-169
-127
-175
-113
-31
-54
-20
18
40
53
34
129
144
76
165
182
128
74
21
93
184
175
150
126
95
211
335
308
286
301
274
263
277
206
152
170
153
171
199
169
113
126
240
220
191
142
112
187
55
105
186
53
73
100
126
96
124
162
7
38
54
-19
65
54
45
65
2
-12
-17
4
56
-31
-73
-13
12
35
-48
-33
6
-68
-8
43
18
-9
-26
-20
-56
-81
-50
-79
-117
-47
-21
10
48
-8
-16
-22
-11
-44
-124
-114
-129
-99
-94
-210
-273
-229
-135
-110
-169
-202
-206
-132
-57
-93
-143
-176
-183
-195
-217
-269
-269
-252
-200
-46
-66
-123
-42
-37
-67
-128
-126
-24
-75
-24
66
47
103
34
-24
-25
-96
-45
-19
-5
15
-40
-6
40
28
6
-14
-54
-56
-85
-57
32
-48
-39
4
14
91
72
159
181
46
91
92
87
97
53
83
126
156
173
154
98
167
219
212
209
166
149
109
140
160
153
163
137
106
145
193
187
162
122
188
216
197
197
185
159
133
154
160
126
154
185
87
74
81
71
139
136
72
1
-22
4
17
-20
-9
58
42
-22
-66
-137
-188
-197
-189
-158
-172
-172
-150
-174
-104
-61
-187
-148
-80
-191
-141
-82
-146
-136
-135
-105
-137
-208
-114
-90
-107
-51
-75
-86
-106
-108
-66
-69
-82
-152
-142
-109
-147
-198
-231
-196
-211
-187
-118
-111
-128
-148
-141
-81
-125
-196
-187
-187
-134
-168
-177
-75
-90
-124
-104
-22
62
62
22
-41
-30
1
-39
11
35
-15
8
20
38
50
0
31
64
48
149
279
223
131
143
131
77
65
163
210
169
151
97
101
161
170
205
215
204
201
152
203
214
172
184
183
196
167
126
83
94
84
69
46
62
161
92
174
183
116
171
83
104
1
-50
13
-40
44
49
39
116
72
17
37
28
-28
-8
65
46
-8
-5
19
-12
57
111
16
-55
-48
22
81
62
-55
-47
-33
-54
6
-39
-37
-113
-157
-52
-112
-196
-128
-72
-114
-86
-64
-38
-33
-106
-134
-124
-159
-258
-197
-166
-247
-193
-205
-192
-103
-86
-74
-58
-62
-106
-166
-180
-119
-168
-219
-151
-142
-151
-79
-52
-71
-89
-124
-65
-17
5
79
30
-29
36
-12
-85
-72
-90
-75
-44
8
47
-36
-38
66
94
5
-48
102
166
80
72
89
48
11
59
115
130
86
72
70
26
59
45
49
138
220
237
200
184
136
77
60
100
97
89
124
106
96
155
252
291
181
145
178
179
251
188
88
105
78
94
60
7
96
160
156
82
67
125
83
42
117
114
101
54
-64
-43
-32
-69
-98
-84
-81
-83
-84
-117
-39
-41
-46
-17
-120
-94
-142
-219
-166
-230
-215
-249
-260
-144
-153
-155
-137
-175
-192
-129
-130
-155
-148
-145
-90
-136
-182
-161
-206
-241
-214
-170
-141
-218
-243
-68
21
-12
-57
-71
-51
-24
-56
-100
-99
-92
-91
-136
-98
-72
-103
-63
-49
-57
-39
-37
-38
-47
-6
64
11
-1
65
11
-23
41
5
-42
3
30
73
83
16
60
151
174
170
191
187
117
125
108
91
47
-25
110
206
187
177
149
173
138
69
148
230
160
117
213
217
161
173
173
157
175
194
166
133
131
192
173
143
172
101
116
152
126
134
96
49
103
157
102
125
88
19
17
-16
3
2
-21
-16
-21
-10
-1
16
-18
-92
-51
-20
-30
-122
-167
-67
-55
23
-21
-84
19
-66
-76
-93
-177
-117
-94
-129
-95
-58
-116
-140
-143
-115
-90
-156
-184
-126
-123
-171
-167
-183
-171
-155
-186
-186
-163
-166
-227
-247
-272
-249
-157
-127
-104
-139
-200
-181
-85
-39
-98
-174
-142
-46
-66
-146
-130
-76
-99
-85
-55
-58
-16
-56
-62
38
11
-58
-36
86
126
103
112
13
43
91
-32
-32
27
42
99
148
142
109
94
100
139
153
118
145
203
212
160
160
145
82
88
83
62
65
68
80
128
185
179
131
169
143
94
71
21
82
92
65
37
-6
81
115
47
59
71
32
45
45
37
100
69
53
111
115
162
167
76
-35
-51
-6
-12
43
64
67
101
43
34
71
54
53
10
-9
-34
-68
-8
-67
-62
-1
8
24
-87
-115
-121
-108
-21
-69
-110
-64
-25
-40
-130
-130
-103
-205
-180
-61
-19
-73
-86
-1
-51
-64
-59
-63
-94
-155
-94
-98
-97
-87
-92
-55
-47
-46
-62
-53
68
23
-136
-125
-78
39
15
-117
-53
-34
-68
-85
-82
-15
0
-22
-12
-27
4
22
-5
57
74
80
64
12
-16
-90
-129
-121
-78
65
80
-21
38
72
73
77
20
7
11
48
76
34
-8
-16
15
27
44
53
86
97
9
88
74
73
172
120
146
101
125
109
3
27
-59
7
70
40
131
103
75
106
125
97
37
1
-23
39
78
31
-31
-70
-33
2
-18
-30
-38
-97
-124
-15
31
-11
30
17
1
16
-57
-53
-48
-102
-62
-44
-49
23
-19
-87
-45
-57
-50
-46
-51
4
-28
-72
-75
-56
7
-52
-75
-39
-72
-21
-40
-120
-126
-119
-50
-17
-47
68
101
-17
-34
-3
10
-69
-93
-52
-98
-123
-61
0
-29
30
51
-75
-88
-64
-55
37
24
-18
26
-67
-62
32
-74
-71
-22
5
86
42
-8
-87
-1
115
8
44
37
67
133
35
13
13
39
118
163
149
140
103
77
92
56
30
27
75
79
51
88
142
115
70
91
54
52
47
54
39
1
95
62
-26
3
69
68
34
44
18
16
8
39
109
109
77
-7
-11
63
0
-64
-8
-2
-28
-8
28
42
12
24
-38
-21
42
-58
-37
-20
-51
-71
-85
-8
21
4
-81
-46
18
-33
4
-15
-36
-81
-125
-44
-56
-129
-49
-8
-69
-81
-115
-70
14
25
-33
-53
-38
-102
-104
-112
-87
-75
-146
-108
-101
-81
-50
-134
-70
46
-15
-48
-34
-9
51
10
-85
-83
-68
-102
-49
-7
-4
-19
-22
56
45
-8
9
2
14
36
46
66
43
10
-2
32
-36
-80
11
-4
30
20
-37
12
29
38
26
15
42
33
-19
-4
-27
2
43
-36
38
89
82
73
-9
-80
-65
119
120
-15
-6
67
96
54
47
62
26
-26
39
67
43
67
1
27
55
36
30
47
144
76
63
71
20
16
39
143
69
-66
-88
-65
29
32
15
27
-13
30
11
-60
-27
1
-44
-40
-16
-34
-4
-64
-99
-37
-83
-60
-5
-24
-5
-5
-43
-8
-54
-113
-14
-92
-155
-72
-24
19
-25
-81
-51
26
24
44
72
40
15
-55
-91
-100
-88
-85
-96
-56
-18
24
6
-44
37
77
-18
-28
-8
-48
-31
25
-17
-64
-13
-12
-38
-12
4
51
88
39
12
85
116
34
-49
-12
37
-36
-111
-83
48
61
-2
52
71
74
94
75
37
36
60
35
56
155
114
-58
-26
65
10
62
97
16
17
19
-10
73
89
28
101
67
13
54
27
12
32
28
41
34
21
76
18
-20
25
-20
-50
4
46
-50
-49
-33
-69
8
-37
13
63
10
67
3
-39
-12
-30
-29
3
5
-40
-10
36
-1
-38
-4
1
-9
2
-71
-71
-64
-120
-56
-85
-85
-12
-48
-32
-66
-146
-118
23
57
-29
-47
-58
-15
-59
-100
-65
-89
-59
-133
-133
-39
-61
-26
-18
-68
-55
-12
-35
-76
-111
-61
28
-4
-14
-15
-23
-1
-7
7
5
11
-24
-1
43
-15
25
11
22
24
-69
-6
22
-18
7
11
5
66
107
140
136
71
79
97
45
-43
-39
72
113
51
16
8
20
53
4
0
58
58
54
75
75
25
50
42
35
66
1
14
20
18
88
75
6
88
143
15
12
25
24
71
36
16
-10
-15
-24
-46
-7
21
1
87
103
-92
-46
18
31
62
-81
-27
14
-22
18
-7
-36
-49
18
-8
-54
-20
-61
-58
-9
-16
33
58
-32
-49
-71
-36
29
-43
-65
-41
-43
10
48
8
-13
-21
-41
-48
-88
-74
-38
-64
-54
-26
-7
-2
4
-12
-29
-44
-52
34
33
20
67
3
-22
1
2
42
-38
-77
-33
-99
-24
75
74
106
75
25
14
-12
-57
-51
-6
-9
-8
0
20
18
-20
43
44
-35
-24
-51
-22
22
-31
-25
-22
0
33
-13
-21
17
30
-13
-38
10
58
55
-2
22
-6
-28
-13
-59
9
-1
-54
-7
1
-25
2
16
23
0
-16
20
-44
-53
-53
-49
6
4
21
56
33
4
69
49
26
99
45
-30
-43
-12
9
3
24
-37
-23
12
-11
36
-28
-30
63
34
33
44
-3
27
57
-1
-9
-9
-62
-66
-40
27
71
-21
-51
2
46
38
-20
-28
-45
-32
3
5
28
43
64
50
50
65
48
55
-20
-70
4
43
31
22
54
68
25
25
24
-26
-44
-41
-35
30
69
0
-2
34
-10
15
61
13
-60
-30
27
100
135
-4
119
154
-4
32
-69
-85
-43
-49
12
-2
-62
-16
41
7
63
100
80
75
-32
-87
1
32
-9
-3
-62
-82
13
-5
37
60
-24
-49
-29
33
0
-20
6
-22
-61
-49
11
-3
-35
-74
-80
-38
-13
5
-9
15
20
-9
38
-36
-122
-48
-41
-81
-144
-126
-21
-9
-47
-51
-26
-27
-27
-57
-96
-101
-74
13
22
-2
11
-59
-62
-16
24
5
-51
-1
-35
19
65
47
155
66
-45
-9
-55
-59
-7
-45
-33
-11
56
151
98
110
129
6
-33
-56
-91
-78
-71
51
75
-24
27
80
70
65
-25
-66
-21
34
70
9
-8
-26
-42
-21
-33
47
64
-12
8
-13
-54
13
63
21
5
25
-33
2
9
-67
19
94
71
-19
-64
13
32
36
-2
-18
69
42
-3
-4
-14
7
15
-5
12
19
30
109
83
-18
22
23
-20
59
41
0
29
28
6
0
-10
-18
5
13
23
18
4
7
40
88
39
-44
-12
6
-31
-84
-64
9
52
88
54
62
84
84
39
-35
14
32
-76
-91
-56
-80
22
22
-27
45
-28
-47
-10
-27
18
-56
-77
2
-53
-61
-39
-38
-54
-38
-6
-36
-51
-85
-59
-63
-103
-40
17
22
11
-18
-54
-10
-14
-43
-15
-24
-1
21
34
-21
-31
56
63
50
24
26
26
19
38
86
78
-16
-1
-14
-55
22
84
78
66
103
91
42
52
17
-30
15
91
24
-47
37
42
42
108
113
39
-8
38
19
-48
-42
-2
-13
-27
-26
-66
-46
-24
-16
48
-5
-43
20
-29
-61
-79
-117
-111
-105
-58
-60
-64
3
-7
-55
-79
-110
-112
-98
-77
-45
-15
47
-11
-59
-14
-107
-33
9
-57
7
-49
-55
-43
-3
111
34
-13
68
61
19
24
47
105
123
71
77
60
10
75
146
125
83
74
87
131
142
99
147
131
9
46
54
3
24
48
114
122
115
106
31
38
50
-6
-90
-62
17
-41
-58
-45
-4
22
-52
-95
-51
-78
-90
-50
-165
-145
-102
-150
-113
-90
-131
-98
-11
-45
-112
-124
-99
-103
-102
-53
-21
-75
-97
-43
-33
-40
-78
-103
-40
43
15
-30
-47
-19
35
-36
-13
114
123
46
15
60
45
-6
45
134
79
22
50
68
56
54
51
19
109
140
35
57
96
43
32
19
9
72
41
-20
28
92
111
61
-2
22
22
-24
-59
-41
28
-31
-101
-66
8
9
-118
-101
12
9
-12
-52
-104
-98
-114
-133
-146
-105
-26
-40
-27
16
-13
-47
-44
-82
-88
-38
-36
-21
-44
6
71
49
26
-41
64
117
22
45
35
-7
54
148
191
157
121
119
57
122
122
-4
93
127
96
133
139
127
156
153
90
125
98
82
113
23
113
164
47
40
-8
-38
-7
-34
-56
-23
-23
-58
-2
1
-31
-10
-92
-183
-194
-163
-157
-167
-197
-191
-124
-165
-170
-114
-100
-156
-220
-189
-180
-198
-217
-206
-137
-103
-117
-103
-76
-87
-105
-172
-141
-44
-88
-74
26
46
38
7
-22
2
-31
-12
69
96
62
5
72
162
141
127
128
107
104
126
201
156
109
121
63
88
146
225
237
179
159
86
61
122
130
104
108
139
98
39
39
55
105
70
57
30
-3
13
-18
-15
-34
19
13
-79
-66
-51
-80
-136
-171
-129
-71
-43
-29
-25
-13
-91
-152
-107
-94
-82
-74
-54
-22
-68
-115
-48
-41
-118
-60
30
0
-116
-161
-89
-16
-13
-9
-7
-67
-43
-33
0
80
65
32
14
-19
-38
39
61
120
176
97
42
-23
-45
-28
-3
41
57
79
131
96
72
65
14
37
-27
-30
78
107
82
74
126
18
-14
33
-33
20
-28
-11
13
-99
-73
-42
-24
-11
-104
-181
-117
-97
-87
26
-33
-135
-75
-87
-74
-39
-32
-7
-83
-44
15
-54
-97
-105
-28
13
9
-47
-105
-21
-4
13
37
30
42
8
39
47
63
105
131
127
97
105
89
107
144
128
109
107
134
167
95
28
55
51
18
34
71
20
-2
64
56
-15
17
83
-5
-40
-16
-21
-19
-96
-67
-85
-91
53
-23
-99
-87
-164
-155
-81
-69
-143
-134
-37
-59
-115
-125
-91
-38
-49
-10
26
-35
-5
22
-11
-22
-34
21
81
49
28
93
79
-1
70
58
56
137
9
-32
65
68
83
60
14
54
28
34
41
-4
39
35
15
-8
-12
24
57
3
-112
-24
5
-87
-54
-47
-68
-16
-62
-125
-77
-58
-31
-63
-67
-9
-35
0
26
-47
-47
-22
-51
-83
-120
-152
-51
50
27
18
79
105
-44
-63
45
42
42
-24
-69
-34
-48
13
72
6
-21
28
44
-12
-16
64
82
37
20
20
19
21
-3
15
47
34
59
74
85
108
61
-10
-12
77
56
47
67
60
91
42
61
29
32
87
56
28
34
174
161
59
66
107
103
73
90
42
6
30
23
-11
10
18
-34
-11
-66
-85
12
-9
-17
-71
-90
-62
-108
-113
-167
-165
-89
-130
-160
-104
-115
-114
-73
-111
-76
-105
-255
-224
-188
-196
-178
-187
-78
-8
-106
-59
56
-1
24
6
-55
73
34
-70
-14
28
94
114
81
130
143
128
111
149
215
153
94
104
142
141
95
67
59
137
72
21
122
105
115
49
31
89
57
73
36
42
-1
-67
-18
-73
-91
-99
-141
-124
-134
-84
-161
-147
13
-21
-16
-95
-113
-17
-73
-61
-88
-129
-61
-31
-71
-69
-49
-58
77
48
6
112
40
85
66
8
45
-42
2
35
15
51
97
143
190
190
100
86
54
-20
15
38
-17
37
22
-70
-28
-24
-29
-5
24
-20
-69
-79
-87
-39
-42
-66
-37
-7
-61
-107
-49
-24
-45
-38
-54
-43
-22
-61
-52
14
10
-63
-43
31
71
24
40
77
-1
20
61
97
73
38
89
55
23
44
87
87
43
29
26
13
-5
8
1
-30
47
51
7
34
89
76
-14
10
-47
-58
-25
-76
-15
-36
-63
-25
-52
-36
5
38
26
-6
31
10
-70
-105
-74
-1
23
58
75
65
6
-51
83
79
-10
-2
-42
-6
5
18
11
-21
-6
-13
37
-27
-28
1
-39
2
13
12
-55
-60
-85
-104
-66
-84
-113
-146
-36
-32
-148
-122
-85
-86
-124
-166
-105
-78
-112
-56
-26
-38
-57
-45
29
55
84
7
-46
30
7
39
75
60
106
65
73
101
89
101
62
116
176
144
108
163
159
165
234
185
147
77
146
169
26
43
79
93
48
38
90
57
33
21
-15
-57
-45
-43
-92
-56
-73
-135
-84
-50
-61
-94
-49
-14
-40
-80
-182
-167
-73
-103
-162
-139
-157
-162
-124
-98
-97
-155
-132
-34
32
47
22
-88
-73
32
1
11
14
-16
-12
19
94
78
35
-5
-25
101
162
31
-59
20
71
40
28
-38
13
101
39
54
114
103
56
6
54
128
70
-6
23
-1
-74
-18
85
3
-31
47
-8
35
76
23
103
137
94
28
19
101
68
24
-9
5
41
0
50
4
-8
81
36
72
33
-28
10
-56
-40
31
-51
-141
-111
-61
20
43
-72
-73
-27
-64
-86
-97
-116
-131
-151
-129
-128
-146
-101
-133
-178
-149
-117
-72
-55
-55
-14
-54
-92
-94
-134
-16
63
-26
-107
-85
-64
-54
88
15
-52
50
69
135
67
4
