-83
-107
-36
28
-47
-82
-50
-63
-37
-43
-45
25
-1
-94
-62
31
-45
-79
-38
-23
42
44
27
-20
19
101
75
23
12
55
-33
9
82
-5
52
25
55
107
13
61
61
8
-7
23
81
62
82
77
70
-6
-101
-7
65
97
36
-11
70
-3
-45
11
0
6
4
28
39
-39
-54
-48
-94
-31
8
-5
-38
-83
-18
-61
-104
-82
-78
-28
0
37
-1
-60
-56
-62
-72
-53
-80
-86
-37
-41
-27
-15
29
75
67
52
36
22
55
105
99
54
-4
32
-1
-6
76
81
146
77
1
14
18
116
92
5
16
-25
-51
-12
5
13
34
65
46
-25
-24
-9
-92
-107
-48
-33
-7
26
83
62
-31
-20
-59
-149
-66
59
56
46
90
110
44
-43
-33
-45
-47
11
9
9
-37
-4
107
-37
-59
11
-78
1
40
15
-34
-102
-70
-24
-47
-86
-83
-103
-69
-56
-47
-23
-30
-30
-48
15
15
-89
-107
-38
26
22
58
97
24
-32
-59
-67
-25
18
73
69
40
47
-21
-91
-76
-42
67
140
11
-23
26
30
86
76
-14
-17
-3
-14
89
67
-12
25
49
38
40
41
36
79
75
121
69
38
205
138
62
-101
-166
13
-53
12
68
108
164
56
94
27
-114
-122
-88
-90
-88
-22
-59
-89
-86
-120
-100
-45
24
25
20
6
34
63
-50
-19
14
-108
-102
-53
53
128
43
3
28
-47
-81
18
-52
-63
31
-15
33
41
-54
32
83
-4
-31
-1
27
55
42
-14
-3
-38
-58
-54
-15
76
49
54
-15
-86
-37
-44
-18
-35
-32
-39
-35
45
-14
-32
-20
-87
-31
31
25
29
-10
-27
-45
-75
-27
-15
-20
12
46
60
59
53
30
38
42
64
50
37
106
149
131
9
-41
61
78
30
-28
-102
-19
29
33
66
14
43
32
8
55
9
-15
5
-6
30
1
-12
27
-87
-131
-66
-30
-43
-60
2
28
8
-20
-46
-75
-93
-74
-39
33
83
51
2
-21
11
68
86
53
5
-9
-1
16
0
12
57
36
-8
-28
9
18
11
42
-34
-70
-47
-41
-26
-48
-7
-42
-68
0
10
15
-59
-72
-2
43
12
-55
-1
35
15
-56
-68
-19
-6
23
25
47
118
110
18
9
-31
17
43
-69
-26
-11
-60
-45
-41
-93
-15
67
9
60
18
-52
3
59
58
-23
7
-14
-50
23
67
67
-7
16
74
-9
-39
-16
-59
-19
32
-63
-44
81
74
17
-48
-85
-85
-82
-18
-2
-43
-7
53
57
-26
-5
-17
-130
-43
-27
-64
-59
-67
-13
22
0
-39
-6
81
127
25
10
5
-19
56
11
54
58
6
55
80
45
-39
-42
-41
18
130
81
-22
-5
33
25
60
11
-58
-93
-60
44
12
-35
27
5
-16
36
-42
-84
-40
20
15
12
88
3
-39
1
34
87
17
30
96
31
0
4
-31
-28
-9
59
48
-28
17
46
83
73
13
18
-29
-50
4
-8
-50
-92
-82
-5
9
-52
21
57
-95
-139
-98
-25
14
-18
-56
-65
44
42
-64
-75
-32
69
36
-8
64
-7
-59
-22
-72
-90
-43
16
37
10
32
55
36
-84
-140
-38
-4
23
-15
-22
1
-48
39
48
-30
-18
30
109
69
3
17
-7
26
38
16
67
74
27
31
69
56
15
-46
-8
37
-20
-46
-34
38
-12
-51
-6
-34
-49
-57
-44
-41
-40
-42
-17
9
4
43
2
-42
-33
-10
19
-31
-15
41
-5
-28
-31
-19
39
51
75
101
54
10
2
14
48
44
29
27
18
59
48
-14
57
55
-53
-16
-25
-111
-26
10
-55
-28
7
27
30
10
31
-12
-44
2
-45
-47
-2
-5
40
24
12
39
6
31
56
60
51
40
100
101
8
-25
35
37
37
40
-9
14
-20
-56
-34
-75
-95
-86
-17
36
36
37
-30
-42
3
-1
-3
-60
-26
57
-17
-42
0
47
15
-10
29
-37
-39
-37
-54
23
33
22
29
-36
-99
-51
-6
-5
53
2
-31
-9
-41
-41
-36
-7
-24
-19
-49
2
141
12
-63
-96
-117
-1
-14
9
-52
-67
51
-4
10
-18
-54
44
45
8
24
18
-41
-3
24
-13
-30
-60
-5
-13
-67
-19
7
15
48
128
101
37
74
72
58
15
-11
-11
-7
-32
-36
51
32
5
68
114
109
95
45
-16
29
34
43
19
-23
-11
-51
-27
-22
-5
-25
-75
-60
-22
5
-29
20
17
-38
-15
-35
-60
-32
30
54
-8
-12
-12
-75
-56
-58
-69
3
57
47
71
53
7
-1
-50
-16
6
-19
-22
-23
-2
56
55
-16
-14
-28
-54
-1
66
65
55
0
12
34
-30
14
-21
-35
19
6
32
-18
-30
-44
-73
-15
-16
40
104
60
11
-14
-10
-19
-42
7
39
6
13
-3
-16
-17
-29
4
-12
-28
-60
-13
84
19
31
14
-15
65
55
39
-4
14
49
-19
-61
-14
45
0
-28
-27
-21
-19
-39
-24
-81
-86
-19
-65
-38
1
-42
-4
22
0
-26
-38
-73
-19
56
7
-17
1
25
-30
21
82
23
11
-28
7
41
20
14
17
-10
-29
3
47
91
48
-31
-9
11
31
43
-26
10
22
33
5
-41
64
52
5
21
-21
-63
-39
-78
-71
5
-16
-46
-49
-20
19
36
-26
-27
-32
-35
49
-43
-5
46
-41
13
7
0
23
14
33
26
27
62
31
-7
25
-5
-54
-9
22
9
52
24
14
52
42
21
-19
22
1
-39
-75
-97
-23
-18
-17
-42
-16
25
-70
-26
28
7
27
22
73
49
12
5
-26
-37
-22
-23
-28
51
1
-66
-32
-53
-59
19
18
-36
-34
-48
4
4
44
66
-1
58
77
44
22
-2
7
58
97
46
-47
-21
18
10
33
52
34
-43
-25
24
66
-19
-61
70
35
73
64
-26
-4
-74
-28
9
-13
22
-37
-43
25
62
66
78
16
-69
-63
-18
17
-7
-64
-10
28
-46
-31
-67
-85
-65
-121
-55
42
-9
-89
-59
-72
-131
-102
-57
-24
6
5
-29
-34
11
-7
3
32
37
50
16
56
35
-15
-12
-66
36
52
-47
10
40
26
39
56
13
9
17
54
153
104
30
41
81
86
31
22
-24
-110
-9
26
0
36
-2
-8
-29
-21
31
58
50
59
0
-62
30
32
24
13
-24
-8
-34
-31
47
58
3
-9
-67
50
120
-16
50
50
9
72
16
-1
24
25
6
-5
63
52
-20
-24
-19
6
25
-11
-40
-58
-14
1
-66
-20
9
-47
-82
-108
-126
-137
-88
-57
-15
12
-18
-74
-141
-27
13
-60
-1
2
-82
-81
-43
8
30
-9
24
1
-22
-74
-67
90
1
-60
37
-18
-59
35
33
-18
58
51
-11
17
-25
-72
-99
-53
97
112
50
64
80
43
39
2
17
87
61
0
-39
-5
20
60
38
-5
-32
-47
60
12
-37
65
9
-27
48
70
93
7
-28
31
22
57
27
9
71
46
47
105
84
40
-2
1
35
56
124
86
30
-15
-96
-61
-30
-24
-25
-75
-66
-34
-5
8
-26
-9
42
19
-2
3
-48
-126
-126
-69
-28
-62
-111
-100
-69
1
7
-11
-10
-99
-115
-89
-90
-22
35
67
16
2
37
16
33
-22
-5
41
8
87
99
33
60
114
97
106
110
37
82
99
54
94
72
86
110
21
6
13
39
113
112
28
6
6
-6
71
2
-61
-46
-36
37
-3
8
39
69
118
66
25
4
6
-2
-9
-5
22
-3
1
66
88
151
50
17
85
50
24
-35
-15
80
120
59
-63
-142
-105
-45
-67
-107
-78
-77
-56
-77
-122
-31
-110
-152
-82
-123
-127
-170
-226
-234
-256
-155
-127
-182
-91
-109
-150
-79
-103
-116
-106
-172
-174
-159
-120
-52
-30
-42
-104
-66
-70
-135
2
60
5
13
-36
-48
8
-21
-86
-117
-93
-74
-101
-53
-25
-7
56
9
-86
-72
52
75
14
48
115
169
159
138
142
163
152
110
109
117
119
105
178
182
207
254
212
300
292
236
215
176
192
174
138
108
63
41
134
162
135
197
202
213
260
208
181
176
126
119
80
61
105
97
95
99
184
259
204
208
165
117
62
-40
16
55
32
21
-40
-84
-89
-92
-140
-215
-262
-191
-86
-164
-230
-223
-254
-193
-181
-290
-292
-251
-264
-312
-358
-327
-280
-234
-246
-264
-207
-196
-219
-228
-307
-331
-300
-349
-265
-228
-268
-128
-81
-219
-235
-168
-197
-187
-149
-168
-230
-223
-127
-81
-41
-2
35
65
29
-3
-23
-19
36
31
0
23
77
198
206
172
241
227
199
208
218
253
282
287
292
325
361
394
413
384
384
388
298
313
288
221
275
218
209
255
198
170
206
218
182
192
180
72
70
164
132
162
219
217
233
182
171
175
244
230
122
135
118
74
47
37
132
246
192
93
7
-43
-76
-175
-239
-318
-323
-329
-415
-409
-409
-467
-500
-480
-467
-452
-431
-409
-358
-349
-332
-292
-325
-345
-282
-300
-374
-360
-351
-362
-356
-388
-360
-313
-346
-333
-320
-330
-297
-307
-263
-208
-263
-290
-296
-241
-185
-212
-180
-105
-111
-113
-82
-109
-87
-87
-71
9
-51
-116
-80
10
-9
-107
-73
-66
-53
20
52
124
182
161
210
328
349
404
457
435
497
492
514
614
643
653
630
677
687
617
588
616
620
575
537
471
515
445
279
249
179
171
141
116
180
204
216
209
313
357
344
454
475
446
472
488
490
470
411
446
484
426
409
360
359
366
326
305
126
-79
-205
-273
-281
-424
-563
-591
-674
-718
-710
-739
-766
-757
-681
-618
-564
-478
-468
-404
-416
-465
-367
-385
-433
-557
-657
-574
-623
-696
-683
-685
-579
-495
-564
-528
-524
-591
-629
-668
-603
-603
-712
-735
-638
-591
-535
-446
-401
-336
-282
-179
-126
-119
-20
-13
-26
-16
5
7
-45
51
-15
-136
-77
-5
127
171
196
216
218
304
335
457
603
617
650
614
724
794
673
719
737
813
797
729
823
821
854
820
747
719
623
590
567
495
422
377
375
422
403
359
360
387
483
495
493
602
674
680
702
764
835
870
768
736
766
663
589
471
472
538
407
346
302
291
172
-15
-15
-200
-302
-352
-541
-701
-868
-828
-845
-964
-997
-992
-1013
-1005
-892
-759
-677
-638
-552
-591
-636
-570
-525
-557
-673
-673
-711
-805
-793
-802
-849
-914
-944
-994
-1010
-937
-942
-934
-924
-872
-761
-754
-763
-802
-792
-718
-690
-639
-593
-510
-445
-375
-307
-284
-243
-233
-250
-307
-408
-489
-493
-431
-339
-290
-189
-125
-168
-135
12
111
87
158
161
175
310
425
591
711
823
963
1079
1130
1159
1109
1078
1046
940
1034
1016
1016
1177
1125
1148
1215
1090
988
935
788
702
683
619
655
639
643
772
828
878
874
897
870
771
823
819
848
919
986
1130
1238
1405
1529
1573
1592
1447
1328
1209
997
935
848
712
612
399
232
95
-102
-364
-631
-891
-1217
-1524
-1793
-1881
-1904
-1984
-1944
-1910
-1800
-1533
-1342
-1163
-994
-818
-665
-612
-540
-496
-445
-550
-758
-854
-971
-1070
-1193
-1265
-1201
-1242
-1345
-1315
-1220
-1166
-1218
-1290
-1221
-1240
-1283
-1196
-1178
-1066
-784
-479
-245
-198
-135
-83
-177
-208
-242
-347
-453
-466
-378
-236
-81
-23
30
-35
-96
-158
-422
-607
-697
-708
-735
-646
-276
70
435
691
928
1166
1155
1164
1032
837
789
715
818
1033
1265
1487
1623
1847
1863
1717
1602
1270
1058
860
607
569
524
677
870
906
1010
936
742
589
342
132
33
17
75
326
756
1122
1498
1797
2031
2106
1964
1863
1659
1436
1317
1223
1259
1414
1615
1745
1707
1642
1424
1089
753
202
-431
-943
-1262
-1525
-1789
-1986
-2142
-2237
-2298
-2292
-2285
-2236
-2127
-1921
-1698
-1416
-941
-599
-295
-3
50
-163
-439
-832
-1395
-1722
-2008
-2221
-2345
-2443
-2198
-1893
-1716
-1667
-1625
-1564
-1688
-1887
-2022
-2046
-1912
-1628
-1293
-868
-410
-30
348
583
593
460
208
-83
-406
-620
-642
-618
-458
-156
31
193
395
440
385
109
-215
-312
-459
-520
-420
-336
-115
226
448
699
927
953
1020
999
983
1098
1066
1196
1449
1544
1640
1642
1596
1586
1518
1444
1385
1279
1244
1339
1354
1343
1370
1351
1350
1231
1142
1078
868
677
483
368
399
481
521
624
763
902
1059
1245
1565
1802
1939
2102
2307
2395
2367
2298
2039
1772
1536
1278
1104
993
957
1066
1301
1472
1621
1754
1577
1105
391
-425
-1305
-2253
-3097
-3918
-4499
-4799
-4749
-4247
-3636
-2913
-2181
-1571
-1098
-903
-843
-793
-936
-1233
-1511
-1787
-1956
-2061
-2027
-1829
-1708
-1676
-1738
-1816
-1913
-2078
-2299
-2588
-2769
-2800
-2819
-2667
-2341
-2034
-1667
-1279
-971
-631
-365
-235
-79
18
106
209
262
334
476
629
704
781
773
665
537
319
74
-122
-272
-321
-397
-465
-309
-65
119
226
234
183
104
37
-31
-35
73
294
714
1214
1745
2398
2905
3179
3366
3231
2900
2491
1890
1259
786
561
453
542
849
1170
1575
2005
2266
2229
1961
1725
1370
961
674
456
481
605
809
1161
1492
1940
2339
2423
2503
2490
2324
2205
2083
2115
2224
2300
2252
2168
2169
1992
1785
1743
1665
1524
1461
1536
1737
1879
2001
1914
1395
725
-211
-1356
-2584
-3949
-5173
-6195
-6855
-6841
-6274
-5467
-4516
-3466
-2423
-1480
-863
-686
-762
-1031
-1496
-1907
-2282
-2621
-2711
-2614
-2326
-1974
-1848
-1773
-1765
-1947
-2198
-2709
-3242
-3622
-3937
-3988
-3773
-3310
-2698
-2051
-1398
-654
-30
330
570
546
502
500
415
366
362
517
736
1015
1256
1237
1114
893
542
59
-608
-1207
-1550
-1596
-1427
-1133
-727
-247
310
732
1047
1139
937
765
529
408
500
609
985
1586
2174
2876
3456
3623
3432
2925
2243
1433
583
-176
-668
-772
-551
22
850
1769
2580
3201
3536
3494
3041
2354
1590
802
224
-134
-100
265
791
1402
2062
2633
2906
3031
2925
2718
2460
2160
2078
2213
2527
2933
3290
3596
3888
3854
3534
3232
2742
2139
1686
1341
1103
1055
1170
1200
1191
982
249
-778
-2046
-3386
-4707
-6104
-7099
-7489
-7305
-6503
-5469
-4325
-3114
-1948
-1012
-583
-579
-941
-1461
-2021
-2494
-2772
-3053
-3041
-2699
-2457
-2353
-2341
-2436
-2653
-3068
-3750
-4393
-4820
-5160
-5211
-4996
-4395
-3415
-2436
-1461
-522
164
665
1035
938
582
278
-43
-289
-457
-447
-231
56
472
789
916
1003
916
661
335
-36
-356
-532
-602
-490
-208
138
603
1076
1428
1660
1763
1688
1473
1261
1184
1293
1522
1893
2494
3119
3592
4033
4124
3771
3228
2362
1271
198
-667
-1143
-1130
-666
156
1165
2208
3320
4196
4509
4334
3726
2723
1615
586
-290
-774
-774
-328
435
1364
2260
2913
3317
3439
3301
2884
2351
1965
1836
1992
2355
2932
3594
4209
4524
4448
4028
3173
2093
1105
272
-365
-663
-540
34
708
1169
1357
1210
603
-648
-2242
-3868
-5488
-6861
-7700
-7790
-7227
-6300
-5186
-3964
-2807
-1939
-1468
-1448
-1709
-2119
-2578
-2943
-3242
-3297
-3139
-2845
-2511
-2471
-2547
-2701
-3059
-3603
-4244
-4760
-5182
-5495
-5429
-5011
-4400
-3485
-2536
-1683
-726
107
625
1019
1134
931
711
386
-47
-522
-961
-1023
-836
-615
-157
348
822
1308
1624
1702
1497
1093
588
140
-189
-356
-289
-39
283
782
1457
1893
2098
2191
2156
2026
1910
1997
2163
2393
2914
3578
4055
4337
4270
3722
2957
1925
739
-337
-1159
-1529
-1343
-558
639
2062
3483
4598
5307
5497
5038
4108
2833
1405
133
-865
-1304
-1141
-632
229
1278
2297
3080
3521
3719
3508
3163
2823
2467
2393
2588
3013
3469
3892
4177
4123
3684
2850
1745
568
-491
-1335
-1665
-1530
-1027
-112
845
1508
1736
1310
312
-1113
-2941
-4845
-6664
-8041
-8721
-8601
-7688
-6503
-5220
-3868
-2703
-1704
-1146
-1191
-1501
-1995
-2371
-2632
-2947
-3068
-2940
-2633
-2440
-2474
-2601
-2852
-3143
-3515
-3980
-4299
-4420
-4380
-4150
-3667
-3029
-2318
-1620
-961
-321
161
500
628
596
432
74
-335
-699
-966
-1167
-1094
-778
-317
363
934
1497
1983
2112
1942
1447
818
189
-327
-793
-1097
-989
-589
22
714
1405
1889
2159
2362
2289
2084
1977
1949
2119
2446
2954
3494
3901
4186
4064
3566
2772
1715
529
-493
-979
-1006
-436
731
2109
3565
4977
6039
6459
6174
5308
3890
2205
673
-614
-1437
-1627
-1274
-459
748
2105
3255
4013
4420
4405
3997
3538
2995
2545
2526
2792
3187
3587
3988
4145
3815
3126
2090
960
-61
-834
-1194
-1240
-681
327
1267
2031
2271
1837
746
-1027
-3159
-5415
-7544
-9035
-9653
-9337
-8184
-6538
-4744
-3102
-1744
-885
-600
-930
-1742
-2532
-3269
-3849
-4098
-4108
-3774
-3336
-2972
-2741
-2821
-3081
-3486
-3975
-4519
-5072
-5314
-5249
-4987
-4485
-3791
-3052
-2305
-1477
-789
-313
67
242
228
40
-222
-439
-691
-940
-1048
-865
-449
25
530
1035
1585
1948
1971
1800
1261
582
13
-530
-973
-1275
-1209
-778
-181
643
1510
2212
2710
3075
3232
3159
3085
3028
3134
3335
3500
3879
4179
4106
3832
3196
2216
1052
-123
-995
-1525
-1482
-870
319
1963
3608
5273
6516
6977
6808
5907
4392
2645
807
-725
-1549
-1826
-1520
-602
782
2287
3545
4521
5027
4919
4493
3896
3260
2743
2473
2660
3151
3857
4518
4927
4953
4356
3291
1949
550
-710
-1543
-1645
-1113
-190
1024
2112
2645
2520
1428
-428
-2797
-5470
-7820
-9645
-10543
-10169
-8889
-7037
-4923
-2985
-1422
-361
-210
-821
-1766
-2965
-3980
-4734
-5145
-5014
-4581
-3911
-3262
-2865
-2730
-2702
-2960
-3614
-4306
-5097
-5615
-5724
-5689
-5305
-4576
-3579
-2479
-1523
-742
-30
564
786
522
27
-452
-889
-1199
-1384
-1415
-1181
-658
83
862
1556
2208
2641
2614
2175
1489
764
59
-681
-1237
-1476
-1407
-855
-50
782
1648
2406
2990
3322
3301
3118
2970
2848
2870
3085
3565
4009
4243
4461
4312
3731
2747
1434
136
-928
-1402
-1281
-571
637
2071
3744
5342
6487
6951
6574
5538
4116
2468
795
-491
-1169
-1313
-923
-58
1098
2297
3468
4241
4395
4246
3778
3206
2688
2315
2427
2843
3386
4032
4552
4862
4768
3981
2700
1253
-185
-1305
-1833
-1773
-1170
-64
1251
2213
2536
2150
993
-763
-3083
-5695
-8056
-9665
-10052
-9313
-7869
-6142
-4387
-2662
-1159
-318
-312
-931
-1842
-2790
-3754
-4430
-4673
-4370
-3606
-3038
-2713
-2452
-2395
-2470
-2848
-3686
-4620
-5418
-5947
-6269
-6335
-5938
-5153
-4081
-3079
-2179
-1084
-19
708
897
578
85
-494
-988
-1404
-1797
-1898
-1555
-905
-250
501
1300
2003
2427
2218
1599
885
173
-554
-1200
-1683
-1906
-1585
-836
41
954
1974
2838
3292
3381
3176
3022
2969
2993
3213
3493
4053
4796
5245
5342
4953
4118
2903
1438
-48
-1154
-1369
-886
108
1497
3207
5112
6787
7743
7724
6844
5502
3845
1941
333
-842
-1335
-1110
-476
543
1738
3081
4147
4546
4537
4048
3390
2977
2672
2623
2893
3489
4274
4880
5266
5272
4792
3762
2149
354
-1120
-1998
-2208
-1875
-1188
-72
1239
2128
2216
1345
-351
-2625
-5266
-7999
-10176
-11127
-10792
-9476
-7689
-5647
-3494
-1581
-217
183
-366
-1436
-2655
-3848
-4885
-5401
-5174
-4478
-3610
-2945
-2591
-2218
-1984
-2258
-3134
-4292
-5291
-5990
-6457
-6546
-6184
-5372
-4192
-3058
-2032
-1068
-143
596
713
190
-569
-1308
-1797
-2045
-2253
-2157
-1644
-866
-59
701
1481
2201
2718
2634
2011
1325
818
506
25
-608
-1029
-1175
-994
-509
118
794
1465
2096
2486
2540
2673
3006
3378
3703
3917
4208
4755
5392
5666
5401
4729
3791
2490
873
-475
-1176
-1058
-320
654
1934
3524
5364
6917
7504
7210
6249
4793
3141
1479
172
-519
-628
-208
404
1261
2525
3797
4638
4764
4300
3729
3248
2928
2778
2963
3516
4144
4866
5440
5818
5832
5166
3963
2191
222
-1258
-1871
-1812
-1419
-618
448
1535
2133
1771
705
-1044
-3529
-6419
-9116
-10860
-11163
-10195
-8675
-6968
-5148
-3315
-1574
-530
-618
-1388
-2467
-3702
-4691
-5368
-5371
-4571
-3711
-3081
-2892
-2820
-2491
-2530
-3192
-4369
-5736
-6706
-7201
-7260
-6806
-5901
-4579
-3203
-2143
-1214
-183
739
1160
834
-179
-1118
-1502
-1667
-1804
-1860
-1656
-1192
-607
-42
552
1301
1919
2194
2004
1603
1253
1110
962
324
-401
-852
-879
-638
-331
144
753
1310
1494
1487
1517
1779
2375
2876
3226
3663
4319
5203
5860
5973
5464
4432
3141
1559
-110
-1205
-1533
-1173
-180
1088
2737
4799
6608
7727
7898
7115
5761
3997
2121
542
-569
-1030
-802
-22
1025
2264
3637
4669
5108
4869
4043
3174
2635
2363
2359
2826
3661
4544
5305
5860
6046
5735
4838
3247
1228
-609
-1656
-1786
-1412
-707
285
1416
2493
2911
2474
1209
-992
-3737
-6671
-9350
-10977
-11098
-10074
-8621
-7036
-5233
-3312
-1674
-768
-840
-1543
-2516
-3535
-4199
-4366
-3999
-3211
-2460
-2239
-2491
-2713
-2844
-3068
-3761
-5003
-6055
-6722
-6876
-6460
-5856
-4924
-3914
-3136
-2372
-1627
-680
379
787
464
-263
-955
-1280
-1557
-1860
-2097
-2274
-2208
-1793
-1098
-229
802
1657
1954
1760
1361
1207
1137
718
-64
-1022
-1654
-1821
-1551
-864
49
941
1511
1890
2109
2286
2754
3128
3166
3221
3518
4275
5246
5955
6178
5751
4709
3239
1539
-80
-1082
-1379
-1109
-244
1207
3095
5212
7025
7985
8046
7196
5726
3901
1945
276
-829
-1137
-872
-154
1054
2527
3943
4840
5083
4735
3927
3011
2255
1856
1998
2669
3625
4645
5622
6307
6513
6075
4852
3053
931
-1023
-2412
-3023
-2697
-1663
-189
1312
2561
3324
3243
2337
581
-2040
-4965
-7681
-9776
-10757
-10517
-9463
-8134
-6642
-5158
-3888
-2757
-2032
-1917
-2379
-3129
-3610
-3769
-3594
-3136
-2750
-2555
-2776
-3335
-3898
-4316
-4608
-5117
-5792
-6337
-6508
-6131
-5388
-4553
-3779
-3169
-2682
-2176
-1429
-621
-106
236
65
-474
-867
-1180
-1349
-1624
-2087
-2333
-2197
-1680
-636
629
1756
2618
2904
2673
2242
1623
786
-198
-1240
-2164
-2734
-2550
-1656
-482
699
1650
2263
2603
2832
3026
3024
2898
2799
2819
3236
3988
4811
5396
5507
4938
3653
2188
813
-371
-1136
-1287
-783
397
2314
4433
6408
7922
8507
8166
6959
5198
3167
1238
-156
-1064
-1254
-663
536
2169
3654
4736
5440
5682
5444
4815
3990
3267
2983
3283
3896
4723
5662
6273
6497
6212
5341
4025
2329
432
-1410
-2681
-3010
-2303
-885
699
2115
3048
3460
3138
1783
-435
-3202
-6161
-9070
-11260
-11983
-11325
-9760
-8126
-6747
-5429
-4228
-3111
-2485
-2614
-3175
-3931
-4408
-4576
-4560
-3995
-3399
-3403
-3961
-4774
-5159
-5015
-4733
-4746
-5289
-5675
-5573
-5139
-4531
-4064
-3676
-3364
-3192
-3066
-2520
-1343
-161
400
129
-649
-1182
-1225
-1200
-1478
-2080
-2364
-2144
-1405
-52
1469
2872
3708
3633
2839
1951
1174
345
-822
-2382
-3550
-3725
-2783
-1180
585
2148
3216
3771
3888
3756
3485
3167
2814
2383
2128
2579
3704
5051
6012
6053
5301
4050
2761
1506
311
-377
-650
-360
760
2563
4811
6862
8101
8291
7505
6043
4300
2521
809
-606
-1441
-1437
-502
1191
3111
4717
5624
5924
5914
5400
4573
3685
2911
2541
2552
2992
3868
4930
5833
6056
5387
4228
2892
1460
-90
-1761
-2968
-3025
-2035
-543
1043
2575
3762
4099
3325
1592
-809
-3654
-6704
-9652
-11896
-12635
-11634
-9625
-7623
-6077
-4642
-3161
-2102
-1842
-2375
-3189
-3866
-4424
-4850
-4849
-4253
-3455
-3117
-3716
-4637
-4876
-4555
-4334
-4623
-5262
-5617
-5449
-5148
-4964
-4754
-4347
-3926
-3774
-3604
-2884
-1478
45
632
150
-631
-1203
-1463
-1836
-2410
-2685
-2460
-1681
-624
543
2099
3555
4200
3677
2329
1090
246
-559
-1711
-2931
-3512
-3003
-1711
-126
1559
3024
4114
4583
4307
3776
3320
2893
2503
2023
1954
2895
4428
5843
6514
6276
5376
4053
2567
946
-427
-1004
-894
-166
1296
3425
5828
7860
8825
8643
7734
6233
4316
2214
276
-1085
-1698
-1460
-267
1587
3568
5172
6054
6303
6219
5845
4929
3672
2526
1830
1903
2623
3673
4778
5551
5792
5313
4233
3012
1684
150
-1611
-3025
-3323
-2390
-549
1276
2586
3495
3889
3589
2187
-111
-2768
-5687
-8598
-11194
-12513
-11859
-9981
-7960
-6667
-5840
-4696
-3423
-2612
-2831
-3655
-4391
-4869
-4930
-4857
-4413
-3666
-3359
-3878
-5052
-5830
-5597
-4884
-4550
-4861
-5347
-5402
-4955
-4729
-4980
-5282
-5344
-5242
-5177
-4677
-3326
-1480
40
374
-210
-770
-806
-663
-1073
-1873
-2186
-1648
-585
591
1836
3126
3964
3874
2853
1485
471
-156
-956
-2082
-2850
-2613
-1231
747
2458
3716
4773
5442
5396
4785
4095
3573
3147
2693
2388
2761
3991
5575
6588
6688
6117
5195
4124
2692
1096
16
-195
337
1341
2841
4776
6704
7982
8094
7188
5810
4197
2334
357
-1221
-1836
-1444
-251
1395
3203
4849
5961
6510
6238
5452
4537
3377
2191
1215
958
1655
2802
3884
4757
5146
4982
4356
3082
1489
-173
-1719
-2889
-3587
-3261
-1861
90
1941
2965
3286
3139
2270
593
-1901
-4875
-7742
-10212
-11810
-12118
-11147
-9419
-7749
-6542
-5701
-4878
-4092
-3636
-3929
-4709
-5153
-5032
-4576
-3962
-3276
-2809
-2824
-3462
-4303
-4729
-4576
-4166
-4022
-4238
-4490
-4332
-3925
-3820
-4199
-4889
-5357
-5406
-5083
-4201
-2708
-859
439
667
338
98
140
24
-571
-1362
-1481
-674
508
1719
2778
3639
4023
3615
2492
1255
308
-610
-1682
-2775
-3315
-2527
-649
1189
2680
3921
4929
5457
5246
4555
3604
2802
2210
1772
1819
2717
4337
5814
6549
6370
5612
4837
3676
2013
480
-429
-321
568
1951
3797
5894
7647
8345
7950
6727
5237
3621
1570
-434
-1798
-2023
-1034
657
2533
4255
5760
6629
6653
6165
5411
4439
3227
2058
1370
1660
2884
4224
5078
5320
5178
4688
3731
2378
899
-417
-1710
-2720
-2931
-2156
-430
1383
2412
2718
2520
2091
1309
-332
-2602
-5169
-7708
-9869
-11288
-11430
-10473
-9053
-8054
-7834
-7569
-6805
-5787
-5097
-5201
-5557
-5532
-5003
-4305
-3701
-3220
-3047
-3549
-4831
-6091
-6493
-5791
-4706
-4033
-3917
-3820
-3214
-2776
-3035
-4038
-5403
-6416
-6970
-6956
-6029
-4025
-1588
104
766
798
839
1040
787
-136
-1141
-1465
-871
312
1752
3233
4478
5164
4698
3349
2052
950
-74
-1394
-2747
-3116
-2239
-461
1550
3430
5004
6055
6437
5979
5002
4080
3359
2599
1896
1771
2712
4441
6036
6913
6915
6323
5367
3913
2114
561
-281
-356
176
1303
3077
5325
7340
8157
7746
6649
5200
3446
1357
-582
-1701
-1805
-992
473
2304
4378
6188
7072
6946
6125
5138
4134
2876
1636
853
952
1922
3152
4185
4834
5117
4837
3881
2622
1343
116
-1145
-2261
-2804
-2436
-1101
543
1742
2154
2088
1919
1234
-272
-2460
-4898
-7342
-9675
-11197
-11407
-10356
-8826
-7749
-7340
-7170
-6518
-5650
-5108
-5057
-5356
-5411
-4996
-4202
-3360
-2784
-2727
-3483
-4817
-6026
-6360
-5571
-4282
-3427
-3212
-3114
-2810
-2530
-2879
-4111
-5675
-7030
-7767
-7514
-6267
-3974
-1463
228
995
1037
1163
1427
1252
509
-564
-1125
-788
366
1823
3060
4000
4204
3621
2521
1247
316
-629
-1811
-2965
-3559
-2765
-930
1419
3653
5177
5998
6197
5959
5173
4133
3183
2224
1480
1473
2418
4159
6056
7167
7255
6502
5327
4059
2621
1262
397
162
596
1858
3972
6337
8244
9192
8854
7546
5785
3870
1939
130
-1108
-1463
-834
807
3037
5188
6800
7519
7247
6257
4869
3406
2006
788
142
271
1294
2875
4322
5258
5469
5095
4090
2558
1016
-599
-2174
-3254
-3637
-2989
-1449
291
1668
2385
2579
2222
1243
-459
-2949
-5753
-8499
-10637
-11644
-11365
-10009
-8498
-7455
-6893
-6559
-6029
-5439
-5243
-5583
-6037
-5990
-5324
-4229
-3260
-2774
-2965
-3911
-5117
-5950
-5956
-5235
-4540
-4296
-4217
-4140
-3745
-3437
-3940
-5142
-6740
-7816
-7959
-7170
-5422
-3305
-1307
-20
580
1047
1509
1847
1602
703
-168
-388
365
1744
2970
3833
4231
4001
3355
2498
1556
533
-718
-2110
-3121
-3051
-1723
385
2601
4429
5663
6514
7057
6930
6211
5039
3571
2358
1727
2098
3536
5267
6679
7392
7270
6694
5721
4249
2602
974
-294
-588
110
1773
4243
6590
8266
8858
8348
7284
5631
3476
1134
-1131
-2540
-2524
-1175
1117
3667
5882
7256
7565
7013
5812
4211
2264
186
-1405
-1889
-897
1166
3372
5156
6220
6407
5654
4282
2685
705
-1423
-3330
-4488
-4309
-2888
-812
1193
2581
3192
3219
2573
1180
-1171
-4286
-7486
-10476
-12345
-12469
-11182
-9136
-7404
-6449
-5905
-5497
-5128
-5022
-5655
-6780
-7497
-7246
-6208
-4701
-3142
-2280
-2391
-3332
-4523
-5098
-4858
-4366
-4203
-4382
-4427
-3949
-3345
-3332
-4096
-5448
-6760
-7553
-7656
-6727
-4953
-2988
-1392
-541
-76
598
1318
1749
1441
514
26
379
1299
2498
3419
3786
3765
3283
2473
1567
591
-596
-2018
-3216
-3664
-2805
-624
1863
3942
5539
6693
7500
7733
7198
6019
4365
2874
2037
1980
3028
4813
6468
7532
7680
7038
6126
4954
3460
1715
115
-594
-191
1333
3531
5800
7639
8487
8406
7585
6248
4458
2389
241
-1567
-2171
-1542
211
2642
4802
6308
6910
6732
6039
4686
2891
1058
-457
-1172
-766
687
2698
4625
5893
6188
5530
4373
3045
1445
-357
-2275
-3805
-4252
-3452
-1800
-8
1393
2191
2541
2353
1568
130
-2160
-5005
-8048
-10780
-12323
-12110
-10598
-8855
-7651
-6975
-6399
-5718
-5127
-5203
-5960
-6771
-7044
-6578
-5519
-3965
-2528
-1922
-2334
-3480
-4452
-4630
-4235
-3861
-3975
-4336
-4348
-4019
-3773
-4057
-4963
-6155
-7266
-7785
-7389
-6034
-3944
-1869
-531
25
433
1100
1663
1759
1232
418
160
614
1559
2472
2957
3133
2884
2305
1504
764
147
-756
-1867
-2820
-3027
-2061
-221
1827
3490
4669
5748
6599
6927
6648
5743
4565
3347
2648
2840
3839
5337
6432
6869
6782
6159
5334
4375
3069
1606
406
24
701
2352
4555
6431
7674
8180
8007
7365
6187
4663
2830
864
-414
-787
-132
1570
3498
5182
6202
6537
6445
5780
4648
3006
1045
-395
-835
-132
1405
3129
4694
5668
5868
5420
4504
3170
1405
-652
-2850
-4490
-4851
-3894
-2107
-382
774
1461
1939
2009
1268
-412
-3079
-6243
-9459
-11980
-12830
-11996
-10142
-8355
-7338
-6816
-6131
-5207
-4695
-5221
-6425
-7459
-7760
-7060
-5662
-3985
-2607
-2211
-2979
-4256
-5092
-5000
-4353
-4184
-4687
-5197
-5151
-4498
-4006
-4272
-5182
-6307
-7038
-7196
-6474
-4690
-2558
-891
-270
-405
-205
617
1421
1485
754
138
357
1279
2382
3249
3709
3634
3068
2254
1433
952
548
-368
-1609
-2547
-2379
-898
1297
3348
4718
5634
6235
6372
6012
5274
4413
3453
2521
2168
2724
4246
6062
7074
7109
6402
5444
4509
3372
2263
1358
938
1182
2000
3493
5384
7087
7928
7799
7062
5997
4841
3398
1650
234
-431
-356
549
2074
3821
5446
6310
6405
6031
5226
4212
2903
1363
382
473
1438
2869
4218
5096
5375
5104
4318
2991
1424
-149
-1802
-3512
-4611
-4438
-3185
-1508
-140
605
935
1202
1260
566
-1081
-3544
-6390
-9141
-11295
-12153
-11399
-9763
-8506
-8049
-7838
-7089
-5889
-5147
-5380
-6233
-6857
-6738
-5963
-4772
-3458
-2542
-2500
-3556
-5034
-5745
-5286
-4322
-3935
-4418
-4890
-4700
-4217
-3991
-4526
-5581
-6600
-7300
-7336
-6478
-4506
-2060
-368
190
60
233
1104
1768
1589
734
97
436
1477
2608
3520
4202
4222
3493
2471
1517
1042
632
-382
-1777
-2769
-2499
-815
1358
3088
4364
5322
5967
6161
5869
5401
4724
3829
2818
2378
3132
4700
6359
7173
6918
6182
5376
4417
3255
1990
1033
830
1265
2302
3959
5935
7546
8125
7607
6556
5468
4331
2869
1225
-81
-613
-49
1182
2769
4430
5682
6361
6083
5255
4367
3317
2044
715
-134
15
1334
3055
4468
5261
5351
4837
3653
2158
660
-813
-2260
-3639
-4464
-4155
-2709
-894
484
1024
939
848
460
-553
-2190
-4464
-6874
-9228
-11064
-11613
-10713
-8986
-7723
-7341
-7413
-7248
-6510
-5894
-5844
-6248
-6562
-6177
-5281
-4079
-2967
-2422
-2628
-3868
-5473
-6328
-5999
-4872
-4012
-3870
-3959
-3843
-3482
-3488
-4345
-5642
-6851
-7565
-7485
-6589
-4717
-2276
-385
422
428
503
1048
1421
1188
482
-157
-1
882
1965
2941
3699
4068
3804
2964
1996
1287
636
-242
-1367
-2228
-1896
-347
1803
3761
5024
5934
6477
6442
5863
4981
4073
3165
2491
2332
3205
4920
6574
7703
7815
7080
6056
4934
3882
2624
1588
1392
1807
2814
4292
6087
7580
8098
7611
6296
4895
3486
1991
703
-453
-820
-150
1070
2762
4448
5711
6327
5974
4913
3771
2648
1500
382
-509
-491
646
2427
3998
4839
4989
4482
3419
1962
363
-1004
-2213
-3328
-3894
-3712
-2544
-743
701
1191
898
509
41
-600
-1705
-3389
-5164
-6949
-8621
-9831
-10012
-9307
-8648
-8665
-9232
-9523
-8971
-7845
-6968
-6708
-6571
-6004
-4912
-3689
-2834
-2491
-2741
-3772
-5325
-6459
-6484
-5445
-4122
-3415
-3247
-3029
-2648
-2561
-3369
-5104
-6911
-8114
-8642
-8201
-6543
-3920
-1199
640
1455
1880
2386
2867
2781
1712
444
45
620
1660
2660
3456
3955
4054
3567
2622
1676
906
142
-983
-2089
-2246
-1029
1143
3280
4866
5904
6610
6937
6566
5661
4587
3617
2916
2448
2662
4077
5954
7371
7705
6946
6010
5125
4070
2851
1741
1305
1719
2754
4285
6146
7843
8804
8539
7169
5537
4060
2730
1420
94
-594
-259
937
2549
4012
5190
5779
5539
4634
3334
2246
1495
667
-73
-326
359
1955
3563
4604
4781
4173
3207
1867
231
-1170
-2134
-2785
-3278
-3534
-3001
-1813
-520
76
-332
-958
-1375
-1415
-1698
-2592
-3755
-5005
-6256
-7775
-8981
-9396
-9370
-9511
-10118
-10626
-10484
-9281
-7622
-6546
-5907
-5360
-4515
-3261
-2463
-2326
-2702
-3722
-5111
-6537
-7101
-6265
-4622
-3177
-2615
-2476
-2335
-2376
-2895
-4325
-6303
-8018
-8949
-8668
-7334
-5008
-2062
407
1710
1928
2055
2340
2312
1626
335
-616
-701
216
1637
2880
3924
4500
4439
3721
2680
1915
1285
343
-854
-1584
-1159
586
2897
4646
5786
6473
6659
6388
5626
4705
3873
3194
2683
2595
3457
5271
7138
8063
7832
6872
5771
4646
3418
2105
1105
885
1482
2716
4464
6474
8042
8604
7962
6405
4766
3426
2111
731
-421
-827
-64
1483
3032
4459
5632
6046
5451
4101
2772
1729
832
41
-631
-538
662
2439
4049
4827
4650
3918
2721
1066
-643
-2058
-2931
-3376
-3694
-3603
-2819
-1520
-322
25
-446
-1016
-1164
-1263
-1713
-2460
-3493
-4782
-6265
-7840
-9124
-9621
-9735
-10230
-11015
-11470
-10935
-9364
-7538
-6156
-5266
-4306
-3058
-2126
-1802
-1837
-2447
-3650
-5102
-6444
-6640
-5548
-3954
-2671
-2339
-2329
-2125
-2292
-3301
-5092
-7043
-8376
-8737
-8211
-6685
-4028
-1095
1100
2226
2417
2445
2603
2353
1382
32
-654
-286
744
2090
3318
4171
4491
4107
3112
2148
1604
1000
26
-999
-1377
-489
1274
3152
4687
5700
6299
6549
6272
5464
4687
4062
3400
2843
2840
3820
5459
6894
7370
6881
5988
5071
4047
2808
1724
1302
1649
2651
4092
5754
7508
8717
8708
7520
5849
4333
2938
1583
336
-404
-164
878
2286
3680
4786
5485
5520
4665
3314
2137
1316
729
224
-66
526
2011
3585
4569
4732
4227
3220
1725
-54
-1582
-2517
-2944
-3199
-3375
-3065
-2020
-647
193
18
-581
-984
-1293
-1763
-2481
-3433
-4563
-5844
-7393
-8894
-9824
-10073
-10160
-10756
-11608
-11776
-10673
-8845
-7172
-5892
-4757
-3522
-2362
-1712
-1684
-2181
-3158
-4570
-6206
-7265
-6901
-5390
-3787
-2837
-2700
-2727
-2680
-3121
-4370
-6287
-7915
-8757
-8683
-7532
-5405
-2427
397
2130
2637
2540
2717
2825
2189
903
-310
-564
272
1796
3298
4485
5351
5360
4535
3293
2185
1368
307
-910
-1778
-1632
22
2468
4651
6123
6812
7052
6904
6202
5220
4241
3362
2684
2545
3408
5061
6887
8014
7816
6845
5543
4138
2817
1587
694
495
1201
2594
4546
6665
8296
8949
8320
6796
5078
3599
2301
1012
-45
-370
212
1637
3426
4885
5879
6158
5481
4255
2922
1853
1017
127
-398
-143
1001
2768
4312
5070
4999
4198
2736
965
-655
-1923
-2741
-3302
-3576
-3306
-2346
-861
404
912
586
-160
-847
-1656
-2871
-4239
-5619
-7126
-8685
-9980
-10474
-10225
-9813
-9821
-10250
-10419
-9883
-8677
-7426
-6512
-5573
-4462
-3359
-2404
-1920
-2021
-2603
-3843
-5493
-6902
-7273
-6338
-5015
-4043
-3528
-3176
-2782
-2740
-3478
-4925
-6494
-7650
-7986
-7365
-5754
-3318
-676
1281
2021
2227
2506
2703
2335
1056
-197
-547
25
1273
2580
3800
4703
4950
4554
3688
2818
2025
1068
-219
-1339
-1471
-349
1692
3789
5347
6270
6716
6842
6479
5691
4735
3762
3022
2727
3316
4995
6968
8329
8556
7662
6360
4995
3573
2257
1069
384
821
2270
4269
6610
8554
9253
8702
7369
5684
4009
2569
1247
171
-273
188
1494
3259
4993
6020
6093
5341
4167
3002
1866
831
-159
-701
-354
722
2431
4167
5170
5229
4351
2801
1072
-540
-1935
-3103
-4061
-4456
-3910
-2500
-719
611
1051
748
-29
-1085
-2619
-4413
-6213
-8094
-9898
-11357
-11729
-10881
-9541
-8644
-8482
-8477
-8298
-7747
-7139
-6911
-6751
-6366
-5607
-4494
-3385
-2465
-1870
-2182
-3488
-4941
-5790
-5780
-5421
-5186
-5070
-4846
-4224
-3500
-3159
-3651
-4646
-5614
-6370
-6398
-5639
-4028
-1917
-147
1027
1710
2402
3073
3176
2496
1382
654
619
1200
2228
3305
4195
4631
4380
3752
2986
2144
1095
-241
-1419
-1882
-1091
668
2597
4390
5795
6802
7365
7285
6740
5831
4711
3570
2680
2599
3531
5160
6692
7488
7479
6893
5942
4610
2970
1259
92
-131
563
2145
4373
6822
8658
9296
8873
7668
6054
4173
2032
82
-1146
-1239
-211
1403
3359
5209
6310
6457
5696
4507
3094
1614
124
-1171
-1470
-714
876
2762
4280
5143
5140
4374
2928
1115
-723
-2397
-3756
-4631
-4547
-3373
-1470
341
1391
1665
1276
416
-1168
-3340
-5695
-8177
-10274
-11822
-12374
-11606
-10087
-8547
-7701
-7358
-7055
-6713
-6588
-6899
-7375
-7578
-7132
-6130
-4876
-3534
-2318
-1804
-2371
-3594
-4700
-5168
-5271
-5483
-5791
-5736
-5046
-4111
-3538
-3521
-3882
-4498
-5166
-5592
-5438
-4568
-3165
-1815
-898
-168
901
2202
2836
2684
1920
1185
1095
1341
1836
2357
2899
3396
3451
3165
2748
2421
1805
547
-885
-1719
-1263
207
1840
3277
4620
5970
7040
7488
7331
6751
5819
4704
3800
3436
4115
5523
6709
7265
7241
6971
6459
5582
4237
2666
1369
764
1035
2158
3925
5842
7464
8221
8167
7655
6651
5061
2961
840
-748
-1229
-655
638
2416
4011
5115
5564
5383
4914
4054
2730
1106
-310
-735
-82
1237
2695
3786
4424
4459
3757
2536
1126
-293
-1929
-3605
-4646
-4601
-3356
-1571
-148
668
990
916
348
-993
-3004
-5341
-7892
-10311
-12128
-12662
-11545
-9637
-8155
-7408
-6975
-6276
-5373
-5168
-5816
-6810
-7394
-7143
-6388
-5321
-3972
-2572
-1986
-2587
-3723
-4565
-4658
-4665
-5340
-6191
-6529
-5935
-4691
-3861
-3704
-3884
-4247
-4695
-5081
-5066
-4237
-2875
-1954
-1621
-1157
-55
1487
2570
2539
1892
1556
1694
2055
2395
2689
2941
2984
2740
2326
2172
2317
2041
977
-502
-1343
-837
457
1803
2866
3838
4905
5929
6571
6693
6458
5831
4950
3994
3580
4299
5691
6819
6962
6523
6111
5641
4953
3889
2512
1293
797
1079
2139
3874
5673
7077
7516
7139
6715
6126
5092
3393
1398
-122
-829
-516
609
2062
3429
4425
4763
4638
4528
4257
3482
2165
780
171
636
1847
3194
4076
4430
4379
3923
3132
2165
1103
-156
-1764
-3219
-3687
-2936
-1448
-215
247
273
268
32
-888
-2541
-4737
-7136
-9578
-11697
-12614
-12029
-10333
-8721
-7964
-7438
-6639
-5457
-4571
-4875
-5967
-6849
-7073
-6750
-6104
-5168
-4035
-3272
-3499
-4393
-4948
-4728
-4252
-4635
-5783
-6558
-6304
-5207
-4341
-4092
-4118
-4241
-4313
-4354
-4107
-3276
-2134
-1387
-1397
-1548
-932
445
1517
1592
1065
877
1462
2346
3022
3390
3629
3654
3149
2291
1794
1783
1624
748
-673
-1527
-1013
551
2027
2822
3406
4143
5020
5599
5558
5429
5302
4728
4060
3896
4716
6268
7356
7327
6470
5702
5257
4677
3624
2201
1237
1007
1430
2450
4086
5982
7244
7539
6820
5961
5518
4800
3434
1504
-106
-521
79
1178
2534
3761
4620
4932
4649
4392
4232
3840
2854
1425
439
711
2099
3490
4296
4297
3743
3137
2352
1395
518
-513
-1784
-3022
-3743
-3143
-1504
107
778
532
177
-36
-450
-1720
-3765
-6222
-8842
-11085
-12337
-12109
-10732
-9126
-8172
-7824
-7300
-6141
-4940
-4591
-5166
-6090
-6497
-6185
-5389
-4374
-3419
-2843
-3100
-3959
-4547
-4401
-3873
-3869
-4689
-5592
-5871
-5306
-4499
-4287
-4649
-5080
-5317
-5257
-4808
-3711
-2172
-1110
-960
-1302
-1119
-69
969
1195
574
41
481
1549
2663
3501
3936
3919
3299
2267
1375
1063
953
308
-899
-1884
-1581
69
1939
3182
3765
4220
4744
5037
5087
5106
5038
4626
3936
3576
4322
5997
7492
7819
7031
5835
4929
4284
3266
1995
939
528
910
1962
3752
5971
7743
8416
7753
6391
5326
4457
3290
1552
-207
-938
-521
795
2462
4021
5225
5520
5104
4383
3840
3606
3034
2000
991
817
1825
3401
4605
5056
4759
3875
2795
1693
611
-243
-971
-1968
-2924
-2887
-1673
-22
1055
1001
387
-190
-581
-1227
-2676
-4533
-6518
-8611
-10488
-11497
-11172
-9952
-8880
-8700
-8997
-8734
-7520
-6247
-5847
-6116
-6487
-6263
-5455
-4715
-4003
-3471
-3537
-4314
-5596
-6305
-5852
-4922
-4345
-4515
-4764
-4439
-3770
-3402
-3920
-5009
-6067
-6719
-6799
-6125
-4469
-2408
-764
-19
11
296
980
1313
869
-122
-764
-424
816
2296
3390
4193
4511
3955
3033
2106
1476
1036
43
-1063
-1607
-888
1068
3081
4568
5369
5782
6003
5878
5403
4914
4530
3897
3340
3413
4432
6275
7859
8300
7742
6667
5494
4389
3151
1996
1242
877
1300
2501
4319
6516
8132
8515
7594
6182
4856
3392
1910
519
-550
-946
-461
852
2587
4281
5457
5787
5223
4267
3606
3056
2380
1638
874
762
1463
2555
3651
4154
4105
3465
2223
918
-213
-986
-1561
-2245
-2805
-2835
-2023
-726
180
360
63
-466
-926
-1492
-2238
-2966
-4132
-5642
-7236
-8777
-9738
-10042
-10100
-10359
-10781
-10880
-10152
-8745
-7438
-6470
-5802
-5295
-4744
-4345
-4029
-3900
-4043
-4540
-5434
-5976
-5716
-4754
-3590
-2933
-2726
-2613
-2563
-2795
-3593
-4945
-6395
-7286
-7544
-7143
-5742
-3588
-1305
447
1348
1677
1898
2043
1709
923
130
-102
501
1596
2755
3718
4376
4490
3972
3050
1985
1125
348
-511
-1132
-1035
90
1796
3375
4535
5284
5670
5663
5297
4730
4136
3525
3019
2879
3340
4469
5738
6607
6811
6376
5652
4815
3935
3002
2189
1960
2297
3114
4469
5927
7205
7945
7731
6797
5439
3946
2583
1332
273
-217
-46
621
1811
3191
4311
5007
5064
4650
3944
3188
2551
1908
1499
1366
1638
2366
3166
3904
4265
3925
3024
1795
448
-696
-1507
-1980
-2069
-1955
-1674
-1142
-614
-330
-427
-884
-1454
-1942
-2164
-2242
-2412
-2663
-3026
-3792
-4977
-6509
-8223
-9576
-10650
-11581
-12221
-12303
-11410
-9702
-7734
-5940
-4356
-3089
-2320
-2194
-2680
-3457
-4620
-5948
-7029
-7509
-6819
-5295
-3627
-2241
-1462
-1342
-1866
-3075
-4940
-6975
-8641
-9587
-9559
-8495
-6243
-3247
-398
1738
2886
3300
3243
2667
1709
603
-413
-784
-446
329
1628
3023
4093
4551
4064
3269
2507
1698
878
54
-364
75
1261
2773
4438
5798
6669
6959
6468
5632
4820
4129
3565
3088
2960
3499
4692
6135
7074
7290
6862
6013
5082
4033
3198
2725
2610
2925
3619
4770
6036
7065
7432
6833
5613
4133
2832
1825
950
389
245
468
1139
2183
3278
4155
4565
4242
3453
2701
2081
1717
1446
1206
1228
1445
2077
2878
3301
3232
2597
1427
33
-1036
-1716
-2087
-2127
-2106
-2024
-1758
-1341
-810
-590
-852
-1302
-1784
-1917
-1642
-1479
-1584
-2050
-3046
-4550
-6598
-8663
-10352
-11702
-12573
-13175
-13217
-12180
-10096
-7578
-5433
-3743
-2503
-1823
-1700
-2165
-3018
-4128
-5245
-6099
-6527
-6056
-4705
-2910
-1381
-708
-888
-1673
-2772
-4280
-6141
-7862
-8802
-8761
-7756
-5726
-3062
-275
2073
3477
3800
3537
3254
2665
1585
463
-256
-176
618
1703
2830
3683
4123
3958
3226
2382
1603
968
372
-158
-133
711
2179
3797
5105
5832
5971
5786
5348
4764
4160
3534
3155
3155
3406
4136
5280
6365
7039
6867
5940
4885
4028
3258
2611
2274
2446
3180
4337
5638
6815
7548
7416
6539
5134
3520
2206
1137
276
-215
-235
377
1431
2640
3662
4141
4156
3697
2808
1856
1188
828
632
706
1023
1768
2925
3792
4057
3477
2268
1026
-388
-1699
-2503
-2789
-2558
-2250
-2008
-1459
-674
3
153
-314
-926
-1391
-1535
-1760
-2412
-3201
-4185
-5527
-7375
-9354
-10712
-11276
-11622
-12155
-12281
-11505
-9640
-7262
-5404
-4117
-3057
-2179
-1733
-1952
-2730
-3581
-4358
-5315
-6248
-6388
-5286
-3530
-2112
-1702
-1982
-2296
-2837
-4029
-5776
-7401
-8206
-8102
-7245
-5662
-3251
-294
2197
3364
3350
2973
2720
2286
1313
118
-587
-151
1115
2312
3412
4420
5031
4878
3698
2305
1416
780
89
-622
-820
253
2273
4308
5811
6605
7018
6962
6245
5148
4108
3510
3337
3205
3382
4381
5897
7397
7956
7322
6099
4796
3698
2637
1824
1576
1920
2846
4160
5706
7257
8319
8407
7222
5299
3523
2127
1095
93
-675
-742
-29
1221
2486
3607
4271
4191
3388
2129
1097
670
587
513
466
780
1672
2893
3721
3766
3132
1818
173
-1420
-2633
-3142
-3040
-2719
-2667
-2524
-1698
-543
311
279
-531
-1333
-1833
-2101
-2535
-3169
-3846
-4925
-6498
-8410
-10004
-10558
-10598
-11049
-11920
-12302
-11239
-9140
-7053
-5491
-4424
-3370
-2462
-2195
-2433
-2902
-3475
-4370
-5790
-6943
-6816
-5239
-3317
-2240
-2068
-2221
-2253
-2576
-3718
-5452
-6915
-7546
-7491
-6772
-5015
-2175
835
2823
3447
3338
3321
3389
2960
1837
620
246
779
1820
3006
4134
5179
5589
4932
3697
2713
2196
1651
711
-237
-259
1072
3145
5009
6244
7024
7364
7053
6089
4956
4187
3757
3382
2947
3048
4219
5895
6994
6907
5942
4755
3722
2640
1609
1142
1275
1942
2738
3877
5597
7181
8102
7694
6192
4483
2951
1785
629
-391
-771
-534
275
1332
2551
3837
4492
4116
2903
1689
1055
952
892
623
708
1524
2846
3992
4482
4280
3393
1867
-80
-1866
-2805
-2875
-2696
-2785
-2965
-2506
-1234
61
485
-8
-768
-1281
-1714
-2321
-3053
-3862
-4758
-6260
-8300
-9923
-10437
-10061
-9954
-10536
-11058
-10597
-9016
-7145
-5723
-4816
-3953
-2994
-2395
-2369
-2521
-2656
-3355
-4843
-6415
-7059
-6101
-4324
-3123
-2936
-3083
-3027
-3219
-4026
-5417
-6772
-7541
-7769
-7447
-6192
-3673
-551
1840
2692
2532
2421
2652
2536
1596
379
-240
99
996
2056
3214
4453
5267
5051
3959
2763
2056
1545
668
-433
-858
63
1990
4048
5751
7103
7907
7947
7231
6098
5129
4452
3760
3039
2874
3694
5336
6921
7567
7215
6307
5223
3878
2428
1261
912
1306
1961
3125
4893
7111
8889
9272
8418
6857
5097
3396
1578
-189
-1271
-1420
-804
272
1717
3452
4837
5150
4227
2737
1546
731
170
-376
-599
196
1650
3196
4335
4818
4600
3489
1581
-656
-2377
-3243
-3671
-3980
-4095
-3629
-2328
-687
408
600
154
-533
-1399
-2545
-3847
-4964
-5938
-7175
-8728
-9888
-9876
-9056
-8468
-8712
-9400
-9582
-8898
-7790
-6814
-6031
-5074
-3926
-3033
-2561
-2282
-2158
-2697
-4297
-6210
-7335
-7062
-5649
-4289
-3524
-3101
-2630
-2254
-2697
-3925
-5320
-6399
-7147
-7472
-6695
-4547
-1591
1113
2581
2833
2902
3195
2977
2064
776
-196
-89
653
1633
2919
4442
5708
5786
4755
3550
2637
1929
886
-434
-1032
-294
1623
3725
5379
6909
8009
8195
7332
5812
4556
3721
2982
2312
2206
3225
5108
6976
7922
7716
6897
5784
4204
2379
878
168
299
906
2047
3810
5979
7898
8507
7727
6281
4606
2901
1056
-772
-1874
-1997
-1279
39
1669
3533
4986
5397
4778
3445
2222
1323
530
-227
-621
17
1476
3147
4470
5008
4780
3767
1963
-195
-1984
-3101
-3741
-4261
-4520
-3888
-2318
-368
1056
1439
1073
388
-629
-2203
-3903
-5453
-6967
-8450
-9813
-10296
-9511
-8277
-7543
-7767
-8387
-8510
-8156
-7602
-7220
-6903
-6066
-4936
-3814
-2820
-2088
-1645
-2077
-3658
-5396
-6308
-6114
-5228
-4518
-4109
-3716
-3140
-2549
-2702
-3697
-4918
-5923
-6587
-6855
-6142
-4204
-1702
573
1883
2463
3096
3738
3780
2754
1236
270
363
1178
2024
2950
3967
4763
4871
4163
3205
2365
1534
218
-1257
-1821
-966
990
3113
4850
6202
7328
7940
7635
6736
5502
4118
2977
2159
2058
3206
5027
6641
7523
7424
6750
5731
4333
2707
999
-85
-157
494
1991
4110
6350
8091
8623
8073
6808
5170
3463
1529
-434
-1753
-2015
-1258
127
1894
3639
4917
5329
4780
3886
2843
1751
670
-402
-934
-475
848
2368
3714
4608
4594
3722
2190
360
-1307
-2727
-4005
-5152
-5691
-5117
-3379
-1374
40
793
839
395
-439
-1821
-3633
-5584
-7563
-9342
-10480
-10504
-9326
-7800
-6904
-6870
-7220
-7192
-6834
-6699
-6796
-6891
-6492
-5655
-4652
-3505
-2581
-2209
-2616
-3856
-5353
-5968
-5543
-4901
-4570
-4520
-4324
-3793
-3291
-3414
-4228
-5304
-6272
-6839
-6693
-5555
-3589
-1435
262
1213
1683
2201
2822
2882
1996
762
123
441
1394
2596
3601
4305
4715
4422
3645
2844
2151
1382
211
-849
-954
266
2227
4130
5663
6672
7309
7580
7278
6456
5333
4198
3318
2842
3044
4165
5862
7247
7793
7597
6893
5941
4631
2944
1376
357
216
968
2424
4415
6464
7911
8332
7747
6429
4765
2934
907
-858
-1876
-1910
-877
738
2454
3989
4900
4938
4285
3318
2287
1157
120
-558
-567
237
1506
2945
3977
4228
3788
2814
1603
120
-1391
-2711
-3872
-4535
-4563
-3852
-2400
-869
299
927
860
389
-572
-2122
-3962
-6053
-8077
-9545
-10301
-10131
-9160
-7989
-7247
-7204
-7390
-7347
-7218
-7204
-7323
-7227
-6584
-5488
-4215
-3092
-2242
-2043
-2760
-4035
-5172
-5597
-5444
-5082
-4836
-4724
-4322
-3752
-3504
-3776
-4511
-5487
-6324
-6619
-6261
-5165
-3321
-1255
312
1313
2066
2826
3319
3042
2227
1306
889
1244
1970
2825
3568
4253
4555
4186
3477
2692
1881
860
-268
-1057
-804
504
2319
4061
5390
6402
7048
7065
6502
5672
4611
3549
2717
2425
2879
4069
5656
6751
7006
6625
5955
5047
3820
2399
1151
519
579
1505
3156
5010
6741
7730
7723
7074
5964
4709
3224
1474
-15
-897
-884
-134
1097
2578
3736
4334
4355
3797
3126
2539
1760
868
235
244
1026
2302
3517
4347
4549
4030
3076
1725
294
-919
-2155
-3376
-4198
-4180
-3312
-2044
-988
-412
-175
-202
-568
-1414
-2825
-4555
-6267
-8070
-9701
-10550
-10368
-9418
-8453
-8016
-7970
-7755
-7285
-6799
-6580
-6546
-6276
-5659
-4675
-3774
-2952
-2307
-2438
-3253
-4595
-5509
-5450
-4970
-4322
-3855
-3510
-2992
-2617
-2789
-3562
-4745
-5887
-6632
-6889
-6408
-4876
-2635
-536
947
1718
2236
2721
2719
1976
882
190
219
907
1867
2946
4042
4752
4835
4101
3047
2107
1107
58
-964
-1479
-859
698
2527
4104
5345
6266
6625
6356
5604
4694
3845
3103
2570
2475
3191
4543
6015
6897
6919
6453
5597
4454
3099
1710
797
705
1189
2251
3873
5688
7266
7958
7689
6773
5577
4228
2745
1376
305
-6
326
975
2019
3134
4138
4576
4314
3732
3095
2596
2000
1336
828
905
1600
2415
3181
3740
3962
3640
2625
1160
-287
-1372
-2207
-3105
-4001
-4203
-3469
-2366
-1295
-598
-431
-432
-652
-1452
-2697
-4106
-5532
-7134
-8880
-10128
-10316
-9686
-8948
-8459
-8356
-8128
-7480
-6881
-6467
-6258
-5874
-5196
-4573
-3923
-3282
-2755
-2648
-3214
-4348
-5414
-5662
-5188
-4489
-3971
-3703
-3356
-2951
-3040
-3763
-4817
-5756
-6470
-6906
-6632
-5328
-3259
-1094
529
1287
1706
2192
2379
1924
1185
637
598
1202
2090
3105
4131
4861
5007
4388
3210
2236
1518
597
-275
-847
-484
920
2572
4118
5387
6356
6792
6553
5846
5002
4416
3888
3403
3117
3391
4407
5635
6493
6524
5983
5247
4394
3350
2234
1578
1517
1840
2577
3780
5192
6647
7526
7295
6369
5147
3981
2928
1776
834
412
548
1208
2058
3015
3980
4334
4092
3348
2432
1988
1706
1400
1211
1234
1794
2781
3632
4057
3918
3277
2219
789
-547
-1540
-2226
-2792
-3235
-3317
-2952
-2107
-1108
-434
-379
-626
-824
-1277
-2092
-3182
-4568
-6156
-7766
-9156
-10019
-10160
-9743
-9370
-9409
-9459
-9054
-8214
-7293
-6544
-5849
-5056
-4185
-3362
-2761
-2625
-3002
-3798
-4988
-6043
-6351
-5780
-4687
-3727
-3122
-2749
-2543
-2666
-3447
-4830
-6252
-7149
-7340
-6877
-5610
-3602
-1241
782
1814
2294
2593
2625
2369
1536
712
580
1019
1918
2774
3685
4603
4918
4669
3837
2714
1805
973
90
-626
-717
294
2078
3820
5173
6225
7066
7383
6840
5748
4672
3909
3396
3036
3138
3953
5189
6359
6836
6568
6039
5239
4321
3169
1978
1593
2009
2831
3864
5056
6352
7382
7597
6833
5521
4253
2972
1552
348
-304
-53
811
1773
2731
3565
4215
4434
3904
2835
1755
923
464
314
353
854
1915
3072
3697
3565
2976
2100
770
-919
-2456
-3441
-3789
-3665
-3479
-3165
-2365
-1341
-577
-533
-994
-1271
-1445
-1803
-2512
-3424
-4237
-5162
-6403
-7908
-9197
-9785
-9946
-10137
-10502
-10540
-9811
-8373
-6902
-5868
-4769
-3560
-2567
-2137
-2299
-2680
-3222
-4026
-5114
-5986
-5853
-4691
-3187
-1975
-1388
-1253
-1403
-2072
-3519
-5372
-6807
-7465
-7420
-6657
-5053
-2759
-190
1699
2462
2554
2419
2294
1821
922
248
279
939
1925
2830
3769
4780
5147
4696
3527
2304
1459
637
-95
-615
-344
972
2582
4120
5482
6572
7075
6701
5790
4672
3918
3613
3260
2997
3258
4309
5761
6768
6992
6618
5899
5040
4002
3002
2404
2427
2941
3628
4517
5703
7039
7706
7207
5948
4391
2983
1741
491
-363
-546
-109
781
1714
2564
3511
4165
3937
2903
1618
692
265
73
-79
93
949
2098
3130
3743
3630
2978
1802
149
-1495
-2730
-3244
-3153
-2982
-2875
-2489
-1716
-964
-748
-1178
-1753
-2045
-1929
-1780
-1843
-1929
-2245
-3087
-4690
-6725
-8530
-9717
-10434
-11251
-11877
-11595
-10379
-8522
-6547
-4972
-3656
-2640
-2120
-2148
-2743
-3473
-4262
-5256
-6254
-6673
-5927
-4261
-2358
-1087
-722
-933
-1637
-2770
-4459
-6430
-7903
-8460
-8054
-6758
-4592
-1886
736
2624
3276
3161
2801
2365
1824
1012
447
415
1028
2187
3337
4400
5246
5382
4751
3700
2600
1710
947
277
-121
192
1404
3003
4592
5925
6780
7004
6634
5757
4780
4020
3284
2780
2589
2989
4040
5064
5908
6218
5870
5284
4404
3478
2674
2164
2193
2549
3179
4063
5170
6254
6763
6418
5481
4308
3040
1813
728
3
-54
376
972
1792
2782
3682
4049
3693
2826
1763
943
417
74
-18
306
1123
2223
3166
3648
3643
3077
2047
588
-1014
-2261
-2857
-2986
-2984
-2758
-2388
-1864
-1383
-1313
-1623
-2024
-2303
-2427
-2414
-2393
-2399
-2603
-3293
-4695
-6571
-8394
-9871
-10890
-11703
-12304
-12110
-11044
-9301
-7241
-5449
-3887
-2672
-1946
-1697
-2150
-2970
-3985
-5076
-6056
-6678
-6205
-4795
-2970
-1408
-669
-426
-795
-1843
-3387
-5323
-6972
-7713
-7511
-6504
-4672
-2219
405
2473
3473
3671
3333
2783
2065
1048
373
356
913
1949
3100
4270
5190
5453
5044
4101
2930
1753
738
-39
-388
62
1155
2719
4460
5832
6665
6863
6457
5621
4652
3734
3040
2710
2654
3154
4144
5176
5932
6085
5857
5406
4475
3365
2503
2044
2123
2546
3277
4442
5685
6634
6997
6525
5551
4298
2820
1387
202
-299
-61
638
1538
2290
3038
3577
3655
3180
2193
1346
691
154
-11
73
538
1407
2126
2509
2600
2587
2314
1360
145
-987
-1945
-2435
-2601
-2649
-2459
-2102
-1798
-1683
-1965
-2411
-2580
-2544
-2325
-1953
-1420
-873
-598
-773
-1813
-3571
-5901
-8598
-11019
-12706
-13400
-13309
-12444
-10832
-8640
-6131
-3857
-2113
-1323
-1364
-2051
-3302
-4652
-5912
-6710
-6985
-6833
-5893
-4276
-2531
-1044
-307
-510
-1449
-2978
-4821
-6554
-7651
-7923
-7349
-5920
-3873
-1555
873
2906
3923
3919
3103
2168
1396
620
181
316
1007
2080
3349
4546
5379
5716
5328
4201
2862
1748
971
638
613
970
1892
3160
4581
5744
6289
6373
6062
5341
4387
3538
3017
2841
2916
3135
3547
4176
4873
5268
5184
4687
4050
3619
3292
3204
3515
3988
4677
5461
6164
6646
6635
6098
5145
3838
2358
1192
597
502
656
1049
1793
2644
3375
3690
3621
3186
2386
1621
1008
623
586
912
1500
2057
2561
3018
3179
2919
2147
1020
-180
-1255
-2057
-2631
-2846
-2680
-2430
-2304
-2319
-2487
-2799
-3201
-3530
-3608
-3424
-2808
-1891
-1022
-554
-853
-1839
-3621
-6185
-9020
-11552
-13262
-14031
-13762
-12603
-10873
-8617
-6210
-4193
-2780
-2194
-2485
-3375
-4615
-5837
-6790
-7261
-7166
-6693
-5747
-4292
-2703
-1397
-673
-825
-1688
-2937
-4390
-5599
-6340
-6432
-5714
-4535
-2970
-1026
928
2490
3247
3284
2792
1995
1367
921
720
983
1510
2325
3338
4306
5115
5472
5284
4483
3431
2593
1998
1738
1803
2089
2809
3849
4770
5586
6105
6197
5950
5320
4609
4030
3612
3409
3279
3191
3225
3463
3945
4342
4446
4500
4556
4513
4507
4465
4548
4834
4952
5021
5134
5221
5216
4921
4266
3414
2596
1893
1408
1116
1030
1261
1622
1848
2015
2094
1980
1795
1468
1126
891
765
865
983
1086
1420
1660
1612
1516
1315
879
312
-320
-1034
-1613
-2050
-2307
-2364
-2434
-2464
-2541
-2777
-3138
-3498
-3606
-3439
-3129
-2510
-1722
-967
-418
-504
-1194
-2797
-5272
-7938
-10536
-12533
-13462
-13340
-12400
-10898
-8918
-6617
-4386
-2714
-1943
-2029
-2762
-3915
-5052
-5905
-6460
-6644
-6282
-5475
-4440
-3247
-2142
-1362
-1288
-1910
-2850
-3979
-4946
-5469
-5562
-5211
-4341
-3050
-1644
-119
1353
2361
2713
2505
2102
1716
1537
1583
1757
2059
2629
3416
4260
5011
5422
5435
4924
4126
3397
2983
2782
2662
2744
2917
3375
4012
4661
5202
5446
5454
5231
4980
4743
4564
4471
4227
3753
3262
3087
3210
3440
3727
3919
4077
4345
4663
5025
5343
5556
5610
5507
5292
5082
4848
4308
3507
2612
1788
1196
904
929
1025
1120
1254
1382
1430
1405
1335
998
711
576
445
478
648
891
1023
1119
1185
1191
1118
835
538
143
-391
-768
-1080
-1487
-1848
-2136
-2297
-2373
-2555
-2863
-3195
-3501
-3783
-3837
-3566
-2917
-2038
-1310
-810
-628
-995
-1973
-3726
-6250
-8866
-11063
-12497
-12957
-12505
-11356
-9670
-7552
-5490
-3724
-2446
-2057
-2465
-3450
-4665
-5672
-6337
-6439
-6148
-5633
-4733
-3633
-2427
-1511
-1157
-1282
-1959
-2855
-3681
-4275
-4601
-4603
-4176
-3537
-2593
-1380
-84
1111
1927
2278
2298
2319
2350
2429
2601
2733
3003
3386
3819
4390
4878
5127
5075
4689
4224
3904
3681
3537
3382
3244
3369
3553
3812
4192
4495
4695
4817
4918
4928
4944
4872
4696
4368
3752
3212
2847
2686
2690
2816
3291
3961
4626
5193
5470
5710
5817
5569
5132
4588
4102
3647
3175
2696
2229
1897
1537
1125
841
641
656
800
853
883
1008
1209
1241
1168
1123
1126
1145
1004
835
753
766
832
793
621
334
63
-87
-251
-566
-1000
-1523
-2091
-2511
-2745
-2992
-3215
-3426
-3703
-3900
-3833
-3369
-2796
-2279
-1666
-1199
-797
-628
-1198
-2540
-4545
-6897
-9496
-11701
-12867
-13078
-12289
-10865
-9134
-7068
-4867
-3004
-1921
-1846
-2595
-3712
-4883
-5754
-6253
-6306
-5801
-5051
-4177
-3130
-1969
-952
-499
-738
-1422
-2234
-2888
-3363
-3763
-3960
-3772
-3231
-2427
-1278
-95
1028
1958
2250
2267
2316
2509
2796
2815
2698
2825
3246
3867
4472
4852
5073
5243
5178
4900
4702
4467
4264
3985
3565
3246
3062
3261
3587
3851
4174
4656
5200
5466
5416
5168
4714
3918
3063
2345
1863
2004
2611
3339
4241
5215
6098
6752
6902
6549
5929
5241
4551
3815
3238
2992
2854
2728
2630
2408
2064
1746
1329
857
615
388
200
255
378
570
879
1111
1240
1258
1039
828
607
395
207
-20
-28
11
196
357
203
-89
-619
-1315
-2096
-2886
-3388
-3639
-3880
-4063
-4111
-3997
-3770
-3400
-2852
-2380
-1986
-1561
-1244
-1152
-1549
-2508
-4095
-6309
-8629
-10692
-12024
-12378
-12080
-11188
-9760
-7866
-5730
-3884
-2546
-2104
-2512
-3312
-4260
-5103
-5701
-5785
-5601
-5203
-4444
-3349
-1977
-912
-346
-358
-915
-1603
-2372
-3167
-3852
-4327
-4337
-3906
-2975
-1665
-333
976
1880
2268
2428
2540
2636
2675
2660
2692
2940
3313
3873
4457
4909
5329
5413
5169
4851
4564
4362
4083
3726
3367
3244
3350
3519
3806
4064
4507
5007
5388
5756
5915
5817
5430
4749
3941
3195
2650
2246
2103
2317
2801
3702
4665
5355
5783
5889
5687
5309
4750
4001
3435
2960
2497
2183
1909
1710
1581
1206
673
315
72
89
216
326
634
957
1236
1417
1365
1212
926
528
104
-231
-376
-262
57
297
567
846
952
810
261
-519
-1446
-2415
-3170
-3782
-4131
-4152
-4030
-3838
-3548
-3102
-2534
-1933
-1410
-994
-723
-663
-881
-1685
-3194
-5077
-7312
-9557
-11288
-12345
-12424
-11769
-10512
-8769
-6779
-4691
-3011
-1969
-1890
-2505
-3298
-4216
-4985
-5612
-6023
-5960
-5411
-4454
-3232
-1991
-970
-436
-535
-1068
-1871
-2729
-3495
-4132
-4396
-4119
-3366
-2129
-660
694
1826
2524
2837
2898
2748
2537
2373
2245
2212
2493
3145
3943
4669
5230
5476
5371
4943
4365
3815
3356
3060
2819
2671
2859
3317
3904
4509
4871
5111
5311
5503
5672
5571
5369
5042
4437
3803
3253
2872
2684
2631
2819
3270
3960
4703
5303
5622
5470
5023
4675
4311
3824
3425
3076
2720
2339
1969
1606
1240
815
315
22
-34
-1
269
700
918
964
1019
1028
945
718
342
-142
-636
-943
-980
-890
-665
-149
331
584
812
812
455
-276
-1341
-2381
-3281
-3887
-4050
-4017
-3823
-3471
-3050
-2501
-1864
-1241
-733
-448
-352
-444
-907
-1883
-3451
-5496
-7794
-9993
-11588
-12301
-12081
-11139
-9707
-7965
-6103
-4200
-2736
-2115
-2154
-2815
-3853
-4755
-5449
-5829
-5735
-5397
-4783
-3742
-2445
-1128
-266
23
-296
-1051
-1807
-2670
-3456
-4066
-4273
-3878
-3106
-1805
-192
1301
2388
2919
3139
3148
3026
2878
2699
2527
2419
2609
3172
3929
4730
5396
5784
5728
5399
5050
4612
4098
3457
2838
2470
2495
2907
3478
4046
4507
4861
5087
5241
5337
5159
4754
4088
3293
2714
2331
2227
2351
2533
2776
3293
3994
4591
5002
5082
4884
4535
4111
3679
3399
3146
2805
2345
1766
1338
955
597
154
-289
-386
-229
86
476
887
1141
1152
998
848
739
525
207
-231
-578
-692
-591
-242
146
448
738
820
692
448
-167
-1049
-2013
-3028
-3832
-4156
-4000
-3649
-3270
-2911
-2593
-2212
-1744
-1257
-878
-820
-937
-1066
-1491
-2336
-3801
-5795
-7952
-9924
-11330
-11906
-11545
-10605
-9234
-7562
-5697
-3873
-2534
-1887
-2110
-2740
-3508
-4448
-5017
-5189
-5130
-4778
-4143
-3182
-2098
-1062
-275
-93
-518
-1275
-2136
-2856
-3443
-3860
-3826
-3393
-2453
-1112
206
1530
2474
2816
2869
2653
2509
2501
2412
2390
2490
2915
3592
4405
5175
5527
5536
5322
5023
4595
4204
3771
3132
2642
2381
2577
3191
3882
4483
4898
5258
5580
5817
5872
5572
4970
4221
3540
2989
2664
2625
2687
2843
3026
3354
3894
4397
4720
4651
4404
4101
3744
3488
3249
2922
2484
2019
1541
1154
763
400
51
-421
-736
-718
-380
78
459
673
758
726
607
488
211
-88
-424
-743
-757
-623
-241
278
632
777
681
516
168
-467
-1291
-2353
-3354
-3979
-4076
-3790
-3421
-2979
-2575
-2195
-1684
-1158
-768
-477
-400
-638
-1099
-1740
-2765
-4272
-6112
-8186
-9983
-11102
-11420
-10853
-9712
-8263
-6629
-4876
-3208
-2140
-1750
-1927
-2783
-3814
-4639
-5232
-5409
-5292
-4775
-3966
-2964
-1716
-676
-20
21
-519
-1308
-2307
-3181
-3802
-4097
-3966
-3443
-2472
-1135
270
1462
2360
2698
2592
2375
2165
2099
2053
2088
2372
2828
3483
4266
4946
5479
5604
5406
5072
4557
4131
3684
3082
2581
2422
2565
2965
3503
4006
4426
4710
5006
5158
5097
4937
4554
3994
3375
2882
2613
2466
2498
2664
2971
3514
4176
4787
5075
5014
4742
4325
3847
3439
3046
2608
2233
1908
1596
1316
1106
858
451
32
-197
-194
-75
131
457
685
735
698
699
676
529
362
123
-120
-162
15
320
567
679
681
575
426
-46
-804
-1701
-2699
-3401
-3859
-3999
-3738
-3410
-3033
-2728
-2411
-1972
-1632
-1262
-970
-882
-909
-1132
-1708
-2769
-4209
-6108
-8255
-10063
-11247
-11568
-11079
-10046
-8577
-6840
-5124
-3580
-2442
-2011
-2247
-2969
-3834
-4584
-5130
-5323
-5221
-4774
-3989
-3090
-2093
-1110
-436
-295
-666
-1341
-2172
-2932
-3524
-3886
-3770
-3205
-2284
-988
382
1609
2639
3188
3191
2908
2627
2442
2330
2308
2418
2892
3601
4367
5158
5726
5909
5694
5295
4832
4280
3728
3110
2496
2266
2433
2913
3524
4181
4893
5297
5571
5683
5469
5062
4452
3788
3027
2377
2120
2190
2358
2645
3174
3644
4180
4663
4639
4391
4028
3543
3122
2758
2509
2534
2510
2237
1942
1610
1301
945
437
-46
-282
-193
68
329
476
524
577
546
350
137
-25
-282
-666
-939
-985
-627
-134
122
512
771
732
638
209
-611
-1702
-2776
-3647
-4291
-4436
-4261
-3871
-3281
-2860
-2450
-1947
-1455
-1094
-940
-792
-801
-1087
-1723
-2987
-4669
-6533
-8498
-10174
-11184
-11341
-10751
-9562
-7943
-6215
-4542
-2995
-2040
-1871
-2136
-2712
-3503
-4301
-4829
-5026
-4866
-4258
-3454
-2500
-1438
-538
81
132
-416
-1222
-2076
-2834
-3511
-3884
-3715
-3043
-1929
-588
871
2124
3027
3486
3406
3208
2978
2733
2461
2222
2231
2683
3500
4218
4902
5448
5647
5654
5427
4936
4303
3699
3130
2701
2459
2628
3216
3725
4186
4596
4967
5240
5188
4869
4339
3818
3217
2610
2357
2286
2483
2868
3216
3723
4284
4752
4924
4733
4342
3854
3432
3040
2809
2708
2588
2455
2178
1920
1583
1009
417
-138
-524
-645
-440
-91
181
433
489
430
410
109
-251
-486
-757
-1039
-1246
-1100
-722
-297
110
446
653
691
498
22
-753
-1776
-2694
-3441
-3827
-3775
-3362
-2785
-2351
-1985
-1729
-1503
-1351
-1286
-1258
-1341
-1557
-1877
-2358
-3309
-4710
-6409
-8222
-9753
-10634
-10690
-10114
-9113
-7826
-6369
-4854
-3597
-2756
-2445
-2692
-3326
-4094
-4660
-4932
-4927
-4647
-4145
-3418
-2407
-1335
-455
66
1
-608
-1486
-2386
-3239
-3888
-4026
-3704
-3030
-2046
-817
662
1966
2797
3203
3201
3053
2972
2864
2768
2821
3008
3369
3914
4561
5237
5829
6076
5813
5307
4794
4206
3579
3038
2599
2450
2665
3216
4032
4822
5424
5781
5833
5637
5220
4723
4164
3454
2865
2471
2341
2538
2760
3005
3340
3703
3982
4063
4034
3954
3748
3479
3299
3200
3141
3024
2756
2380
1811
1141
542
-27
-415
-685
-762
-574
-233
270
713
1036
1083
861
560
152
-284
-764
-1195
-1428
-1380
-1080
-710
-289
172
458
427
221
-326
-1174
-2036
-2975
-3736
-4076
-3983
-3549
-3061
-2583
-2109
-1683
-1300
-1057
-953
-944
-1064
-1350
-1904
-2795
-4036
-5629
-7485
-9311
-10590
-11023
-10779
-10019
-8858
-7358
-5570
-3898
-2669
-1983
-1912
-2352
-2999
-3799
-4598
-4873
-4863
-4629
-4073
-3292
-2053
-820
69
452
254
-271
-1038
-1941
-2861
-3499
-3795
-3653
-2909
-1755
-296
1172
2381
3118
3253
3139
3043
2982
2781
2530
2501
2693
3248
3983
4645
5272
5650
5695
5403
4993
4633
4142
3479
2849
2464
2394
2778
3441
4141
4723
5119
5376
5403
5326
5074
4576
3979
3185
2468
2196
2389
2761
3011
3173
3425
3825
4084
4210
4186
3918
3586
3332
3196
3098
3002
2838
2487
1853
1246
714
129
-405
-1021
-1439
-1477
-1224
-772
-247
242
523
724
698
515
317
-94
-509
-976
-1401
-1419
-1119
-689
-218
146
330
287
-31
-541
-1196
-1935
-2793
-3489
-3856
-3975
-3718
-3217
-2746
-2398
-2003
-1528
-1062
-647
-414
-345
-529
-1129
-2115
-3403
-4975
-6899
-8918
-10464
-11180
-11104
-10340
-9107
-7504
-5680
-3990
-2593
-1777
-1516
-1807
-2489
-3193
-4002
-4541
-4652
-4418
-3881
-3095
-1991
-787
175
672
763
354
-397
-1255
-2198
-3019
-3496
-3367
-2691
-1654
-276
1226
2552
3492
3796
3630
3409
3116
2728
2409
2291
2526
3142
3885
4693
5364
5736
5841
5537
5058
4479
3727
2943
2264
1840
1821
2248
2979
3682
4203
4677
4992
5109
4911
4394
3812
3030
2251
1696
1463
1622
1874
2200
2566
2961
3443
3896
4115
3990
3625
3243
3051
2849
2657
2564
2321
1994
1612
1164
671
103
-407
-874
-1175
-1021
-599
-163
391
892
1156
1234
1205
1062
699
411
27
-466
-617
-602
-280
213
442
560
539
363
113
-315
-1046
-1905
-2662
-3290
-3561
-3479
-3216
-2888
-2698
-2492
-2037
-1489
-1057
-705
-540
-588
-878
-1519
-2535
-3988
-5664
-7491
-9297
-10551
-11011
-10723
-9843
-8655
-7246
-5659
-4139
-2894
-2176
-1978
-2285
-2909
-3538
-4090
-4409
-4395
-4106
-3664
-2969
-2030
-983
-105
285
240
-212
-896
-1560
-2188
-2621
-2717
-2459
-1777
-802
380
1583
2629
3301
3344
3145
2899
2601
2369
2211
2258
2613
3220
3934
4649
5260
5627
5572
5089
4459
3839
3292
2797
2209
1765
1816
2330
3140
3969
4636
5229
5534
5451
5191
4686
3982
3094
2148
1492
1261
1469
1952
2475
2897
3273
3606
3883
3978
3720
3328
2948
2630
2493
2576
2744
2812
2627
2184
1657
1044
387
-218
-807
-1316
-1400
-972
-367
408
1148
1671
1906
1594
1107
485
-254
-999
-1724
-2090
-2081
-1625
-897
-139
481
781
746
308
-438
-1227
-2129
-3054
-3592
-3761
-3526
-3034
-2500
-2033
-1767
-1488
-1154
-869
-564
-324
-284
-509
-1200
-2215
-3476
-5053
-6760
-8432
-9674
-10136
-9851
-9068
-7993
-6707
-5309
-3873
-2684
-2049
-1808
-1958
-2426
-2994
-3625
-3948
-4006
-3892
-3500
-3000
-2149
-1183
-497
-70
-178
-612
-1271
-2098
-2767
-3326
-3468
-3232
-2773
-1827
-593
750
1907
2633
3073
3147
3000
2770
2454
2249
2212
2432
2975
3699
4479
5169
5537
5486
5134
4669
4139
3615
3047
2473
2248
2278
2599
3211
3836
4488
4968
5192
5231
4981
4476
3783
2914
1975
1346
1204
1422
1948
2593
3120
3528
3893
4120
4030
3624
3235
2800
2403
2302
2314
2425
2420
2090
1693
1257
686
136
-414
-883
-1131
-1071
-680
-21
780
1431
1863
1934
1702
1319
684
-185
-1003
-1647
-2005
-1769
-1071
-156
644
1121
1281
1041
488
-299
-1213
-2147
-2980
-3425
-3451
-3085
-2484
-2045
-1819
-1707
-1631
-1580
-1432
-1267
-1217
-1260
-1459
-1732
-2303
-3221
-4476
-6138
-7773
-9074
-9808
-9874
-9395
-8550
-7486
-6170
-4794
-3578
-2747
-2423
-2534
-2975
-3505
-3977
-4190
-4231
-4124
-3756
-3240
-2325
-1246
-367
199
194
-149
-725
-1464
-2075
-2611
-3044
-3053
-2537
-1685
-531
865
2111
2952
3296
3309
3259
3036
2699
2451
2410
2623
3051
3791
4625
5272
5546
5512
5295
4793
4234
3688
3127
2621
2256
2315
2673
3182
3908
4529
4922
5170
5207
4982
4458
3745
2874
2031
1515
1318
1489
1959
2463
2889
3225
3603
3777
3708
3583
3224
2907
2789
2807
2858
2796
2658
2267
1776
1232
548
8
-595
-1046
-1164
-1174
-725
-79
488
1079
1407
1601
1590
1099
488
-179
-901
-1421
-1683
-1537
-990
-341
180
580
788
661
273
-312
-1086
-1918
-2630
-3112
-3298
-3233
-2985
-2631
-2416
-2276
-2004
-1673
-1269
-921
-793
-864
-1193
-1769
-2659
-4028
-5555
-7110
-8560
-9436
-9691
-9318
-8491
-7505
-6350
-5047
-3830
-2923
-2527
-2575
-2969
-3595
-4088
-4369
-4396
-4234
-3822
-3148
-2350
-1373
-447
157
306
82
-452
-1150
-1852
-2531
-3065
-3397
-3277
-2602
-1489
-189
1114
2315
3097
3404
3407
3198
2871
2496
2122
1983
2246
2938
3821
4583
5204
5531
5478
5160
4714
4150
3452
2721
2013
1616
1686
2121
2866
3729
4508
5089
5467
5607
5469
4866
3876
2838
1947
1443
1306
1647
2273
2911
3573
4109
4575
4821
4759
4429
3842
3385
3143
3018
2992
2917
2792
2505
2129
1720
1072
361
-343
-1040
-1484
-1552
-1280
-735
-13
659
1039
1273
1372
1101
487
-354
-1156
-1773
-2038
-1819
-1265
-629
-37
434
631
627
348
-339
-1286
-2220
-2884
-3273
-3532
-3478
-3132
-2836
-2518
-2162
-1801
-1366
-1067
-960
-1094
-1555
-2134
-2875
-4067
-5482
-6833
-8094
-9018
-9388
-9145
-8348
-7403
-6453
-5317
-4219
-3291
-2693
-2526
-2694
-3054
-3353
-3606
-3710
-3740
-3607
-3218
-2752
-2063
-1223
-493
-82
-76
-399
-947
-1538
-2178
-2814
-3178
-3132
-2701
-1800
-599
547
1701
2565
3015
3196
3043
2869
2640
2316
2239
2445
2842
3466
4163
4581
4816
4884
4736
4427
3852
3267
2694
2127
1825
1784
2106
2820
3612
4275
4782
5118
5169
4912
4415
3664
2836
2141
1727
1653
1938
2419
2889
3381
3711
3886
3975
3826
3507
3180
2886
2744
2754
2817
2891
2811
2596
2280
1842
1339
779
107
-501
-923
-1067
-780
-280
346
895
1341
1709
1723
1516
980
117
-741
-1510
-1925
-1904
-1537
-838
-172
297
675
876
680
142
-644
-1548
-2330
-2950
-3218
-3235
-3075
-2798
-2593
-2268
-1804
-1271
-917
-768
-854
-1338
-1954
-2851
-4182
-5712
-7167
-8359
-9125
-9383
-9076
-8225
-7144
-6023
-4894
-3796
-2831
-2298
-2166
-2384
-2912
-3340
-3726
-3973
-3907
-3717
-3301
-2574
-1689
-859
-164
265
192
-420
-1219
-1908
-2528
-3052
-3288
-3092
-2400
-1382
-286
868
1862
2392
2553
2472
2228
2082
2055
2022
2139
2461
3017
3687
4314
4723
4731
4612
4208
3623
3237
2856
2451
2055
1867
1956
2255
2773
3258
3663
3977
4243
4456
4357
4118
3749
3200
2729
2315
2162
2295
2453
2622
2855
3095
3337
3611
3770
3864
3815
3753
3682
3421
3248
3001
2610
2089
1403
887
568
236
-71
-258
-377
-341
-61
285
687
1056
1148
1152
1124
896
599
87
-540
-969
-1197
-1098
-880
-513
-84
216
460
545
471
65
-615
-1421
-2134
-2607
-2975
-3070
-2950
-2704
-2301
-1848
-1324
-819
-587
-634
-960
-1757
-2812
-3959
-5335
-6576
-7624
-8480
-8765
-8564
-7928
-7025
-6050
-4967
-3953
-3151
-2670
-2560
-2628
-2936
-3483
-3926
-4254
-4327
-4121
-3742
-3053
-2176
-1294
-547
-28
137
-150
-729
-1516
-2348
-2918
-3216
-3195
-2707
-1928
-1006
17
949
1600
1954
2048
2001
1959
1962
2101
2408
2836
3346
3935
4395
4593
4669
4427
3890
3378
2918
2550
2288
2095
2081
2216
2509
2826
3115
3389
3411
3412
3387
3365
3455
3355
3247
3131
3010
3035
3003
2966
2933
2852
2805
2811
2837
2872
2972
3028
3043
3070
3140
3177
3027
2756
2246
1597
1020
572
240
-1
-61
16
378
842
1311
1731
1895
1847
1589
1211
836
554
258
65
-107
-131
96
318
589
666
663
613
375
94
-250
-631
-1071
-1608
-2106
-2366
-2350
-2209
-2063
-1892
-1712
-1486
-1234
-1089
-1196
-1590
-2261
-3191
-4306
-5453
-6396
-7244
-7952
-8319
-8335
-7939
-7173
-6174
-5204
-4381
-3603
-2986
-2702
-2625
-2814
-3258
-3808
-4304
-4402
-4151
-3649
-2947
-2189
-1449
-873
-550
-434
-663
-1397
-2231
-2943
-3491
-3561
-3114
-2314
-1355
-287
802
1678
2250
2436
2192
1753
1334
1122
1298
1723
2374
3247
4027
4482
4699
4579
4106
3361
2359
1429
732
555
742
1182
2000
2728
3373
3904
4126
4144
3920
3535
3161
2843
2703
2876
3285
3685
3983
4145
4109
4010
3728
3208
2753
2383
2144
2189
2431
2841
3308
3663
3812
3777
3551
2932
2219
1511
724
217
51
167
571
1141
1785
2293
2496
2418
1967
1302
538
-182
-664
-1012
-941
-476
56
666
1192
1475
1459
1180
658
-62
-784
-1441
-1927
-2250
-2371
-2255
-2084
-1925
-1718
-1598
-1553
-1534
-1655
-1721
-1888
-2159
-2499
-2974
-3528
-4201
-4827
-5603
-6408
-7056
-7510
-7630
-7416
-6818
-6036
-5048
-3944
-3056
-2389
-1924
-1803
-2076
-2741
-3527
-4110
-4472
-4394
-3947
-3242
-2387
-1529
-743
-413
-483
-977
-1833
-2884
-3919
-4468
-4472
-3934
-3004
-1761
-402
882
1968
2447
2435
2124
1580
1154
995
1143
1755
2598
3455
4287
4803
4963
4685
3886
2882
1786
776
223
179
555
1326
2256
3244
4131
4579
4640
4375
3809
3049
2352
2024
1999
2251
2896
3641
4296
4893
5172
5059
4568
3691
2689
1851
1339
1222
1459
1998
2659
3224
3671
3854
3613
2961
2076
1141
430
105
96
452
1048
1794
2527
3066
3290
3074
2440
1499
525
-264
-733
-863
-677
-158
596
1395
2052
2247
1987
1384
439
-582
-1556
-2228
-2572
-2744
-2567
-2133
-1645
-1240
-972
-940
-1271
-1764
-2229
-2594
-2940
-3226
-3395
-3602
-3837
-4156
-4586
-5050
-5645
-6353
-6939
-7332
-7348
-6888
-6198
-5356
-4457
-3516
-2617
-2052
-1848
-1990
-2517
-3200
-3790
-4140
-4157
-3869
-3354
-2552
-1719
-1052
-584
-582
-1064
-1898
-2901
-3901
-4525
-4613
-4262
-3421
-2314
-1065
245
1368
2075
2288
2171
1835
1439
1206
1313
1739
2376
3179
3804
4211
4482
4361
3850
3098
2205
1367
789
620
896
1492
2291
3101
3780
4227
4416
4343
3855
3350
2894
2507
2504
2764
3362
4058
4709
5217
5427
5388
4921
4117
3133
2248
1654
1365
1536
1967
2504
3065
3348
3400
3228
2723
1991
1177
567
279
275
551
1081
1879
2606
3015
3076
2826
2343
1501
705
-18
-551
-544
-392
11
585
1077
1497
1611
1302
680
-87
-989
-1851
-2519
-2936
-3060
-2947
-2565
-2213
-1980
-1747
-1790
-2057
-2433
-2808
-3063
-3240
-3317
-3259
-3148
-3192
-3329
-3607
-4128
-4825
-5554
-6140
-6648
-6867
-6613
-6104
-5424
-4583
-3678
-2967
-2517
-2340
-2536
-2926
-3439
-3839
-4043
-4051
-3716
-3212
-2485
-1768
-1132
-602
-591
-798
-1171
-1852
-2450
-2976
-3311
-3265
-2973
-2385
-1713
-972
-255
320
935
1396
1625
1769
2001
2250
2445
2647
2802
2967
3030
3017
2975
2664
2345
2120
1863
1820
1904
2170
2501
2795
3197
3444
3644
3753
3502
3087
2727
2508
2381
2439
2748
3270
3910
4503
5083
5361
5267
4992
4446
3787
3159
2665
2470
2535
2764
3120
3455
3758
3825
3604
3211
2508
1872
1282
814
671
585
877
1357
1753
2134
2316
2241
1876
1316
714
296
-55
-349
-297
44
435
880
1329
1548
1464
939
133
-801
-1819
-2729
-3481
-3972
-4127
-3906
-3323
-2733
-2322
-2034
-2105
-2473
-2895
-3350
-3756
-4025
-4045
-3744
-3252
-2716
-2332
-2178
-2321
-2794
-3382
-4130
-4872
-5333
-5565
-5541
-5296
-4887
-4344
-3872
-3601
-3562
-3733
-4033
-4353
-4540
-4593
-4470
-4149
-3727
-3148
-2410
-1837
-1478
-1158
-994
-1122
-1340
-1460
-1543
-1518
-1447
-1312
-1060
-810
-481
-221
-1
240
357
552
816
1144
1512
1822
2075
2264
2419
2490
2504
2440
2369
2345
2392
2573
2945
3329
3681
4118
4384
4503
4505
4369
4091
3713
3458
3222
3045
3148
3405
3624
3883
4085
4163
4095
3895
3645
3245
2964
2905
2860
2898
2986
3163
3360
3406
3387
3260
3014
2696
2368
2080
1789
1644
1700
1744
1810
1918
1970
1894
1617
1257
828
427
66
-279
-445
-498
-387
-190
-26
196
231
59
-216
-678
-1113
-1506
-1951
-2323
-2531
-2534
-2519
-2582
-2525
-2550
-2724
-2915
-3182
-3358
-3603
-3837
-3879
-3861
-3668
-3386
-3036
-2681
-2477
-2368
-2570
-2976
-3444
-3970
-4343
-4662
-4854
-4727
-4414
-4020
-3484
-3120
-2937
-2835
-3051
-3419
-3764
-4027
-4237
-4293
-4196
-4077
-3695
-3034
-2412
-1876
-1436
-1107
-789
-574
-531
-548
-524
-528
-494
-414
-374
-226
17
194
197
210
415
697
989
1307
1577
1751
1928
2003
1924
1715
1402
1159
1103
1268
1698
2341
3001
3685
4302
4630
4846
4779
4369
3973
3494
3217
3219
3287
3583
3939
4306
4607
4794
4853
4654
4259
3759
3267
2866
2579
2500
2647
2958
3414
3730
3923
4060
4002
3899
3574
3123
2774
2421
2220
2150
2178
2290
2288
2206
2045
1792
1387
816
325
-177
-629
-908
-1115
-1103
-1103
-1182
-1164
-1225
-1303
-1480
-1841
-2201
-2515
-2710
-2836
-2852
-2723
-2696
-2681
-2709
-2848
-3012
-3306
-3576
-3796
-3994
-4094
-4087
-3892
-3664
-3535
-3408
-3438
-3633
-3716
-3781
-3959
-4086
-4064
-3974
-3879
-3734
-3566
-3560
-3460
-3307
-3365
-3373
-3400
-3448
-3367
-3319
-3221
-3015
-2841
-2611
-2406
-2175
-1980
-1979
-1907
-1720
-1599
-1532
-1365
-1129
-868
-560
-199
120
455
698
751
869
799
689
740
677
667
913
1283
1569
1860
2243
2637
2762
2756
2846
2694
2455
2379
2338
2371
2590
2976
3342
3665
4040
4292
4341
4261
4049
3895
3717
3435
3296
3204
3240
3365
3388
3537
3660
3679
3706
3562
3465
3470
3392
3245
3080
3019
2966
2856
2740
2676
2527
2293
2196
2079
1931
1884
1873
1763
1730
1628
1384
1202
916
647
376
77
-131
-276
-382
-403
-425
-532
-685
-872
-1027
-1311
-1675
-1978
-2265
-2553
-2737
-2847
-2893
-2860
-2894
-2821
-2766
-2821
-2897
-3107
-3392
-3692
-3851
-3937
-3945
-3809
-3681
-3428
-3197
-3083
-3020
-3080
-3163
-3326
-3648
-3916
-4001
-4084
-4058
-3949
-3857
-3663
-3552
-3392
-3249
-3182
-2968
-2826
-2629
-2451
-2371
-2193
-2104
-2074
-1979
-1864
-1760
-1591
-1378
-1165
-993
-887
-630
-446
-310
-27
91
236
385
454
576
559
560
632
680
796
1083
1398
1715
2078
2321
2516
2776
2933
2842
2821
2796
2754
2806
2814
2964
3121
3281
3403
3520
3769
3914
4042
4046
3945
3871
3754
3571
3367
3332
3354
3437
3558
3591
3715
3837
3765
3688
3615
3453
3292
3196
3148
3033
2969
2932
2839
2667
2410
2206
1931
1657
1468
1322
1242
1098
949
868
762
547
356
152
-170
-434
-605
-806
-992
-1071
-1143
-1199
-1282
-1399
-1539
-1753
-1987
-2270
-2634
-2889
-3088
-3340
-3348
-3353
-3381
-3306
-3322
-3306
-3266
-3282
-3412
-3506
-3588
-3737
-3829
-3867
-3832
-3823
-3709
-3565
-3527
-3383
-3183
-3105
-3114
-3106
-3191
-3317
-3304
-3245
-3231
-3123
-3024
-2936
-2673
-2439
-2238
-2071
-1990
-1856
-1755
-1727
-1668
-1649
-1645
-1573
-1427
-1268
-1169
-1016
-833
-659
-466
-216
69
298
533
721
776
823
880
915
981
1055
1169
1318
1508
1827
2076
2197
2331
2423
2528
2504
2435
2486
2517
2614
2723
2856
3049
3207
3302
3426
3605
3707
3814
3775
3659
3627
3441
3252
3176
3090
3160
3343
3487
3675
3796
3761
3631
3452
3187
2862
2593
2479
2420
2429
2476
2451
2491
2471
2377
2171
1875
1600
1326
1131
882
682
591
541
482
326
216
85
-61
-210
-464
-673
-806
-961
-1122
-1236
-1382
-1543
-1564
-1574
-1750
-1855
-1999
-2273
-2506
-2782
-2936
-2927
-2924
-2996
-3024
-2967
-3015
-3069
-3165
-3333
-3434
-3527
-3601
-3519
-3454
-3453
-3332
-3285
-3280
-3259
-3296
-3258
-3234
-3172
-3008
-2947
-2879
-2807
-2743
-2676
-2683
-2613
-2532
-2448
-2335
-2282
-2154
-2009
-1980
-1865
-1796
-1805
-1663
-1490
-1294
-1081
-971
-819
-501
-297
-94
162
286
443
569
715
919
1008
1057
1159
1183
1265
1498
1614
1790
2010
2092
2142
2217
2346
2394
2341
2325
2457
2572
2618
2769
2969
3179
3360
3471
3553
3558
3548
3597
3566
3509
3424
3352
3371
3244
3080
2979
2935
2999
2978
3001
3089
3021
2968
2843
2713
2724
2578
2352
2217
2064
1926
1832
1718
1621
1456
1270
1081
888
831
674
484
454
389
242
29
-168
-286
-535
-800
-960
-1138
-1194
-1215
-1334
-1357
-1357
-1454
-1623
-1842
-2045
-2201
-2268
-2350
-2448
-2612
-2683
-2689
-2799
-2736
-2764
-2853
-2867
-2952
-2996
-3064
-3169
-3248
-3185
-3122
-3077
-2966
-2960
-2878
-2802
-2815
-2760
-2768
-2835
-2884
-2845
-2708
-2533
-2378
-2209
-2013
-1918
-1783
-1672
-1598
-1515
-1518
-1515
-1502
-1366
-1128
-992
-898
-722
-574
-470
-355
-227
-48
47
142
326
471
489
569
728
804
863
876
931
1073
1221
1381
1544
1716
1829
1879
1995
2043
2069
2105
2077
2131
2176
2171
2224
2342
2439
2550
2723
2851
2910
2947
2877
2773
2666
2475
2360
2330
2384
2431
2507
2709
2770
2746
2777
2706
2563
2403
2310
2330
2208
2047
2008
1981
1943
1874
1761
1673
1520
1348
1186
998
831
565
366
282
193
140
63
-1
-48
-133
-208
-347
-511
-706
-974
-1126
-1203
-1232
-1230
-1294
-1293
-1341
-1499
-1557
-1787
-2050
-2148
-2263
-2256
-2320
-2392
-2379
-2417
-2373
-2381
-2503
-2642
-2677
-2672
-2857
-2866
-2710
-2711
-2593
-2492
-2446
-2332
-2293
-2248
-2273
-2332
-2285
-2309
-2358
-2299
-2196
-2090
-1959
-1811
-1648
-1516
-1469
-1395
-1321
-1223
-1172
-1106
-943
-952
-893
-724
-598
-459
-403
-343
-190
-70
-64
14
167
284
395
454
602
686
781
934
879
885
955
1035
1147
1220
1302
1411
1561
1715
1878
1985
2049
2070
2055
2034
1974
1979
1978
2035
2174
2275
2357
2395
2480
2506
2417
2323
2173
2119
2057
1994
2046
2052
2013
2009
2082
2098
2076
2094
2092
2030
1940
1772
1645
1559
1422
1358
1259
1200
1205
1244
1212
1045
884
666
454
284
64
-9
34
-92
-166
-108
-160
-201
-263
-449
-597
-728
-871
-1004
-1082
-1108
-1098
-1161
-1235
-1227
-1342
-1415
-1492
-1613
-1657
-1805
-1858
-1894
-1982
-1930
-1945
-2021
-2061
-2088
-2068
-2039
-2045
-2007
-2017
-2076
-2099
-2089
-2040
-1967
-1889
-1839
-1782
-1760
-1719
-1702
-1760
-1743
-1738
-1645
-1536
-1505
-1368
-1245
-1046
-957
-991
-889
-852
-863
-802
-678
-571
-500
-450
-389
-281
-213
-118
-40
71
229
253
311
399
434
504
582
615
648
734
749
780
873
913
958
993
1050
1229
1320
1333
1506
1577
1447
1444
1536
1498
1441
1458
1480
1559
1679
1790
1863
1885
1853
1869
1853
1806
1732
1544
1533
1521
1464
1450
1368
1380
1459
1526
1503
1475
1472
1367
1299
1251
1152
1055
995
969
901
879
920
978
898
716
609
492
427
294
123
33
-22
4
-60
-159
-247
-366
-431
-564
-700
-817
-846
-845
-957
-972
-1015
-1088
-1152
-1280
-1368
-1413
-1502
-1583
-1536
-1539
-1515
-1484
-1457
-1417
-1499
-1601
-1659
-1600
-1636
-1688
-1703
-1777
-1763
-1708
-1611
-1577
-1618
-1524
-1408
-1418
-1389
-1426
-1396
-1284
-1338
-1267
-1165
-1166
-1053
-1019
-980
-828
-766
-673
-554
-470
-384
-328
-358
-413
-379
-296
-269
-170
-21
22
142
175
216
368
391
429
476
545
601
631
703
805
867
865
903
924
990
1084
1117
1168
1255
1273
1216
1230
1254
1275
1318
1366
1460
1539
1575
1630
1571
1490
1557
1501
1459
1426
1304
1355
1319
1285
1372
1330
1292
1242
1145
1098
1044
1002
968
979
1044
1000
923
867
845
836
713
682
721
704
682
616
530
475
415
303
210
76
-24
-73
-210
-217
-257
-356
-347
-433
-457
-452
-561
-570
-593
-722
-808
-894
-939
-1016
-1106
-1055
-1047
-1137
-1163
-1126
-1146
-1238
-1289
-1294
-1348
-1403
-1395
-1358
-1364
-1412
-1444
-1462
-1482
-1511
-1550
-1471
-1430
-1440
-1385
-1440
-1421
-1345
-1348
-1284
-1175
-1133
-1076
-1040
-1014
-949
-1007
-1035
-986
-994
-888
-644
-566
-492
-391
-403
-345
-315
-342
-387
-386
-281
-145
-34
17
118
318
390
373
428
469
507
507
510
610
675
799
904
858
931
1030
1043
1078
1089
1104
1151
1142
1137
1210
1230
1218
1286
1361
1360
1335
1378
1413
1394
1390
1384
1368
1358
1336
1346
1340
1280
1254
1188
1165
1139
1063
1015
954
992
1019
1077
1116
1048
985
886
924
842
667
618
527
496
440
417
435
378
389
453
411
210
47
-31
-198
-333
-405
-440
-399
-418
-444
-468
-464
-450
-571
-725
-913
-1007
-944
-1019
-1084
-1124
-1137
-1075
-1176
-1153
-1167
-1257
-1223
-1329
-1338
-1334
-1376
-1358
-1393
-1389
-1423
-1420
-1377
-1392
-1357
-1309
-1284
-1316
-1295
-1227
-1244
-1225
-1230
-1206
-1118
-1067
-962
-858
-796
-706
-660
-702
-676
-550
-514
-504
-366
-254
-189
-194
-173
-63
-91
-65
-8
19
48
62
172
228
335
431
365
404
525
604
651
641
692
732
721
770
809
855
832
894
997
1009
996
910
987
977
942
1056
1019
957
999
1074
1067
1035
1065
1089
1032
989
1049
1041
1032
1116
1052
977
973
903
929
925
845
831
792
746
762
758
695
646
629
620
586
536
514
454
346
276
180
83
44
60
61
37
69
46
32
-19
-203
-264
-343
-494
-474
-510
-514
-421
-477
-525
-536
-542
-623
-770
-790
-822
-821
-786
-831
-862
-846
-819
-886
-947
-941
-947
-935
-969
-985
-962
-912
-864
-886
-915
-998
-1060
-1076
-1067
-995
-988
-992
-928
-870
-872
-892
-846
-801
-773
-754
-735
-733
-727
-659
-639
-557
-428
-421
-415
-313
-234
-212
-155
-179
-211
-185
-120
-66
-112
-9
30
7
130
146
175
312
343
308
378
442
547
627
539
517
643
726
745
740
741
782
763
761
850
883
830
831
852
841
918
928
834
839
799
826
847
817
936
890
866
922
828
764
783
786
765
705
677
735
732
678
613
624
589
496
416
367
374
327
346
307
242
247
258
243
131
107
28
-111
-85
-58
-81
-147
-174
-172
-231
-319
-381
-377
-422
-465
-458
-462
-447
-523
-605
-551
-584
-692
-725
-725
-734
-739
-756
-848
-856
-744
-749
-826
-825
-757
-743
-805
-782
-714
-797
-857
-793
-821
-814
-789
-806
-809
-782
-645
-657
-595
-563
-645
-521
-471
-450
-475
-500
-421
-367
-316
-235
-124
-134
-207
-157
-95
-25
8
-72
-16
29
93
210
231
296
272
246
258
299
381
296
293
408
480
538
554
627
657
655
707
716
721
702
708
701
668
677
676
760
716
655
657
582
696
761
668
654
631
669
722
704
690
623
651
678
604
603
560
590
697
620
568
604
554
449
364
367
367
296
175
182
208
129
142
141
133
104
92
118
-23
-129
-88
-153
-284
-366
-378
-348
-334
-295
-287
-273
-290
-415
-529
-625
-670
-647
-654
-643
-649
-701
-731
-762
-781
-774
-771
-812
-831
-778
-739
-757
-760
-756
-756
-729
-725
-742
-775
-722
-663
-708
-716
-640
-587
-590
-577
-506
-491
-522
-436
-456
-431
-312
-389
-351
-285
-319
-248
-230
-185
-74
-99
-96
-21
42
125
132
105
130
150
218
205
151
258
263
237
382
443
437
444
420
423
420
483
562
558
536
596
666
655
738
756
719
738
674
660
680
700
698
717
737
649
650
611
605
663
645
689
655
595
570
583
574
497
488
492
553
558
425
418
423
384
428
365
338
312
269
265
204
195
104
67
27
-70
-81
-169
-137
-59
-139
-125
-71
-51
-132
-301
-293
-280
-359
-412
-439
-459
-510
-509
-487
-494
-499
-542
-563
-601
-626
-548
-557
-573
-538
-584
-622
-632
-626
-634
-617
-576
-613
-649
-595
-512
-554
-608
-521
-479
-518
-443
-388
-378
-394
-497
-501
-447
-370
-306
-331
-353
-407
-354
-252
-253
-201
-236
-228
-110
-97
-77
-39
-43
-10
4
32
77
-8
9
-4
58
229
131
122
151
136
186
219
238
278
313
282
338
345
243
251
288
284
288
301
367
400
400
482
478
443
514
493
470
541
490
469
527
436
346
357
350
301
364
440
406
415
433
500
513
475
460
429
368
294
325
294
275
256
223
290
280
230
278
300
177
147
185
184
142
91
51
31
64
68
47
-20
-64
-74
-44
-26
-92
-171
-220
-184
-213
-220
-201
-240
-184
-205
-276
-267
-300
-358
-393
-403
-397
-352
-330
-392
-393
-397
-414
-364
-345
-366
-368
-319
-349
-356
-357
-388
-361
-420
-419
-419
-436
-423
-473
-442
-339
-321
-368
-356
-326
-302
-298
-212
-137
-235
-282
-265
-274
-235
-185
-164
-164
-184
-153
-110
-86
-50
-43
-29
-21
34
53
14
50
89
52
-6
44
54
109
106
76
191
164
228
256
220
295
245
219
277
287
323
351
323
331
298
254
230
214
219
234
241
311
392
369
384
315
294
362
303
286
200
123
238
279
289
356
354
294
224
214
180
182
192
153
281
305
210
218
182
147
118
70
47
48
45
13
33
43
36
82
30
13
58
32
30
-79
-163
-152
-160
-121
-132
-132
-125
-111
-156
-218
-209
-273
-263
-222
-207
-243
-270
-259
-219
-85
-136
-215
-213
-272
-289
-306
-282
-218
-239
-284
-187
-137
-200
-178
-181
-234
-209
-184
-227
-214
-241
-254
-179
-192
-171
-104
-134
-187
-159
-135
-173
-130
-75
-104
-98
-51
-13
-32
-4
34
-83
-156
-150
-78
13
-29
-31
-77
-59
72
9
-5
41
81
72
10
153
227
152
111
148
204
172
159
155
140
108
131
202
229
248
285
266
179
192
186
197
292
224
210
293
261
189
167
171
148
177
213
242
184
164
265
267
254
247
182
58
81
184
83
30
85
68
91
145
133
148
119
12
-7
38
37
-26
-76
-11
31
4
33
-24
-72
-67
-155
-137
-64
-103
-80
-73
-144
-90
-106
-126
-84
-174
-184
-143
-152
-168
-142
-137
-164
-136
-166
-141
-103
-145
-199
-229
-176
-172
-149
-73
-74
-102
-44
-44
-126
-120
-190
-234
-197
-203
-151
-103
-87
-96
-60
-4
-3
18
-16
-84
-62
-73
-127
-107
-57
-16
-32
-33
17
7
1
-69
-81
-38
-50
107
114
72
123
37
28
40
76
65
-24
-14
-10
34
114
116
125
170
205
172
78
39
61
114
56
26
124
111
167
155
100
110
17
51
66
79
112
125
201
162
139
204
193
106
87
42
-21
-54
21
149
104
120
132
94
123
105
116
66
22
93
64
55
94
60
123
107
-2
45
52
-6
-111
-106
-21
-38
52
63
0
41
53
-12
-70
-121
-161
-139
-132
-173
-217
-89
-32
-46
-15
-105
-117
-130
-153
-105
-122
-179
-190
-117
-29
-68
-172
-165
-173
-207
-198
-118
-72
-163
-184
-136
-91
-131
-141
-92
-81
-133
-141
-71
-162
-167
-110
-96
-48
-57
-7
-75
-152
-100
-127
-93
-122
-91
7
-68
-31
-3
39
0
-114
-47
-87
-68
-34
-87
15
24
21
91
57
107
132
74
56
38
15
-15
81
69
58
147
73
73
96
90
115
101
90
118
131
211
255
162
191
145
59
124
172
152
136
97
80
227
224
150
197
156
163
153
117
127
66
94
145
147
191
198
159
101
81
115
169
131
91
112
21
50
119
99
95
16
18
73
107
86
9
-78
-96
-39
-39
39
16
-85
-91
-92
-97
-56
-39
-132
-141
-106
-70
-55
-72
-86
-148
-147
-133
-179
-177
-112
-119
-127
-138
-148
-160
-213
-178
-174
-179
-149
-156
-118
-118
-208
-214
-203
-215
-195
-170
-105
-124
-126
-93
-112
-134
-108
-75
-154
-120
-107
-179
-77
-38
-71
-57
-49
7
-12
-53
-29
-51
-69
-51
-58
-19
104
92
66
65
-23
2
58
60
106
70
45
131
108
135
144
22
89
183
129
101
110
55
61
128
103
93
184
160
132
165
141
140
81
50
116
125
112
132
159
225
195
105
111
93
54
49
80
83
107
190
184
104
78
97
46
-25
-8
63
22
32
117
61
112
131
31
9
7
79
52
-21
-24
8
36
-25
-42
-36
-9
8
-22
-87
-106
-66
-106
-103
-99
-75
-56
-42
21
-87
-109
-92
-108
-90
-146
-144
-118
-78
-52
-18
-81
-133
-118
-144
-144
-183
-157
-127
-92
-88
-68
-66
-112
-40
-95
-167
-145
-139
-141
-102
-70
-146
-73
33
33
44
-62
-81
-64
-117
-75
-82
-70
-27
-21
47
29
-22
11
-22
11
20
-50
38
81
67
101
72
71
48
-8
57
45
37
76
1
5
78
116
113
139
92
109
109
28
60
42
73
3
25
171
86
42
128
137
93
139
89
54
89
60
91
151
169
109
96
73
95
164
96
49
4
8
69
99
84
0
31
86
68
47
-27
-36
53
60
-7
-19
27
46
78
78
-44
-85
5
-4
-90
-70
-40
-7
43
0
-33
-58
-121
-125
-91
-118
-151
-102
-92
-97
-55
-85
-93
-63
-53
-13
-20
-103
-126
-62
-105
-189
-97
-32
-71
-89
-126
-118
-80
-66
-99
-128
-98
-108
-58
-7
-67
-50
-28
-63
-45
-120
-130
-38
-43
-53
-19
6
-57
-34
43
-43
-79
-42
-88
-80
-16
1
16
35
76
68
26
-1
9
47
-26
-31
14
42
55
1
84
113
47
106
124
34
26
85
112
78
-37
14
113
59
58
65
21
1
59
51
5
46
76
132
136
100
53
20
91
110
89
26
16
83
77
48
17
88
89
38
81
52
17
-20
19
16
-33
49
68
53
-17
-23
97
51
-37
-4
-64
-120
-50
-36
-4
5
-57
-5
-17
-22
60
-20
-64
-46
-47
-26
-44
-37
-31
-66
-118
-146
-100
-87
-99
-85
-88
-44
-70
-51
46
-16
-39
-25
-117
-140
-125
-90
-89
-119
-4
-27
-48
-11
-67
-20
-101
-130
-21
-27
-11
-17
-35
-54
0
82
29
12
-48
-69
33
40
81
94
5
-24
-32
-15
6
-10
6
48
41
75
74
9
47
32
67
62
33
72
21
58
23
10
52
4
42
60
78
99
53
56
77
70
107
86
-30
-59
4
20
-2
-2
-33
33
137
6
-33
21
-31
31
38
23
42
4
13
43
35
77
90
66
66
-68
-57
23
-1
34
-29
-34
1
-43
-52
-80
-75
-51
-40
67
69
3
58
22
-12
-65
-172
-132
-41
-8
-81
-114
-58
-112
-127
-57
-39
3
11
-4
18
-22
-1
10
-40
0
29
-4
-76
-122
-60
-25
-47
62
83
-20
-44
-27
-5
-29
24
-37
-68
42
-9
26
49
48
32
-65
5
23
-21
-56
-72
48
58
22
97
9
-33
-3
-12
77
10
20
71
-8
13
28
35
9
-25
34
71
87
64
-46
-12
59
51
78
37
10
46
52
4
-37
-61
-3
56
-11
74
78
28
56
-2
75
89
52
48
-18
-43
-4
-1
-32
-12
-27
-43
-18
36
6
-59
-41
-27
14
15
-39
-17
-17
-22
25
53
22
-53
-61
7
102
83
21
-25
-30
54
-1
-54
-37
12
7
-70
-31
-20
-11
-5
-7
55
9
49
67
-47
-9
-3
-31
6
-21
-88
-125
-56
49
51
-30
-82
-58
-42
-36
-31
-32
-24
-41
36
91
57
38
-36
-37
-17
-9
69
62
-28
43
106
13
-54
-54
-29
-2
16
-1
41
12
-54
-2
61
156
127
-5
-47
-12
27
51
91
30
-40
-52
-39
39
48
51
3
-73
-71
-46
24
-49
-35
83
56
71
11
-87
4
15
-32
72
-9
-119
28
16
-46
24
-26
-46
-19
-79
-40
-20
-76
14
9
-21
31
72
98
51
25
-48
-78
-23
15
-8
-40
-42
-52
-12
26
0
-118
-141
-111
-66
17
28
54
23
-6
-7
-14
3
9
109
103
-10
-11
-36
39
66
-24
32
25
-15
-33
-58
-29
20
61
32
-31
7
113
82
14
-4
40
94
47
13
1
20
-5
34
81
-33
-33
-1
-5
21
24
-23
-66
-43
-13
20
27
30
-10
-69
-24
56
67
69
3
-27
43
-5
-19
41
-1
-27
-100
-101
0
-50
-47
-81
-104
12
2
-49
-71
-9
56
-7
-26
29
4
-70
-11
-21
-39
9
-26
-57
-68
-107
-139
-29
-14
-55
-77
-118
-47
-28
25
16
30
76
4
35
-13
-55
-12
20
66
32
-25
-17
-9
-66
-42
-10
35
44
-20
52
97
129
79
50
51
32
31
-18
34
12
57
139
90
84
49
-7
-16
-31
-35
6
41
-6
32
72
34
70
71
68
16
19
121
67
40
142
138
52
2
30
-3
-66
-4
-1
0
37
34
20
8
-10
32
38
-35
34
-5
-29
60
12
22
-37
-85
13
-4
-24
-25
-59
-22
-82
-142
-71
-65
-77
-150
-136
-31
-96
-38
38
-38
-68
-64
-35
-17
-22
-53
-64
-62
-73
-20
8
-2
-76
-115
-52
-48
-53
-80
-68
-29
-84
-55
-31
-27
31
22
-5
-36
9
108
100
85
78
54
11
-59
-44
-3
-58
-82
-48
-14
18
31
29
-17
25
108
81
92
120
76
58
21
37
114
38
-46
-48
19
115
89
-16
-21
7
-4
41
43
10
25
50
59
45
17
59
105
89
95
82
11
15
69
5
-40
-47
-83
-105
-40
24
-76
-81
12
13
-40
25
46
-21
-20
-25
38
-6
-69
-57
-112
-63
46
-11
-95
-62
-78
-32
30
-2
2
-73
-83
-27
-11
-45
-82
-7
16
9
-17
17
27
-2
55
-16
-46
-16
-72
28
34
-77
-61
-66
-26
-20
-20
79
28
-62
-3
9
21
83
36
21
-22
-18
49
56
121
24
-33
4
43
89
13
-29
-31
40
-30
-38
62
-49
-80
-28
43
96
73
14
10
125
75
61
91
10
29
-30
16
84
-7
4
-2
41
67
-6
9
-13
-33
55
98
74
23
-16
16
75
70
51
55
-20
-86
-15
32
-3
-55
-89
-45
-21
-13
-22
-66
-68
-44
-35
-30
107
159
38
-2
-10
6
-21
-82
31
27
-75
-49
-79
-64
-20
-35
10
23
-12
-24
-24
41
70
-9
-26
-12
16
28
-72
-103
9
48
-23
23
-5
-81
-33
-8
-37
-14
77
21
-43
-10
-12
-17
7
10
-8
-10
-13
-9
-27
2
-13
-37
37
-6
-43
-54
-53
-13
-37
-17
61
40
-52
18
33
-1
1
-86
-67
9
49
38
-1
17
-4
13
37
6
37
10
21
49
2
22
45
-30
-80
9
29
-32
-60
-52
-59
-39
3
4
-7
-13
43
44
-72
-51
23
-68
-3
71
31
32
-19
10
28
9
-6
-30
-12
57
66
15
44
38
31
63
-11
-9
57
-50
-3
67
-3
27
-1
-8
-40
-77
-1
24
22
12
33
43
22
65
74
68
107
89
28
-7
-10
-5
22
51
9
4
5
-97
-83
44
46
-29
5
45
6
-17
4
54
35
29
53
-66
-78
75
45
-26
-3
9
-14
-57
-57
-18
10
39
26
-70
-6
56
-19
-1
32
82
77
-31
-64
-8
33
-7
-54
-53
-109
-30
19
-56
-1
-46
-58
-33
-48
9
-18
-17
-13
-71
-69
-24
1
-12
-32
-52
-48
-13
14
9
-5
-50
-66
-43
-33
4
-44
-48
37
-21
-67
-61
-65
41
75
-6
0
15
7
42
-3
-18
12
-25
-36
-19
1
-20
-18
27
28
16
67
34
-50
-2
-11
-13
56
53
69
92
69
23
9
34
66
39
5
47
56
17
33
54
-45
-80
-16
2
-6
-23
-34
19
120
77
-10
-15
-6
66
78
35
63
48
46
98
72
20
32
-14
-37
48
57
45
22
-68
-49
1
-75
-93
-49
-34
14
0
-1
2
-56
-41
-27
-18
-31
-60
-15
-26
-50
-15
-13
11
-21
-55
17
-2
-32
15
26
50
33
-68
-95
-48
-2
24
-41
-90
-10
40
68
33
-97
-41
-9
-35
15
-24
22
66
2
-5
-37
-44
-21
4
66
16
2
41
-3
-34
-66
-64
-27
-46
-87
-17
65
36
13
60
101
91
97
66
23
50
70
48
25
-16
-79
-65
-40
-60
-42
-11
12
13
-44
-66
10
30
5
26
34
91
61
-18
47
21
-23
13
11
68
81
19
40
-12
-109
-135
-83
-41
-67
-13
-47
-50
-23
-29
20
-14
39
53
-31
-27
23
56
49
1
-22
-57
-73
-29
32
62
7
21
22
31
86
59
43
-31
-11
88
60
86
124
65
-18
-54
38
24
-40
36
0
-7
39
-49
-82
-66
-82
-94
-122
-53
-53
-59
35
-11
-1
-13
-16
46
-21
1
56
26
43
71
72
72
28
10
-21
-37
-13
-94
-2
29
-75
-38
-65
-73
-64
21
-14
-45
63
-35
-43
-58
-83
0
51
91
-26
-97
-100
-94
-47
34
86
-1
-21
-78
-12
74
9
13
-9
29
21
25
91
61
29
8
49
83
56
59
34
47
78
-39
-49
32
17
-27
-55
13
118
114
-32
-68
44
91
34
-36
-22
8
12
34
70
-13
-57
18
40
31
55
118
51
30
33
-35
38
21
-5
-9
-109
-85
-112
-89
27
-21
-55
-62
-42
16
7
11
11
12
9
-18
24
37
-13
7
20
-20
52
118
27
3
-20
-117
-64
-23
-33
-5
-59
-83
-76
-33
-37
-71
3
-12
-7
64
29
-14
14
40
36
-1
-20
16
-12
-64
-58
