-9
-10
-11
-9
-7
-10
-8
-7
-8
-9
-10
-8
-8
-7
-10
-8
-6
-6
-7
-9
-7
-7
-10
-8
-7
-7
-7
-9
-7
-7
-6
-4
-6
-9
-9
-7
-6
-5
-8
-7
-7
-6
-8
-5
-6
-5
-6
-9
-4
-9
-11
-8
-10
-9
-11
-15
-14
-16
-16
-15
-12
-10
-10
-9
-9
-11
-9
-16
-16
-9
-10
-7
-10
-10
-11
-15
-11
-10
-13
-12
-11
-10
-14
-13
-11
-12
-13
-12
-11
-14
-14
-14
-16
-17
-16
-18
-19
-17
-19
-20
-15
-19
-18
-14
-14
-17
-17
-17
-21
-17
-14
-15
-16
-17
-18
-18
-18
-20
-21
-22
-21
-16
-16
-18
-21
-22
-20
-20
-24
-24
-20
-23
-24
-19
-22
-22
-23
-23
-21
-20
-21
-20
-22
-22
-22
-23
-25
-25
-24
-26
-21
-22
-22
-20
-23
-18
-19
-22
-17
-21
-20
-19
-19
-21
-21
-18
-22
-22
-20
-21
-18
-19
-18
-17
-14
-16
-18
-21
-19
-19
-21
-22
-25
-20
-23
-22
-22
-25
-21
-20
-21
-21
-21
-23
-26
-25
-23
-24
-24
-23
-23
-22
-22
-25
-24
-24
-21
-21
-23
-21
-19
-21
-21
-22
-19
-17
-20
-19
-19
-21
-21
-22
-24
-24
-21
-22
-25
-18
-26
-26
-25
-29
-28
-29
-30
-31
-34
-31
-33
-34
-33
-37
-36
-34
-35
-36
-35
-36
-35
-36
-35
-35
-33
-32
-32
-32
-33
-35
-33
-34
-35
-34
-34
-35
-35
-34
-33
-32
-32
-38
-39
-38
-39
-37
-37
-38
-40
-41
-43
-37
-37
-42
-43
-45
-41
-40
-39
-37
-43
-43
-41
-42
-46
-47
-45
-49
-48
-46
-48
-47
-44
-48
-49
-50
-48
-45
-51
-49
-51
-52
-51
-51
-52
-51
-52
-55
-54
-52
-50
-51
-51
-52
-50
-49
-49
-53
-49
-52
-54
-52
-51
-51
-52
-55
-54
-52
-50
-49
-51
-49
-52
-52
-55
-53
-49
-51
-52
-52
-55
-53
-55
-57
-56
-53
-54
-54
-51
-54
-54
-51
-50
-50
-54
-51
-52
-50
-53
-53
-53
-55
-56
-54
-54
-56
-55
-56
-58
-56
-53
-52
-54
-51
-52
-51
-48
-51
-52
-55
-49
-49
-50
-46
-45
-42
-44
-47
-48
-49
-44
-46
-44
-39
-44
-41
-45
-41
-42
-38
-39
-39
-37
-41
-40
-46
-42
-42
-43
-43
-41
-40
-42
-39
-40
-39
-41
-41
-42
-44
-40
-39
-37
-36
-37
-36
-40
-34
-34
-38
-36
-37
-33
-31
-31
-34
-35
-35
-35
-35
-34
-34
-33
-31
-30
-30
-35
-30
-30
-32
-30
-28
-28
-30
-30
-30
-32
-29
-28
-32
-29
-29
-23
-25
-27
-26
-28
-25
-25
-22
-18
-20
-16
-14
-20
-19
-18
-18
-18
-21
-15
-17
-15
-15
-18
-15
-13
-14
-15
-14
-15
-14
-17
-14
-12
-13
-9
-12
-13
-12
-9
-8
-11
-12
-11
-9
-8
-9
-10
-11
-9
-7
-9
-8
-7
-8
-9
-8
-9
-9
-7
-9
-7
-8
-4
-3
-4
-2
-6
-4
-4
-5
-4
-6
-3
-6
-6
-8
-5
2
-5
-6
-3
-4
-5
-9
-10
-4
-4
-8
-6
-8
-6
-5
-4
-4
-2
-2
-5
-6
-4
-2
-5
-3
-4
-4
-2
-2
0
-2
-1
-5
-3
-3
-1
-3
-6
-5
1
0
-2
-8
-9
-5
-6
-4
-3
-2
-4
-6
-9
-8
-5
-8
-11
-7
-7
-8
-3
-7
-10
-8
-7
-6
-9
-7
-6
-9
-7
-7
-9
-8
-3
-6
-8
-6
-8
-9
-8
-6
-6
-5
-7
-8
-8
-10
-7
-7
-8
-8
-9
-12
-11
-9
-8
-7
-8
-10
-9
-8
-9
-9
-9
-10
-10
-11
-9
-7
-8
-7
-8
-6
-7
-7
-7
-5
-5
-4
-3
-7
-8
-9
-8
-6
-9
-9
-7
-10
-9
-8
-12
-9
-11
-12
-9
-10
-9
-13
-14
-10
-11
-12
-10
-7
-9
-14
-11
-13
-14
-13
-13
-10
-11
-9
-8
-10
-12
-12
-16
-18
-15
-19
-11
-10
-11
-13
-15
-15
-14
-14
-15
-11
-13
-13
-14
-14
-12
-14
-14
-10
-10
-11
-11
-13
-16
-13
-13
-13
-15
-15
-16
-15
-14
-14
-14
-15
-13
-14
-15
-17
-14
-11
-12
-13
-13
-13
-12
-13
-13
-14
-11
-14
-11
-9
-12
-10
-12
-14
-13
-12
-12
-13
-11
-12
-9
-8
-10
-11
-15
-13
-7
-9
-13
-10
-12
-11
-13
-13
-14
-14
-13
-13
-11
-15
-14
-14
-11
-12
-11
-10
-10
-10
-9
-12
-12
-12
-13
-10
-14
-16
-13
-13
-13
-12
-12
-10
-15
-15
-13
-16
-16
-16
-18
-17
-19
-18
-20
-19
-21
-19
-19
-24
-22
-27
-19
-20
-21
-22
-22
-21
-23
-20
-24
-24
-24
-24
-23
-24
-23
-25
-25
-24
-22
-22
-21
-17
-18
-17
-18
-18
-20
-18
-18
-19
-20
-22
-20
-22
-15
-14
-19
-15
-16
-14
-14
-17
-16
-15
-16
-15
-15
-14
-16
-10
-13
-13
-10
-12
-11
-12
-9
-10
-8
-9
-8
-8
-7
-9
-7
-7
-11
-10
-11
-8
-8
-10
-10
-8
-10
-9
-11
-11
-9
-11
-11
-9
-7
-14
-10
-10
-10
-8
-11
-11
-14
-9
-5
-4
-2
-1
0
-3
-3
-1
-2
-2
2
2
3
1
2
6
6
7
9
7
11
18
21
23
23
29
30
32
28
28
34
38
39
37
41
45
44
42
43
45
45
43
43
45
44
44
43
43
42
42
44
41
41
41
41
39
39
38
37
38
38
36
34
36
34
30
32
33
33
31
31
31
26
27
27
24
22
19
19
18
14
11
10
9
9
4
6
4
1
1
-3
-3
-5
-5
-6
-7
-9
-10
-8
-8
-11
-10
-12
-18
-13
-12
-7
-6
-7
-9
-11
-12
-11
-12
-11
-8
-9
-10
-11
-13
-14
-10
-13
-13
-15
-14
-13
-15
-20
-19
-20
-20
-17
-18
-21
-19
-19
-20
-20
-20
-22
-21
-21
-24
-18
-17
-19
-18
-19
-18
-21
-21
-21
-21
-18
-20
-18
-18
-20
-24
-23
-24
-28
-25
-24
-23
-24
-22
-22
-26
-24
-23
-24
-23
-24
-24
-24
-22
-22
-25
-27
-22
-22
-23
-19
-19
-17
-18
-16
-16
-12
-16
-16
-11
-14
-10
-10
-13
-12
-11
-11
-15
-13
-14
-11
-8
-9
-11
-8
-6
-10
-7
-7
-7
-6
-5
-6
-8
-7
-6
-5
-2
-3
-4
-2
-2
1
2
-2
-1
0
-1
-1
-2
-2
-3
-3
-3
0
-2
-1
-2
-4
-1
-2
0
-1
-1
3
4
5
3
5
7
6
8
5
6
5
8
7
6
12
12
9
15
13
11
12
10
9
9
10
9
11
12
10
11
9
10
8
10
8
10
13
10
12
14
17
16
19
18
17
20
19
17
15
17
19
19
21
18
18
19
17
16
18
16
17
15
14
14
13
14
13
15
13
10
8
15
12
15
14
14
13
15
18
12
14
15
14
16
18
14
17
17
16
17
15
17
21
18
18
19
18
19
17
21
21
17
20
19
20
20
17
18
16
18
19
20
17
19
23
19
20
22
20
22
22
22
19
19
22
22
24
24
24
21
20
20
21
24
21
21
22
24
23
21
18
20
20
21
21
19
21
19
20
19
19
20
19
21
21
20
18
19
20
15
16
15
14
12
13
12
14
12
14
10
11
12
8
12
5
6
8
9
12
14
14
12
12
13
17
14
12
16
11
13
13
12
14
16
16
15
17
12
15
12
7
8
6
7
7
6
9
10
8
8
6
5
6
2
2
7
7
8
4
7
8
6
4
6
4
4
4
0
3
6
6
2
1
-1
-5
-4
-2
-5
-4
-4
-3
-1
-1
-4
-2
-4
-6
-3
-8
-4
-5
-6
-5
-8
-8
-7
-4
-5
-2
-3
-1
-3
-3
1
-3
-3
0
1
-2
-2
-1
-1
-3
-5
-2
-2
0
-1
-1
-2
1
-2
-3
-2
-1
-3
-1
-1
-4
-4
-2
-5
-4
-3
-6
-2
-5
-5
-6
-4
-3
-6
-10
-11
-7
-6
-11
-11
-11
-11
-13
-14
-13
-13
-12
-10
-10
-11
-11
-11
-10
-9
-8
-10
-7
-11
-7
-10
-12
-9
-10
-8
-8
-11
-4
-8
-9
-8
-9
-8
-16
-18
-17
-14
-16
-17
-17
-17
-17
-17
-18
-16
-15
-18
-17
-15
-18
-14
-12
-11
-12
-13
-10
-8
-10
-12
-13
-11
-13
-11
-9
-12
-11
-8
-8
-10
-9
-11
-12
-9
-10
-10
-11
-11
-12
-12
-8
-7
-13
-14
-12
-10
-9
-9
-8
-10
-8
-6
-5
-7
-11
-13
-8
-8
-5
-8
-9
-6
-5
-5
-4
-7
-5
-3
-3
-1
-5
-6
-9
-10
-8
-10
-9
-11
-9
-10
-13
-12
-13
-10
-14
-15
-11
-12
-11
-15
-13
-15
-12
-13
-13
-12
-11
-11
-12
-10
-12
-13
-13
-14
-14
-12
-13
-14
-15
-16
-16
-15
-15
-17
-16
-16
-12
-16
-16
-15
-17
-16
-18
-17
-17
-18
-21
-20
-18
-18
-17
-17
-19
-24
-24
-23
-24
-27
-25
-27
-23
-22
-24
-22
-22
-24
-22
-25
-31
-25
-26
-25
-22
-22
-22
-24
-24
-25
-23
-22
-21
-21
-22
-24
-24
-22
-20
-19
-20
-18
-19
-17
-19
-18
-18
-19
-17
-19
-15
-15
-12
-11
-11
-10
-9
-8
-7
-11
-11
-8
-6
-3
-2
-4
-5
0
0
-2
-5
-1
-2
-7
1
0
-1
-4
-3
-4
-6
-6
-7
-8
-9
-8
-8
-8
-8
-12
-10
-9
-12
-14
-13
-14
-14
-13
-16
-15
-20
-20
-18
-18
-22
-22
-16
-17
-20
-21
-21
-20
-20
-20
-19
-23
-26
-22
-24
-23
-23
-21
-22
-24
-23
-22
-24
-28
-27
-28
-30
-29
-28
-29
-31
-32
-31
-30
-30
-30
-26
-31
-30
-31
-30
-29
-30
-28
-31
-29
-28
-29
-29
-31
-31
-30
-31
-34
-30
-30
-29
-32
-32
-29
-31
-29
-27
-29
-29
-26
-28
-28
-28
-30
-31
-31
-28
-29
-28
-25
-21
-27
-26
-23
-25
-28
-27
-29
-30
-28
-26
-23
-24
-26
-25
-23
-26
-24
-25
-23
-23
-23
-25
-24
-23
-23
-20
-18
-15
-19
-17
-16
-17
-16
-16
-17
-18
-18
-17
-13
-14
-15
-19
-18
-21
-21
-21
-20
-17
-19
-20
-18
-14
-16
-18
-22
-17
-15
-19
-15
-13
-17
-14
-13
-14
-13
-14
-14
-14
-15
-15
-17
-17
-13
-17
-15
-14
-15
-15
-13
-10
-10
-11
-16
-15
-13
-14
-15
-14
-14
-14
-14
-17
-16
-12
-16
-14
-15
-13
-11
-13
-13
-14
-14
-15
-14
-13
-17
-18
-16
-16
-16
-14
-14
-18
-19
-17
-17
-20
-17
-17
-18
-18
-18
-19
-18
-16
-17
-17
-22
-23
-19
-16
-19
-18
-14
-16
-19
-17
-19
-21
-16
-17
-20
-20
-20
-22
-21
-22
-25
-25
-24
-22
-28
-25
-26
-24
-26
-26
-31
-34
-31
-32
-29
-27
-26
-26
-27
-28
-26
-25
-27
-25
-26
-27
-28
-31
-29
-29
-29
-28
-29
-27
-30
-33
-38
-39
-36
-40
-40
-39
-38
-39
-42
-38
-40
-41
-41
-43
-40
-44
-40
-37
-40
-37
-38
-40
-39
-36
-37
-37
-35
-37
-37
-33
-31
-35
-38
-36
-40
-39
-36
-36
-37
-35
-31
-31
-33
-35
-34
-32
-33
-33
-35
-35
-33
-36
-36
-32
-34
-33
-31
-28
-26
-29
-28
-25
-26
-26
-25
-26
-22
-25
-24
-21
-23
-21
-23
-22
-20
-22
-21
-25
-23
-21
-20
-24
-22
-21
-20
-21
-21
-20
-22
-19
-18
-19
-16
-18
-18
-17
-19
-16
-18
-19
-16
-15
-19
-17
-17
-18
-18
-19
-15
-16
-15
-14
-16
-16
-13
-13
-15
-13
-14
-16
-11
-9
-9
-7
-6
-8
-10
-12
-11
-8
-8
-9
-10
-10
-5
-1
-7
-5
-3
-4
-6
-7
-6
-3
-7
-4
-7
-6
-4
-4
-3
-5
-1
-2
-2
-5
-2
-4
-2
-2
-2
0
0
2
0
4
0
-2
0
-3
-1
-2
-4
-2
0
-1
-2
-2
-5
-4
-2
-3
-5
-5
-5
-3
-2
-2
-2
-7
-9
-6
-4
-3
-7
-5
-7
-7
-5
-5
-7
-8
-5
-3
-4
-7
-10
-9
-9
-11
-8
-5
-5
-3
-5
-6
-6
-8
-9
-7
-7
-10
-9
-8
-7
-7
-11
-11
-11
-15
-14
-13
-13
-11
-11
-13
-14
-17
-13
-13
-14
-14
-15
-12
-14
-14
-13
-12
-12
-14
-16
-13
-13
-14
-13
-14
-10
-10
-11
-11
-14
-15
-10
-13
-13
-15
-12
-12
-13
-15
-15
-13
-15
-14
-14
-17
-16
-14
-17
-14
-14
-18
-17
-19
-20
-21
-19
-19
-20
-19
-22
-20
-22
-22
-28
-31
-21
-23
-18
-17
-16
-20
-21
-20
-20
-21
-20
-20
-18
-19
-23
-21
-19
-20
-19
-17
-21
-18
-22
-26
-26
-24
-24
-27
-25
-24
-22
-25
-26
-25
-26
-26
-26
-27
-26
-25
-23
-23
-24
-23
-22
-21
-20
-20
-18
-18
-20
-21
-18
-16
-18
-22
-21
-18
-20
-21
-19
-20
-23
-20
-20
-19
-19
-17
-19
-16
-15
-15
-17
-19
-14
-16
-17
-15
-17
-15
-12
-13
-9
-10
-10
-9
-10
-7
-9
-6
-4
-6
-3
-4
-3
-3
-3
-1
-5
-3
-2
-4
-1
-1
0
1
1
0
-1
-2
-1
-1
-2
-2
-2
-1
-2
-1
-5
-2
-2
-5
-3
-4
-3
-6
-7
-7
-5
-4
-6
-3
-7
-6
-6
-4
-7
-6
-4
-9
-4
-4
-3
-2
-4
-3
-5
-3
-1
0
1
-4
-2
-2
-2
-1
-2
-2
4
5
-4
-1
2
-2
-3
-5
-2
-1
-4
-1
-2
-6
-5
-6
-2
-2
-4
-3
-3
-1
-2
-2
-1
0
-1
-1
4
3
1
4
2
2
1
1
2
0
-1
1
3
4
1
0
0
0
1
2
1
1
-2
-2
0
-1
-2
-8
-9
-3
-5
-4
-1
-3
-3
-4
-4
-3
-7
-6
-4
-3
-6
-10
-11
-9
-4
-7
-5
-7
-5
-7
-8
-8
-10
-9
-10
-10
-10
-14
-14
-11
-14
-16
-18
-17
-15
-17
-18
-16
-17
-15
-17
-17
-17
-18
-17
-18
-16
-17
-15
-17
-12
-12
-12
-12
-14
-14
-14
-12
-13
-10
-11
-12
-11
-13
-11
-11
-8
-10
-8
-9
-9
-8
-7
-7
-10
-9
-10
-10
-7
-7
-10
-9
-7
-9
-10
-8
-12
-13
-14
-16
-17
-17
-16
-15
-16
-13
-12
-12
-14
-14
-18
-22
-17
-18
-13
-12
-11
-15
-16
-16
-13
-14
-13
-14
-12
-11
-15
-16
-19
-16
-15
-15
-13
-14
-15
-17
-18
-17
-16
-13
-14
-14
-15
-12
-12
-13
-14
-15
-17
-17
-16
-17
-12
-10
-9
-10
-10
-9
-11
-12
-14
-12
-10
-11
-11
-10
-10
-13
-13
-12
-13
-12
-12
-12
-11
-10
-11
-8
-9
-8
-7
-5
-9
-8
-5
-8
-8
-7
-5
-5
-4
-3
2
4
8
8
7
13
15
15
15
19
23
25
22
23
23
26
28
25
24
23
24
23
20
18
17
15
14
9
1
-5
-5
-6
-14
-19
-18
-22
-25
-29
-33
-31
-29
-30
-25
-23
-20
-14
-8
-1
9
18
26
33
39
50
56
62
69
73
79
80
86
88
87
88
87
88
85
81
78
73
66
59
49
39
24
12
-4
-17
-28
-50
-69
-82
-94
-106
-117
-122
-129
-128
-123
-112
-105
-92
-76
-60
-39
-22
-7
10
31
46
64
80
94
104
117
130
145
156
163
174
182
191
201
212
223
240
248
264
278
296
303
310
304
301
295
288
260
221
188
148
106
54
-1
-59
-103
-154
-202
-240
-272
-308
-337
-366
-386
-397
-413
-423
-446
-452
-468
-479
-492
-506
-515
-516
-520
-517
-496
-461
-411
-360
-291
-218
-124
-18
89
187
294
395
488
571
641
700
741
774
787
791
790
785
765
743
714
697
681
664
643
619
602
583
555
514
471
411
339
250
157
47
-65
-186
-322
-454
-581
-703
-817
-919
-1013
-1094
-1155
-1203
-1241
-1262
-1278
-1277
-1276
-1266
-1250
-1197
-1132
-1061
-989
-903
-789
-648
-497
-353
-206
-44
139
296
464
598
741
859
944
1005
1050
1088
1106
1081
1019
965
913
852
763
667
564
489
405
318
222
142
81
9
-65
-141
-197
-234
-286
-347
-397
-393
-372
-343
-319
-288
-211
-105
10
112
230
344
482
579
687
757
844
882
878
844
793
742
654
520
350
190
26
-128
-321
-495
-682
-821
-975
-1105
-1220
-1325
-1404
-1480
-1495
-1505
-1478
-1441
-1394
-1317
-1204
-1090
-962
-839
-695
-544
-400
-241
-105
57
191
316
423
536
650
756
822
874
928
986
1025
1035
1033
1018
1016
978
928
860
800
729
630
513
403
305
206
86
-28
-134
-209
-263
-326
-374
-392
-355
-308
-262
-200
-101
20
154
259
366
493
615
710
764
817
855
881
858
814
739
668
577
456
313
164
21
-126
-298
-485
-661
-844
-1002
-1187
-1354
-1507
-1619
-1692
-1763
-1797
-1796
-1744
-1648
-1528
-1397
-1241
-1063
-851
-655
-467
-269
-80
104
249
385
504
617
709
780
822
865
911
957
984
992
1005
1023
1048
1045
1036
1008
981
940
872
778
681
583
465
321
161
27
-95
-213
-333
-441
-512
-548
-565
-569
-557
-482
-390
-299
-189
-58
107
265
401
514
640
759
873
922
962
969
985
965
914
841
754
670
567
440
298
170
45
-97
-280
-444
-638
-800
-986
-1187
-1398
-1561
-1679
-1787
-1895
-1972
-1984
-1936
-1838
-1745
-1607
-1436
-1213
-983
-769
-542
-307
-62
147
310
460
608
741
838
880
914
961
1015
1043
1032
1028
1037
1069
1079
1068
1053
1057
1054
1021
950
877
815
737
616
466
326
197
81
-56
-204
-310
-371
-402
-435
-460
-432
-356
-247
-157
-51
83
247
390
516
609
723
820
884
896
875
858
821
751
628
491
357
229
59
-123
-322
-494
-680
-876
-1078
-1267
-1417
-1556
-1692
-1799
-1869
-1888
-1890
-1877
-1819
-1704
-1561
-1397
-1239
-1051
-839
-626
-411
-231
-39
147
317
448
558
660
769
839
890
920
967
1014
1040
1051
1046
1064
1084
1083
1054
1025
996
963
888
798
691
590
477
334
193
54
-56
-161
-274
-369
-430
-438
-435
-434
-400
-336
-236
-97
24
147
294
446
597
716
831
928
1013
1066
1070
1054
1038
989
897
761
605
465
299
110
-113
-333
-550
-769
-968
-1177
-1366
-1541
-1710
-1862
-1956
-2024
-2060
-2089
-2086
-2031
-1923
-1760
-1610
-1429
-1224
-976
-727
-479
-264
-35
177
365
524
660
792
905
997
1026
1058
1102
1159
1176
1172
1149
1160
1177
1174
1140
1102
1075
1037
977
880
789
700
594
453
307
162
51
-58
-186
-306
-397
-427
-428
-436
-426
-372
-266
-136
-4
135
292
472
648
794
914
1055
1165
1240
1242
1229
1207
1148
1045
881
691
492
277
46
-221
-488
-728
-949
-1159
-1352
-1519
-1677
-1819
-1944
-2006
-2060
-2068
-2082
-2059
-2012
-1903
-1755
-1603
-1428
-1234
-988
-748
-483
-248
2
216
421
582
736
875
1010
1096
1127
1167
1208
1261
1267
1257
1216
1202
1190
1167
1117
1074
1035
992
922
833
751
670
578
448
311
184
92
-20
-141
-270
-347
-388
-389
-405
-405
-344
-249
-114
19
177
340
542
718
877
1015
1160
1281
1338
1343
1305
1260
1164
1020
799
551
284
32
-247
-526
-791
-1009
-1194
-1372
-1534
-1685
-1804
-1907
-1963
-2019
-2056
-2075
-2062
-2023
-1944
-1818
-1679
-1505
-1328
-1097
-865
-615
-364
-118
113
312
500
665
817
944
1054
1116
1174
1217
1261
1266
1252
1229
1202
1185
1155
1117
1063
1022
976
935
866
801
732
659
556
442
330
222
118
-6
-133
-241
-294
-337
-361
-392
-359
-288
-180
-56
81
240
426
624
790
950
1095
1247
1330
1377
1366
1331
1243
1099
891
628
352
75
-208
-503
-762
-997
-1164
-1351
-1507
-1664
-1791
-1896
-1962
-1999
-2050
-2071
-2083
-2027
-1964
-1817
-1694
-1519
-1340
-1120
-886
-649
-388
-153
87
271
473
629
793
904
1019
1069
1108
1154
1200
1227
1210
1200
1173
1172
1156
1145
1089
1060
1010
977
910
844
782
698
592
465
356
226
121
-19
-136
-253
-316
-372
-400
-416
-399
-318
-225
-94
47
226
398
598
764
923
1063
1189
1264
1284
1259
1173
1053
864
623
328
43
-249
-506
-770
-1014
-1218
-1381
-1532
-1689
-1845
-1986
-2077
-2128
-2185
-2257
-2277
-2262
-2195
-2088
-1960
-1818
-1638
-1433
-1187
-946
-700
-451
-208
14
200
370
524
661
762
824
853
918
964
1006
998
978
965
964
962
940
905
874
842
813
774
709
659
583
501
383
264
144
36
-89
-229
-366
-457
-508
-543
-560
-577
-517
-415
-270
-136
36
227
436
636
812
974
1113
1224
1257
1245
1163
1038
851
599
282
-40
-343
-631
-904
-1171
-1374
-1553
-1690
-1833
-1971
-2100
-2176
-2202
-2260
-2303
-2336
-2288
-2195
-2054
-1917
-1769
-1589
-1354
-1094
-873
-628
-389
-135
63
249
409
574
718
834
897
938
1000
1057
1107
1089
1081
1073
1099
1102
1091
1056
1027
1008
977
918
836
774
690
588
438
313
176
71
-59
-198
-329
-400
-442
-477
-496
-493
-395
-286
-126
18
216
406
625
803
974
1118
1247
1331
1324
1286
1161
1027
800
534
200
-121
-434
-706
-981
-1205
-1382
-1542
-1643
-1799
-1928
-2038
-2049
-2091
-2132
-2186
-2176
-2089
-1952
-1796
-1673
-1475
-1264
-973
-725
-463
-222
42
277
459
638
787
951
1059
1148
1157
1220
1269
1335
1337
1312
1298
1312
1348
1336
1320
1263
1255
1219
1188
1093
1021
926
822
673
525
396
281
166
0
-123
-230
-266
-303
-320
-336
-258
-154
-9
149
316
522
726
948
1122
1298
1422
1529
1553
1525
1411
1259
1048
757
427
54
-290
-626
-904
-1192
-1401
-1568
-1700
-1822
-1959
-2064
-2091
-2097
-2145
-2151
-2149
-2039
-1879
-1704
-1562
-1396
-1164
-889
-628
-397
-155
67
313
484
649
785
926
1045
1125
1149
1188
1252
1296
1308
1269
1252
1246
1281
1267
1225
1162
1130
1106
1058
960
849
759
646
508
329
192
63
-42
-187
-344
-440
-472
-486
-498
-485
-425
-263
-86
105
302
522
766
1000
1200
1378
1526
1640
1688
1646
1550
1369
1149
852
488
92
-303
-658
-949
-1194
-1430
-1571
-1688
-1771
-1885
-1964
-1986
-2003
-2007
-2040
-2000
-1891
-1696
-1532
-1376
-1227
-994
-698
-440
-193
32
305
530
748
911
1081
1228
1357
1431
1461
1521
1576
1645
1632
1609
1579
1595
1605
1603
1543
1481
1425
1392
1338
1229
1127
1003
894
728
560
395
285
143
1
-165
-268
-303
-326
-344
-369
-278
-146
49
212
410
607
846
1055
1229
1380
1481
1565
1551
1482
1321
1124
851
527
131
-268
-659
-990
-1263
-1517
-1734
-1918
-2056
-2169
-2257
-2283
-2299
-2310
-2288
-2264
-2158
-1986
-1766
-1594
-1417
-1216
-918
-635
-384
-157
65
304
495
693
832
990
1109
1208
1234
1292
1356
1427
1448
1417
1413
1418
1454
1442
1406
1316
1261
1191
1135
1002
873
728
584
426
245
82
-58
-182
-345
-478
-618
-644
-645
-618
-618
-555
-415
-199
16
208
417
635
880
1062
1235
1331
1414
1420
1360
1200
1009
750
431
48
-400
-804
-1164
-1444
-1713
-1953
-2164
-2301
-2397
-2451
-2449
-2459
-2464
-2463
-2425
-2314
-2138
-1941
-1776
-1607
-1398
-1111
-814
-536
-298
-69
165
389
616
802
977
1112
1237
1298
1373
1449
1524
1557
1531
1515
1512
1547
1551
1517
1413
1335
1273
1220
1105
973
831
693
549
381
240
103
-1
-128
-237
-326
-337
-308
-243
-193
-98
65
265
491
701
907
1103
1317
1491
1634
1705
1735
1704
1601
1411
1148
856
501
93
-351
-768
-1122
-1418
-1697
-1973
-2221
-2383
-2475
-2471
-2499
-2520
-2504
-2456
-2347
-2167
-1956
-1777
-1565
-1358
-1070
-795
-501
-239
12
234
422
632
802
988
1100
1199
1226
1298
1380
1454
1475
1469
1468
1480
1521
1531
1534
1476
1430
1359
1301
1194
1090
949
787
606
420
246
74
-69
-245
-389
-505
-523
-525
-478
-435
-331
-180
16
257
485
720
920
1145
1318
1490
1579
1621
1566
1454
1266
1005
691
311
-94
-556
-969
-1346
-1628
-1912
-2153
-2372
-2530
-2582
-2531
-2509
-2504
-2452
-2376
-2200
-2004
-1774
-1589
-1362
-1137
-847
-585
-328
-90
133
320
454
637
777
952
1062
1162
1194
1289
1386
1492
1538
1524
1542
1569
1622
1607
1587
1505
1458
1377
1291
1149
1020
878
701
501
299
159
22
-97
-251
-354
-434
-428
-375
-293
-224
-101
81
287
522
735
939
1107
1278
1392
1480
1480
1453
1341
1145
873
576
265
-115
-527
-980
-1340
-1669
-1906
-2181
-2399
-2579
-2629
-2565
-2565
-2528
-2485
-2350
-2189
-1920
-1702
-1442
-1189
-909
-597
-339
-43
206
497
671
839
972
1131
1265
1377
1427
1418
1485
1539
1626
1608
1596
1570
1598
1593
1574
1531
1469
1410
1325
1232
1079
984
842
691
475
290
117
-22
-165
-309
-426
-526
-518
-484
-404
-340
-191
-32
185
400
625
835
1011
1186
1296
1384
1388
1381
1259
1062
774
479
139
-256
-667
-1120
-1465
-1787
-2032
-2280
-2495
-2664
-2708
-2670
-2679
-2623
-2575
-2452
-2292
-2046
-1825
-1583
-1327
-1070
-780
-555
-297
-83
171
327
478
612
747
884
981
1040
1055
1143
1214
1315
1327
1353
1368
1420
1449
1453
1448
1405
1379
1313
1247
1116
1032
894
750
550
379
216
95
-18
-161
-252
-324
-291
-223
-120
-52
115
288
520
745
964
1163
1328
1472
1552
1619
1594
1535
1357
1135
810
503
152
-239
-623
-1007
-1314
-1593
-1797
-2019
-2187
-2357
-2377
-2377
-2376
-2355
-2312
-2164
-1995
-1743
-1522
-1265
-1013
-707
-428
-170
92
346
605
758
919
1036
1182
1286
1352
1354
1357
1389
1417
1430
1368
1337
1293
1291
1241
1196
1121
1037
961
870
754
612
494
340
179
-46
-227
-414
-557
-713
-861
-944
-997
-950
-876
-768
-631
-406
-183
80
332
587
839
1028
1209
1314
1387
1373
1291
1110
858
537
204
-181
-591
-997
-1376
-1660
-1913
-2086
-2262
-2388
-2494
-2467
-2456
-2443
-2406
-2334
-2174
-1999
-1776
-1616
-1376
-1161
-863
-602
-336
-72
193
438
588
780
914
1091
1193
1283
1286
1324
1370
1432
1466
1438
1435
1426
1463
1440
1438
1375
1340
1295
1250
1156
1045
938
795
633
415
238
47
-107
-277
-411
-538
-580
-559
-494
-400
-298
-121
86
339
581
839
1041
1228
1371
1478
1521
1506
1421
1226
971
650
321
-35
-426
-803
-1127
-1397
-1596
-1772
-1940
-2083
-2204
-2240
-2231
-2263
-2254
-2249
-2195
-2062
-1892
-1703
-1510
-1300
-1041
-757
-496
-200
66
339
532
720
907
1056
1191
1272
1303
1314
1364
1401
1433
1390
1374
1346
1335
1319
1288
1253
1177
1118
1044
954
846
738
585
427
227
45
-135
-312
-474
-632
-762
-866
-886
-870
-816
-743
-621
-471
-256
-17
222
449
630
804
929
1021
1044
1010
887
674
412
116
-204
-550
-896
-1210
-1446
-1631
-1771
-1896
-2036
-2157
-2264
-2276
-2272
-2273
-2237
-2188
-2080
-1902
-1685
-1481
-1268
-1064
-794
-509
-211
102
381
655
859
1068
1257
1432
1574
1658
1679
1711
1770
1828
1868
1826
1785
1718
1658
1579
1495
1389
1269
1154
1049
950
840
726
571
412
214
27
-151
-297
-473
-641
-759
-837
-834
-793
-709
-602
-431
-236
26
281
544
787
981
1167
1296
1397
1389
1328
1173
949
653
349
34
-303
-620
-934
-1145
-1328
-1411
-1532
-1663
-1783
-1897
-1955
-1981
-2007
-2024
-2003
-2006
-1890
-1748
-1584
-1417
-1259
-1031
-758
-481
-195
62
312
539
723
926
1081
1234
1329
1353
1358
1375
1403
1405
1366
1312
1247
1199
1180
1134
1092
1003
921
857
759
647
502
318
107
-106
-317
-525
-707
-864
-1046
-1199
-1282
-1300
-1248
-1164
-1049
-876
-662
-399
-110
165
450
699
930
1126
1287
1390
1396
1320
1166
938
668
376
76
-212
-504
-735
-895
-978
-1059
-1148
-1258
-1373
-1487
-1583
-1642
-1717
-1767
-1819
-1848
-1804
-1692
-1601
-1511
-1414
-1258
-1026
-815
-579
-384
-192
-15
134
273
374
465
527
543
531
558
599
641
634
619
611
645
716
777
832
840
868
905
925
907
864
790
686
556
395
232
53
-89
-260
-443
-558
-622
-609
-549
-486
-356
-148
71
367
624
886
1170
1388
1598
1722
1814
1825
1721
1535
1292
979
655
314
-9
-307
-526
-671
-776
-817
-943
-1034
-1176
-1314
-1460
-1558
-1661
-1761
-1861
-2003
-2049
-2054
-1937
-1854
-1692
-1510
-1209
-889
-606
-329
-137
140
331
543
685
819
926
986
974
953
982
979
959
853
777
686
672
643
627
545
483
474
452
425
341
271
150
27
-150
-310
-486
-610
-758
-920
-1069
-1134
-1097
-1044
-936
-808
-599
-363
-59
222
533
828
1118
1355
1535
1698
1769
1757
1617
1440
1190
923
612
353
88
-150
-286
-368
-395
-442
-536
-662
-798
-951
-1101
-1238
-1324
-1451
-1558
-1704
-1770
-1737
-1696
-1652
-1585
-1438
-1193
-926
-704
-472
-286
-31
126
263
369
456
561
567
547
509
554
585
597
555
519
509
576
647
693
731
737
769
775
762
685
575
434
269
35
-201
-418
-625
-826
-1048
-1203
-1267
-1258
-1195
-1083
-923
-677
-394
-83
273
612
970
1275
1523
1734
1877
1966
1901
1767
1541
1271
960
632
336
38
-179
-351
-436
-473
-465
-528
-606
-765
-926
-1132
-1311
-1426
-1635
-1785
-2027
-2109
-2137
-2117
-2061
-1982
-1784
-1494
-1147
-845
-474
-152
223
504
779
1020
1241
1429
1516
1591
1602
1660
1662
1668
1604
1560
1524
1542
1562
1557
1536
1464
1423
1365
1324
1214
1118
969
816
607
382
171
-51
-253
-478
-662
-785
-822
-803
-692
-570
-371
-119
164
508
821
1135
1398
1619
1798
1896
1934
1866
1691
1430
1103
762
425
119
-149
-379
-510
-529
-533
-531
-600
-714
-886
-1094
-1310
-1480
-1626
-1838
-2021
-2189
-2238
-2197
-2115
-2039
-1914
-1783
-1566
-1314
-1070
-770
-563
-331
-168
13
180
338
451
527
554
539
562
564
582
517
444
341
327
354
389
400
352
328
302
283
247
230
166
84
-65
-226
-397
-547
-705
-868
-998
-1068
-1030
-935
-784
-595
-329
-19
356
726
1136
1510
1836
2104
2298
2464
2529
2483
2313
2076
1762
1451
1102
794
507
236
82
-4
28
85
112
45
-77
-275
-506
-760
-958
-1174
-1417
-1665
-1917
-2044
-2128
-2139
-2166
-2149
-2056
-1838
-1630
-1385
-1133
-902
-591
-365
-101
126
299
367
408
431
486
571
611
614
587
573
579
682
769
883
935
972
1042
1082
1087
1040
963
834
652
398
161
-97
-341
-583
-820
-998
-1082
-1089
-1013
-874
-671
-396
-105
268
668
1072
1452
1771
2025
2238
2334
2363
2244
2027
1744
1363
1003
610
318
36
-162
-260
-240
-164
-96
-97
-204
-345
-560
-769
-1011
-1169
-1389
-1634
-1969
-2282
-2482
-2592
-2624
-2608
-2465
-2257
-1902
-1572
-1173
-827
-435
-34
288
618
890
1160
1238
1236
1130
1047
954
911
903
879
872
890
994
1076
1180
1209
1259
1294
1311
1254
1157
1017
818
566
230
-84
-422
-705
-1013
-1269
-1460
-1526
-1498
-1394
-1200
-970
-647
-290
133
552
979
1341
1685
1921
2095
2200
2165
2040
1760
1447
1077
728
395
144
-84
-215
-262
-218
-102
-24
14
-52
-112
-269
-438
-631
-782
-982
-1187
-1417
-1608
-1711
-1805
-1860
-1923
-1875
-1801
-1621
-1445
-1235
-1100
-947
-857
-790
-637
-511
-351
-256
-125
-121
-102
-97
-65
-80
-93
-72
-47
98
232
389
470
573
656
744
775
753
673
526
323
57
-204
-487
-734
-1004
-1210
-1314
-1324
-1273
-1116
-888
-579
-201
197
672
1143
1613
2016
2328
2610
2792
2865
2800
2584
2312
1932
1513
1123
764
481
232
54
-9
62
161
191
185
131
-8
-231
-524
-839
-1136
-1435
-1782
-2101
-2383
-2521
-2469
-2323
-2115
-1909
-1645
-1313
-1062
-841
-690
-558
-354
-153
99
308
527
697
802
845
781
710
656
546
376
236
154
200
252
313
347
385
434
471
489
446
349
194
-29
-322
-614
-928
-1221
-1484
-1726
-1864
-1895
-1835
-1659
-1435
-1152
-760
-319
169
653
1129
1599
1960
2280
2487
2594
2611
2470
2237
1909
1570
1219
891
604
400
269
232
297
465
633
714
766
729
656
497
272
10
-223
-519
-854
-1227
-1543
-1727
-1832
-1841
-1835
-1805
-1879
-1966
-1968
-1729
-1520
-1215
-922
-731
-533
-467
-384
-432
-460
-542
-569
-572
-563
-560
-558
-547
-465
-257
-75
108
209
341
453
558
564
493
361
159
-113
-452
-781
-1115
-1362
-1606
-1786
-1885
-1856
-1711
-1500
-1200
-820
-370
134
661
1139
1650
2085
2455
2713
2876
2958
2895
2705
2401
2043
1676
1320
977
738
547
476
466
558
728
858
939
907
819
641
411
57
-306
-638
-960
-1344
-1697
-1899
-1916
-1761
-1670
-1603
-1625
-1594
-1541
-1472
-1236
-958
-685
-386
-129
103
381
565
669
682
635
559
448
342
231
130
-4
3
78
189
249
297
366
418
452
381
256
53
-200
-552
-919
-1272
-1586
-1855
-2064
-2207
-2225
-2163
-1984
-1695
-1336
-879
-410
132
680
1219
1715
2147
2484
2753
2862
2885
2764
2541
2237
1829
1454
1056
758
508
362
273
278
372
474
509
502
446
289
87
-121
-351
-647
-926
-1263
-1537
-1859
-2078
-2213
-2283
-2300
-2517
-2721
-2845
-2827
-2817
-2696
-2507
-2164
-1852
-1645
-1462
-1407
-1302
-1273
-1265
-1304
-1273
-1263
-1193
-1118
-1003
-880
-716
-454
-201
57
217
389
510
640
662
574
415
189
-117
-480
-856
-1221
-1512
-1761
-1934
-2029
-1983
-1848
-1567
-1214
-775
-288
263
839
1408
1922
2399
2781
3066
3269
3308
3314
3122
2888
2528
2168
1794
1434
1130
866
735
626
631
696
844
877
880
769
576
325
43
-368
-846
-1293
-1814
-2239
-2732
-3093
-3349
-3417
-3419
-3275
-2994
-2643
-2192
-1729
-1152
-548
149
685
1152
1472
1682
1750
1671
1536
1308
1121
895
728
534
421
308
275
301
327
348
313
299
259
190
12
-188
-473
-782
-1190
-1604
-2005
-2364
-2650
-2931
-3040
-3055
-2947
-2723
-2362
-1940
-1378
-781
-162
479
1082
1658
2123
2549
2858
3045
3106
3048
2841
2605
2255
1881
1498
1114
840
605
493
415
471
584
730
841
890
872
752
553
259
-136
-588
-959
-1447
-1896
-2341
-2673
-2769
-2700
-2556
-2360
-2114
-1920
-1678
-1291
-707
-184
376
785
1144
1432
1608
1745
1739
1628
1407
1175
897
731
592
521
451
471
559
643
748
776
832
870
900
817
644
390
74
-331
-787
-1238
-1645
-1976
-2298
-2475
-2524
-2476
-2317
-2060
-1708
-1227
-709
-172
416
1011
1590
2043
2448
2786
2998
3117
3048
2872
2625
2266
1859
1415
991
614
301
42
-158
-191
-169
-132
-70
-32
-40
-155
-354
-641
-952
-1331
-1682
-1999
-2310
-2572
-2817
-2868
-2762
-2538
-2346
-2167
-1872
-1403
-875
-368
140
593
1053
1365
1584
1718
1796
1713
1513
1243
1038
854
658
542
391
289
197
264
360
508
623
692
773
839
867
745
565
291
-64
-524
-970
-1429
-1828
-2183
-2486
-2647
-2702
-2610
-2414
-2112
-1711
-1193
-659
-66
557
1192
1728
2204
2623
2943
3166
3230
3169
2991
2747
2365
1960
1541
1131
740
403
170
-21
-99
-117
-65
12
69
37
-48
-211
-453
-768
-1184
-1582
-1891
-2149
-2458
-2641
-2732
-2653
-2436
-2205
-1925
-1611
-1232
-930
-661
-322
-36
295
632
908
1087
1140
1104
975
783
483
230
-12
-174
-261
-294
-271
-171
25
215
378
496
631
726
769
710
563
319
-4
-407
-860
-1303
-1743
-2107
-2429
-2637
-2694
-2658
-2489
-2203
-1853
-1383
-802
-199
440
1087
1694
2248
2718
3107
3359
3511
3524
3363
3148
2817
2434
2008
1561
1140
754
470
272
146
69
65
106
212
240
184
48
-237
-568
-974
-1439
-1881
-2269
-2671
-3019
-3278
-3372
-3293
-3033
-2750
-2448
-2044
-1550
-992
-402
170
580
986
1244
1430
1475
1489
1428
1253
1054
815
655
473
399
369
420
492
658
869
1044
1218
1345
1469
1547
1601
1498
1311
1018
650
203
-291
-795
-1269
-1675
-2048
-2299
-2412
-2350
-2232
-1995
-1679
-1241
-680
-111
466
1065
1618
2118
2534
2861
3156
3277
3289
3110
2910
2637
2274
1887
1453
1076
715
403
142
13
-107
-203
-268
-247
-210
-280
-469
-771
-1086
-1461
-1879
-2399
-2799
-3121
-3490
-3814
-4046
-4023
-3830
-3510
-3188
-2747
-2195
-1561
-911
-303
274
697
1073
1298
1474
1548
1509
1371
1169
970
757
627
497
448
415
438
503
659
846
986
1084
1122
1153
1138
1062
845
555
173
-257
-743
-1229
-1715
-2161
-2554
-2870
-3028
-3081
-2962
-2752
-2422
-2020
-1528
-972
-330
282
894
1463
1954
2420
2769
3066
3208
3284
3212
3062
2836
2575
2254
1879
1510
1129
840
577
395
226
80
-56
-138
-204
-279
-474
-795
-1167
-1598
-2001
-2502
-3012
-3423
-3760
-4088
-4314
-4410
-4278
-3970
-3575
-3128
-2569
-1841
-1081
-371
262
829
1283
1696
1958
2133
2195
2169
2062
1881
1698
1479
1338
1171
1090
1031
1006
1022
1119
1259
1376
1482
1550
1618
1610
1508
1245
911
494
9
-526
-1093
-1671
-2172
-2607
-2959
-3177
-3250
-3118
-2885
-2561
-2170
-1679
-1088
-477
94
651
1155
1647
2072
2401
2674
2857
2933
2878
2777
2625
2416
2123
1804
1469
1187
916
660
459
272
124
-74
-237
-328
-377
-514
-752
-1032
-1332
-1651
-2018
-2427
-2877
-3187
-3489
-3728
-3902
-3909
-3757
-3458
-2998
-2507
-1849
-1132
-356
232
762
1142
1356
1530
1542
1575
1447
1309
1148
988
777
545
377
269
261
265
322
386
589
791
978
1115
1212
1243
1212
1087
836
515
105
-332
-829
-1318
-1824
-2234
-2582
-2851
-3041
-3128
-3060
-2805
-2481
-2138
-1686
-1166
-553
65
633
1162
1691
2148
2527
2794
3067
3217
3252
3180
3025
2910
2695
2429
2098
1805
1527
1260
957
706
518
347
137
-79
-199
-352
-533
-848
-1174
-1486
-1800
-2161
-2563
-2946
-3320
-3588
-3800
-3974
-4004
-3882
-3669
-3213
-2706
-2099
-1429
-739
-5
637
1264
1689
1994
2179
2282
2257
2100
1944
1731
1505
1232
1050
909
825
791
779
817
889
1025
1142
1270
1355
1374
1313
1226
1024
732
348
-80
-555
-1074
-1567
-2038
-2378
-2671
-2910
-3072
-3098
-2964
-2686
-2402
-2034
-1549
-1003
-403
192
734
1270
1778
2190
2507
2772
3040
3142
3188
3102
3026
2925
2729
2471
2202
1976
1719
1466
1177
988
774
561
268
34
-185
-415
-630
-891
-1125
-1377
-1657
-2052
-2415
-2801
-3194
-3676
-4060
-4283
-4433
-4515
-4549
-4372
-3960
-3346
-2736
-2069
-1405
-691
-79
468
971
1345
1650
1712
1746
1683
1589
1436
1203
960
760
638
533
506
510
555
616
766
929
1093
1186
1191
1135
1019
847
546
166
-288
-760
-1284
-1764
-2199
-2568
-2889
-3146
-3266
-3290
-3151
-2933
-2579
-2162
-1718
-1195
-662
-84
532
1033
1478
1928
2286
2653
2860
3063
3174
3192
3217
3086
3035
2897
2724
2529
2298
2123
1946
1758
1533
1299
1052
813
533
273
36
-199
-455
-759
-1027
-1313
-1668
-2054
-2456
-2824
-3200
-3586
-3858
-4015
-4077
-4077
-3998
-3701
-3221
-2585
-1968
-1384
-778
-162
359
758
1086
1271
1440
1506
1536
1472
1388
1286
1134
1036
903
849
803
856
935
998
1069
1157
1261
1309
1283
1151
971
736
469
62
-414
-932
-1449
-1978
-2478
-2918
-3278
-3540
-3737
-3814
-3787
-3607
-3340
-2995
-2581
-2127
-1644
-1135
-605
-44
476
910
1344
1732
2119
2414
2648
2858
2993
3123
3130
3136
3117
3009
2859
2658
2472
2271
2043
1772
1491
1202
939
637
349
24
-328
-671
-990
-1248
-1476
-1688
-1930
-2131
-2367
-2577
-2808
-3046
-3331
-3609
-3766
-3858
-3896
-3784
-3534
-3159
-2591
-2010
-1376
-733
-99
529
1049
1557
1935
2212
2410
2490
2514
2442
2344
2225
2065
1865
1675
1548
1463
1426
1386
1349
1325
1334
1313
1244
1131
934
681
383
32
-375
-820
-1271
-1723
-2169
-2573
-2937
-3203
-3382
-3479
-3485
-3411
-3208
-2900
-2569
-2186
-1742
-1265
-788
-313
140
596
1045
1432
1785
2107
2432
2690
2895
3053
3194
3274
3291
3222
3129
2985
2762
2531
2225
1954
1635
1296
922
606
310
7
-302
-551
-723
-912
-1059
-1218
-1298
-1369
-1443
-1575
-1747
-1961
-2218
-2517
-2850
-3142
-3396
-3513
-3543
-3483
-3333
-3045
-2600
-1983
-1293
-626
5
562
1162
1635
2054
2328
2452
2550
2517
2402
2171
1938
1656
1369
1136
991
960
989
1038
1069
1125
1212
1340
1396
1367
1246
1052
782
473
97
-345
-834
-1345
-1845
-2350
-2775
-3138
-3372
-3516
-3559
-3486
-3282
-2959
-2552
-2125
-1699
-1204
-698
-227
188
561
878
1238
1532
1752
1983
2193
2399
2556
2712
2864
3005
3106
3136
3101
3116
3047
2898
2689
2423
2184
1855
1483
1105
754
382
21
-322
-575
-756
-906
-1055
-1179
-1216
-1298
-1366
-1459
-1539
-1672
-1844
-2114
-2442
-2751
-3078
-3417
-3730
-3824
-3813
-3668
-3448
-3101
-2587
-1885
-1207
-594
15
598
1205
1603
1947
2152
2322
2385
2311
2197
2008
1855
1647
1436
1206
1068
967
922
924
942
930
929
949
921
863
690
443
118
-235
-645
-1102
-1608
-2079
-2535
-2952
-3284
-3534
-3655
-3711
-3656
-3516
-3267
-2920
-2496
-2079
-1656
-1229
-794
-378
6
318
578
839
1077
1289
1524
1753
1987
2222
2430
2666
2904
3141
3276
3385
3413
3432
3326
3178
2930
2618
2287
1836
1463
1047
683
308
-15
-303
-484
-646
-780
-862
-884
-873
-886
-876
-924
-979
-1098
-1250
-1483
-1695
-1969
-2251
-2526
-2797
-3016
-3200
-3197
-3047
-2801
-2424
-1974
-1403
-667
27
721
1293
1849
2400
2812
3151
3308
3376
3359
3234
3038
2781
2527
2280
2001
1716
1477
1332
1226
1135
1057
983
950
941
877
764
576
310
-14
-389
-789
-1226
-1711
-2173
-2604
-2989
-3271
-3477
-3550
-3526
-3421
-3223
-2936
-2548
-2108
-1697
-1299
-917
-541
-194
123
385
556
728
854
1029
1211
1374
1563
1736
1963
2257
2481
2760
2966
3116
3255
3268
3292
3196
3008
2731
2348
1948
1553
1113
694
265
-113
-432
-689
-850
-966
-1020
-1059
-1054
-1031
-969
-920
-906
-961
-1027
-1137
-1267
-1434
-1661
-1898
-2189
-2478
-2755
-2992
-3159
-3216
-3148
-2925
-2630
-2223
-1750
-1183
-496
158
770
1299
1772
2199
2473
2647
2686
2640
2573
2400
2217
1979
1763
1567
1377
1226
1126
1086
1088
1100
1110
1126
1129
1130
1062
928
698
395
46
-340
-756
-1212
-1673
-2088
-2446
-2732
-2935
-3055
-3048
-2941
-2760
-2512
-2194
-1816
-1411
-1050
-719
-411
-127
105
269
374
457
538
576
618
689
785
945
1090
1265
1513
1787
2127
2348
2575
2793
2925
3038
3011
2922
2778
2521
2212
1820
1446
1103
692
329
3
-183
-322
-434
-486
-467
-381
-291
-203
-109
-17
26
3
-109
-199
-357
-594
-889
-1228
-1529
-1816
-2118
-2389
-2622
-2778
-2875
-2955
-2855
-2643
-2348
-1993
-1656
-1203
-692
-155
316
690
1044
1363
1612
1765
1865
1916
1922
1839
1767
1679
1653
1608
1542
1499
1461
1509
1535
1573
1593
1573
1509
1424
1300
1153
915
595
232
-145
-510
-889
-1270
-1629
-1927
-2172
-2335
-2431
-2416
-2352
-2233
-2080
-1885
-1637
-1377
-1129
-933
-756
-596
-450
-331
-233
-174
-113
-49
42
167
302
476
674
887
1137
1393
1651
1906
2106
2273
2387
2453
2475
2409
2279
2087
1842
1573
1285
993
689
416
168
-39
-182
-275
-325
-345
-341
-311
-268
-225
-188
-194
-214
-271
-361
-468
-605
-756
-926
-1116
-1303
-1461
-1613
-1743
-1854
-1942
-2004
-2053
-2079
-2076
-2049
-1934
-1774
-1609
-1395
-1192
-904
-562
-235
100
380
676
966
1217
1448
1622
1767
1868
1930
1956
1940
1933
1888
1821
1728
1610
1525
1434
1336
1222
1075
930
791
617
446
236
18
-202
-429
-642
-865
-1086
-1314
-1501
-1671
-1810
-1909
-1968
-1993
-1994
-1966
-1893
-1773
-1618
-1454
-1291
-1122
-937
-752
-571
-402
-253
-100
44
176
310
454
597
725
852
970
1125
1273
1401
1524
1599
1701
1756
1785
1809
1766
1713
1621
1485
1378
1216
1063
884
694
541
388
278
160
80
15
-36
-63
-75
-78
-72
-90
-101
-128
-159
-180
-257
-327
-424
-527
-644
-769
-896
-1018
-1162
-1305
-1442
-1565
-1673
-1782
-1883
-1988
-2041
-2049
-1975
-1864
-1721
-1553
-1351
-1061
-728
-398
-62
236
555
839
1104
1343
1502
1653
1717
1768
1754
1742
1716
1654
1571
1458
1370
1292
1231
1145
1043
913
823
715
601
462
293
104
-121
-343
-584
-827
-1071
-1316
-1550
-1755
-1916
-2012
-2072
-2088
-2084
-2038
-1948
-1806
-1643
-1484
-1321
-1161
-985
-835
-681
-553
-431
-312
-222
-122
-22
105
248
361
490
627
774
936
1077
1202
1325
1409
1478
1518
1508
1501
1426
1316
1193
1052
906
739
558
403
261
145
44
-27
-71
-88
-89
-101
-68
-39
-16
-5
-20
-25
-41
-85
-130
-197
-266
-336
-424
-498
-561
-622
-688
-759
-813
-867
-915
-993
-1079
-1170
-1264
-1375
-1488
-1594
-1630
-1624
-1606
-1527
-1451
-1261
-1016
-739
-444
-138
164
512
814
1088
1348
1532
1700
1769
1828
1809
1793
1718
1621
1502
1363
1245
1134
1047
963
872
783
745
681
637
551
458
348
215
58
-122
-312
-510
-714
-927
-1118
-1281
-1400
-1488
-1534
-1553
-1519
-1433
-1302
-1141
-978
-798
-611
-428
-258
-100
25
141
226
284
343
392
441
486
528
574
643
722
801
891
970
1048
1120
1163
1217
1231
1215
1183
1100
1014
909
771
635
478
326
192
56
-46
-132
-190
-236
-255
-250
-225
-183
-148
-111
-81
-59
-41
-45
-70
-97
-156
-221
-296
-379
-459
-544
-636
-724
-805
-870
-927
-997
-1048
-1091
-1151
-1211
-1289
-1363
-1451
-1545
-1634
-1702
-1710
-1704
-1652
-1578
-1478
-1276
-1035
-778
-476
-203
114
425
694
978
1187
1390
1528
1619
1670
1688
1692
1647
1593
1505
1415
1344
1277
1222
1167
1091
1049
1002
953
904
816
725
611
467
313
141
-42
-230
-422
-615
-791
-929
-1034
-1105
-1150
-1156
-1108
-1020
-899
-763
-613
-456
-282
-133
20
152
266
368
443
514
568
624
668
728
793
858
930
1012
1097
1191
1259
1334
1392
1441
1463
1453
1423
1367
1291
1172
1051
899
769
604
448
306
183
78
-20
-81
-129
-144
-157
-153
-137
-101
-77
-62
-54
-43
-45
-71
-102
-144
-184
-230
-291
-347
-394
-440
-479
-521
-551
-577
-595
-629
-661
-697
-737
-781
-865
-943
-1042
-1160
-1274
-1413
-1528
-1599
-1629
-1639
-1602
-1529
-1414
-1212
-985
-738
-452
-199
87
358
595
829
1000
1139
1227
1285
1302
1292
1266
1224
1169
1094
1028
985
949
921
889
848
838
806
773
722
642
560
444
304
151
-7
-174
-344
-512
-669
-790
-884
-944
-968
-969
-926
-854
-754
-629
-493
-358
-222
-90
25
140
243
323
398
445
488
550
599
655
715
757
839
921
990
1084
1145
1220
1259
1292
1324
1321
1312
1251
1193
1106
1006
909
777
661
546
415
328
230
171
121
72
60
43
53
64
79
98
108
113
112
103
93
59
26
-20
-72
-109
-163
-197
-240
-285
-320
-353
-380
-408
-440
-473
-510
-559
-604
-663
-725
-800
-886
-976
-1069
-1163
-1254
-1343
-1421
-1480
-1513
-1497
-1448
-1363
-1260
-1115
-941
-728
-502
-282
-55
154
359
538
691
823
925
999
1040
1054
1055
1052
1041
1015
981
950
921
907
887
865
844
808
773
721
655
578
475
359
229
87
-63
-197
-331
-458
-565
-654
-715
-744
-744
-716
-669
-598
-509
-399
-281
-171
-60
37
134
227
308
377
429
472
516
550
593
632
670
719
757
813
862
917
963
1002
1037
1049
1056
1043
1010
962
892
806
714
606
496
387
285
186
101
34
-16
-44
-56
-60
-47
-33
-5
19
39
55
52
49
35
11
-21
-63
-112
-158
-206
-245
-283
-314
-335
-357
-370
-378
-384
-386
-397
-416
-437
-468
-502
-548
-611
-673
-740
-816
-878
-946
-996
-1042
-1079
-1090
-1089
-1056
-992
-917
-811
-683
-555
-401
-246
-84
75
226
363
481
589
676
754
806
837
862
871
872
865
849
837
815
790
769
741
709
678
632
580
524
453
376
289
197
98
-5
-104
-196
-282
-358
-414
-459
-482
-488
-476
-442
-393
-333
-263
-184
-100
-12
74
153
227
298
360
419
469
518
558
582
610
636
663
688
713
738
759
780
783
781
780
747
711
660
587
511
421
319
215
112
21
-69
-142
-203
-248
-279
-291
-294
-286
-261
-238
-214
-187
-161
-145
-136
-136
-140
-155
-178
-201
-230
-254
-275
-295
-307
-319
-323
-326
-329
-322
-325
-329
-334
-341
-358
-375
-400
-433
-470
-512
-552
-593
-636
-666
-692
-712
-723
-731
-724
-702
-675
-632
-582
-514
-436
-370
-282
-199
-108
-21
55
139
213
286
353
406
470
516
561
595
625
663
685
708
719
724
728
725
713
697
670
645
609
566
527
479
436
390
342
299
257
224
191
164
142
126
117
114
115
117
124
135
148
161
183
196
215
232
245
263
277
296
319
342
370
394
420
445
468
481
492
498
490
473
447
411
380
340
298
250
200
156
115
74
40
14
-12
-22
-30
-36
-34
-31
-41
-52
-64
-75
-88
-103
-122
-137
-149
-166
-175
-180
-180
-179
-178
-173
-170
-164
-157
-152
-152
-153
-157
-165
-171
-182
-192
-206
-224
-238
-256
-273
-283
-300
-309
-316
-321
-319
-325
-320
-315
-311
-300
-293
-275
-260
-249
-232
-208
-191
-166
-136
-121
-84
-57
-31
12
43
85
118
153
190
221
252
279
311
335
364
384
391
416
428
437
452
455
466
478
480
487
494
499
502
506
500
507
503
489
486
466
448
426
391
370
340
301
270
232
194
155
122
80
45
13
-19
-40
-62
-70
-75
-90
-98
-106
-117
-118
-129
-139
-145
-160
-173
-184
-193
-195
-200
-202
-199
-203
-201
-198
-187
-177
-168
-158
-145
-136
-124
-109
-101
-93
-81
-75
-68
-60
-55
-51
-52
-46
-44
-45
-41
-37
-37
-36
-32
-32
-28
-21
-20
-23
-14
-14
-10
2
9
26
41
49
70
83
100
120
141
162
180
192
208
221
228
238
246
249
258
258
257
258
255
259
257
256
262
262
261
264
260
257
258
252
244
228
215
199
174
153
131
108
83
62
36
11
-10
-38
-64
-81
-95
-107
-112
-117
-113
-109
-104
-89
-70
-51
-21
4
28
50
67
82
85
88
84
85
82
72
69
73
61
58
58
52
55
55
52
45
42
32
20
11
-1
-12
-26
-34
-44
-53
-55
-60
-54
-42
-32
-22
-9
0
8
21
29
40
50
63
70
77
90
98
112
123
136
145
152
164
171
182
185
190
197
203
209
213
219
227
236
248
258
268
279
290
306
317
329
345
358
368
375
384
387
390
393
391
390
388
385
381
371
361
355
343
332
313
299
291
281
277
262
252
241
229
219
207
195
180
164
148
128
113
97
76
60
44
19
0
-21
-44
-64
-86
-113
-136
-159
-182
-210
-240
-270
-299
-327
-356
-382
-411
-438
-463
-485
-510
-542
-563
-583
-597
-599
-605
-614
-620
-625
-630
-636
-636
-640
-645
-644
-645
-638
-630
-619
-604
-589
-574
-552
-529
-507
-482
-457
-430
-401
-370
-339
-313
-290
-267
-251
-232
-210
-187
-161
-141
-113
-92
-68
-49
-33
-14
0
14
30
45
56
66
71
76
84
90
94
98
102
108
114
119
127
133
140
146
151
155
164
173
180
183
186
191
194
195
193
194
196
193
195
193
191
190
189
194
193
196
194
196
199
192
194
187
182
177
165
160
148
136
127
111
98
87
76
63
56
44
36
28
19
10
4
-3
-9
-14
-21
-18
-28
-34
-40
-40
-43
-42
-42
-40
-34
-29
-22
-18
-10
-3
-1
3
5
9
4
-2
-6
-12
-25
-35
-49
-64
-79
-98
-114
-129
-142
-156
-167
-173
-175
-175
-179
-179
-178
-179
-178
-181
-186
-190
-196
-202
-213
-220
-229
-239
-247
-255
-256
-262
-269
-271
-264
-263
-260
-252
-247
-242
-233
-226
-218
-210
-203
-194
-189
-185
-182
-178
-172
-168
-162
-157
-151
-142
-134
-124
-115
-103
-93
-87
-78
-72
-66
-61
-58
-52
-47
-48
-43
-39
-34
-30
-24
-20
-12
-1
4
15
20
31
36
40
47
56
62
63
67
70
64
62
61
58
60
58
58
57
56
53
52
50
49
50
47
47
41
40
36
32
29
27
21
20
18
16
13
11
9
6
6
1
-2
-5
-12
-18
-22
-27
-30
-37
-43
-46
-52
-53
-56
-60
-63
-71
-68
-70
-70
-70
-66
-64
-65
-68
-66
-60
-62
-64
-65
-69
-74
-78
-82
-86
-89
-94
-96
-99
-104
-105
-105
-102
-96
-94
-89
-82
-73
-65
-56
-49
-42
-40
-37
-32
-33
-33
-32
-26
-26
-22
-15
-10
-5
0
11
16
22
29
36
45
54
54
57
58
57
55
53
50
50
47
44
40
42
38
35
39
37
40
45
50
49
50
47
41
40
33
24
18
13
4
-7
-16
-23
-28
-33
-36
-40
-45
-44
-43
-43
-46
-44
-47
-49
-50
-53
-56
-59
-60
-64
-69
-74
-76
-83
-87
-89
-93
-96
-100
-100
-100
-101
-108
-110
-113
-119
-124
-131
-138
-150
-156
-164
-177
-182
-190
-196
-201
-203
-206
-209
-209
-211
-210
-207
-209
-206
-202
-204
-205
-204
-201
-207
-210
-211
-215
-219
-225
-224
-224
-225
-226
-220
-219
-215
-206
-211
-212
-210
-207
-211
-214
-211
-207
-211
-214
-218
-216
-217
-218
-214
-213
-207
-202
-196
-192
-183
-177
-170
-160
-153
-146
-142
-135
-131
-129
-128
-123
-120
-116
-113
-109
-102
-99
-92
-87
-84
-78
-71
-64
-56
-48
-42
-31
-26
-21
-14
-7
-2
-4
1
8
11
14
18
24
26
28
34
36
37
37
37
37
36
36
31
28
25
20
17
11
5
-1
-2
-8
-16
-22
-27
-31
-36
-40
-40
-40
-39
-39
-37
-36
-37
-37
-34
-32
-29
-26
-26
-24
-23
-19
-15
-14
-9
-5
-4
3
9
11
17
20
23
25
28
34
35
40
43
43
45
46
48
48
48
52
53
56
57
57
62
63
67
72
75
79
82
84
88
90
93
96
100
103
102
106
105
107
107
111
113
115
119
121
125
124
125
128
125
126
131
128
128
132
133
128
125
125
125
124
124
123
121
118
116
118
121
122
124
130
130
134
137
137
139
141
141
141
140
144
148
148
152
150
153
155
157
156
154
159
159
165
161
163
163
158
153
149
149
142
140
134
130
127
124
118
109
109
105
100
97
97
93
95
90
91
88
83
83
79
76
69
68
68
62
60
58
55
55
54
51
55
56
53
56
56
61
60
60
60
58
54
57
56
48
47
43
39
35
34
27
29
27
25
21
19
16
11
9
7
6
0
1
1
1
-2
-3
-3
-4
-3
-2
-3
-3
-2
0
2
1
3
1
3
6
4
5
2
-2
-4
-7
-10
-14
-15
-18
-18
-22
-24
-27
-25
-27
-26
-28
-30
-29
-32
-34
-36
-39
-41
-43
-47
-51
-51
-59
-62
-70
-72
-78
-80
-82
-82
-82
-81
-78
-81
-80
-79
-76
-79
-73
-72
-74
-77
-74
-71
-72
-71
-71
-68
-69
-65
-62
-61
-58
-55
-52
-50
-43
-38
-38
-34
-29
-26
-25
-26
-25
-25
-24
-20
-22
-23
-19
-21
-19
-16
-17
-19
-21
-18
-14
-16
-16
-20
-22
-21
-23
-26
-28
-28
-30
-34
-34
-34
-37
-36
-34
-35
-34
-34
-38
-36
-32
-32
-32
-35
-34
-39
-38
-37
-38
-37
-39
-35
-36
-35
-39
-34
-31
-27
-25
-25
-19
-17
-17
-17
-15
-15
-13
-14
-8
-10
-12
-12
-14
-14
-18
-21
-24
-25
-28
-31
-34
-36
-41
-41
-42
-43
-43
-47
-44
-46
-44
-46
-46
-45
-43
-39
-37
-34
-32
-29
-28
-25
-19
-18
-12
-12
-10
-10
-9
-6
-4
-2
0
3
8
12
13
19
17
20
15
20
22
21
24
25
28
27
25
24
20
19
17
16
14
13
7
6
6
7
9
6
7
8
8
6
5
4
6
4
4
7
9
11
11
14
11
12
11
9
12
13
14
15
14
13
13
11
9
4
3
-2
-6
-13
-18
-21
-27
-31
-35
-40
-46
-43
-48
-52
-52
-55
-53
-55
-58
-59
-61
-59
-60
-63
-65
-62
-66
-67
-68
-68
-68
-69
-66
-65
-63
-64
-62
-61
-59
-56
-57
-54
-52
-55
-52
-53
-54
-53
-53
-53
-52
-51
-49
-46
-41
-38
-34
-32
-29
-27
-22
-18
-17
-12
-8
-7
-5
-4
-3
-2
-2
0
-3
-3
-2
-3
1
0
-1
2
3
8
7
10
13
10
12
10
11
10
10
7
9
9
7
8
7
8
5
4
7
5
6
6
7
11
12
10
15
13
19
21
20
23
22
22
20
18
22
26
23
26
29
28
29
30
30
29
29
29
25
23
19
21
18
19
18
15
17
15
12
13
10
11
10
10
13
14
15
16
18
16
16
13
15
13
10
11
10
9
7
6
3
6
5
-1
-1
5
5
7
11
7
9
11
10
7
7
6
7
8
5
6
2
2
2
0
0
2
2
1
1
2
2
0
1
0
-1
-5
-8
-6
-5
-9
-7
-10
-12
-12
-13
-10
-13
-12
-10
-9
-10
-11
-13
-13
-14
-15
-14
-13
-15
-15
-20
-19
-20
-21
-21
-23
-21
-22
-22
-19
-17
-14
-14
-14
-14
-10
-8
-10
-10
-11
-10
-11
-13
-14
-14
-17
-18
-19
-18
-17
-21
-23
-22
-24
-26
-29
-25
-26
-30
-30
-31
-30
-31
-34
-36
-37
-41
-42
-45
-43
-40
-44
-40
-35
-37
-35
-36
-32
-30
-33
-34
-35
-34
-36
-35
-35
-39
-39
-42
-41
-46
-48
-48
-53
-52
-53
-54
-53
-52
-53
-53
-53
-50
-52
-52
-51
-52
-51
-54
-51
-49
-45
-45
-46
-45
-44
-43
-42
-42
-45
-41
-41
-39
-36
-35
-38
-36
-32
-33
-32
-29
-28
-31
-30
-28
-26
-27
-27
-31
-34
-35
-37
-36
-40
-38
-39
-39
-38
-41
-44
-43
-40
-42
-40
-39
-42
-40
-41
-40
-37
-33
-32
-31
-28
-32
-27
-25
-25
-25
-21
-21
-18
-17
-17
-14
-17
-16
-15
-17
-17
-15
-16
-16
-16
-12
-10
-11
-12
-10
-6
-4
-3
-2
3
5
6
7
6
7
4
6
5
4
3
1
2
-2
-2
0
0
2
3
3
7
7
8
10
9
12
14
10
13
13
13
12
10
14
13
19
17
15
15
15
18
17
20
21
23
21
20
23
24
22
23
27
24
21
22
20
18
22
22
24
25
24
24
26
23
23
24
23
22
19
19
18
17
14
15
14
12
11
13
11
8
13
13
14
17
17
21
25
20
20
19
19
24
25
25
26
26
25
27
29
28
30
31
33
32
34
33
36
35
34
36
35
40
38
36
37
34
35
30
33
32
35
34
32
34
35
36
33
33
33
35
36
37
34
30
31
30
26
23
21
20
20
18
18
20
19
20
18
17
18
18
19
19
20
20
18
16
14
15
16
17
16
17
16
21
16
16
19
16
20
21
20
24
26
24
26
27
25
24
21
19
18
14
14
16
16
18
15
16
16
18
18
21
21
17
12
17
17
13
15
13
13
12
9
9
10
9
10
9
10
10
9
11
11
12
12
15
14
14
14
11
9
11
12
6
10
9
11
10
10
12
11
12
9
10
13
9
13
15
19
18
16
12
13
14
13
13
12
11
11
9
7
6
9
3
3
7
7
7
8
7
10
13
9
11
10
11
14
10
12
13
11
11
12
12
11
12
15
15
16
18
17
19
20
19
20
18
19
19
19
22
22
19
21
19
17
19
18
20
17
17
19
22
20
18
19
19
20
20
23
22
24
24
22
21
20
20
22
21
23
21
18
22
20
20
17
17
15
16
13
15
15
11
12
8
10
7
9
9
8
8
12
15
11
14
15
11
12
13
12
15
16
16
18
22
27
21
26
29
25
23
21
24
27
24
27
22
22
24
22
26
23
24
22
23
19
19
22
21
17
17
18
19
18
16
12
12
9
10
12
10
12
12
13
13
14
15
12
13
14
10
11
15
16
16
15
16
17
17
11
10
15
14
14
14
16
15
15
15
13
13
12
12
13
14
16
15
13
9
9
8
9
10
9
8
9
9
6
5
5
6
6
7
7
8
8
4
2
2
-1
2
2
2
0
2
1
-1
-1
-4
-3
-2
0
-1
-5
-4
-5
-4
-3
-3
-2
-7
-3
-1
-4
-1
-4
-3
-1
-2
0
0
1
0
1
-1
0
1
3
0
0
1
0
1
1
5
5
6
5
5
3
3
3
1
0
2
1
-1
0
2
3
-1
1
-3
-5
-5
-11
-10
-9
-9
-3
-5
-6
-9
-8
-5
-8
-7
-8
-9
-6
-8
-8
-9
-5
-8
-8
-7
-8
-7
-9
-5
-3
-6
-8
-7
-6
-7
-9
-5
-7
-6
-8
-7
-7
-7
-10
-8
-7
-5
-5
-4
-2
-3
0
-1
-1
-1
0
0
2
4
-1
0
2
3
1
4
3
4
6
6
8
12
9
9
10
10
9
9
11
7
9
5
6
4
3
7
6
7
5
7
8
7
6
6
8
7
9
10
11
8
9
8
9
6
8
13
9
10
9
10
12
14
13
12
9
13
13
15
13
13
13
15
14
13
13
10
12
10
11
5
5
8
6
6
5
4
7
2
6
7
1
6
6
10
7
8
11
9
10
13
17
17
19
18
21
22
21
21
22
25
27
26
23
28
32
23
28
26
21
20
18
18
22
19
19
21
18
19
19
18
16
17
16
18
16
15
19
20
19
20
20
23
24
26
23
21
20
22
21
25
26
23
27
28
30
30
27
30
30
25
26
25
25
27
25
26
28
22
19
20
21
21
23
22
23
22
20
21
19
21
20
21
22
23
20
20
24
24
22
22
22
21
22
25
26
23
21
19
20
19
18
21
24
19
21
22
22
22
20
24
21
18
17
18
16
15
10
13
13
12
11
11
13
12
11
12
12
13
8
8
7
5
10
6
7
9
6
8
5
8
6
6
8
6
8
9
10
8
10
10
10
8
8
8
9
8
4
6
6
2
1
4
2
3
2
2
3
4
6
4
5
8
6
2
0
5
5
3
3
5
5
3
1
4
5
3
3
2
1
-1
3
1
4
4
2
5
5
3
1
1
1
-1
-1
-3
-3
-1
-4
-1
0
-2
-5
-4
-2
-3
-5
-1
0
0
2
0
-1
1
2
2
6
6
5
10
11
12
10
12
8
8
10
9
8
8
11
10
6
7
8
4
6
7
5
6
5
2
4
4
3
4
2
5
2
2
5
1
4
5
8
9
8
7
9
11
12
12
13
12
10
10
10
10
9
8
11
7
7
7
6
7
5
5
6
8
5
8
8
8
12
10
11
12
11
9
12
12
8
10
8
9
11
7
8
6
10
9
10
11
11
13
13
14
15
13
13
16
15
16
18
19
18
16
16
14
15
13
13
17
15
22
23
20
21
19
15
13
10
12
15
13
14
11
9
11
14
13
14
14
18
17
18
19
19
21
18
21
21
24
25
19
22
20
17
17
16
15
15
13
12
13
11
11
9
8
8
8
9
7
6
8
7
7
11
6
2
1
6
5
5
8
6
5
3
6
2
5
4
4
7
8
7
4
4
6
5
3
5
2
1
4
2
1
-1
1
-1
-2
-3
-4
-3
-6
-4
-4
-6
-5
-5
-1
-2
-2
-1
-1
-3
-4
-3
-4
-6
-2
-4
-4
-2
0
3
2
3
3
0
3
2
4
5
0
0
-1
-2
-4
-4
-3
-5
-6
-5
-4
-6
-4
-6
-5
-2
-1
0
-1
0
1
0
-1
3
1
0
0
-1
-2
-3
-7
-6
-5
-6
-5
-6
-6
-6
-8
-10
-12
-10
-6
-10
-3
0
-6
-10
-4
-4
-4
-1
-2
-3
0
-3
-3
-2
-6
-3
-4
-2
-1
-1
1
-2
-3
-7
-5
-5
-3
-3
-5
-4
-4
-4
-4
-5
-4
-7
-8
-6
-3
-3
0
0
-2
-3
-4
-5
-4
-7
-9
-7
-7
-6
-3
-5
-7
-9
-9
-10
-11
-9
-7
-7
-6
-4
-4
-7
-5
-3
-4
-3
-1
-1
-2
-3
-5
-5
-5
-3
-4
-1
-1
-1
-2
-4
-3
-2
-4
-6
-7
-8
-3
-4
-7
-7
-5
-6
-5
-4
-2
-4
-2
0
2
-1
-2
0
0
-3
0
1
5
2
3
6
2
5
5
6
10
9
4
4
7
9
8
9
10
12
11
10
11
12
13
12
10
12
10
10
12
13
10
8
15
16
16
17
15
13
14
15
16
16
18
16
16
18
23
18
17
19
13
15
12
10
12
13
11
11
9
11
8
9
9
6
7
5
5
4
2
1
0
5
5
5
6
6
7
6
5
4
6
6
6
5
6
6
7
7
5
6
7
5
4
4
5
4
7
5
7
6
0
3
2
2
4
8
9
6
4
4
5
5
6
3
4
5
4
3
1
2
0
1
0
0
0
4
4
0
-1
-1
2
-2
1
1
4
1
4
3
0
3
3
3
6
7
5
5
3
3
5
2
0
1
-2
-3
0
-2
-2
-2
2
-2
-1
-4
-2
-1
-3
-2
-4
-3
-4
-6
-8
-4
-5
-6
-6
-7
-7
-4
-6
-7
-6
-4
-5
-6
-2
-2
-2
-4
-4
-5
-2
-4
-8
-4
-7
-6
-5
-4
-3
-3
-5
-7
-5
-5
-5
-5
-13
-7
-4
-8
-4
-3
-4
-6
-7
-5
-5
-4
-1
-3
-3
-5
-4
-4
-5
-5
-5
-3
-5
-8
-6
-6
-7
-9
-11
-10
-12
-7
-8
-8
-6
-5
-8
-11
-13
-12
-11
-12
-10
-9
-7
-5
-7
-8
-7
-6
-8
-6
-7
-9
-6
-5
-3
-7
-5
-6
-7
-4
-6
-6
-8
-7
-7
-10
-10
-9
-9
-10
-10
-10
-8
-9
-10
-12
-12
-12
-11
-10
-8
-5
-6
-5
-6
0
-2
-4
-3
-1
0
0
0
3
1
1
2
2
3
5
4
5
8
8
7
10
14
9
11
8
10
9
9
8
10
10
9
13
13
13
13
11
9
9
11
9
7
9
8
10
7
7
8
4
9
8
8
9
8
10
10
11
13
14
15
13
12
15
14
14
11
10
11
11
11
13
13
10
17
12
10
14
12
10
6
6
11
9
7
7
5
6
6
10
7
7
7
8
9
9
9
9
9
11
11
11
14
12
12
9
8
11
8
12
11
11
13
13
11
11
11
7
13
11
13
14
11
10
12
13
15
17
8
9
14
16
18
18
19
17
18
19
20
22
19
21
22
22
24
20
21
22
21
20
17
20
21
18
19
21
17
15
17
15
12
12
14
14
10
9
10
8
8
7
8
9
8
10
11
9
6
8
8
6
7
7
6
5
6
7
8
6
5
5
7
7
8
7
5
5
3
4
6
5
7
8
7
3
5
6
4
6
3
5
6
3
5
4
6
5
0
3
4
2
0
0
0
-3
-7
-3
-1
-1
-3
-1
-1
-3
-3
-7
-7
-4
-8
-7
-3
-1
-2
-2
-5
-1
0
-3
-2
-1
-4
-4
-4
-2
-4
-3
-2
-3
-1
-4
-4
-3
-1
-5
-5
-5
-8
-3
-2
-4
-4
-4
-3
-5
-3
-2
-4
-1
-2
-1
0
-1
0
0
2
3
0
2
3
1
5
13
9
5
2
5
12
5
5
7
8
10
8
9
12
10
9
13
12
10
11
9
9
10
10
11
14
13
10
11
13
13
11
15
13
10
12
13
12
13
14
14
13
15
14
15
14
13
15
15
20
22
19
19
19
22
22
20
18
21
20
21
22
23
20
21
23
18
23
20
21
