-8
-11
-12
-9
-7
-6
-5
-8
-10
-9
-12
-11
-8
-7
-15
-14
-12
-9
-8
-8
-9
-13
-10
-5
-8
-6
-7
-11
-13
-16
-12
-8
-7
-13
-15
-11
-12
-10
-11
-6
-5
-7
-6
-7
-4
-2
0
-1
2
-4
-1
-6
-5
-3
-6
-3
-5
-3
0
4
-4
-4
1
2
-3
-5
-8
-7
-9
-6
-3
-4
-6
-6
-5
-8
-6
-4
-5
-5
-1
-2
-4
-2
-2
-1
-2
1
-3
-4
0
-3
-4
-6
-1
-3
-3
-2
2
2
0
-1
-5
-4
-2
3
5
1
2
-3
-2
3
-2
-6
-7
-6
-2
-1
-1
0
0
-1
-2
-1
0
2
4
3
-1
-4
-4
-2
-4
-3
-1
-1
-4
-4
-2
-2
-5
-8
-5
-7
-6
-5
-6
-7
-7
-8
-6
-7
-4
-3
-9
-8
-8
-8
-5
-1
-6
-4
-4
-9
-5
-6
-7
-7
-10
-9
-6
-6
-5
-7
-7
-6
-9
-11
-7
-9
-13
-9
-7
-10
-12
-12
-9
-9
-12
-13
-15
-11
-9
-13
-11
-9
-10
-11
-12
-12
-13
-15
-14
-9
-12
-14
-17
-15
-16
-17
-16
-15
-13
-13
-11
-10
-10
-10
-14
-15
-12
-13
-12
-10
-8
-9
-10
-7
-6
-10
-11
-6
-6
-7
-11
-6
-4
-4
-7
-8
-8
-9
-7
-10
-8
-10
-13
-13
-9
-13
-12
-9
-10
-8
-7
-8
-9
-9
-11
-11
-10
-8
-7
-7
-10
-11
-11
-11
-7
-7
-5
-5
-4
0
-2
-2
-5
-2
-6
-10
-6
-5
-6
-6
-6
-4
-5
-8
-4
-6
-7
-5
-6
-2
-2
-1
-1
-3
-4
-3
0
-2
-3
-3
3
1
-1
-1
-1
-1
-1
1
2
5
-1
-2
-2
-2
2
2
0
2
-2
0
1
3
4
5
2
1
1
1
2
3
7
4
7
6
5
7
8
8
9
8
3
4
5
7
6
6
7
7
2
2
4
2
4
1
2
4
6
7
6
5
5
8
7
11
10
9
11
7
9
12
9
9
10
11
13
17
9
9
10
9
8
9
11
8
9
6
4
8
7
4
5
7
6
5
8
7
6
7
9
9
10
9
7
11
10
11
10
11
15
15
13
11
12
18
14
14
17
12
12
14
13
12
11
10
10
9
9
12
10
5
5
7
10
11
11
13
17
12
15
12
10
13
10
10
15
13
12
14
16
14
13
15
12
15
14
14
9
8
10
8
10
12
5
7
8
9
13
10
10
10
7
8
7
9
9
11
9
5
9
2
3
4
4
5
7
1
3
6
3
6
2
3
3
3
5
3
2
5
6
6
9
8
8
9
10
5
7
5
3
2
2
3
1
6
5
1
0
0
1
0
-3
-2
0
-4
-4
-1
-1
-3
-4
1
1
-2
-2
-1
-2
-2
3
0
1
4
5
5
5
6
5
2
3
11
10
5
2
2
1
6
2
4
2
-2
3
0
-5
-2
0
-5
-5
-2
-6
-4
-2
-3
-1
-5
-6
-4
-3
-5
-3
-1
-2
-1
-4
-6
-3
0
2
1
2
0
0
2
4
3
-1
-3
0
-4
-2
0
1
-3
-3
-1
-4
-5
-6
-6
-10
-8
-10
-11
-9
-11
-8
-11
-6
-11
-10
-10
-8
-4
-6
-6
-6
-5
-6
-4
-4
1
-2
-2
-6
-7
-3
-1
-5
-7
-5
-3
-2
-6
0
-3
0
-1
-4
-4
-4
-5
-10
-4
-5
-4
-4
-2
-2
0
2
-3
-2
-1
-2
-3
2
-1
1
2
3
3
1
4
1
1
4
1
0
4
5
6
5
3
6
9
11
11
13
11
11
11
10
9
9
8
8
7
15
16
10
13
11
9
10
9
7
7
3
6
5
5
4
5
8
6
5
5
6
9
5
4
6
7
8
8
13
10
11
9
9
7
7
8
10
10
8
8
11
10
9
9
8
8
10
8
11
10
9
9
9
15
6
4
10
12
13
10
12
13
16
16
14
15
12
12
9
12
11
10
11
12
12
12
12
12
13
15
18
20
17
16
18
15
16
16
12
15
13
13
15
12
18
14
18
14
14
14
16
16
17
18
15
14
14
15
14
16
16
16
16
15
14
13
14
15
14
18
15
13
12
14
14
11
14
13
14
17
15
11
13
11
11
14
14
12
13
11
13
13
13
13
11
12
11
9
8
6
4
9
8
6
4
5
4
4
7
3
-1
0
2
3
4
4
7
6
5
6
7
3
3
5
9
8
3
5
4
4
5
6
3
0
1
-1
0
1
-1
-1
-3
-2
-2
-5
-2
-4
-5
-6
-7
-7
-7
-8
-9
-7
-9
-6
-5
-6
-5
-5
-7
-9
-8
-12
-9
-7
-4
-7
-10
-9
-8
-6
-7
-5
-8
-8
-4
-2
-2
-5
-8
-3
-6
-4
-4
-4
-4
-1
-3
-4
-3
-6
-3
-1
-3
-4
-1
-3
-2
-4
-5
-2
-3
-2
0
-2
-3
-4
-2
0
1
1
-2
-1
-3
0
-3
-3
-3
-4
-3
-2
-2
-1
-1
-2
0
3
1
2
2
3
3
1
4
1
2
1
2
-2
1
0
1
3
3
3
2
1
3
1
4
4
4
4
2
7
5
8
6
9
6
8
7
5
8
3
6
8
6
9
11
8
9
8
6
10
8
1
3
2
1
6
3
3
2
5
7
4
2
3
3
3
3
3
5
4
3
4
3
7
4
9
11
7
9
7
10
11
13
13
12
17
15
14
13
15
17
12
15
13
13
11
12
17
10
7
11
15
13
12
16
15
14
17
16
14
13
14
14
14
14
14
15
16
15
17
16
16
16
15
14
15
13
12
13
11
12
12
14
14
15
11
11
8
9
11
11
10
10
10
9
7
6
8
6
9
6
7
7
7
7
9
7
4
2
-1
1
2
1
1
2
1
2
0
2
0
2
2
4
3
1
-1
0
0
1
3
1
2
2
0
0
-3
-1
-3
-4
-3
-8
-10
-8
-9
-10
-11
-11
-8
-9
-5
-7
-12
-10
-13
-18
-11
-12
-14
-11
-14
-11
-12
-15
-13
-12
-16
-13
-11
-13
-14
-18
-17
-19
-17
-14
-17
-19
-19
-20
-21
-21
-22
-25
-24
-22
-22
-21
-23
-22
-23
-24
-23
-22
-26
-24
-25
-23
-21
-22
-22
-21
-22
-22
-19
-20
-20
-23
-22
-15
-12
-13
-19
-17
-17
-17
-17
-18
-17
-16
-13
-13
-15
-20
-16
-20
-17
-15
-16
-17
-18
-18
-20
-22
-19
-18
-17
-15
-16
-15
-14
-14
-13
-14
-15
-9
-11
-10
-10
-8
-12
-15
-11
-9
-12
-11
-13
-13
-14
-13
-10
-11
-9
-9
-6
-7
-9
-10
-10
-11
-10
-9
-8
-6
-9
-8
-5
-9
-8
-5
-6
-5
-6
-4
-5
-3
-3
-5
-1
-2
1
1
0
-4
-2
-1
0
4
2
5
7
9
10
11
12
10
12
11
12
8
7
9
9
9
12
15
13
10
12
13
10
9
6
7
8
8
10
10
8
11
11
12
13
14
14
13
16
18
18
17
16
23
22
20
19
18
19
18
18
16
18
21
16
20
18
19
20
18
17
16
17
16
19
18
19
18
20
21
20
15
15
15
17
19
22
22
22
19
20
21
19
17
19
20
21
21
19
18
17
18
17
17
17
19
21
18
20
21
19
19
17
16
16
14
18
18
16
13
12
13
13
14
12
10
10
10
12
10
9
7
7
10
9
11
12
10
11
8
8
9
5
7
9
7
6
6
9
3
5
6
3
3
4
4
2
0
-2
2
2
0
3
3
5
3
1
4
2
1
2
1
3
-3
-1
-1
-3
-5
-5
-1
1
-1
-3
-2
-3
-1
-5
-7
-2
-4
-3
-3
-2
1
0
-1
2
-1
-1
2
1
-1
-3
-2
-2
0
-2
-1
-3
-4
-3
-3
-5
-4
-5
-7
-5
-7
-6
-7
-6
-8
-6
-7
-9
-14
-11
-13
-10
-9
-9
-10
-14
-10
-11
-9
-11
-11
-12
-10
-8
-6
-9
-8
-10
-10
-10
-13
-13
-10
-9
-6
-5
-6
-4
-8
-9
-7
-7
-10
-8
-10
-7
-9
-10
-7
-9
-10
-11
-5
-9
-7
-9
-6
-4
-5
-5
-6
-5
-9
-6
-9
-7
-7
-5
-8
-8
-5
-5
-4
-7
-7
-6
-3
-5
-4
-4
-3
-2
-5
-5
-3
-2
-2
-1
0
-3
1
1
0
1
1
4
1
5
4
3
2
-1
1
0
0
5
1
4
3
4
2
3
6
6
6
8
8
10
10
12
10
9
10
9
12
8
9
11
11
11
16
11
11
9
10
9
5
4
8
6
6
11
7
6
6
9
7
6
7
10
6
8
8
10
12
17
17
13
17
11
12
15
15
15
14
14
16
11
14
13
16
15
11
12
13
16
10
13
15
12
13
13
16
14
12
10
15
16
16
18
15
16
16
18
16
13
16
14
16
20
14
15
16
16
17
14
13
12
11
17
16
17
17
14
15
17
17
16
12
17
12
12
16
11
14
13
14
14
15
14
9
8
7
9
9
9
8
5
5
11
7
7
7
7
7
4
6
6
6
6
5
6
4
4
7
7
8
6
7
3
4
4
2
5
6
5
2
4
3
1
4
6
2
6
4
0
2
1
-3
-6
-5
-2
-1
1
1
-1
-5
-3
-1
-4
-3
-1
-6
-1
3
3
1
3
4
3
1
-1
4
5
1
1
2
0
4
4
2
1
3
1
0
-1
0
-4
-4
-3
-5
-7
-5
-4
-4
-4
-5
-4
-8
-10
-10
-4
0
-2
1
-1
0
2
0
2
-1
-2
-1
0
2
7
5
-2
-1
-1
-1
-2
-2
1
-1
3
5
3
1
-2
-1
-1
2
-1
2
2
1
4
-1
1
3
0
1
3
4
3
4
7
7
6
7
7
7
7
5
8
6
6
4
4
5
6
6
5
4
8
7
10
9
4
3
6
4
3
2
5
2
-1
3
2
5
2
6
3
3
4
3
1
1
0
2
0
0
-1
0
-1
0
-1
-2
-2
-1
-1
-1
-1
1
1
2
5
1
2
0
-2
-2
-3
0
1
-3
-1
1
4
6
3
7
5
3
1
1
0
0
-1
-1
2
2
3
2
1
3
5
4
3
2
1
0
0
2
4
5
5
6
7
6
7
7
7
9
9
11
8
9
11
8
9
8
4
4
4
6
5
5
9
7
5
9
9
4
2
6
8
9
9
7
8
10
11
9
6
7
8
9
11
9
8
9
9
5
8
7
5
7
11
8
7
6
6
4
5
6
3
2
4
3
4
2
3
3
1
4
4
4
7
5
1
2
0
-2
-6
-2
-2
-3
-2
-3
0
-1
-1
-2
-1
1
-1
1
-3
-3
-1
-2
-1
-1
-2
-2
0
-2
-2
-2
-2
-2
-5
-4
-3
-4
-4
-5
-4
1
-3
-5
-4
-6
-6
-3
-6
-6
-7
-6
-2
-4
-1
-2
0
-7
-3
-4
-10
-6
-5
-5
-1
-2
0
-2
-2
4
4
1
0
2
0
0
-1
1
-1
-1
4
7
4
3
8
2
3
2
1
0
5
3
3
6
5
4
4
5
8
8
6
5
8
12
12
12
14
16
12
15
15
16
18
16
17
20
20
17
16
15
14
16
12
16
15
14
17
17
20
17
14
16
15
14
15
17
17
17
16
15
17
19
18
19
18
19
18
18
22
17
18
21
20
22
21
21
19
19
18
15
15
16
17
17
16
17
17
18
20
18
18
21
19
16
17
20
24
24
23
21
23
25
23
22
23
25
23
23
25
23
25
24
26
26
24
22
22
22
25
26
25
23
26
26
27
29
28
30
31
33
30
31
29
29
32
28
29
30
30
29
34
29
29
31
33
29
27
27
27
27
27
28
26
28
25
28
28
29
27
28
27
30
31
27
29
32
33
30
33
33
33
32
29
29
28
31
28
29
30
31
30
31
29
31
31
30
33
30
26
27
26
26
29
27
25
19
19
25
24
24
29
26
24
25
25
21
20
21
21
23
24
21
19
24
22
20
22
20
20
24
24
21
20
19
20
23
20
19
19
21
18
15
15
15
15
16
19
19
16
16
16
16
17
16
17
17
16
16
16
16
13
14
16
13
16
17
16
14
15
15
14
15
15
14
15
17
19
18
17
19
17
17
17
18
21
21
19
18
19
19
19
20
19
21
21
17
17
14
14
13
14
14
14
12
18
15
14
16
12
13
4
13
16
11
12
15
13
15
15
15
18
14
15
16
14
11
11
10
10
12
13
14
14
12
11
9
7
7
6
5
5
4
5
3
1
3
4
5
3
2
2
2
9
5
4
5
3
6
3
6
7
7
7
7
10
8
11
9
6
8
7
4
5
5
7
5
4
4
3
4
3
5
3
1
6
4
4
3
0
-1
0
-1
2
3
2
3
5
6
7
4
3
9
6
10
8
6
6
6
6
3
1
3
5
6
2
4
4
3
6
3
3
2
5
4
3
6
5
7
6
6
4
8
6
6
5
5
6
6
8
9
5
6
5
5
7
5
6
7
6
6
9
8
10
8
10
8
8
12
8
11
9
7
10
10
8
9
7
6
8
13
17
10
10
10
10
7
3
1
-1
1
3
4
2
3
2
3
3
3
4
1
2
2
2
3
3
5
5
5
8
5
3
6
6
4
5
5
9
7
7
6
7
6
3
6
2
3
1
2
3
1
0
3
2
2
-3
-2
1
2
2
3
5
2
2
4
3
1
-1
0
2
5
3
0
2
2
-1
4
3
5
4
8
6
7
7
5
6
6
7
6
4
4
2
3
2
4
3
0
2
3
5
3
3
3
6
4
3
6
5
6
4
6
5
5
8
6
8
6
4
7
8
9
10
5
4
7
5
7
5
4
7
6
4
6
7
3
4
5
5
7
7
7
6
6
6
5
6
4
2
3
1
-1
-3
-2
-1
1
-3
2
4
3
1
-3
-4
1
-3
0
2
2
7
5
3
4
5
4
5
8
8
2
4
3
2
5
5
2
3
1
0
-1
0
2
-2
1
3
2
2
2
2
3
2
1
-2
-2
-3
-5
3
2
0
4
0
0
2
-1
-3
1
-1
-5
3
0
-5
-4
-4
-4
-5
-4
-3
-4
-2
1
-2
0
0
-1
-2
1
2
2
2
1
0
2
2
-1
0
1
3
2
3
3
3
1
7
5
7
7
5
7
6
5
5
6
9
7
5
8
6
8
8
9
6
7
4
5
5
0
4
5
4
5
7
6
4
3
7
5
8
6
8
4
6
7
5
6
4
8
8
6
4
6
7
5
5
5
7
6
9
8
8
10
9
13
15
15
13
15
12
12
17
15
12
14
13
16
19
13
15
14
16
14
11
11
12
13
11
13
11
11
13
14
12
11
13
11
8
11
11
11
11
14
12
13
17
14
14
14
14
12
10
12
13
11
13
15
15
12
10
13
8
9
11
10
10
9
11
9
12
13
9
7
8
14
14
14
16
14
11
16
14
10
12
14
15
16
15
14
16
16
15
12
14
16
15
18
19
19
18
17
15
18
17
15
15
16
16
14
15
11
13
14
17
13
13
16
13
13
13
16
15
11
11
12
11
12
12
12
15
12
16
12
12
13
12
12
11
15
10
10
11
9
12
11
12
8
12
14
14
12
11
14
12
14
11
11
11
9
10
10
9
7
6
3
4
3
4
6
7
10
10
10
8
8
9
3
4
7
4
9
11
12
11
12
15
16
13
14
18
18
17
14
13
13
17
20
18
19
17
16
14
12
9
10
12
12
10
10
13
10
12
11
10
7
7
6
6
8
7
8
8
8
9
8
9
11
8
9
6
11
11
10
12
12
12
12
11
7
8
6
8
9
8
8
7
6
8
8
7
9
7
6
10
8
7
8
6
8
7
9
10
11
13
8
9
10
13
13
10
12
12
10
8
7
8
9
8
9
10
9
8
10
11
11
12
8
8
9
8
6
6
9
10
8
9
6
7
7
8
9
7
7
5
5
5
8
8
8
9
6
9
10
12
14
16
15
14
15
14
15
17
19
22
21
22
22
20
20
20
17
17
19
18
21
19
25
28
19
20
22
21
19
20
18
19
21
20
19
20
21
21
19
23
19
19
16
19
19
20
24
21
24
25
25
27
26
26
25
28
26
29
28
28
27
28
30
30
27
26
27
29
29
29
31
31
31
29
33
37
32
27
29
31
31
34
34
30
30
33
36
32
34
33
33
34
34
36
32
35
34
31
32
36
39
37
36
35
34
33
33
33
34
35
32
31
31
31
29
29
29
28
33
31
30
30
27
29
27
26
23
27
27
27
29
29
30
31
31
29
32
32
27
28
28
27
28
27
28
26
28
28
30
28
27
28
28
30
30
31
28
28
28
22
27
27
27
27
25
26
22
22
22
21
20
20
22
23
22
20
19
20
26
22
24
24
17
21
23
22
25
24
26
28
27
29
26
24
27
27
30
27
27
27
26
29
27
30
27
27
25
27
24
22
21
20
21
20
23
23
22
21
22
20
22
19
20
17
19
22
20
18
20
19
18
17
17
14
15
11
15
16
14
14
16
16
15
14
12
15
15
11
16
15
13
16
15
19
17
16
17
15
18
18
18
15
11
15
19
20
18
18
16
18
20
19
18
21
24
22
21
22
22
20
22
18
20
20
21
20
20
21
19
23
26
24
25
22
23
24
25
23
26
27
24
24
24
29
26
28
29
29
28
26
26
27
27
28
28
28
26
24
23
23
23
20
21
25
23
23
25
25
28
29
31
28
28
28
28
26
28
27
25
29
26
27
33
31
26
27
26
28
24
22
24
24
28
28
26
29
28
28
27
28
30
26
25
25
28
29
31
31
29
31
33
35
32
35
32
31
32
34
34
32
32
33
36
38
34
34
33
30
30
33
35
36
34
36
35
32
31
28
30
32
32
32
34
36
32
32
34
31
32
34
32
30
32
32
30
32
30
30
29
28
28
31
31
34
31
28
27
30
31
28
26
30
29
30
27
26
26
27
27
28
32
25
28
27
28
27
27
28
27
25
26
27
26
25
25
24
22
23
21
23
23
24
25
24
27
26
23
26
24
24
22
23
23
20
20
21
25
23
23
22
20
21
19
20
19
16
16
14
12
15
12
13
11
9
11
11
16
11
13
12
12
9
3
9
8
7
12
11
13
11
15
13
11
7
10
12
10
8
7
10
10
12
11
13
11
10
7
5
5
6
5
6
5
2
2
5
6
5
4
3
2
-1
1
-1
3
5
6
5
6
5
5
3
2
6
6
5
5
7
8
7
4
1
3
1
0
2
2
2
3
1
1
-1
1
1
1
2
0
1
2
-1
-1
-1
-1
0
0
1
1
2
4
4
3
3
4
4
4
5
7
5
3
6
8
7
5
6
7
4
9
9
7
10
8
10
11
7
9
6
5
6
7
10
6
5
6
7
9
8
6
8
6
5
3
8
5
4
4
3
6
5
7
6
7
6
6
8
8
9
6
8
8
12
11
10
11
9
10
10
9
10
8
9
9
11
18
13
9
12
10
11
8
10
9
9
10
9
12
8
9
8
9
13
11
11
8
9
9
11
13
15
15
14
17
17
19
20
15
21
19
18
21
18
17
19
20
22
19
18
18
16
19
18
20
20
18
19
20
22
19
18
23
21
20
21
24
21
22
24
19
21
20
23
20
20
19
18
22
20
18
18
16
17
17
18
20
21
19
15
14
16
14
12
13
11
11
9
9
12
12
9
8
10
10
10
10
8
10
9
6
5
3
3
3
5
2
4
3
5
5
1
1
6
6
7
2
2
4
3
6
4
5
1
4
3
-1
0
3
0
2
2
0
0
-4
1
-4
-3
-4
-6
-2
-7
-8
-7
-8
-5
-8
-8
-6
-5
-5
-10
-9
-6
-9
-10
-14
-6
-10
-13
-8
-11
-9
-10
-8
-9
-14
-11
-10
-9
-9
-13
-12
-13
-9
-7
-10
-10
-11
-11
-13
-17
-16
-15
-16
-17
-19
-17
-17
-17
-19
-21
-16
-18
-18
-21
-21
-22
-21
-24
-23
-22
-24
-25
-26
-26
-28
-28
-25
-26
-22
-22
-25
-21
-21
-17
-15
-11
-7
-1
2
6
8
9
17
13
16
12
10
10
7
2
-2
-6
-12
-18
-22
-28
-32
-34
-40
-43
-48
-48
-49
-50
-54
-51
-49
-48
-43
-41
-38
-31
-25
-17
-6
1
6
11
19
27
31
38
42
44
46
46
45
47
46
45
44
43
37
29
26
17
9
-1
-11
-20
-30
-42
-54
-61
-68
-77
-80
-83
-86
-86
-83
-77
-70
-62
-52
-39
-28
-17
-5
10
21
32
44
54
58
63
70
76
80
86
88
92
94
100
101
93
93
88
81
72
62
50
33
17
0
-16
-37
-57
-72
-88
-105
-115
-120
-127
-127
-124
-124
-110
-100
-86
-68
-51
-32
-13
4
23
37
52
69
83
96
106
123
126
136
145
148
152
158
162
165
165
163
159
155
139
128
112
89
71
51
30
5
-24
-46
-70
-93
-113
-136
-154
-166
-177
-179
-182
-184
-178
-169
-154
-141
-121
-97
-73
-49
-23
11
39
63
91
116
143
165
186
206
226
242
254
267
277
286
291
287
291
286
283
274
257
240
216
195
162
133
97
62
27
-14
-55
-91
-134
-176
-212
-249
-277
-308
-331
-356
-375
-389
-393
-400
-396
-386
-371
-349
-330
-296
-256
-212
-162
-113
-55
5
64
120
179
237
282
343
383
427
465
488
529
551
561
585
585
599
594
588
586
570
559
534
504
476
452
416
370
322
267
206
143
60
-16
-104
-183
-267
-362
-450
-531
-609
-691
-768
-829
-883
-929
-979
-1024
-1060
-1090
-1115
-1139
-1155
-1152
-1110
-1058
-979
-886
-777
-618
-446
-264
-78
103
305
483
637
773
888
987
1038
1047
1030
1002
959
886
788
688
601
514
410
312
225
161
94
16
-51
-109
-153
-210
-286
-342
-383
-413
-414
-391
-319
-222
-105
38
217
436
661
859
1046
1226
1374
1494
1550
1558
1514
1415
1276
1078
859
615
351
63
-238
-517
-764
-1006
-1238
-1461
-1649
-1817
-1961
-2108
-2241
-2357
-2473
-2566
-2608
-2557
-2468
-2347
-2213
-2007
-1695
-1318
-940
-559
-179
260
671
1023
1344
1636
1900
2043
2103
2128
2155
2143
2028
1842
1658
1518
1371
1156
950
772
630
451
240
68
-68
-206
-417
-653
-851
-989
-1140
-1340
-1544
-1667
-1727
-1771
-1793
-1756
-1618
-1439
-1207
-961
-592
-40
425
908
1318
1753
2290
2685
2978
3189
3266
3402
3302
3137
2935
2650
2360
1887
1467
1046
719
358
-42
-392
-734
-912
-1137
-1406
-1623
-1922
-2129
-2462
-2801
-3104
-3434
-3739
-4100
-4437
-4620
-4641
-4473
-4260
-3943
-3465
-2871
-2080
-1275
-478
315
1035
1749
2350
2795
3205
3441
3602
3547
3414
3249
3081
2858
2517
2147
1834
1629
1420
1172
959
801
658
480
226
20
-182
-448
-816
-1264
-1625
-1897
-2221
-2567
-2908
-3073
-3093
-3066
-2971
-2741
-2353
-1891
-1413
-929
-285
450
1131
1670
2143
2648
3159
3526
3759
3852
3932
3945
3841
3624
3372
3132
2808
2392
1932
1557
1238
859
430
-28
-381
-653
-972
-1322
-1700
-2013
-2330
-2726
-3151
-3535
-3877
-4231
-4627
-5000
-5234
-5310
-5309
-5113
-4818
-4338
-3665
-2994
-2119
-1168
-263
642
1368
2069
2746
3211
3626
3824
3967
3978
3873
3681
3453
3224
2895
2531
2142
1846
1621
1330
1052
794
567
396
107
-170
-447
-742
-1073
-1506
-1914
-2218
-2516
-2823
-3126
-3318
-3333
-3245
-3099
-2873
-2481
-1991
-1415
-783
-90
664
1369
1957
2526
3050
3566
3949
4134
4267
4273
4256
4136
3874
3594
3231
2833
2403
1926
1509
1095
669
201
-231
-582
-889
-1180
-1554
-1914
-2277
-2657
-3005
-3448
-3840
-4250
-4713
-5094
-5463
-5690
-5763
-5653
-5362
-4981
-4419
-3725
-2813
-1733
-750
229
1099
1935
2757
3284
3756
4020
4243
4316
4181
4004
3765
3543
3201
2740
2322
2026
1851
1570
1248
981
790
660
381
73
-198
-452
-789
-1268
-1752
-2085
-2386
-2757
-3167
-3488
-3539
-3487
-3435
-3304
-3011
-2499
-1892
-1300
-633
141
943
1664
2263
2840
3425
3935
4241
4394
4468
4510
4500
4272
3967
3611
3242
2842
2305
1781
1324
877
395
-112
-557
-895
-1208
-1584
-1998
-2384
-2714
-3017
-3412
-3837
-4239
-4643
-5032
-5431
-5762
-5960
-5952
-5770
-5505
-5060
-4486
-3652
-2641
-1599
-579
437
1383
2374
3141
3746
4203
4518
4760
4711
4541
4282
4031
3695
3212
2668
2235
1953
1663
1286
958
737
654
472
193
-59
-249
-448
-832
-1331
-1751
-2051
-2429
-2910
-3434
-3709
-3793
-3858
-3913
-3830
-3477
-2931
-2368
-1721
-950
-28
863
1558
2261
2975
3666
4169
4409
4544
4661
4669
4544
4188
3802
3392
2925
2362
1741
1221
752
266
-299
-778
-1118
-1348
-1606
-1982
-2341
-2621
-2897
-3261
-3689
-4149
-4580
-5054
-5569
-6081
-6487
-6768
-6819
-6740
-6493
-5981
-5309
-4342
-3227
-2035
-844
330
1413
2488
3263
3896
4323
4615
4765
4655
4444
4133
3799
3369
2837
2272
1870
1588
1297
981
736
610
589
447
254
83
-49
-241
-622
-1102
-1511
-1883
-2372
-2947
-3524
-3841
-4038
-4199
-4306
-4215
-3837
-3268
-2658
-1924
-1020
6
981
1810
2651
3483
4207
4716
4983
5157
5276
5256
5040
4625
4184
3717
3178
2548
1918
1388
902
377
-142
-560
-842
-1060
-1347
-1685
-2016
-2255
-2493
-2857
-3257
-3728
-4183
-4697
-5244
-5757
-6178
-6397
-6432
-6383
-6077
-5595
-4802
-3715
-2560
-1336
-132
1041
2271
3244
4013
4617
5059
5400
5395
5219
4895
4558
4131
3527
2832
2255
1897
1558
1158
813
659
681
648
487
372
343
307
53
-399
-809
-1136
-1587
-2207
-2938
-3434
-3743
-4060
-4371
-4543
-4354
-3884
-3369
-2777
-1962
-926
204
1132
2045
2968
3883
4596
5028
5244
5455
5528
5393
4986
4461
3974
3377
2681
1861
1152
561
14
-570
-1103
-1449
-1653
-1866
-2106
-2360
-2461
-2558
-2732
-3063
-3479
-3851
-4280
-4823
-5440
-6006
-6205
-6293
-6288
-6184
-5833
-4980
-3896
-2722
-1557
-284
1118
2510
3502
4348
5011
5620
5932
5871
5646
5390
5116
4616
3840
3032
2450
2011
1496
897
502
370
376
223
51
-3
88
51
-284
-704
-976
-1240
-1750
-2497
-3255
-3717
-4153
-4638
-5166
-5397
-5255
-4899
-4510
-3912
-2994
-1793
-612
430
1562
2727
3855
4648
5176
5540
5893
6011
5849
5380
4885
4337
3644
2790
1883
1117
443
-238
-913
-1409
-1652
-1751
-1919
-2053
-2126
-1974
-1867
-1881
-2081
-2283
-2549
-2992
-3623
-4271
-4621
-4896
-5056
-5293
-5115
-4487
-3496
-2533
-1528
-442
963
2356
3466
4434
5215
6022
6454
6558
6402
6252
5995
5419
4464
3542
2845
2238
1474
651
53
-132
-243
-463
-595
-558
-337
-353
-563
-832
-896
-1069
-1500
-2205
-2838
-3267
-3724
-4283
-4869
-5134
-5067
-4819
-4500
-3939
-3037
-1868
-700
434
1630
2891
4051
4922
5535
5981
6350
6467
6258
5792
5209
4570
3753
2770
1758
799
-11
-814
-1540
-2102
-2393
-2514
-2573
-2521
-2379
-2106
-1919
-1915
-2056
-2320
-2666
-3155
-3647
-4192
-4628
-5013
-5331
-5416
-5104
-4491
-3683
-2756
-1628
-192
1142
2466
3483
4469
5264
5766
5990
5995
5925
5636
4988
4151
3350
2638
1871
977
162
-380
-679
-961
-1199
-1305
-1127
-981
-948
-987
-895
-776
-890
-1262
-1762
-2117
-2525
-3080
-3744
-4267
-4509
-4529
-4580
-4341
-3856
-3004
-2004
-997
157
1432
2679
3802
4640
5328
5974
6303
6433
6170
5791
5291
4564
3663
2623
1584
612
-354
-1249
-1995
-2543
-2870
-3065
-3088
-2989
-2684
-2300
-1937
-1726
-1709
-1814
-1947
-2176
-2547
-2953
-3381
-3599
-3632
-3398
-3069
-2512
-1791
-746
322
1436
2501
3464
4369
4959
5337
5522
5669
5624
5278
4603
3864
3153
2419
1517
588
-174
-716
-1193
-1642
-1959
-1996
-1854
-1803
-1758
-1631
-1336
-1194
-1273
-1552
-1754
-1936
-2266
-2821
-3409
-3797
-3953
-4148
-4270
-4118
-3674
-2903
-2131
-1228
-100
1144
2373
3395
4207
5079
5731
6149
6238
6050
5823
5344
4607
3653
2559
1523
449
-646
-1638
-2394
-2908
-3229
-3402
-3415
-3204
-2913
-2577
-2385
-2278
-2230
-2053
-2098
-2221
-2506
-2755
-2788
-2790
-2725
-2604
-2349
-1726
-918
-163
817
1744
2870
3793
4494
5076
5545
5893
5940
5585
5118
4649
4137
3489
2634
1928
1370
908
340
-237
-661
-793
-942
-1147
-1274
-1141
-931
-892
-1014
-1146
-1097
-1166
-1392
-1817
-2139
-2246
-2399
-2608
-2689
-2526
-2097
-1606
-1100
-349
548
1576
2426
3122
3860
4551
5085
5320
5293
5196
4954
4492
3772
2861
1938
953
-150
-1303
-2344
-3136
-3766
-4301
-4633
-4792
-4686
-4425
-4239
-3993
-3712
-3384
-3115
-3098
-3028
-2864
-2566
-2413
-2319
-2186
-1732
-1232
-746
-304
200
962
1618
2186
2634
3199
3778
4152
4229
4210
4188
4092
3707
3076
2424
1885
1331
616
-145
-772
-1191
-1640
-2109
-2514
-2652
-2689
-2784
-2955
-3009
-2902
-2791
-2805
-2936
-2869
-2721
-2559
-2456
-2311
-1957
-1452
-965
-438
178
916
1735
2323
2953
3478
4020
4420
4557
4574
4469
4249
3865
3230
2479
1659
730
-259
-1350
-2299
-3134
-3853
-4476
-4960
-5274
-5330
-5283
-4996
-4741
-4416
-4093
-3802
-3340
-2878
-2406
-2012
-1666
-1173
-669
-240
292
683
1240
1692
2114
2570
3011
3493
3842
4033
4247
4470
4617
4572
4305
4056
3758
3387
2858
2222
1624
1072
410
-286
-957
-1434
-1856
-2307
-2729
-3039
-3105
-3150
-3221
-3236
-3149
-2881
-2598
-2357
-1955
-1497
-942
-469
7
597
1221
1750
2224
2529
2916
3251
3432
3518
3390
3288
3036
2648
2124
1511
829
61
-862
-1734
-2567
-3279
-3958
-4639
-5192
-5536
-5535
-5520
-5372
-5251
-4931
-4420
-3759
-3198
-2644
-2131
-1450
-861
-409
109
513
1046
1370
1619
1844
2185
2549
2799
2817
2945
3172
3414
3506
3408
3389
3363
3278
3035
2702
2395
2113
1629
1056
462
57
-379
-930
-1539
-2042
-2299
-2486
-2699
-2897
-2861
-2637
-2313
-2007
-1559
-988
-309
277
809
1388
1999
2579
2943
3163
3337
3514
3583
3436
3144
2831
2444
1981
1391
712
25
-709
-1446
-2219
-2910
-3517
-4079
-4651
-5008
-5185
-5221
-5133
-5075
-4830
-4467
-3920
-3464
-3027
-2585
-1947
-1459
-976
-538
-73
453
791
1113
1376
1743
2105
2346
2428
2595
2804
3008
3046
3017
3015
2994
2910
2723
2474
2250
2003
1606
1135
651
269
-202
-719
-1276
-1728
-2053
-2299
-2554
-2723
-2700
-2535
-2295
-2022
-1610
-1104
-531
-7
510
1042
1595
2065
2400
2633
2817
2972
2964
2804
2544
2211
1794
1281
640
-47
-801
-1548
-2302
-3021
-3679
-4241
-4786
-5046
-5175
-5195
-5064
-4946
-4560
-4054
-3451
-2902
-2393
-1834
-1132
-669
-184
200
632
1079
1298
1525
1727
2044
2336
2486
2575
2796
3048
3304
3361
3412
3515
3574
3539
3362
3137
2957
2662
2225
1729
1254
872
351
-194
-757
-1142
-1430
-1661
-1880
-2007
-1911
-1659
-1391
-1051
-579
-14
588
1107
1644
2139
2640
3046
3241
3357
3451
3459
3325
2987
2590
2140
1605
1000
236
-527
-1303
-2092
-2807
-3524
-4119
-4650
-5001
-5104
-5183
-5119
-4977
-4685
-4183
-3631
-3144
-2587
-2106
-1376
-884
-420
43
455
955
1214
1445
1700
2023
2332
2515
2562
2783
3007
3234
3282
3253
3333
3377
3318
3128
2870
2690
2436
1994
1501
983
629
144
-408
-977
-1381
-1662
-1859
-2069
-2168
-2075
-1801
-1483
-1181
-695
-169
463
946
1479
1934
2454
2842
3072
3147
3200
3200
3030
2697
2224
1760
1179
535
-282
-1114
-1983
-2735
-3559
-4267
-4981
-5439
-5631
-5773
-5771
-5765
-5461
-5001
-4331
-3859
-3300
-2767
-1970
-1364
-903
-441
-48
478
769
975
1138
1447
1746
1950
1970
2163
2425
2727
2846
2868
2979
3130
3214
3112
2907
2747
2621
2288
1834
1303
934
475
-81
-727
-1246
-1591
-1864
-2185
-2380
-2349
-2119
-1768
-1503
-1026
-438
303
907
1455
1995
2571
3022
3338
3438
3488
3514
3341
3004
2496
1981
1417
712
-108
-1008
-1874
-2586
-3403
-4096
-4816
-5147
-5266
-5324
-5351
-5266
-4937
-4371
-3779
-3374
-2880
-2398
-1615
-1228
-824
-496
-99
328
516
658
835
1168
1481
1640
1684
1969
2305
2666
2767
2859
3051
3246
3320
3212
2998
2886
2695
2306
1776
1248
892
383
-192
-841
-1279
-1533
-1746
-1981
-2115
-1997
-1646
-1270
-947
-455
114
816
1325
1830
2282
2747
3146
3290
3315
3304
3274
3063
2652
2133
1631
1050
391
-430
-1313
-2091
-2830
-3514
-4228
-4847
-5063
-5191
-5236
-5250
-5148
-4704
-4141
-3577
-3165
-2714
-2033
-1322
-917
-485
-181
301
662
843
992
1157
1507
1746
1804
1881
2122
2442
2666
2669
2765
2910
3063
3085
2886
2695
2573
2370
1977
1430
1002
617
108
-454
-1071
-1440
-1687
-1871
-2096
-2206
-2013
-1617
-1264
-880
-374
271
958
1519
2056
2470
2969
3310
3417
3400
3347
3227
2891
2370
1757
1106
380
-402
-1408
-2328
-3190
-3899
-4601
-5261
-5498
-5606
-5531
-5441
-5195
-4719
-3965
-3314
-2739
-2280
-1574
-866
-441
-28
178
568
832
995
1072
1188
1422
1672
1718
1854
2100
2462
2743
2839
3016
3182
3364
3435
3294
3065
2881
2586
2190
1585
1063
526
-65
-686
-1317
-1779
-2078
-2329
-2410
-2440
-2219
-1749
-1293
-754
-145
564
1231
1829
2384
2812
3111
3424
3426
3340
3143
2855
2415
1829
1173
479
-348
-1157
-2097
-2942
-3714
-4383
-4975
-5409
-5562
-5589
-5444
-5339
-4937
-4434
-3731
-3255
-2695
-2227
-1546
-1038
-635
-317
-43
351
531
728
834
1089
1325
1558
1651
1900
2191
2538
2735
2864
3050
3212
3326
3265
3099
2899
2665
2295
1848
1280
818
274
-278
-891
-1393
-1709
-1920
-2120
-2185
-2075
-1708
-1255
-794
-257
331
1032
1669
2186
2620
3015
3304
3452
3383
3270
3042
2675
2158
1496
816
43
-786
-1720
-2632
-3469
-4152
-4835
-5329
-5537
-5623
-5501
-5365
-5016
-4494
-3759
-3150
-2595
-2069
-1352
-783
-350
-2
233
597
781
935
1010
1172
1387
1567
1640
1826
2105
2451
2667
2817
3030
3207
3357
3374
3247
3061
2847
2516
2072
1501
989
406
-183
-790
-1349
-1689
-1933
-2118
-2194
-2084
-1716
-1228
-736
-173
451
1178
1862
2402
2867
3227
3534
3674
3584
3423
3144
2736
2154
1415
666
-207
-1097
-2061
-2978
-3845
-4514
-5199
-5603
-5753
-5758
-5591
-5444
-4990
-4435
-3644
-3064
-2493
-1987
-1252
-754
-313
-4
252
619
762
919
982
1219
1443
1627
1719
1960
2269
2665
2864
3036
3255
3442
3579
3548
3412
3216
2974
2588
2104
1530
1039
438
-141
-777
-1277
-1608
-1838
-2012
-2077
-1935
-1537
-1067
-590
-9
609
1335
1950
2494
2922
3285
3575
3665
3563
3392
3123
2692
2084
1357
588
-292
-1203
-2167
-3078
-3923
-4594
-5272
-5559
-5690
-5616
-5476
-5227
-4754
-4066
-3328
-2739
-2192
-1620
-878
-472
-14
184
504
750
859
926
1012
1216
1408
1518
1610
1871
2198
2573
2720
2932
3147
3354
3465
3423
3273
3107
2822
2440
1921
1384
876
252
-343
-990
-1444
-1730
-1943
-2123
-2118
-1888
-1421
-932
-393
206
871
1607
2197
2704
3093
3434
3627
3620
3420
3185
2780
2242
1505
679
-226
-1181
-2138
-3115
-4041
-4810
-5499
-5921
-5984
-6031
-5807
-5591
-5053
-4412
-3584
-2892
-2274
-1676
-944
-449
-43
273
476
780
800
895
908
1097
1258
1372
1453
1681
2013
2422
2650
2848
3132
3343
3536
3527
3437
3253
3013
2610
2096
1522
1007
346
-314
-1001
-1560
-1920
-2175
-2333
-2383
-2213
-1786
-1234
-631
41
748
1513
2180
2789
3281
3646
3883
3949
3788
3539
3174
2663
1927
1097
180
-807
-1822
-2800
-3753
-4569
-5296
-5750
-5830
-5859
-5630
-5392
-4874
-4222
-3370
-2695
-2060
-1508
-774
-332
42
329
484
734
718
764
720
870
1023
1138
1195
1435
1775
2223
2511
2753
3066
3310
3558
3595
3509
3343
3125
2731
2216
1613
1100
451
-211
-906
-1498
-1863
-2091
-2276
-2357
-2232
-1838
-1296
-724
-99
559
1306
1969
2567
3039
3429
3643
3737
3599
3357
3015
2522
1857
1044
153
-776
-1749
-2691
-3635
-4455
-5146
-5554
-5644
-5694
-5526
-5257
-4728
-4076
-3266
-2633
-1977
-1392
-663
-250
148
431
628
825
800
832
811
949
1030
1097
1128
1364
1678
2054
2289
2531
2853
3109
3346
3407
3364
3254
3067
2713
2231
1686
1198
544
-112
-800
-1316
-1678
-1974
-2192
-2286
-2156
-1761
-1272
-784
-199
470
1199
1798
2376
2828
3174
3403
3459
3317
3086
2748
2239
1542
718
-152
-1066
-2066
-3045
-3991
-4790
-5501
-5847
-5993
-6054
-5862
-5533
-4995
-4315
-3471
-2812
-2133
-1488
-741
-292
164
446
672
838
845
893
874
958
1003
1056
1088
1300
1607
1942
2146
2425
2726
2977
3207
3290
3252
3145
2965
2633
2191
1697
1196
553
-84
-741
-1247
-1607
-1898
-2097
-2177
-2026
-1641
-1095
-558
36
723
1441
2078
2664
3145
3443
3655
3676
3542
3241
2870
2258
1522
609
-333
-1363
-2412
-3415
-4374
-5164
-5842
-6021
-6140
-6011
-5805
-5284
-4677
-3780
-2975
-2221
-1555
-821
-142
211
644
774
1044
1020
1025
939
962
998
1055
1054
1147
1407
1774
2113
2328
2674
2962
3277
3455
3518
3419
3312
3042
2651
2087
1561
967
289
-406
-1082
-1526
-1837
-2067
-2210
-2178
-1892
-1308
-755
-121
503
1286
1986
2620
3122
3489
3714
3829
3678
3380
2976
2395
1706
745
-240
-1336
-2368
-3386
-4354
-5218
-5899
-6157
-6188
-6111
-5877
-5398
-4724
-3825
-3001
-2216
-1527
-753
-58
316
701
889
1135
1182
1116
1023
994
1042
1074
1043
1107
1337
1702
2060
2287
2609
2944
3251
3475
3519
3461
3357
3128
2747
2182
1644
1088
432
-267
-971
-1435
-1760
-1991
-2144
-2144
-1875
-1342
-739
-137
509
1284
2028
2648
3195
3578
3870
3966
3891
3596
3181
2659
1948
1040
-25
-1080
-2201
-3249
-4317
-5185
-5976
-6267
-6404
-6352
-6159
-5706
-5009
-4196
-3301
-2566
-1765
-1053
-262
134
597
806
1084
1175
1113
1076
1031
1100
1099
1123
1153
1383
1704
2074
2293
2636
2964
3296
3531
3622
3606
3512
3321
2950
2442
1877
1333
664
-27
-769
-1279
-1627
-1870
-2053
-2065
-1795
-1288
-678
-64
610
1360
2162
2797
3330
3723
4041
4166
4068
3787
3350
2794
2047
1142
12
-1107
-2264
-3329
-4426
-5361
-6135
-6454
-6571
-6503
-6265
-5815
-5062
-4209
-3290
-2580
-1747
-981
-182
213
662
868
1146
1232
1155
1080
999
1067
1035
1039
1057
1300
1619
1980
2209
2561
2898
3242
3481
3536
3503
3405
3215
2810
2274
1686
1114
420
-301
-1061
-1624
-1947
-2232
-2420
-2458
-2199
-1622
-987
-338
354
1168
1996
2717
3262
3712
3967
4149
4035
3696
3259
2612
1868
813
-375
-1625
-2803
-3931
-5013
-6026
-6710
-6919
-6955
-6742
-6501
-5853
-5041
-4003
-3134
-2311
-1531
-654
5
402
745
934
1226
1178
1117
948
950
1006
1029
1014
1112
1416
1842
2207
2507
2897
3282
3678
3904
3967
3906
3810
3551
3102
2464
1861
1221
503
-298
-1073
-1634
-1953
-2230
-2441
-2424
-2080
-1523
-897
-237
449
1273
2057
2728
3172
3598
3838
3944
3762
3408
2917
2282
1511
458
-712
-1944
-3027
-4142
-5130
-6127
-6676
-6842
-6835
-6651
-6352
-5712
-4893
-3852
-3089
-2260
-1543
-611
-60
343
637
814
1075
1001
936
777
808
857
903
882
1031
1357
1813
2153
2464
2851
3232
3608
3797
3810
3737
3640
3350
2863
2203
1605
940
215
-600
-1329
-1821
-2137
-2407
-2536
-2425
-2007
-1375
-737
-32
739
1654
2443
3116
3588
4026
4262
4343
4129
3734
3224
2523
1695
550
-638
-1895
-2978
-4143
-5154
-6122
-6486
-6680
-6621
-6438
-6036
-5279
-4358
-3335
-2633
-1768
-1011
-94
275
704
842
1071
1154
1023
903
722
768
750
757
721
992
1369
1839
2144
2566
2980
3439
3813
3978
3981
3926
3809
3457
2930
2283
1683
968
196
-645
-1325
-1776
-2087
-2286
-2351
-2158
-1614
-980
-293
429
1286
2134
2903
3485
3949
4262
4467
4399
4097
3639
3017
2295
1310
148
-1085
-2284
-3427
-4513
-5503
-6307
-6611
-6661
-6584
-6338
-5827
-5039
-4122
-3222
-2488
-1731
-973
-243
98
433
549
748
781
655
541
451
517
536
596
681
984
1417
1874
2201
2614
3034
3435
3743
3835
3795
3685
3474
3041
2438
1771
1126
417
-355
-1146
-1755
-2144
-2415
-2543
-2561
-2306
-1777
-1117
-407
357
1213
2015
2755
3326
3805
4116
4299
4200
3928
3488
2927
2202
1284
174
-1021
-2160
-3257
-4329
-5267
-6104
-6478
-6572
-6530
-6285
-5868
-5157
-4333
-3441
-2709
-1964
-1242
-459
-93
312
515
744
900
821
798
717
837
899
996
1068
1329
1712
2161
2471
2838
3222
3557
3839
3922
3875
3747
3552
3149
2596
1950
1350
670
-56
-829
-1456
-1874
-2102
-2285
-2316
-2112
-1619
-1009
-370
322
1097
1874
2608
3185
3614
3998
4178
4222
3953
3634
3152
2534
1749
775
-309
-1379
-2475
-3477
-4494
-5359
-6059
-6253
-6332
-6259
-6012
-5561
-4902
-4119
-3268
-2634
-1882
-1199
-474
-125
320
526
823
901
889
912
941
1109
1195
1321
1401
1732
2117
2500
2739
3087
3380
3670
3852
3878
3785
3628
3361
2907
2349
1743
1165
454
-280
-1039
-1569
-1987
-2192
-2364
-2394
-2173
-1694
-1135
-508
201
970
1695
2363
2951
3394
3785
3965
3980
3752
3455
3020
2426
1587
674
-421
-1458
-2562
-3588
-4628
-5487
-6219
-6526
-6569
-6556
-6265
-5913
-5247
-4559
-3641
-2982
-2236
-1610
-849
-437
34
356
619
858
851
1006
1048
1285
1387
1567
1655
1941
2307
2707
2961
3247
3542
3765
3961
3994
3919
3718
3457
3001
2478
1849
1268
543
-185
-950
-1542
-1991
-2311
-2478
-2543
-2388
-2016
-1428
-861
-130
627
1379
2054
2740
3271
3704
3988
4105
3997
3769
3477
2927
2248
1382
455
-582
-1664
-2753
-3733
-4766
-5514
-6248
-6464
-6548
-6455
-6233
-5936
-5387
-4639
-3834
-3221
-2553
-2005
-1188
-814
-238
5
368
601
719
889
1002
1285
1463
1672
1766
2115
2475
2897
3133
3398
3620
3843
4005
4027
3892
3672
3382
2942
2441
1813
1231
533
-150
-858
-1415
-1849
-2143
-2331
-2375
-2276
-1922
-1415
-861
-212
498
1202
1904
2562
3128
3550
3861
4026
3988
3859
3573
3143
2509
1761
881
-94
-1136
-2167
-3224
-4224
-5084
-5819
-6399
-6501
-6515
-6427
-6207
-5806
-5170
-4423
-3705
-3108
-2540
-1843
-1156
-688
-180
99
553
763
967
1169
1421
1690
1892
2084
2248
2607
2984
3309
3460
3699
3878
4053
4126
4053
3847
3592
3261
2833
2282
1653
1049
356
-325
-1001
-1469
-1875
-2192
-2383
-2397
-2248
-1877
-1375
-891
-297
412
1200
1882
2519
3099
3549
3882
4093
4145
4052
3816
3455
2888
2188
1415
551
-442
-1535
-2590
-3560
-4488
-5268
-6002
-6540
-6584
-6639
-6505
-6386
-5929
-5343
-4623
-4009
-3443
-2815
-2085
-1446
-1017
-504
-157
423
674
986
1217
1573
1880
2134
2363
2582
2943
3289
3573
3687
3889
4011
4133
4106
3949
3691
3406
3033
2579
2012
1429
876
256
-387
-1042
-1500
-1887
-2193
-2457
-2526
-2389
-2011
-1634
-1135
-574
94
843
1554
2185
2753
3283
3686
3948
4061
4117
3946
3734
3235
2666
1966
1176
274
-779
-1863
-2906
-3829
-4766
-5596
-6356
-6509
-6600
-6600
-6520
-6256
-5709
-5046
-4341
-3839
-3186
-2508
-1660
-1239
-653
-269
288
646
885
1193
1462
1868
2145
2445
2585
2954
3332
3724
3887
4079
4250
4394
4472
4355
4095
3784
3446
2981
2401
1711
1119
432
-282
-1038
-1649
-2135
-2537
-2874
-3096
-3121
-2890
-2507
-2114
-1577
-953
-198
541
1239
1895
2510
3027
3442
3664
3801
3809
3715
3443
2956
2407
1763
1024
116
-918
-1950
-2897
-3825
-4729
-5592
-6323
-6504
-6606
-6692
-6658
-6360
-5848
-5198
-4545
-3976
-3380
-2673
-1906
-1500
-932
-568
-6
317
551
817
1114
1485
1750
2024
2164
2507
2898
3283
3427
3635
3844
4010
4106
4035
3833
3595
3304
2886
2350
1723
1189
567
-109
-848
-1416
-1864
-2267
-2617
-2870
-2961
-2691
-2335
-2007
-1496
-877
-115
632
1361
2012
2647
3208
3666
3883
4097
4110
4065
3801
3331
2823
2221
1536
654
-318
-1370
-2267
-3145
-4010
-4874
-5631
-6027
-6104
-6209
-6218
-6073
-5654
-5123
-4511
-3955
-3430
-2813
-2097
-1607
-1169
-698
-248
207
407
697
949
1342
1664
1962
2180
2466
2895
3316
3597
3778
4027
4197
4323
4307
4170
3925
3664
3272
2757
2137
1560
960
266
-474
-1142
-1616
-2051
-2434
-2772
-2934
-2936
-2696
-2419
-2081
-1622
-979
-321
326
996
1661
2263
2777
3171
3452
3677
3776
3744
3496
3149
2719
2255
1601
809
-84
-1004
-1879
-2783
-3648
-4552
-5271
-5910
-6153
-6316
-6418
-6406
-6211
-5891
-5397
-4767
-4257
-3652
-3134
-2415
-1977
-1322
-864
-337
49
363
766
1124
1565
1847
2190
2381
2743
3083
3409
3577
3758
3904
3966
4004
3947
3764
3471
3137
2703
2240
1698
1183
568
-82
-735
-1277
-1737
-2164
-2512
-2785
-2905
-2797
-2576
-2291
-1888
-1350
-764
-103
573
1282
1937
2545
3033
3440
3796
4004
4131
4057
3899
3578
3228
2717
2102
1326
470
-461
-1364
-2268
-3183
-4065
-4866
-5563
-6042
-6168
-6347
-6350
-6288
-6013
-5611
-4985
-4453
-3941
-3451
-2795
-2192
-1630
-1042
-584
3
346
826
1218
1725
2091
2468
2728
2999
3373
3700
3944
4051
4200
4238
4296
4249
4101
3795
3465
3056
2647
2117
1557
974
332
-296
-909
-1377
-1833
-2211
-2581
-2845
-2975
-2742
-2604
-2361
-1997
-1475
-866
-177
556
1216
1882
2525
3102
3510
3959
4113
4314
4197
4088
3802
3454
2934
2344
1559
682
-178
-1101
-2015
-3039
-3890
-4801
-5452
-6093
-6284
-6466
-6512
-6532
-6311
-5926
-5409
-4754
-4343
-3771
-3242
-2398
-1918
-1240
-771
-179
291
734
1255
1661
2164
2477
2909
3144
3542
3865
4180
4302
4439
4519
4540
4511
4382
4073
3662
3292
2877
2408
1787
1221
575
-38
-690
-1228
-1704
-2132
-2526
-2850
-3074
-3082
-2964
-2802
-2594
-2262
-1713
-1143
-499
154
794
1393
2066
2652
3196
3553
3912
4088
4181
4183
4046
3824
3436
2948
2311
1637
879
84
-876
-1783
-2685
-3484
-4244
-4974
-5587
-6097
-6229
-6411
-6487
-6480
-6240
-5927
-5398
-4934
-4401
-3832
-3158
-2441
-1885
-1162
-607
163
676
1250
1715
2241
2677
3056
3345
3515
3802
4002
4158
4142
4153
4107
4046
3906
3681
3369
3076
2723
2322
1844
1341
892
390
-137
-677
-1122
-1535
-1926
-2319
-2659
-2895
-2972
-2908
-2801
-2649
-2299
-1846
-1290
-711
-14
667
1381
2054
2722
3266
3771
4180
4426
4571
4536
4521
4262
3955
3420
2883
2205
1466
680
-227
-1126
-1985
-2725
-3544
-4207
-4825
-5314
-5758
-5809
-5880
-5913
-5850
-5690
-5371
-5000
-4552
-4164
-3663
-3167
-2504
-1983
-1287
-712
55
640
1254
1896
2498
3045
3468
3898
4160
4527
4744
4907
4880
4861
4747
4577
4311
3954
3517
3031
2515
2009
1507
913
386
-193
-756
-1318
-1745
-2160
-2540
-2899
-3206
-3456
-3573
-3613
-3645
-3534
-3383
-3024
-2611
-2059
-1460
-772
-67
679
1427
2190
2855
3424
3932
4267
4577
4687
4733
4568
4297
3863
3364
2757
2040
1228
360
-555
-1438
-2222
-3028
-3747
-4382
-4937
-5369
-5691
-5712
-5720
-5825
-5821
-5784
-5530
-5209
-4831
-4548
-4187
-3734
-3018
-2472
-1775
-1138
-415
292
943
1734
2387
3038
3526
4015
4313
4657
4888
5036
4977
4843
4702
4452
4202
3836
3398
2908
2462
2019
1559
1027
568
93
-392
-852
-1283
-1664
-2099
-2482
-2866
-3177
-3394
-3503
-3664
-3688
-3618
-3435
-3062
-2641
-2099
-1474
-769
-10
811
1650
2463
3135
3788
4287
4684
5011
5127
5138
4939
4622
4232
3689
3054
2258
1415
512
-377
-1249
-2026
-2809
-3438
-4007
-4553
-4883
-5159
-5291
-5279
-5356
-5371
-5294
-5137
-4883
-4628
-4337
-4095
-3727
-3150
-2491
-1892
-1149
-492
398
1177
1975
2756
3459
4101
4590
4996
5259
5505
5578
5524
5246
4964
4603
4188
3743
3228
2673
2127
1631
1168
703
229
-176
-577
-937
-1327
-1652
-1969
-2302
-2598
-2919
-3170
-3364
-3507
-3709
-3728
-3645
-3424
-3139
-2734
-2207
-1596
-826
-45
802
1614
2465
3190
3888
4414
4879
5170
5329
5334
5174
4876
4443
3928
3247
2471
1659
816
-57
-932
-1768
-2521
-3156
-3702
-4181
-4562
-4887
-5092
-5297
-5295
-5454
-5482
-5556
-5555
-5513
-5342
-5126
-4881
-4539
-4043
-3356
-2706
-1832
-1062
-58
772
1666
2493
3277
3913
4394
4760
4973
5183
5188
5120
4853
4598
4229
3850
3465
3024
2561
2104
1709
1344
974
576
261
-78
-369
-682
-954
-1254
-1577
-1910
-2267
-2618
-2872
-3152
-3431
-3670
-3725
-3624
-3479
-3190
-2766
-2151
-1470
-632
233
1167
2004
2925
3678
4395
4923
5345
5602
5664
5617
5342
4978
4433
3848
3049
2220
1353
552
-331
-1186
-1957
-2624
-3155
-3612
-3977
-4266
-4421
-4531
-4651
-4798
-4728
-4813
-4962
-5162
-5247
-5176
-5004
-4765
-4466
-4028
-3391
-2527
-1718
-721
183
1294
2161
3029
3758
4365
4902
5237
5441
5422
5391
5188
4941
4433
3935
3338
2768
2198
1629
1063
572
207
-84
-353
-662
-842
-1050
-1237
-1470
-1657
-1888
-2166
-2497
-2859
-3229
-3555
-3845
-4155
-4412
-4538
-4419
-4192
-3828
-3334
-2633
-1840
-871
166
1207
2168
3153
4036
4781
5362
5796
6100
6146
6083
5775
5403
4848
4230
3443
2600
1756
994
211
-552
-1217
-1803
-2242
-2617
-2855
-3000
-3102
-3193
-3329
-3509
-3731
-3943
-4070
-4400
-4662
-4912
-4962
-4883
-4661
-4415
-4023
-3443
-2541
-1520
-468
702
1797
2925
3709
4454
4959
5352
5554
5613
5473
5226
4964
4563
4080
3458
2943
2439
2002
1606
1207
855
600
435
321
188
73
28
-83
-247
-484
-739
-1080
-1504
-2003
-2543
-3062
-3489
-3906
-4331
-4633
-4739
-4582
-4314
-3865
-3263
-2472
-1520
-466
629
1705
2714
3653
4482
5138
5665
5973
6153
6087
5886
5523
5039
4476
3796
3043
2237
1512
832
212
-407
-900
-1307
-1600
-1812
-2020
-2086
-2147
-2231
-2383
-2530
-2743
-3043
-3511
-3998
-4359
-4809
-5154
-5428
-5418
-5254
-4780
-4163
-3324
-2456
-1399
-307
761
1999
3092
4157
4837
5471
5828
6101
6084
5865
5476
4904
4253
3514
2791
2021
1410
875
497
238
88
0
14
108
267
363
414
445
374
181
-168
-593
-1129
-1744
-2441
-3152
-3851
-4425
-4903
-5275
-5488
-5491
-5237
-4789
-4087
-3214
-2199
-1128
42
1222
2363
3372
4264
4987
5529
5912
6106
6153
5990
5722
5283
4795
4224
3653
2990
2336
1734
1199
732
322
30
-251
-423
-597
-696
-808
-926
-1060
-1199
-1403
-1660
-2016
-2503
-3146
-3858
-4574
-5128
-5441
-5796
-5920
-5876
-5480
-4806
-3886
-2868
-1720
-529
760
1916
2942
3872
4586
5207
5448
5643
5572
5378
4924
4384
3706
3039
2404
1829
1349
861
637
490
550
657
780
901
1060
1216
1314
1243
1049
791
362
-216
-951
-1688
-2484
-3306
-4134
-4883
-5451
-5775
-5943
-5953
-5766
-5317
-4606
-3781
-2793
-1794
-706
365
1395
2334
3171
3828
4367
4756
5023
5138
5121
5040
4803
4534
4164
3840
3497
3161
2771
2425
2107
1856
1619
1353
1111
875
660
407
146
-129
-430
-782
-1133
-1511
-1877
-2267
-2706
-3182
-3711
-4173
-4595
-4976
-5239
-5181
-5097
-4864
-4395
-3663
-2670
-1567
-338
852
1972
2938
3752
4268
4702
4889
5153
5232
5248
5241
5133
4871
4460
4095
3588
3220
2870
2661
2375
2258
2200
2174
2151
2039
1899
1709
1521
1251
885
370
-147
-759
-1462
-2261
-3036
-3760
-4451
-5046
-5538
-5862
-5991
-5908
-5698
-5338
-4829
-4118
-3342
-2528
-1732
-872
-6
739
1442
2045
2555
2969
3360
3598
3757
3822
3926
3895
3846
3724
3584
3469
3288
3110
2847
2611
2350
2102
1728
1344
959
585
156
-288
-675
-1072
-1355
-1633
-1891
-2078
-2170
-2240
-2324
-2450
-2554
-2670
-2904
-3132
-3428
-3677
-4013
-4117
-3969
-3908
-3711
-3385
-2858
-2192
-1409
-679
72
775
1628
2308
2892
3378
3684
4014
4010
4039
3934
3779
3433
3066
2625
2276
2052
1827
1629
1366
1251
1136
1117
1080
1002
900
787
647
470
124
-308
-755
-1281
-1897
-2587
-3176
-3728
-4261
-4753
-5129
-5328
-5311
-5185
-4974
-4656
-4165
-3514
-2843
-2178
-1513
-812
-193
430
976
1460
1863
2187
2475
2695
2875
3007
3131
3176
3236
3200
3255
3221
3213
3123
2957
2841
2665
2468
2120
1796
1393
1013
531
82
-371
-770
-1155
-1568
-1854
-2058
-2141
-2180
-2150
-2096
-1962
-1863
-1802
-1853
-1920
-2034
-2179
-2286
-2421
-2602
-2768
-2661
-2658
-2728
-2876
-2857
-2669
-2228
-1801
-1368
-769
-77
754
1366
2038
2481
2954
3182
3355
3428
3443
3351
3078
2799
2414
2190
1904
1746
1465
1297
1169
1118
1076
984
881
756
659
505
273
-128
-516
-961
-1482
-2120
-2728
-3269
-3786
-4284
-4738
-5048
-5167
-5103
-4964
-4723
-4345
-3763
-3112
-2436
-1784
-1097
-445
152
693
1129
1531
1789
2056
2226
2346
2417
2524
2569
2636
2660
2699
2774
2826
2936
2872
2891
2844
2826
2673
2456
2193
1909
1547
1099
660
157
-271
-742
-1148
-1562
-1857
-2062
-2226
-2335
-2345
-2263
-2114
-1956
-1833
-1762
-1715
-1708
-1799
-2004
-2304
-2655
-3024
-3340
-3703
-3778
-3797
-3729
-3562
-3205
-2588
-1774
-878
-95
644
1408
2281
2867
3428
3708
3964
4092
4050
3940
3691
3441
3046
2666
2141
1737
1358
1062
724
449
307
235
301
333
361
338
340
339
298
88
-207
-549
-932
-1429
-1971
-2492
-3007
-3486
-3930
-4278
-4463
-4466
-4358
-4171
-3892
-3431
-2849
-2213
-1614
-1021
-427
108
599
1021
1330
1568
1734
1848
1898
1915
1933
1927
1923
1929
1934
1995
2117
2225
2334
2359
2462
2536
2588
2516
2395
2228
2003
1725
1361
973
525
120
-350
-747
-1099
-1350
-1564
-1729
-1791
-1768
-1683
-1573
-1414
-1269
-1148
-1037
-978
-974
-1086
-1278
-1547
-1879
-2265
-2741
-3212
-3652
-3874
-3909
-3888
-3792
-3491
-3025
-2354
-1592
-804
23
784
1609
2287
2835
3257
3506
3667
3594
3398
3106
2764
2294
1825
1325
854
506
235
71
-122
-169
-149
-41
75
172
245
273
266
205
53
-201
-499
-881
-1343
-1876
-2379
-2854
-3321
-3733
-4072
-4282
-4329
-4238
-4037
-3756
-3341
-2804
-2205
-1609
-1038
-475
34
471
826
1109
1313
1452
1507
1512
1467
1440
1451
1422
1438
1464
1566
1714
1909
2119
2298
2479
2665
2821
2896
2899
2826
2703
2463
2157
1775
1363
915
433
-58
-509
-881
-1168
-1403
-1577
-1629
-1594
-1477
-1336
-1160
-989
-829
-678
-572
-560
-614
-769
-1025
-1332
-1726
-2117
-2574
-3005
-3436
-3816
-4112
-4199
-4083
-3923
-3646
-3247
-2587
-1817
-915
-115
712
1472
2269
2914
3364
3701
3828
3924
3750
3567
3273
3002
2598
2185
1731
1357
1072
830
669
502
474
471
568
628
687
654
596
482
317
43
-324
-724
-1175
-1676
-2226
-2702
-3120
-3487
-3813
-4034
-4112
-4011
-3802
-3521
-3172
-2728
-2188
-1623
-1082
-604
-151
233
550
781
950
1027
1062
1074
1027
982
940
971
994
1066
1154
1327
1530
1803
2064
2286
2518
2707
2904
2967
2972
2884
2737
2490
2181
1799
1387
945
503
74
-335
-646
-905
-1078
-1200
-1213
-1143
-991
-813
-615
-425
-246
-83
36
99
69
-11
-173
-397
-716
-1080
-1469
-1894
-2316
-2714
-3056
-3352
-3566
-3719
-3726
-3550
-3281
-2924
-2501
-1994
-1392
-730
-106
478
1003
1529
1965
2302
2550
2681
2791
2795
2763
2691
2628
2534
2433
2320
2199
2109
2045
2003
1925
1880
1826
1777
1708
1590
1388
1137
864
556
201
-210
-630
-1059
-1488
-1916
-2294
-2607
-2842
-3021
-3141
-3176
-3099
-2925
-2697
-2440
-2148
-1819
-1465
-1123
-830
-568
-341
-156
-9
105
179
238
296
340
413
479
621
779
950
1135
1355
1593
1840
2074
2263
2425
2525
2638
2651
2609
2472
2317
2107
1852
1552
1243
935
609
341
51
-148
-315
-410
-483
-517
-485
-406
-305
-207
-101
-14
74
130
168
145
86
-6
-122
-266
-436
-615
-805
-997
-1198
-1386
-1552
-1728
-1864
-1994
-2107
-2191
-2246
-2249
-2145
-2039
-1877
-1680
-1440
-1090
-737
-356
-9
346
707
1080
1391
1691
1909
2125
2279
2383
2470
2492
2502
2434
2350
2203
2094
1964
1851
1705
1568
1424
1287
1154
979
788
561
367
145
-68
-310
-544
-775
-989
-1199
-1387
-1543
-1679
-1815
-1927
-1997
-2032
-1996
-1934
-1860
-1752
-1598
-1397
-1182
-983
-777
-563
-351
-143
44
226
389
538
673
777
910
1057
1163
1271
1367
1485
1613
1734
1851
1940
2006
2093
2139
2172
2172
2130
2084
1975
1877
1732
1580
1407
1213
1012
802
609
453
297
138
14
-86
-128
-167
-188
-204
-192
-153
-116
-78
-55
-36
-18
-36
-64
-97
-158
-228
-321
-417
-517
-617
-710
-812
-928
-1023
-1135
-1216
-1305
-1405
-1505
-1615
-1687
-1709
-1662
-1630
-1550
-1446
-1264
-1038
-750
-447
-149
177
526
892
1214
1548
1809
2081
2267
2434
2554
2650
2691
2671
2604
2477
2365
2207
2033
1803
1584
1367
1187
977
791
591
390
198
8
-162
-361
-552
-765
-977
-1210
-1409
-1594
-1764
-1936
-2091
-2206
-2280
-2302
-2295
-2260
-2183
-2054
-1881
-1674
-1461
-1224
-982
-734
-494
-256
-27
165
342
491
622
745
857
958
1038
1102
1171
1242
1310
1376
1429
1479
1519
1574
1614
1636
1639
1623
1591
1531
1463
1370
1257
1120
964
804
641
483
338
189
51
-60
-138
-188
-227
-236
-225
-196
-153
-89
-22
39
99
146
182
205
223
213
180
125
65
-11
-99
-181
-285
-381
-485
-564
-644
-721
-796
-869
-945
-1023
-1101
-1197
-1271
-1363
-1354
-1371
-1355
-1330
-1255
-1109
-933
-702
-478
-219
55
391
676
991
1237
1519
1753
1932
2083
2174
2254
2247
2206
2082
1963
1804
1651
1445
1219
992
802
631
461
313
158
43
-74
-180
-306
-429
-567
-709
-881
-1052
-1207
-1347
-1497
-1656
-1800
-1921
-1992
-2039
-2061
-2058
-2006
-1911
-1772
-1619
-1438
-1224
-1003
-777
-565
-339
-128
73
239
378
501
614
715
792
843
882
927
971
1020
1061
1101
1141
1196
1240
1293
1329
1362
1379
1383
1357
1314
1261
1184
1086
959
825
675
543
392
257
121
20
-64
-119
-152
-162
-138
-101
-33
35
121
199
283
345
402
433
459
476
455
423
371
316
247
176
87
1
-78
-155
-211
-269
-314
-353
-379
-410
-428
-452
-480
-524
-585
-652
-739
-787
-815
-822
-833
-815
-764
-639
-471
-278
-58
167
454
745
1041
1307
1554
1777
1960
2087
2175
2220
2212
2149
2021
1852
1649
1447
1239
1013
768
561
400
257
134
13
-84
-150
-201
-247
-301
-356
-407
-483
-580
-684
-785
-888
-1002
-1131
-1258
-1350
-1405
-1436
-1452
-1441
-1385
-1277
-1139
-983
-793
-581
-357
-136
74
278
472
646
786
886
964
1029
1074
1091
1081
1060
1040
1022
1013
995
982
982
990
1010
1025
1036
1049
1056
1047
1020
971
919
838
742
618
484
358
226
103
-29
-134
-218
-275
-308
-309
-284
-235
-169
-81
20
128
228
322
406
460
506
530
537
516
478
418
350
280
201
120
49
-19
-70
-110
-143
-156
-163
-154
-150
-139
-127
-121
-128
-147
-200
-251
-324
-398
-485
-568
-620
-665
-670
-664
-608
-529
-384
-223
-22
189
429
684
942
1189
1402
1608
1763
1902
1959
1989
1971
1921
1822
1688
1522
1345
1171
992
814
627
479
348
249
151
76
16
-14
-51
-91
-129
-174
-222
-291
-376
-480
-580
-685
-791
-882
-958
-1001
-1014
-998
-958
-884
-786
-655
-507
-343
-172
7
177
333
474
590
695
762
810
826
824
819
803
769
737
700
679
668
661
664
673
686
708
726
740
747
740
725
679
629
558
483
391
290
180
72
-25
-110
-185
-244
-282
-297
-285
-259
-214
-154
-78
3
85
159
228
292
338
362
363
348
328
286
229
160
91
15
-58
-125
-187
-238
-282
-305
-327
-331
-324
-311
-306
-299
-301
-301
-312
-327
-359
-399
-448
-494
-533
-577
-604
-624
-614
-595
-543
-469
-363
-236
-96
62
224
402
561
709
835
944
1031
1092
1123
1121
1100
1058
997
921
838
749
656
560
461
375
299
231
186
144
108
80
50
8
-41
-91
-145
-201
-276
-355
-436
-519
-605
-680
-747
-801
-830
-842
-833
-804
-748
-675
-577
-466
-344
-209
-77
57
181
303
413
500
572
623
663
690
705
704
689
677
662
642
623
599
577
565
545
533
517
503
483
457
426
386
344
293
242
178
114
50
-12
-72
-124
-168
-198
-218
-229
-225
-209
-177
-136
-89
-37
16
71
127
174
212
235
249
256
252
231
206
172
127
81
37
-11
-49
-90
-129
-159
-186
-202
-219
-231
-246
-253
-260
-272
-282
-291
-307
-312
-327
-334
-336
-344
-337
-328
-300
-277
-238
-190
-132
-54
23
115
205
301
393
486
574
654
725
781
830
863
884
892
892
882
866
839
806
774
732
680
625
555
483
416
348
277
216
161
107
49
1
-45
-87
-124
-163
-195
-226
-250
-275
-289
-304
-317
-324
-328
-322
-302
-271
-243
-200
-155
-103
-38
26
80
139
195
248
298
330
353
368
375
369
355
329
296
263
227
190
148
101
65
27
-8
-40
-73
-95
-119
-140
-156
-177
-191
-206
-226
-240
-249
-261
-269
-276
-282
-277
-272
-259
-243
-225
-200
-174
-146
-115
-86
-56
-32
-9
11
26
37
45
44
43
37
23
11
-3
-17
-31
-44
-55
-62
-69
-71
-70
-63
-55
-42
-25
-7
16
36
60
83
107
134
157
183
211
244
272
301
335
372
409
444
483
518
559
593
625
661
682
706
727
731
728
713
687
660
622
584
535
484
437
408
374
354
346
331
333
343
360
385
401
421
433
426
421
408
407
401
390
373
357
357
346
354
355
356
367
365
367
365
359
356
336
315
297
281
266
246
218
193
174
152
135
114
93
71
52
34
23
11
0
-6
-18
-24
-26
-27
-24
-36
-46
-46
-57
-65
-82
-99
-115
-134
-149
-167
-180
-193
-199
-207
-213
-217
-212
-205
-198
-192
-184
-169
-161
-154
-148
-140
-135
-136
-139
-142
-142
-148
-153
-159
-169
-167
-167
-167
-161
-158
-148
-135
-123
-108
-89
-74
-53
-38
-25
-11
6
17
27
39
47
63
73
85
97
112
131
146
165
181
194
211
224
234
243
242
243
239
233
224
213
199
187
180
175
174
172
164
159
157
153
148
142
138
138
140
151
153
146
150
150
149
149
148
150
151
154
157
153
147
138
128
123
116
107
97
87
75
70
67
59
57
52
42
38
31
22
19
8
0
-9
-19
-30
-48
-61
-70
-78
-83
-93
-101
-102
-102
-97
-95
-93
-86
-79
-75
-66
-58
-61
-62
-59
-59
-59
-54
-52
-58
-61
-62
-61
-61
-61
-62
-58
-55
-54
-53
-52
-52
-54
-57
-58
-63
-69
-77
-83
-91
-100
-111
-119
-125
-132
-136
-138
-138
-138
-140
-137
-134
-128
-118
-115
-114
-111
-111
-113
-115
-123
-127
-134
-146
-155
-161
-169
-179
-182
-184
-189
-193
-195
-195
-196
-192
-188
-188
-187
-190
-193
-195
-201
-206
-213
-216
-222
-223
-224
-225
-226
-223
-214
-207
-195
-184
-170
-154
-140
-122
-109
-98
-87
-75
-67
-61
-55
-53
-51
-49
-47
-38
-34
-29
-26
-19
-10
-2
5
15
24
33
41
45
51
53
53
54
47
41
32
20
9
-8
-23
-36
-48
-56
-63
-70
-76
-73
-76
-79
-78
-76
-78
-78
-79
-81
-78
-77
-82
-85
-87
-94
-95
-99
-106
-106
-108
-106
-108
-106
-102
-102
-102
-95
-92
-91
-88
-90
-86
-88
-93
-95
-102
-106
-113
-117
-119
-116
-121
-120
-119
-122
-118
-121
-116
-116
-112
-111
-108
-104
-104
-100
-103
-101
-102
-102
-101
-103
-104
-103
-106
-104
-103
-106
-108
-106
-107
-108
-109
-113
-117
-120
-122
-130
-135
-139
-145
-149
-155
-162
-170
-175
-180
-184
-189
-194
-198
-200
-201
-203
-203
-207
-206
-206
-207
-208
-209
-209
-208
-205
-203
-197
-194
-191
-186
-177
-168
-162
-150
-141
-133
-122
-111
-99
-88
-87
-78
-74
-68
-61
-58
-58
-57
-54
-56
-53
-52
-53
-59
-61
-62
-62
-63
-64
-64
-69
-66
-68
-73
-73
-79
-78
-73
-72
-69
-68
-67
-65
-64
-59
-59
-58
-55
-58
-56
-54
-52
-52
-50
-49
-49
-48
-47
-45
-46
-42
-39
-41
-37
-38
-38
-36
-36
-38
-44
-47
-50
-58
-63
-69
-79
-84
-89
-93
-94
-98
-97
-101
-97
-95
-93
-85
-86
-81
-74
-70
-70
-66
-66
-66
-64
-58
-58
-58
-55
-55
-54
-52
-48
-51
-49
-50
-47
-46
-50
-51
-58
-61
-61
-70
-69
-77
-84
-86
-93
-99
-105
-109
-113
-113
-109
-109
-111
-112
-109
-107
-106
-101
-101
-99
-96
-90
-86
-80
-78
-71
-65
-63
-55
-51
-47
-39
-35
-28
-24
-17
-14
-9
-5
-1
3
4
9
6
7
7
9
3
1
-1
-8
-8
-12
-20
-25
-27
-34
-37
-40
-46
-54
-60
-61
-66
-65
-69
-71
-75
-75
-73
-78
-78
-78
-80
-84
-77
-81
-78
-71
-71
-69
-68
-70
-68
-64
-62
-61
-59
-58
-60
-60
-61
-64
-62
-63
-65
-63
-64
-65
-65
-65
-64
-66
-64
-58
-60
-57
-55
-52
-47
-43
-43
-45
-39
-38
-37
-33
-30
-28
-23
-20
-22
-15
-11
-8
-6
-4
3
8
13
15
12
16
17
19
19
15
18
16
16
19
18
19
15
18
18
20
19
25
31
37
40
40
41
44
50
54
57
55
56
57
59
55
53
51
52
51
53
51
53
52
56
57
59
57
56
54
52
49
49
46
42
40
39
35
34
35
31
27
25
28
32
30
26
29
28
32
31
27
30
24
23
21
21
16
12
7
6
6
3
6
2
5
5
5
9
10
10
14
15
18
19
16
16
17
14
12
5
2
0
-6
-5
-8
-5
-1
-11
-8
-8
-5
-4
-5
1
0
4
8
9
9
11
12
17
15
16
15
15
15
13
12
11
10
11
12
11
13
12
13
14
14
10
11
11
11
16
15
17
19
16
18
20
19
22
23
24
26
26
30
33
42
39
38
43
54
60
62
68
71
71
75
78
80
84
87
89
88
92
91
92
92
88
89
88
84
82
81
78
75
71
65
64
63
60
60
53
55
55
52
51
53
55
52
55
57
55
54
56
53
50
53
51
52
49
47
47
47
52
55
54
55
55
56
59
59
62
65
63
63
66
64
63
61
58
59
56
57
53
49
49
47
45
41
40
40
38
37
32
32
30
31
27
25
25
20
19
19
16
16
13
15
16
14
13
11
10
8
1
-5
-2
-7
-5
-8
-14
-17
-20
-27
-30
-35
-37
-40
-43
-48
-56
-60
-62
-62
-62
-64
-65
-63
-65
-66
-59
-59
-58
-56
-53
-52
-53
-53
-53
-52
-57
-59
-64
-67
-68
-70
-68
-70
-78
-77
-74
-76
-77
-78
-78
-76
-74
-72
-66
-64
-66
-69
-65
-68
-66
-62
-67
-60
-57
-57
-52
-55
-49
-44
-41
-36
-32
-30
-28
-25
-27
-22
-20
-23
-24
-28
-27
-29
-34
-36
-39
-43
-46
-49
-50
-50
-51
-49
-49
-50
-48
-50
-47
-48
-44
-43
-43
-41
-37
-36
-38
-39
-39
-41
-40
-39
-39
-37
-34
-34
-29
-22
-19
-13
-8
-4
3
7
13
16
15
18
15
15
14
13
13
12
9
6
6
6
4
2
1
3
6
1
6
8
8
11
12
12
12
13
10
13
12
9
8
10
11
11
19
17
15
23
22
23
23
23
28
30
35
33
31
32
32
33
35
35
37
35
38
42
40
43
47
49
53
60
62
66
66
68
73
72
73
76
78
76
74
79
81
81
79
78
80
79
80
81
80
79
84
83
86
83
79
78
78
83
84
82
83
81
83
82
82
80
76
76
75
74
73
67
62
62
60
62
60
57
58
58
59
61
59
59
60
63
62
60
60
61
62
59
62
62
60
59
58
56
56
55
53
50
50
48
46
47
45
43
40
42
42
43
39
38
35
33
36
36
33
31
28
26
27
26
21
18
18
22
19
18
15
13
13
13
12
11
8
8
10
8
6
4
0
-4
0
-1
-2
-5
-7
-7
-7
-5
-4
-3
-3
-3
0
-4
-1
-4
-11
-10
-8
-11
-9
-8
-10
-12
-10
-12
-11
-11
-11
-6
-7
-6
-8
-8
-5
-2
-4
-4
-4
-6
-5
-4
-7
-7
-11
-15
-13
-13
-10
-14
-14
-14
-15
-14
-13
-11
-13
-13
-10
-6
-6
-6
-6
-6
-5
-4
-3
-7
-5
-5
-1
3
0
0
-1
-4
0
-3
-4
-6
-3
-2
-6
-3
-5
-10
-11
-11
-11
-10
-14
-12
-13
-15
-12
-13
-12
-9
-9
-4
-4
-4
-2
2
3
5
5
7
5
6
7
8
7
3
1
1
0
-2
-2
0
-3
-3
-3
-6
-5
-7
-4
-6
-7
-5
-6
-2
0
-1
1
2
3
8
6
5
11
12
13
13
16
19
21
24
25
27
26
28
31
34
36
41
44
44
49
49
47
53
57
57
59
60
60
58
57
54
52
53
53
52
50
50
54
52
50
54
54
54
52
58
58
59
63
65
70
72
73
79
79
79
77
80
81
81
86
91
92
91
94
96
98
99
98
97
96
94
94
94
90
92
91
92
94
93
90
88
87
89
90
91
92
91
95
96
96
95
90
86
90
90
86
92
90
88
85
86
84
81
83
81
81
82
81
79
79
83
83
83
82
83
80
83
86
81
78
78
76
77
81
80
79
77
78
80
82
83
79
80
80
83
80
82
83
82
81
81
81
78
77
74
75
72
71
72
74
73
72
72
69
64
64
68
66
68
71
67
68
71
70
72
73
75
74
75
79
80
82
78
82
82
83
81
85
85
84
87
91
92
90
88
86
87
87
89
89
87
88
91
92
87
89
84
77
82
84
85
85
83
86
87
87
86
88
90
88
88
86
85
83
80
80
78
77
78
74
72
71
65
66
65
60
58
59
59
60
60
58
59
55
57
55
52
51
51
52
51
53
53
50
48
47
49
51
48
48
49
48
51
50
46
46
40
45
44
39
42
38
38
38
36
36
36
33
35
38
36
36
37
39
39
36
38
36
39
39
41
35
34
39
35
36
36
34
33
33
30
32
34
32
35
35
34
36
40
40
42
43
44
48
49
51
51
50
54
53
55
55
56
63
62
66
67
69
76
78
78
81
81
82
84
82
83
82
84
82
85
83
83
82
80
81
82
82
84
88
88
91
96
97
98
99
102
103
103
106
106
111
110
110
107
113
117
123
119
119
123
123
132
128
123
126
131
129
130
130
128
129
127
130
129
128
126
126
124
125
124
121
123
122
123
123
121
120
120
120
123
120
119
117
115
113
110
110
110
102
102
96
92
92
88
88
84
82
79
80
78
69
65
63
67
61
58
57
48
48
45
41
38
34
32
29
31
28
26
25
23
23
22
24
23
21
17
19
18
16
17
12
10
8
9
10
9
5
5
3
1
1
-2
-3
-4
-5
-5
-9
-10
-12
-15
-17
-19
-23
-25
-24
-27
-30
-31
-34
-36
-40
-41
-39
-39
-41
-42
-47
-44
-46
-46
-51
-53
-54
-51
