1
-1
-1
-1
-4
-1
-1
-1
-1
-3
-4
-5
-2
-5
-5
-4
-7
-8
-10
-9
-9
-13
-12
-11
-10
-8
-13
-11
-10
-9
-13
-15
-15
-16
-14
-13
-13
-13
-14
-13
-14
-10
-14
-14
-10
-12
-12
-12
-14
-11
-8
-8
-9
-8
-11
-13
-13
-12
-11
-9
-9
-11
-12
-13
-12
-11
-12
-13
-15
-14
-11
-9
-11
-13
-14
-12
-11
-15
-14
-16
-18
-20
-19
-18
-23
-27
-25
-25
-24
-24
-22
-23
-21
-21
-20
-21
-20
-17
-15
-16
-19
-16
-18
-16
-15
-16
-18
-22
-17
-18
-20
-20
-19
-17
-17
-18
-21
-21
-22
-23
-23
-23
-23
-24
-23
-22
-20
-21
-21
-19
-19
-18
-18
-17
-14
-17
-16
-18
-16
-17
-17
-19
-18
-15
-15
-18
-14
-18
-15
-18
-17
-18
-18
-14
-17
-13
-15
-15
-12
-13
-15
-15
-13
-12
-13
-16
-11
-13
-12
-11
-12
-7
-11
-10
-13
-9
-6
-8
-7
-10
-9
-4
-5
-6
-7
-8
-8
-8
-5
-5
-5
-5
-3
-5
-6
-8
-9
-10
-11
-10
-7
-5
-7
-5
-7
-3
-1
-6
-5
-7
-4
-5
-5
-6
-6
-11
-11
-8
-10
-12
-11
-10
-9
-11
-14
-11
-13
-13
-11
-10
-11
-12
-11
-12
-12
-9
-10
-8
-5
-4
-2
-1
-1
0
6
4
4
4
2
1
2
1
0
2
-4
-5
-4
-7
-9
-7
-7
-4
-6
-11
-11
-15
-10
-8
-9
-10
-10
-10
-9
-8
-10
-9
-11
-9
-9
-9
-6
-4
-3
-4
-4
-3
-6
-4
-6
-6
-6
-10
-10
-8
-8
-6
-4
-8
-9
-10
-10
-14
-9
-11
-13
-11
-10
-11
-10
-9
-9
-8
-6
-10
-11
-6
-5
-5
-4
-3
-2
-3
-5
-2
-4
-6
-8
-9
-9
-6
-3
-8
-7
-7
-7
-6
-7
-7
-7
-7
-8
-7
-8
-12
-10
-10
-12
-14
-11
-14
-15
-15
-13
-10
-10
-15
-10
-11
-12
-14
-16
-15
-16
-15
-17
-17
-16
-15
-14
-11
-11
-11
-12
-10
-12
-14
-13
-14
-13
-14
-13
-15
-15
-15
-15
-16
-15
-14
-17
-20
-18
-16
-15
-15
-16
-18
-22
-16
-20
-21
-20
-25
-22
-23
-29
-24
-28
-28
-22
-23
-25
-25
-25
-25
-24
-27
-23
-25
-29
-26
-27
-26
-25
-26
-28
-30
-28
-31
-29
-30
-28
-31
-33
-34
-35
-37
-34
-31
-35
-34
-36
-35
-36
-36
-35
-37
-37
-33
-34
-35
-34
-33
-32
-35
-35
-35
-36
-37
-36
-36
-35
-35
-34
-32
-34
-35
-37
-36
-34
-35
-36
-38
-36
-36
-39
-38
-39
-38
-35
-37
-39
-40
-41
-40
-42
-41
-41
-42
-39
-40
-39
-40
-37
-40
-38
-38
-38
-37
-40
-37
-39
-35
-39
-41
-40
-38
-37
-34
-37
-37
-37
-36
-34
-34
-33
-33
-34
-34
-31
-33
-34
-38
-32
-32
-33
-31
-31
-32
-33
-31
-33
-34
-34
-31
-32
-33
-33
-33
-34
-32
-33
-34
-31
-29
-30
-34
-33
-34
-31
-28
-30
-29
-27
-26
-23
-22
-24
-22
-23
-20
-16
-15
-18
-17
-12
-16
-14
-11
-14
-15
-15
-13
-17
-18
-18
-17
-19
-18
-17
-17
-14
-18
-18
-18
-17
-22
-22
-23
-19
-19
-21
-16
-13
-15
-14
-13
-14
-14
-14
-13
-10
-10
-10
-8
-9
-9
-7
-9
-6
-8
-8
-10
-12
-9
-13
-11
-9
-12
-13
-15
-15
-15
-13
-12
-12
-14
-17
-16
-16
-12
-14
-11
-12
-14
-17
-18
-16
-17
-15
-17
-14
-16
-12
-14
-14
-14
-10
-14
-15
-9
-14
-9
-14
-16
-16
-17
-15
-14
-17
-15
-16
-16
-16
-16
-16
-19
-17
-16
-12
-16
-18
-19
-20
-19
-22
-18
-16
-13
-17
-18
-20
-20
-17
-18
-17
-20
-16
-19
-19
-17
-16
-17
-15
-15
-18
-17
-18
-19
-21
-21
-19
-21
-21
-20
-19
-17
-18
-20
-23
-28
-24
-24
-26
-26
-26
-24
-28
-28
-31
-29
-29
-31
-34
-36
-39
-38
-36
-37
-35
-37
-35
-34
-34
-35
-35
-34
-36
-37
-33
-34
-35
-34
-32
-32
-32
-34
-38
-40
-37
-38
-40
-39
-40
-40
-41
-41
-43
-43
-45
-47
-49
-50
-49
-49
-49
-47
-48
-47
-47
-49
-51
-49
-47
-50
-49
-47
-46
-46
-44
-45
-46
-48
-51
-50
-50
-49
-46
-47
-46
-47
-42
-44
-41
-42
-42
-40
-46
-43
-46
-42
-41
-45
-41
-42
-45
-41
-39
-38
-38
-37
-39
-39
-38
-38
-36
-34
-31
-31
-33
-34
-30
-33
-33
-33
-34
-36
-33
-31
-29
-25
-25
-26
-29
-26
-28
-27
-25
-22
-23
-23
-23
-22
-21
-24
-20
-21
-20
-25
-24
-26
-26
-24
-24
-24
-22
-24
-28
-25
-27
-24
-24
-23
-21
-24
-21
-20
-22
-22
-25
-19
-21
-23
-22
-21
-20
-18
-20
-20
-20
-17
-16
-12
-16
-13
-10
-14
-15
-13
-12
-14
-13
-14
-13
-16
-16
-16
-17
-18
-17
-16
-17
-16
-17
-17
-18
-19
-18
-19
-20
-18
-20
-16
-13
-13
-12
-13
-10
-14
-15
-13
-13
-12
-9
-9
-9
-10
-13
-13
-15
-13
-14
-22
-21
-18
-18
-16
-14
-13
-15
-15
-16
-18
-19
-19
-18
-17
-18
-20
-19
-15
-17
-19
-17
-16
-20
-21
-21
-23
-21
-21
-19
-18
-18
-18
-19
-18
-18
-20
-21
-26
-23
-25
-24
-24
-24
-21
-20
-22
-22
-21
-29
-29
-24
-26
-28
-27
-26
-25
-27
-26
-29
-30
-27
-28
-29
-29
-30
-30
-32
-36
-32
-32
-33
-31
-32
-34
-32
-35
-35
-32
-34
-32
-34
-32
-31
-30
-29
-27
-29
-30
-29
-29
-28
-31
-27
-25
-26
-25
-28
-27
-27
-25
-24
-27
-26
-27
-31
-34
-32
-37
-37
-40
-39
-41
-44
-37
-38
-37
-37
-36
-36
-36
-39
-34
-30
-30
-31
-30
-26
-28
-26
-27
-25
-22
-26
-27
-29
-29
-28
-30
-26
-26
-29
-30
-29
-30
-31
-32
-31
-31
-31
-31
-36
-35
-35
-34
-31
-32
-30
-29
-27
-27
-29
-26
-29
-29
-25
-27
-26
-24
-27
-26
-20
-19
-19
-19
-23
-20
-23
-23
-23
-21
-20
-18
-17
-15
-15
-13
-13
-13
-15
-18
-19
-17
-13
-16
-14
-11
-12
-13
-13
-15
-16
-14
-12
-10
-14
-11
-11
-10
-9
-10
-8
-12
-11
-11
-14
-15
-15
-10
-9
-11
-8
-8
-10
-7
-6
-9
-8
-9
-13
-13
-8
-9
-10
-3
-4
-7
-5
-8
-9
-9
-9
-8
-9
-8
-9
-9
-10
-11
-11
-13
-12
-10
-13
-13
-12
-12
-10
-11
-9
-6
-6
-5
-5
-6
-4
-6
0
1
-1
2
0
1
4
2
3
2
0
0
1
-2
1
2
1
3
-3
-3
-2
-1
-1
0
1
0
-3
-4
-4
-1
2
0
2
3
1
2
1
3
6
5
7
7
5
8
12
11
10
12
9
6
8
7
6
6
8
6
7
3
2
3
-1
-2
2
4
0
1
-4
-2
-1
-1
2
6
6
2
1
0
-2
-3
0
-2
-3
-2
-4
-5
-5
-5
-4
-5
-4
-7
-5
-5
-5
-2
-7
-5
-3
-6
-7
-12
-6
-9
-10
-10
-12
-10
-12
-12
-9
-12
-13
-14
-15
-15
-14
-17
-14
-13
-11
-12
-14
-14
-13
-15
-12
-13
-13
-10
-15
-15
-12
-13
-12
-10
-12
-11
-15
-14
-12
-10
-9
-7
-7
-10
-10
-12
-14
-10
-12
-11
-11
-15
-14
-14
-12
-11
-12
-15
-14
-17
-19
-18
-20
-18
-18
-21
-22
-20
-23
-19
-22
-19
-18
-18
-20
-16
-14
-16
-12
-12
-12
-13
-13
-12
-10
-10
-10
-13
-12
-14
-12
-8
-12
-11
-11
-10
-13
-10
-8
-12
-12
-9
-13
-14
-15
-14
-10
-12
-8
-7
-8
-7
-6
-6
-5
-4
-5
-5
-8
-8
-4
-5
-5
-4
-2
-3
1
2
4
4
2
-3
-4
-3
-2
-2
-1
1
0
3
-1
-2
-5
-7
-4
-5
-1
-1
-1
-2
-4
-3
0
-2
0
-4
-2
-2
-2
-2
-3
-1
-1
-3
-4
-5
-3
-2
-1
1
-2
-1
-2
-1
1
0
2
0
4
5
-1
3
2
0
3
-1
4
6
5
4
7
6
3
5
1
0
0
-3
-1
0
2
-1
-2
1
1
-1
0
1
3
-1
-2
0
0
-2
-1
2
3
4
3
1
1
3
6
8
9
12
8
9
11
6
8
7
7
7
3
-1
-2
-3
-6
-3
-6
-7
-7
-5
-5
-3
-4
-5
-3
-2
-3
-4
-5
-5
-4
-7
-8
-6
-7
-9
-7
-8
-8
-6
-6
-6
-9
-11
-10
-13
-12
-12
-14
-15
-16
-15
-15
-15
-12
-15
-13
-18
-15
-11
-15
-19
-18
-17
-20
-19
-17
-16
-17
-17
-19
-21
-21
-22
-25
-27
-23
-22
-23
-20
-22
-22
-23
-22
-21
-20
-23
-22
-23
-25
-24
-21
-20
-16
-19
-20
-19
-23
-27
-27
-24
-22
-24
-25
-24
-25
-29
-32
-30
-32
-30
-27
-26
-23
-26
-24
-26
-26
-24
-24
-25
-28
-25
-27
-28
-28
-27
-25
-24
-26
-24
-26
-29
-27
-25
-24
-23
-24
-22
-26
-25
-24
-25
-23
-25
-26
-30
-28
-30
-33
-30
-29
-29
-29
-29
-30
-32
-34
-33
-31
-32
-35
-34
-37
-36
-36
-35
-33
-32
-30
-31
-30
-29
-29
-24
-24
-31
-30
-29
-27
-26
-27
-26
-30
-33
-32
-32
-33
-31
-33
-36
-32
-35
-33
-34
-31
-31
-32
-33
-39
-39
-42
-43
-41
-38
-37
-33
-35
-35
-35
-34
-39
-38
-36
-36
-34
-33
-32
-30
-33
-29
-27
-32
-33
-33
-29
-30
-33
-34
-29
-28
-26
-28
-24
-25
-26
-27
-30
-32
-33
-29
-30
-31
-27
-27
-28
-26
-29
-27
-27
-30
-28
-29
-27
-27
-25
-25
-24
-23
-23
-23
-25
-28
-24
-23
-24
-18
-18
-17
-20
-22
-19
-18
-16
-20
-20
-19
-19
-19
-18
-13
-13
-13
-13
-15
-13
-11
-12
-15
-11
-13
-11
-10
-12
-11
-11
-11
-11
-10
-13
-10
-7
-9
-11
-13
-13
-11
-7
-4
-6
-4
-2
-4
-5
-6
-6
-3
-3
-3
2
-1
5
8
6
6
1
0
0
0
0
-1
-2
-2
-4
-6
-10
-12
-9
-11
-13
-14
-14
-15
-14
-11
-12
-12
-12
-10
-12
-11
-11
-13
-10
-9
-12
-8
-8
-9
-8
-9
-9
-10
-9
-11
-14
-13
-11
-13
-14
-13
-13
-16
-17
-13
-12
-22
-19
-16
-19
-16
-18
-19
-18
-21
-19
-19
-17
-15
-12
-11
-14
-14
-14
-14
-15
-12
-13
-12
-13
-11
-9
-7
-9
-10
-10
-5
-10
-10
-9
-11
-11
-12
-11
-11
-9
-8
-12
-14
-16
-15
-11
-15
-13
-15
-14
-12
-16
-12
-15
-14
-13
-14
-13
-14
-15
-18
-15
-13
-14
-14
-15
-18
-18
-18
-18
-17
-23
-22
-24
-22
-18
-19
-18
-17
-16
-15
-20
-17
-16
-17
-19
-17
-15
-16
-12
-16
-15
-16
-16
-19
-22
-21
-21
-18
-21
-21
-23
-22
-22
-23
-21
-24
-20
-22
-21
-23
-20
-20
-16
-19
-17
-15
-13
-11
-13
-11
-13
-14
-14
-10
-8
-9
-11
-10
-9
-11
-10
-10
-7
-8
-7
-6
-6
-6
-5
-5
-7
-10
-11
-9
-9
-7
-7
-6
-7
-6
-6
-7
-6
-6
-6
-4
-8
-8
-9
-6
-8
-9
-4
-1
0
-3
-5
-7
-8
-7
-8
-7
-7
-8
-4
-2
-5
-3
-2
-4
-4
-6
-9
-6
-7
-6
-7
-7
-4
-6
-6
-4
-4
-2
-3
-2
-4
-7
-8
-7
-4
-4
1
-1
-5
-6
-4
-5
-7
-4
-3
-4
-4
-2
-4
-6
-4
-2
-5
-3
1
0
0
1
-3
0
0
0
3
-3
0
0
-2
0
-1
-2
-2
-2
-3
-6
-5
-4
-5
-1
-4
-5
-5
-5
-6
-3
-6
-7
-6
-5
-3
-2
0
-2
0
-1
-1
0
0
4
6
4
7
7
3
1
3
3
4
2
-1
-2
-1
-1
-3
-2
-2
-1
0
-2
-4
-2
0
-2
1
-5
-1
3
1
5
5
10
7
6
5
7
9
7
13
13
10
14
13
11
12
10
10
9
9
8
6
7
11
13
8
9
6
9
6
5
13
10
15
10
10
12
10
13
14
13
11
10
11
8
8
8
10
13
13
12
12
15
10
10
12
10
5
6
7
4
6
6
6
5
4
3
3
2
3
2
3
2
3
5
5
4
1
-1
0
0
-2
-2
-1
-2
-4
-5
-3
0
1
2
4
5
0
-1
0
1
4
4
4
1
-1
-1
-2
4
1
4
0
3
1
0
2
4
6
2
2
1
0
-1
1
1
1
-2
-5
-6
-7
-5
-7
-7
-6
-5
-10
-9
-11
-11
-5
-10
-5
-2
-6
-7
-5
-4
-4
-1
-1
-1
-2
-4
-3
0
1
1
-1
-2
1
-1
-5
-3
0
-4
-2
-2
-4
-6
-5
-5
-5
-4
-4
-9
-10
-7
-9
-7
-4
-8
-8
-8
-8
-9
-10
-11
-8
-8
-11
-10
-10
-12
-12
-6
-10
-14
-11
-13
-11
-13
-13
-11
-9
-7
-11
-8
-8
-10
-9
-11
-8
-7
-10
-11
-11
-11
-7
-5
-5
-4
-4
-6
-5
-5
-6
-3
-4
-3
-5
-5
-4
-2
-2
-2
-2
-2
-1
-4
-2
-1
2
3
1
2
3
2
5
2
3
5
9
5
6
4
1
1
4
3
2
4
4
3
1
5
4
5
6
5
1
0
1
1
3
4
5
4
4
2
2
8
4
2
6
6
1
2
5
5
2
8
7
8
7
8
12
10
8
7
8
12
10
9
12
10
12
11
9
7
5
2
3
4
3
2
2
0
3
2
3
6
4
8
9
10
9
10
7
7
12
10
15
18
15
15
14
18
16
13
17
13
14
10
8
9
7
10
10
11
6
3
4
2
5
5
5
8
5
2
3
6
4
7
6
6
6
1
5
2
3
6
7
7
5
3
3
3
2
4
5
5
6
3
2
2
2
2
3
0
-3
-3
-2
-3
-2
2
-3
-3
-3
-4
-6
-8
-7
-5
-6
-6
-4
-4
-6
-5
-6
-6
-4
-2
-2
-2
3
-1
-2
1
0
-1
0
2
-2
0
1
0
1
1
0
1
2
5
3
2
2
-2
0
2
2
-1
1
3
5
-2
1
1
-4
-3
-1
-3
-6
-5
-7
-8
-9
-2
-4
-4
-2
-6
-4
-2
-1
-5
0
-3
2
4
3
5
3
5
2
2
0
-1
-1
-2
1
0
-2
-3
-2
-5
-6
-7
-6
-5
-10
-9
-8
-12
-14
-13
-13
-13
-11
-8
-9
-9
-9
-6
-8
-10
-10
-9
-9
-10
-12
-11
-10
-10
-7
-7
-7
-9
-9
-9
-10
-11
-12
-8
-12
-12
-10
-9
-9
-11
-10
-9
-13
-13
-11
-11
-10
-8
-6
-9
-8
-8
-6
-11
-8
-9
-8
-5
-9
-5
-4
-4
-3
-2
-1
-2
-3
-5
-4
-1
-1
0
3
4
1
4
4
4
7
4
8
8
9
9
10
10
10
9
8
7
10
8
9
9
9
14
14
14
12
13
10
12
11
11
12
13
13
11
12
9
12
13
10
12
11
13
14
12
13
16
14
18
15
16
17
19
23
19
21
21
18
17
21
20
19
19
19
19
16
14
13
13
14
15
20
19
15
18
19
19
17
18
16
19
20
20
22
21
24
23
23
24
23
22
22
19
20
22
22
22
23
20
19
16
19
20
17
19
18
16
18
15
14
18
18
20
18
19
17
15
14
18
19
15
16
15
15
12
13
14
16
15
14
14
11
15
12
14
12
12
9
12
11
11
12
14
17
13
13
9
9
10
9
10
9
9
9
10
9
10
8
8
8
5
9
7
6
7
9
7
9
8
9
12
10
13
14
9
6
9
7
7
7
6
5
4
5
5
5
6
5
6
4
7
6
6
7
5
4
6
5
6
8
10
7
4
6
5
1
-1
0
-3
-3
-7
-6
-10
-11
-9
-10
-9
-8
-9
-8
-9
-11
-7
-7
-6
-1
1
3
-2
0
2
0
2
1
2
-1
-4
1
0
0
-1
-2
0
1
3
2
4
-2
2
1
-2
1
-1
1
3
5
2
1
3
3
4
9
7
7
5
6
5
7
8
10
7
7
10
8
4
3
4
3
0
3
1
4
1
5
6
4
5
5
3
1
2
1
4
2
7
6
2
4
2
0
2
5
6
6
4
3
5
4
8
7
4
5
2
1
5
5
2
3
3
5
4
5
4
3
7
6
2
4
6
6
7
6
4
4
6
5
8
6
6
6
4
5
7
7
3
4
2
6
3
5
4
4
5
3
6
3
6
8
6
6
7
7
8
10
10
13
16
12
11
15
19
20
19
21
20
22
17
18
18
17
18
13
14
11
12
10
11
12
11
12
11
8
8
6
5
9
6
5
8
8
10
11
10
12
13
13
9
12
12
10
14
16
15
13
12
14
11
14
12
10
13
12
13
12
14
13
17
15
9
12
11
12
12
14
15
15
13
13
14
13
12
13
15
14
13
15
11
11
15
16
16
18
17
14
16
11
10
9
11
12
13
10
12
13
14
11
8
11
6
9
12
8
8
9
9
8
8
7
6
6
5
3
3
6
3
6
5
1
2
1
6
5
6
7
4
4
4
3
2
3
5
4
2
1
4
1
3
3
4
3
3
1
-1
1
2
1
0
-2
-1
-3
-4
-3
-5
-7
-8
-5
-5
-6
-8
-8
-9
-10
-12
-12
-10
-12
-10
-9
-6
-8
-7
-5
-1
-1
-3
2
3
0
-1
1
2
3
3
3
2
-1
2
2
1
2
0
-2
1
1
0
1
-1
-3
-3
-1
-3
-5
-4
-4
-7
-3
-5
-6
-5
-7
-4
-4
-3
-2
-5
-4
-3
-5
-5
-5
-5
-4
-1
-5
-5
-5
-4
-8
-10
-7
-7
-6
-5
-3
-2
0
1
0
-2
-6
-4
-2
-6
-3
-5
-6
-5
-5
-4
-3
-2
-4
-5
-4
-6
-1
-1
-5
-2
0
1
0
-2
-2
-4
-3
-1
-2
-2
-2
-2
-3
1
1
-2
0
1
0
4
5
-1
5
1
1
3
0
1
4
4
2
4
4
5
5
5
5
3
6
4
3
4
4
3
1
2
3
6
8
6
1
3
4
4
4
4
5
3
3
6
9
7
7
10
9
10
9
9
9
9
9
6
6
3
3
2
2
2
-2
1
2
1
-3
-1
0
1
4
1
4
4
4
3
5
5
2
3
2
4
3
4
5
7
6
7
3
2
1
-1
2
2
0
1
2
1
-1
-2
1
-2
-1
-5
-5
-9
-6
-3
-5
-3
-5
0
-1
-5
-3
-6
-2
-4
-5
-1
-2
-3
-1
1
-1
4
4
6
5
5
6
1
5
7
6
4
6
3
6
9
7
7
4
2
4
4
3
3
2
2
4
3
3
-1
-1
1
3
-1
2
0
0
0
0
-3
-3
2
-2
2
-2
0
-1
2
3
1
2
0
1
1
1
4
2
5
6
5
6
5
8
5
7
9
11
8
7
6
4
6
5
3
6
3
3
3
2
5
2
1
-1
-2
-4
-2
-2
-1
3
3
0
1
3
6
6
5
8
11
7
6
7
7
9
10
9
7
7
7
6
6
9
6
8
2
1
6
6
4
3
4
1
-1
0
-3
-4
-3
-2
-2
0
1
-2
-1
2
3
2
-1
2
1
-2
4
3
2
4
4
1
-3
1
1
-2
-3
1
1
-2
0
-1
-1
-3
0
-4
-3
-5
-4
-3
-7
-3
-3
-3
-3
-3
-1
-4
-1
1
1
0
1
3
2
2
3
4
3
2
0
0
0
-2
4
1
2
6
1
1
1
3
3
5
6
5
4
2
6
4
1
2
5
3
3
4
5
4
3
3
3
2
4
6
3
6
5
4
2
3
6
0
2
-3
-2
1
1
1
-1
-1
1
2
4
1
4
4
3
5
3
5
5
7
7
7
5
1
1
2
0
0
-2
-1
-1
-5
-4
-5
-1
-2
-3
-5
-6
-7
-6
-4
-5
-5
-4
-4
-5
-5
-5
-7
-5
-5
-3
-1
-3
0
1
-1
-2
-1
1
-2
-2
-1
-1
-3
-3
-3
-2
-1
-3
-5
-5
-5
-4
-7
-5
-2
-4
-2
-2
-8
-3
-2
-5
-2
0
0
-3
-2
-2
-5
-6
-5
-2
-1
-1
-3
-3
-1
0
-2
-1
-2
2
0
-2
-2
0
1
2
-1
-5
-3
-4
-2
-1
-1
-2
-2
-5
-2
-1
-3
-3
-4
-3
-2
-2
-2
-2
-3
-6
-5
-9
-7
-9
-9
-7
-6
-8
-6
-7
-6
-6
-7
-6
-6
-8
-7
-3
-6
-5
-6
-5
-7
-8
-6
-6
-7
-5
-5
-4
-6
-5
-7
-7
-5
-7
-5
-10
-10
-10
-13
-12
-12
-13
-13
-20
-16
-15
-15
-18
-16
-15
-17
-13
-13
-13
-12
-9
-7
-7
-4
-7
-7
-9
-9
-9
-8
-9
-11
-10
-9
-12
-13
-13
-15
-14
-8
-11
-10
-11
-13
-15
-14
-19
-19
-14
-16
-17
-19
-15
-16
-18
-17
-15
-16
-15
-17
-16
-13
-16
-12
-15
-14
-12
-13
-13
-14
-12
-10
-15
-14
-14
-18
-14
-11
-12
-12
-13
-10
-11
-13
-13
-15
-15
-15
-16
-15
-11
-9
-11
-9
-8
-6
-9
-9
-8
-5
-6
-6
-6
-5
-1
-3
-3
-2
-2
-4
-1
-4
-4
-6
-5
-2
0
-2
0
2
1
-4
-3
-3
1
1
0
0
-4
0
0
-2
-4
-3
-3
-8
-5
-8
-7
-7
-5
-5
-7
-7
-8
-8
-8
-9
-9
-9
-8
-8
-12
-9
-11
-13
-11
-11
-11
-9
-9
-9
-10
-7
-8
-9
-4
-4
-1
-2
0
3
-1
1
-3
-5
-3
-2
-3
-5
-6
-8
-6
-6
-6
-8
-8
-12
-9
-9
-10
-5
-8
-9
-7
-5
-5
-5
-6
-3
-3
-3
-2
0
-3
3
3
1
2
1
5
-1
-1
-1
1
2
-3
-3
-3
-1
1
0
2
-1
-4
-3
-5
-2
-1
1
0
1
3
3
3
3
2
2
0
1
-1
-2
-3
-1
-2
-2
-2
-3
-3
-1
-1
-4
-3
-4
-4
-6
-5
-5
-4
-4
-6
-11
-6
-9
-7
-11
-7
-6
-7
-6
-6
-7
-9
-7
-9
-7
-9
-7
-8
-8
-7
-8
-7
-7
-9
-8
-7
-7
-5
-7
-10
-7
-5
-9
-8
-4
-7
-8
-7
-5
-2
-6
-6
-4
-5
-6
-4
-2
-6
-4
-6
-9
-8
-6
-7
-12
-10
-8
-11
-15
-13
-13
-12
-13
-14
-16
-15
-17
-22
-17
-16
-17
-15
-16
-16
-15
-13
-14
-9
-10
-11
-10
-7
-8
-8
-7
-6
-6
-6
-7
-8
-5
-5
-4
-5
-2
-5
-6
-6
-8
-8
-9
-9
-8
-9
-8
-10
-11
-8
-6
-6
-3
-7
-5
-5
-6
-4
-3
-5
-4
-5
-6
-3
-3
-1
-4
-4
-5
-5
-5
-6
-3
-2
-7
-4
-6
-6
-3
-4
-1
-5
-3
-5
-6
-9
-10
-8
-5
-4
-5
-6
-6
-7
-7
-3
-8
-6
-4
-5
-3
-4
-3
-2
-4
-1
-3
-3
-4
-6
-5
-3
-4
-4
-3
-2
-3
-5
-4
-2
-3
-3
1
-3
-1
2
0
0
-3
-1
-3
2
0
1
0
1
0
-1
1
0
0
3
2
0
0
0
2
3
4
3
3
-1
1
4
7
8
6
10
8
9
11
14
14
14
14
16
19
21
19
22
19
17
20
18
18
21
19
18
19
20
20
17
20
17
17
15
15
13
13
15
11
16
15
16
17
14
18
17
17
18
17
19
20
16
14
18
17
16
18
18
20
18
19
19
19
17
12
15
12
14
15
15
12
13
14
9
13
12
14
13
13
10
11
10
13
16
16
15
15
12
10
9
10
11
12
14
12
14
11
15
12
12
13
11
13
12
13
12
13
10
12
10
8
9
7
9
8
9
9
7
8
7
8
9
7
8
6
6
5
5
4
8
2
2
5
2
8
9
6
9
6
8
8
13
10
12
13
10
12
10
13
12
12
13
12
11
13
11
9
12
14
16
13
13
13
9
10
13
8
9
10
4
7
9
5
3
1
1
-3
-6
-4
-2
2
0
2
7
4
1
1
4
4
7
6
7
7
5
6
7
8
5
5
5
6
4
6
6
3
-1
0
2
-1
3
1
4
1
2
1
-1
2
-1
1
3
4
3
4
1
4
6
4
3
3
4
3
2
1
2
0
3
4
3
4
2
2
-1
0
3
1
1
4
4
3
3
6
4
3
5
7
1
0
2
4
4
2
5
4
5
4
5
6
4
8
7
9
7
4
9
8
9
7
7
10
7
6
7
9
7
7
7
8
7
10
11
5
11
13
10
10
9
8
7
9
10
5
8
10
7
8
8
10
8
10
10
10
7
7
9
11
11
9
13
10
9
11
8
10
10
11
14
10
14
16
17
14
14
17
19
22
18
21
21
21
22
25
22
17
20
18
18
18
21
18
17
18
14
12
10
13
17
13
13
14
17
18
14
14
12
14
14
14
16
16
17
17
16
17
17
16
19
19
19
18
19
17
18
17
16
15
10
12
13
12
10
12
15
9
9
9
8
10
12
13
11
6
12
14
9
16
13
13
10
10
11
8
15
17
12
14
13
13
11
12
14
7
11
11
13
13
10
14
11
17
12
13
14
8
8
11
12
10
12
11
8
7
8
9
8
4
8
4
7
8
8
9
6
8
7
9
9
10
11
12
8
5
6
3
6
5
5
4
4
7
4
6
6
6
5
4
3
3
3
0
4
0
0
1
2
1
2
0
-1
-2
-5
-3
-1
-2
-3
-5
-2
-7
-10
-8
-14
-10
-10
-8
-7
-10
-7
-7
-4
-3
-2
3
1
0
3
2
4
3
5
4
0
0
0
0
-1
-3
-2
-2
-2
-2
-3
-2
-1
-1
-2
-2
-2
-5
-1
-1
-1
2
0
0
-1
3
1
0
3
2
3
4
2
5
4
1
5
5
5
3
3
4
4
2
2
4
8
5
5
4
6
8
9
7
5
4
3
6
6
8
9
8
7
7
6
6
9
8
9
11
12
12
8
6
9
10
8
9
7
9
9
7
9
11
8
11
9
7
11
11
9
9
12
12
12
10
9
5
8
12
9
10
11
10
11
10
8
9
11
7
7
5
6
7
7
8
9
8
7
9
8
10
9
12
8
12
15
14
16
15
18
17
18
19
17
22
18
24
25
19
20
20
22
21
23
20
20
22
18
17
17
18
15
16
15
13
12
15
17
16
17
16
18
19
19
19
19
19
23
22
21
22
21
21
22
23
21
21
21
23
23
21
24
22
20
18
19
21
19
19
20
18
18
21
15
16
18
18
16
16
17
15
17
21
21
23
21
18
19
18
19
16
17
15
16
15
15
16
18
20
15
16
16
15
16
15
15
11
13
14
12
12
15
13
7
7
8
9
6
8
9
9
7
7
8
5
4
4
4
4
3
4
6
-1
1
4
2
3
0
0
-1
2
-1
-1
3
1
4
0
2
4
3
7
6
6
4
3
4
6
5
4
4
3
3
3
2
4
4
3
3
3
-1
1
1
-1
2
-2
-2
-6
-6
-3
-7
-2
-3
-1
-2
-2
-2
3
5
2
7
7
9
8
9
7
8
9
8
10
8
5
6
6
4
1
2
3
0
3
2
3
4
-1
0
0
0
2
1
0
0
2
2
3
3
6
6
4
4
4
2
3
3
5
2
6
8
12
8
3
4
2
1
-1
0
2
15
21
37
39
37
41
43
40
34
26
13
8
1
3
4
8
19
13
18
23
32
36
36
37
38
36
33
30
28
28
30
27
29
32
29
37
37
37
35
34
29
28
22
22
21
14
14
14
19
24
26
22
30
34
34
28
26
22
16
14
10
10
7
10
6
16
17
20
25
21
25
22
23
18
14
7
3
0
-2
1
3
6
8
14
13
19
19
22
20
16
12
13
11
5
8
7
10
10
12
13
16
17
15
13
10
7
3
0
-2
-2
-5
-6
-5
-6
0
3
5
7
8
8
7
6
3
-2
-1
-3
-3
-3
-1
2
3
4
6
6
4
5
1
-2
-2
-5
-6
-4
-5
-4
-6
-6
-6
-9
-7
-8
-8
-4
-6
-8
-9
-10
-10
-10
-11
-13
-13
-11
-13
-10
-7
-9
-5
-9
-9
-9
-12
-7
-10
-12
-14
-11
-10
-12
-8
-8
-11
-5
-7
-10
-10
-11
-12
-15
-18
-15
-13
-12
-10
-12
-7
-8
-5
-8
-9
-10
-9
-10
-13
-12
-11
-10
-15
-15
-15
-13
-15
-11
-13
-11
-11
-12
-16
-14
-13
-17
-14
-16
-15
-10
-10
-8
-9
-6
-7
-8
-9
-9
-8
-11
-12
-10
-11
-13
-14
-14
-13
-14
-14
-14
-14
-16
-14
-15
-17
-18
-20
-23
-22
-22
-20
-22
-23
-22
-22
-22
-18
-16
-18
-16
-14
-18
-19
-16
-16
-15
-14
-17
-16
-17
-16
-19
-20
-20
-20
-21
-23
-21
-21
-22
-22
-22
-24
-28
-28
-29
-28
-28
-30
-29
-26
-26
-25
-26
-28
-23
-27
-24
-22
-26
-26
-24
-21
-21
-23
-23
-18
-19
-24
-27
-24
-23
-24
-26
-24
-25
-23
-23
-20
-21
-21
-15
-19
-20
-19
-19
-22
-23
-19
-19
-21
-17
-18
-20
-17
-18
-17
-16
-15
-14
-15
-16
-13
-13
-11
-9
-10
-14
-12
-15
-19
-14
-15
-15
-16
-14
-13
-13
-12
-8
-12
-11
-7
-12
-11
-10
-14
-14
-17
-15
-10
-13
-11
-12
-14
-12
-15
-14
-15
-15
-17
-17
-18
-16
-15
-15
-13
-14
-14
-15
-12
-15
-12
-15
-15
-14
-15
-15
-13
-8
-10
-10
-8
-7
-8
-7
-5
0
3
-1
-2
-3
-3
-3
-2
-6
-3
-3
-4
-5
-9
-9
-7
-8
-5
-4
-9
-6
-9
-6
-1
-5
-4
-1
-3
-3
-1
2
0
0
-1
0
2
3
4
4
5
5
5
6
4
5
6
5
3
4
4
3
3
5
2
-1
3
-2
-3
-1
1
-1
-4
-2
-2
0
2
3
1
3
2
-3
-3
-1
-2
-2
0
-1
1
-1
0
1
1
-1
2
-1
-1
1
1
1
-1
3
1
1
2
2
-1
-1
0
2
1
2
1
-1
1
1
3
1
1
0
0
1
1
1
-3
-2
2
-3
0
2
-3
5
1
-1
-1
1
0
1
0
2
2
-1
-2
0
1
-2
2
2
-1
-3
-2
-1
0
4
0
-1
-1
2
-3
-3
-1
-5
-2
-6
-8
-7
-7
-7
-9
-9
-9
-13
-12
-13
-14
-9
-11
-11
-8
-9
-6
-8
-8
-5
1
1
-1
-4
-1
-1
-1
1
-3
-3
-4
-5
-3
-3
-7
-6
-6
-8
-7
-6
-6
-4
-9
-8
-10
-10
-8
-12
-11
-11
-8
-10
-9
-11
-11
-9
-10
-6
-10
-12
-13
-9
-8
-12
-13
-12
-8
-5
-9
-8
-10
-13
-13
-13
-12
-11
-13
-11
-8
-10
-10
-10
-10
-7
-7
-8
-6
-8
-8
-7
-6
-7
-6
-5
-7
-2
-4
-8
-7
-5
-5
-8
-4
-2
-3
-3
-2
-2
-3
0
0
-4
-5
-2
0
-1
-2
-1
-1
1
0
-3
0
0
-2
1
-1
0
0
-3
-1
-2
1
0
-1
-2
-6
-2
0
-4
-2
-2
-3
-1
-3
-3
-1
-1
-3
-1
-3
-3
0
1
-1
-1
-1
0
3
3
5
5
4
4
3
4
6
11
7
7
10
11
10
5
9
8
4
4
6
6
4
4
2
1
4
5
3
6
4
3
6
1
7
6
8
12
11
15
12
13
11
7
10
13
16
14
15
13
10
13
16
13
17
16
13
15
12
13
14
14
15
11
12
14
13
14
14
17
16
12
13
13
16
17
17
18
17
18
17
16
17
17
17
18
17
18
20
19
19
17
17
18
17
19
19
21
20
19
21
22
20
18
15
15
18
21
19
21
20
18
20
18
18
16
18
18
19
20
19
21
19
18
15
14
17
19
21
19
21
19
16
15
14
14
15
15
14
14
16
14
16
14
14
15
14
14
15
14
13
14
16
13
14
13
14
12
11
10
9
7
7
5
4
7
0
3
3
-1
0
3
3
2
1
1
1
2
6
5
4
6
5
4
5
4
4
4
6
5
3
4
2
5
3
2
5
5
4
4
6
4
2
5
0
0
-2
-3
-2
-4
-2
-3
1
2
2
4
5
4
5
3
3
2
2
7
6
6
5
4
7
4
2
0
3
4
0
1
5
4
3
6
5
5
8
5
6
3
3
4
4
4
2
5
6
1
2
3
3
3
1
3
3
3
2
3
3
5
6
4
3
1
0
-1
1
1
1
2
1
0
2
2
5
1
4
1
2
4
2
2
3
2
4
4
-1
2
1
2
0
1
1
3
1
1
1
-1
0
1
0
-1
1
4
4
3
4
2
4
4
4
3
5
7
5
6
8
8
10
11
11
11
12
15
17
15
14
14
12
10
11
10
12
6
4
4
4
5
4
6
7
9
9
8
9
11
11
9
10
11
10
13
9
11
10
11
15
14
14
13
16
18
17
18
15
18
15
17
17
16
16
13
13
14
16
18
17
15
16
9
14
16
18
15
17
13
13
17
17
18
19
15
17
16
15
18
15
15
17
17
18
20
17
20
20
19
19
15
15
12
15
15
13
13
12
13
12
12
12
12
12
9
11
12
9
11
12
11
11
12
12
10
13
13
11
12
8
10
11
7
7
7
10
6
6
7
5
4
6
5
4
3
5
5
6
5
4
7
5
7
9
6
8
12
9
9
8
8
3
9
7
5
4
3
4
1
1
0
3
0
0
2
-6
-6
-4
-3
-3
-1
-4
-3
-1
-1
0
1
2
3
4
6
3
4
8
7
7
5
5
2
2
1
4
1
0
3
1
1
1
3
2
1
0
0
-1
-2
-1
-1
-1
0
-1
-4
-3
-3
-2
-1
-1
0
-1
-1
-4
-3
-4
-3
1
-1
4
4
-1
1
0
1
1
1
1
2
4
3
4
2
5
2
0
2
1
3
1
-2
2
0
3
3
0
3
1
3
2
3
3
3
6
4
6
7
6
5
6
5
5
3
4
6
5
5
4
6
7
7
6
8
7
7
8
8
7
9
5
6
9
9
8
3
9
7
6
8
11
11
8
9
8
11
9
9
11
8
9
9
10
10
11
12
12
10
8
11
13
15
16
15
16
18
16
17
21
17
20
25
19
23
23
23
22
21
21
18
20
18
17
18
16
15
18
18
19
15
14
17
15
13
16
17
15
17
20
24
20
24
19
20
21
18
21
19
24
22
19
20
20
20
18
16
17
17
19
17
17
17
17
17
15
17
13
13
10
13
14
16
16
14
15
15
17
17
17
17
16
16
17
17
18
12
14
17
16
15
13
14
13
12
13
12
14
14
12
13
11
14
14
14
10
12
11
10
11
12
14
12
10
10
14
12
11
8
8
11
8
6
6
7
8
5
4
7
6
1
4
5
5
3
0
0
3
3
2
2
1
4
-2
-4
1
-2
-3
-3
-3
0
-2
-2
-1
0
-2
-3
-5
-3
-1
-1
-3
-4
-5
-8
-8
-8
-9
-7
-8
-10
-11
-20
-14
-13
-10
-9
-11
-9
-10
-10
-10
-8
-8
-4
-3
-3
-3
-2
0
0
2
-2
-1
-1
-2
-2
-3
-4
-7
-6
-4
-5
-4
-6
-6
-6
-7
-7
-7
-7
-9
-6
-10
-8
-6
-7
-9
-11
-8
-7
-6
-6
-10
-9
-8
-8
-8
-12
-11
-4
-8
-9
-10
-7
-10
-11
-9
-12
-10
-8
-11
-8
-9
-8
-7
-8
-9
-11
-11
-9
-12
-11
-8
-9
-7
-8
-7
-9
-7
-8
-7
-5
-6
-6
-3
-7
-4
-5
-6
-5
-5
-5
-5
-6
-5
-5
-6
-5
-5
-6
-7
-5
-6
-3
-6
-6
-4
-3
-3
-2
-4
-7
-1
-4
-7
-4
-4
-6
-7
-7
-3
-1
-1
-1
-2
-7
-6
-8
-6
-5
-5
-6
-6
-4
-5
-4
-6
-4
-3
-2
-4
-4
1
0
0
3
1
2
5
6
7
10
7
8
7
5
10
10
7
6
8
8
8
2
3
5
5
4
4
5
5
6
4
6
10
5
7
8
11
10
9
14
10
11
12
13
12
11
12
14
18
17
17
19
17
15
15
14
13
16
16
16
16
15
15
15
15
11
14
13
12
13
13
14
13
16
17
16
18
17
18
12
14
16
16
15
16
17
17
18
15
17
16
15
16
14
13
13
13
15
14
13
13
15
11
10
11
9
11
12
13
13
12
12
9
9
8
9
9
9
7
5
5
4
3
4
5
-1
1
4
2
5
3
0
1
-2
-1
1
0
-1
-3
-3
-4
-4
1
-3
-1
-5
-4
-2
-6
-4
-3
-4
-5
-2
-4
-4
-6
-7
-6
-7
-11
-10
-9
-8
-10
-11
-11
-12
-16
-15
-13
-15
-13
-11
-13
-13
-12
-12
-8
-10
-9
-6
-8
-7
-5
-9
-6
-7
-8
-7
-6
-6
-11
-9
-8
-10
-11
-12
-12
-10
-9
-11
-12
-12
-11
-11
-14
-14
-13
-13
-14
-13
-13
-11
-10
-8
-7
-10
-11
-10
-12
-11
-7
-5
-6
-4
-6
-5
-4
-6
-5
-8
-6
-7
-8
-5
-4
-4
-3
-1
-4
-1
0
-2
-4
-3
-4
-3
-6
-7
-3
-3
-3
-4
-1
-2
-4
-2
0
0
-2
0
0
1
2
6
6
4
3
2
2
1
-2
2
4
5
2
1
4
2
7
5
3
4
6
5
2
6
5
5
6
6
5
9
9
7
6
9
10
10
8
8
7
7
9
10
12
8
11
8
9
12
10
13
11
12
13
13
15
16
19
18
20
21
20
22
21
21
26
27
22
23
23
21
20
23
21
20
19
17
16
20
17
14
17
15
17
14
14
15
14
13
18
13
12
14
14
13
13
15
16
15
18
19
18
18
18
19
17
16
17
18
17
17
17
15
12
13
16
14
17
16
15
11
10
15
10
12
16
17
16
14
12
15
15
13
16
15
15
14
15
12
11
14
12
14
15
14
14
15
13
13
13
14
12
12
13
11
10
9
11
10
9
8
6
4
4
7
7
7
8
9
9
5
7
4
4
6
4
4
2
3
0
-1
2
4
4
5
5
3
3
1
4
3
5
0
3
3
5
3
3
4
4
5
5
8
7
6
7
10
11
10
11
10
11
9
10
9
7
10
8
6
7
7
5
4
2
3
0
1
2
2
4
3
6
4
6
5
6
9
9
9
8
10
8
8
6
8
7
2
5
4
4
5
2
1
2
1
-2
1
-1
-2
-3
0
-1
-3
-1
-2
-4
-4
-4
-2
-3
-2
-1
-1
0
-1
-2
0
-1
-2
-1
-2
1
0
0
5
2
1
4
3
2
1
1
4
3
3
2
6
6
7
8
6
7
4
5
7
4
5
7
5
6
5
7
4
4
5
3
4
3
7
8
7
5
8
6
3
4
4
3
3
3
4
8
5
2
5
7
7
8
6
7
10
11
9
8
10
7
10
13
12
15
12
11
14
14
15
15
16
15
14
15
18
16
14
18
17
15
14
17
14
16
22
18
20
21
20
23
21
23
25
23
23
25
27
27
27
31
31
29
32
27
28
32
29
27
28
27
26
26
25
20
19
23
25
25
20
21
22
19
22
24
23
25
21
25
24
23
24
22
25
23
24
27
26
29
30
25
27
26
26
27
26
27
23
24
25
22
21
25
25
20
23
21
17
19
19
22
20
20
20
21
20
20
20
19
19
17
16
19
19
17
16
17
20
19
20
22
22
20
20
18
19
17
19
19
17
18
17
19
16
15
17
17
15
17
15
16
18
17
17
15
15
16
16
16
15
15
15
17
12
14
11
11
14
13
13
12
13
13
12
12
12
14
14
13
14
13
11
8
10
10
13
12
13
10
13
12
13
14
12
12
13
13
17
16
15
12
12
12
11
13
9
9
7
6
6
0
1
6
3
4
4
5
4
3
2
5
5
7
10
7
9
5
8
9
5
4
8
9
3
5
5
4
2
5
4
4
5
3
5
5
3
3
3
1
1
-1
5
5
5
8
6
7
7
7
9
11
8
8
9
9
10
12
9
9
14
16
12
13
12
12
14
11
9
7
12
12
16
16
14
17
13
14
13
13
8
12
12
11
13
14
12
13
13
13
16
11
12
14
13
13
15
14
15
14
12
11
10
12
11
12
12
12
15
15
14
12
15
18
10
9
14
17
16
15
14
14
16
15
13
13
15
12
10
11
11
12
12
15
15
15
16
15
15
16
14
13
14
12
14
13
12
15
13
14
16
19
20
17
16
18
21
21
22
22
21
28
23
25
28
25
24
24
25
26
27
23
24
21
20
23
20
26
25
21
22
23
23
23
24
24
24
24
23
25
26
26
25
27
28
27
26
29
29
27
27
26
26
24
24
23
24
24
21
20
21
19
23
23
22
24
19
21
22
25
24
25
26
25
23
24
25
25
26
27
25
20
23
21
22
19
20
19
20
21
20
20
16
20
19
19
19
19
20
20
20
18
23
20
21
23
23
21
20
24
24
27
26
25
27
26
27
26
27
26
24
23
20
15
16
14
12
9
12
7
10
9
7
5
24
58
88
116
111
127
151
170
184
161
166
141
122
119
85
100
66
47
41
30
61
52
74
79
80
114
113
149
143
132
132
105
114
87
76
59
23
16
-5
2
-2
-16
-10
-23
-13
-13
-10
-10
-36
-46
-71
-82
-102
-132
-152
-188
-208
-232
-246
-249
-259
-256
-255
-237
-219
-204
-183
-172
-154
-140
-131
-119
-118
-118
-122
-134
-133
-138
-135
-134
-136
-127
-118
-87
-60
-26
15
46
99
146
196
246
277
305
322
336
343
338
326
302
275
247
219
198
173
158
141
140
146
154
169
182
195
212
228
248
263
272
275
276
280
281
280
273
264
253
243
230
214
197
174
147
113
70
30
-27
-82
-149
-212
-276
-343
-398
-463
-511
-555
-602
-628
-654
-668
-674
-680
-665
-656
-627
-593
-558
-508
-468
-400
-339
-275
-207
-158
-96
-53
-9
30
44
62
79
98
112
118
123
135
155
178
197
211
215
223
225
215
200
174
137
96
58
24
-5
-39
-54
-67
-65
-41
-12
46
111
183
262
336
414
493
564
628
670
716
750
768
779
769
757
743
713
690
653
612
575
519
487
437
390
345
283
245
186
140
97
31
-18
-104
-189
-278
-378
-467
-586
-695
-808
-921
-995
-1070
-1109
-1138
-1158
-1149
-1140
-1083
-1027
-977
-916
-885
-833
-788
-754
-713
-669
-620
-585
-540
-469
-381
-263
-157
-46
123
319
524
684
792
903
984
1034
1017
948
849
682
501
295
111
-61
-259
-430
-577
-659
-693
-712
-695
-664
-610
-540
-465
-358
-274
-197
-139
-79
-1
73
157
232
313
404
496
606
711
800
870
909
941
967
972
948
887
830
794
762
707
618
537
463
404
346
287
248
183
127
91
78
93
86
90
99
134
199
251
317
372
420
463
490
529
543
520
465
385
302
197
74
-64
-219
-380
-546
-709
-860
-1007
-1145
-1287
-1442
-1572
-1674
-1757
-1802
-1872
-1899
-1894
-1875
-1793
-1705
-1550
-1391
-1223
-1003
-795
-523
-263
25
378
700
1036
1279
1501
1724
1861
1954
1909
1822
1676
1438
1189
865
556
216
-161
-478
-781
-987
-1179
-1333
-1422
-1478
-1445
-1404
-1314
-1192
-1080
-928
-788
-607
-408
-217
-17
172
384
598
813
1028
1208
1363
1479
1565
1615
1618
1570
1457
1298
1114
934
747
545
339
159
27
-75
-125
-127
-100
-79
-67
-21
42
113
152
163
174
189
230
267
316
387
451
529
616
724
837
915
959
971
962
925
837
713
545
339
119
-108
-325
-550
-765
-983
-1175
-1323
-1443
-1545
-1660
-1758
-1849
-1909
-1966
-2002
-2025
-2052
-2051
-2039
-1959
-1865
-1738
-1586
-1427
-1191
-955
-651
-340
2
421
824
1241
1551
1828
2085
2240
2331
2260
2138
1945
1641
1316
902
531
130
-301
-660
-1001
-1211
-1398
-1546
-1610
-1649
-1582
-1528
-1428
-1284
-1164
-1000
-869
-686
-478
-288
-61
142
394
651
901
1168
1387
1591
1742
1847
1914
1906
1848
1705
1505
1269
1010
756
491
250
30
-142
-251
-313
-312
-272
-203
-113
-9
123
241
343
409
457
508
549
583
611
647
690
733
794
873
950
1013
1044
1064
1065
1030
955
824
661
456
218
-36
-309
-580
-859
-1135
-1385
-1601
-1767
-1903
-2023
-2095
-2149
-2164
-2174
-2187
-2157
-2159
-2122
-2109
-2075
-1985
-1933
-1808
-1700
-1523
-1281
-1034
-687
-309
185
724
1194
1636
2001
2368
2653
2776
2776
2628
2406
2080
1646
1187
687
185
-346
-825
-1189
-1467
-1655
-1807
-1877
-1860
-1784
-1663
-1519
-1364
-1227
-1101
-963
-807
-633
-466
-287
-86
156
436
742
1065
1369
1647
1887
2079
2228
2287
2256
2118
1906
1638
1310
962
596
253
-62
-330
-526
-631
-648
-604
-518
-389
-211
-23
163
320
458
581
668
726
767
815
855
882
921
972
1048
1127
1192
1240
1271
1288
1260
1189
1069
913
713
461
187
-120
-417
-733
-1048
-1340
-1611
-1807
-2002
-2153
-2304
-2376
-2388
-2432
-2429
-2460
-2402
-2365
-2356
-2326
-2315
-2215
-2170
-2082
-1944
-1778
-1529
-1286
-945
-464
114
732
1252
1734
2210
2641
3006
3148
3154
3034
2747
2401
1911
1405
845
220
-389
-955
-1351
-1654
-1897
-2056
-2154
-2115
-2010
-1869
-1675
-1511
-1357
-1220
-1073
-881
-718
-531
-365
-168
95
389
750
1107
1445
1763
2048
2304
2495
2591
2569
2431
2211
1915
1561
1157
717
293
-93
-422
-658
-799
-849
-817
-725
-568
-349
-100
135
330
511
676
799
883
937
982
1008
1032
1065
1123
1195
1262
1323
1380
1431
1466
1450
1379
1266
1107
895
634
330
8
-339
-699
-1047
-1375
-1650
-1916
-2146
-2349
-2526
-2610
-2689
-2713
-2706
-2695
-2622
-2604
-2552
-2494
-2442
-2351
-2321
-2207
-2079
-1912
-1636
-1376
-933
-372
271
950
1501
2077
2617
3103
3465
3565
3582
3397
3078
2660
2064
1489
810
83
-611
-1225
-1627
-1992
-2250
-2402
-2467
-2347
-2217
-2023
-1787
-1598
-1392
-1230
-1046
-849
-686
-501
-346
-118
162
488
877
1243
1615
1973
2298
2597
2793
2888
2851
2693
2453
2112
1703
1232
722
228
-228
-595
-862
-1029
-1087
-1062
-938
-724
-444
-148
116
363
595
795
950
1059
1122
1167
1192
1216
1257
1317
1380
1427
1473
1525
1578
1605
1568
1476
1336
1143
897
603
274
-86
-476
-875
-1266
-1607
-1918
-2202
-2479
-2728
-2926
-3068
-3130
-3167
-3154
-3132
-3101
-3040
-2988
-2901
-2791
-2674
-2546
-2393
-2172
-1870
-1475
-906
-240
509
1224
1832
2512
3128
3688
4002
4099
4071
3835
3506
2953
2311
1616
780
-50
-850
-1489
-1981
-2420
-2739
-2936
-2948
-2813
-2657
-2391
-2158
-1905
-1655
-1437
-1160
-945
-742
-564
-359
-73
243
622
1026
1413
1823
2210
2588
2920
3123
3210
3152
2989
2719
2330
1856
1289
697
104
-434
-869
-1212
-1440
-1538
-1520
-1376
-1119
-785
-413
-68
266
569
848
1073
1222
1330
1379
1418
1446
1484
1538
1589
1638
1679
1747
1817
1837
1822
1728
1601
1420
1161
866
505
120
-310
-771
-1198
-1616
-1967
-2297
-2597
-2819
-3001
-3092
-3117
-3102
-3017
-2951
-2851
-2769
-2700
-2613
-2570
-2514
-2472
-2405
-2282
-2157
-1939
-1648
-1163
-507
230
962
1613
2273
2942
3523
3918
4080
4068
3870
3508
2983
2342
1640
819
-67
-906
-1568
-2060
-2464
-2763
-2935
-2921
-2765
-2546
-2259
-1965
-1688
-1459
-1245
-1013
-804
-633
-500
-362
-152
115
464
844
1229
1620
2010
2412
2764
3020
3146
3129
2988
2733
2375
1923
1379
782
181
-371
-817
-1158
-1364
-1448
-1415
-1238
-959
-581
-185
183
523
815
1092
1282
1419
1487
1492
1493
1474
1476
1503
1527
1560
1579
1637
1691
1716
1695
1581
1439
1219
948
623
233
-185
-660
-1135
-1582
-1997
-2354
-2718
-3048
-3301
-3480
-3541
-3584
-3602
-3555
-3503
-3407
-3341
-3236
-3144
-3033
-2885
-2754
-2544
-2297
-1891
-1301
-540
283
1047
1787
2550
3313
3967
4376
4573
4593
4401
4049
3496
2838
2026
1080
94
-845
-1591
-2235
-2774
-3201
-3464
-3500
-3403
-3181
-2897
-2592
-2290
-2000
-1689
-1368
-1103
-877
-695
-479
-210
109
495
894
1307
1725
2159
2605
2992
3266
3408
3409
3296
3055
2687
2200
1597
934
256
-374
-916
-1368
-1705
-1904
-1943
-1810
-1541
-1186
-771
-364
53
441
802
1112
1319
1487
1561
1630
1682
1724
1774
1783
1818
1837
1879
1924
1904
1857
1726
1546
1326
1020
673
241
-218
-704
-1198
-1656
-2121
-2526
-2920
-3263
-3528
-3729
-3838
-3890
-3891
-3850
-3781
-3691
-3584
-3478
-3367
-3257
-3116
-2927
-2736
-2472
-2142
-1532
-752
123
904
1640
2438
3252
3973
4431
4678
4748
4592
4252
3711
3063
2269
1295
229
-771
-1584
-2262
-2891
-3382
-3707
-3789
-3708
-3509
-3199
-2883
-2556
-2253
-1906
-1546
-1244
-1003
-816
-603
-333
-16
366
765
1169
1589
2037
2506
2935
3255
3438
3481
3413
3220
2892
2422
1824
1145
435
-244
-839
-1345
-1754
-2055
-2177
-2098
-1848
-1485
-1087
-653
-202
261
689
1044
1334
1525
1664
1738
1794
1862
1894
1904
1891
1904
1947
1981
1989
1926
1816
1657
1440
1173
820
409
-65
-584
-1097
-1602
-2064
-2528
-2981
-3371
-3683
-3854
-3987
-4066
-4094
-4062
-3945
-3830
-3699
-3599
-3492
-3361
-3213
-3017
-2785
-2499
-2058
-1385
-545
355
1164
1981
2840
3681
4368
4784
5044
5046
4870
4461
3860
3165
2262
1224
112
-889
-1714
-2466
-3090
-3593
-3873
-3910
-3832
-3584
-3248
-2902
-2553
-2221
-1825
-1466
-1154
-908
-714
-446
-169
174
570
976
1408
1854
2332
2815
3246
3565
3735
3777
3703
3482
3125
2616
1986
1283
551
-134
-759
-1291
-1718
-1998
-2098
-2012
-1766
-1419
-1016
-568
-87
382
825
1191
1483
1716
1874
1985
2062
2118
2154
2155
2163
2160
2184
2191
2140
2051
1892
1708
1456
1136
756
302
-163
-694
-1212
-1741
-2259
-2759
-3268
-3689
-4024
-4254
-4374
-4470
-4468
-4404
-4278
-4099
-3934
-3720
-3479
-3198
-2866
-2561
-2075
-1403
-538
366
1145
1934
2786
3680
4429
4905
5224
5352
5284
5014
4501
3919
3120
2125
1015
-53
-934
-1795
-2595
-3290
-3778
-3977
-4054
-3951
-3727
-3430
-3084
-2730
-2294
-1834
-1433
-1085
-806
-477
-120
261
687
1081
1497
1928
2394
2879
3307
3641
3842
3942
3936
3800
3518
3090
2528
1874
1172
480
-171
-785
-1318
-1742
-1983
-2043
-1932
-1698
-1398
-1013
-567
-82
407
837
1204
1512
1760
1963
2115
2237
2317
2349
2366
2370
2394
2393
2337
2230
2061
1882
1631
1311
925
478
11
-513
-1051
-1603
-2158
-2701
-3253
-3728
-4129
-4413
-4598
-4752
-4792
-4785
-4660
-4489
-4279
-4033
-3765
-3404
-3027
-2591
-1986
-1193
-249
662
1459
2274
3186
4065
4735
5147
5397
5472
5368
5026
4483
3844
2973
1937
827
-179
-1071
-1944
-2766
-3468
-3905
-4105
-4191
-4113
-3922
-3656
-3325
-2950
-2489
-2034
-1629
-1274
-936
-534
-122
322
772
1204
1649
2111
2605
3082
3478
3760
3928
4002
3965
3793
3471
2999
2415
1754
1065
397
-251
-854
-1371
-1757
-1973
-2014
-1910
-1703
-1414
-1057
-627
-155
301
706
1051
1357
1615
1827
1998
2131
2218
2268
2293
2328
2354
2348
2277
2145
1979
1772
1511
1171
759
299
-205
-744
-1310
-1896
-2473
-3054
-3570
-4051
-4423
-4688
-4914
-5000
-5077
-5004
-4880
-4754
-4494
-4262
-3844
-3482
-3017
-2366
-1530
-458
476
1333
2212
3148
4114
4809
5276
5560
5646
5581
5216
4735
4104
3220
2206
1041
48
-874
-1778
-2630
-3411
-3880
-4175
-4288
-4244
-4118
-3868
-3596
-3230
-2769
-2327
-1896
-1544
-1184
-769
-336
155
629
1103
1567
2052
2591
3096
3525
3827
4018
4112
4098
3947
3641
3182
2598
1934
1239
564
-105
-732
-1283
-1698
-1949
-2035
-1964
-1787
-1529
-1191
-766
-293
178
582
940
1238
1507
1727
1892
2023
2092
2132
2142
2167
2201
2175
2107
1970
1828
1660
1435
1129
736
301
-181
-706
-1274
-1875
-2496
-3122
-3687
-4206
-4618
-4960
-5231
-5397
-5472
-5423
-5293
-5112
-4825
-4534
-4070
-3630
-3008
-2154
-1197
-104
751
1678
2609
3607
4468
4995
5416
5601
5653
5497
5063
4571
3804
2887
1809
755
-145
-1110
-2018
-2893
-3587
-3967
-4292
-4370
-4374
-4260
-4046
-3786
-3343
-2931
-2486
-2093
-1723
-1250
-800
-285
231
722
1232
1722
2279
2814
3293
3673
3911
4094
4154
4102
3896
3513
3019
2406
1756
1075
395
-274
-908
-1425
-1809
-2019
-2074
-2010
-1852
-1605
-1252
-809
-338
100
490
853
1190
1481
1725
1915
2063
2165
2222
2273
2327
2348
2315
2210
2075
1919
1720
1459
1097
707
239
-249
-773
-1349
-1918
-2551
-3141
-3716
-4210
-4581
-4933
-5163
-5386
-5443
-5372
-5279
-5073
-4901
-4567
-4170
-3696
-3062
-2260
-1207
-170
778
1700
2696
3739
4598
5166
5562
5771
5837
5659
5236
4705
3921
2998
1882
845
-109
-1068
-1995
-2899
-3542
-3961
-4233
-4339
-4345
-4216
-4006
-3702
-3283
-2859
-2432
-2051
-1678
-1222
-768
-259
236
734
1237
1751
2329
2876
3376
3751
4022
4216
4297
4252
4037
3658
3143
2524
1861
1169
466
-230
-885
-1413
-1804
-2022
-2083
-2031
-1865
-1608
-1230
-778
-290
159
559
950
1300
1611
1855
2042
2186
2287
2357
2394
2436
2448
2391
2287
2138
1972
1769
1476
1116
690
240
-255
-803
-1378
-2003
-2612
-3235
-3775
-4245
-4619
-4922
-5193
-5368
-5408
-5329
-5176
-5029
-4810
-4517
-4090
-3601
-2911
-1974
-949
102
976
1965
3029
4079
4866
5345
5728
5895
5941
5694
5230
4626
3769
2771
1663
668
-280
-1290
-2247
-3105
-3683
-4040
-4306
-4379
-4371
-4223
-3986
-3637
-3178
-2789
-2378
-2024
-1616
-1139
-687
-172
296
792
1292
1834
2425
2963
3430
3771
4039
4245
4306
4229
3971
3555
3014
2366
1696
971
244
-479
-1137
-1643
-2022
-2220
-2285
-2221
-2041
-1745
-1311
-815
-307
153
577
1005
1407
1739
1989
2169
2317
2412
2475
2507
2526
2496
2393
2252
2090
1923
1681
1361
984
578
160
-318
-816
-1381
-1926
-2497
-3060
-3576
-4050
-4433
-4773
-5041
-5225
-5303
-5256
-5187
-5057
-4864
-4589
-4188
-3755
-3161
-2369
-1350
-287
674
1593
2607
3645
4546
5125
5524
5763
5816
5670
5228
4693
3933
3002
1917
840
-93
-1050
-1972
-2853
-3518
-3900
-4176
-4295
-4303
-4187
-3971
-3691
-3286
-2872
-2470
-2090
-1738
-1299
-862
-380
115
590
1094
1592
2161
2706
3197
3595
3868
4090
4193
4165
3980
3630
3147
2549
1892
1200
494
-192
-842
-1384
-1794
-2045
-2125
-2082
-1926
-1666
-1297
-832
-332
119
524
909
1273
1577
1807
1992
2112
2207
2247
2279
2319
2323
2290
2174
2056
1908
1743
1501
1159
784
365
-90
-607
-1162
-1764
-2383
-3002
-3590
-4083
-4518
-4871
-5201
-5405
-5475
-5429
-5290
-5168
-4924
-4636
-4196
-3667
-3003
-2048
-1057
2
877
1828
2882
3873
4702
5167
5554
5753
5807
5634
5196
4655
3866
2928
1889
886
-25
-1014
-1968
-2826
-3458
-3826
-4146
-4282
-4329
-4245
-4021
-3748
-3315
-2939
-2547
-2173
-1783
-1285
-825
-312
164
641
1162
1691
2278
2796
3250
3617
3889
4123
4218
4184
3994
3625
3165
2597
1994
1341
652
-31
-669
-1164
-1557
-1799
-1902
-1898
-1770
-1539
-1200
-780
-349
44
393
757
1098
1375
1597
1754
1895
2009
2083
2160
2213
2260
2225
2150
2064
1949
1801
1547
1220
847
432
-25
-571
-1151
-1780
-2426
-3038
-3635
-4138
-4594
-4952
-5244
-5426
-5469
-5417
-5305
-5120
-4907
-4524
-4057
-3414
-2564
-1574
-509
431
1376
2407
3441
4363
4965
5418
5717
5860
5843
5513
5090
4409
3585
2614
1641
753
-218
-1182
-2110
-2858
-3349
-3770
-4019
-4168
-4191
-4077
-3881
-3524
-3176
-2819
-2463
-2106
-1627
-1168
-667
-181
294
822
1343
1944
2502
3002
3428
3754
4056
4238
4305
4219
3963
3597
3106
2563
1968
1315
639
-40
-601
-1066
-1409
-1626
-1744
-1731
-1623
-1392
-1062
-691
-319
6
355
700
1020
1293
1491
1663
1824
1956
2060
2145
2212
2218
2181
2112
2012
1887
1683
1383
1034
652
224
-259
-816
-1420
-2054
-2672
-3293
-3865
-4359
-4801
-5150
-5412
-5580
-5591
-5543
-5413
-5249
-4940
-4506
-3925
-3103
-2139
-1074
-66
880
1927
3010
3994
4715
5201
5584
5768
5837
5612
5227
4669
3881
2985
2018
1138
219
-748
-1672
-2485
-3038
-3499
-3852
-4060
-4192
-4161
-4048
-3800
-3482
-3181
-2855
-2543
-2112
-1640
-1166
-654
-185
357
915
1517
2132
2677
3170
3554
3905
4169
4301
4299
4112
3807
3379
2858
2280
1629
946
247
-377
-894
-1327
-1627
-1828
-1886
-1830
-1670
-1394
-1053
-687
-339
10
376
731
1036
1276
1476
1668
1834
1976
2078
2162
2224
2222
2195
2129
2038
1867
1602
1308
938
567
110
-396
-941
-1536
-2097
-2706
-3269
-3825
-4350
-4741
-5110
-5329
-5488
-5560
-5511
-5471
-5251
-4990
-4570
-4013
-3325
-2332
-1343
-260
692
1705
2808
3773
4592
5107
5538
5774
5830
5671
5272
4759
4038
3136
2195
1262
370
-585
-1526
-2339
-2995
-3428
-3816
-4046
-4147
-4162
-4017
-3824
-3510
-3211
-2897
-2554
-2194
-1732
-1295
-808
-321
178
741
1310
1921
2495
3000
3438
3806
4120
4298
4334
4230
3955
3589
3092
2522
1889
1197
504
-161
-716
-1192
-1552
-1786
-1894
-1860
-1733
-1483
-1160
-791
-425
-66
309
675
996
1259
1471
1677
1855
1992
2099
2190
2265
2282
2266
2199
2130
1996
1781
1509
1181
832
401
-64
-598
-1151
-1706
-2313
-2894
-3477
-4006
-4461
-4831
-5126
-5335
-5430
-5455
-5398
-5224
-4995
-4637
-4201
-3585
-2773
-1767
-720
240
1197
2209
3245
4150
4800
5266
5598
5772
5758
5504
5111
4514
3751
2841
1911
1039
126
-805
-1717
-2474
-3026
-3458
-3771
-3991
-4079
-4041
-3907
-3645
-3356
-3033
-2715
-2388
-1976
-1524
-1039
-559
-85
427
953
1555
2126
2658
3126
3506
3860
4102
4250
4244
4083
3800
3384
2893
2326
1688
1010
316
-296
-832
-1273
-1601
-1820
-1892
-1858
-1696
-1422
-1090
-707
-355
32
420
783
1111
1353
1584
1772
1939
2073
2161
2252
2289
2293
2258
2196
2114
1944
1719
1441
1123
775
348
-122
-629
-1169
-1693
-2280
-2836
-3407
-3910
-4335
-4713
-5003
-5229
-5362
-5364
-5346
-5198
-5010
-4713
-4294
-3791
-2986
-2075
-1020
-58
844
1880
2904
3895
4594
5093
5473
5658
5731
5497
5135
4586
3832
2964
2001
1132
249
-689
-1591
-2416
-2974
-3410
-3746
-3957
-4106
-4049
-3945
-3708
-3412
-3125
-2792
-2505
-2117
-1704
-1249
-759
-319
172
674
1253
1850
2388
2881
3276
3653
3951
4130
4185
4073
3837
3472
2997
2461
1833
1155
429
-248
-819
-1306
-1683
-1983
-2130
-2121
-1959
-1691
-1359
-963
-560
-129
307
725
1108
1400
1639
1837
2010
2162
2247
2309
2324
2324
2295
2233
2168
2025
1838
1587
1300
1003
639
232
-249
-730
-1221
-1736
-2259
-2816
-3339
-3825
-4247
-4592
-4865
-5060
-5194
-5239
-5188
-5067
-4819
-4524
-4151
-3662
-2943
-2036
-1033
-60
809
1758
2775
3721
4467
4984
5368
5573
5638
5467
5126
4651
3945
3088
2149
1274
411
-493
-1411
-2247
-2852
-3290
-3631
-3852
-3976
-3956
-3847
-3646
-3349
-3041
-2707
-2411
-2064
-1664
-1226
-744
-307
150
630
1156
1739
2279
2770
3174
3542
3850
4047
4140
4075
3882
3554
3110
2603
2019
1374
662
-47
-658
-1179
-1573
-1897
-2115
-2166
-2084
-1840
-1509
-1115
-709
-296
165
616
1052
1406
1677
1910
2109
2286
2410
2483
2510
2488
2448
2383
2310
2189
1993
1743
1462
1176
864
486
65
-382
-824
-1270
-1737
-2216
-2709
-3187
-3640
-4016
-4331
-4573
-4766
-4906
-4953
-4894
-4774
-4544
-4290
-3908
-3482
-2826
-1990
-1060
-74
749
1669
2596
3547
4307
4827
5223
5405
5506
5382
5066
4632
3957
3151
2225
1351
519
-370
-1221
-2050
-2685
-3120
-3468
-3660
-3801
-3802
-3707
-3530
-3219
-2935
-2608
-2332
-2011
-1615
-1214
-756
-342
87
541
1022
1576
2094
2588
2996
3341
3670
3893
4022
3997
3826
3548
3144
2674
2116
1499
826
113
-514
-1058
-1479
-1803
-2037
-2142
-2113
-1928
-1627
-1253
-846
-458
-35
400
837
1231
1521
1772
1971
2147
2294
2388
2448
2446
2409
2352
2277
2198
2032
1816
1549
1264
983
628
251
-184
-617
-1052
-1504
-1920
-2378
-2807
-3257
-3660
-3998
-4265
-4468
-4649
-4767
-4813
-4774
-4641
-4452
-4179
-3833
-3347
-2646
-1769
-796
125
1013
1940
2916
3808
4507
4971
5310
5448
5464
5238
4873
4330
3593
2731
1790
944
92
-763
-1608
-2348
-2869
-3241
-3502
-3660
-3735
-3687
-3570
-3341
-3064
-2788
-2505
-2244
-1932
-1578
-1183
-757
-360
75
525
1048
1611
2147
2643
3043
3423
3737
3957
4046
3980
3788
3465
3031
2512
1920
1276
569
-137
-759
-1280
-1677
-1977
-2172
-2245
-2167
-1943
-1616
-1223
-816
-417
8
443
857
1215
1492
1720
1910
2083
2220
2315
2379
2382
2365
2332
2288
2208
2055
1845
1591
1319
1024
675
301
-127
-557
-988
-1402
-1803
-2221
-2643
-3065
-3443
-3751
-4001
-4206
-4376
-4517
-4573
-4584
-4495
-4351
-4164
-3884
-3550
-3050
-2332
-1478
-540
308
1168
2096
3026
3911
4497
4957
5233
5352
5349
5066
4702
4076
3333
2447
1518
701
-179
-1019
-1846
-2544
-2988
-3332
-3517
-3647
-3688
-3584
-3439
-3150
-2871
-2595
-2311
-2078
-1744
-1412
-1024
-624
-262
168
601
1139
1689
2199
2683
3070
3456
3759
3963
4040
3947
3747
3396
2956
2433
1825
1173
440
-247
-847
-1340
-1711
-2009
-2180
-2220
-2104
-1851
-1508
-1116
-731
-332
95
524
925
1262
1515
1733
1918
2092
2238
2329
2391
2392
2395
2374
2335
2260
2101
1897
1646
1392
1103
753
360
-65
-487
-886
-1289
-1675
-2065
-2443
-2795
-3119
-3396
-3636
-3828
-3975
-4089
-4125
-4127
-4068
-3980
-3873
-3681
-3425
-3087
-2665
-2070
-1307
-469
383
1157
2009
2896
3709
4327
4727
5038
5158
5171
4909
4490
3931
3211
2371
1442
574
-265
-1082
-1862
-2555
-3024
-3317
-3514
-3598
-3609
-3465
-3238
-2963
-2645
-2344
-2022
-1741
-1437
-1110
-772
-396
-58
311
710
1166
1658
2121
2561
2930
3278
3574
3758
3835
3764
3573
3269
2846
2344
1761
1132
460
-204
-787
-1275
-1640
-1921
-2091
-2126
-2026
-1793
-1479
-1099
-699
-298
117
520
925
1269
1540
1754
1935
2103
2234
2324
2373
2394
2384
2348
2297
2215
2084
1889
1648
1384
1109
784
418
25
-364
-730
-1090
-1430
-1756
-2039
-2305
-2555
-2760
-2957
-3112
-3257
-3385
-3460
-3505
-3508
-3500
-3474
-3418
-3328
-3154
-2963
-2697
-2388
-1915
-1267
-520
268
964
1726
2504
3260
3894
4288
4590
4696
4670
4451
4038
3554
2860
2076
1171
329
-422
-1180
-1865
-2493
-2930
-3159
-3291
-3288
-3222
-3043
-2793
-2529
-2184
-1875
-1558
-1294
-1074
-807
-556
-257
10
287
612
957
1381
1794
2197
2562
2872
3159
3348
3455
3437
3289
3033
2658
2207
1687
1118
515
-118
-689
-1167
-1524
-1781
-1948
-1985
-1895
-1678
-1381
-1023
-614
-215
194
582
951
1294
1564
1772
1916
2049
2138
2197
2222
2207
2182
2121
2055
1972
1854
1704
1497
1281
1044
783
500
171
-145
-465
-771
-1046
-1332
-1554
-1781
-1966
-2122
-2248
-2339
-2462
-2561
-2652
-2711
-2721
-2752
-2757
-2763
-2746
-2714
-2675
-2588
-2488
-2342
-2143
-1907
-1539
-1004
-392
277
853
1459
2106
2739
3295
3594
3832
3886
3851
3682
3288
2857
2239
1588
826
97
-516
-1123
-1638
-2129
-2466
-2585
-2617
-2539
-2441
-2275
-2013
-1760
-1462
-1221
-988
-788
-658
-482
-334
-139
54
230
459
717
1063
1410
1759
2092
2371
2637
2839
2960
2976
2875
2672
2368
1993
1556
1067
553
15
-481
-893
-1193
-1392
-1511
-1529
-1447
-1241
-957
-616
-261
94
444
765
1069
1325
1536
1673
1755
1817
1846
1864
1853
1816
1781
1721
1673
1616
1547
1451
1304
1152
979
794
587
335
75
-183
-425
-649
-875
-1050
-1227
-1369
-1493
-1601
-1659
-1718
-1811
-1898
-1998
-2067
-2118
-2200
-2258
-2341
-2388
-2446
-2501
-2494
-2507
-2433
-2358
-2257
-2043
-1798
-1333
-843
-253
312
835
1461
2023
2586
2966
3202
3375
3364
3323
3063
2731
2309
1748
1184
546
18
-483
-978
-1385
-1742
-1909
-1984
-2011
-1953
-1897
-1742
-1595
-1426
-1234
-1106
-958
-879
-776
-648
-517
-327
-169
46
298
600
965
1309
1661
1965
2242
2488
2647
2742
2709
2588
2372
2068
1717
1303
865
387
-85
-490
-829
-1060
-1228
-1318
-1312
-1222
-1035
-800
-526
-240
38
316
572
821
1022
1173
1287
1361
1429
1471
1498
1505
1501
1496
1475
1456
1430
1378
1300
1191
1072
938
776
594
378
152
-63
-280
-484
-681
-854
-1009
-1147
-1255
-1344
-1427
-1484
-1565
-1625
-1698
-1785
-1846
-1948
-2008
-2093
-2174
-2226
-2306
-2334
-2396
-2408
-2402
-2370
-2264
-2160
-1978
-1754
-1409
-958
-438
91
587
1080
1618
2104
2524
2779
2950
3005
2968
2841
2560
2252
1814
1345
809
309
-126
-547
-918
-1270
-1515
-1633
-1689
-1693
-1678
-1614
-1504
-1393
-1253
-1131
-1006
-893
-804
-678
-542
-359
-165
35
279
543
872
1201
1515
1808
2053
2279
2436
2531
2543
2456
2290
2049
1746
1406
1028
630
215
-168
-493
-743
-912
-1028
-1066
-1035
-920
-741
-540
-304
-71
164
397
614
828
997
1132
1236
1324
1407
1465
1513
1535
1545
1554
1544
1533
1503
1444
1352
1230
1105
960
795
608
395
189
-22
-214
-397
-574
-721
-864
-972
-1064
-1132
-1186
-1237
-1276
-1295
-1312
-1325
-1362
-1406
-1454
-1506
-1549
-1604
-1656
-1739
-1825
-1886
-1948
-1960
-1987
-1986
-1958
-1896
-1747
-1596
-1324
-979
-560
-87
336
792
1265
1723
2138
2388
2596
2691
2706
2657
2433
2205
1848
1476
1045
594
219
-169
-490
-804
-1055
-1185
-1275
-1296
-1307
-1289
-1214
-1147
-1047
-975
-905
-832
-779
-695
-618
-500
-358
-206
-18
190
458
741
1031
1314
1556
1793
1984
2126
2191
2177
2103
1954
1747
1483
1185
860
513
171
-139
-394
-584
-730
-815
-840
-800
-697
-555
-386
-210
-25
156
337
512
660
785
880
960
1039
1107
1165
1201
1236
1255
1272
1280
1279
1259
1203
1137
1042
943
820
673
513
345
174
5
-163
-320
-460
-581
-686
-781
-846
-902
-950
-983
-1012
-1027
-1050
-1074
-1111
-1150
-1185
-1245
-1304
-1374
-1440
-1501
-1578
-1669
-1762
-1824
-1861
-1888
-1899
-1904
-1866
-1802
-1676
-1522
-1315
-1020
-676
-254
146
544
973
1382
1789
2085
2293
2459
2507
2529
2402
2225
1980
1653
1319
896
529
158
-187
-506
-818
-1027
-1179
-1281
-1347
-1389
-1372
-1336
-1280
-1200
-1128
-1030
-942
-843
-730
-598
-427
-255
-55
157
397
667
936
1207
1446
1667
1855
1996
2091
2107
2072
1967
1806
1591
1330
1051
739
416
103
-168
-393
-576
-709
-790
-815
-768
-680
-553
-402
-236
-52
128
313
488
643
785
899
1005
1100
1179
1237
1277
1305
1315
1315
1302
1272
1213
1139
1043
935
815
676
528
365
206
52
-92
-231
-359
-476
-572
-656
-712
-758
-792
-815
-836
-846
-856
-854
-859
-866
-871
-886
-887
-915
-949
-986
-1051
-1081
-1165
-1229
-1315
-1421
-1482
-1566
-1584
-1634
-1661
-1632
-1610
-1476
-1365
-1165
-898
-584
-186
157
541
916
1286
1651
1886
2079
2199
2236
2238
2092
1928
1679
1396
1082
710
396
67
-208
-475
-719
-872
-986
-1041
-1090
-1109
-1087
-1051
-988
-945
-889
-829
-773
-706
-643
-543
-427
-288
-125
41
254
483
732
979
1195
1411
1596
1750
1846
1885
1878
1802
1680
1505
1290
1052
782
504
228
-17
-217
-385
-508
-588
-619
-595
-533
-438
-326
-199
-60
74
216
349
467
582
666
760
839
914
989
1042
1091
1126
1159
1174
1176
1160
1112
1056
976
880
768
639
499
355
206
68
-68
-183
-292
-396
-469
-539
-572
-603
-633
-649
-668
-671
-689
-691
-705
-720
-732
-765
-782
-808
-828
-858
-893
-932
-975
-1020
-1076
-1150
-1221
-1285
-1336
-1388
-1416
-1448
-1458
-1422
-1376
-1260
-1142
-939
-691
-404
-54
247
596
920
1239
1532
1719
1890
1953
1989
1938
1804
1644
1407
1156
846
531
251
-21
-261
-497
-687
-816
-905
-956
-989
-992
-969
-934
-886
-836
-772
-708
-647
-578
-502
-387
-268
-126
25
188
390
596
811
1009
1195
1371
1502
1611
1666
1677
1644
1552
1419
1244
1044
823
584
343
118
-73
-229
-351
-429
-471
-466
-423
-350
-248
-134
-4
123
247
374
487
595
675
753
819
881
936
970
1006
1029
1050
1056
1050
1036
1004
959
894
817
727
625
513
398
274
154
41
-74
-172
-258
-329
-392
-432
-460
-481
-485
-491
-479
-471
-461
-454
-450
-453
-466
-474
-502
-524
-566
-604
-656
-706
-751
-804
-848
-908
-962
-1034
-1085
-1136
-1183
-1215
-1256
-1269
-1277
-1258
-1209
-1146
-1035
-922
-744
-519
-247
32
295
581
844
1111
1350
1520
1648
1705
1723
1673
1565
1434
1241
1026
768
507
267
36
-165
-373
-538
-665
-758
-810
-849
-856
-853
-837
-802
-765
-707
-647
-590
-527
-454
-349
-232
-98
42
190
365
545
732
914
1080
1227
1341
1429
1481
1500
1474
1401
1290
1137
971
788
591
394
203
39
-101
-204
-267
-301
-296
-269
-210
-131
-37
72
171
277
374
469
561
633
699
750
797
838
869
897
911
919
914
906
891
861
823
768
704
631
547
460
365
269
167
74
-13
-89
-155
-213
-265
-297
-316
-329
-323
-326
-321
-314
-309
-300
-313
-323
-352
-379
-409
-447
-473
-523
-566
-611
-652
-673
-702
-733
-753
-789
-803
-833
-858
-893
-928
-961
-995
-1016
-1033
-1032
-1027
-992
-936
-840
-714
-561
-364
-152
87
324
562
793
1002
1184
1319
1397
1438
1430
1379
1270
1126
961
767
560
351
152
-35
-193
-338
-455
-540
-599
-626
-648
-655
-647
-629
-605
-577
-551
-519
-481
-438
-383
-318
-235
-132
-18
110
251
406
563
715
856
985
1090
1170
1217
1226
1206
1154
1068
950
810
659
503
352
208
83
-21
-97
-147
-170
-168
-137
-87
-27
39
111
193
269
341
403
464
520
570
618
655
690
720
742
761
772
782
780
767
745
713
676
623
564
489
411
328
246
162
87
12
-65
-126
-184
-230
-265
-301
-332
-356
-372
-366
-367
-371
-379
-391
-393
-404
-407
-419
-447
-467
-500
-527
-559
-583
-605
-638
-655
-688
-705
-720
-740
-759
-790
-811
-830
-851
-864
-885
-890
-893
-894
-870
-836
-771
-687
-584
-458
-309
-127
61
254
436
606
773
912
1023
1092
1122
1116
1065
990
877
745
597
438
273
112
-34
-155
-260
-354
-422
-466
-496
-504
-505
-500
-480
-463
-449
-432
-405
-378
-349
-314
-271
-214
-135
-50
51
158
274
402
526
647
754
844
921
966
986
977
949
892
804
705
590
481
370
266
176
100
49
16
3
17
42
85
137
194
252
316
380
437
486
529
563
597
631
644
658
670
675
677
673
664
651
635
608
574
537
493
445
389
329
269
203
149
92
40
-2
-49
-88
-125
-152
-180
-202
-224
-249
-254
-268
-279
-279
-282
-271
-277
-285
-290
-308
-318
-339
-364
-395
-436
-476
-521
-567
-615
-653
-696
-731
-761
-789
-800
-812
-827
-832
-833
-831
-817
-799
-789
-763
-742
-712
-682
-634
-570
-501
-406
-313
-205
-80
52
193
325
457
565
668
754
814
848
847
822
770
699
605
497
382
264
137
21
-87
-175
-252
-318
-367
-400
-420
-426
-423
-420
-405
-392
-373
-352
-328
-293
-255
-211
-160
-97
-24
62
152
248
345
442
532
617
694
753
797
813
812
787
749
694
621
538
447
362
283
212
158
114
90
79
76
94
126
160
201
237
278
317
357
390
416
442
463
474
484
496
505
515
517
516
514
515
505
491
476
446
419
384
343
302
260
215
163
114
68
25
-13
-57
-97
-128
-156
-180
-200
-212
-219
-221
-222
-224
-220
-212
-216
-220
-236
-256
-277
-304
-338
-378
-416
-467
-503
-551
-593
-626
-664
-684
-716
-719
-728
-733
-723
-724
-705
-700
-676
-663
-647
-618
-609
-579
-553
-522
-481
-445
-392
-334
-262
-183
-101
-5
85
184
283
375
459
525
584
616
638
641
618
584
524
459
374
285
197
107
26
-58
-134
-194
-243
-276
-304
-321
-326
-324
-313
-303
-279
-252
-226
-193
-161
-119
-77
-31
23
73
134
201
262
325
385
441
491
533
562
584
597
596
579
548
512
468
417
362
308
261
217
180
156
141
139
140
152
174
201
232
264
295
328
362
395
419
445
461
476
498
508
515
519
518
521
509
498
477
458
432
401
379
340
309
274
238
204
168
140
108
85
57
36
17
-7
-21
-35
-48
-59
-68
-75
-86
-94
-104
-111
-126
-143
-162
-180
-203
-227
-253
-291
-318
-355
-393
-421
-456
-483
-506
-535
-551
-566
-571
-572
-571
-560
-556
-542
-533
-518
-503
-480
-461
-448
-427
-412
-388
-362
-345
-313
-283
-253
-220
-182
-140
-100
-54
-14
32
77
119
164
201
233
259
275
286
286
286
277
267
249
219
192
160
133
101
74
47
15
-6
-29
-50
-63
-78
-89
-98
-107
-111
-110
-103
-94
-81
-71
-53
-34
-12
20
48
89
121
154
184
222
252
278
305
319
338
337
341
336
330
324
314
301
287
274
271
268
268
277
282
292
307
317
329
341
352
359
360
362
359
363
364
364
367
366
362
360
357
355
350
347
338
327
312
304
286
267
248
223
201
180
156
136
118
93
77
59
40
25
12
0
-14
-29
-38
-51
-65
-80
-96
-117
-134
-144
-163
-173
-180
-199
-213
-229
-248
-265
-283
-303
-326
-344
-365
-385
-399
-420
-436
-450
-462
-471
-477
-474
-468
-468
-460
-448
-435
-419
-402
-385
-365
-343
-333
-309
-286
-265
-241
-227
-199
-182
-165
-133
-115
-88
-65
-43
-21
1
23
48
72
93
112
125
139
148
150
150
152
146
142
135
128
120
111
100
85
77
66
62
51
45
42
35
35
29
28
30
31
36
36
39
43
46
58
67
74
84
99
115
128
147
161
180
194
209
224
236
253
263
277
287
296
307
317
325
334
337
338
340
340
337
336
337
333
334
337
337
340
339
340
340
353
358
343
322
294
266
243
218
193
168
138
117
120
129
130
127
120
123
143
157
173
176
172
156
151
152
145
133
107
72
37
12
-8
-32
-63
-98
-127
-149
-165
-176
-187
-203
-221
-236
-242
-254
-264
-274
-292
-301
-306
-314
-319
-325
-330
-331
-329
-324
-323
-322
-320
-315
-306
-294
-282
-273
-265
-248
-235
-217
-201
-189
-183
-176
-158
-148
-134
-123
-117
-110
-103
-92
-84
-70
-63
-55
-42
-37
-22
-11
3
12
19
29
41
49
57
60
59
56
58
56
54
51
48
47
42
45
47
49
56
64
71
84
95
104
118
124
134
145
151
156
160
163
165
166
164
164
161
164
169
166
164
166
177
180
190
194
206
215
222
231
239
245
249
252
254
258
255
253
250
244
239
232
225
220
217
209
209
201
196
190
184
184
180
174
168
160
149
142
129
120
109
98
91
78
70
59
46
42
32
20
9
-1
-5
-11
-17
-22
-27
-35
-40
-41
-46
-54
-64
-76
-83
-95
-110
-122
-133
-142
-157
-168
-181
-192
-200
-204
-210
-216
-217
-218
-217
-208
-208
-203
-200
-196
-190
-188
-176
-170
-157
-150
-141
-138
-132
-120
-122
-111
-112
-105
-105
-106
-104
-107
-100
-109
-107
-107
-108
-104
-104
-94
-89
-79
-67
-62
-46
-36
-22
-12
3
11
19
27
29
41
43
47
43
39
37
31
30
27
24
25
25
28
32
41
44
52
63
73
88
103
111
119
129
137
142
147
153
154
158
156
157
159
154
158
156
161
164
166
167
171
179
184
189
191
191
192
196
195
198
195
196
196
198
198
200
201
201
207
211
215
216
225
228
229
232
232
233
227
226
222
217
209
197
182
170
160
149
140
129
121
106
96
90
84
77
71
64
60
54
49
43
41
36
27
23
20
16
9
8
0
-4
-9
-17
-20
-27
-29
-28
-19
0
11
22
14
-1
-3
-5
-3
-20
-37
-48
-58
-72
-90
-101
-116
-120
-125
-134
-140
-142
-137
-133
-122
-107
-106
-108
-102
-85
-69
-65
-61
-57
-54
-49
-49
-54
-53
-49
-47
-51
-59
-58
-57
-56
-54
-50
-44
-45
-44
-43
-34
-24
-27
-28
-27
-24
-21
-25
-28
-32
-32
-28
-34
-32
-28
-20
-14
-8
1
9
15
24
36
46
59
66
66
77
82
79
80
77
79
76
72
65
54
52
52
49
45
44
46
43
47
53
61
65
70
79
85
93
98
106
113
118
121
122
122
125
130
132
129
127
125
124
123
123
120
119
116
115
110
110
112
111
107
106
105
97
92
86
82
83
75
67
61
59
54
50
47
45
43
43
45
43
45
45
43
45
49
49
51
48
47
43
38
36
30
24
19
11
4
0
-5
-13
-17
-19
-28
-29
-32
-30
-33
-36
-35
-37
-34
-32
-31
-33
-31
-32
-30
-32
-28
-23
-22
-23
-23
-21
-24
-22
-21
-23
-25
-27
-29
-31
-32
-35
-36
-37
-40
-42
-42
-44
-47
-45
-44
-49
-49
-54
-52
-52
-55
-52
-52
-45
-40
-38
-31
-24
-16
-10
-6
0
2
13
17
17
22
22
24
24
22
22
21
18
11
12
8
7
6
5
11
6
11
15
16
18
21
30
34
42
46
51
57
63
69
72
75
82
85
84
87
87
89
90
89
88
86
88
85
83
81
86
86
85
83
82
85
82
83
81
84
86
86
85
91
95
97
97
98
99
99
102
101
107
108
106
106
103
105
100
98
97
96
96
91
90
88
83
78
73
68
65
63
60
58
55
53
50
53
52
52
52
55
57
55
57
59
61
60
62
62
59
59
59
56
57
55
56
54
54
50
46
50
49
47
43
41
41
36
32
29
26
23
22
16
12
10
6
8
6
9
8
11
17
19
16
19
23
23
23
16
19
20
21
20
19
15
15
12
11
11
11
9
5
4
-1
-6
-5
-6
-9
-11
-14
-12
-15
-16
-15
-16
-16
-11
-10
-7
-4
-3
2
6
11
16
14
16
20
18
21
21
18
18
14
15
15
11
6
7
9
5
7
4
4
4
2
6
4
6
5
4
10
11
12
14
15
13
14
15
15
15
15
18
24
24
23
26
30
30
31
35
34
34
39
41
39
38
37
35
36
32
32
29
26
26
27
25
20
19
16
14
14
13
14
13
16
12
13
15
17
20
21
20
24
26
29
28
33
35
36
40
39
41
41
40
41
41
40
42
39
41
35
35
36
34
34
36
34
32
34
32
32
35
39
39
39
43
44
42
43
43
42
45
49
48
46
46
46
48
48
48
50
48
48
51
50
50
49
49
47
44
45
43
44
48
43
41
40
37
36
35
36
36
34
35
38
39
41
41
51
53
54
58
58
62
58
61
59
59
57
55
51
49
47
45
43
38
34
32
30
31
32
32
31
34
34
36
37
39
40
39
38
37
39
40
38
39
41
35
33
32
30
31
33
31
28
28
30
28
29
30
28
29
29
23
20
18
18
13
11
11
7
9
4
4
0
-3
-6
-9
-7
-6
-4
-5
-5
-1
3
6
2
4
6
6
5
8
7
10
7
8
8
2
0
-6
-6
-13
-12
-14
-17
-13
-15
-21
-23
-25
-24
-24
-23
-21
-23
-23
-21
-19
-20
-14
-11
-11
-8
-8
-9
-8
-7
-5
-5
-7
-7
-9
-6
-11
-10
-11
-14
-13
-16
-18
-19
-20
-22
-25
-27
-31
-34
-31
-35
-36
-35
-36
-38
-42
-35
-40
-38
-36
-34
-33
-37
-32
-32
-30
-27
-25
-28
-26
-27
-29
-30
-32
-31
-34
-36
-38
-40
-41
-44
-45
-50
-50
-50
-50
-50
-49
-53
-52
-52
-51
-51
-49
-47
-48
-47
-47
-46
-44
-45
-40
-39
-38
-37
-35
-34
-35
-33
-32
-28
-29
-28
-26
-29
-29
-32
-29
-31
-34
-33
-35
-37
-37
-38
-38
-37
-42
-42
-42
-47
-47
-50
-48
-47
-50
-46
-46
-44
-44
-42
-42
-38
-36
-35
-31
-30
-31
-29
-27
-26
-23
-24
-22
-21
-22
-20
-22
-23
-25
-22
-24
-22
-23
-26
-29
-30
-31
-31
-33
-31
-30
-31
-28
-33
-31
-29
-24
-25
-20
-19
-17
-17
-15
-12
-12
-9
-7
-5
-5
-8
-6
-8
-6
-5
-9
-8
-10
-12
-15
-17
-21
-23
-24
-25
-31
-29
-29
-27
-27
-28
-23
-21
-17
-14
-8
-8
-4
0
-3
-1
2
-1
-3
-3
-8
-8
-13
-17
-19
-23
-23
-31
-30
-34
-33
-34
-36
-32
-32
-33
-35
-31
-30
-32
-31
-34
-30
-31
-29
-26
-28
-24
-25
-24
-25
-25
-24
-23
-22
-21
-18
-21
-17
-13
-14
-12
-12
-17
-16
-16
-19
-20
-20
-21
-23
-25
-27
-31
-28
-28
-34
-32
-33
-34
-35
-34
-33
-34
-33
-30
-31
-29
-27
-25
-23
-21
-23
-23
-18
-17
-15
-17
-14
-19
-19
-18
-19
-20
-22
-23
-22
-26
-28
-28
-27
-28
-30
-29
-30
-33
-32
-30
-29
-28
-28
-25
-23
-24
-27
-28
-24
-20
-20
-16
-18
-16
-18
-17
-15
-18
-17
-18
-14
-16
-18
-18
-19
-24
-25
-28
-31
-32
-35
-39
-42
-42
-47
-45
-45
-45
-43
-43
-43
-38
-39
-35
-33
-34
-32
-31
-31
-35
-38
-41
-44
-44
-42
-48
-49
-49
-49
-47
-47
-46
-45
-47
-43
-40
-38
-39
-39
-37
-36
-39
-42
-41
-41
-42
-42
-44
-47
-50
-51
-54
-54
-52
-51
-51
-53
-49
-48
-48
-45
-43
-42
-43
-42
-37
-39
-39
-41
-39
-44
-46
-47
-51
-54
-54
-54
-57
-57
-63
-59
-62
-65
-69
-67
-63
-62
-64
-62
-62
-59
-56
-54
-49
-51
-48
-45
-45
-44
-43
-44
-41
-41
-41
-42
-39
-38
-39
-40
-38
-39
-39
-39
-39
-38
-37
-36
-38
-36
-36
-36
-36
-37
-35
-33
-34
-33
-28
-26
-24
-23
-17
-17
-16
-13
-12
-8
-5
-2
-2
0
1
-2
1
-1
0
-1
-1
-2
-5
-7
-10
-7
-10
-9
-12
-11
-11
-12
-11
-8
-8
-5
-6
-4
-2
0
4
4
6
5
5
7
8
11
11
12
12
11
11
11
15
15
16
19
15
9
12
12
10
9
8
8
6
6
5
5
9
10
9
11
12
15
13
17
22
21
23
26
25
27
25
26
27
27
27
28
26
28
27
26
24
24
21
21
18
16
18
18
13
14
14
12
14
14
10
11
13
14
12
8
13
11
12
12
11
13
14
16
16
16
14
12
11
9
9
8
10
11
11
9
6
8
3
3
3
-1
0
-2
-5
-4
-4
-5
-5
-5
-6
-5
-6
-5
-3
-3
-2
-1
-1
-1
-2
3
0
0
-1
3
2
4
6
7
4
1
-1
-3
3
0
1
0
0
-1
-4
-5
-4
-2
-4
-5
-6
-6
-5
-3
-4
0
-1
-1
1
0
4
3
5
6
9
9
8
9
6
5
2
4
0
-1
1
-4
-2
-4
-7
-5
-10
-8
-5
-7
-5
-5
-3
-2
1
-1
3
3
6
13
10
10
8
9
12
18
17
17
17
18
19
16
19
18
20
18
17
18
17
18
17
14
13
13
10
9
9
9
6
7
5
7
11
12
16
12
16
15
13
12
16
19
20
18
20
18
18
21
22
27
27
27
28
29
31
35
35
32
31
32
33
33
29
29
28
27
25
25
25
23
24
22
25
26
28
31
33
33
35
38
42
43
46
53
52
52
53
49
51
49
50
49
47
50
48
46
47
46
47
49
48
49
53
50
49
48
42
43
47
46
46
45
44
46
44
43
43
43
43
45
44
40
45
44
45
46
46
47
49
49
49
46
48
49
48
46
44
46
46
45
44
41
40
41
41
37
39
41
38
40
35
35
38
37
36
34
36
35
39
33
35
33
33
36
35
35
36
37
35
36
37
34
36
37
34
36
33
32
28
29
27
26
25
25
25
26
26
26
21
21
21
20
22
22
19
18
18
18
21
17
17
17
14
9
8
13
12
13
13
10
7
8
7
6
4
4
2
-1
-2
-5
-2
-8
-6
-6
-9
-8
-9
-10
-11
-11
-12
-8
-10
-8
-10
-11
-12
-10
-10
-10
-10
-13
-12
-15
-16
-17
-16
-17
-20
-18
-17
-21
-24
-25
-27
-29
-32
-29
-31
-35
-36
-36
-42
-37
-36
-37
-35
-35
-36
-38
-37
-36
-38
-35
-35
-33
-34
-34
-34
-32
-36
-36
-33
-34
-36
-38
-34
-35
-35
-35
-37
-38
-39
-36
-38
-38
-41
-39
-40
-42
-37
-40
-40
-37
-36
-35
-36
-35
-33
-31
-30
-30
-28
-25
-23
-23
-20
-20
-19
-17
-16
-17
-19
-15
-16
-16
-15
-12
-12
-15
-14
-16
-16
-19
-17
-17
-18
-16
-16
-14
-14
-12
-12
-13
-13
-12
-13
-12
-9
-8
-9
-6
-4
-2
-3
-3
-1
0
-3
-2
2
-1
2
-1
-4
2
-1
-3
-4
-5
-2
-4
-4
-2
-2
-1
-1
3
-1
0
5
5
4
6
7
3
5
5
7
8
6
7
5
5
6
7
1
6
6
4
3
6
8
5
6
5
5
3
4
3
5
1
5
3
2
3
4
2
1
2
-1
1
0
1
0
-4
-4
-4
-2
-2
-4
-2
-4
-4
-3
-5
-3
-1
-5
-10
-9
-10
-9
-10
-11
-12
-13
-12
-15
-15
-15
-12
-14
-17
-15
-16
-13
-13
-11
-8
-7
-7
-5
-6
-6
-4
3
4
-1
3
0
4
5
3
1
-1
-3
-2
-2
-5
-7
-10
-10
-8
-10
-10
-10
-10
-10
-10
-10
-11
-12
-12
-8
-8
-9
-8
-5
-5
-6
-3
-5
-2
-3
-2
-1
-3
-1
-2
-2
-2
-1
-4
-5
-4
-4
-5
-5
-7
-13
-10
-14
-14
-14
-13
-13
-16
-15
-20
-17
-16
-15
-15
-18
-16
-16
-17
-19
-20
-20
-15
-13
-12
-13
-13
-13
-10
-13
-15
-15
-12
-14
-15
-12
-13
-15
-14
-16
-18
-18
-18
-20
-18
-19
-19
-18
-21
-19
-18
-20
-20
-22
-24
-23
-21
-21
-20
-17
-18
-17
-21
-21
-20
-17
-17
-17
-19
-18
-20
-21
-21
-20
-22
-21
-25
-25
-23
-26
-28
-29
-30
-32
-30
-32
-32
-31
-31
-31
-32
-30
-30
-33
-31
-31
-31
-29
-27
-29
-29
-27
-24
-28
-27
-28
-31
-34
-34
-32
-32
-33
-35
-33
-34
-38
-36
-33
-37
-33
-30
-32
-31
-36
-31
-31
-31
-32
-33
-29
-31
-34
-32
-29
-30
-32
-33
-35
-32
-34
-36
-30
-32
-34
-36
-38
-38
-37
-36
-38
-37
-35
-39
-36
-35
-35
-39
-38
-39
-41
-36
-35
-34
-36
-36
-36
-37
-33
-37
-38
-35
-35
-36
-37
-38
-36
-34
-36
-33
-32
-33
-35
-34
-35
-36
-37
-38
-36
-35
-33
-35
-35
-37
-37
-36
-40
-40
-38
-42
-43
-43
-43
-43
-46
-41
-44
-44
-43
-45
-47
-46
-46
-42
-42
-41
-44
-43
-44
-42
-38
-44
-43
-42
-39
-45
-43
-45
-45
-45
-46
-46
-50
-49
-50
-50
-50
-48
-48
-49
-50
-48
-52
-54
-49
-49
-48
-47
-48
-49
-47
-46
-47
-45
-40
-40
-36
-34
-32
-32
-29
-31
-31
-29
-28
-23
-24
-22
-21
-18
-21
-20
-24
-24
-23
-22
-25
-26
-26
-26
-27
-29
-28
-28
-23
-24
-23
-24
-26
-21
-17
-18
-18
-15
-14
-15
-14
-11
-9
-9
-11
-9
-8
-4
-7
-7
-6
-7
-6
-6
-6
-6
-8
-5
-6
-10
-7
-9
-8
-9
-10
-9
-8
-7
-6
-8
-5
-5
-3
-1
-4
-4
0
2
2
3
3
2
2
-1
1
0
1
-1
-1
0
-3
-1
-2
-5
-4
-5
-5
-8
-11
-7
-10
-10
-7
-7
-8
-6
-7
-8
-11
-10
-9
-8
-5
-7
-7
-6
-4
-6
-5
-10
-9
-9
-8
-10
-11
-11
-15
-12
-12
-12
-13
-16
-13
-13
-14
-16
-16
-15
-18
-14
-16
-17
-19
-21
-18
-20
-16
-12
-15
-12
-14
-12
-13
-14
-11
-10
-11
-13
-12
-11
-13
-13
-14
-13
-16
-13
-13
-16
-17
-19
-18
-16
-22
-21
-20
-23
-20
-21
-24
-23
-21
-20
-19
-17
-16
-11
-11
-13
-10
-8
-8
-9
-6
-6
-7
-6
-6
-11
-9
-10
-11
-9
-10
-9
-9
-9
-11
-11
-13
-14
-13
-14
-12
-15
-16
-12
-14
-10
-11
-13
-8
-8
-7
-7
-7
-6
-4
-1
0
-1
3
3
2
3
1
2
2
-1
2
1
0
0
1
3
3
3
1
-1
-3
-4
-4
-6
-6
-8
-7
-9
-10
-11
-10
-8
-9
-7
-11
-7
-7
-10
-5
-8
-7
-4
-10
-8
-11
-11
-11
-13
-9
-11
-12
-13
-14
-14
-12
-16
-16
-20
-15
-12
-17
-18
-17
-20
-22
-20
-21
-23
-26
-25
-25
-25
-25
-22
-24
-22
-21
-19
-18
-20
-17
-19
-18
-19
-18
-17
-15
-18
-17
-20
-21
-20
-23
-24
-22
-17
-21
-22
-22
-20
-20
-17
-18
-18
-13
-14
-15
-12
-15
-15
-12
-12
-15
-13
-12
-11
-13
-16
-13
-11
-9
-8
-11
-13
-14
-14
-11
-11
-12
-10
-10
-10
-10
-9
-10
-11
-9
-13
-9
-10
-9
-9
-7
-9
-6
-6
-4
-6
-5
-3
-5
-4
-9
-4
-7
-5
-1
-5
-3
-4
-7
-8
-8
-8
-7
-9
-10
-10
-11
-5
-6
-5
-5
-8
-9
-11
-9
-15
-10
-8
-8
-9
-7
-6
-9
-7
-7
-7
-9
-6
-5
-4
-5
-5
-5
-3
-3
-7
-5
-7
-6
-6
-8
-7
-4
-2
-2
-4
-6
-7
-8
-6
-7
-8
-6
-7
-6
-4
-8
-7
-7
-3
-1
-4
0
-1
-1
0
-1
-3
0
2
2
2
1
2
3
1
2
5
0
1
2
4
5
2
4
3
4
1
0
3
2
2
0
2
0
0
-2
-2
-2
-3
-3
-5
-9
-3
-1
-2
2
3
1
7
8
5
10
12
13
16
16
12
13
13
15
15
15
11
10
10
12
10
7
9
10
7
9
8
8
10
8
8
9
9
7
8
8
5
6
5
6
7
6
8
10
4
7
5
3
5
5
6
5
6
3
4
1
0
0
-1
-3
-3
-5
-4
-6
-6
-3
-8
-6
-3
-5
-4
-5
-3
-5
-7
-4
-6
-4
-3
-2
-2
-2
-5
-4
-6
-7
-5
-4
-4
-6
-5
-6
-4
-4
-6
-8
-11
-13
-13
-13
-13
-13
-12
-12
-13
-11
-16
-17
-15
-18
-13
-13
-16
-16
-18
-16
-18
-17
-18
-16
-15
-20
-19
-18
-18
-17
-19
-20
-21
-21
-19
-21
-19
-24
-25
-23
-26
-24
-26
-28
-23
-20
-21
-23
-25
-23
-23
-22
-24
-24
-22
-20
-18
-21
-17
-14
-12
-14
-14
-17
-17
-15
-18
-19
-21
-20
-23
-23
-25
-26
-24
-28
-25
-28
-30
-27
-30
-28
-32
-31
-28
-31
-27
-26
-27
-27
-29
-27
-29
-28
-26
-27
-26
-24
-20
-23
-24
-23
-26
-25
-25
-25
-27
-29
-29
-31
-27
-27
-27
-27
-32
-31
-30
-30
-32
-28
-25
-26
-27
-28
-26
-26
-24
-22
-23
-27
-27
-25
-25
-26
-23
-24
-25
-26
-29
-27
-27
-30
-31
-30
-31
-30
-32
-33
-31
-29
-30
-31
-34
-34
-34
-38
-40
-37
-39
-37
-37
-40
-37
-40
-39
-40
-37
-37
-35
-37
-36
-32
-35
-34
-35
-33
-31
-32
-28
-30
-29
-29
-30
-29
-30
-28
-29
-26
-30
-27
-24
-24
-24
-24
-20
-19
-23
-22
-22
-22
-21
-19
-18
-16
-16
-13
-16
-14
-16
-19
-14
-17
-14
-16
-14
-12
-14
-16
-15
-18
-14
-16
-16
-14
-14
-11
-9
-6
-9
-5
-7
0
-1
-3
0
-2
-3
-3
-1
0
1
0
1
-1
1
-3
-5
-5
-8
-5
-3
-3
-2
-3
-6
-7
-8
-9
-9
-11
-11
-10
-8
-11
-11
-13
-12
-12
-14
-13
-14
-14
-14
-14
-15
-13
-17
-15
-17
-16
-21
-22
-20
-23
-23
-22
-23
-22
-21
-22
-19
-20
-19
-19
-20
-20
-19
-24
-21
-20
-17
-17
-20
-17
-17
-14
-13
-11
-15
-15
-14
-12
-12
-12
-9
-10
-8
-11
-12
-12
-10
-8
-8
-6
-7
-6
-4
-6
-4
-3
-3
-4
-3
-2
-3
-4
-5
-1
-3
-1
0
-2
-4
-4
-5
-7
-6
-5
-5
-7
-6
-3
-5
-6
-5
-2
-6
-4
-5
-3
-3
-6
-5
-6
-5
-4
-1
0
2
0
1
2
2
5
4
3
5
2
5
4
4
8
3
1
1
2
0
1
2
-3
-3
-3
-5
-6
-2
-5
-3
-4
-6
-4
-5
-4
-3
-5
-3
-2
-3
1
1
-2
1
1
0
0
1
-1
0
2
0
2
-1
0
-3
0
-1
-5
-5
-6
-4
-5
-5
-5
-3
-2
-6
-6
-3
-3
3
3
4
6
4
6
4
7
7
5
4
2
4
5
0
2
3
1
3
2
4
4
0
3
0
0
-1
-1
1
-3
-2
0
3
0
1
2
-1
0
1
1
3
3
-1
1
2
-3
-3
0
-3
-1
-4
-1
-3
-1
-6
-7
-5
-2
2
-2
0
0
-2
-4
-2
-5
-2
-3
1
0
-2
-3
-3
-3
-3
-2
-3
-3
-2
-2
-3
-3
-1
-2
-3
-4
-5
-2
-4
-4
-3
-4
-4
-4
-8
-6
-4
-10
-11
-12
-14
-13
-14
-15
-15
-13
-17
-11
-10
-15
-14
-10
-10
-10
-9
-7
-9
-8
-6
-9
-6
-9
-5
-8
-8
-6
-8
-12
-12
-14
-13
-12
-14
-11
-13
-11
-13
-13
-15
-18
-16
-15
-14
-14
-13
-11
-10
-9
-9
-6
-6
-4
-6
-6
-5
0
0
-4
-3
-2
-1
-2
-4
-3
0
-2
1
0
-4
-2
-3
-3
2
0
-1
1
-2
-2
-3
0
-2
-3
0
2
3
3
5
6
7
5
4
6
4
10
12
10
12
13
10
11
10
9
9
10
9
9
12
12
10
12
12
10
11
12
12
10
16
16
12
13
12
9
13
10
11
13
10
9
9
8
8
10
8
8
8
10
8
9
8
7
8
7
9
7
7
6
6
4
3
4
3
3
3
6
4
4
3
2
5
5
5
9
6
7
7
5
5
5
5
0
1
2
0
-1
-3
-4
-2
-6
-6
-5
-6
-6
-7
-7
-7
-5
-9
-5
-10
-10
-7
-8
-9
-9
-7
-7
-9
-6
-6
-5
-6
-3
-5
-3
-3
-7
-5
-5
-4
-5
-5
-5
-2
-3
-4
-6
-8
-10
-6
-7
