3
57
86
75
1
-47
-35
24
13
-16
19
33
66
49
12
11
6
40
7
-62
-16
-6
-46
16
71
65
27
34
17
-13
-47
-68
-33
-65
-55
-62
-54
-31
-49
-39
-16
36
-1
-26
20
-36
-71
-11
-20
17
33
-52
-12
-62
-121
-31
-29
9
31
9
38
32
39
28
24
4
17
57
-10
-30
35
68
50
20
42
16
-88
-22
61
37
50
35
-2
-9
14
91
150
58
-2
16
15
46
60
90
23
-60
-32
-64
1
-2
-87
-15
13
31
-14
-46
4
0
2
-24
1
13
-25
-38
-31
-21
-74
-58
-80
-90
8
32
12
-13
21
38
46
40
29
72
30
42
6
-52
-1
12
-9
-26
14
-9
-76
-45
33
-26
-68
-44
-92
-17
39
-44
-24
29
-54
-59
-10
-26
5
27
24
-21
-59
-13
0
-15
-15
-64
-72
-55
-29
52
29
-25
6
-9
-13
-4
10
63
75
103
118
55
2
11
31
-31
-59
47
77
70
118
87
36
96
110
62
38
-33
-6
25
-11
-56
-78
30
63
-3
-28
16
69
10
-37
-11
-4
-23
-20
-42
-64
13
-34
-96
-53
-80
4
62
31
-43
-90
-38
-40
-13
-13
6
8
-43
25
35
-40
5
40
33
-15
-36
22
-11
-12
38
30
37
21
-55
-34
-5
35
66
24
34
28
25
39
88
74
83
99
10
-52
-45
16
7
12
30
31
40
39
25
-28
-57
-37
-9
-52
-38
-16
-59
-60
-98
-131
-117
-107
-65
-21
-27
-69
-99
-39
-47
-103
-50
4
38
1
-82
36
83
-43
-33
-58
-53
36
12
11
73
-1
-75
-4
-67
-80
17
7
6
38
88
59
76
130
33
-14
-11
1
78
25
-10
91
44
-34
21
19
-19
26
-3
22
121
67
64
47
6
73
3
-6
87
97
21
-34
93
53
-65
-4
37
78
99
55
63
60
14
4
14
27
27
27
40
70
30
-45
-16
4
-51
-66
24
-2
-66
-37
-154
-120
3
-54
-19
-44
-100
-29
0
-62
-117
-110
-70
-83
-82
24
19
-43
-54
-92
-77
-9
-33
-131
-70
-76
-162
-70
-36
-37
-7
-40
-20
29
5
-7
-65
-54
17
22
51
-24
-15
68
63
26
-38
6
80
74
40
44
119
95
80
144
55
20
41
1
30
46
48
55
11
42
96
48
-4
5
-3
-4
8
47
75
1
47
63
-38
-87
-7
44
2
27
-14
-52
-105
-91
-27
2
84
77
23
-28
-48
-52
-34
-8
13
45
8
-12
87
72
-25
11
56
53
9
25
87
41
6
-1
-6
-8
-44
20
53
-55
-18
74
33
33
24
21
31
17
77
-15
-63
-11
-76
-51
-15
-24
-42
-74
-32
-16
-50
-48
-63
-30
-10
-56
-22
-12
-24
-11
-51
-96
-70
12
57
-47
-77
-65
-134
-41
-7
-31
-18
-67
-65
2
-48
-107
-8
23
-11
-5
2
6
-1
-30
32
74
-37
-58
74
55
3
71
63
17
-19
8
25
86
53
-39
31
-24
-43
-10
-30
2
55
93
70
39
-5
-26
4
31
26
-40
10
67
-20
-8
8
-4
69
53
3
4
-4
27
42
31
12
39
113
97
45
32
103
132
40
13
35
14
62
92
16
13
6
-5
1
-40
17
28
-25
-26
-52
-19
45
-33
-52
5
-87
-81
0
-48
-69
-72
-89
-54
-51
-89
-108
-82
-48
-23
44
28
-21
-36
-23
57
71
19
-7
-28
-36
-10
29
74
32
-24
-23
-38
30
116
23
-41
-10
14
20
-27
-50
-15
7
-54
-33
20
5
-36
-12
48
-17
-23
-20
5
-31
-102
22
10
-54
-95
-60
29
35
89
18
24
73
22
-25
-72
-40
-44
11
28
-47
11
73
80
8
13
29
-48
56
24
-8
143
44
2
48
62
95
-41
-71
-16
18
80
60
86
67
-18
36
55
2
13
27
35
28
20
26
-51
-98
-35
7
-24
-65
-77
-65
23
-45
-36
25
-124
-78
-47
-55
-32
-45
-25
-48
-17
20
14
-53
-21
102
65
-16
-25
-11
47
55
-8
29
1
-56
-26
-12
37
-5
-7
67
60
67
64
5
-46
-60
-48
-29
-53
-69
-4
45
2
16
17
-96
-45
-3
-37
51
25
-17
30
30
25
35
27
-18
-30
-49
-55
25
4
-39
-9
-20
-37
22
2
-37
52
41
43
99
36
12
41
-6
-35
0
34
58
74
67
62
90
76
31
20
20
35
32
3
4
7
29
26
-19
13
-6
-17
-25
-86
-48
-46
-25
67
86
47
-7
-50
-68
-22
-2
-63
-104
-87
-48
-47
-15
-20
-48
-19
-21
10
-18
-35
11
-36
-55
-10
-19
-4
-19
-49
24
42
24
2
10
80
63
58
82
18
20
62
58
49
34
65
14
12
57
22
17
-51
-72
-56
-28
-30
-64
-59
-97
-59
-131
-148
-40
-61
12
-24
-90
16
-14
-38
-11
-32
23
59
63
44
19
7
26
81
37
16
54
38
38
45
71
87
80
58
-48
-2
75
12
77
102
28
60
83
37
97
150
95
45
-2
-19
33
-1
-86
-84
-74
-31
-68
-67
27
-34
-102
-91
-46
-23
-63
2
34
-59
-61
-8
1
-21
-24
-40
-31
5
-64
-74
-8
-53
-62
-59
-78
-49
-75
-42
-18
-25
23
-22
39
105
-27
-36
18
34
2
-59
-16
37
19
22
35
13
59
64
54
-2
-22
47
-7
20
18
-11
-22
-15
86
38
-28
-43
-32
47
57
4
-15
-15
4
102
57
-37
-19
-75
-43
-31
-61
9
21
39
4
-20
63
50
27
43
14
-58
-87
29
40
-71
-73
53
94
91
80
58
61
-14
-12
-34
-28
-26
-83
-9
-4
-10
13
18
12
-11
41
55
66
67
54
44
30
64
-7
-55
-15
-27
-32
18
44
-16
-80
-24
46
16
-33
-77
-79
-62
-61
-102
-50
-14
-92
12
80
-27
-62
-6
40
-14
-84
-22
25
-41
-81
-27
44
39
-30
-27
51
31
-28
-1
37
25
42
67
52
53
31
-23
-21
-20
0
71
72
60
41
2
36
67
57
30
35
17
-14
6
-27
-6
59
83
109
56
5
10
-25
-12
43
14
18
48
-20
-46
-15
-29
-50
-54
-68
-128
-164
-89
-47
-39
-5
-12
68
63
-58
32
17
-113
-35
-28
-60
-5
42
54
-23
-64
-13
-36
-87
-52
39
40
-41
-48
-27
19
41
67
68
46
96
36
-62
-73
-75
-8
41
7
28
-7
-67
-27
-50
-41
-9
-29
-30
-79
-58
-28
-32
18
42
21
29
60
94
77
8
-14
-32
15
-30
-78
28
-18
-53
57
101
66
7
29
101
72
44
18
-32
-22
19
45
-8
18
37
-15
25
7
7
9
-16
9
37
1
-19
36
3
-34
-63
-110
-67
43
62
-35
-78
-65
-40
-14
-63
-29
63
29
9
38
-3
29
71
3
31
58
17
-13
29
92
17
1
51
15
26
24
-27
13
58
54
55
66
22
-40
-102
-99
19
8
-65
-15
39
64
48
13
17
8
37
64
-19
-123
-111
-68
-64
-66
-87
-126
-153
-65
-50
-79
-59
-65
-55
-56
-61
-54
-17
-4
-13
-25
-42
-1
53
14
66
55
-72
15
30
46
97
88
143
101
142
128
25
2
-29
19
25
34
93
69
-9
-2
18
6
109
43
-8
68
62
67
-40
-28
6
-97
-109
-85
-20
-6
-56
-35
-42
-23
8
-59
-70
-65
-47
-38
-3
12
-63
-22
-39
-43
-2
-39
66
48
-10
52
-47
-40
9
2
60
36
6
-21
-26
39
32
-12
10
10
23
86
59
34
92
56
25
87
56
19
8
-31
9
5
-47
-59
-54
-42
-34
-11
-53
-34
-11
-110
-148
-114
-121
-77
-22
-24
-25
-52
-15
6
-20
-29
6
75
5
-49
6
63
40
-52
-43
-14
27
91
123
129
38
-36
-63
-15
24
-45
32
83
-23
30
57
21
34
53
74
-22
-15
73
89
-7
-67
-37
-15
37
11
-10
-80
-126
-41
-43
-37
-14
-89
-69
-69
-90
-31
-72
-65
-15
-22
-72
-145
-89
-44
-21
88
90
33
36
28
46
26
-4
2
-34
48
69
59
184
129
48
50
33
83
63
31
86
102
63
25
28
56
66
47
59
129
126
18
-46
-18
24
18
-11
-37
-86
-24
67
9
-69
-101
-102
-47
-5
-61
-40
-31
-96
-50
-65
-77
10
21
-20
-29
10
29
-55
-28
3
-27
12
-5
-8
24
42
-3
-9
47
35
38
1
-76
-20
-25
-98
-26
-21
-6
90
2
0
131
83
41
48
32
7
-49
-51
-54
-22
-20
-28
99
87
-44
-90
-99
-41
4
-52
-16
47
-47
-64
40
4
-28
-1
-28
-32
-60
-68
-15
-33
1
38
2
21
54
25
-31
-9
16
49
59
56
47
40
39
-17
5
12
19
95
84
100
143
69
27
-16
-15
62
48
10
-2
-3
18
17
-60
-61
-33
-41
10
43
6
-74
-125
-117
-76
-62
-77
-107
-85
-18
9
-8
-31
-37
-83
4
87
8
-35
-72
-36
-5
-6
19
49
35
1
64
38
39
62
78
135
50
4
31
48
37
31
18
-38
-7
-18
-50
-34
-25
1
-30
-18
0
27
108
-12
-74
-12
-48
-10
-21
-58
-17
-29
14
23
-6
22
14
33
36
54
83
45
42
-1
-68
-52
-14
33
28
10
63
10
-80
-32
33
18
-29
-49
17
72
40
46
20
4
-1
-7
10
-46
17
81
16
-11
-47
2
10
-63
-17
-1
-43
-96
-22
57
24
-1
-19
3
-89
-135
-6
32
-13
-39
-32
24
105
58
-5
-42
-97
12
-6
-31
7
-51
12
4
-59
-39
-60
-71
-7
-25
-27
19
-12
9
18
6
-17
-39
43
55
56
41
-39
33
125
68
53
77
-10
27
66
30
37
-51
1
53
15
12
-16
-48
-80
-41
-85
-75
-32
-38
-22
-147
-86
-18
-73
5
-6
6
23
-20
-32
-52
0
-13
-34
29
43
56
41
-13
-35
39
42
-79
-49
-9
-48
-73
-96
-34
64
100
95
118
111
45
24
43
-20
-29
43
34
15
-21
-29
-20
-44
-34
41
49
37
82
18
34
18
31
131
28
20
33
-26
30
51
36
28
-9
18
27
-64
-62
-54
-82
-71
-28
24
-16
-10
15
70
117
93
77
-26
-74
-42
2
-15
-46
-20
-42
-13
0
15
-13
-58
-11
-9
38
83
82
38
43
42
-82
-59
-25
-48
-52
-33
-16
-87
-57
-31
-71
-40
-33
-52
-62
-20
5
-21
2
10
-26
-60
-57
-25
9
-10
-30
-25
-26
-30
1
84
6
-51
26
28
14
-81
-81
-11
-62
-68
-24
22
18
6
18
8
-24
-63
-100
-84
-19
-40
-34
-9
-93
-49
63
42
10
26
81
30
-49
-41
-46
61
26
-37
0
-44
50
71
27
38
8
-42
2
59
4
84
91
64
93
48
50
8
-3
20
66
89
72
104
85
35
63
144
93
1
-24
-8
40
5
20
16
-14
62
75
47
-3
-120
-25
120
61
85
93
33
80
78
-62
-55
-5
-48
-9
4
7
14
-27
-35
-45
-58
58
83
-33
-60
-29
-49
-43
-33
-80
-42
-42
-61
-21
-55
-86
-69
-93
-81
-44
-76
-117
-113
-55
-51
-107
-37
-11
-83
-20
-12
-17
-2
-69
-68
-21
-14
-12
66
108
39
8
-10
-31
-44
-59
-19
-24
-9
58
43
-15
-38
-20
-12
-24
-18
3
12
4
-14
-71
-59
46
52
3
-5
0
15
38
37
-31
-86
-24
27
-5
0
64
72
31
46
83
132
160
109
20
13
58
112
130
97
196
228
198
233
183
185
213
157
140
193
224
231
217
159
110
72
85
142
191
106
-31
19
86
91
69
53
62
69
34
-36
-65
-37
-30
-110
-142
-145
-160
-110
-94
-116
-157
-218
-239
-270
-275
-227
-210
-253
-284
-273
-273
-230
-162
-144
-126
-167
-226
-210
-215
-178
-187
-243
-177
-175
-172
-129
-106
-82
-158
-129
-96
-155
-153
-195
-199
-164
-122
-112
-110
-24
-85
-166
-179
-138
-115
-79
-16
-74
-15
46
61
57
80
193
198
180
122
63
92
104
104
144
122
102
177
155
187
220
174
244
248
257
310
277
292
397
391
344
311
268
290
268
276
265
238
248
223
214
199
202
284
295
176
165
203
209
263
319
336
285
232
189
137
120
16
-53
-49
-123
-48
38
4
0
-53
-95
-121
-164
-132
-110
-132
-148
-172
-189
-169
-140
-150
-220
-370
-425
-364
-350
-350
-397
-421
-435
-459
-339
-204
-153
-107
-132
-217
-172
-123
-170
-160
-189
-329
-372
-284
-286
-339
-352
-355
-409
-459
-359
-267
-265
-222
-190
-194
-172
-135
-79
-32
-12
-7
-97
-76
-29
-136
-106
-58
-107
-140
-143
-65
19
58
124
196
258
339
374
377
420
473
453
424
395
353
348
315
285
313
274
235
262
262
299
307
358
385
412
525
580
617
573
542
527
530
517
457
413
364
303
260
250
167
161
218
231
211
280
358
336
338
391
422
365
308
292
342
317
238
103
-42
-109
-243
-315
-270
-251
-311
-298
-286
-328
-292
-210
-268
-270
-156
-237
-320
-387
-372
-419
-589
-704
-825
-810
-820
-821
-810
-799
-733
-716
-645
-566
-499
-472
-448
-407
-374
-376
-440
-471
-475
-569
-680
-763
-871
-867
-858
-859
-761
-695
-638
-572
-488
-440
-367
-269
-261
-155
-109
-127
-95
-150
-122
-86
-113
-123
-158
-132
-56
-113
-30
148
110
103
146
246
342
440
627
701
727
733
688
679
679
623
628
613
452
424
476
514
565
586
642
672
756
821
849
920
913
938
946
957
1011
904
834
832
777
721
649
585
565
519
431
442
493
546
602
630
587
525
591
582
564
557
494
553
475
326
324
307
320
201
89
135
101
144
203
108
45
55
55
56
-52
-215
-215
-284
-396
-366
-451
-493
-558
-734
-740
-763
-836
-871
-857
-850
-882
-877
-893
-866
-841
-803
-724
-828
-967
-955
-896
-906
-979
-1012
-1053
-1072
-1094
-1173
-1151
-1150
-1147
-1074
-1080
-1071
-1004
-934
-855
-744
-671
-647
-558
-467
-400
-453
-460
-380
-414
-308
-278
-328
-215
-185
-246
-309
-318
-349
-281
-184
-196
-98
-63
-72
42
69
80
226
377
474
550
622
625
635
733
811
891
958
973
990
1000
935
982
1079
1080
1168
1257
1311
1327
1383
1434
1489
1564
1438
1426
1442
1349
1305
1223
1276
1291
1131
1057
1083
1070
983
872
799
747
703
706
667
669
725
724
717
635
619
662
521
487
494
482
517
399
409
412
226
179
233
211
99
-6
-155
-289
-390
-586
-735
-891
-1061
-1220
-1331
-1453
-1638
-1724
-1896
-2055
-2071
-2139
-2155
-2054
-2032
-1948
-1738
-1583
-1414
-1344
-1378
-1298
-1180
-1167
-1129
-1115
-1152
-1157
-1179
-1280
-1450
-1446
-1336
-1271
-1277
-1294
-1215
-1135
-1031
-896
-761
-639
-508
-274
-165
-117
43
105
127
172
183
136
83
7
-24
62
40
-105
-149
-75
-65
-67
-96
-142
-115
-104
-64
25
172
349
429
494
587
714
879
952
1043
1129
1167
1289
1408
1486
1575
1656
1720
1773
1783
1762
1761
1728
1686
1632
1648
1591
1459
1464
1403
1353
1325
1285
1277
1286
1174
1079
1159
1147
1145
1144
1162
1207
1183
1185
1156
1150
1109
1080
1110
1043
980
967
932
925
909
907
936
873
868
939
943
855
724
647
579
496
460
344
136
-69
-422
-756
-1017
-1324
-1640
-1928
-2106
-2301
-2513
-2703
-2828
-2956
-3083
-3075
-3047
-2933
-2736
-2549
-2382
-2273
-2082
-1832
-1652
-1476
-1470
-1517
-1416
-1480
-1551
-1494
-1490
-1570
-1704
-1762
-1810
-1871
-1794
-1697
-1693
-1636
-1524
-1355
-1152
-985
-815
-666
-426
-223
-121
17
174
255
327
369
315
316
312
269
180
216
321
292
178
236
419
464
572
683
786
903
1003
1103
1197
1202
1256
1380
1328
1443
1574
1573
1598
1623
1688
1626
1611
1670
1648
1644
1674
1724
1772
1816
1762
1682
1630
1455
1347
1273
1151
1122
1023
985
1057
1064
1095
1063
1011
1032
1023
997
1049
1093
1088
1131
1151
1286
1417
1406
1465
1481
1421
1392
1330
1229
1224
1122
912
811
681
587
472
363
324
229
183
32
-221
-277
-333
-464
-575
-759
-896
-1138
-1450
-1636
-1994
-2306
-2487
-2757
-2936
-3178
-3394
-3481
-3577
-3553
-3426
-3221
-2979
-2679
-2448
-2243
-1885
-1574
-1330
-1139
-1084
-1050
-1052
-1085
-1058
-1201
-1439
-1595
-1766
-1912
-2090
-2178
-2196
-2203
-2171
-2167
-2010
-1828
-1587
-1219
-922
-634
-281
113
494
764
934
1064
1164
1244
1236
1170
1048
962
926
817
724
678
675
608
553
540
487
527
494
525
675
754
1006
1204
1297
1456
1500
1528
1507
1414
1401
1312
1199
1252
1250
1266
1323
1337
1460
1562
1573
1596
1664
1642
1575
1508
1507
1585
1612
1725
1798
1880
2059
2114
2118
2034
1875
1672
1459
1270
1076
963
878
924
1015
1049
1222
1411
1390
1368
1452
1418
1335
1221
1141
1095
1022
1056
931
718
623
412
131
-166
-447
-671
-851
-943
-992
-973
-909
-753
-528
-471
-463
-487
-704
-1033
-1550
-2116
-2562
-2993
-3432
-3806
-4071
-4370
-4465
-4373
-4276
-4062
-3902
-3732
-3422
-2999
-2599
-2169
-1733
-1489
-1297
-1125
-1018
-992
-1050
-1127
-1320
-1586
-1795
-2035
-2274
-2321
-2343
-2472
-2505
-2517
-2416
-2099
-1646
-1079
-558
-47
607
1254
1768
2225
2438
2448
2369
2196
2098
1926
1724
1468
1179
1116
957
811
729
505
283
144
47
-30
116
374
752
1108
1464
1888
2132
2307
2309
2245
1991
1590
1401
1319
1334
1374
1555
1804
1871
2081
2255
2223
2105
1759
1515
1295
1020
949
944
1066
1195
1361
1710
1905
2006
1986
1732
1525
1278
1104
989
722
576
524
499
515
476
443
487
544
503
604
809
1057
1392
1513
1591
1755
1866
1887
1701
1308
836
331
-154
-531
-753
-896
-1084
-1142
-1100
-1012
-737
-522
-454
-427
-408
-334
-227
-154
-300
-696
-1266
-1914
-2579
-3430
-4264
-5055
-5934
-6585
-6951
-6924
-6418
-5726
-5041
-4378
-3689
-2856
-1990
-1346
-870
-668
-657
-628
-563
-434
-437
-443
-568
-975
-1351
-1755
-2185
-2623
-3190
-3760
-4225
-4404
-4043
-3228
-2224
-1179
-200
737
1677
2560
3328
3658
3492
3014
2555
2303
2016
1840
1645
1313
1116
956
794
757
694
489
304
86
34
366
916
1602
2161
2591
3064
3495
3863
4004
3793
3271
2560
1911
1401
1062
951
979
1100
1318
1573
1936
2437
2711
2692
2539
2228
1984
1787
1651
1655
1544
1421
1342
1255
1253
1338
1293
1093
829
547
433
473
592
703
698
657
701
797
1008
1221
1271
1205
1239
1392
1521
1671
1713
1621
1472
1233
969
695
422
145
-251
-704
-1060
-1338
-1522
-1504
-1499
-1627
-1712
-1686
-1565
-1282
-998
-848
-666
-581
-561
-477
-511
-825
-1434
-2440
-3563
-4610
-5567
-6240
-6956
-7517
-7861
-7776
-6898
-5936
-5019
-4060
-3300
-2552
-1715
-1082
-625
-305
-184
-150
-146
-211
-304
-282
-483
-1019
-1716
-2447
-2961
-3427
-3908
-4266
-4430
-4369
-3915
-3075
-2057
-743
565
1528
2329
3123
3713
4077
4136
3708
3042
2331
1956
1731
1451
1341
1243
1237
1246
1329
1436
1421
1533
1527
1355
1352
1574
1998
2518
2993
3291
3504
3774
3933
3907
3533
2836
2043
1164
574
351
352
609
973
1468
2074
2838
3668
4185
4284
3952
3417
2828
2197
1743
1339
960
716
663
936
1215
1461
1637
1539
1294
907
623
586
564
475
491
597
812
1252
1624
1853
1857
1615
1352
1085
903
660
395
232
-52
-246
-266
-375
-435
-589
-1015
-1392
-1700
-1927
-2016
-2136
-2235
-2329
-2340
-2229
-2045
-1741
-1450
-1263
-1160
-1112
-1012
-760
-651
-816
-1348
-2199
-3115
-4215
-5243
-6276
-7339
-8201
-8822
-8698
-7935
-6824
-5583
-4505
-3548
-2659
-1786
-1089
-734
-770
-1037
-1248
-1350
-1374
-1123
-744
-501
-463
-736
-993
-1266
-1707
-2237
-2991
-3642
-3836
-3600
-2754
-1452
52
1580
2824
3819
4613
5160
5313
4918
4022
2993
2204
1745
1673
1829
2063
2342
2629
2916
3139
3179
2925
2444
1784
1130
786
796
1229
1868
2378
2799
3206
3617
3824
3703
3231
2449
1600
933
638
743
1149
1736
2455
3208
3836
4389
4721
4693
4329
3505
2431
1347
551
40
-236
-283
-397
-352
-146
141
522
700
732
559
279
271
369
627
905
990
1047
920
842
914
786
492
41
-400
-645
-759
-587
-348
-177
-61
-226
-345
-328
-335
-414
-575
-780
-1166
-1395
-1292
-1126
-988
-1155
-1545
-1912
-2303
-2550
-2621
-2604
-2513
-2435
-2125
-1580
-1066
-550
-255
-463
-1337
-2695
-4029
-5330
-6574
-7607
-8546
-9199
-9189
-8392
-7048
-5575
-4188
-3106
-2425
-1733
-1183
-937
-678
-652
-813
-879
-764
-309
234
565
516
84
-502
-1151
-1720
-2241
-2711
-3035
-3122
-2833
-2093
-803
634
1914
3010
3705
4113
4451
4644
4624
4239
3414
2632
2256
2219
2422
2775
3047
3112
3176
3182
3101
3043
2845
2407
1907
1430
1276
1647
2154
2663
3045
3285
3441
3528
3570
3472
3178
2516
1826
1453
1465
1854
2256
2695
3187
3591
4037
4472
4579
4207
3520
2570
1436
437
-349
-899
-1114
-1240
-1221
-905
-397
249
735
977
920
606
433
331
277
294
220
77
-69
-133
-144
-191
-465
-918
-1431
-1851
-1988
-1869
-1652
-1449
-1180
-915
-651
-420
-178
-15
-181
-465
-818
-1276
-1575
-1728
-1924
-2121
-2306
-2403
-2344
-2185
-2035
-1959
-1963
-1979
-1822
-1584
-1255
-856
-619
-580
-1029
-1762
-2674
-3871
-5038
-6333
-7588
-8555
-9018
-8620
-7610
-6281
-4846
-3578
-2446
-1378
-515
-17
-44
-355
-779
-1177
-1309
-1300
-1001
-637
-433
-156
-29
-45
-124
-424
-984
-1579
-1943
-1983
-1591
-894
135
1429
2715
3868
4724
5304
5517
5399
4922
3983
3053
2506
2372
2456
2638
2847
3153
3547
3782
3765
3443
2940
2314
1636
1079
772
847
1184
1709
2349
2859
3288
3665
3747
3564
3181
2546
1996
1741
1642
1741
2125
2551
3044
3646
4102
4386
4280
3724
2961
2064
1167
333
-318
-652
-738
-638
-408
-86
280
589
708
661
443
135
-54
-180
-359
-476
-427
-388
-295
-238
-386
-642
-1141
-1698
-2080
-2381
-2512
-2494
-2374
-1871
-1191
-646
-116
195
271
242
11
-289
-765
-1379
-1809
-2159
-2354
-2289
-2194
-2082
-1888
-1806
-1889
-2063
-2241
-2380
-2559
-2644
-2579
-2264
-1760
-1222
-718
-538
-733
-1307
-2229
-3456
-4704
-5759
-6785
-7643
-8089
-7905
-6985
-5593
-4183
-2949
-1974
-1194
-525
-162
-55
-256
-610
-832
-951
-848
-521
67
658
851
917
866
644
495
147
-425
-899
-1290
-1344
-868
-59
928
1912
2784
3414
3862
4227
4468
4364
3845
3256
2654
2412
2562
2819
3241
3563
3841
4028
4143
4230
3989
3508
2736
1797
1124
787
833
1193
1557
1860
2206
2665
3167
3516
3612
3373
2883
2405
2114
2045
2200
2482
2672
2871
3145
3381
3586
3553
3103
2268
1246
80
-1053
-1825
-2269
-2451
-2438
-2234
-1855
-1240
-536
-52
222
97
-129
-190
-313
-291
-175
-62
10
-8
-66
-314
-650
-1108
-1659
-2174
-2658
-2828
-2732
-2378
-1723
-1104
-611
-253
-55
31
-26
-349
-901
-1443
-1964
-2287
-2286
-2167
-1852
-1565
-1440
-1370
-1534
-1843
-2244
-2726
-3094
-3466
-3678
-3406
-2698
-1721
-755
37
465
238
-552
-1690
-3221
-4898
-6504
-7857
-8607
-8556
-7560
-5958
-4096
-2368
-1066
-119
556
946
826
361
-140
-510
-690
-486
190
1015
1772
2246
2430
2399
2146
1821
1143
79
-811
-1545
-1903
-1674
-1112
-186
919
2025
3028
3778
4472
4967
5024
4681
4072
3581
3313
3364
3655
3958
4233
4417
4550
4462
4129
3559
2699
1669
540
-260
-661
-743
-436
83
787
1516
2279
3042
3607
3923
3814
3329
2677
2153
1731
1295
1141
1133
1356
1813
2293
2867
3012
2697
2072
1018
-237
-1547
-2609
-3382
-3739
-3596
-3044
-2062
-1016
100
970
1303
1304
925
477
5
-543
-833
-870
-812
-643
-446
-366
-480
-923
-1567
-2155
-2741
-3112
-3160
-2986
-2427
-1693
-856
43
623
944
963
587
58
-583
-1294
-1870
-2284
-2462
-2249
-1895
-1542
-1241
-1287
-1527
-1865
-2436
-2900
-3200
-3338
-3028
-2291
-1171
179
1383
2229
2495
1966
681
-1199
-3303
-5305
-6950
-8076
-8585
-8222
-6981
-5134
-3222
-1618
-503
61
356
378
169
-153
-359
-138
371
1144
2115
3027
3651
3775
3379
2569
1583
496
-657
-1752
-2578
-2965
-2915
-2218
-1113
116
1431
2557
3385
3984
4460
4737
4778
4477
3995
3698
3769
4188
4504
4684
4725
4601
4463
4041
3272
2369
1366
394
-432
-1068
-1226
-921
-387
176
810
1515
2071
2734
3313
3454
3253
2693
2096
1562
1170
935
635
540
600
884
1429
1819
1949
1748
1106
204
-791
-1833
-2677
-3222
-3476
-3284
-2524
-1574
-532
587
1225
1367
1129
702
192
-395
-855
-1206
-1416
-1459
-1329
-1110
-984
-1102
-1460
-1923
-2413
-2629
-2597
-2430
-1952
-1382
-755
-97
371
706
687
296
-126
-658
-1256
-1673
-1857
-1845
-1699
-1488
-1197
-865
-726
-723
-947
-1427
-1900
-2351
-2590
-2470
-2046
-1261
-185
819
1662
2297
2343
1722
454
-1346
-3461
-5450
-6736
-7499
-7805
-7360
-6238
-4697
-3021
-1690
-803
-224
57
263
230
156
441
991
1717
2596
3339
3719
3857
3602
2979
2077
869
-290
-1276
-2069
-2504
-2535
-2250
-1828
-1180
-268
843
2001
2847
3540
4040
4362
4751
4783
4562
4405
4292
4294
4234
4161
4084
3882
3697
3242
2369
1382
350
-569
-1300
-1864
-2136
-2104
-1663
-786
151
1084
1988
2654
3158
3382
3249
2835
2187
1434
793
343
86
23
177
616
1128
1539
1710
1529
993
143
-941
-2062
-3013
-3709
-3836
-3461
-2691
-1512
-253
896
1702
2102
2062
1621
987
220
-413
-854
-1085
-1037
-895
-627
-350
-305
-537
-1124
-1823
-2306
-2554
-2591
-2427
-2042
-1321
-288
688
1388
1821
1786
1433
877
61
-729
-1366
-1784
-2034
-2055
-1855
-1525
-1038
-665
-590
-873
-1343
-1720
-1960
-2012
-1694
-1226
-597
410
1339
2074
2524
2460
1708
306
-1487
-3356
-4890
-6097
-6911
-7298
-7158
-6374
-5086
-3600
-2397
-1517
-873
-410
149
728
1146
1728
2319
2694
2991
3090
3075
2911
2451
1572
365
-643
-1348
-1867
-2230
-2523
-2619
-2378
-1888
-1167
-282
637
1599
2521
3374
4127
4757
5354
5806
5786
5334
4844
4451
4140
3737
3178
2599
2016
1507
1099
714
225
-284
-669
-1075
-1310
-1188
-802
-85
830
1620
2233
2846
3405
3670
3424
2761
1874
939
114
-509
-810
-886
-634
-219
174
545
789
890
554
-210
-1222
-2177
-2763
-3059
-3058
-2717
-2033
-1044
-43
856
1513
1653
1535
1130
398
-302
-931
-1439
-1621
-1542
-1405
-1134
-784
-526
-490
-821
-1172
-1462
-1782
-1888
-1764
-1259
-468
373
1137
1883
2517
2829
2820
2297
1478
580
-180
-732
-1260
-1606
-1742
-1601
-1292
-1106
-1116
-1252
-1345
-1364
-1381
-1283
-949
-438
282
1084
1750
2230
2406
2238
1745
911
-325
-1873
-3500
-4875
-5728
-6220
-6498
-6556
-6394
-5698
-4538
-3524
-2724
-2034
-1280
-255
747
1539
2020
2306
2596
2710
2404
1753
1013
277
-445
-1136
-1733
-2130
-2222
-2125
-1981
-1849
-1797
-1654
-1408
-1057
-414
360
1135
1895
2779
3892
4921
5496
5520
5138
4499
3873
3241
2444
1512
750
382
240
244
111
4
85
21
-91
-279
-280
52
525
1196
1819
2444
3102
3700
4206
4353
3995
3167
2118
1174
370
-215
-665
-1096
-1058
-631
-18
558
716
580
164
-402
-1034
-1769
-2342
-2462
-2110
-1560
-868
156
1238
2085
2589
2437
1769
923
27
-694
-1188
-1618
-1823
-1724
-1344
-842
-530
-291
-335
-719
-1135
-1423
-1483
-1331
-893
-373
241
1048
1828
2504
2865
2765
2231
1381
475
-467
-1295
-1801
-2070
-2155
-2199
-2076
-1714
-1282
-773
-493
-504
-679
-714
-401
3
452
746
868
1082
1277
1346
1152
517
-281
-1187
-2257
-3287
-4154
-4672
-4936
-5161
-5482
-5752
-5443
-4605
-3508
-2387
-1725
-1150
-134
1117
2200
2717
2673
2340
1719
904
174
-565
-1142
-1507
-1885
-2076
-1942
-1523
-1091
-909
-1028
-1290
-1435
-1376
-1100
-634
185
1148
1909
2664
3547
4641
5449
5494
4770
3628
2792
2200
1663
1047
381
-6
22
302
510
528
340
181
-9
-369
-782
-698
33
864
1851
2617
3245
4094
4732
4998
4491
3210
1704
420
-397
-835
-1178
-1315
-1079
-637
86
809
1130
978
436
-132
-624
-1106
-1394
-1429
-959
-69
775
1474
1923
2315
2475
2083
1286
59
-1111
-1656
-1734
-1607
-1432
-1221
-952
-392
96
107
-234
-1045
-1759
-2097
-2135
-1871
-1398
-586
431
1449
2320
2776
2674
2296
1562
598
-439
-1575
-2281
-2366
-2017
-1553
-1114
-695
-261
125
238
125
-405
-1177
-1630
-1629
-1296
-998
-615
-38
575
1177
1450
1372
1027
360
-462
-1274
-2157
-3099
-3868
-4402
-4708
-4933
-5227
-5400
-5250
-4604
-3501
-2480
-1804
-1042
26
1242
2185
2556
2436
1980
1455
891
218
-461
-1032
-1389
-1601
-1696
-1532
-1204
-1062
-1144
-1318
-1499
-1570
-1532
-1254
-606
389
1459
2478
3586
4601
5458
5937
5714
4785
3595
2620
1781
1044
342
-245
-500
-417
-27
273
423
544
446
374
356
389
794
1426
2235
3069
3589
4018
4378
4435
4169
3312
1931
550
-590
-1115
-1226
-1302
-1345
-1254
-653
174
792
1046
870
487
190
-48
-260
-336
-256
122
494
766
961
956
1025
954
442
-402
-1329
-1912
-1962
-1700
-1370
-1153
-962
-623
-281
23
61
-254
-818
-1482
-1701
-1518
-1139
-579
74
815
1501
1962
2082
1825
1369
855
93
-815
-1685
-2106
-1820
-1295
-762
-549
-613
-499
-126
154
-36
-571
-1223
-1518
-1304
-877
-410
-5
372
756
1032
991
819
509
-2
-670
-1595
-2642
-3785
-4709
-5138
-5292
-5485
-5867
-6023
-5362
-4006
-2432
-1340
-962
-479
433
1495
2131
2005
1539
1101
759
329
-311
-898
-1186
-1279
-1410
-1676
-1803
-1564
-1300
-1235
-1322
-1540
-1579
-1261
-513
573
1619
2633
3518
4267
5110
5921
6269
5692
4288
2741
1648
1121
638
-123
-690
-672
-131
512
887
972
1078
1243
1193
925
724
1028
1793
2701
3340
3588
3748
4016
4184
3762
2774
1300
-207
-1103
-1478
-1562
-1479
-1272
-912
-295
460
1056
1322
1119
692
193
-356
-631
-683
-541
-193
288
689
789
830
846
694
172
-745
-1743
-2489
-2568
-2161
-1705
-1269
-989
-634
-82
294
312
-77
-596
-985
-1268
-1283
-986
-453
303
1056
1640
2001
1991
1813
1422
634
-292
-1161
-1719
-1904
-1554
-843
-345
-87
60
254
260
-6
-447
-1162
-1799
-2004
-1741
-1155
-421
258
947
1580
1899
1816
1278
573
-249
-1285
-2449
-3668
-4496
-4861
-4938
-4872
-4981
-5001
-4733
-4146
-3251
-2441
-1899
-1493
-933
-101
771
1304
1444
1377
1144
859
424
-140
-676
-1242
-1693
-1978
-2127
-2102
-1876
-1403
-982
-750
-621
-541
-95
676
1396
2123
2713
3297
4105
4777
5274
5275
4526
3566
2567
1786
1290
730
267
102
303
732
1130
1328
1336
1266
1100
899
738
741
1105
1852
2681
3280
3495
3605
3735
3456
2721
1446
-117
-1284
-1821
-1904
-1708
-1273
-790
-181
704
1368
1609
1463
887
386
-84
-553
-823
-861
-510
26
576
831
787
717
569
211
-383
-1227
-2045
-2333
-2123
-1629
-1157
-860
-458
-7
379
552
252
-301
-729
-987
-1088
-924
-684
-251
432
966
1340
1395
1152
862
422
-144
-767
-1230
-1432
-1310
-709
-77
260
278
99
89
122
-132
-726
-1441
-1725
-1398
-898
-419
75
531
1020
1441
1431
977
420
-233
-1095
-2107
-3265
-4302
-4914
-5206
-5306
-5421
-5549
-5327
-4616
-3752
-2879
-1877
-1127
-460
370
1184
1824
1986
1757
1287
870
598
207
-235
-708
-1102
-1218
-1192
-1187
-1229
-1302
-1335
-1412
-1500
-1389
-1072
-294
894
1983
3048
4056
4949
5741
6060
5783
4878
3615
2359
1315
583
26
-251
-401
-286
145
591
909
896
713
469
250
165
350
785
1458
2366
3118
3661
4031
4034
3639
2867
1679
219
-1115
-1942
-2280
-2184
-1739
-1107
-268
578
1283
1677
1669
1341
743
-34
-729
-1068
-1065
-688
-174
292
823
1317
1563
1452
989
200
-740
-1593
-2162
-2293
-1959
-1408
-810
-161
371
798
1047
969
513
-314
-976
-1307
-1343
-959
-427
260
1015
1578
1918
1898
1582
1074
277
-598
-1410
-1957
-1990
-1695
-1252
-850
-582
-329
-201
-298
-494
-886
-1466
-1846
-1783
-1399
-809
-71
712
1390
1787
1886
1634
1117
287
-834
-2118
-3611
-4867
-5682
-6099
-6139
-6121
-5855
-5246
-4514
-3434
-2397
-1598
-710
10
644
1234
1683
2057
2162
1962
1651
1263
812
411
-123
-704
-1138
-1460
-1700
-1874
-1983
-2006
-1916
-1767
-1447
-949
-136
1006
2200
3284
4179
5019
5674
6007
5859
5093
4028
2903
1844
936
161
-247
-280
-197
73
318
339
389
355
148
-125
-335
-125
393
1156
2131
3057
3913
4330
4344
4031
3213
1988
547
-744
-1669
-2070
-1982
-1494
-659
257
963
1476
1698
1451
950
208
-676
-1393
-1705
-1587
-1092
-350
353
1039
1386
1387
1308
761
-44
-896
-1758
-2230
-2238
-1803
-1158
-436
284
784
1060
999
680
122
-624
-1334
-1709
-1565
-1121
-292
697
1563
2195
2383
2313
1873
1134
248
-883
-1795
-2261
-2291
-1933
-1406
-781
-372
-173
-96
-301
-626
-1029
-1519
-1877
-1928
-1536
-748
219
1232
1819
1931
1853
1477
936
189
-861
-2021
-3101
-3844
-4298
-4604
-4743
-4946
-5144
-5192
-5117
-4576
-3688
-2824
-2001
-1170
-43
1160
2174
2947
3180
2998
2385
1581
845
-3
-718
-1281
-1809
-2136
-2177
-1865
-1480
-1282
-1162
-1294
-1452
-1298
-948
-323
536
1495
2542
3666
4824
5656
6065
6002
5280
4188
2901
1740
878
219
-162
-374
-307
59
494
913
1074
916
564
200
61
169
667
1479
2253
2874
3468
3941
3992
3610
2777
1494
81
-1037
-1766
-1970
-1716
-1235
-510
249
911
1427
1722
1559
919
181
-561
-1182
-1428
-1239
-781
-212
250
542
785
889
705
246
-402
-1185
-1770
-1913
-1654
-1081
-378
229
681
945
1001
892
361
-475
-1247
-1893
-2189
-2017
-1441
-550
330
1141
1680
1834
1884
1659
1127
328
-589
-1265
-1708
-1734
-1255
-861
-675
-502
-503
-593
-702
-897
-1179
-1485
-1616
-1381
-842
-199
445
1006
1395
1542
1354
989
580
41
-565
-1241
-1969
-2729
-3331
-3715
-4106
-4609
-5310
-5925
-6027
-5615
-4779
-3676
-2521
-1265
239
1794
3064
3818
3837
3413
2587
1368
265
-685
-1438
-1840
-2067
-2089
-1819
-1408
-1003
-808
-881
-1164
-1492
-1652
-1462
-859
118
1382
2619
3792
4928
5937
6440
6075
5135
3742
2215
928
-21
-589
-844
-683
-250
377
969
1286
1376
1171
810
361
15
153
663
1446
2468
3227
3753
4157
4132
3715
2771
1344
-226
-1590
-2362
-2592
-2371
-1737
-902
39
965
1725
2149
2125
1771
1169
454
-208
-603
-592
-314
141
519
696
762
655
328
-237
-1046
-1824
-2442
-2760
-2439
-1765
-969
-132
577
1112
1310
1281
970
268
-484
-1156
-1660
-1776
-1474
-771
128
882
1441
1752
1713
1558
1112
327
-482
-1281
-1716
-1730
-1390
-1010
-805
-531
-383
-341
-448
-700
-857
-1066
-1288
-1319
-1136
-673
-185
162
534
651
487
265
3
-309
-646
-980
-1440
-1917
-2469
-3105
-3620
-4218
-4904
-5399
-5702
-5562
-4822
-3759
-2380
-1011
261
1523
2459
3108
3321
2972
2225
1271
291
-521
-1024
-1312
-1418
-1410
-1419
-1235
-851
-638
-639
-818
-1034
-1136
-1024
-481
356
1347
2447
3419
4217
4854
5224
5151
4457
3443
2349
1285
556
125
57
215
312
575
957
1217
1339
1200
837
489
254
313
757
1479
2230
2883
3362
3500
3381
2940
2153
1136
-88
-1291
-1986
-2112
-1808
-1136
-389
397
1184
1732
1952
1858
1434
837
254
-380
-857
-939
-680
-302
24
257
243
186
74
-390
-965
-1534
-1892
-1922
-1740
-1244
-510
274
813
1141
1310
1110
728
134
-670
-1384
-1850
-1929
-1632
-1063
-281
565
1238
1608
1767
1785
1549
1120
644
100
-453
-836
-906
-843
-758
-744
-887
-911
-982
-1093
-1105
-1192
-1301
-1234
-948
-727
-402
4
236
359
229
36
-30
-187
-386
-579
-849
-1160
-1479
-1969
-2610
-3321
-4122
-4877
-5640
-6071
-5902
-5339
-4344
-3075
-1741
-320
1115
2319
3029
3071
2576
1850
1001
31
-894
-1543
-1895
-2051
-1956
-1547
-1057
-580
-148
14
-73
-226
-266
-118
139
614
1286
1939
2639
3355
3958
4336
4343
3978
3160
2232
1567
1016
644
474
394
451
767
1167
1475
1726
1745
1708
1634
1460
1537
1659
1801
2067
2237
2395
2428
2286
2051
1561
865
63
-620
-952
-960
-671
-377
2
549
1040
1456
1634
1594
1382
920
407
-15
-408
-561
-575
-560
-412
-471
-527
-474
-477
-567
-820
-1017
-1153
-1094
-780
-460
-115
257
450
429
354
190
-150
-624
-1149
-1653
-1982
-1972
-1700
-1259
-702
-86
458
904
1263
1444
1443
1185
740
158
-463
-846
-1141
-1323
-1328
-1424
-1452
-1334
-1239
-1197
-1248
-1394
-1437
-1345
-1193
-887
-582
-295
94
300
334
320
272
280
118
-212
-539
-854
-1186
-1606
-2233
-2938
-3730
-4559
-5095
-5417
-5479
-5050
-4215
-3153
-1974
-729
608
1797
2691
3072
2754
2167
1492
820
127
-602
-1184
-1576
-1625
-1488
-1290
-865
-466
-148
71
-4
14
158
275
496
644
960
1541
2123
2740
3233
3588
3741
3506
2985
2397
1763
1224
872
459
251
373
752
1299
1662
1934
2074
2085
2030
1847
1691
1499
1355
1380
1452
1455
1459
1521
1570
1492
1052
507
74
-119
-165
-269
-164
93
519
918
1236
1529
1513
1443
1229
819
373
-94
-366
-613
-730
-817
-977
-867
-816
-706
-610
-788
-806
-862
-818
-567
-453
-264
30
259
364
405
297
48
-273
-782
-1297
-1685
-1825
-1773
-1520
-963
-316
422
979
1329
1624
1633
1287
647
-78
-787
-1403
-1859
-2120
-2131
-2024
-1767
-1462
-1310
-1218
-1099
-982
-959
-1031
-1103
-1117
-1017
-753
-364
-4
133
268
479
650
728
487
23
-437
-876
-1401
-2079
-2888
-3569
-3987
-4403
-4748
-4886
-4564
-3578
-2444
-1465
-489
491
1508
2435
2831
2745
2288
1591
1035
305
-527
-1121
-1465
-1472
-1458
-1342
-930
-409
28
200
89
-19
12
-49
-48
99
344
839
1465
2038
2638
3188
3518
3567
3145
2519
2010
1633
1315
830
523
716
1099
1522
1919
2196
2239
2198
2108
1820
1458
1205
1285
1407
1433
1496
1569
1787
1921
1784
1394
819
399
155
-122
-259
-143
65
374
742
1074
1277
1297
1178
782
234
-314
-685
-844
-1007
-1062
-1001
-955
-916
-825
-723
-684
-746
-889
-1017
-1104
-1004
-688
-323
-62
31
123
198
36
-242
-671
-1216
-1560
-1741
-1727
-1446
-1006
-296
532
1159
1593
1858
1983
1746
1231
601
-312
-1069
-1533
-1834
-1856
-1798
-1643
-1200
-805
-595
-359
-307
-423
-561
-619
-566
-524
-377
-119
169
374
419
438
434
262
-3
-257
-586
-904
-1081
-1294
-1632
-2064
-2609
-3134
-3590
-4033
-4389
-4378
-3843
-3086
-2229
-1248
-185
889
1692
2103
1990
1509
955
160
-719
-1494
-1961
-1977
-1737
-1308
-814
-151
578
1077
1187
867
510
247
-61
-394
-540
-372
160
844
1512
2167
2731
3288
3520
3257
2639
1988
1624
1286
906
777
969
1322
1856
2283
2444
2606
2532
2298
1885
1253
821
537
382
397
464
679
993
1291
1488
1389
1141
959
673
388
217
76
89
248
454
684
831
888
971
879
543
179
-158
-365
-440
-538
-485
-328
-227
-271
-494
-692
-864
-960
-1061
-1178
-1107
-785
-333
-22
128
285
380
234
-21
-330
-692
-945
-1020
-958
-887
-637
-97
455
894
1161
1259
1184
918
552
-26
-699
-1162
-1501
-1759
-1858
-1778
-1410
-947
-651
-293
-32
21
108
106
44
-82
-239
-354
-360
-255
-258
-313
-463
-695
-804
-915
-912
-841
-902
-818
-766
-840
-985
-1327
-1880
-2558
-3136
-3693
-4127
-4203
-3752
-2989
-2180
-1284
-595
74
799
1167
1113
620
-22
-594
-1109
-1413
-1441
-1287
-979
-479
9
472
916
1090
944
595
204
-165
-445
-628
-621
-299
296
918
1472
2239
2953
3352
3439
3107
2580
2067
1711
1493
1288
1133
1168
1470
1903
2232
2405
2475
2391
2087
1547
1067
690
451
392
265
297
528
823
1137
1320
1281
931
610
428
183
61
14
-23
56
285
541
783
991
1012
932
655
348
90
-247
-496
-727
-919
-1003
-1033
-1027
-955
-776
-602
-526
-492
-283
7
191
312
327
336
458
526
387
242
36
-170
-226
-440
-627
-652
-524
-273
-36
264
418
568
774
775
631
356
19
-426
-888
-1181
-1299
-1294
-1192
-1003
-811
-458
-145
-164
-198
-276
-396
-472
-697
-858
-948
-1078
-1005
-940
-998
-858
-694
-594
-455
-368
-275
-270
-556
-1009
-1581
-2310
-2980
-3548
-4070
-4423
-4405
-3876
-2985
-2088
-1330
-587
186
790
1115
1013
553
77
-363
-747
-1067
-1112
-796
-450
-177
153
573
880
990
891
425
-91
-472
-804
-900
-849
-514
142
833
1595
2328
2994
3488
3591
3243
2680
2107
1667
1357
1080
974
1020
1398
1891
2174
2273
2121
1880
1489
914
423
32
-144
42
245
456
872
1314
1673
1783
1472
968
443
56
-155
-351
-434
-238
156
609
1109
1366
1450
1407
1085
730
239
-273
-590
-815
-854
-763
-633
-463
-316
-270
-314
-367
-486
-665
-751
-681
-586
-423
-88
237
525
745
822
672
328
43
-255
-582
-874
-975
-832
-599
-204
209
514
736
811
660
275
-132
-605
-1190
-1579
-1794
-1786
-1477
-1082
-638
-216
34
211
278
132
-23
-219
-484
-598
-678
-675
-550
-503
-470
-511
-537
-453
-272
-106
-125
-137
-178
-312
-521
-940
-1621
-2236
-2750
-3411
-3989
-4228
-3913
-3143
-2344
-1608
-834
-47
682
1218
1290
894
493
93
-386
-660
-759
-620
-270
61
296
591
917
1014
739
15
-771
-1241
-1573
-1734
-1641
-1266
-500
376
1297
2174
2764
3256
3473
3094
2457
1901
1507
1322
1088
882
914
1180
1665
1889
1771
1540
1078
502
-36
-472
-638
-571
-261
254
755
1350
1912
2243
2178
1707
1142
485
-8
-335
-474
-377
-331
8
599
1196
1701
1798
1669
1457
1049
646
355
170
111
93
132
159
202
243
226
77
-255
-539
-758
-871
-805
-545
-276
26
464
742
896
913
805
505
64
-239
-588
-848
-866
-795
-566
-180
152
489
785
726
484
96
-367
-751
-1110
-1439
-1589
-1504
-1336
-1029
-687
-419
-166
-19
-95
-240
-351
-483
-591
-677
-804
-824
-610
-378
-273
-239
-227
-183
-27
39
112
172
34
-104
-427
-948
-1518
-2120
-2746
-3408
-3992
-4288
-4054
-3343
-2435
-1664
-923
-148
453
888
961
722
377
-105
-519
-742
-852
-677
-353
-144
-23
20
76
29
-133
-578
-1206
-1601
-1747
-1606
-1295
-876
-251
625
1457
2084
2668
3109
3310
3115
2556
1998
1547
1364
1294
1163
1163
1233
1462
1679
1813
1801
1428
1007
657
360
226
358
663
904
1220
1543
1761
2013
2023
1750
1261
607
143
-36
22
80
126
415
717
980
1198
1139
1014
875
623
379
247
226
228
370
370
164
76
-94
-364
-610
-897
-1124
-1136
-1018
-766
-435
-78
366
699
891
852
661
482
115
-261
-505
-760
-932
-892
-758
-625
-405
-118
110
218
246
129
-109
-248
-539
-788
-890
-1079
-1043
-964
-825
-614
-572
-459
-397
-473
-497
-513
-581
-659
-624
-519
-549
-594
-513
-503
-596
-687
-796
-786
-642
-460
-227
28
355
576
386
-61
-670
-1396
-2081
-2809
-3584
-4165
-4313
-3949
-3273
-2579
-1811
-1077
-488
73
344
336
171
-93
-369
-725
-914
-952
-820
-504
-301
-128
-1
116
315
367
178
-79
-282
-481
-543
-496
-336
72
506
910
1415
1951
2502
2887
2940
2829
2531
2249
2196
2158
2102
2046
2084
2268
2382
2447
2402
2208
2038
1700
1260
896
668
680
729
790
924
997
1173
1355
1185
911
712
493
316
115
-65
-50
-2
26
199
372
420
562
700
591
408
265
51
-252
-601
-969
-1335
-1611
-1703
-1622
-1538
-1366
-1070
-841
-531
-269
-58
123
198
272
216
88
-50
-147
-262
-486
-678
-878
-1016
-1015
-1025
-959
-753
-482
-77
316
550
728
786
635
401
47
-359
-694
-1000
-1113
-1139
-1034
-714
-432
-159
-11
82
96
-48
-77
-192
-437
-621
-748
-866
-883
-760
-587
-304
-81
171
444
711
1050
1052
809
393
-322
-1087
-1791
-2512
-3242
-3838
-4221
-4285
-3981
-3384
-2588
-1799
-1201
-718
-298
93
331
273
7
-374
-676
-820
-833
-694
-518
-460
-325
-159
-75
152
326
159
-301
-699
-920
-1007
-849
-664
-381
63
569
1240
1912
2567
3021
3093
2988
2853
2739
2704
2762
2706
2495
2338
2323
2401
2491
2434
2127
1638
1216
850
570
438
356
373
407
622
1013
1402
1797
1910
1766
1502
1174
899
664
462
128
-43
65
237
555
890
1051
1047
913
660
454
104
-391
-801
-1219
-1572
-1743
-1816
-1774
-1563
-1302
-1051
-699
-249
175
486
600
635
593
507
424
148
-231
-628
-1043
-1333
-1535
-1721
-1669
-1556
-1538
-1321
-1056
-754
-413
-199
-111
-9
107
101
-9
-211
-401
-581
-700
-649
-565
-492
-342
-171
-36
-88
-135
-60
-173
-355
-610
-838
-910
-905
-724
-545
-301
177
582
1003
1382
1590
1861
1900
1553
1035
441
-255
-984
-1808
-2759
-3468
-3921
-4197
-4149
-3754
-3126
-2399
-1734
-1131
-427
230
658
814
589
303
203
43
-60
-108
-180
-163
-223
-280
-247
-238
-279
-472
-850
-1203
-1319
-1241
-1050
-742
-352
77
648
1331
1973
2570
2987
3128
3068
2826
2590
2590
2530
2202
1891
1766
1860
2137
2218
2043
1759
1233
690
308
-14
-226
-383
-405
-199
59
601
1294
1765
2045
1936
1643
1367
1074
724
246
-147
-476
-561
-336
-87
191
346
443
562
483
295
15
-271
-559
-934
-1252
-1388
-1202
-980
-793
-597
-399
29
428
689
755
584
536
482
218
-60
-230
-468
-727
-958
-1371
-1571
-1598
-1718
-1662
-1610
-1460
-1034
-601
-99
356
600
860
1030
983
724
295
-63
-306
-487
-639
-679
-665
-539
-349
-350
-311
-335
-417
-389
-487
-553
-452
-306
-85
124
233
492
858
1119
1307
1376
1395
1379
1435
1393
1018
458
-242
-956
-1638
-2334
-2998
-3609
-4183
-4511
-4458
-4074
-3313
-2393
-1629
-1142
-632
37
479
697
615
264
-51
-269
-293
-278
-291
-258
-230
-186
-147
-64
-18
-172
-613
-1163
-1481
-1566
-1289
-933
-650
-131
499
1297
2185
2806
3155
3313
3097
2760
2479
2211
2127
2036
1780
1538
1561
1627
1667
1657
1379
956
480
134
-3
-89
-104
8
122
395
895
1333
1676
1838
1725
1477
1144
817
605
427
167
-96
-188
-161
109
395
405
364
197
69
-57
-305
-427
-575
-843
-1003
-990
-872
-721
-629
-529
-458
-339
-92
35
145
309
354
230
111
52
-145
-403
-716
-1000
-1310
-1653
-1697
-1620
-1478
-1195
-892
-479
26
503
926
1165
1239
1213
1065
906
703
430
196
-75
-369
-435
-336
-227
-168
-137
-171
-255
-191
-131
-183
-192
-158
-274
-329
-118
185
542
841
996
1121
1303
1536
1656
1481
1024
311
-533
-1357
-2231
-3104
-3931
-4713
-5380
-5666
-5283
-4517
-3588
-2637
-1855
-1111
-334
456
915
906
621
-3
-584
-786
-903
-919
-902
-939
-913
-804
-514
-267
-329
-724
-1220
-1640
-1771
-1508
-1130
-721
-158
535
1328
2302
3224
3902
4044
3626
3085
2553
2225
2029
1735
1476
1278
1309
1652
2097
2401
2299
1977
1484
973
677
406
297
326
491
741
1126
1882
2489
2736
2589
2104
1621
1189
778
345
-18
-356
-560
-350
99
452
682
801
678
416
130
-140
-513
-984
-1391
-1740
-1825
-1649
-1278
-917
-656
-356
-226
-96
72
183
203
-8
-220
-364
-413
-432
-568
-723
-1041
-1419
-1678
-1846
-1819
-1822
-1751
-1474
-1034
-410
210
857
1342
1589
1653
1558
1453
1204
896
570
172
-144
-306
-214
53
262
278
178
104
123
216
203
161
190
174
200
365
663
995
1108
1087
1129
1234
1376
1467
1475
1066
310
-546
-1502
-2295
-3183
-4138
-5115
-6013
-6316
-5984
-5092
-4056
-3055
-2125
-1315
-476
359
1036
1053
558
-6
-595
-987
-1211
-1264
-1259
-1357
-1358
-1297
-1004
-679
-679
-913
-1443
-1898
-2032
-1884
-1422
-904
-324
352
1126
2201
3167
3834
4135
3809
3328
2865
2400
2193
2097
1796
1431
1317
1505
1968
2234
2147
1875
1309
797
433
217
215
215
295
660
1162
1729
2289
2602
2670
2284
1747
1333
871
566
215
-221
-443
-473
-243
165
524
717
603
425
307
172
46
-160
-378
-587
-727
-781
-703
-520
-453
-469
-584
-599
-492
-430
-210
-34
41
110
128
233
265
129
-168
-715
-1228
-1462
-1589
-1597
-1502
-1394
-1055
-465
218
829
1254
1489
1521
1378
1049
624
243
-194
-556
-864
-1064
-836
-608
-429
-227
-240
-181
-67
71
247
245
190
130
67
188
403
542
606
524
309
269
413
502
468
332
-73
-755
-1456
-2185
-2747
-3399
-4377
-5212
-5699
-5615
-4937
-3902
-2914
-2070
-1136
-179
714
1294
1507
1313
648
-164
-775
-1161
-1307
-1295
-1385
-1354
-1148
-735
-137
94
-28
-267
-791
-1253
-1267
-1030
-605
-39
442
1028
1927
2879
3735
4225
4130
3584
2949
2472
2099
1842
1520
1238
1114
1253
1706
2083
2263
2197
1816
1236
737
453
283
131
126
237
492
1038
1585
2086
2279
1971
1544
1138
839
629
377
165
-23
-44
153
454
724
763
676
413
67
-213
-454
-621
-750
-891
-993
-963
-790
-502
-321
-329
-434
-483
-488
-386
-228
-245
-167
-158
-160
51
189
242
-10
-425
-733
-1036
-1263
-1436
-1436
-1428
-1228
-686
-177
471
1001
1228
1307
1096
797
466
72
-239
-606
-837
-880
-819
-594
-301
40
177
144
153
195
142
99
2
-268
-395
-424
-194
122
233
434
545
569
784
986
1023
893
521
-203
-1100
-1949
-2728
-3443
-4323
-5124
-5459
-5317
-4648
-3632
-2626
-1732
-933
-221
453
889
1002
775
223
-426
-953
-1190
-1087
-824
-692
-638
-550
-295
16
180
108
-379
-892
-1290
-1526
-1384
-966
-391
181
791
1523
2525
3471
3992
4214
3870
3309
2801
2310
2017
1683
1426
1309
1363
1703
2114
2346
2347
2069
1552
1059
620
359
252
178
254
435
685
1119
1539
1651
1533
1202
893
667
436
348
177
-44
-78
66
259
341
458
526
298
82
-4
-108
-161
-260
-418
-624
-890
-1030
-1056
-1068
-1078
-1046
-982
-853
-594
-343
-161
24
141
110
133
178
31
-217
-628
-1073
-1287
-1439
-1555
-1556
-1456
-1208
-767
-215
419
961
1217
1422
1498
1291
964
571
124
-378
-817
-1007
-1021
-875
-538
-241
-31
19
23
255
419
362
147
-152
-353
-374
-274
-79
120
223
466
759
1038
1347
1496
1388
830
8
-885
-1863
-2709
-3652
-4653
-5475
-5987
-5778
-5020
-3907
-2684
-1706
-916
-113
661
1144
1279
959
401
-175
-662
-795
-749
-583
-356
-280
-168
-16
167
319
118
-339
-866
-1339
-1567
-1521
-1123
-605
-67
652
1381
2266
3096
3620
3841
3515
2974
2472
2167
2063
1795
1479
1363
1456
1739
2072
2201
2052
1792
1398
865
544
299
128
159
106
232
542
911
1443
1712
1657
1412
1034
830
650
346
82
-82
-159
-123
148
409
508
521
435
296
85
-110
-279
-532
-777
-919
-1016
-1016
-927
-844
-738
-647
-573
-536
-387
-217
-136
6
37
23
-49
-63
-128
-376
-634
-1063
-1376
-1562
-1624
-1530
-1455
-1220
-833
-238
419
986
1339
1336
1227
968
597
341
-3
-431
-751
-950
-964
-752
-457
-241
-101
-14
38
155
205
194
65
-242
-357
-354
-233
11
195
429
567
712
1012
1211
1353
1423
1200
526
-424
-1331
-2095
-2819
-3704
-4518
-5147
-5259
-4662
-3725
-2694
-1743
-914
-209
489
1014
1211
1046
545
-27
-560
-960
-926
-726
-562
-317
-249
-119
48
222
275
-155
-646
-1075
-1413
-1512
-1268
-774
-232
448
1152
1881
2712
3442
3796
3654
3153
2627
2252
2003
1733
1386
1282
1293
1372
1659
1863
1933
1735
1280
733
211
-144
-268
-208
-105
135
506
1013
1570
1942
2036
1718
1218
778
373
94
-101
-315
-438
-303
-30
213
526
719
701
591
362
143
-131
-364
-489
-712
-832
-866
-909
-882
-828
-821
-800
-691
-708
-669
-426
-183
18
11
33
89
48
73
-133
-464
-731
-960
-1128
-1252
-1136
-940
-771
-487
-146
329
777
938
849
698
546
284
67
-162
-467
-695
-932
-942
-601
-299
22
399
499
495
506
432
421
359
121
-151
-413
-531
-431
-302
-213
-91
71
305
679
1049
1321
1331
1047
544
-343
-1264
-2055
-2853
-3583
-4482
-5125
-5147
-4676
-3777
-2811
-1921
-1190
-514
114
549
688
489
156
-383
-816
-997
-1032
-719
-356
-159
-56
54
290
514
380
-47
-552
-1101
-1366
-1272
-873
-289
290
908
1580
2362
3120
3609
3717
3525
3024
2440
2179
2021
1979
1951
1755
1781
1928
2183
2417
2231
1746
1104
546
137
-155
-210
-57
180
359
635
1102
1653
2096
2114
1639
993
473
119
-152
-404
-662
-853
-749
-400
-112
231
523
499
390
146
-238
-447
-575
-913
-1337
-1625
-1720
-1580
-1338
-1113
-885
-725
-593
-263
78
392
557
389
286
169
62
10
-105
-363
-747
-1025
-1318
-1456
-1379
-1209
-1028
-848
-452
-15
454
993
1317
1337
1214
1079
829
516
246
-6
-325
-684
-743
-573
-359
-125
-38
-74
-106
-28
81
96
11
-200
-457
-583
-536
-467
-370
-160
142
558
933
1290
1691
1856
1666
1084
220
-673
-1739
-2879
-3854
-4825
-5633
-6027
-5789
-4928
-3822
-2701
-1809
-1105
-389
230
610
646
360
-51
-467
-668
-576
-280
89
313
568
843
1001
1032
754
250
-385
-1129
-1688
-1878
-1800
-1323
-565
113
851
1672
2509
3217
3568
3530
3133
2636
2292
2177
2102
2021
2015
2056
2215
2491
2602
2443
2072
1498
830
90
-504
-815
-880
-736
-376
46
504
1159
1757
2097
2093
1841
1428
953
565
220
-66
-290
-275
-31
242
516
717
770
676
421
97
-274
-718
-1099
-1369
-1421
-1432
-1436
-1246
-986
-604
-273
-92
50
206
404
459
552
602
346
158
38
-229
-544
-980
-1351
-1646
-1902
-1912
-1801
-1529
-1086
-532
100
658
1181
1629
1808
1825
1601
1199
814
286
-99
-362
-668
-756
-680
-534
-436
-290
-125
-161
-179
-179
-109
-29
-217
-303
-331
-352
-184
-24
218
440
642
925
1163
1262
1248
1275
1067
537
-235
-1305
-2429
-3458
-4356
-5212
-5976
-6284
-6110
-5472
-4408
-3195
-2030
-975
-47
671
1207
1428
1210
755
207
-198
-402
-525
-388
-249
-117
167
253
368
356
2
-421
-950
-1448
-1738
-1683
-1313
-747
34
842
1682
2597
3340
3858
4027
3778
3325
2741
2292
2078
1901
1790
1707
1752
1931
2015
2022
1765
1220
677
69
-550
-858
-970
-859
-450
59
729
1521
2190
2631
2813
2564
2029
1438
753
204
-153
-541
-702
-546
-343
81
551
740
847
842
637
312
-181
-598
-953
-1277
-1407
-1456
-1314
-1097
-764
-223
137
315
435
376
373
463
421
225
-103
-328
-542
-754
-943
-1269
-1539
-1797
-1927
-1879
-1775
-1470
-1080
-601
4
541
947
1248
1504
1591
1354
864
248
-237
-517
-703
-879
-981
-955
-774
-436
-129
70
113
122
155
157
230
292
306
380
448
523
710
828
974
1227
1283
1200
981
718
549
230
-359
-1251
-2316
-3207
-3929
-4508
-4977
-5432
-5424
-4897
-4054
-2997
-2002
-1075
-249
495
1037
1255
1231
967
573
134
-342
-611
-708
-818
-743
-569
-496
-458
-366
-300
-485
-864
-1157
-1368
-1357
-983
-523
70
804
1552
2355
3065
3630
3849
3602
3194
2745
2349
2034
1767
1582
1504
1621
1767
1812
1871
1718
1342
943
333
-223
-582
-760
-650
-443
-12
480
1008
1682
2245
2514
2378
2014
1547
1000
492
-7
-560
-904
-937
-757
-368
8
331
618
769
727
538
153
-369
-678
-959
-1214
-1339
-1339
-1058
-656
-219
145
395
559
687
842
947
776
376
10
-294
-552
-793
-1070
-1412
-1691
-1767
-1668
-1524
-1332
-1058
-683
-238
198
615
970
1197
1371
1404
1205
941
578
145
-253
-583
-903
-1165
-1261
-1226
-1055
-807
-556
-346
-40
248
402
555
538
466
488
389
204
72
79
310
618
799
792
762
744
626
376
-151
-930
-1819
-2715
-3461
-3988
-4513
-4949
-5085
-4910
-4259
-3293
-2328
-1535
-819
-60
568
874
872
709
446
157
-159
-414
-526
-451
-313
-225
-118
-169
-210
-238
-381
-530
-773
-984
-1043
-861
-458
89
750
1362
1828
2285
2812
3215
3381
3225
2912
2651
2346
2173
2093
1963
1940
1924
1843
1758
1648
1409
1102
712
192
-169
-434
-582
-486
-238
67
391
866
1418
1807
1946
1877
1630
1352
1093
726
291
-28
-254
-408
-322
-224
-88
202
386
536
525
371
165
-159
-339
-535
-817
-963
-1074
-1008
-802
-637
-394
-134
185
495
600
590
433
178
-149
-580
-894
-1207
-1555
-1765
-1850
-1767
-1644
-1444
-1171
-908
-475
-37
291
616
858
1015
1118
1101
925
744
536
299
107
-157
-389
-615
-715
-539
-332
-245
-134
101
321
583
783
870
876
784
761
623
450
414
399
423
596
720
576
526
572
433
-13
-877
-1922
-2906
-3759
-4488
-5173
-5721
-5851
-5492
-4688
-3528
-2416
-1481
-682
34
625
901
910
648
247
-208
-522
-590
-666
-560
-321
-183
-128
-148
-52
21
-93
-259
-579
-894
-836
-459
77
668
1197
1795
2439
2973
3434
3655
3488
3071
2601
2342
2200
2008
1856
1686
1646
1776
1921
1920
1718
1424
1058
643
67
-345
-485
-589
-449
-193
140
590
1066
1540
1752
1746
1601
1308
1005
671
235
-228
-518
-577
-416
-187
-8
239
469
712
886
896
742
366
-20
-383
-661
-805
-1021
-1183
-1149
-1050
-788
-412
-78
167
352
527
547
453
353
48
-409
-841
-1328
-1689
-1925
-2016
-1964
-1960
-1791
-1494
-1095
-470
201
593
798
1037
1187
1322
1347
1171
802
278
-23
-231
-482
-553
-614
-631
-490
-245
45
290
489
545
544
553
516
460
413
324
222
173
292
563
762
941
979
891
816
600
184
-509
-1575
-2735
-3666
-4405
-4918
-5350
-5609
-5415
-4792
-3835
-2822
-1824
-987
-346
131
410
592
480
251
-75
-515
-683
-654
-583
-454
-310
-264
-269
-170
-85
-96
-218
-445
-603
-690
-530
3
602
1134
1640
2148
2754
3296
3675
3839
3509
2991
2559
2284
2142
1890
1623
1349
1259
1370
1489
1496
1356
1229
973
619
315
103
56
23
48
224
444
829
1237
1505
1621
1426
1175
978
677
468
217
-264
-582
-628
-508
-248
-22
-10
14
279
515
600
507
229
-134
-355
-475
-759
-960
-1016
-1022
-906
-686
-385
-37
262
461
603
578
370
135
-114
-420
-833
-1240
-1575
-1769
-1702
-1574
-1366
-1053
-829
-457
75
515
842
929
962
1033
937
763
542
252
-42
-310
-603
-803
-961
-1120
-1056
-920
-766
-535
-335
-146
55
298
479
527
663
739
684
686
651
541
377
403
476
352
247
165
-19
-419
-971
-1697
-2582
-3388
-4065
-4612
-5004
-5054
-4708
-4013
-2998
-1971
-1129
-447
197
668
851
872
533
94
-273
-637
-781
-854
-735
-529
-437
-266
-81
25
22
-97
-279
-443
-537
-570
-357
136
675
1265
1752
2214
2731
3076
3267
3122
2663
2122
1766
1654
1577
1468
1372
1384
1479
1699
1893
1759
1436
1041
573
263
93
-48
-16
69
288
741
1156
1562
1909
2016
1938
1675
1322
1013
710
288
-143
-435
-608
-476
-178
67
233
252
324
274
237
277
23
-269
-517
-611
-573
-586
-554
-484
-334
-184
-81
118
350
447
478
455
328
137
-91
-392
-753
-1137
-1555
-1902
-1987
-1922
-1804
-1519
-1196
-832
-425
81
592
874
1040
1064
1009
881
584
295
-19
-385
-600
-740
-820
-822
-795
-625
-461
-369
-200
-106
-118
-52
39
109
149
216
345
400
490
628
707
756
676
622
561
362
180
-177
-819
-1553
-2366
-3178
-3844
-4405
-4705
-4882
-4886
-4431
-3662
-2664
-1717
-938
-333
179
647
858
840
613
336
73
-195
-317
-368
-300
-104
-2
93
250
231
122
-20
-269
-464
-597
-567
-194
283
764
1335
1932
2550
3101
3463
3591
3410
2942
2553
2249
2006
1877
1521
1314
1414
1559
1709
1670
1500
1233
781
333
63
-164
-332
-368
-259
41
502
991
1468
1881
2012
1916
1706
1427
1098
660
88
-446
-759
-868
-773
-509
-259
-125
-65
16
122
178
104
-185
-474
-630
-727
-713
-638
-571
-489
-340
-142
80
305
390
327
311
260
101
-56
-343
-659
-935
-1362
-1681
-1781
-1801
-1689
-1606
-1538
-1295
-900
-424
-6
357
646
794
867
913
846
646
335
-98
-417
-638
-772
-771
-768
-702
-570
-329
-83
83
219
283
297
321
343
334
381
357
238
259
267
218
258
228
134
95
34
-114
-316
-687
-1278
-1872
-2483
-3176
-3772
-4158
-4471
-4627
-4415
-3857
-3078
-2335
-1600
-806
-219
173
448
577
482
250
73
-88
-153
-98
10
90
214
390
538
661
670
610
391
109
-42
-126
-95
110
416
856
1400
1975
2559
3014
3297
3305
3111
2844
2580
2369
2145
1972
1778
1707
1730
1695
1611
1323
944
581
230
-213
-583
-688
-754
-558
-181
79
559
1158
1569
2009
2293
2160
1966
1638
1121
689
123
-336
-592
-762
-695
-685
-606
-467
-456
-301
-214
-307
-423
-638
-724
-725
-824
-796
-714
-653
-462
-229
-18
110
209
317
342
474
431
179
-40
-418
-762
-1124
-1486
-1787
-2070
-2192
-2147
-1907
-1668
-1216
-577
-64
417
885
1179
1321
1361
1263
1151
871
468
17
-416
-706
-937
-1002
-938
-794
-680
-470
-124
45
239
368
326
352
320
357
536
669
741
684
556
495
400
243
95
-79
-270
-444
-591
-729
-1068
-1554
-1977
-2529
-3069
-3405
-3702
-3935
-3965
-3771
-3458
-2912
-2181
-1471
-801
-278
48
363
597
632
562
285
16
-59
-97
-67
38
109
129
284
443
583
759
697
543
395
189
64
166
457
688
892
1246
1703
2171
2505
2714
2778
2658
2567
2527
2454
2341
2242
2006
1671
1414
1184
946
632
308
-93
-492
-737
-827
-721
-562
-300
133
619
1148
1619
1924
2074
2060
1754
1339
974
460
-65
-466
-765
-936
-886
-698
-540
-223
-96
-133
-39
-193
-311
-414
-713
-861
-972
-922
-720
-524
-125
125
258
506
697
768
654
404
4
-420
-820
-1255
-1597
-1830
-1959
-1995
-1948
-1805
-1648
-1430
-1116
-876
-608
-240
191
634
1042
1433
1635
1754
1773
1551
1346
971
416
-41
-477
-761
-837
-820
-719
-456
-160
113
464
715
897
1016
1075
1148
1060
965
916
806
764
718
583
463
390
376
252
-26
-317
-698
-1181
-1825
-2440
-2870
-3296
-3621
-3877
-4065
-3952
-3681
-3395
-2894
-2323
-1800
-1199
-766
-445
-61
229
322
196
127
-25
-285
-281
-362
-464
-414
-344
-163
5
108
251
381
453
458
401
399
486
576
662
845
1068
1346
1717
2083
2434
2639
2734
2780
2721
2563
2375
2125
1742
1442
1104
783
697
539
344
140
-83
-192
-188
-126
-104
-6
152
452
901
1226
1427
1577
1502
1192
888
587
206
-157
-443
-718
-892
-950
-907
-751
-532
-391
-328
-242
-216
-180
-253
-407
-453
-481
-552
-509
-368
-192
35
134
191
362
423
259
16
-317
-633
-904
-1213
-1442
-1577
-1674
-1584
-1405
-1260
-1042
-926
-666
-330
-116
257
616
931
1274
1520
1749
1915
1954
1843
1462
907
337
-133
-582
-887
-1014
-1046
-837
-553
-151
328
684
980
1068
1001
983
892
790
634
435
399
328
272
318
353
192
-119
-255
-345
-498
-802
-1234
-1743
-2313
-2701
-3069
-3326
-3480
-3665
-3659
-3548
-3204
-2570
-1887
-1381
-1081
-783
-474
-162
108
189
86
-155
-410
-515
-449
-301
-217
-164
-180
-167
93
427
679
696
590
489
397
451
573
755
842
858
955
1201
1615
1975
2182
2211
2106
2054
2131
2255
2248
1969
1645
1386
1214
1126
961
816
559
179
-30
-83
-17
115
183
227
389
598
850
1186
1386
1415
1252
1004
834
730
521
178
-163
-501
-639
-635
-534
-324
-165
-127
-109
22
60
24
-74
-304
-443
-558
-667
-634
-578
-381
-71
68
148
311
380
243
44
-234
-559
-871
-1214
-1434
-1589
-1732
-1720
-1520
-1282
-1093
-866
-608
-251
115
427
701
919
1181
1368
1503
1601
1516
1311
1022
617
299
-11
-341
-482
-576
-534
-344
-73
365
753
937
1005
988
899
816
746
639
450
210
80
105
159
158
60
-127
-343
-538
-630
-838
-1250
-1688
-2239
-2766
-3043
-3269
-3427
-3425
-3553
-3591
-3323
-2985
-2449
-1892
-1564
-1266
-1051
-706
-251
-47
-21
-177
-341
-451
-455
-261
-138
-86
-54
-25
105
371
686
846
766
671
613
580
694
833
967
989
1049
1186
1398
1758
1951
2038
2019
1973
2052
2128
2149
2089
1876
1574
1382
1203
1069
1037
781
460
357
256
247
371
429
487
556
668
852
1005
1185
1239
1176
1187
1114
1009
826
497
223
-18
-225
-281
-293
-253
-100
44
178
292
295
239
121
-147
-426
-606
-786
-948
-985
-921
-782
-422
-65
115
292
294
89
-211
-525
-799
-1151
-1534
-1766
-1797
-1728
-1505
-1291
-1150
-862
-671
-579
-376
-171
36
157
299
587
899
1243
1390
1439
1380
1044
745
463
253
55
-138
-193
-130
111
356
674
871
845
857
745
623
568
516
441
297
264
272
400
552
547
459
218
-72
-382
-597
-836
-1277
-1748
-2231
-2656
-2891
-3038
-3177
-3324
-3508
-3558
-3378
-3061
-2725
-2348
-2042
-1728
-1322
-957
-531
-252
-221
-279
-385
-412
-387
-369
-329
-343
-364
-288
-222
-152
-28
21
7
-18
16
212
408
586
782
985
1161
1325
1625
1814
1955
2182
2267
2273
2303
2424
2398
2184
1951
1743
1579
1418
1279
1010
792
709
599
608
756
885
944
1016
1095
1155
1210
1244
1206
1081
953
876
776
575
448
300
28
-85
-128
-93
-37
-111
-102
-42
41
70
34
-20
-231
-451
-620
-760
-900
-1024
-1002
-915
-763
-508
-178
75
179
183
-1
-198
-387
-709
-1031
-1359
-1654
-1727
-1519
-1266
-1080
-928
-831
-683
-420
-103
123
243
299
394
614
922
1226
1380
1436
1335
1046
781
525
296
11
-289
-406
-415
-256
76
344
480
571
516
533
678
619
462
307
176
147
266
432
547
555
393
205
-10
-178
-313
-602
-1141
-1798
-2254
-2541
-2754
-2917
-3198
-3481
-3521
-3400
-3073
-2679
-2296
-1846
-1598
-1333
-875
-413
-52
-18
-158
-280
-287
-254
-328
-365
-526
-645
-586
-505
-292
-87
-39
-56
-16
71
255
437
493
547
597
671
901
1225
1521
1714
1838
1964
2128
2298
2418
2479
2338
2128
1977
1820
1765
1553
1296
1142
832
692
695
680
740
715
751
881
997
1151
1230
1272
1316
1178
1027
1005
907
690
410
163
39
-52
-65
-46
-101
-108
-153
-138
-84
-102
-206
-506
-795
-970
-973
-947
-1019
-942
-820
-741
-486
-266
-100
35
-65
-239
-359
-420
-533
-727
-957
-1161
-1195
-1171
-1113
-921
-817
-809
-693
-473
-205
35
253
483
623
858
1213
1397
1487
1405
1094
731
370
85
-146
-474
-711
-834
-836
-485
-127
193
505
613
730
850
847
829
720
523
308
152
204
289
366
395
347
290
186
114
-157
-609
-1104
-1732
-2200
-2638
-2978
-3048
-3104
-3185
-3204
-3018
-2642
-2119
-1684
-1461
-1252
-954
-564
-309
-150
-26
-138
-304
-359
-274
-230
-299
-314
-352
-374
-318
-162
7
50
73
143
163
262
454
686
849
887
1107
1324
1502
1732
1772
1799
1897
1959
2021
2001
1988
1970
1762
1622
1543
1498
1395
1033
742
564
475
470
537
634
642
653
704
879
1079
1206
1126
939
960
888
682
475
264
44
-214
-382
-439
-402
-393
-406
-433
-498
-369
-209
-160
-126
-210
-413
-542
-543
-593
-689
-809
-883
-812
-623
-334
-132
19
75
-30
-91
-127
-178
-327
-673
-983
-1113
-1106
-964
-815
-666
-548
-445
-171
151
449
659
818
956
958
1072
1259
1314
1217
968
719
486
179
-41
-251
-499
-554
-482
-350
-82
234
470
647
759
815
811
789
614
319
135
9
23
112
171
274
240
44
-8
-88
-380
-778
-1292
-1897
-2457
-2811
-2996
-3153
-3230
-3167
-3032
-2826
-2473
-2115
-1819
-1567
-1387
-1176
-948
-682
-457
-378
-360
-351
-379
-342
-205
-272
-345
-384
-437
-303
-209
-93
-36
-37
90
229
436
633
821
970
1010
1114
1238
1415
1566
1628
1680
1710
1772
1863
2008
2104
1999
1810
1715
1596
1465
1420
1238
985
735
596
614
556
531
553
536
643
795
867
968
966
839
728
573
449
305
80
-126
-251
-302
-320
-269
-229
-175
-91
-96
-173
-182
-131
-254
-424
-577
-753
-883
-1048
-1020
-922
-912
-791
-642
-487
-264
-33
88
73
-71
-168
-266
-466
-659
-883
-1041
-1099
-1041
-941
-799
-540
-318
-69
152
324
495
641
800
889
967
1100
1082
941
894
828
651
478
364
266
219
156
113
233
386
474
588
660
595
551
470
356
281
148
37
-6
33
52
108
193
132
-52
-253
-504
-880
-1233
-1650
-2111
-2477
-2764
-2976
-3032
-3026
-2960
-2733
-2429
-2086
-1855
-1600
-1375
-1288
-1138
-925
-754
-660
-644
-644
-582
-611
-573
-453
-491
-487
-468
-550
-464
-312
-196
-53
73
275
590
881
1066
1253
1474
1721
1800
1822
1911
1903
1910
1835
1756
1695
1623
1677
1699
1665
1582
1472
1351
1218
1156
1047
884
785
701
616
620
772
903
925
950
980
962
890
767
630
500
330
142
11
-100
-172
-178
-198
-169
-161
-133
-57
-57
-74
-138
-179
-264
-423
-422
-452
-580
-629
-670
-661
-621
-580
-541
-427
-320
-338
-270
-262
-214
-199
-368
-465
-641
-777
-773
-779
-788
-795
-692
-543
-450
-248
-54
57
325
438
510
681
737
813
802
760
760
690
474
266
180
26
-96
-44
36
117
166
250
435
517
589
637
560
474
383
246
113
115
137
-7
-196
-228
-229
-459
-752
-1038
-1416
-1710
-1950
-2159
-2384
-2516
-2467
-2514
-2385
-2057
-1878
-1652
-1441
-1410
-1254
-972
-783
-645
-533
-409
-309
-304
-310
-346
-414
-473
-597
-704
-777
-818
-691
-592
-499
-264
-48
249
668
953
1190
1463
1598
1749
1896
1862
1882
1891
1800
1774
1708
1663
1553
1373
1325
1244
1112
1062
1044
1002
947
799
808
897
876
967
965
913
933
986
1037
1023
1071
987
843
795
637
537
502
342
156
-3
-81
-201
-316
-278
-288
-254
-242
-294
-163
-86
-28
51
-30
-37
-26
-106
-234
-367
-422
-493
-617
-618
-547
-571
-547
-506
-468
-386
-357
-343
-385
-465
-466
-515
-587
-554
-495
-389
-222
-62
55
168
323
387
438
416
302
319
202
34
-12
-90
-117
-47
-8
25
106
184
308
362
405
406
282
314
349
241
107
-80
-187
-262
-506
-661
-785
-950
-1063
-1286
-1401
-1539
-1648
-1627
-1735
-1771
-1810
-1887
-1775
-1682
-1606
-1446
-1351
-1130
-934
-806
-640
-557
-451
-462
-458
-374
-404
-417
-459
-479
-428
-424
-422
-313
-269
-274
-197
-152
-31
29
114
337
555
764
883
1021
1258
1411
1484
1560
1536
1431
1366
1266
1099
1049
943
864
863
772
735
702
735
755
732
774
829
843
845
934
995
995
1038
1079
1126
1145
1069
1096
1134
1099
1073
936
859
732
612
616
428
257
121
-40
-10
24
-38
-33
6
67
96
6
-112
-180
-239
-333
-392
-431
-540
-652
-612
-620
-675
-623
-619
-593
-600
-610
-547
-487
-324
-253
-295
-247
-210
-88
-17
-24
82
66
44
69
93
126
72
32
-30
-103
-157
-152
-227
-318
-261
-264
-248
-127
80
271
393
485
461
548
586
502
511
292
61
-83
-356
-525
-815
-1122
-1174
-1313
-1507
-1575
-1653
-1766
-1781
-1689
-1598
-1530
-1410
-1307
-1179
-1011
-835
-754
-771
-788
-795
-726
-719
-685
-687
-748
-720
-749
-715
-641
-527
-429
-500
-424
-362
-323
-93
22
148
393
571
651
737
881
1009
1065
1092
1091
1068
1130
1154
1119
1111
1073
1065
1049
987
966
900
809
811
814
899
1019
1040
1052
1074
1132
1168
1108
1005
926
758
624
626
556
563
563
518
480
466
518
432
388
429
407
303
327
420
319
318
405
339
318
297
244
181
-16
-128
-176
-193
-236
-241
-182
-259
-293
-366
-371
-252
-273
-296
-336
-349
-383
-440
-293
-146
-35
96
215
372
465
477
417
301
200
85
-78
-209
-360
-541
-660
-801
-840
-656
-533
-406
-330
-438
-374
-310
-333
-267
-291
-328
-298
-376
-363
-223
-291
-361
-398
-542
-522
-556
-770
-880
-1026
-1259
-1348
-1292
-1275
-1268
-1278
-1255
-1118
-996
-863
-746
-745
-783
-821
-851
-835
-732
-669
-683
-667
-603
-490
-490
-521
-570
-660
-698
-693
-558
-465
-383
-281
-194
89
373
637
926
954
995
1107
1061
1087
1123
1079
1027
891
863
917
910
1005
1065
958
930
1010
1049
1020
955
916
955
1073
1126
1161
1244
1290
1250
1185
1248
1259
1130
934
711
564
419
299
207
140
97
-17
-10
0
-69
-27
-102
-168
-49
24
96
111
93
125
80
80
159
196
159
56
-62
-127
-118
-119
-166
-212
-331
-407
-313
-254
-244
-220
-201
-157
-135
-91
69
222
248
286
339
348
451
454
357
261
-4
-277
-401
-474
-517
-631
-704
-641
-607
-521
-498
-484
-523
-620
-656
-705
-596
-506
-453
-448
-458
-297
-198
-89
-159
-422
-538
-800
-1046
-1176
-1439
-1744
-1954
-2036
-1886
-1414
-1060
-868
-687
-517
-226
-17
-6
-61
-210
-368
-426
-426
-293
-203
-237
-378
-486
-344
-232
-296
-459
-729
-956
-941
-854
-696
-506
-416
-129
164
434
860
1180
1393
1414
1287
1171
1061
971
843
675
474
449
550
632
827
900
846
820
764
758
770
655
571
593
588
713
976
1286
1476
1459
1506
1560
1563
1456
1237
993
603
320
282
278
296
302
173
98
130
146
167
111
9
-207
-400
-346
-177
-15
45
110
190
178
293
346
131
24
-165
-396
-363
-429
-475
-418
-524
-520
-426
-363
-249
-287
-315
-267
-291
-222
-46
30
28
18
47
123
55
-11
-35
-166
-280
-356
-345
-334
-273
-197
-274
-279
-266
-364
-453
-514
-618
-701
-695
-613
-427
-259
-158
-84
-94
-86
-100
-301
-489
-632
-846
-971
-1048
-1001
-910
-954
-854
-736
-750
-661
-670
-832
-911
-991
-944
-860
-694
-401
-289
-146
-15
59
193
140
-58
-182
-325
-440
-465
-520
-459
-284
-247
-212
-46
86
165
235
247
229
251
344
461
530
685
827
901
1016
947
866
840
689
620
621
512
476
545
517
469
453
543
693
835
912
944
1045
1131
1177
1139
1115
1161
1107
972
908
829
691
680
624
496
425
423
459
454
461
445
433
408
341
279
196
198
182
114
222
346
367
358
250
165
138
-11
-139
-262
-392
-386
-429
-348
-221
-257
-146
-127
-238
-263
-365
-433
-472
-532
-513
-523
-466
-336
-282
-218
-162
-209
-299
-351
-368
-461
-630
-755
-801
-816
-777
-660
-610
-667
-626
-577
-619
-675
-744
-777
-833
-792
-741
-714
-670
-667
-581
-614
-619
-618
-772
-649
-603
-708
-563
-532
-486
-370
-389
-354
-383
-420
-408
-453
-438
-427
-439
-307
-120
-33
46
174
232
186
125
57
-29
-72
-96
-155
-163
-64
44
210
348
402
440
395
377
323
228
259
233
172
265
388
522
716
754
597
466
396
394
283
125
100
87
159
216
384
691
845
924
993
1009
1069
1012
893
871
763
749
758
798
892
878
938
892
819
870
864
814
668
498
467
526
585
651
634
613
604
584
648
571
558
589
427
358
271
209
319
211
13
15
31
56
4
-65
-149
-326
-322
-300
-346
-328
-421
-474
-474
-551
-519
-454
-448
-560
-672
-657
-673
-655
-653
-694
-794
-957
-991
-929
-871
-828
-740
-702
-708
-641
-557
-620
-815
-932
-1024
-1114
-1128
-1063
-1060
-1040
-943
-843
-665
-572
-500
-544
-746
-835
-813
-750
-740
-690
-642
-507
-214
-80
-45
48
35
-60
-93
-208
-294
-287
-252
-140
-53
24
223
371
334
385
380
330
363
336
346
327
306
365
520
683
707
738
716
561
391
274
234
148
36
41
138
242
383
490
579
688
646
572
511
423
412
405
428
456
450
559
596
541
497
482
559
527
566
576
475
549
599
685
672
571
676
658
637
684
630
603
597
577
559
675
752
666
667
729
738
663
563
546
465
325
257
290
308
221
176
137
139
117
14
-4
-50
-106
-103
-53
-79
-190
-168
-173
-268
-367
-479
-561
-634
-681
-753
-798
-846
-860
-694
-733
-898
-849
-761
-783
-866
-919
-969
-971
-950
-954
-945
-957
-949
-925
-981
-968
-848
-858
-904
-882
-967
-1067
-1092
-1125
-1077
-1059
-1033
-941
-965
-918
-745
-614
-520
-470
-510
-447
-343
-352
-369
-393
-358
-265
-151
-119
-178
-92
41
104
221
286
254
284
327
310
349
445
507
529
567
635
678
725
768
748
719
601
543
608
628
650
628
705
805
829
900
923
919
903
834
670
629
740
784
815
757
796
868
924
977
815
814
781
663
704
672
704
707
652
670
630
620
709
679
600
654
690
659
636
679
651
547
459
358
334
342
333
278
234
273
281
238
282
347
219
46
-74
-142
-294
-530
-578
-590
-626
-652
-629
-513
-528
-538
-544
-667
-714
-777
-810
-842
-939
-870
-775
-814
-836
-858
-920
-987
-1097
-1188
-1309
-1388
-1371
-1336
-1245
-1148
-1043
-973
-921
-854
-862
-867
-872
-886
-903
-1008
-961
-865
-860
-751
-673
-592
-595
-648
-641
-645
-619
-659
-668
-632
-600
-489
-327
-247
-188
-94
-109
-97
-75
-75
-42
-15
26
89
198
331
466
504
553
528
445
572
514
519
685
651
738
871
977
1106
1162
1213
1212
1132
1075
1042
1040
1027
927
943
1006
1033
1125
1175
1189
1198
1206
1186
1173
1184
1066
1001
955
889
953
885
825
850
838
788
700
699
636
565
531
535
587
478
406
385
278
234
196
100
49
54
79
71
80
91
71
20
-56
-73
-168
-258
-287
-344
-333
-297
-336
-481
-545
-621
-725
-710
-765
-804
-782
-747
-694
-725
-717
-692
-797
-856
-881
-985
-1170
-1263
-1216
-1218
-1202
-1133
-975
-847
-843
-858
-849
-876
-952
-964
-1020
-1066
-1040
-1051
-1006
-922
-811
-704
-645
-527
-519
-613
-583
-633
-679
-598
-561
-520
-465
-346
-244
-246
-190
-144
-147
-154
-221
-163
-51
-27
36
149
205
252
357
402
447
471
488
469
413
383
372
419
502
548
577
654
686
711
741
783
807
830
929
965
926
993
1077
1042
1095
1205
1278
1223
1166
1191
1116
1076
1087
1078
1048
1013
955
889
897
864
783
720
675
718
723
744
821
768
763
734
678
659
586
479
315
219
145
151
131
49
20
-30
-22
-106
-162
-208
-304
-289
-378
-438
-401
-463
-473
-470
-542
-581
-692
-740
-660
-743
-813
-842
-831
-751
-806
-808
-773
-748
-714
-729
-814
-865
-870
-910
-871
-904
-956
-946
-907
-835
-871
-913
-843
-753
-740
-736
-750
-776
-695
-686
-684
-544
-556
-574
-483
-443
-412
-399
-404
-337
-202
-223
-225
-126
-161
-171
-208
-221
-155
-164
-99
-50
-108
-73
37
132
185
195
253
281
247
321
343
268
277
237
145
213
348
403
431
485
554
600
673
717
717
748
730
657
614
571
583
573
486
516
570
605
683
748
801
837
776
747
788
716
668
700
689
696
691
664
657
603
528
480
455
410
403
440
377
362
385
283
258
299
241
213
157
99
165
187
211
183
79
54
88
60
-25
-77
-144
-196
-299
-330
-280
-445
-474
-348
-489
-540
-504
-520
-512
-579
-565
-560
-517
-458
-545
-636
-655
-567
-586
-650
-659
-768
-834
-863
-844
-787
-777
-771
-789
-720
-666
-723
-716
-727
-743
-711
-674
-654
-672
-592
-522
-537
-531
-514
-414
-264
-247
-350
-361
-321
-284
-242
-301
-219
-124
-117
-24
-38
-29
32
67
186
158
71
190
319
359
370
411
375
292
271
262
216
157
202
191
270
469
520
561
591
555
639
691
630
666
661
629
567
515
637
659
602
649
630
607
595
493
443
431
508
609
562
556
537
576
638
630
679
559
453
394
339
420
383
447
532
463
465
468
456
369
264
211
166
88
-50
-66
-41
-26
-28
-26
46
53
52
0
-62
-101
-202
-291
-331
-267
-260
-355
-397
-364
-310
-289
-278
-289
-369
-477
-475
-467
-459
-398
-508
-616
-593
-591
-650
-696
-679
-736
-771
-704
-653
-657
-635
-544
-521
-535
-468
-449
-519
-493
-411
-465
-495
-533
-587
-517
-526
-534
-505
-437
-351
-332
-266
-228
-116
-100
-148
-71
-65
-34
-64
-72
-23
-10
-15
-26
34
32
118
195
168
248
317
363
351
291
238
272
395
399
375
381
387
459
516
480
486
573
520
453
433
336
305
301
369
389
342
421
424
497
558
467
475
457
471
502
407
384
415
398
345
366
412
330
277
226
196
193
115
97
134
159
168
264
303
252
239
147
125
134
142
81
-70
8
31
-79
-70
-89
-82
10
-4
-78
-118
-136
-161
-209
-270
-382
-399
-364
-406
-335
-307
-314
-223
-231
-249
-249
-275
-237
-295
-325
-332
-420
-330
-348
-449
-392
-440
-428
-416
-416
-330
-424
-475
-439
-392
-378
-409
-410
-426
-411
-350
-291
-260
-215
-212
-164
-140
-192
-178
-177
-195
-202
-232
-198
-172
-204
-190
-166
-185
-182
-109
-211
-242
-112
-111
-77
-59
15
118
130
201
272
259
154
25
94
170
148
214
226
269
319
359
398
391
424
418
374
306
304
292
270
319
347
332
341
365
295
311
312
292
389
379
295
277
332
372
409
389
337
319
301
272
229
255
298
343
301
210
210
177
185
213
158
128
69
18
29
26
8
44
128
85
116
145
65
72
61
65
-40
-116
-73
-96
-98
-15
-14
-115
-130
-122
-118
-166
-201
-207
-266
-309
-294
-184
-167
-260
-271
-226
-241
-263
-281
-339
-361
-409
-392
-319
-286
-301
-353
-352
-309
-257
-237
-250
-319
-335
-312
-375
-374
-337
-367
-309
-209
-195
-136
-156
-213
-169
-149
-109
-78
-35
-37
-99
-108
-87
-80
-98
-112
-72
31
67
25
20
47
32
14
28
50
63
76
95
77
109
197
228
243
254
281
370
307
249
292
241
186
192
213
113
110
144
157
255
274
320
268
225
230
141
182
161
87
104
106
171
194
198
242
255
226
201
274
231
136
201
211
148
121
130
110
143
241
151
82
81
-21
-29
-4
-45
35
7
-109
-93
-169
-132
-107
-188
-126
-128
-127
-82
-84
-1
30
54
65
-30
-57
-148
-73
24
-42
-59
-181
-185
-82
-100
-146
-77
-79
-160
-206
-296
-280
-255
-275
-257
-192
-165
-151
-171
-175
-139
-154
-67
-128
-141
-43
-111
-99
-92
-65
-1
56
-6
-113
-103
-174
-192
-174
-275
-362
-326
-316
-347
-325
-275
-153
-71
-95
-92
-39
-29
-20
-7
-40
-20
-68
-107
35
45
78
125
54
138
100
20
106
103
38
28
83
85
32
28
75
115
110
139
207
215
159
134
155
220
210
216
245
205
232
229
198
219
228
266
259
199
185
259
306
274
227
154
167
192
220
182
91
89
78
76
118
145
25
-42
-11
-27
31
69
127
194
186
187
82
-67
-50
7
-45
-82
-130
-105
-64
-107
-111
-204
-208
-144
-177
-134
-63
-120
-144
-120
-187
-181
-160
-170
-137
-140
-148
-188
-172
-115
-132
-31
-40
-134
-57
-160
-222
-223
-256
-145
-157
-163
-162
-219
-187
-174
-142
-85
-27
-33
-82
-1
-39
-53
17
-27
-9
-69
-97
-93
-106
-20
-37
-85
-73
-54
-52
-49
-11
-43
-86
-48
-61
-97
-14
51
65
124
117
98
72
41
57
105
166
46
0
97
97
113
125
105
178
239
169
108
68
16
27
106
141
101
59
74
108
91
116
98
76
90
63
91
105
93
119
197
193
147
141
160
173
112
144
127
134
208
157
134
136
91
35
62
114
121
81
44
80
115
86
96
145
98
7
-80
-69
-22
-47
-44
-8
3
24
87
54
52
16
-92
-75
-130
-168
-157
-181
-155
-51
-122
-216
-141
-195
-193
-174
-180
-136
-157
-158
-246
-290
-194
-237
-307
-225
-171
-170
-167
-199
-186
-142
-125
-127
-84
-92
-145
-125
-161
-115
-67
-82
-74
-176
-167
-78
-60
-121
-188
-132
-93
-33
31
22
12
24
34
9
-70
-71
-10
-55
-71
-32
4
-24
-33
91
146
133
56
113
149
9
75
179
221
190
147
173
170
171
120
97
131
120
119
166
105
76
118
135
175
168
214
204
190
204
145
214
208
161
156
79
142
226
193
156
159
143
176
245
181
142
103
44
44
-30
-34
11
-10
-19
-38
-83
-64
-60
-111
-70
-70
-66
-61
-50
23
-24
-11
4
-32
-25
-58
-29
-49
-58
-25
-66
-86
-118
-88
-95
-184
-126
-90
-146
-145
-185
-182
-205
-198
-117
-146
-88
-92
-105
-83
-143
-91
-79
-35
-4
-161
-114
-30
-86
-18
-22
-66
-61
-99
-78
-20
-63
-122
-146
-142
-98
-109
-77
-122
-197
-142
-84
-23
-104
-83
43
-1
-15
3
42
42
0
-22
-31
21
33
64
98
100
132
88
50
89
138
117
77
48
35
52
4
-8
9
-10
53
105
81
149
148
121
166
92
84
13
3
136
95
180
278
155
132
198
170
172
170
116
171
192
127
88
58
122
149
46
28
-14
21
57
47
104
-27
-6
48
13
88
82
24
10
68
12
-6
61
101
88
-27
17
76
57
9
-114
-112
-35
-27
-76
-101
-62
-38
-62
-95
-95
-97
-149
-235
-190
-103
-127
-150
-114
-50
-37
-65
-94
-88
-41
-30
-67
-83
-81
-121
-180
-157
-123
-122
-150
-157
-77
-82
-70
-62
-97
-27
-23
-55
-39
-16
-88
-134
-98
-149
-113
-72
-38
34
26
43
-41
-75
-22
-45
-44
-55
-33
-9
-19
-21
69
76
13
35
-13
17
41
70
67
-31
10
41
29
-1
12
-18
-30
66
8
35
104
43
5
16
71
87
88
52
1
24
19
51
92
34
14
35
48
73
92
50
-11
53
76
85
132
79
136
156
123
150
78
126
123
-15
22
52
22
23
-27
-2
54
33
50
119
165
156
78
101
163
105
63
36
103
118
57
50
-31
-28
-13
2
20
-32
32
72
11
-5
7
33
28
10
46
18
-22
32
-21
-71
-68
-138
-86
4
-19
-39
-15
-53
-137
-161
-46
52
12
-51
-101
-36
7
-5
-52
-128
-161
-157
-94
-128
-121
-110
-178
-115
-56
-41
-70
-63
-21
-48
0
-8
-23
63
8
-62
-34
-44
-98
-191
-171
-22
-26
-73
-51
-125
-110
-56
-102
-120
-118
-73
-4
-11
-48
17
64
17
49
78
-10
-20
0
-32
18
38
7
-13
46
100
56
63
100
96
129
119
28
68
77
8
38
7
11
57
-9
-15
46
71
43
56
126
91
119
162
79
129
184
162
104
63
144
115
54
49
17
49
48
14
9
-29
-117
-139
-81
-93
-53
21
73
117
109
119
60
11
34
37
13
1
18
-33
-26
-26
-75
-29
-114
-105
-31
-62
41
-10
-53
64
35
6
1
-13
-3
-57
-50
-23
-53
-80
-125
-130
-195
-205
-77
-45
-62
-63
-41
16
-2
-71
-26
-11
-99
-23
44
-2
10
-53
-104
-26
-6
-47
-49
7
24
-36
-8
37
12
58
120
75
65
112
63
34
40
66
108
18
-54
-23
-5
-29
-83
-24
14
13
61
12
19
75
84
62
81
113
52
87
120
104
69
33
62
38
-16
12
38
44
58
-46
-73
-41
-22
-4
-21
0
-20
-52
0
21
-12
-6
14
-18
-65
-35
-81
-65
9
-17
-7
3
28
90
66
46
126
54
-6
101
70
34
37
-67
-95
-91
-135
-124
-147
-130
-81
-159
-82
-60
-109
-44
-76
-74
-114
-25
78
-4
-31
-14
11
-47
-31
25
-44
-52
-14
-31
-80
-93
-43
-19
-1
-19
-90
-90
-9
-48
-92
17
18
-65
-12
6
-31
-29
-84
-73
-21
-14
-83
-9
129
-5
-30
4
-24
-10
-11
47
55
63
83
41
6
33
12
-23
71
69
-4
-38
-18
78
44
33
33
-6
52
0
42
133
91
80
54
31
20
18
29
12
17
0
7
34
31
5
15
85
82
111
134
132
100
72
91
37
12
59
122
107
73
26
-20
11
-6
24
20
-20
26
0
-6
-32
-91
-37
-28
-54
-41
-15
40
16
-14
-7
-42
-51
-51
-7
54
-14
-29
89
78
11
6
20
48
53
34
31
47
29
-57
-129
-132
-137
-144
-122
-45
-1
-36
-54
-73
-86
-26
-78
-116
1
-17
-69
-71
-4
6
-34
48
-27
-38
63
-9
-16
25
34
42
20
16
-56
-116
-83
-61
-66
-87
-36
1
-60
13
37
-3
35
-36
-9
4
-26
18
-72
-30
-4
-25
59
52
87
71
43
68
54
23
-3
37
15
-49
-65
-35
-6
40
121
80
4
8
17
-10
-40
-28
-41
-40
-18
-62
-42
1
33
47
7
72
86
62
148
185
126
95
70
-14
-38
-83
-95
-37
-21
24
29
29
51
40
43
52
51
40
18
22
10
-40
-27
-49
-20
42
-16
-10
0
3
34
4
20
-31
5
65
-100
-81
2
-34
-11
31
41
50
48
-3
-40
-66
8
57
0
-20
-40
-43
-25
8
5
-17
4
11
13
41
62
38
-43
-58
-60
-168
-192
-86
-56
-114
-123
-95
-69
-94
-124
-18
47
-19
-37
-61
-49
-5
-48
-81
-57
-33
-50
-12
11
44
33
5
69
-23
-29
23
-67
-52
-12
-73
-61
-4
-17
-10
-20
28
51
-11
56
77
54
40
-6
-48
-68
-41
-42
22
54
52
113
138
156
104
43
22
3
51
22
-16
23
1
-6
-7
-48
-29
-19
-3
32
49
53
30
32
20
-26
-37
13
44
122
89
21
131
106
86
156
146
140
42
-37
-34
-94
-55
6
34
-12
-33
102
32
46
111
47
65
-20
-31
-9
-54
-65
-85
-68
-90
-125
-49
-15
6
87
45
-7
-5
66
86
26
45
7
-25
-63
-104
-31
16
-17
-57
-12
24
-2
14
-52
-86
-25
-1
-15
-125
-128
-72
-36
39
13
-22
-27
-35
-40
-67
-80
-53
-77
-140
-123
-89
-118
-52
22
-34
9
51
-9
55
93
54
18
-88
-107
-84
-73
-51
-112
-66
24
41
43
24
70
67
17
85
146
50
-24
-68
-116
-40
-38
-9
105
73
40
100
95
41
59
60
52
69
49
-5
19
20
34
136
68
35
44
-32
-22
24
58
54
-7
-15
35
26
10
19
13
17
67
42
-14
-7
35
72
22
94
67
-85
-82
-79
-33
8
21
36
35
55
52
22
3
29
-10
-104
-74
-24
-63
-99
-43
30
-10
-32
-72
-43
45
-7
43
62
23
22
-27
-7
28
-36
-115
-81
-6
1
-52
-21
26
13
119
98
-6
54
34
3
76
43
0
5
-29
15
-24
-17
85
-9
-7
41
22
23
-67
-51
-27
-120
-46
62
55
21
-16
-28
-38
-60
-92
-63
-54
-52
-23
-36
-41
-51
-85
-80
-9
-11
30
47
-19
2
-37
-28
13
-59
-116
-82
-90
-97
-75
-113
-27
-12
-12
18
-80
-99
-78
-14
53
-15
-14
47
21
-30
-70
-51
29
75
60
33
87
150
146
95
21
35
60
86
95
81
89
2
-11
58
85
98
75
119
135
108
94
92
178
138
38
42
46
51
71
48
-19
-10
6
82
151
52
7
-1
-9
-61
2
57
-74
-90
-101
-77
-83
-110
-56
-132
-164
-52
-107
-159
-110
-119
-75
-87
-97
-82
-47
8
-22
-69
-95
-85
-100
-91
-93
-108
-71
-86
-95
-114
-132
-51
72
14
11
120
40
48
56
21
19
-40
-32
22
99
59
41
41
-3
82
97
61
102
125
144
131
108
89
43
62
10
10
58
-14
35
61
33
51
52
57
29
49
47
104
89
-88
-89
-48
24
64
-8
-29
-66
-12
-35
-114
-40
-89
-137
-103
-117
-119
-134
-111
-89
-92
-70
-111
-61
16
-13
16
12
7
0
-110
-89
-5
-7
-12
-79
-37
71
35
45
66
86
125
86
64
72
55
-2
-29
-7
10
74
104
63
45
68
59
73
111
84
77
75
105
124
66
82
95
64
70
107
129
93
112
145
105
-6
-76
-43
-36
-1
4
44
111
-20
-82
0
52
89
-12
-86
-68
-138
-114
-73
-129
-160
-108
-64
-71
-113
-143
-41
-14
-83
-84
-66
-73
-140
-193
-193
-199
-193
-166
-156
-141
-136
-106
-60
-44
-30
-34
-61
-74
-43
-75
-46
10
-78
-66
-51
-28
-7
-51
46
92
135
160
120
139
86
71
96
95
157
181
198
182
76
72
97
142
116
52
132
129
166
240
192
102
35
106
125
30
80
117
76
83
19
-56
-58
-10
-82
-120
-2
-19
-4
12
-39
-18
-50
-44
-4
-65
-111
-129
-133
-118
-162
-150
-89
-120
-127
-65
-72
-47
-101
-182
-61
-88
-161
-108
-123
-96
-87
-91
0
-27
-19
23
-36
-22
-23
22
50
10
38
59
43
17
0
94
158
122
215
237
136
121
172
215
84
-44
71
126
96
79
79
120
121
145
169
102
49
86
52
41
38
34
101
36
19
0
-18
68
32
-3
2
-2
2
-42
-115
-76
-70
-137
-84
-66
-84
-61
-65
-124
-99
-74
-110
-96
-117
-187
-263
-322
-260
-149
-144
-101
-22
28
-13
-74
-44
-13
-34
-96
-75
-86
-72
-70
-140
-79
-73
-7
33
-10
57
113
144
95
89
19
-57
35
3
9
61
51
15
5
65
83
219
213
128
199
149
99
64
86
83
-15
20
66
61
86
104
70
90
106
66
14
-36
-25
-53
-59
-28
-76
-113
-89
-1
50
46
40
-6
-18
-60
-26
4
-99
-124
-170
-149
-86
-103
-100
-96
-93
-45
24
8
-13
-4
-60
-77
-57
-82
-116
-129
-95
-88
-58
-2
42
111
66
20
46
41
88
93
64
19
-15
-5
0
91
124
136
128
54
51
81
118
99
24
-40
-20
18
5
3
21
23
56
122
118
142
91
8
7
-18
16
-15
-39
-4
-68
-48
-78
-100
-19
-9
51
28
30
37
-88
-80
-104
-168
-168
-204
-178
-86
-44
-65
-83
-73
-49
-34
-30
28
0
-61
35
59
-1
3
32
42
0
42
78
54
145
149
81
118
61
36
91
61
2
-30
30
47
-5
23
68
97
148
139
80
71
69
102
67
-23
-42
-24
61
41
37
111
46
16
15
-32
12
-55
-168
-140
-149
-92
-60
-86
-121
-182
-68
-4
-14
-14
-34
-24
-99
-91
-35
-68
-60
-73
-84
-20
-38
-49
-6
-20
-11
16
35
47
140
87
-33
4
-16
16
-11
-70
-57
-37
0
26
79
78
114
93
-39
-116
-143
-33
44
54
139
84
46
90
-13
-23
71
79
100
112
42
59
124
60
25
29
37
55
14
20
65
54
39
43
-6
-35
-1
28
32
-10
-16
67
68
18
-26
-9
44
-20
-23
-50
-90
-129
-140
-1
-33
-97
-122
-167
-194
-211
-151
-145
-130
-130
-121
-83
-57
-61
-90
0
39
34
27
35
93
75
66
22
5
16
-12
21
52
46
9
53
103
117
115
86
124
161
165
115
110
132
117
136
86
33
97
117
82
43
-30
34
47
-26
26
1
-120
-92
1
-86
-75
-67
-85
-28
-83
-101
-154
-149
-116
-149
-110
-91
-174
-187
-126
-145
-123
-57
-19
-49
-30
-16
6
64
-98
-140
-23
-46
-18
-17
38
136
34
66
119
20
118
125
-1
68
82
5
-25
-7
-4
-33
-33
-6
56
94
132
106
103
136
97
125
91
39
20
-7
81
86
36
36
-22
-29
30
87
90
17
-40
-57
-22
0
-46
-40
-32
-33
35
67
43
-11
0
89
67
22
36
-12
-40
-20
-51
-124
-63
-38
-93
-52
-97
-59
-22
-108
-10
39
0
43
-5
-57
-52
-65
-29
-65
-75
1
-15
-42
-58
-38
-30
-51
-35
-23
-20
-21
-40
-46
-6
40
20
-57
-106
-66
-13
-21
3
100
149
150
100
24
9
28
161
165
33
6
64
115
23
-50
-3
27
15
69
12
-1
96
39
19
17
-68
-113
3
57
-14
-27
-75
-35
-35
-17
21
-54
56
49
-1
2
-48
-27
-89
-32
21
-62
-74
-62
-43
-70
-17
58
12
-64
-110
-57
-21
-16
-48
-79
-52
-38
36
37
7
9
82
147
47
63
120
52
34
68
82
66
24
24
15
-54
-52
11
81
55
57
79
1
6
-29
-68
-39
-71
-90
-37
-12
18
54
48
51
22
23
49
45
59
32
-9
23
26
-13
10
-75
-105
-16
-27
7
-61
-138
-19
78
12
-89
-20
14
-50
-72
-13
35
3
28
80
51
7
-32
-14
12
-48
62
107
10
37
86
72
-21
-53
-24
19
-14
-45
-11
-11
-27
-38
-27
-101
-85
14
28
-14
-85
-26
-13
1
42
17
91
-15
-64
12
-60
-16
43
30
-21
-16
74
97
64
10
-22
16
24
-81
-49
34
-9
13
26
-36
-16
-16
3
22
-62
-7
-11
-13
46
-65
-34
38
-15
-47
-40
-83
-99
5
-8
-14
56
10
-19
-12
-65
-39
42
-50
-37
20
-82
-11
13
-59
17
27
-8
37
64
30
-20
86
114
43
130
38
-19
16
-5
132
111
18
88
121
83
51
75
53
44
118
55
-9
17
2
-15
10
97
30
-25
0
-44
39
67
-31
-70
-45
-26
20
41
-51
-59
-116
-148
-44
-14
33
14
-43
-16
-45
-69
-63
-79
-55
-66
-114
-119
-60
-60
-145
-109
-115
-108
-65
-91
-61
-16
11
-1
-7
-91
-71
23
1
18
14
-11
-11
20
49
89
42
28
54
4
30
-24
-7
77
64
55
78
77
31
81
79
33
77
109
104
129
119
37
41
104
142
103
39
-4
-25
2
13
1
12
6
-30
86
100
12
-5
-51
-44
-49
-7
-42
-63
20
-4
25
-12
-25
43
-19
-8
-20
-24
31
-20
-39
-59
-35
-72
-131
-30
-35
-60
-19
-10
2
45
-9
-115
-86
-112
-142
-104
-103
-80
-95
-107
-67
-55
-91
-21
5
-72
11
56
67
43
-29
-44
-16
26
-97
-117
-4
-4
49
65
7
93
132
46
-18
-55
-8
11
-19
30
76
71
90
81
106
155
131
68
0
28
21
53
146
111
112
91
25
39
-2
-46
-34
-21
27
7
-38
-54
-86
-19
45
-42
-25
32
-42
-24
-2
2
73
24
-22
9
-52
-72
-80
-101
-33
-73
-147
-73
-53
-64
9
-12
-19
71
39
28
31
-82
-89
-79
-118
-77
26
-4
-79
-38
-24
16
42
50
62
8
20
5
-82
-46
40
56
93
74
5
18
-89
-139
-32
16
23
31
108
73
28
51
30
31
-26
-69
-36
-7
9
22
-20
-35
-13
1
15
-14
24
35
45
78
-44
-47
56
62
55
53
32
-23
-36
8
109
121
57
41
12
3
-46
53
129
41
78
31
29
35
-73
-88
-70
38
53
-6
-19
-59
-45
-56
-98
-148
-124
-63
-64
-81
-100
-32
-19
-71
-31
5
30
-10
-50
-14
-9
10
11
-39
-49
-27
-42
-34
29
80
49
-22
-56
-41
9
20
52
66
21
-32
-11
55
3
21
13
31
101
44
25
9
11
-3
42
106
82
63
46
6
-12
6
26
47
60
106
67
-2
40
48
34
19
-24
-18
14
-20
-41
-24
-24
-12
-3
-32
-77
-26
19
-37
-40
24
57
23
-11
-20
21
43
-58
-66
-56
-84
-22
-70
-77
7
-7
-8
51
45
8
-2
-8
7
2
8
-43
-68
-35
-91
-82
-28
-31
-102
-96
57
57
79
141
71
79
69
96
26
-59
34
-52
-20
20
-50
24
-5
-53
11
63
94
91
75
141
97
-9
-38
-7
-7
-57
-34
-39
-35
-39
0
20
-19
40
51
20
72
111
82
120
61
-31
-43
-96
-38
-78
-144
-39
-61
-84
-16
32
81
37
74
141
61
-24
-28
49
15
-47
-45
-136
-144
-112
-93
-57
-51
-54
-24
90
79
87
77
-28
3
-28
5
10
-77
-28
-16
-9
9
-8
21
64
54
43
66
86
59
5
23
63
-2
-68
-47
-18
-12
42
96
23
36
15
6
93
10
-43
-46
7
-53
-155
-98
-71
-32
-14
26
22
23
45
-42
-26
6
-31
56
102
92
30
-70
7
4
-10
74
39
22
42
34
45
28
-15
15
8
15
84
41
19
-7
-43
10
-6
-19
-33
-28
29
-9
-74
-54
-45
-42
-26
-73
-30
-57
-68
0
-63
-68
-67
-41
42
9
-4
43
12
29
65
44
1
-59
-83
-102
-28
-17
-102
-81
-28
13
7
-21
0
12
47
72
74
102
45
15
24
-21
-18
-22
-49
-43
-53
-14
76
98
70
115
130
36
71
93
47
53
20
-3
0
8
-3
44
97
53
76
129
67
21
87
130
129
117
25
-51
-26
-14
-32
-52
-98
-92
-56
-41
-22
-75
-67
-26
-41
-38
-51
-93
-142
-156
-187
-184
-141
-139
-126
-128
-137
-87
10
50
4
44
100
-6
-19
43
-12
-12
16
-21
-61
-67
-34
-17
8
35
12
61
153
130
141
163
121
72
48
79
36
40
52
-46
-82
-11
79
94
39
54
97
39
60
110
72
6
-32
-20
-51
-49
-25
4
3
-36
34
57
44
38
-33
-104
-92
-6
17
39
-28
-29
-22
-159
-123
-73
-29
-48
-106
2
11
-17
11
21
46
38
-8
-65
-66
-97
-114
-77
-71
-63
-79
-65
5
-9
-54
-1
24
34
93
71
44
106
87
20
-33
-30
-8
-102
-66
28
12
23
25
21
50
97
120
135
106
24
5
-7
-10
-14
11
57
12
41
82
46
0
-14
11
3
37
26
18
35
-39
-13
-31
-81
16
51
47
15
-20
80
-1
-51
42
0
34
19
-26
-75
-102
-81
-132
-33
-2
-75
-25
-4
-20
8
-3
-13
9
-8
19
-22
-58
-36
-103
-63
5
-18
31
-3
-16
61
-14
-17
7
-33
-4
14
36
3
-6
42
40
44
60
51
46
47
-13
-10
-5
-4
42
0
5
9
-9
34
50
-51
-97
-13
38
40
13
60
64
38
22
-41
-5
11
40
7
-63
-38
-100
-75
-56
-7
55
-31
112
138
54
64
-56
-54
-37
-67
-28
-49
-57
-27
28
11
-66
-74
-72
7
26
0
74
117
57
19
-8
-29
13
9
-4
-33
-30
78
66
25
39
30
98
36
-45
3
-17
-24
-45
-84
-4
-49
-90
-5
-25
-28
8
-26
-25
70
71
35
52
8
-45
-70
-86
-74
-107
-105
-56
-72
-41
-43
-29
46
10
-3
23
12
44
63
50
21
59
109
-1
-71
-53
-31
-20
-7
-1
-31
-35
39
85
29
38
-25
-19
159
74
18
81
15
3
-8
-61
55
129
-16
-71
-30
-44
-79
-52
8
18
-37
-85
-17
76
70
13
32
86
50
-26
15
79
78
112
31
-5
-2
-93
-119
-94
-31
-59
-69
-61
-57
-22
-7
44
49
47
39
-21
-98
-82
51
79
40
58
35
-27
-30
-46
-87
-47
-70
-66
-21
-44
-62
-66
9
-8
-60
-13
-2
9
6
2
58
27
33
24
-24
18
-20
-10
19
-4
-44
-54
-9
-34
37
71
16
71
94
65
108
148
56
56
129
107
126
136
94
45
74
60
-93
-42
85
22
23
-55
-144
-37
-30
12
41
-53
6
30
-48
-47
-81
-96
-67
-56
-7
-82
-144
-92
-91
-67
-27
-37
-88
-73
-65
-136
-78
-52
-123
-73
-99
-138
-69
-2
84
87
72
89
98
81
-24
1
135
35
26
77
-55
-14
-29
-47
49
-13
1
59
26
21
28
83
117
71
65
61
59
61
67
56
39
79
86
60
-9
-38
-19
28
84
4
-62
-39
-87
-69
57
31
-24
37
-4
-49
-62
-97
38
100
86
76
-49
-43
-51
-63
-42
-90
-64
-68
-123
-138
-53
-36
-58
-56
-50
62
30
-5
21
-22
-19
-32
-33
-41
-42
41
56
53
-17
-79
-1
-21
10
-7
-77
-33
-47
-24
24
-10
12
65
-14
-49
-11
-8
31
30
33
49
60
116
110
70
27
27
76
-2
-11
110
-10
-76
-4
6
92
44
25
84
-8
-13
43
54
72
63
82
60
11
63
47
11
-35
-60
-32
-115
-78
-7
-15
23
4
-25
-27
9
0
-24
-5
-79
-55
-36
-62
-14
-43
-36
-44
-46
-38
-85
-61
-77
-108
-128
-116
-84
-146
-97
-59
-111
-38
18
40
59
12
12
53
61
69
63
43
36
92
59
-3
37
86
84
45
138
147
63
41
43
73
81
70
46
104
102
35
-2
-27
15
-11
-22
-13
14
66
30
6
47
51
-35
-63
-71
-24
-68
-105
-9
18
9
-117
-65
-67
-167
-94
-45
-11
-29
-70
-81
14
29
4
55
-40
-86
-31
-49
-63
-103
-41
68
1
18
-5
-59
-12
-85
-103
-96
-104
-24
-51
5
96
70
66
26
101
110
4
-9
15
85
126
93
32
14
-17
-28
19
-43
-84
17
30
4
37
36
148
135
23
142
168
136
123
15
42
20
-45
31
4
-47
-34
-62
-36
-25
-25
-26
-141
-97
-26
-98
-10
67
-19
-56
-34
30
8
-33
27
-12
-35
-44
-117
-119
-95
-52
-10
-50
-140
-155
-95
-97
-39
7
-37
7
14
48
24
-65
39
61
55
75
8
9
65
59
22
-5
-58
-38
27
-3
22
101
44
2
-53
12
163
107
84
118
157
109
4
-45
-21
26
36
67
-1
26
60
-28
-26
-27
-22
13
21
-10
15
82
63
12
-70
-70
5
-18
-14
47
0
-30
-6
-70
-82
-39
-21
-7
-40
-73
-48
-87
-127
-51
-79
-70
-3
-11
-32
-124
-61
-33
-45
-34
-85
26
13
-10
17
-75
-8
-28
-117
-30
11
93
112
-23
6
82
74
91
75
65
20
-46
40
76
112
176
140
115
121
80
36
32
30
107
91
53
63
-64
24
69
-46
59
-7
-20
1
-117
-40
-40
-70
-28
-35
-83
-66
-68
-71
-47
-118
-67
-57
-66
-19
-61
-37
-67
-104
-13
55
-19
-102
-36
10
2
-5
-18
-40
-60
11
38
26
43
-38
-43
19
35
113
105
94
73
9
8
-60
-19
24
-22
42
69
98
67
-35
69
98
11
41
10
-29
-14
65
51
-34
21
21
20
29
-28
-27
-42
-62
25
-3
-12
75
9
-27
-48
-35
4
-2
14
-26
22
23
-11
52
-7
3
43
8
42
-38
-60
-29
-71
-35
32
106
39
7
-17
-93
-28
-63
-84
-31
-59
2
62
47
5
8
56
-8
-7
-11
-50
-16
-69
-64
-33
-51
-46
-41
-14
5
15
-28
-10
6
-63
-26
-28
20
109
32
87
137
70
70
-33
-22
34
-13
42
-64
-54
28
-19
69
14
43
84
-20
-7
-22
66
91
28
60
15
61
-12
-70
39
-44
-15
-17
-74
42
23
-42
-15
14
61
59
46
69
34
0
-52
-49
-48
-50
-4
2
8
-20
-4
-33
-59
-76
-48
39
-65
-96
-53
2
9
-72
-28
33
36
3
70
83
-39
15
82
9
-66
-53
28
9
-23
1
-42
-57
-74
-71
-57
2
47
-81
-75
-90
-95
47
22
-35
-19
6
71
46
-50
3
41
-13
31
116
124
57
27
23
24
56
65
76
93
67
22
64
60
50
53
-16
53
80
23
14
18
13
-10
12
-24
5
48
6
12
-35
-49
-27
-39
-35
-6
2
-65
-91
-29
13
31
-28
-93
-75
-47
18
-44
-82
22
26
-36
-75
-32
-51
-55
-23
-71
-60
-86
-107
-50
-11
-33
-67
-10
-23
6
60
-18
95
79
-28
68
17
32
27
-37
0
1
2
-15
32
40
5
10
6
5
-34
-73
-51
10
8
47
141
103
48
87
53
4
51
43
-32
-35
18
0
22
40
-34
-15
36
47
24
-21
32
45
-31
-16
13
-25
-22
25
6
-3
17
26
-11
-70
53
128
27
-47
-39
-11
15
-7
-67
-16
-13
-30
24
-8
13
27
-2
63
6
-136
-62
41
44
12
-82
-66
-68
-89
-107
-100
-58
-115
-41
-71
-189
-114
-94
-84
-20
14
-24
-68
43
24
-44
23
32
72
37
12
98
82
86
66
32
17
12
55
55
62
26
38
65
90
145
87
-22
23
154
79
27
39
41
63
50
31
-21
-1
60
58
-23
-32
17
9
-25
-78
-48
13
29
-26
-55
-4
-47
-45
-36
-18
29
-28
-32
-65
-115
-148
-153
-45
-11
-49
-34
-58
-66
-44
-84
-6
50
-32
-24
-44
-70
-43
-30
-29
-10
21
6
17
66
88
66
75
32
-10
39
23
44
44
7
43
93
84
68
70
14
19
12
-7
85
56
34
60
8
64
34
-36
15
-13
-58
-15
6
26
-26
-71
-25
-80
-56
-9
-11
15
1
-6
33
10
-62
-65
-42
-14
22
-7
-58
10
-10
-56
25
42
40
-19
-76
57
46
-37
8
-28
-19
-22
-42
-16
-32
-36
-20
-23
53
104
72
58
-11
-24
6
10
42
48
23
11
-39
-66
-20
-29
-50
-1
19
-44
-81
-42
1
-5
-46
-6
56
4
0
29
23
38
37
36
17
-44
10
