-7
-9
-10
-8
-8
-10
-11
-11
-11
-13
-11
-12
-8
-10
-14
-12
-9
-9
-10
-9
-7
-8
-7
-12
-13
-9
-8
-8
-14
-16
-12
-9
-10
-11
-15
-12
-11
-12
-9
-8
-8
-9
-7
-7
-8
-7
-8
-9
-9
-10
-8
-11
-8
-5
-4
-5
-4
-5
-5
1
-2
-1
0
-2
-6
-7
1
-3
-3
-4
-1
-1
-1
-2
1
4
1
-1
-1
6
1
0
0
-2
1
2
1
2
-1
1
1
0
2
1
2
-1
-4
-4
-1
1
-1
-1
-3
-4
-1
-2
-2
-1
1
0
0
1
5
5
2
3
6
10
7
11
7
5
6
5
7
7
16
13
11
20
10
8
5
3
2
-1
3
3
2
4
1
2
0
4
6
3
5
5
3
4
4
8
8
5
13
12
11
12
14
16
14
13
11
11
12
12
15
15
13
12
15
13
11
11
15
14
10
10
6
9
8
13
10
11
13
11
11
10
12
12
12
13
12
13
9
7
10
7
6
3
2
3
1
6
5
4
5
6
5
3
3
0
0
-2
-3
0
0
-2
-2
-1
-2
-1
-3
-5
1
2
3
1
-4
-2
1
-6
-9
-7
-6
-9
-8
-5
-1
-9
-8
-9
-9
-4
-9
-6
-6
-10
-11
-9
-8
-8
-11
-12
-11
-9
-8
-8
-8
-5
-5
-8
-6
-7
-6
-7
-7
-8
-7
-8
-6
-9
-12
-7
-12
-9
-15
-14
-10
-15
-13
-12
-11
-14
-16
-14
-21
-22
-18
-21
-15
-13
-9
-8
-10
-10
-6
-7
-10
-7
-5
-5
-10
-9
-9
-11
-9
-9
-7
-7
-9
-11
-12
-11
-11
-13
-19
-15
-20
-19
-17
-16
-19
-18
-17
-19
-16
-18
-19
-18
-20
-15
-13
-17
-20
-16
-18
-16
-17
-17
-12
-17
-18
-15
-19
-19
-17
-18
-18
-21
-21
-18
-16
-19
-20
-19
-21
-18
-18
-19
-16
-15
-13
-15
-18
-16
-17
-17
-20
-19
-17
-17
-14
-15
-11
-15
-18
-15
-16
-16
-16
-13
-12
-16
-19
-20
-22
-16
-16
-16
-18
-16
-13
-14
-11
-10
-10
-11
-11
-11
-17
-15
-13
-16
-11
-12
-13
-12
-13
-12
-13
-13
-14
-13
-12
-16
-15
-17
-19
-15
-17
-18
-18
-20
-17
-19
-18
-17
-17
-16
-17
-17
-14
-13
-14
-17
-15
-8
-10
-14
-14
-13
-14
-14
-14
-14
-5
-5
-10
-8
-10
-16
-16
-15
-19
-24
-21
-13
-13
-17
-17
-17
-18
-18
-16
-15
-15
-15
-15
-17
-14
-11
-14
-15
-13
-8
-9
-10
-10
-10
-10
-12
-10
-11
-12
-10
-11
-9
-11
-10
-12
-12
-12
-11
-9
-12
-17
-14
-19
-16
-14
-8
-12
-18
-13
-12
-12
-10
-8
-11
-12
-13
-15
-14
-13
-12
-13
-11
-9
-11
-8
-13
-11
-12
-11
-11
-8
-9
-10
-7
-8
-8
-9
-11
-9
-10
-9
-8
-7
-8
-13
-12
-12
-9
-10
-13
-12
-3
-5
-11
-13
-12
-15
-20
-13
-20
-27
-16
-17
-20
-22
-21
-18
-19
-19
-18
-20
-20
-22
-22
-17
-20
-20
-22
-23
-23
-22
-21
-18
-19
-20
-22
-22
-20
-23
-22
-23
-24
-21
-23
-23
-26
-26
-26
-29
-27
-31
-30
-31
-34
-32
-32
-32
-32
-32
-32
-40
-39
-36
-45
-36
-30
-26
-26
-27
-28
-24
-26
-28
-23
-21
-25
-27
-28
-27
-25
-25
-29
-26
-25
-26
-25
-24
-25
-28
-28
-31
-31
-34
-32
-29
-31
-28
-31
-28
-30
-28
-30
-29
-28
-32
-32
-29
-28
-31
-32
-31
-27
-27
-26
-26
-28
-36
-31
-31
-36
-33
-31
-33
-35
-35
-36
-33
-35
-35
-35
-34
-33
-34
-34
-35
-31
-30
-30
-33
-34
-32
-34
-34
-34
-34
-30
-32
-33
-27
-30
-31
-30
-29
-31
-30
-28
-30
-25
-27
-28
-31
-35
-33
-30
-27
-29
-28
-24
-23
-20
-18
-19
-25
-23
-19
-21
-22
-23
-23
-24
-20
-21
-21
-21
-17
-19
-19
-17
-15
-19
-20
-20
-19
-21
-24
-24
-21
-21
-21
-20
-21
-21
-22
-20
-22
-22
-21
-21
-23
-23
-17
-15
-17
-17
-18
-16
-14
-18
-19
-20
-13
-12
-18
-11
-12
-17
-24
-20
-22
-25
-26
-24
-17
-22
-22
-22
-24
-22
-19
-21
-20
-18
-20
-21
-18
-18
-21
-19
-15
-14
-12
-15
-13
-12
-15
-15
-17
-14
-14
-15
-14
-13
-13
-13
-15
-16
-17
-14
-14
-19
-21
-17
-20
-18
-18
-21
-11
-17
-20
-14
-17
-19
-15
-17
-18
-17
-19
-18
-19
-17
-16
-14
-16
-19
-19
-19
-19
-23
-19
-19
-18
-20
-19
-17
-17
-18
-20
-18
-18
-18
-22
-22
-21
-22
-24
-24
-23
-23
-25
-23
-24
-18
-17
-21
-22
-23
-23
-27
-25
-29
-28
-25
-22
-21
-23
-24
-25
-21
-24
-23
-23
-26
-27
-26
-26
-25
-22
-22
-23
-25
-23
-22
-22
-20
-25
-21
-21
-23
-23
-24
-24
-25
-25
-24
-23
-27
-28
-29
-27
-28
-33
-31
-33
-32
-31
-30
-29
-27
-30
-29
-34
-36
-32
-41
-41
-35
-23
-22
-25
-24
-27
-22
-27
-29
-25
-23
-23
-26
-28
-29
-29
-29
-28
-29
-32
-33
-29
-30
-35
-35
-36
-33
-38
-39
-36
-37
-34
-38
-37
-36
-38
-38
-39
-37
-36
-37
-33
-32
-35
-38
-38
-29
-32
-31
-30
-29
-31
-37
-31
-30
-35
-30
-32
-34
-32
-32
-28
-30
-29
-29
-26
-29
-28
-25
-25
-22
-19
-19
-18
-23
-22
-21
-23
-20
-20
-21
-20
-18
-18
-18
-20
-17
-18
-17
-16
-15
-15
-16
-14
-22
-21
-18
-18
-14
-14
-15
-13
-14
-15
-13
-13
-16
-16
-15
-15
-19
-20
-17
-19
-18
-15
-17
-21
-17
-20
-18
-20
-15
-18
-17
-14
-18
-16
-19
-19
-17
-18
-21
-19
-23
-20
-20
-20
-19
-20
-19
-19
-14
-15
-14
-14
-6
-8
-9
-11
-12
-9
-11
-9
-10
-9
-1
-6
-2
2
-8
-6
-11
-10
-13
-13
-10
-6
-6
-11
-11
-11
-7
-9
-8
-5
-8
-7
-7
-6
-6
-7
-6
-3
-4
-2
-1
-1
-2
-4
-5
-7
-6
-7
-6
-5
-6
-7
-5
-9
-7
-9
-9
-10
-15
-18
-19
-14
-16
-13
-16
-21
-11
-15
-22
-17
-13
-12
-12
-12
-13
-14
-15
-15
-15
-14
-17
-14
-15
-15
-16
-20
-18
-17
-12
-12
-13
-10
-11
-12
-11
-14
-15
-18
-16
-16
-13
-15
-15
-15
-16
-16
-12
-14
-20
-13
-6
-4
-8
-11
-10
-12
-12
-16
-16
-14
-16
-14
-9
-9
-10
-10
-7
-9
-11
-12
-10
-10
-12
-8
-9
-9
-7
-7
-6
-5
-5
-4
-3
0
-3
1
0
-2
-1
1
0
0
2
1
2
0
-1
-5
-1
-3
-5
-2
-6
0
0
1
1
-1
2
-3
-11
-5
-4
-6
-2
1
5
5
8
8
6
5
4
7
8
10
11
4
7
6
8
7
9
9
9
10
8
7
5
4
1
3
0
4
4
4
4
3
4
4
-1
0
1
2
-2
-1
7
0
-2
-2
-2
1
-1
4
7
2
1
0
-2
-1
-2
1
-1
-6
-1
-2
-4
-5
-7
-1
-3
-6
-6
-5
-4
-1
0
-5
-1
-5
-3
-5
-3
-2
-2
0
2
2
2
-1
-1
0
-3
1
-1
2
0
-1
-6
-8
-4
-4
-1
2
3
5
4
8
10
7
6
4
5
10
3
1
1
2
4
3
7
7
4
5
3
2
3
4
3
3
1
3
3
2
1
-1
0
0
-1
-1
-1
-2
2
1
1
0
-2
-3
-5
0
4
4
1
0
-1
1
-1
-2
0
-3
4
1
1
6
3
-2
-8
-11
-14
-17
-16
-11
-10
-15
-18
-18
-16
-15
-14
-18
-16
-16
-18
-16
-16
-19
-17
-14
-14
-14
-14
-14
-15
-16
-21
-17
-18
-17
-15
-19
-19
-20
-20
-21
-21
-20
-23
-21
-20
-21
-21
-27
-27
-26
-21
-20
-25
-22
-21
-21
-23
-24
-21
-22
-19
-20
-22
-22
-22
-22
-22
-21
-25
-25
-25
-28
-26
-23
-23
-24
-22
-21
-25
-24
-24
-25
-27
-28
-27
-26
-24
-27
-24
-30
-28
-28
-27
-26
-31
-29
-24
-23
-25
-28
-29
-30
-35
-31
-31
-36
-32
-33
-30
-34
-34
-32
-32
-31
-32
-33
-32
-29
-34
-31
-30
-31
-30
-30
-30
-30
-29
-27
-27
-28
-26
-28
-27
-25
-31
-29
-27
-28
-25
-26
-25
-25
-29
-30
-32
-29
-33
-35
-37
-33
-32
-35
-32
-31
-33
-32
-41
-42
-40
-45
-36
-31
-26
-29
-30
-26
-27
-26
-28
-26
-25
-23
-27
-28
-28
-32
-31
-29
-30
-30
-31
-33
-29
-29
-32
-31
-24
-21
-17
-16
-13
-12
-5
-5
-9
-9
-18
-26
-29
-31
-37
-41
-41
-46
-47
-44
-46
-42
-35
-32
-19
-25
-25
-15
-16
-15
-14
-11
-15
-17
-19
-21
-20
-24
-25
-28
-27
-28
-27
-22
-21
-19
-17
-13
-14
-14
-15
-17
-17
-19
-21
-24
-21
-24
-29
-26
-33
-30
-33
-30
-28
-28
-23
-27
-25
-19
-13
-12
-10
-11
-7
-6
-7
-8
-8
-10
-11
-14
-21
-19
-23
-24
-22
-22
-19
-19
-17
-18
-18
-18
-18
-20
-19
-21
-24
-22
-26
-27
-27
-27
-28
-28
-28
-27
-25
-22
-22
-20
-21
-18
-17
-14
-17
-18
-18
-18
-11
-10
-11
-8
-11
-12
-11
-11
-7
-9
-6
-2
-6
1
-2
-12
-12
-10
-14
-14
-16
-13
-12
-17
-15
-16
-16
-15
-12
-15
-15
-18
-15
-13
-15
-10
-10
-9
-7
-7
-7
-7
-5
-4
-9
-10
-14
-15
-16
-15
-15
-12
-13
-15
-12
-13
-15
-16
-10
-10
-15
-11
-13
-16
-15
-10
-16
-20
-14
-16
-18
-21
-19
-18
-19
-19
-20
-17
-17
-16
-13
-14
-16
-14
-16
-15
-19
-15
-17
-16
-17
-18
-16
-19
-21
-19
-22
-22
-21
-21
-19
-20
-17
-20
-19
-17
-21
-23
-23
-17
-14
-18
-21
-22
-20
-23
-26
-27
-27
-29
-26
-23
-17
-20
-23
-22
-22
-20
-23
-21
-27
-26
-26
-28
-24
-26
-30
-31
-27
-29
-29
-28
-25
-26
-28
-26
-27
-27
-30
-31
-28
-33
-31
-30
-32
-32
-38
-38
-34
-35
-36
-40
-39
-38
-40
-40
-37
-36
-38
-40
-44
-44
-47
-52
-45
-38
-28
-28
-33
-33
-31
-31
-33
-28
-30
-26
-29
-35
-31
-31
-31
-35
-32
-31
-30
-31
-31
-31
-32
-30
-32
-33
-33
-33
-31
-30
-31
-30
-26
-29
-28
-32
-26
-28
-27
-29
-26
-22
-24
-26
-25
-20
-22
-20
-19
-18
-27
-21
-21
-29
-26
-21
-21
-24
-27
-24
-22
-21
-19
-20
-21
-22
-19
-20
-21
-21
-20
-18
-22
-19
-18
-22
-17
-19
-21
-21
-19
-20
-17
-17
-22
-18
-19
-19
-18
-18
-15
-16
-21
-23
-19
-12
-12
-13
-13
-10
-11
-10
-6
-9
-11
-12
-14
-14
-12
-13
-13
-15
-13
-9
-10
-9
-5
-6
-6
-8
-7
-7
-5
-4
-7
-6
-10
-10
-9
-8
-7
-8
-6
-4
-7
-5
-4
-4
-2
-5
-3
-7
-5
-1
0
3
0
1
2
0
-4
1
-1
-5
6
13
8
5
5
2
-2
-1
-1
-2
-8
-6
-1
1
-2
-4
-3
-3
-2
1
-1
-3
-1
-3
-2
-2
-3
-1
0
4
2
4
4
7
7
6
7
6
7
8
10
10
9
8
9
7
6
4
7
7
5
5
0
6
5
-4
11
10
5
9
9
12
8
10
9
9
8
9
9
11
6
6
6
3
4
4
2
1
6
3
5
4
5
3
3
4
1
-1
3
2
1
3
1
1
-1
0
0
-2
0
3
1
-1
-2
1
2
-4
-5
-4
-5
-6
-9
-4
-4
-1
-5
-7
-3
-3
-4
-9
-9
-9
-10
-9
-9
-6
-8
-10
-10
-10
-7
-9
-8
-8
-7
-7
-6
-5
-4
-6
-6
-5
-4
-3
-5
-3
-7
-6
-9
-9
-7
-12
-11
-8
-9
-10
-5
-5
-8
-9
-9
-18
-13
-13
-16
-8
-2
-2
-3
-2
-2
1
-3
1
2
2
1
-1
-1
1
1
0
2
3
1
1
1
1
-2
-4
-4
-3
-4
-3
-2
-2
-2
-1
0
0
-3
-3
-4
-2
-3
-3
0
3
0
-3
0
3
5
3
4
9
4
1
5
2
-2
1
2
-2
-3
-1
0
0
2
3
6
4
2
3
6
9
7
7
8
9
11
7
8
8
8
8
8
12
12
13
10
13
12
12
14
14
15
16
13
13
11
10
12
16
15
16
21
18
21
21
21
18
18
19
18
17
14
18
18
16
15
19
19
21
20
18
18
22
22
19
19
18
19
17
19
20
19
16
20
18
16
21
20
20
19
18
20
18
16
23
26
27
24
20
24
23
20
22
25
25
26
31
28
32
32
26
24
26
27
22
23
23
28
25
24
23
23
28
27
31
25
27
28
26
27
24
24
26
32
32
38
35
37
37
34
37
33
35
32
34
36
34
38
34
34
33
32
33
34
35
34
30
25
22
29
24
29
36
25
24
28
32
30
31
32
31
31
33
31
29
31
31
33
29
29
30
30
30
31
30
30
31
30
30
30
31
28
27
30
29
29
31
28
28
29
27
27
27
30
36
35
30
27
27
29
27
27
28
25
25
26
26
27
29
30
28
33
33
29
32
31
28
29
23
27
30
27
24
25
28
30
34
34
34
31
32
30
30
30
29
29
31
30
31
30
29
27
26
28
23
25
23
25
26
25
27
35
32
30
32
32
23
25
25
27
32
38
47
43
46
42
43
40
39
42
39
39
37
32
28
25
21
22
20
18
15
15
14
12
11
6
11
8
10
15
15
18
18
16
19
14
14
15
14
16
14
18
14
11
10
8
10
12
11
10
15
11
11
17
11
9
12
13
13
11
11
13
14
14
16
15
17
15
21
21
21
22
24
26
21
23
25
28
25
26
26
26
25
29
30
27
30
28
29
27
26
27
29
29
22
21
23
28
29
28
26
28
29
32
32
32
27
26
30
28
27
24
23
22
22
22
23
24
23
22
21
21
22
25
22
24
22
19
20
17
17
20
17
16
20
17
20
18
19
20
22
21
22
26
23
23
28
29
31
28
30
29
27
27
26
29
39
32
30
39
35
34
32
27
22
22
25
29
32
28
27
27
27
31
30
32
33
30
30
27
28
28
25
29
31
33
36
37
36
32
33
32
30
31
30
34
33
33
34
33
31
33
32
33
35
29
30
27
26
25
30
30
28
28
29
31
32
34
34
32
33
34
34
33
34
33
33
33
33
32
30
30
33
33
29
32
32
31
31
33
31
31
30
29
29
27
28
29
27
26
26
25
27
28
25
28
32
35
30
25
26
22
22
23
25
18
18
26
27
23
25
24
27
24
22
23
19
18
16
20
24
21
20
22
21
19
24
22
22
21
21
20
21
19
21
22
20
21
19
20
19
17
16
12
14
15
12
13
14
11
13
14
13
13
8
10
7
6
0
-5
5
11
14
15
15
14
17
13
11
13
18
15
14
13
12
16
16
18
15
13
14
15
16
12
12
9
6
7
5
5
8
9
12
10
8
5
8
6
6
6
8
6
10
10
8
9
4
10
9
12
15
7
7
8
7
3
5
6
4
5
3
6
4
3
1
1
7
4
6
6
2
6
5
4
6
5
4
2
4
5
3
6
3
3
7
6
5
5
4
7
6
7
6
7
9
1
-2
1
9
7
6
9
7
7
13
12
12
7
6
13
7
8
6
8
10
8
9
8
8
9
10
8
9
7
8
8
9
6
5
8
8
5
1
4
4
3
2
2
0
2
2
6
4
7
8
2
7
9
6
9
8
6
8
6
8
2
10
12
5
11
9
8
5
3
-2
-8
-6
0
2
-1
2
1
3
0
6
4
4
7
4
2
5
6
4
7
8
6
7
8
10
11
8
12
10
6
10
7
7
10
11
13
13
11
10
14
12
8
9
7
9
9
7
17
12
9
11
9
13
12
13
12
13
11
11
8
7
8
7
8
6
5
4
5
6
4
4
4
5
2
4
1
5
3
2
4
-3
0
1
2
1
1
0
1
-2
-3
-6
3
4
1
-1
0
0
-3
-3
-5
-3
-8
-8
-2
-1
-3
-3
2
0
2
-3
-1
0
-1
-3
-4
-2
-4
-2
-3
-5
-3
-1
0
-1
-3
0
0
-3
-2
-1
-3
-2
-2
-4
-3
-4
-2
-5
-5
-7
-8
-7
-9
-6
-10
-13
-12
-11
-10
-13
-11
-16
-17
-14
-20
-17
-15
-7
-2
-4
-7
-4
-3
-6
-6
-2
-3
-6
-8
-12
-8
-8
-8
-5
-5
-6
-3
-3
-6
-8
-11
-11
-10
-13
-13
-10
-12
-13
-9
-10
-11
-11
-14
-11
-10
-8
-11
-6
-5
-7
-7
-6
-3
-4
-4
-3
-7
-8
-5
-2
-9
-10
-3
-5
-9
-8
-9
-4
-5
-5
-2
-1
0
-4
1
-1
0
4
0
0
-1
-2
-3
-4
-1
-4
-6
-3
-2
1
-3
-7
-5
-5
-4
-4
-6
-8
-13
-12
-7
-7
-4
-4
-4
-5
-8
-6
-5
-5
-3
-3
-3
-6
-8
-7
-9
-6
-3
-2
-4
-5
-3
-2
-2
-1
-3
-2
-2
-1
-2
-7
-4
-4
-3
-3
-1
-1
-2
0
1
0
2
-1
4
5
1
8
9
4
5
11
12
10
11
14
11
10
13
11
8
14
19
17
23
16
14
13
9
6
5
2
6
12
8
5
5
10
7
11
12
7
10
7
8
8
9
10
9
11
11
14
15
14
14
12
15
14
14
14
13
13
16
17
15
16
14
13
12
16
11
9
10
7
11
11
8
16
13
8
13
14
12
15
20
16
16
15
16
15
16
17
13
18
16
16
13
13
13
16
17
15
17
18
17
15
19
15
15
12
10
14
13
14
12
13
12
11
12
10
11
19
18
12
15
12
8
6
4
3
6
6
6
11
11
9
6
10
11
9
8
7
5
5
6
6
10
7
6
7
6
11
12
9
10
12
10
11
14
12
10
12
13
11
11
8
11
11
13
10
7
10
9
11
8
7
10
8
7
7
12
9
-2
2
1
1
9
14
14
15
14
11
15
10
12
16
15
13
13
9
12
13
13
15
16
13
13
13
10
11
4
8
6
6
5
7
10
6
9
9
7
12
7
6
8
7
7
7
14
9
6
6
11
11
9
11
10
7
8
8
1
3
8
10
6
7
5
7
8
6
6
6
8
5
9
7
6
8
8
7
7
6
4
7
8
7
8
10
14
9
10
8
8
10
9
13
11
11
14
9
9
10
12
14
10
11
14
18
17
18
20
20
18
19
21
17
15
17
19
20
18
15
19
20
21
20
21
22
21
21
24
24
22
20
19
19
22
23
21
23
22
23
21
22
18
21
20
24
27
27
25
24
30
28
27
26
26
22
22
22
23
25
35
31
25
32
24
19
22
24
17
16
20
26
20
21
23
17
22
22
26
23
22
24
22
23
23
23
21
23
26
28
25
26
26
27
26
25
27
28
28
28
29
30
30
29
26
24
25
24
25
20
18
22
19
23
22
20
26
20
18
21
25
23
23
23
20
22
25
23
22
25
24
23
19
20
22
19
23
24
23
20
24
26
22
23
22
19
17
14
14
16
17
18
18
16
16
15
16
16
16
20
17
19
17
16
17
14
14
12
13
12
14
17
19
18
16
18
17
17
16
15
17
18
15
13
19
18
15
19
21
22
20
19
21
19
18
22
20
23
24
22
23
23
25
23
24
19
18
17
16
20
14
14
14
15
15
16
16
15
15
16
8
7
9
6
11
17
21
16
14
15
16
16
15
18
20
18
16
14
12
14
15
13
15
13
13
16
12
13
8
7
10
8
6
10
9
11
11
13
11
11
9
5
10
7
9
9
12
13
9
9
14
17
15
15
20
11
15
18
11
10
13
16
12
14
14
15
14
14
13
15
14
11
16
19
20
17
19
18
20
19
15
18
15
17
17
17
20
19
19
20
17
20
20
23
23
22
20
15
12
20
22
22
22
22
23
22
24
22
24
24
23
21
18
18
22
21
20
20
23
24
24
23
22
25
25
24
26
25
26
23
24
25
26
25
26
24
26
27
27
26
26
28
28
27
28
31
29
26
29
32
34
35
36
38
33
31
32
36
34
36
43
45
41
45
41
32
34
32
31
29
29
36
32
31
32
26
30
35
33
31
30
27
29
29
31
29
32
30
31
36
33
37
38
38
37
33
36
36
32
36
33
37
34
36
37
36
31
33
30
27
27
31
32
29
32
30
26
27
32
30
31
33
31
30
29
31
30
29
32
31
34
34
29
30
32
28
28
30
30
31
32
31
29
29
30
31
26
26
23
26
25
22
23
25
25
22
23
23
23
25
26
28
29
22
20
18
12
17
16
11
16
18
16
17
17
16
15
15
11
13
12
11
11
9
12
12
12
11
8
11
13
14
15
15
13
13
13
14
11
12
11
12
11
12
12
11
10
8
10
9
7
7
3
3
5
7
7
7
6
4
3
-1
-5
-4
3
11
16
12
9
10
12
9
6
11
13
13
10
7
9
15
14
13
13
13
15
15
14
14
13
10
7
9
6
9
14
14
15
12
17
13
14
15
14
11
15
13
13
14
9
11
12
14
13
18
19
14
6
17
13
8
18
13
12
10
9
12
14
15
12
12
13
15
15
16
15
15
16
17
11
14
18
15
15
14
13
13
16
16
20
17
13
11
13
14
12
15
14
14
8
6
4
9
11
13
13
14
13
14
16
14
16
13
9
13
10
7
9
10
11
14
13
12
14
16
18
14
12
17
16
16
13
15
16
13
12
11
12
12
12
13
13
10
11
11
9
13
14
13
12
12
21
20
17
15
15
16
13
13
12
13
20
22
22
27
20
14
9
12
13
6
5
10
11
7
8
8
8
10
12
13
14
15
14
13
14
14
15
13
16
19
23
21
25
22
20
22
20
20
19
19
22
21
22
24
22
25
22
21
21
20
24
21
21
17
15
25
23
20
23
26
22
20
22
25
25
23
23
22
18
20
19
21
20
18
20
18
15
15
18
15
18
16
15
15
14
14
11
8
9
10
11
11
12
9
7
7
8
9
9
9
8
9
10
4
6
3
0
2
-1
0
-4
0
3
1
5
6
3
9
6
4
3
3
1
3
8
6
10
7
8
8
10
10
12
14
11
12
15
13
14
15
15
13
14
14
14
17
9
9
13
15
13
8
11
11
12
13
15
18
15
15
10
5
10
8
8
16
18
22
21
19
23
21
18
20
22
22
22
17
18
18
20
17
19
21
20
16
15
18
17
16
8
13
10
11
16
13
16
15
17
18
17
16
18
15
18
15
22
24
20
18
17
24
19
21
23
25
20
21
25
18
19
20
21
18
20
20
22
21
22
23
21
24
20
24
22
26
27
24
24
21
24
22
23
23
23
23
24
26
27
23
21
20
22
22
21
22
20
21
24
25
18
14
16
23
21
19
19
20
27
24
22
23
21
24
22
19
21
19
20
19
17
20
21
22
25
22
23
23
22
21
22
21
21
17
21
21
20
20
22
20
18
20
21
21
21
22
21
20
21
26
23
30
30
27
24
23
25
24
26
25
28
32
30
30
31
33
27
21
22
21
15
22
27
24
22
21
24
25
28
26
25
25
24
26
26
28
27
28
30
31
35
33
32
33
30
32
30
29
31
30
31
34
31
32
28
29
31
27
29
31
31
27
26
29
28
24
34
30
22
27
32
28
29
32
27
32
29
29
28
25
28
30
30
27
27
27
26
23
25
24
23
24
30
27
28
28
25
24
20
22
25
22
21
21
19
22
19
20
22
23
21
21
23
22
23
20
19
16
14
13
14
15
18
21
18
19
20
20
18
21
21
18
18
19
17
19
18
18
17
19
19
20
22
21
23
19
20
22
20
18
21
20
22
23
20
20
20
21
17
19
22
13
16
18
17
19
18
19
17
20
20
10
13
10
8
14
20
28
29
25
24
26
22
24
27
28
24
21
22
20
21
19
23
21
24
26
23
25
23
21
21
22
21
19
20
21
22
22
22
23
22
18
21
23
21
18
22
26
22
25
21
22
25
24
32
28
27
28
21
19
18
25
22
20
19
19
23
26
24
24
25
22
22
24
21
22
25
25
20
22
20
22
19
18
18
18
19
20
21
23
19
19
21
21
23
23
22
24
23
18
15
16
21
24
18
21
24
22
25
22
23
23
17
15
17
15
15
16
16
17
17
19
17
19
17
16
19
17
16
16
16
13
10
10
13
12
11
10
10
12
10
10
12
11
9
12
10
10
13
16
19
22
17
19
20
18
18
15
17
14
14
25
20
20
28
24
18
14
14
12
11
12
15
17
13
13
11
11
16
18
19
19
14
20
19
18
17
18
23
23
24
23
24
26
24
23
23
24
25
26
25
27
28
27
27
24
26
27
27
23
19
19
16
22
24
19
17
19
19
14
20
25
20
23
23
21
23
20
19
19
19
17
17
20
19
14
12
14
15
16
15
13
14
14
11
13
12
11
9
8
10
12
9
7
8
7
9
5
6
9
10
7
7
6
9
8
6
3
2
1
3
8
7
6
7
7
6
9
7
9
8
6
9
6
6
8
9
11
8
10
12
13
14
15
15
17
14
12
16
17
14
15
17
15
16
17
13
12
12
13
10
11
12
9
5
9
11
9
10
7
12
6
8
6
-4
4
13
19
20
18
16
14
18
15
16
23
16
15
13
13
16
11
15
14
15
16
19
16
13
10
12
11
8
8
8
13
8
10
9
9
9
8
7
8
8
8
10
15
14
5
10
15
16
13
11
14
13
14
20
14
10
10
9
10
9
7
10
13
13
12
9
13
11
10
8
11
11
11
12
14
10
9
10
12
9
8
13
14
14
11
9
9
10
11
13
14
13
14
14
11
5
3
8
11
8
9
9
10
8
11
13
9
6
6
10
6
5
7
5
9
7
10
9
8
11
7
6
7
8
8
9
8
6
5
6
7
6
7
5
7
10
6
4
4
8
7
6
9
11
10
11
13
16
15
12
13
14
14
12
13
14
20
20
16
22
19
13
11
9
6
4
7
8
11
9
6
5
7
13
10
12
9
13
10
9
9
9
11
12
16
16
16
20
20
18
17
14
17
14
15
15
16
15
16
17
12
13
13
9
13
10
11
9
9
10
13
16
11
8
8
9
11
9
11
13
14
14
14
18
15
12
12
16
14
14
13
11
10
14
14
14
12
14
12
16
18
16
14
8
10
10
14
15
13
11
15
17
12
9
8
17
17
15
13
15
14
14
12
10
9
12
9
9
15
12
15
15
12
13
13
13
15
12
13
15
15
13
13
13
13
13
17
15
17
16
13
15
14
15
17
16
18
16
14
17
13
15
14
13
12
9
9
8
12
10
12
12
11
8
5
9
6
1
4
1
5
12
19
19
17
15
17
14
14
21
16
20
15
14
15
12
14
12
13
14
14
15
13
12
9
8
9
7
6
7
12
12
10
8
10
10
11
12
11
10
9
7
10
10
8
7
7
8
10
11
14
11
5
13
8
6
6
6
3
1
6
6
6
5
4
6
7
3
1
2
4
5
6
7
4
0
0
-1
1
-3
-2
1
2
3
0
3
2
1
2
2
3
4
-1
-6
-4
4
2
4
5
2
2
1
4
5
7
10
8
3
2
6
1
-1
1
2
2
2
4
3
3
4
5
-2
4
2
6
6
1
1
1
0
-1
2
-3
1
0
2
-1
-1
0
2
0
-3
1
3
4
2
4
10
9
6
6
5
6
6
7
6
12
16
14
9
4
1
3
7
2
-4
-4
0
3
2
-1
-1
-1
-2
1
-1
0
2
3
1
2
1
1
5
4
8
6
7
9
9
9
6
6
6
5
9
7
7
8
9
10
6
7
5
9
7
6
9
8
6
2
15
16
11
11
14
16
13
15
16
14
15
17
18
17
18
16
19
17
19
20
14
17
15
19
17
17
19
18
17
17
18
15
15
13
14
16
16
16
18
15
13
16
14
14
19
24
21
19
21
18
18
14
10
13
12
9
16
16
19
18
16
18
17
17
17
16
15
15
17
14
15
11
10
14
11
15
18
15
14
15
17
17
17
16
15
15
16
16
16
13
15
12
12
10
8
10
8
7
3
7
9
9
7
9
10
-3
-5
1
3
8
6
9
12
14
11
13
17
8
11
13
13
12
11
9
9
12
8
13
12
10
7
9
10
6
6
6
4
4
4
5
6
6
5
4
4
7
6
1
6
4
4
7
9
7
7
9
10
7
9
11
15
6
12
17
7
12
13
13
9
9
10
10
11
12
12
15
15
15
14
13
17
16
15
14
11
13
10
11
12
12
12
10
12
12
12
10
10
11
11
11
13
12
12
9
4
4
4
11
8
7
10
8
11
10
11
10
11
13
7
7
8
9
5
6
6
5
7
5
7
8
5
4
8
5
6
5
3
3
1
3
-1
1
2
2
5
1
0
1
2
3
5
9
8
6
3
12
16
12
11
10
12
8
9
9
6
10
19
15
12
15
12
10
10
9
2
2
5
11
11
4
4
4
8
11
9
11
7
9
6
8
11
9
9
12
13
13
16
17
19
15
15
17
18
17
17
19
17
21
20
22
26
22
23
22
23
24
24
23
19
19
17
25
27
22
27
27
28
30
30
31
33
31
32
33
30
31
33
33
31
32
31
29
31
29
29
29
32
31
29
33
34
31
29
30
28
31
31
33
28
26
29
30
32
24
33
34
34
33
31
32
30
27
24
25
24
22
28
28
29
23
20
28
25
25
25
19
23
22
19
22
24
21
19
18
21
21
23
23
20
25
24
24
25
24
23
22
26
25
21
21
20
19
17
20
18
19
19
17
17
13
18
17
20
16
17
15
7
13
15
15
15
22
26
22
22
21
25
23
16
22
23
25
21
20
19
17
20
21
23
22
20
23
25
22
23
20
22
20
19
23
21
23
23
20
20
21
22
18
18
23
22
22
24
21
19
13
20
21
19
19
18
20
23
20
12
13
16
13
12
10
10
14
13
16
14
16
16
13
14
13
15
17
17
15
16
15
14
11
12
13
11
11
12
15
12
8
9
10
10
9
11
10
4
3
4
10
12
7
7
6
5
8
8
11
10
10
7
6
7
7
6
2
1
5
6
5
8
5
7
5
3
4
7
8
7
7
6
7
6
6
7
8
8
8
8
10
9
8
7
6
9
12
16
9
14
13
20
21
17
19
18
18
17
17
18
17
28
27
28
34
28
23
20
22
18
17
20
23
27
24
20
22
25
26
26
25
29
26
30
30
30
28
30
35
34
42
38
35
42
41
40
38
39
42
42
44
46
42
43
43
43
40
37
39
42
41
34
36
40
39
39
37
40
40
36
40
41
43
43
43
46
45
45
42
42
42
44
48
43
43
45
46
46
42
42
43
43
44
45
40
44
44
40
39
38
41
42
40
41
39
42
41
37
42
43
49
46
43
42
42
40
37
37
39
33
33
34
36
38
34
35
34
36
37
38
38
33
35
34
32
32
35
31
29
31
31
32
35
31
31
33
32
35
34
33
31
31
30
28
28
29
28
27
26
25
29
25
21
21
21
21
20
22
21
19
20
13
16
17
9
13
22
30
30
28
26
26
29
23
28
30
28
26
27
24
25
25
27
29
27
25
28
28
25
25
22
21
23
22
24
24
24
25
22
23
21
21
22
18
21
19
22
25
19
17
22
21
26
22
22
27
17
21
26
23
25
29
30
28
27
32
35
37
36
37
42
48
48
57
66
73
88
105
201
212
314
375
547
705
829
1022
1242
1433
1598
1775
1900
2037
2007
2072
2007
1875
1688
1492
1233
957
599
338
23
-333
-623
-938
-1171
-1470
-1703
-1931
-2144
-2434
-2603
-2844
-3033
-3117
-3256
-3257
-3303
-3190
-3038
-2836
-2633
-2320
-1995
-1615
-1230
-916
-451
-125
263
570
884
1119
1371
1502
1663
1740
1830
1901
1889
1905
1857
1851
1796
1786
1692
1690
1543
1457
1343
1243
1105
924
746
543
341
78
-128
-378
-565
-811
-1020
-1192
-1305
-1414
-1482
-1527
-1504
-1405
-1327
-1132
-897
-656
-338
-77
268
603
918
1222
1479
1699
1922
2049
2143
2226
2168
2181
2045
1926
1768
1582
1346
1111
813
579
283
9
-283
-599
-922
-1246
-1617
-1964
-2311
-2672
-2961
-3222
-3387
-3553
-3577
-3589
-3427
-3311
-3034
-2737
-2342
-1976
-1572
-1220
-807
-440
-110
231
448
718
878
1054
1158
1311
1384
1513
1529
1621
1684
1752
1831
1862
1933
1948
1951
1903
1885
1766
1667
1459
1277
1047
800
538
261
-4
-275
-511
-734
-879
-1000
-1074
-1084
-1033
-931
-767
-597
-368
-139
107
355
620
840
1096
1266
1447
1559
1639
1697
1693
1660
1583
1485
1327
1171
931
759
474
219
-127
-457
-858
-1259
-1683
-2078
-2480
-2881
-3181
-3387
-3567
-3677
-3666
-3559
-3345
-3143
-2806
-2455
-2035
-1644
-1215
-889
-485
-206
111
330
498
674
812
901
963
1052
1140
1259
1286
1430
1502
1628
1715
1821
1916
1988
1988
1971
1918
1792
1660
1423
1205
915
649
332
35
-259
-501
-739
-951
-1080
-1173
-1161
-1179
-1112
-995
-793
-618
-406
-155
111
363
581
857
1087
1320
1481
1680
1794
1909
1955
2011
2007
1963
1890
1788
1651
1446
1271
1030
773
442
88
-305
-768
-1246
-1745
-2212
-2732
-3216
-3652
-4043
-4232
-4453
-4493
-4466
-4287
-4019
-3681
-3283
-2827
-2319
-1862
-1324
-972
-495
-170
158
431
612
812
953
1090
1175
1321
1405
1594
1666
1828
1953
2072
2219
2316
2411
2438
2443
2353
2265
2064
1873
1604
1299
972
607
264
-100
-421
-707
-940
-1182
-1322
-1392
-1400
-1376
-1307
-1188
-996
-796
-561
-276
-31
284
542
837
1099
1353
1585
1806
1930
2055
2155
2150
2185
2083
2040
1862
1698
1467
1228
916
565
194
-294
-699
-1288
-1725
-2316
-2782
-3294
-3717
-4108
-4298
-4504
-4580
-4504
-4380
-4041
-3802
-3353
-2943
-2424
-1977
-1459
-1108
-645
-322
11
303
472
699
842
997
1085
1242
1374
1558
1655
1828
1977
2110
2273
2384
2495
2536
2518
2449
2354
2180
1970
1701
1390
1052
700
345
-1
-333
-606
-869
-1100
-1247
-1328
-1359
-1359
-1300
-1078
-904
-677
-398
-77
233
490
804
1100
1350
1574
1829
1914
2059
2075
2136
2153
2063
1988
1840
1689
1470
1246
1002
715
331
-73
-506
-1021
-1490
-2038
-2519
-3070
-3602
-4028
-4273
-4513
-4688
-4676
-4576
-4293
-4091
-3631
-3214
-2688
-2222
-1671
-1267
-790
-388
-22
326
486
745
899
1076
1139
1284
1410
1561
1643
1785
1951
2056
2223
2347
2478
2542
2550
2535
2483
2333
2151
1923
1638
1305
947
589
211
-168
-475
-766
-1053
-1256
-1386
-1439
-1481
-1457
-1306
-1082
-890
-622
-290
49
372
674
1041
1335
1588
1852
2053
2172
2253
2298
2325
2279
2154
2049
1870
1665
1424
1175
894
542
140
-302
-786
-1285
-1779
-2305
-2822
-3350
-3854
-4222
-4425
-4704
-4764
-4780
-4581
-4374
-4075
-3666
-3208
-2714
-2226
-1700
-1313
-769
-435
22
295
536
781
969
1124
1225
1394
1528
1690
1760
1951
2064
2203
2368
2471
2582
2599
2595
2558
2465
2296
2103
1861
1554
1213
862
517
146
-202
-499
-804
-1077
-1272
-1394
-1476
-1498
-1480
-1276
-1149
-885
-596
-271
84
395
805
1118
1459
1722
2069
2168
2368
2410
2498
2487
2366
2297
2084
1895
1598
1365
1006
664
217
-224
-706
-1256
-1717
-2276
-2761
-3295
-3772
-4168
-4357
-4628
-4725
-4710
-4605
-4363
-4151
-3729
-3355
-2875
-2434
-1909
-1545
-1045
-666
-258
113
328
634
826
1044
1158
1349
1496
1675
1776
1938
2095
2199
2400
2498
2621
2647
2645
2604
2526
2361
2173
1944
1637
1324
972
649
269
-68
-383
-670
-962
-1149
-1299
-1376
-1411
-1363
-1258
-1077
-823
-607
-253
17
420
702
1052
1357
1668
1920
2101
2258
2337
2436
2357
2381
2229
2084
1875
1646
1400
1059
689
274
-205
-707
-1201
-1740
-2262
-2796
-3327
-3796
-4208
-4399
-4649
-4728
-4740
-4603
-4372
-4121
-3745
-3336
-2860
-2439
-1910
-1564
-1041
-700
-267
71
299
585
761
973
1086
1277
1411
1627
1720
1903
2058
2195
2396
2476
2630
2650
2655
2626
2544
2395
2214
1983
1692
1382
1028
706
336
9
-306
-588
-854
-1052
-1188
-1245
-1260
-1214
-1114
-932
-672
-426
-115
201
577
883
1192
1509
1796
2022
2178
2313
2371
2407
2343
2287
2131
1932
1702
1445
1147
769
374
-92
-563
-1097
-1593
-2133
-2652
-3162
-3653
-4062
-4253
-4524
-4608
-4632
-4507
-4293
-4082
-3702
-3332
-2879
-2481
-1971
-1652
-1138
-809
-402
-49
163
473
666
892
1022
1229
1388
1584
1687
1858
2016
2124
2321
2421
2559
2603
2609
2592
2519
2381
2217
2007
1715
1415
1094
784
428
95
-194
-485
-765
-965
-1117
-1214
-1241
-1211
-1109
-882
-718
-402
-104
230
575
890
1238
1535
1809
2020
2225
2252
2371
2311
2301
2199
1979
1816
1518
1267
898
553
102
-319
-874
-1300
-1877
-2371
-2836
-3348
-3769
-4071
-4258
-4480
-4455
-4500
-4196
-4140
-3744
-3461
-3000
-2597
-2181
-1761
-1412
-939
-706
-211
-57
284
467
711
878
1025
1279
1423
1627
1710
1935
2044
2227
2374
2470
2606
2574
2601
2537
2457
2287
2121
1871
1586
1290
973
684
315
29
-260
-525
-759
-918
-1039
-1073
-1085
-1016
-901
-700
-448
-199
115
409
773
1032
1360
1626
1903
2056
2182
2266
2277
2281
2141
2061
1811
1594
1299
993
643
186
-241
-736
-1228
-1778
-2255
-2783
-3244
-3727
-3945
-4194
-4414
-4408
-4389
-4160
-4048
-3731
-3397
-2949
-2618
-2123
-1798
-1392
-998
-712
-276
-120
187
384
613
740
935
1132
1338
1501
1619
1869
1968
2184
2321
2468
2579
2578
2613
2559
2479
2316
2160
1890
1606
1285
980
672
313
27
-252
-507
-738
-875
-972
-1021
-997
-928
-756
-568
-328
-21
254
579
877
1177
1448
1706
1903
2078
2141
2172
2196
2120
2044
1843
1657
1414
1129
808
451
59
-411
-860
-1395
-1854
-2412
-2852
-3364
-3728
-3932
-4255
-4304
-4402
-4204
-4102
-3868
-3569
-3197
-2792
-2403
-1932
-1657
-1139
-901
-452
-203
40
323
489
717
811
1061
1204
1429
1516
1728
1873
2019
2236
2327
2512
2540
2599
2580
2534
2426
2271
2078
1786
1521
1192
918
555
237
-65
-343
-601
-798
-937
-1021
-1040
-977
-882
-699
-461
-185
140
411
784
1068
1388
1635
1894
2058
2179
2181
2197
2162
2024
1885
1636
1419
1102
783
429
39
-437
-868
-1365
-1863
-2326
-2825
-3221
-3621
-3766
-4085
-4132
-4213
-4051
-3918
-3753
-3420
-3157
-2680
-2409
-1901
-1681
-1172
-935
-540
-241
-52
288
414
691
760
1024
1172
1393
1517
1681
1873
1987
2232
2311
2501
2555
2579
2601
2519
2453
2282
2132
1843
1596
1274
998
667
340
76
-239
-466
-689
-822
-915
-930
-867
-815
-604
-404
-95
178
485
827
1122
1418
1651
1910
2047
2167
2132
2156
2082
1946
1781
1533
1292
958
617
252
-173
-612
-1114
-1565
-2081
-2534
-2999
-3408
-3606
-3878
-4052
-4119
-4065
-3907
-3768
-3533
-3249
-2871
-2566
-2098
-1818
-1448
-1066
-812
-393
-252
65
271
495
623
819
1009
1204
1400
1502
1764
1842
2061
2222
2341
2480
2490
2539
2506
2442
2316
2193
1970
1690
1429
1117
850
491
210
-69
-348
-576
-747
-858
-910
-860
-843
-665
-489
-200
103
373
721
1028
1340
1575
1843
1991
2166
2105
2126
2065
1925
1776
1493
1251
902
541
136
-251
-783
-1222
-1741
-2218
-2686
-3161
-3514
-3643
-3932
-4033
-4066
-3967
-3721
-3646
-3281
-3031
-2631
-2344
-1869
-1636
-1234
-931
-661
-284
-213
150
293
527
631
825
1029
1215
1402
1549
1812
1882
2132
2288
2430
2558
2552
2623
2555
2491
2350
2225
1970
1698
1435
1121
856
490
270
-4
-274
-477
-626
-704
-721
-695
-630
-456
-265
22
297
580
896
1192
1434
1671
1852
2009
2080
2019
2003
1876
1730
1511
1252
944
595
190
-227
-667
-1149
-1625
-2128
-2584
-3045
-3477
-3676
-3806
-4080
-4063
-4083
-3797
-3706
-3404
-3106
-2749
-2395
-2047
-1612
-1386
-904
-767
-307
-185
49
300
466
661
722
1006
1132
1376
1485
1740
1896
2020
2262
2346
2554
2552
2617
2617
2524
2428
2263
2133
1804
1579
1261
1005
671
378
180
-122
-331
-527
-548
-584
-567
-454
-334
-75
111
457
719
1012
1301
1537
1746
1872
2039
2050
2076
1918
1844
1647
1394
1155
800
463
18
-422
-859
-1334
-1872
-2306
-2795
-3232
-3654
-3785
-3981
-4145
-4181
-4078
-3833
-3742
-3352
-3104
-2620
-2379
-1889
-1586
-1192
-832
-609
-162
-105
237
367
628
703
855
1067
1211
1402
1499
1789
1867
2078
2221
2358
2540
2511
2615
2544
2485
2334
2198
2002
1683
1432
1108
854
455
214
-45
-308
-518
-708
-715
-707
-662
-577
-351
-114
140
441
754
1079
1327
1556
1758
1874
1981
1970
1914
1794
1604
1367
1098
787
381
28
-507
-924
-1429
-1926
-2400
-2906
-3303
-3755
-3905
-4083
-4237
-4260
-4195
-3932
-3847
-3467
-3231
-2780
-2485
-2070
-1707
-1404
-943
-793
-309
-248
81
249
496
648
742
1026
1137
1391
1463
1753
1870
2067
2261
2351
2572
2560
2653
2609
2538
2430
2267
2123
1792
1575
1252
1027
658
392
169
-108
-272
-488
-471
-516
-468
-371
-205
44
224
562
808
1125
1354
1612
1775
1895
2009
2002
1979
1827
1702
1446
1193
874
506
101
-370
-857
-1347
-1871
-2370
-2883
-3312
-3778
-3926
-4146
-4309
-4287
-4258
-3942
-3869
-3464
-3198
-2725
-2436
-1966
-1637
-1302
-864
-710
-222
-185
136
302
523
670
782
1032
1164
1397
1487
1780
1889
2097
2288
2376
2585
2576
2671
2624
2555
2439
2288
2113
1782
1557
1215
974
588
306
71
-215
-372
-553
-572
-575
-507
-394
-210
42
288
612
866
1180
1440
1662
1828
1931
2035
1998
1928
1778
1599
1331
1042
702
299
-99
-612
-1095
-1621
-2104
-2648
-3103
-3566
-3922
-4004
-4321
-4297
-4369
-4123
-3966
-3752
-3412
-3079
-2652
-2372
-1832
-1678
-1111
-943
-556
-279
-163
179
284
564
608
871
1007
1249
1393
1582
1853
1932
2258
2334
2535
2653
2675
2773
2655
2623
2440
2350
2049
1782
1503
1192
940
525
336
31
-171
-345
-504
-422
-458
-327
-219
57
298
549
910
1138
1516
1649
1966
2014
2178
2172
2117
2045
1803
1646
1290
1036
583
219
-275
-792
-1280
-1841
-2310
-2899
-3297
-3804
-3943
-4164
-4375
-4329
-4340
-4003
-3998
-3574
-3355
-2897
-2603
-2154
-1813
-1506
-1045
-919
-417
-404
-61
100
339
495
621
892
1049
1299
1415
1715
1846
2062
2282
2354
2574
2558
2660
2610
2507
2405
2229
2078
1716
1499
1159
919
540
254
31
-267
-410
-611
-557
-603
-519
-376
-181
96
274
693
897
1227
1430
1693
1812
1901
1959
1900
1864
1613
1478
1149
889
498
101
-322
-844
-1344
-1846
-2336
-2890
-3304
-3778
-3940
-4118
-4356
-4270
-4282
-3963
-3847
-3508
-3179
-2783
-2426
-2006
-1611
-1351
-824
-697
-223
-133
135
385
558
753
860
1133
1276
1537
1659
1945
2109
2291
2567
2634
2851
2893
2966
2959
2829
2743
2554
2399
2026
1789
1448
1162
820
468
256
-88
-242
-447
-444
-489
-403
-257
-108
204
360
781
977
1293
1512
1746
1885
1959
2011
1935
1901
1600
1499
1108
857
432
13
-433
-987
-1466
-2063
-2496
-3155
-3514
-4096
-4191
-4427
-4666
-4560
-4592
-4194
-4179
-3689
-3470
-2950
-2647
-2177
-1775
-1525
-978
-893
-360
-372
-58
143
324
506
596
902
1014
1291
1411
1691
1872
2047
2336
2397
2637
2656
2761
2758
2612
2556
2341
2220
1808
1590
1240
944
613
250
58
-281
-419
-620
-628
-581
-552
-363
-191
121
308
680
950
1224
1488
1642
1854
1845
1932
1830
1750
1536
1294
1000
669
271
-165
-616
-1156
-1666
-2211
-2693
-3262
-3676
-4178
-4227
-4545
-4645
-4645
-4559
-4226
-4176
-3680
-3457
-2903
-2663
-2073
-1786
-1375
-930
-746
-220
-225
191
339
613
749
915
1195
1338
1602
1720
2043
2166
2398
2639
2709
2948
2946
3088
3058
2944
2880
2708
2570
2193
1984
1631
1370
987
650
426
70
-67
-299
-298
-293
-285
-107
48
335
513
885
1123
1411
1623
1799
1972
1946
2020
1890
1790
1541
1290
965
618
186
-263
-752
-1312
-1839
-2370
-2898
-3416
-3886
-4288
-4314
-4662
-4672
-4701
-4486
-4257
-4100
-3651
-3348
-2833
-2563
-1952
-1750
-1208
-918
-577
-165
-112
318
468
772
860
1124
1352
1582
1790
1983
2294
2407
2706
2872
3003
3191
3214
3358
3279
3174
3054
2880
2628
2234
1965
1574
1269
811
508
211
-102
-265
-435
-506
-474
-402
-259
-50
181
471
759
1009
1260
1508
1612
1793
1735
1786
1668
1456
1309
960
686
272
-105
-637
-1121
-1690
-2233
-2713
-3360
-3713
-4349
-4469
-4648
-4930
-4837
-4880
-4487
-4406
-3995
-3719
-3183
-2824
-2378
-1872
-1644
-1010
-922
-376
-278
-36
250
441
676
761
1087
1226
1512
1634
1904
2125
2270
2565
2644
2835
2898
2937
2992
2825
2750
2565
2449
2089
1806
1513
1176
890
477
276
-46
-225
-389
-453
-454
-380
-225
-63
197
428
772
1048
1271
1567
1721
1869
1915
1896
1869
1702
1490
1228
897
519
124
-373
-867
-1438
-1972
-2541
-3064
-3617
-4061
-4496
-4533
-4818
-4898
-4827
-4668
-4324
-4238
-3693
-3433
-2836
-2556
-1960
-1685
-1198
-850
-565
-130
-108
337
456
766
822
1075
1307
1523
1722
1931
2212
2377
2650
2838
3000
3155
3194
3278
3214
3059
2956
2747
2509
2052
1767
1378
1045
639
317
53
-250
-387
-548
-471
-476
-359
-140
83
381
601
1017
1220
1492
1648
1844
1903
1891
1871
1699
1573
1233
965
593
216
-267
-730
-1298
-1772
-2376
-2822
-3371
-3813
-4273
-4310
-4548
-4679
-4579
-4503
-4015
-4054
-3447
-3228
-2619
-2363
-1777
-1450
-1018
-589
-391
182
128
610
753
1099
1186
1392
1648
1884
2085
2282
2596
2747
3002
3187
3329
3486
3511
3562
3527
3287
3173
2916
2672
2199
1866
1485
1142
722
351
109
-240
-313
-492
-518
-443
-310
-101
66
384
666
1030
1223
1507
1705
1853
1933
1859
1894
1734
1533
1252
920
536
111
-401
-928
-1490
-2067
-2641
-3168
-3705
-4170
-4614
-4586
-4904
-4953
-4891
-4689
-4346
-4191
-3640
-3328
-2712
-2408
-1742
-1504
-929
-626
-263
157
174
627
768
1108
1140
1457
1677
1955
2120
2370
2666
2822
3104
3246
3392
3484
3448
3469
3337
3120
2967
2744
2456
1968
1675
1262
916
451
131
-168
-471
-583
-752
-725
-674
-504
-291
-74
207
512
874
1057
1297
1479
1614
1650
1558
1529
1317
1086
743
406
-31
-488
-1030
-1560
-2135
-2733
-3245
-3773
-4231
-4766
-4906
-5001
-5220
-5163
-5065
-4666
-4492
-4094
-3693
-3174
-2748
-2257
-1731
-1408
-790
-610
27
178
486
831
1103
1355
1449
1808
1995
2282
2354
2666
2805
2974
3169
3240
3389
3380
3377
3380
3167
2967
2726
2483
2043
1617
1296
929
586
130
-64
-403
-545
-695
-756
-663
-590
-340
-133
165
437
851
1168
1395
1663
1839
2012
1952
1946
1857
1646
1376
991
666
157
-325
-924
-1449
-2070
-2690
-3208
-3743
-4232
-4671
-4594
-4973
-4893
-4922
-4575
-4308
-4102
-3578
-3231
-2618
-2312
-1616
-1403
-712
-510
18
387
500
962
1155
1534
1590
1944
2188
2542
2690
3003
3265
3451
3672
3740
3820
3857
3744
3735
3527
3235
3004
2677
2313
1725
1394
969
654
176
-70
-308
-534
-598
-728
-646
-555
-389
-153
87
400
756
1138
1347
1604
1808
1934
1982
1833
1850
1575
1332
928
557
73
-452
-1044
-1624
-2167
-2862
-3330
-3887
-4336
-4806
-4753
-5059
-5007
-5015
-4686
-4364
-4185
-3604
-3313
-2649
-2373
-1652
-1423
-722
-469
19
485
575
1089
1277
1709
1764
2112
2346
2662
2761
2958
3128
3178
3300
3239
3204
3143
2931
2808
2546
2160
1894
1526
1193
641
367
28
-217
-597
-810
-967
-1178
-1151
-1302
-1183
-1025
-805
-511
-271
107
443
861
1068
1368
1570
1726
1809
1676
1748
1474
1314
935
619
173
-311
-826
-1451
-1948
-2675
-3134
-3781
-4194
-4785
-4805
-5049
-5225
-5126
-5056
-4569
-4543
-3891
-3623
-2937
-2616
-1927
-1584
-1069
-570
-327
329
292
826
1015
1431
1509
1746
2003
2260
2439
2599
2910
3009
3277
3392
3513
3617
3591
3510
3420
3067
2922
2592
2313
1739
1304
882
462
13
-432
-662
-1053
-1182
-1342
-1325
-1288
-1084
-826
-550
-293
107
524
816
1020
1311
1473
1592
1534
1465
1428
1107
854
443
97
-445
-966
-1545
-2109
-2731
-3357
-3785
-4351
-4799
-4851
-5065
-5136
-5086
-4902
-4467
-4328
-3779
-3420
-2788
-2471
-1793
-1482
-913
-524
-252
380
367
882
1076
1534
1654
1947
2202
2487
2651
2708
2914
2872
2985
2948
2915
2897
2731
2598
2432
2041
1823
1532
1270
777
474
147
-101
-442
-757
-853
-1103
-1025
-1236
-1167
-1016
-830
-554
-343
37
337
784
972
1274
1462
1638
1741
1627
1682
1450
1310
958
635
220
-210
-766
-1334
-1845
-2482
-3022
-3578
-4007
-4502
-4527
-4779
-4798
-4742
-4498
-4112
-3900
-3285
-2978
-2305
-1961
-1254
-980
-337
39
403
945
1001
1486
1642
2021
2030
2280
2457
2724
2807
2852
2882
2781
2786
2594
2444
2377
2228
2122
2019
1734
1630
1385
1186
736
503
231
11
-293
-512
-571
-734
-592
-685
-553
-392
-146
108
352
667
1018
1391
1610
1850
2034
2181
2232
2100
2074
1841
1600
1225
851
375
-99
-693
-1264
-1808
-2479
-2949
-3558
-3893
-4388
-4259
-4670
-4476
-4532
-4148
-3853
-3621
-2953
-2726
-1930
-1731
-838
-738
84
251
828
1218
1382
1904
2057
2476
2421
2732
2725
2897
2654
2616
2389
2271
2194
2125
2035
2065
1971
1948
1794
1512
1475
1215
1104
665
570
255
116
-238
-392
-513
-646
-592
-703
-562
-391
-188
40
283
594
919
1239
1451
1659
1837
1904
1972
1801
1787
1512
1280
913
534
98
-360
-938
-1453
-2009
-2602
-3120
-3613
-4055
-4426
-4386
-4764
-4568
-4667
-4178
-4017
-3596
-3098
-2690
-2031
-1665
-851
-663
222
365
1081
1331
1593
1966
2146
2386
2303
2496
2450
2541
2248
2192
1994
1907
1836
1743
1642
1682
1569
1639
1517
1428
1455
1335
1238
914
843
559
433
42
-112
-347
-469
-509
-633
-481
-403
-140
34
306
564
920
1241
1408
1649
1785
1914
1872
1804
1675
1469
1194
817
443
-19
-487
-1090
-1570
-2197
-2728
-3282
-3680
-4205
-4462
-4454
-4782
-4605
-4676
-4190
-4066
-3605
-3215
-2711
-2161
-1712
-994
-730
93
234
969
1193
1478
1808
2025
2204
2135
2247
2162
2193
1985
2025
1952
1951
1957
1919
1901
1956
1831
1901
1719
1610
1569
1429
1203
812
652
346
216
-145
-238
-412
-490
-483
-527
-467
-298
-60
185
389
704
1102
1415
1571
1763
1960
1971
2032
1801
1812
1514
1242
874
494
32
-440
-985
-1534
-2024
-2688
-3080
-3641
-4012
-4495
-4386
-4742
-4617
-4707
-4321
-4016
-3830
-3183
-2953
-2189
-1982
-1078
-918
-78
164
746
1188
1253
1714
1776
2125
1940
2100
1995
1999
1670
1582
1482
1459
1518
1511
1511
1595
1506
1531
1455
1200
1192
959
861
422
297
14
-120
-463
-618
-734
-896
-856
-919
-815
-692
-419
-134
137
405
856
1219
1519
1705
2017
2111
2254
2100
2096
1901
1613
1324
883
494
-59
-506
-1149
-1647
-2297
-2761
-3284
-3731
-4216
-4460
-4407
-4715
-4588
-4594
-4103
-3965
-3531
-3085
-2612
-2063
-1587
-916
-659
100
262
962
1104
1388
1754
2028
2263
2218
2400
2314
2284
2037
2077
1913
1923
1919
1834
1819
1788
1682
1680
1472
1327
1262
1132
965
616
509
247
63
-274
-367
-560
-596
-620
-687
-558
-417
-169
45
269
578
956
1293
1499
1740
1967
2098
2130
2042
2039
1793
1596
1245
901
444
9
-506
-1036
-1599
-2138
-2616
-3087
-3482
-3991
-4113
-4076
-4270
-4213
-4042
-3631
-3353
-2970
-2428
-1914
-1303
-748
-114
259
976
1251
1873
2046
2142
2281
2252
2173
1845
1864
1674
1654
1426
1530
1531
1701
1963
2153
2415
2568
2707
2873
2893
2833
2852
2732
2495
2086
1851
1456
1098
617
317
-56
-306
-480
-626
-630
-609
-377
-195
31
261
704
1041
1269
1499
1750
1896
1939
1858
1818
1617
1342
1030
602
162
-347
-851
-1441
-2029
-2629
-3084
-3603
-4060
-4489
-4823
-4675
-4964
-4896
-4768
-4409
-4072
-3785
-3219
-2809
-2139
-1740
-936
-656
116
487
972
1311
1265
1552
1504
1558
1214
1238
1022
1019
825
845
888
901
1111
1197
1381
1542
1693
1861
1905
1800
1865
1751
1605
1206
1036
715
459
83
-196
-444
-673
-758
-857
-861
-814
-517
-329
-67
120
609
935
1222
1366
1728
1813
1926
1848
1784
1708
1365
1169
723
398
-181
-527
-1203
-1653
-2313
-2766
-3257
-3798
-4199
-4731
-4558
-4891
-4864
-4890
-4515
-4213
-3971
-3407
-3072
-2383
-2058
-1269
-1028
-361
40
464
987
1045
1501
1660
1897
1700
1742
1707
1727
1609
1586
1652
1610
1733
1780
1835
1894
1897
1984
2038
1906
1984
1944
1913
1584
1430
1215
963
625
296
55
-270
-390
-552
-557
-650
-385
-192
71
194
634
1048
1339
1513
1823
2048
2115
2155
2011
2041
1682
1505
1067
705
174
-254
-861
-1404
-2037
-2576
-3041
-3652
-4016
-4607
-4586
-4707
-4885
-4815
-4622
-4204
-4004
-3505
-3114
-2494
-2086
-1426
-954
-527
170
422
1137
1199
1515
1702
1872
1759
1569
1530
1402
1332
1079
1155
1014
1106
1189
1288
1437
1516
1599
1707
1579
1533
1549
1482
1233
912
755
427
174
-208
-353
-657
-761
-884
-979
-923
-775
-503
-308
-13
277
753
1066
1324
1592
1846
2003
2052
2003
2015
1775
1597
1281
881
477
-3
-482
-1130
-1650
-2322
-2766
-3436
-3835
-4417
-4752
-4662
-5029
-4907
-4904
-4457
-4173
-3809
-3314
-2817
-2174
-1750
-1010
-721
72
386
989
1423
1588
2024
2192
2402
2275
2372
2288
2292
2110
2103
2024
1946
1932
1819
1799
1792
1735
1769
1714
1541
1534
1451
1325
985
846
586
360
37
-230
-437
-668
-708
-887
-800
-764
-509
-271
-27
273
651
1119
1323
1611
1840
2071
2126
2119
2085
1920
1748
1424
1070
651
206
-296
-891
-1471
-2102
-2629
-3195
-3746
-4233
-4773
-4763
-5002
-5153
-5115
-4952
-4505
-4354
-3824
-3419
-2738
-2308
-1565
-1119
-558
87
426
1156
1218
1671
1902
2206
2224
2293
2362
2408
2402
2326
2426
2325
2405
2398
2422
2477
2484
2487
2502
2253
2166
2040
1880
1515
1210
960
634
307
-116
-336
-660
-760
-881
-969
-938
-757
-528
-307
-88
275
715
1055
1260
1587
1797
1984
2015
1969
1989
1744
1612
1231
933
464
104
-468
-963
-1611
-2146
-2666
-3262
-3727
-4274
-4632
-4656
-4789
-4983
-4757
-4658
-4119
-4061
-3472
-3133
-2501
-2084
-1469
-1041
-535
72
328
1019
996
1534
1676
1998
1950
2090
2198
2295
2323
2242
2298
2140
2220
2100
2094
2008
2028
1993
2026
1837
1844
1813
1724
1452
1207
1022
706
463
62
-146
-484
-599
-722
-833
-796
-594
-367
-143
88
489
936
1277
1491
1862
2056
2287
2297
2285
2285
2045
1912
1509
1217
718
382
-215
-715
-1357
-1915
-2408
-3032
-3474
-4037
-4401
-4550
-4585
-4902
-4689
-4645
-4144
-3980
-3495
-3047
-2486
-1941
-1419
-831
-478
282
446
1123
1135
1491
1628
1727
1611
1448
1420
1252
1252
1042
1150
1073
1203
1287
1426
1558
1734
1865
2029
2024
2025
2062
1950
1716
1395
1187
824
585
190
-44
-352
-518
-686
-826
-855
-762
-575
-405
-180
101
524
893
1142
1467
1760
1966
2105
2103
2154
2016
1879
1572
1285
874
506
-10
-532
-1094
-1733
-2213
-2809
-3337
-3861
-4308
-4637
-4559
-4891
-4785
-4707
-4342
-3988
-3732
-3124
-2678
-1993
-1589
-834
-573
223
529
1080
1484
1646
2065
2176
2362
2220
2313
2173
2123
1845
1773
1656
1631
1685
1715
1804
1913
2024
2102
2138
2028
2062
1975
1846
1494
1299
1007
747
420
104
-95
-373
-487
-667
-708
-764
-514
-437
-207
0
357
797
1008
1334
1610
1908
1984
2138
2060
2131
1909
1731
1488
1089
787
325
-107
-671
-1198
-1822
-2319
-2937
-3511
-3989
-4570
-4746
-4856
-5175
-5064
-5074
-4641
-4480
-4071
-3647
-3081
-2547
-2066
-1422
-1135
-339
-155
517
737
1074
1436
1714
1931
1995
2269
2353
2565
2537
2701
2723
2759
2764
2746
2712
2744
2690
2677
2533
2337
2228
2023
1760
1331
1077
659
412
13
-294
-530
-772
-882
-1004
-1017
-933
-763
-553
-346
-69
256
697
934
1221
1540
1730
1964
1940
2046
1972
1914
1676
1510
1174
910
518
130
-309
-878
-1373
-1931
-2451
-3088
-3570
-4159
-4440
-4573
-4905
-4903
-4901
-4605
-4384
-4073
-3627
-3172
-2583
-2164
-1500
-1207
-446
-147
388
755
993
1442
1699
2021
2095
2382
2466
2649
2626
2672
2663
2618
2651
2584
2534
2477
2415
2371
2259
2013
1886
1705
1474
1102
842
518
239
-73
-420
-594
-840
-890
-1019
-1059
-934
-772
-552
-357
-100
237
640
894
1137
1471
1655
1878
1875
1961
1948
1823
1708
1431
1230
888
617
186
-134
-659
-1143
-1631
-2197
-2671
-3351
-3738
-4365
-4432
-4771
-4966
-4992
-4953
-4634
-4578
-4105
-3831
-3190
-2876
-2249
-1876
-1372
-800
-546
74
206
630
871
1239
1389
1640
1858
2080
2293
2420
2684
2792
2993
3055
3078
3038
3014
2894
2816
2535
2264
2038
1776
1396
985
656
262
-61
-496
-805
-1079
-1257
-1370
-1523
-1478
-1374
-1198
-999
-769
-467
-103
275
491
827
1090
1337
1484
1525
1651
1592
1579
1400
1265
1065
817
535
233
-72
-523
-928
-1364
-1915
-2391
-2958
-3439
-3976
-4265
-4428
-4812
-4727
-4875
-4491
-4492
-4066
-3759
-3263
-2784
-2404
-1762
-1470
-781
-627
30
173
519
766
1064
1285
1431
1706
1873
2174
2268
2538
2639
2882
2997
3156
3214
3249
3202
3146
2984
2687
2512
2213
1927
1452
1117
709
377
-52
-437
-704
-950
-1115
-1247
-1257
-1188
-1037
-858
-592
-372
3
304
647
857
1165
1335
1576
1618
1678
1718
1626
1578
1346
1270
974
822
489
299
-91
-404
-806
-1220
-1722
-2230
-2741
-3249
-3719
-3998
-4242
-4604
-4567
-4711
-4403
-4462
-3993
-3786
-3237
-2903
-2392
-1894
-1474
-896
-669
-47
46
483
652
1006
1122
1335
1530
1734
1946
2074
2338
2498
2806
2970
3205
3319
3441
3435
3420
3235
3010
2802
2504
2163
1696
1358
938
573
121
-215
-504
-753
-929
-1078
-1117
-1100
-978
-801
-620
-367
-70
255
460
725
932
1142
1290
1356
1437
1440
1413
1309
1205
1059
906
698
491
281
-4
-256
-578
-942
-1359
-1877
-2306
-2838
-3301
-3676
-3875
-4299
-4365
-4538
-4360
-4308
-4079
-3706
-3365
-2885
-2515
-1920
-1566
-935
-677
-98
151
443
737
983
1198
1295
1525
1676
1908
1990
2228
2384
2611
2769
2926
3056
3144
3212
3220
3181
2996
2867
2627
2314
1889
1515
1108
706
278
-133
-456
-766
-1001
-1188
-1278
-1312
-1240
-1144
-912
-756
-426
-120
173
431
694
957
1152
1327
1369
1532
1483
1500
1391
1348
1214
1054
916
721
503
276
78
-245
-542
-990
-1386
-1891
-2393
-2927
-3373
-3627
-4052
-4322
-4463
-4468
-4385
-4300
-3984
-3715
-3227
-2895
-2313
-1930
-1375
-927
-506
-39
136
524
745
1009
1077
1302
1446
1638
1755
1915
2125
2303
2549
2750
2977
3144
3285
3382
3420
3306
3191
3037
2761
2392
1988
1625
1181
771
295
-87
-441
-745
-1003
-1150
-1230
-1233
-1162
-1034
-814
-614
-244
60
354
586
904
1144
1375
1474
1595
1716
1673
1681
1586
1579
1414
1312
1132
988
774
575
422
87
-153
-575
-923
-1413
-1936
-2456
-2975
-3324
-3712
-4099
-4308
-4402
-4375
-4322
-4139
-3845
-3459
-3027
-2596
-2086
-1685
-1118
-761
-294
-24
249
554
723
876
980
1167
1295
1451
1554
1746
1925
2178
2413
2658
2887
3082
3241
3338
3325
3242
3165
2952
2650
2277
1926
1554
1140
699
245
-125
-490
-786
-1033
-1191
-1231
-1285
-1202
-1114
-894
-649
-341
-71
171
509
733
1043
1155
1396
1467
1576
1592
1594
1610
1555
1523
1385
1347
1173
1122
920
831
576
351
51
-299
-668
-1208
-1682
-2336
-2741
-3295
-3577
-4096
-4233
-4407
-4410
-4331
-4221
-3809
-3525
-2982
-2672
-2065
-1714
-1127
-783
-332
-47
184
461
593
758
811
992
1080
1238
1314
1490
1675
1899
2137
2341
2572
2754
2950
3063
3118
3085
3023
2874
2614
2301
1961
1627
1216
786
334
-47
-410
-749
-998
-1187
-1261
-1290
-1262
-1142
-1016
-718
-503
-236
-35
281
522
742
899
1058
1226
1265
1361
1350
1429
1399
1397
1354
1336
1269
1214
1155
1054
933
754
520
272
-75
-502
-965
-1530
-2124
-2730
-3112
-3578
-3987
-4298
-4381
-4394
-4357
-4148
-3853
-3418
-3015
-2528
-2067
-1566
-1131
-679
-253
18
241
493
703
792
864
994
1154
1267
1384
1535
1745
1994
2223
2474
2716
2935
3121
3283
3318
3265
3202
3041
2762
2362
1971
1567
1141
655
180
-213
-575
-898
-1151
-1293
-1370
-1341
-1276
-1122
-982
-720
-415
-152
92
319
610
805
980
1072
1251
1313
1359
1370
1403
1454
1424
1448
1412
1410
1375
1365
1314
1242
1118
939
754
457
133
-274
-715
-1270
-1847
-2501
-3089
-3500
-3905
-4333
-4569
-4662
-4570
-4474
-4242
-3886
-3470
-3005
-2558
-2099
-1659
-1182
-873
-467
-288
-82
105
251
304
358
470
602
739
865
1080
1286
1568
1832
2111
2406
2660
2885
3062
3152
3127
3085
2977
2732
2397
2021
1635
1232
794
359
-5
-338
-629
-872
-1037
-1106
-1164
-1078
-1028
-945
-764
-537
-308
-221
26
164
429
471
641
741
883
941
950
1115
1145
1319
1317
1468
1472
1580
1620
1644
1624
1550
1459
1231
1061
697
382
-64
-532
-1093
-1671
-2246
-2861
-3359
-3709
-4071
-4393
-4462
-4436
-4266
-4123
-3801
-3436
-2980
-2620
-2169
-1791
-1385
-1101
-831
-528
-408
-248
-123
1
46
155
278
468
635
845
1058
1322
1592
1867
2149
2394
2560
2707
2808
2808
2730
2645
2492
2248
1918
1609
1311
1019
677
351
119
-116
-315
-445
-513
-576
-611
-572
-561
-503
-360
-244
-157
-77
47
116
238
304
429
509
599
686
777
956
1037
1194
1305
1423
1483
1580
1632
1636
1630
1504
1382
1175
970
651
291
-63
-552
-991
-1543
-1994
-2553
-3004
-3493
-3769
-3994
-4232
-4223
-4243
-3981
-3915
-3547
-3309
-2895
-2575
-2188
-1882
-1613
-1285
-1106
-789
-686
-490
-383
-182
-80
52
242
465
684
883
1128
1365
1636
1876
2101
2294
2426
2525
2564
2568
2459
2341
2174
1934
1647
1359
1095
815
541
252
29
-173
-332
-460
-549
-605
-666
-664
-656
-625
-553
-460
-372
-309
-194
-96
54
171
301
437
583
745
869
1057
1200
1368
1500
1630
1723
1794
1860
1856
1843
1739
1636
1461
1272
1020
722
459
53
-278
-704
-1058
-1511
-1893
-2289
-2694
-3047
-3354
-3448
-3703
-3708
-3796
-3623
-3535
-3350
-3114
-2821
-2503
-2266
-1905
-1686
-1341
-1153
-819
-601
-384
-173
25
234
388
599
788
1024
1199
1385
1570
1757
1923
2060
2200
2273
2321
2320
2300
2221
2088
1953
1762
1550
1283
1052
827
608
353
135
-44
-231
-377
-509
-590
-665
-722
-764
-773
-769
-670
-635
-517
-441
-294
-150
7
182
346
559
689
909
1022
1255
1373
1544
1643
1735
1806
1834
1859
1826
1794
1667
1569
1382
1225
984
757
502
210
-79
-420
-729
-1109
-1408
-1815
-2127
-2510
-2829
-3098
-3267
-3440
-3551
-3555
-3519
-3357
-3252
-2963
-2744
-2389
-2118
-1760
-1489
-1140
-874
-552
-267
-59
170
362
564
698
872
1026
1202
1336
1470
1584
1720
1852
1979
2071
2159
2188
2216
2201
2154
2043
1940
1775
1576
1345
1117
896
675
426
175
-37
-244
-417
-567
-678
-767
-840
-873
-892
-893
-830
-729
-581
-521
-344
-182
45
221
385
632
796
1000
1117
1360
1470
1669
1713
1835
1908
1939
2000
1969
1966
1870
1800
1661
1533
1338
1160
929
666
424
129
-158
-479
-826
-1139
-1505
-1823
-2171
-2464
-2794
-3093
-3271
-3400
-3499
-3533
-3487
-3328
-3173
-2939
-2670
-2313
-2005
-1652
-1342
-1016
-675
-401
-61
164
398
584
785
924
1093
1220
1382
1517
1627
1744
1856
1997
2092
2184
2260
2281
2281
2259
2221
2104
1965
1792
1593
1354
1096
848
610
369
89
-142
-355
-526
-681
-795
-876
-929
-962
-962
-930
-872
-748
-617
-468
-344
-145
70
292
465
665
891
1069
1254
1405
1601
1721
1851
1906
2008
2065
2102
2113
2088
2039
1949
1860
1730
1585
1371
1186
943
691
442
158
-127
-462
-774
-1096
-1407
-1729
-2019
-2309
-2602
-2880
-3142
-3306
-3382
-3478
-3481
-3423
-3285
-3076
-2858
-2540
-2238
-1880
-1565
-1166
-857
-494
-185
130
416
636
852
1025
1204
1312
1440
1531
1638
1728
1814
1877
1935
2000
2065
2106
2121
2113
2088
2020
1932
1781
1633
1448
1225
970
720
480
241
-2
-246
-449
-652
-797
-913
-990
-1031
-1050
-1040
-1020
-952
-869
-667
-520
-380
-184
28
259
446
660
876
1079
1237
1395
1561
1698
1820
1882
1983
2036
2060
2094
2081
2048
1978
1909
1783
1662
1478
1303
1068
813
564
294
54
-250
-533
-832
-1119
-1408
-1696
-1920
-2197
-2427
-2668
-2859
-3037
-3216
-3298
-3317
-3334
-3293
-3185
-2965
-2729
-2473
-2171
-1812
-1431
-1050
-648
-310
62
352
676
938
1172
1364
1536
1650
1719
1773
1847
1917
1929
1933
1919
1922
1913
1907
1901
1866
1795
1693
1589
1467
1308
1136
926
675
401
147
-84
-296
-534
-758
-946
-1107
-1214
-1285
-1303
-1304
-1265
-1216
-1118
-994
-769
-510
-334
-70
163
471
721
959
1197
1414
1603
1743
1899
1991
2117
2128
2170
2193
2192
2186
2132
2069
1990
1902
1778
1651
1493
1301
1090
846
608
372
130
-153
-462
-746
-1037
-1296
-1595
-1810
-2076
-2284
-2512
-2687
-2818
-2950
-3065
-3188
-3257
-3267
-3192
-3159
-2950
-2815
-2512
-2269
-1939
-1579
-1166
-743
-327
86
411
797
1058
1395
1611
1824
1956
2046
2094
2116
2117
2104
2074
2003
1912
1807
1725
1647
1563
1469
1336
1213
1083
941
789
609
432
193
-43
-295
-512
-722
-916
-1124
-1302
-1441
-1550
-1587
-1608
-1565
-1517
-1393
-1276
-1075
-885
-601
-306
-44
281
582
970
1246
1546
1763
2020
2199
2357
2486
2552
2604
2565
2546
2484
2443
2342
2236
2082
1931
1788
1640
1486
1297
1098
867
636
401
179
-58
-318
-604
-886
-1135
-1369
-1597
-1810
-2012
-2213
-2363
-2507
-2572
-2644
-2701
-2768
-2791
-2811
-2807
-2783
-2717
-2561
-2507
-2265
-2078
-1724
-1425
-1093
-744
-377
39
420
851
1132
1474
1672
1922
2085
2223
2311
2319
2270
2168
2086
1984
1886
1729
1553
1370
1191
1066
939
842
689
548
396
254
152
12
-105
-283
-469
-679
-832
-971
-1090
-1236
-1364
-1452
-1509
-1481
-1430
-1330
-1220
-1066
-897
-668
-420
-143
140
458
713
991
1321
1606
1903
2058
2244
2373
2505
2562
2633
2601
2557
2458
2310
2223
2081
1974
1796
1597
1402
1253
1109
961
776
587
400
186
9
-150
-312
-516
-748
-954
-1149
-1287
-1456
-1593
-1746
-1877
-1979
-2047
-2067
-2098
-2099
-2137
-2118
-2102
-2062
-2014
-1991
-1962
-1971
-1869
-1759
-1640
-1438
-1263
-984
-755
-473
-196
141
482
807
1118
1340
1582
1724
1931
2010
2085
2083
2035
1926
1793
1663
1507
1368
1147
952
753
585
438
318
213
66
-40
-163
-243
-321
-399
-479
-595
-697
-824
-897
-972
-1032
-1108
-1145
-1163
-1151
-1078
-995
-865
-728
-541
-346
-117
137
392
659
936
1172
1436
1680
1874
2045
2146
2236
2290
2306
2261
2199
2074
1967
1806
1654
1501
1326
1171
997
838
702
590
470
349
219
102
-10
-120
-238
-368
-504
-660
-797
-937
-1079
-1207
-1348
-1465
-1571
-1657
-1710
-1749
-1759
-1764
-1749
-1708
-1646
-1588
-1518
-1454
-1408
-1341
-1308
-1256
-1233
-1201
-1115
-1077
-937
-801
-608
-408
-251
-53
152
419
665
928
1073
1233
1333
1455
1543
1590
1601
1509
1392
1240
1121
993
862
672
479
287
147
62
-30
-97
-189
-244
-284
-292
-274
-287
-286
-316
-334
-351
-354
-367
-390
-414
-422
-402
-380
-335
-283
-202
-96
53
219
391
567
742
958
1162
1370
1528
1657
1749
1817
1865
1877
1857
1764
1640
1482
1343
1196
1050
876
685
511
381
284
178
93
12
-44
-100
-141
-164
-203
-255
-326
-390
-462
-534
-628
-731
-842
-950
-1032
-1125
-1211
-1290
-1337
-1375
-1368
-1374
-1335
-1309
-1263
-1203
-1138
-1075
-1022
-977
-959
-906
-904
-865
-860
-813
-785
-694
-572
-446
-314
-219
-71
87
294
487
664
775
876
973
1067
1152
1183
1192
1122
1033
941
861
765
624
471
308
179
60
-27
-123
-203
-266
-308
-324
-337
-333
-326
-297
-280
-259
-238
-224
-216
-202
-172
-131
-96
-70
-19
45
127
232
355
478
598
726
856
996
1111
1225
1311
1381
1431
1453
1445
1410
1358
1274
1174
1049
923
795
666
522
384
256
151
48
-42
-110
-171
-218
-270
-312
-348
-376
-415
-446
-496
-541
-578
-636
-687
-759
-807
-869
-930
-990
-1029
-1061
-1090
-1104
-1112
-1099
-1091
-1068
-1039
-997
-949
-902
-855
-816
-769
-718
-655
-605
-520
-430
-318
-215
-117
-20
72
188
295
413
505
581
631
686
731
770
794
782
751
704
655
597
537
457
367
275
182
107
28
-37
-112
-160
-207
-237
-263
-284
-287
-292
-270
-257
-222
-189
-151
-90
-20
61
124
195
286
382
487
590
682
754
828
914
990
1049
1085
1118
1129
1127
1129
1117
1082
1022
961
903
831
744
657
568
467
375
291
200
103
19
-53
-119
-189
-252
-309
-368
-415
-452
-471
-511
-548
-576
-586
-608
-624
-644
-661
-680
-700
-707
-721
-733
-742
-749
-756
-755
-752
-759
-748
-744
-725
-703
-684
-662
-631
-597
-568
-531
-491
-433
-379
-302
-228
-146
-62
20
101
184
263
338
417
475
534
571
602
623
628
632
617
605
565
528
487
442
395
343
291
240
193
151
125
92
78
55
47
41
43
59
66
85
107
140
177
216
265
331
391
454
503
561
623
684
729
783
808
819
832
841
844
839
824
797
766
726
697
653
604
544
482
419
355
288
221
161
97
34
-29
-95
-150
-215
-266
-311
-342
-389
-430
-466
-487
-502
-525
-536
-553
-555
-566
-550
-555
-551
-554
-556
-547
-557
-554
-556
-550
-554
-547
-549
-535
-530
-528
-506
-497
-480
-474
-444
-429
-403
-376
-342
-312
-278
-218
-173
-109
-61
3
57
108
153
203
250
284
324
346
380
392
406
399
402
393
382
369
349
329
294
276
243
237
223
219
212
200
196
202
207
208
218
241
269
295
325
349
376
396
425
460
483
503
520
535
545
548
557
562
566
555
548
543
527
506
485
460
432
394
361
318
275
237
196
151
107
56
11
-35
-82
-117
-158
-197
-237
-273
-304
-324
-350
-381
-388
-405
-419
-427
-438
-443
-443
-449
-447
-447
-447
-435
-433
-426
-414
-406
-397
-385
-385
-366
-361
-357
-347
-343
-333
-320
-316
-298
-288
-277
-256
-239
-218
-192
-165
-140
-107
-81
-46
-12
22
57
83
100
126
147
161
173
180
191
194
190
200
211
209
214
224
230
244
254
267
282
297
312
329
340
358
373
387
401
410
422
430
441
452
457
466
472
477
476
479
480
474
467
458
443
434
420
398
380
367
347
323
302
279
260
232
216
192
170
158
129
108
89
56
28
2
-20
-46
-70
-90
-103
-120
-140
-159
-170
-184
-189
-197
-199
-201
-208
-200
-202
-202
-197
-191
-188
-186
-186
-180
-184
-178
-181
-186
-190
-186
-188
-190
-188
-191
-184
-188
-186
-177
-179
-175
-163
-156
-154
-139
-137
-123
-121
-100
-80
-80
-65
-44
-27
-22
-3
7
19
23
31
39
40
41
46
49
43
48
47
46
44
46
53
55
59
68
76
86
103
116
133
148
167
182
205
223
246
267
281
299
312
330
335
342
356
360
362
361
358
354
346
341
327
317
310
293
288
276
260
251
237
222
208
197
182
169
157
145
130
116
99
86
72
64
54
42
35
24
22
16
13
13
9
6
6
5
1
-1
-6
-11
-20
-24
-34
-46
-50
-65
-74
-89
-94
-101
-110
-121
-129
-138
-141
-153
-154
-154
-158
-154
-154
-146
-147
-140
-139
-140
-138
-131
-123
-119
-118
-109
-103
-101
-88
-83
-74
-68
-62
-52
-50
-40
-40
-39
-38
-36
-37
-44
-40
-38
-42
-45
-49
-48
-54
-58
-58
-58
-60
-58
-53
-39
-39
-37
-26
-15
-4
7
19
35
40
49
73
79
84
103
116
127
138
149
162
173
183
191
199
206
209
214
214
213
216
210
208
201
194
187
181
174
163
160
149
140
132
127
116
109
100
89
83
75
68
61
50
39
33
28
21
12
12
6
0
-4
-7
-4
-7
-8
-11
-9
-10
-15
-16
-13
-10
-9
-10
-6
-6
-6
-5
-5
-8
-9
-7
-6
-12
-14
-19
-21
-24
-24
-26
-30
-31
-32
-35
-38
-40
-45
-48
-51
-51
-54
-62
-62
-64
-65
-66
-70
-70
-73
-73
-72
-75
-73
-73
-61
-60
-70
-63
-62
-64
-61
-56
-57
-53
-51
-43
-36
-34
-34
-30
-24
-13
-5
-3
2
8
12
16
18
24
35
40
46
53
55
59
65
66
64
70
70
74
79
81
86
84
86
89
87
90
85
84
87
84
84
77
69
71
65
66
67
58
55
52
50
46
44
39
34
30
27
25
22
19
16
14
12
9
8
8
4
5
7
6
9
7
11
12
12
9
9
7
5
7
5
2
0
-4
-11
-12
-17
-24
-29
-33
-35
-40
-42
-48
-55
-60
-60
-64
-70
-67
-69
-63
-62
-60
-59
-55
-49
-49
-46
-44
-44
-41
-41
-38
-35
-34
-30
-28
-26
-22
-17
-17
-17
-12
-11
-11
-9
-6
-6
-5
-1
-3
-2
-2
-4
-3
-6
-5
-8
-6
-10
-16
-12
-14
-20
-15
-15
-14
-13
-12
-19
-24
-14
-15
-15
-8
-2
-6
-4
-9
-6
-8
-10
-7
-10
-14
-17
-19
-19
-21
-22
-21
-21
-21
-20
-25
-25
-25
-30
-30
-29
-31
-35
-35
-34
-34
-34
-33
-34
-30
-32
-33
-32
-36
-34
-33
-31
-31
-34
-38
-38
-34
-35
-38
-39
-43
-39
-41
-45
-47
-44
-46
-45
-47
-47
-43
-44
-42
-42
-40
-44
-45
-42
-40
-42
-41
-37
-38
-37
-33
-34
-31
-27
-27
-24
-21
-20
-14
-10
-12
-12
-11
-9
-8
-5
-6
-6
-12
-18
-15
-13
-13
-22
-21
-20
-20
-19
-23
-19
-17
-19
-17
-18
-16
-14
-16
-15
-15
-11
-11
-13
-11
-12
-11
-14
-11
-12
-13
-16
-19
-21
-26
-27
-28
-29
-33
-34
-36
-38
-40
-41
-45
-45
-48
-46
-47
-43
-47
-47
-48
-43
-39
-44
-41
-42
-45
-46
-48
-48
-51
-46
-41
-50
-44
-43
-54
-56
-57
-59
-61
-59
-57
-51
-56
-61
-64
-63
-62
-60
-56
-61
-62
-64
-64
-67
-69
-65
-66
-58
-59
-58
-52
-54
-51
-55
-52
-51
-49
-46
-48
-46
-43
-40
-43
-42
-43
-45
-44
-43
-42
-47
-45
-44
-44
-42
-45
-41
-38
-44
-35
-33
-34
-32
-30
-30
-27
-25
-24
-24
-24
-21
-21
-21
-23
-21
-24
-25
-27
-27
-24
-25
-27
-24
-23
-22
-23
-25
-27
-33
-30
-31
-29
-31
-31
-32
-34
-36
-31
-31
-33
-31
-31
-30
-29
-33
-33
-35
-33
-30
-37
-35
-29
-28
-26
-29
-29
-30
-28
-29
-35
-33
-37
-39
-41
-41
-39
-44
-45
-47
-48
-50
-51
-50
-53
-55
-56
-58
-59
-59
-59
-60
-57
-57
-53
-55
-53
-52
-53
-51
-48
-48
-53
-50
-51
-48
-49
-50
-46
-48
-44
-49
-52
-52
-58
-50
-39
-32
-32
-33
-36
-35
-34
-38
-33
-31
-29
-33
-35
-37
-39
-36
-35
-33
-32
-33
-31
-29
-30
-30
-27
-27
-28
-29
-25
-25
-21
-18
-17
-17
-18
-17
-17
-16
-14
-17
-15
-14
-10
-15
-16
-8
-12
-10
-14
-14
-16
-23
-14
-17
-20
-22
-18
-18
-25
-23
-22
-20
-20
-20
-18
-17
-17
-14
-11
-12
-10
-8
-6
-7
-10
-6
-8
-9
-11
-11
-9
-8
-6
-8
-7
-9
-9
-6
-3
1
0
3
7
10
9
4
5
12
15
18
20
26
31
28
30
31
33
28
26
32
34
31
32
37
35
38
45
46
45
47
48
48
50
51
49
51
48
45
46
50
53
51
54
54
53
55
56
59
61
62
63
68
66
67
70
78
79
76
78
80
78
74
79
76
73
76
78
75
76
80
79
72
67
63
64
62
62
67
69
69
65
66
65
65
66
65
65
61
61
63
62
64
66
68
71
74
74
76
76
77
77
77
79
75
76
75
78
79
78
81
78
78
75
75
79
78
77
78
78
77
78
77
79
83
80
78
79
79
81
81
79
77
76
75
75
76
75
73
72
73
71
71
69
72
73
69
72
72
75
73
73
76
71
73
72
69
75
71
76
75
74
75
73
73
73
78
80
80
76
74
72
73
71
71
71
69
68
69
72
67
68
67
66
66
60
62
60
59
56
59
60
58
61
58
57
60
62
58
61
61
64
62
64
65
62
60
62
64
63
65
65
63
60
57
58
57
53
53
53
50
47
47
49
46
47
43
36
42
34
30
32
38
43
44
44
40
44
42
42
44
48
47
43
43
44
46
45
43
43
43
45
44
45
44
38
38
37
35
33
34
36
36
32
33
35
32
33
30
26
32
31
31
36
36
30
34
29
31
34
32
39
31
27
33
32
31
28
33
30
30
34
33
34
35
34
37
35
34
36
35
36
34
32
31
31
29
30
26
26
24
21
26
24
29
29
26
27
28
27
29
35
28
24
25
27
27
20
28
29
29
27
24
25
26
24
22
21
21
22
24
21
22
18
20
21
21
24
23
25
23
23
21
24
24
25
23
24
25
25
28
25
29
27
28
29
31
30
31
32
30
34
34
35
34
35
35
40
36
34
36
34
33
32
30
27
30
36
34
34
40
38
31
27
27
22
23
27
28
30
28
26
27
28
28
30
31
31
30
32
32
29
29
30
31
32
34
29
31
33
28
26
25
25
23
23
20
20
19
18
16
14
16
15
15
11
13
9
5
8
11
16
20
15
9
13
16
16
19
22
23
21
24
22
20
22
18
19
19
14
13
13
11
12
11
14
15
15
17
14
16
15
14
13
10
7
9
11
8
10
9
8
7
8
7
9
9
12
8
10
9
8
8
7
7
6
8
6
11
11
14
10
11
12
15
13
13
13
10
11
13
15
14
12
11
13
14
17
14
17
14
14
18
16
16
15
16
13
15
13
13
12
11
10
12
8
8
1
2
5
4
2
2
2
3
3
2
-7
-3
-8
-17
-8
-2
1
2
2
1
1
1
-1
-3
0
1
2
-1
-1
-2
-1
-2
-2
-3
-4
-5
-7
-7
-10
-12
-13
-10
-16
-11
-14
-12
-13
-12
-12
-13
-12
-15
-8
-12
-12
-7
-5
-7
-11
-13
-8
-5
-5
-6
-5
-5
-12
-9
-7
-9
-6
-8
-9
-11
-12
-7
-10
-8
-8
-8
-5
-7
-5
-5
-4
-2
-4
-5
-4
-7
-6
-7
-8
-8
-10
-10
-8
-6
-5
-6
-5
-7
-8
-8
-6
-5
-9
-7
-10
-14
-22
-17
-10
-14
-15
-13
-11
-8
-4
-7
-8
-13
-8
-8
-12
-15
-13
-11
-7
-4
-9
-5
-3
-4
2
3
4
8
7
7
6
7
4
5
8
8
10
7
12
13
11
12
10
13
12
14
10
7
13
13
18
14
15
14
11
12
13
9
14
13
18
22
19
23
20
16
12
13
11
6
8
14
17
11
8
7
6
8
9
8
5
4
3
1
0
-2
-5
-1
1
2
3
-2
2
-2
-5
-6
-7
-3
-8
-5
-4
-6
-6
-7
-12
-11
-14
-15
-13
-15
-12
-15
-20
-18
-18
-18
-14
-17
-18
-12
-11
-12
-12
-11
-10
-11
-8
-8
-7
-4
-6
-3
-3
-3
-3
-4
-7
-5
-3
-3
-1
-4
-2
-2
1
-3
-5
-8
-8
-6
-7
-5
-9
-8
-7
-8
-6
-5
-9
-6
1
0
0
-5
-5
-8
-7
-12
-13
-12
-15
-12
-9
-12
-12
-15
-8
-11
-13
-8
-11
-8
-11
-11
-9
-8
-12
-13
-10
-11
-9
-6
-10
-12
-10
-10
-11
-12
-13
-14
-15
-16
-19
-19
-19
-23
-21
-19
-17
-14
-23
-24
-21
-24
-25
-29
-25
-26
-33
-28
-33
-43
-39
-40
-37
-33
-25
-29
-29
-28
-29
-27
-32
-28
-25
-25
-28
-31
-32
-31
-30
-32
-33
-35
-34
-35
-33
-39
-41
-41
-44
-40
-42
-40
-36
-35
-33
-34
-36
-36
-39
-38
-37
-35
-35
-37
-36
-34
-36
-38
-37
-30
-31
-33
-30
-32
-27
-29
-33
-30
-27
-24
-27
-31
-31
-31
-28
-30
-30
-29
-29
-30
-29
-31
-27
-24
-25
-24
-26
-25
-26
-24
-25
-26
-24
-24
-23
-22
-19
-22
-25
-24
-23
-23
-23
-21
-21
-24
-20
-23
-24
-25
-22
-23
-24
-22
-20
-24
-23
-24
-26
-25
-31
-30
-31
-31
-31
-31
-28
-32
-29
-28
-29
-29
-28
-27
-28
-24
-23
-26
-27
-28
-24
-27
-27
-26
-29
-28
-29
-29
-28
-28
-26
-24
-20
-19
-22
-24
-18
-15
-12
-7
-13
-11
-10
-11
-13
-15
-11
-14
-11
-2
-9
-7
-7
-12
-16
-15
-17
-19
-21
-17
-10
-15
-16
-18
-16
-16
-9
-13
-12
-13
-15
-12
-18
-13
-14
-14
-7
-9
-5
-5
-5
-4
-6
-4
-6
-7
-7
-4
-5
-4
-3
-3
-5
-5
-7
-9
-8
-12
-10
-12
-11
-12
-12
-13
-11
-13
-14
-15
-13
-10
-12
-10
-14
-14
-14
-15
-13
-14
-16
-15
-13
-16
-14
-13
-15
-14
-14
-12
-9
-11
-8
-8
-7
-8
-10
-12
-12
-16
-14
-16
-18
-17
-19
-17
-19
-23
-25
-21
-19
-15
-13
-16
-20
-21
-23
-25
-25
-28
-32
-27
-26
-31
-31
-31
-35
-35
-37
-37
-34
-35
-36
-35
-34
-33
-33
-36
-33
-35
-31
-27
-28
-26
-30
-30
-27
-30
-28
-30
-31
-31
-28
-29
-31
-28
-32
-32
-33
-33
-33
-32
-29
-31
-31
-33
-30
-32
-35
-30
-32
-44
-36
-40
-35
-29
-30
-23
-24
-23
-22
-25
-30
-27
-23
-21
-23
-23
-25
-24
-22
-22
-19
-23
-23
-25
-27
-26
-31
-27
-32
-30
-30
-36
-30
-28
-28
-26
-27
-30
-26
-32
-32
-33
-33
-35
-40
-30
-39
-38
-36
-36
-37
-39
-37
-36
-40
-38
-39
-47
-47
-38
-42
-46
-45
-45
-41
-43
-42
-44
-44
-44
-46
-41
-44
-41
-42
-42
-41
-41
-43
-40
-41
-42
-39
-41
-39
-39
-36
-36
-38
-36
-36
-34
-32
-34
-31
-32
-39
-37
-36
-29
-30
-32
-28
-31
-29
-27
-25
-23
-23
-23
-26
-23
-21
-27
-27
-26
-24
-23
-24
-24
-23
-21
-23
-23
-23
-24
-20
-20
-20
-23
-20
-21
-20
-19
-22
-19
-20
-19
-18
-17
-16
-17
-15
-13
-12
-10
-11
-11
-10
-5
-4
-8
-5
-4
-5
-2
-5
-5
0
5
3
0
5
-2
-5
-6
-10
-11
-12
-10
-8
-10
-13
-13
-12
-13
-9
-9
-11
-10
-12
-12
-11
-13
-12
-13
-8
-5
-6
-1
-3
0
-4
-6
-5
-9
-6
-5
-5
-4
-6
-5
-7
-8
-5
-11
-9
-9
-11
-8
-8
-11
-13
-11
-9
-10
-9
-11
-14
-12
-10
-10
-11
-10
-8
-14
-12
-14
-15
-13
-15
-15
-16
-14
-17
-19
-16
-16
-15
-17
-18
-20
-17
-16
-20
-22
-26
-26
-23
-25
-27
-24
-25
-24
-22
-24
-29
-26
-22
-23
-18
-24
-29
-24
-28
-30
-32
-33
-36
-36
-30
-27
-27
-31
-28
-28
-27
-31
-28
-27
-28
-32
-31
-31
-29
-33
-35
-35
-34
-33
-34
-31
-31
-34
-36
-32
-36
-33
-38
-33
-31
-33
-30
-31
-29
-32
-33
-31
-34
-34
-30
-32
-33
-31
-30
-33
-32
-31
-36
-40
-38
-44
-43
-34
-27
-24
-25
-27
-28
-26
-30
-28
-27
-22
-24
-27
-29
-33
-32
-31
-28
-29
-29
-31
-30
-32
-30
-37
-35
-34
-35
-35
-37
-31
-31
-35
-32
-30
-34
-36
-37
-36
-39
-37
-36
-34
-37
-36
-36
-37
-34
-35
-35
-27
-34
-37
-33
-39
-39
-38
-34
-41
-41
-40
-41
-41
-43
-41
-43
-42
-42
-41
-42
-40
-39
-39
-38
-38
-40
-41
-41
-44
-44
-42
-40
-39
-38
-38
-40
-40
-38
-38
-36
-35
-36
-31
-34
-35
-36
-38
-39
-38
-33
-29
-32
-28
-26
-24
-25
-25
-30
-25
-24
-29
-28
-28
-24
-26
-24
-23
-21
-17
-17
-19
-22
-17
-14
-19
-19
-21
-18
-19
-20
-20
-18
-17
-20
-19
-17
-16
-17
-15
-16
-14
-13
-15
-13
-15
-16
-10
-8
-11
-12
-10
-13
-13
-13
-12
-15
-8
-7
-6
-2
-9
-14
-17
-16
-20
-25
-17
-14
-15
-19
-21
-22
-24
-21
-18
-16
-16
-17
-22
-16
-16
-19
-18
-18
-14
-15
-13
-16
-13
-13
-16
-17
-17
-19
-15
-17
-19
-17
-18
-14
-18
-16
-18
-20
-15
-20
-17
-19
-24
-27
-20
-14
-20
-21
-16
-19
-19
-22
-21
-19
-21
-20
-24
-27
-24
-27
-24
-24
-28
-26
-30
-31
-32
-28
-28
-28
-27
-26
-26
-23
-25
-25
-28
-30
-32
-30
-31
-33
-30
-32
-35
-37
-38
-36
-36
-39
-37
-35
-31
-37
-38
-39
-40
-43
-45
-46
-46
-45
-45
-44
-45
-44
-43
-41
-46
-44
-45
-47
-48
-49
-48
-45
-48
-49
-45
-44
-44
-45
-43
-43
-43
-43
-44
-47
-50
-49
-49
-48
-48
-49
-50
-49
-49
-51
-54
-50
-53
-56
-55
-56
-55
-53
-54
-54
-56
-55
-62
-59
-58
-70
-65
-59
-52
-52
-49
-51
-52
-55
-53
-49
-50
-48
-53
-55
-55
-60
-61
-59
-57
-61
-62
-59
-63
-63
-64
-68
-68
-65
-67
-65
-63
-63
-63
-63
-62
-60
-60
-63
-63
-61
-61
-62
-57
-58
-61
-62
-59
-62
-59
-59
-58
-59
-66
-60
-62
-64
-62
-63
-64
-67
-68
-64
-62
-63
-67
-65
-63
-62
-60
-62
-62
-60
-61
-59
-59
-63
-64
-66
-65
-63
-63
-61
-61
-60
-61
-60
-62
-63
-62
-64
-60
-63
-62
-61
-64
-63
-68
-68
-65
-64
-65
-62
-60
-62
-59
-56
-59
-59
-61
-60
-58
-62
-60
-59
-58
-58
-59
-58
-55
-56
-52
-56
-56
-54
-52
-53
-56
-57
-59
-58
-56
-56
-56
-57
-56
-55
-56
-56
-56
-53
-53
-52
-51
-53
-53
-51
-46
-42
-44
-41
-42
-42
-44
-42
-44
-47
-35
-34
-35
-29
-36
-44
-45
-43
-43
-49
-50
-43
-42
-49
-48
-50
-49
-47
-45
-43
-45
-45
-48
-48
-46
-48
-46
-44
-44
-39
-39
-42
-39
-42
-44
-41
-40
-41
-41
-39
-38
-37
-40
-40
-37
-42
-42
-43
-42
-40
-43
-45
-54
-47
-47
-53
-42
-45
-45
-45
-46
-46
-43
-40
-42
-44
-46
-46
-46
-43
-45
-44
-48
-48
-46
-47
-48
-45
-46
-48
-47
-45
-42
-45
-45
-45
-48
-51
-49
-50
-50
-47
-50
-50
-50
-50
-52
-54
-52
-49
-49
-49
-52
-52
-51
-55
-58
-58
-62
-66
-57
-54
-54
-56
-59
-53
-51
-55
-57
-57
-56
-57
-59
-59
-55
-58
-59
-59
-58
-57
-55
-54
-52
-52
-51
-52
-51
-52
-55
-52
-55
-55
-50
-53
-56
-54
-56
-59
-55
-55
-63
-64
-63
-63
-64
-63
-60
-58
-63
-58
-65
-72
-67
-69
-68
-59
-53
-57
-57
-57
-58
-59
-63
-58
-60
-61
-59
-65
-66
-68
-67
-66
-64
-61
-67
-64
-63
-68
-65
-68
-70
-69
-73
-70
-67
-65
-66
-66
-64
-65
-66
-68
-66
-67
-70
-64
-63
-63
-64
-70
-68
-65
-66
-63
-64
-65
-65
-66
-65
-71
-67
-65
-69
-70
-69
-67
-65
-64
-66
-67
-64
-67
-66
-65
-66
-64
-64
-61
-65
-68
-66
-67
-66
-64
-67
-66
-66
-64
-64
-68
-69
-66
-62
-62
-63
-60
-63
-63
-60
-66
-70
-69
-63
-64
-69
-67
-65
-63
-63
-61
-59
-61
-62
-61
-57
-63
-60
-63
-61
-61
-61
-59
-56
-59
-58
-58
-60
-58
-58
-55
-57
-57
-55
-57
-59
-55
-56
-55
-51
-54
-51
-50
-53
-51
-48
-49
-52
-51
-48
-46
-47
-42
-44
-42
-44
-45
-42
-42
-41
-46
-42
-32
-38
-36
-33
-43
-51
-49
-49
-51
-54
-48
-44
-49
-48
-50
-49
-47
-48
-46
-46
-47
-47
-50
-48
-44
-47
-42
-42
-41
-39
-41
-40
-43
-42
-43
-44
-46
-44
-44
-42
-40
-40
-40
-44
-41
-43
-43
-39
-43
-36
-40
-42
-46
-42
-45
-43
-38
-43
-40
-40
-35
-35
-32
-33
-31
-34
-33
-33
-35
-35
-36
-36
-35
-32
-32
-38
-37
-40
-36
-39
-40
-40
-39
-35
-40
-40
-40
-45
-42
-40
-41
-42
-44
-42
-45
-44
-40
-43
-47
-51
-42
-38
-42
-47
-48
-49
-53
-52
-51
-55
-52
-51
-49
-52
-52
-50
-49
-47
-53
-50
-55
-54
-54
-52
-55
-54
-55
-57
-56
-55
-55
-57
-57
-56
-54
-57
-54
-54
-55
-54
-55
-53
-54
-57
-59
-59
-59
-55
-55
-55
-64
-62
-59
-62
-61
-63
-58
-58
-60
-65
-71
-72
-75
-72
-65
-62
-56
-58
-59
-58
-60
-62
-61
-56
-58
-60
-60
-61
-61
-65
-58
-57
-60
-56
-58
-60
-59
-61
-65
-66
-63
-63
-68
-62
-60
-60
-61
-59
-60
-61
-57
-57
-59
-57
-58
-59
-53
-58
-62
-60
-55
-53
-52
-50
-50
-53
-55
-49
-56
-53
-52
-54
-58
-59
-58
-55
-57
-55
-53
-57
-57
-57
-51
-55
-58
-53
-54
-54
-55
-54
-52
-55
-54
-55
-58
-52
-52
-52
-50
-52
-53
-53
-51
-50
-49
-47
-49
-52
-54
-53
-49
-50
-45
-46
-49
-45
-47
-45
-45
-44
-44
-52
-46
-45
-47
-50
-48
-47
-46
-43
-46
-45
-46
-42
-44
-47
-43
-44
-46
-47
-47
-44
-45
-47
-43
-44
-44
-42
-43
-42
-44
-41
-42
-42
-39
-39
-41
-41
-38
-39
-35
-34
-33
-32
-34
-36
-35
-33
-32
-33
-26
-26
-25
-25
-33
-36
-39
-38
-37
-39
-36
-32
-33
-34
-34
-34
-35
-31
-26
-27
-28
-26
-29
-28
-29
-28
-25
-24
-19
-19
-19
-20
-19
-21
-21
-23
-23
-21
-21
-19
-18
-18
-14
-18
-16
-18
-19
-14
-17
-15
-18
-19
-23
-26
-19
-21
-17
-16
-18
-17
-15
-14
-17
-18
-16
-16
-18
-20
-19
-18
-21
-23
-25
-24
-21
-24
-24
-25
-25
-26
-26
-26
-27
-24
-24
-25
-31
-32
-33
-33
-33
-30
-33
-34
-34
-35
-32
-36
-37
-36
-27
-27
-30
-34
-36
-34
-40
-39
-39
-44
-41
-37
-39
-41
-42
-38
-40
-43
-42
-42
-43
-44
-47
-44
-43
-43
-43
-45
-45
-45
-41
-41
-43
-42
-43
-45
-40
-41
-41
-41
-42
-42
-41
-43
-45
-44
-45
-48
-47
-47
-50
-53
-51
-53
-51
-48
-51
-49
-52
-56
-67
-59
-55
-58
-55
-57
-46
-47
-46
-49
-49
-49
-48
-46
-46
-46
-47
-47
-48
-48
-48
-43
-47
-48
-49
-48
-45
-48
-49
-52
-48
-51
-53
-52
-50
-53
-52
-51
-51
-48
-50
-48
-50
-46
-49
-50
-44
-42
-45
-42
-40
-44
-41
-39
-34
-41
-44
-41
-42
-42
-41
-37
-39
-39
-43
-42
-42
-43
-41
-43
-41
-41
-41
-40
-38
-40
-38
-39
-39
-43
-44
-47
-43
-42
-42
-42
-43
-39
-37
-43
-41
-41
-45
-40
-39
-40
-41
-40
-39
-45
-50
-49
-43
-37
-41
-38
-38
-38
-35
-37
-36
-38
-41
-38
-41
-40
-41
-42
-42
-42
-39
-39
-38
-39
-41
-40
-37
-36
-36
-36
-37
-41
-42
-42
-44
-40
-39
-40
-39
-40
-39
-37
-36
-38
-35
-34
-33
-37
-35
-30
-30
-25
-26
-26
-25
-31
-29
-26
-27
-26
-17
-14
-23
-15
-23
-28
-25
-26
-26
-29
-29
-24
-23
-26
-28
-27
-27
-25
-24
-21
-22
-24
-23
-23
-24
-24
-22
-18
-17
-17
-12
-13
-11
-10
-12
-13
-14
-13
-10
-10
-8
-9
-5
-7
-9
-6
-9
-6
-6
-12
-11
-19
-18
-16
-14
-7
-16
-15
-12
-10
-16
-17
-13
-13
-11
-13
-15
-16
-17
-17
-17
-18
-15
-18
-14
-18
-19
-17
-16
-17
-17
-16
-16
-15
-17
-17
-22
-23
-23
-23
-20
-19
-19
-23
-25
-28
-32
-26
-26
-27
-29
-30
-28
-29
-33
-37
-35
-38
-41
-41
-35
-33
-35
-37
-37
-37
-36
-37
-38
-36
-39
-38
-39
-37
-36
-38
-36
-41
-43
-40
-38
-37
-39
-37
-36
-39
-37
-37
-39
-38
-41
-40
-39
-40
-40
-40
-43
-41
-42
-44
-50
-48
-47
-46
-45
-44
-43
-44
-44
-45
-52
-58
-49
-54
-48
-39
-41
-39
-40
-40
-42
-44
-43
-41
-41
-42
-48
-46
-48
-49
-49
-49
-46
-46
-48
-47
-48
-48
-51
-50
-52
-53
-54
-55
-50
-51
-49
-48
-48
-50
-52
-53
-49
-54
-51
-53
-50
-51
-54
-52
-54
-49
-50
-49
-46
-45
-51
-51
-51
-53
-51
-49
-51
-55
-56
-49
-48
-49
-53
-48
-49
-47
-43
-51
-47
-47
-44
-45
-46
-47
-49
-47
-49
-48
-49
-45
-44
-45
-43
-44
-43
-40
-42
-41
-40
-39
-38
-40
-42
-48
-49
-42
-37
-38
-38
-36
-33
-32
-28
-31
-33
-32
-34
-29
-32
-36
-35
-33
-31
-33
-31
-32
-31
-31
-29
-29
-30
-25
-25
-27
-30
-29
-27
-30
-30
-27
-27
-24
-25
-23
-25
-24
-24
-21
-20
-20
-19
-21
-18
-18
-14
-11
-13
-12
-16
-17
-16
-19
-20
-17
-11
-8
-10
-9
-9
-19
-21
-17
-16
-22
-23
-16
-17
-20
-20
-19
-18
-17
-12
-12
-15
-11
-14
-14
-13
-12
-13
-12
-12
-10
-7
-10
-9
-7
-8
-9
-9
-10
-12
-8
-9
-11
-9
-7
-8
-11
-6
-7
-6
-10
-9
-8
-13
-8
-7
-13
-4
-9
-8
-7
-4
-4
-3
0
-7
-3
-5
-6
-4
-5
-4
-5
-5
-5
-5
-9
-10
-7
-7
-8
-6
-10
-13
-12
-13
-12
-16
-14
-15
-16
-16
-19
-18
-16
-16
-15
-15
-16
-19
-20
-11
-13
-17
-20
-19
-19
-26
-23
-22
-26
-28
-28
-22
-22
-27
-26
-26
-23
-24
-27
-27
-30
-30
-30
-29
-31
-31
-31
-33
-33
-29
-27
-29
-30
-30
-30
-31
-31
-33
-32
-34
-34
-34
-33
-35
-35
-36
-36
-38
-38
-39
-42
-42
-43
-40
-40
-40
-42
-39
-38
-43
-47
-45
-47
-50
-44
-32
-34
-33
-34
-37
-35
-37
-34
-32
-32
-35
-37
-34
-37
-33
-32
-32
-34
-36
-31
-35
-36
-38
-40
-39
-37
-41
-43
-40
-39
-40
-38
-37
-36
-36
-37
-34
-36
-40
-36
-34
-31
-32
-34
-34
-31
-29
-28
-27
-25
-27
-26
-29
-32
-28
-25
-25
-29
-29
-27
-24
-23
-24
-22
-21
-19
-19
-21
-23
-18
-19
-21
-22
-20
-22
-24
-21
-25
-22
-19
-16
-16
-16
-14
-17
-15
-15
-15
-11
-14
-12
-10
-11
-13
-12
-10
-6
-5
-5
-4
-4
-3
0
1
2
2
-1
6
2
-1
1
0
2
2
0
-2
1
2
2
1
0
2
2
2
1
-2
-3
-1
-1
-2
-1
-1
0
-2
-2
-1
1
3
1
2
5
2
0
2
6
10
9
10
9
6
4
3
3
6
9
16
11
13
21
11
4
1
5
3
0
3
7
10
6
3
6
7
8
13
11
6
10
9
8
11
11
12
16
15
18
20
21
22
21
17
22
20
15
19
19
20
20
21
21
21
19
17
22
23
22
22
20
19
24
24
26
28
20
23
28
27
24
28
27
23
25
24
27
27
23
23
25
24
26
22
22
21
21
22
23
25
24
23
27
26
26
20
19
20
22
24
21
26
21
24
25
19
17
23
26
22
17
18
18
15
16
12
13
11
10
12
14
14
14
14
14
15
14
13
13
8
8
10
9
13
9
12
12
12
15
17
16
13
15
15
15
12
14
10
9
9
9
12
11
11
5
7
6
5
1
3
7
-1
2
0
0
2
1
2
-1
-7
-3
-6
-9
0
5
8
8
7
5
7
2
7
11
8
4
2
3
0
-1
2
0
1
1
1
4
0
-2
-5
-5
-1
-5
-6
-2
-1
-1
-1
-1
1
2
3
3
6
6
3
5
10
7
2
2
9
11
10
12
12
5
6
13
5
3
8
10
5
4
8
11
7
6
6
5
4
9
13
11
14
12
18
13
14
15
12
13
13
12
15
17
17
21
20
18
18
21
17
22
21
15
14
14
19
21
19
20
22
19
22
21
22
26
24
27
29
27
22
24
24
24
25
27
30
29
30
30
30
29
29
29
31
32
33
30
30
31
31
31
27
30
30
30
29
29
28
29
29
30
29
30
32
32
33
34
40
38
35
37
36
36
35
37
36
37
45
43
43
51
40
36
36
32
32
31
30
32
36
30
34
29
31
36
32
32
31
33
30
32
32
30
31
33
36
39
37
41
44
39
38
36
38
39
38
42
41
42
39
41
41
39
40
36
38
38
35
35
33
31
33
32
40
35
33
33
32
38
37
40
37
37
38
36
34
32
33
35
32
34
36
32
32
30
34
33
34
35
34
37
36
35
35
30
29
31
30
33
33
30
33
31
28
25
31
36
35
31
29
28
27
27
24
24
21
20
24
23
26
26
23
25
27
26
23
24
24
21
21
23
24
23
20
19
19
20
19
22
22
20
21
20
18
20
20
19
14
18
19
18
17
17
15
14
14
11
8
8
12
7
9
9
8
9
6
5
-4
-1
5
1
10
9
9
13
14
10
10
9
5
9
10
8
10
6
6
7
8
10
9
9
8
9
8
4
2
0
4
3
-2
1
2
3
1
3
4
2
0
1
1
1
3
1
8
6
7
6
3
7
8
9
14
7
2
10
8
4
8
8
6
4
5
4
8
7
8
10
10
7
8
12
10
13
12
11
11
14
14
14
13
13
13
12
14
16
15
14
15
14
15
19
20
20
21
20
17
12
16
17
18
19
18
21
21
23
26
28
24
20
21
24
20
16
18
18
19
20
24
21
21
23
23
23
26
24
23
25
22
21
20
23
24
24
26
24
26
27
25
26
25
25
25
28
30
32
32
31
38
39
36
35
35
36
36
34
38
34
42
42
45
48
37
35
32
31
30
31
30
32
38
35
31
31
32
36
39
36
37
36
36
37
38
39
39
40
41
45
45
43
48
43
40
41
38
43
43
42
44
43
44
40
40
40
37
39
38
38
37
30
32
33
33
37
33
34
36
37
37
35
37
41
40
38
35
35
33
38
33
34
33
33
32
31
29
30
32
30
32
33
32
33
34
29
30
29
26
29
26
28
28
27
29
27
27
29
32
30
25
23
25
27
26
23
22
20
18
20
19
23
23
24
21
24
24
19
20
19
17
16
16
16
16
17
14
14
12
14
15
13
15
15
11
13
15
13
13
14
17
13
14
13
13
15
12
13
7
12
12
5
8
6
7
8
8
7
6
5
-1
-4
-4
-3
4
11
11
8
10
10
7
9
11
12
12
13
14
11
8
7
9
8
10
9
8
7
5
4
5
3
-1
1
-2
-1
0
-2
0
0
1
0
-2
-2
-2
-2
-2
-6
0
-3
-6
-7
-8
-1
-2
0
-1
2
-2
-7
0
-2
-4
-6
-3
-3
-6
-4
-4
-6
-2
-3
4
-2
-2
-2
-4
-2
0
1
-2
0
-4
-2
-2
-2
-1
-2
1
5
4
5
4
4
3
6
9
6
7
1
2
3
6
9
8
8
5
7
7
8
11
11
12
8
10
12
10
7
6
9
10
10
10
9
11
11
9
8
10
12
9
11
10
10
7
9
13
10
12
8
10
12
9
12
11
11
9
11
11
8
9
11
15
18
15
16
17
17
14
13
16
14
22
26
19
26
23
16
11
15
20
11
11
17
21
19
13
12
10
12
16
16
15
15
13
15
14
15
10
11
17
14
18
17
18
22
16
16
15
17
18
22
21
20
20
21
19
20
20
16
21
17
20
16
6
13
12
8
16
12
12
13
16
13
11
14
12
15
11
11
10
8
8
8
10
10
10
12
11
8
12
9
10
10
10
9
12
13
9
10
8
9
11
9
9
9
7
7
4
9
9
9
11
9
9
7
8
5
4
1
2
-2
-3
2
2
1
2
1
2
1
-1
0
-1
-2
-3
-3
-1
-3
-2
-4
-2
-2
-3
-1
0
-2
-1
2
-1
-4
-2
-2
-2
-1
-4
-2
-2
-1
-3
-9
-6
-3
-9
-12
-8
-8
-13
-12
-9
-10
-11
-11
-13
-22
-16
-17
-16
-12
-2
-1
-7
-7
-7
-5
-8
-5
-1
0
-4
-4
-5
-7
-6
-6
-5
-3
-5
-5
-2
-4
-8
-9
-11
-12
-12
-15
-6
-7
-9
-7
-8
-6
-4
-5
-6
-9
-9
-6
-4
-5
-9
-5
-6
-6
-5
-7
-1
-7
-10
-4
-7
-12
-9
-5
-7
-9
-10
-9
-9
-7
-9
-7
-6
-5
-7
-5
-3
-5
-3
-4
-3
-2
-6
-5
-5
-6
-3
-5
-4
-1
-1
1
-4
-2
0
1
3
2
7
5
2
4
-2
-1
5
4
3
5
6
5
8
13
9
9
7
5
4
3
4
4
8
9
10
8
9
12
11
9
8
9
10
10
12
8
7
9
9
11
9
10
11
10
12
12
11
10
12
14
11
12
12
12
15
16
18
20
18
19
20
18
19
21
23
30
31
29
28
20
16
16
19
16
19
16
21
23
23
19
20
21
25
27
22
23
21
24
22
26
23
24
28
27
29
29
28
29
30
28
28
28
26
28
28
30
28
28
32
30
27
28
31
30
30
22
21
20
27
29
28
28
27
28
29
31
30
35
32
31
28
29
28
28
28
29
32
32
31
28
27
29
28
28
29
29
29
27
29
30
30
27
27
26
28
25
26
28
24
26
27
24
23
25
24
24
24
27
22
21
20
19
19
16
15
20
21
23
20
24
25
27
25
24
22
21
22
21
21
20
20
18
18
20
20
21
20
19
17
17
20
20
19
17
18
21
19
15
17
14
16
17
14
15
17
14
10
14
13
12
12
16
17
14
9
7
7
6
9
12
16
25
21
21
18
15
15
17
21
21
17
16
17
15
16
14
16
16
15
18
17
20
19
17
14
17
12
9
10
13
16
15
17
15
15
15
16
16
13
13
16
19
18
13
19
18
18
17
20
24
13
17
25
15
10
16
19
19
14
15
17
17
18
20
22
22
18
21
22
24
24
26
22
24
25
23
23
23
24
22
21
25
26
28
27
28
27
27
28
31
31
31
30
32
23
18
24
30
32
32
31
34
33
34
38
36
36
34
39
38
34
31
33
33
34
36
35
38
39
35
33
33
35
37
33
33
32
33
35
34
32
30
30
32
33
34
34
34
36
33
35
35
32
38
39
40
38
42
42
41
41
40
42
41
40
48
46
50
51
42
40
37
37
35
36
35
41
43
39
41
40
39
41
45
44
45
42
44
45
45
44
46
48
47
50
51
52
52
50
50
47
48
49
47
50
50
51
51
51
48
49
50
45
46
45
47
45
50
51
50
50
52
51
52
49
52
52
49
52
53
51
53
53
52
53
50
53
50
48
50
49
49
50
52
49
50
51
52
52
51
51
47
41
42
44
45
42
45
45
42
44
43
43
43
50
51
46
44
44
41
41
38
33
34
34
35
34
40
39
34
37
40
36
35
35
36
34
31
34
33
32
33
33
33
37
34
33
33
34
32
33
36
34
33
34
34
34
35
38
36
34
34
30
35
33
26
26
25
27
28
26
29
28
29
28
20
27
25
19
26
28
32
34
32
34
34
32
32
32
31
31
33
31
28
24
32
32
32
30
31
33
32
32
29
30
31
32
27
29
30
32
33
32
33
29
30
29
29
28
26
30
32
34
29
29
31
33
34
37
42
39
34
40
37
31
33
38
39
34
37
35
39
40
37
41
41
39
42
41
40
41
42
45
44
41
41
39
42
38
41
40
44
46
42
43
40
44
45
44
49
47
46
53
42
39
39
47
46
43
48
45
48
50
48
47
45
45
47
45
45
41
42
43
45
44
48
46
45
49
48
45
44
47
45
47
44
45
45
44
44
44
43
44
44
44
43
42
45
44
48
46
47
45
46
50
53
53
52
53
51
51
51
52
53
50
59
60
56
66
62
56
50
52
50
48
48
48
52
53
49
46
48
49
54
50
48
48
49
50
50
50
49
52
54
59
57
61
60
62
62
59
59
57
56
57
56
59
58
58
59
52
55
58
56
54
52
50
50
51
50
58
54
46
53
55
57
55
51
50
52
47
49
48
47
50
47
47
48
49
50
47
45
47
50
49
50
50
51
51
50
51
50
44
44
46
45
48
43
44
41
41
43
42
37
39
47
49
44
42
44
40
41
35
33
33
35
36
37
40
33
35
34
36
36
33
33
32
29
30
29
33
33
31
31
27
27
27
29
28
28
28
25
23
25
23
23
25
24
25
25
23
23
24
23
20
16
17
20
16
15
13
15
13
13
13
8
6
9
2
8
12
19
18
16
19
16
15
18
24
18
16
17
15
12
12
14
13
15
16
14
16
17
13
13
11
10
12
10
10
12
13
12
14
13
13
15
12
10
11
8
8
9
14
7
5
10
7
11
11
11
12
5
10
10
7
5
8
4
5
5
6
11
5
6
7
10
9
10
9
11
11
10
11
11
11
10
10
9
8
8
10
12
13
11
12
11
10
11
13
11
11
10
11
11
10
13
12
9
12
12
15
12
11
14
16
17
16
13
11
11
8
8
10
11
9
8
11
13
13
14
12
13
15
15
15
12
13
16
13
8
12
12
11
10
10
14
14
15
18
15
15
18
17
19
16
20
26
20
20
18
18
20
21
21
22
25
28
24
32
31
21
18
18
21
18
15
20
22
18
19
20
20
17
23
22
23
20
18
20
17
18
17
18
20
23
27
23
27
26
25
24
25
29
24
27
29
27
25
27
27
27
23
21
23
22
24
23
20
26
24
19
22
20
19
21
23
21
25
24
22
25
22
22
20
20
25
23
24
22
24
26
25
26
25
26
24
25
23
25
27
27
25
25
23
26
25
25
24
22
22
21
23
25
21
22
26
26
24
22
23
19
17
18
18
16
8
14
18
16
16
14
12
14
12
13
13
15
13
12
14
14
12
9
11
12
13
11
12
14
13
14
12
12
13
14
12
11
12
16
15
15
12
14
11
8
8
3
5
3
1
0
0
3
1
4
0
-12
-7
-5
0
3
6
7
5
4
2
6
3
6
5
3
3
1
3
-1
-2
1
0
-2
-1
-2
-4
-6
-6
-9
-15
-12
-13
-17
-13
-13
-13
-13
-12
-13
-15
-12
-14
-16
-15
-17
-14
-10
-13
-14
-10
-8
-10
-13
-12
-14
-14
-8
-8
-14
-13
-7
-9
-12
-12
-10
-10
-7
-13
-10
-8
-9
-10
-7
-6
-9
-4
-3
-4
-7
-2
-3
-6
-5
-4
-2
-2
-1
1
0
-3
1
-2
0
1
5
1
-4
0
3
6
4
3
4
4
7
7
5
6
8
9
3
3
4
9
6
2
4
6
6
6
5
7
8
7
9
7
8
10
6
6
4
8
5
5
6
2
0
1
6
5
4
2
4
3
2
6
5
2
4
6
9
9
11
9
6
8
6
6
7
6
16
18
15
15
9
7
3
1
-1
-1
3
2
6
2
1
2
-1
2
6
7
3
2
1
2
3
2
1
4
6
9
7
7
10
3
7
6
5
9
7
7
11
10
11
12
10
6
4
7
10
10
5
4
4
5
6
7
10
5
9
8
10
9
10
7
6
6
6
11
6
4
6
7
9
4
5
5
3
6
4
4
5
7
7
9
9
7
8
4
4
5
6
8
5
7
6
5
7
8
10
10
9
8
4
5
3
2
-1
0
0
-2
-2
2
1
0
2
2
4
0
2
0
0
-2
-4
1
1
4
-1
-2
0
-1
0
-1
-3
-3
-5
-3
-3
-3
-4
-5
-4
-7
-5
-5
-4
-6
-7
-9
-12
-10
-13
-13
-13
-16
-15
-13
-14
-16
-16
-14
-26
-27
-25
-25
-16
-14
-15
-16
-16
-15
-19
-16
-18
-16
-15
-17
-21
-20
-22
-24
-22
-22
-22
-22
-21
-23
-20
-26
-30
-31
-31
-31
-32
-29
-27
-29
-27
-29
-27
-27
-31
-28
-28
-26
-25
-27
-21
-27
-28
-25
-25
-20
-25
-21
-21
-29
-22
-19
-22
-25
-24
-21
-24
-23
-22
-21
-20
-18
-19
-16
-14
-14
-15
-17
-14
-12
-10
-12
-9
-6
-6
-8
-9
-8
-9
-6
-6
-1
-3
-2
-5
-5
-2
0
0
0
1
2
-3
-7
-6
-5
-1
0
-2
-1
1
3
2
4
4
0
-2
-2
1
1
-2
0
1
0
0
4
3
2
-1
0
-1
0
2
-2
-3
-5
-5
-4
-4
-5
-4
-5
-4
-1
-2
-2
-4
-5
-4
-2
2
-1
0
-1
5
5
2
8
7
5
4
3
5
4
13
12
10
11
1
3
-1
-1
-3
-5
-5
-2
2
0
-4
-4
-3
-3
0
3
-1
-1
-5
-4
-2
-3
-3
-3
3
3
7
5
9
7
4
4
3
5
2
4
4
5
7
5
4
9
3
4
7
5
1
-2
3
1
3
6
9
4
3
4
8
11
7
9
9
10
8
8
9
10
12
8
9
9
13
9
8
10
9
9
9
8
9
9
11
13
6
7
6
8
9
5
9
6
6
6
3
7
9
10
8
6
10
10
9
6
2
2
2
2
-3
1
6
4
3
5
4
4
3
3
2
0
-1
0
2
-4
1
-3
-3
2
0
4
1
1
1
1
0
2
1
0
2
5
3
3
4
2
3
-4
1
2
-4
-7
-5
0
-4
-4
-5
-2
-6
-3
-9
-17
-15
-16
-4
-1
0
0
-1
-3
-2
-4
-4
4
-1
0
-1
-5
-4
-6
-6
-6
-4
-4
-4
-7
-5
-6
-11
-12
-12
-10
-14
-16
-13
-13
-13
-13
-13
-13
-17
-16
-17
-15
-16
-17
-12
-10
-13
-12
-14
-12
-8
-12
-11
-12
-16
-12
-12
-15
-19
-14
-17
-19
-16
-17
-16
-17
-14
-13
-11
-13
-14
-10
-12
-10
-10
-10
-7
-11
-11
-11
-10
-14
-8
-10
-9
-7
-5
-5
-8
-3
-7
-3
-2
0
-3
-9
-9
-6
-6
-6
-4
-2
0
-5
0
1
3
1
1
0
-2
1
-5
-8
-3
-4
-3
-1
1
2
1
1
0
0
0
4
1
1
0
-1
0
0
0
-2
-4
0
2
-1
1
2
1
2
3
3
5
3
6
8
7
11
10
11
9
8
9
8
6
8
14
18
11
16
13
4
7
4
3
4
2
5
8
4
1
1
3
3
8
7
6
6
6
7
8
4
8
8
10
11
12
11
10
15
11
11
13
10
12
12
9
11
11
10
12
7
6
8
9
7
5
4
9
9
6
15
7
3
6
10
11
9
13
12
15
13
12
10
11
11
10
12
11
13
12
14
13
12
13
14
11
15
12
13
16
14
10
12
9
11
13
10
12
11
9
13
11
10
15
11
16
17
17
17
15
12
12
10
7
8
11
12
14
14
10
15
10
11
10
12
12
9
8
9
11
11
10
7
9
12
12
11
12
11
12
12
14
15
15
14
14
15
13
11
14
14
10
10
7
10
8
6
5
1
3
4
2
2
3
0
-4
-7
-6
-13
-12
-2
2
5
6
5
4
3
5
6
3
4
6
2
0
0
-1
0
-1
2
2
0
0
-3
-5
-5
-6
-6
-10
-11
-7
-5
-11
-10
-10
-11
-13
-13
-13
-12
-12
-10
-7
-10
-10
-14
-14
-12
-10
-6
-8
-5
-12
-9
-2
-12
-13
-8
-12
-11
-11
-12
-8
-8
-8
-11
-7
-5
-7
-6
-6
-7
-5
-6
-6
-6
-5
-5
-6
-4
-4
-6
-6
-1
0
-1
-3
-3
-3
-5
-1
-1
0
2
0
-5
-13
-10
-2
-3
-3
-1
-1
-1
-2
0
1
3
-2
-2
-1
-1
-2
-1
2
2
5
5
4
6
8
5
7
8
9
6
5
2
2
3
2
2
0
2
1
3
4
3
4
5
6
6
7
8
4
7
12
14
13
12
15
13
11
11
14
11
14
24
14
20
22
15
9
10
10
5
4
6
10
8
9
5
7
6
5
8
7
6
4
7
7
4
7
5
6
9
11
8
9
11
11
12
9
8
6
8
8
8
7
8
7
4
4
4
5
2
-1
0
-2
-3
4
0
3
3
0
-1
2
4
4
5
4
4
3
3
2
4
2
3
8
6
9
4
2
4
4
4
2
5
4
4
10
8
5
4
5
4
5
3
3
1
-2
1
4
2
5
5
6
8
9
11
5
6
4
1
5
-1
-2
5
4
6
1
4
8
7
7
7
9
6
6
5
7
5
4
5
3
4
6
6
5
6
6
8
9
7
7
9
10
11
9
9
12
8
8
6
