68
94
50
-3
-26
0
34
29
-7
26
-19
-33
60
-3
5
58
1
9
30
-4
-42
28
-12
-100
-54
-99
-22
0
-43
44
34
38
-6
15
65
-17
-22
-60
-63
-18
-49
-22
25
5
1
41
34
-21
-11
10
55
71
-25
-20
30
-22
-18
52
44
53
20
-65
14
32
-8
64
17
-13
54
48
20
-60
-31
65
-37
-35
50
4
35
71
69
41
-40
0
10
-81
-71
22
55
13
-18
-32
-66
-57
-16
-1
14
22
23
-44
-79
-43
4
48
62
-2
-85
-54
-12
65
0
-120
-44
-98
-102
-111
-132
-21
-44
-50
-25
-28
-26
10
4
-23
-59
-72
4
30
72
48
35
70
4
38
78
24
20
0
49
156
127
54
5
26
47
45
13
-55
22
40
-57
-38
-11
-20
57
25
-68
-2
15
29
89
103
74
-13
-89
-74
-30
0
65
58
65
81
4
11
12
10
-25
-41
45
18
-69
-71
11
14
20
19
-12
27
53
10
-23
-26
-41
20
-30
-80
-91
-132
-71
-36
-13
-26
11
38
38
27
-47
-11
-20
-26
63
6
-52
-66
-129
-7
20
-72
22
62
65
7
-33
33
8
52
97
77
21
9
112
26
9
54
6
64
61
71
75
52
49
-1
103
139
65
92
69
65
6
16
112
14
-8
-2
-27
49
2
-6
21
-48
13
-14
-102
-82
-67
-29
-56
-56
-7
-36
-21
-17
-125
-115
-10
-21
-8
-28
-58
-16
-45
3
31
-39
12
33
17
13
-28
5
25
12
1
23
10
23
113
72
52
49
42
35
-20
-11
-28
-40
-52
-50
32
52
33
73
31
-43
-64
-15
63
43
34
19
5
21
35
23
6
42
14
17
-9
-25
58
-53
-128
-28
-59
-54
-41
-91
-9
22
1
-32
-58
-58
-63
-68
-133
-51
25
-45
-74
-22
3
-29
-20
-14
22
2
-41
22
64
52
43
59
68
-30
-24
102
63
84
101
26
43
62
98
116
17
8
-1
-61
-1
-22
-93
-122
-110
-61
-36
-5
-34
-70
-59
-57
-78
-84
-69
-69
-7
-14
-108
-41
-58
-106
-82
-80
6
27
39
-10
-68
-44
-7
36
-4
24
36
12
41
37
25
20
59
98
117
139
112
106
126
58
72
93
63
66
32
84
102
-11
-61
-17
45
87
14
-21
67
41
48
77
-10
-12
-2
-21
18
-59
-73
-23
-57
37
21
-10
-29
-148
-103
-104
-70
48
-38
-57
-19
-133
-165
-149
-120
25
44
-40
-41
-73
-39
49
41
48
13
14
46
-41
-55
-22
-36
20
91
-8
-93
-25
-45
33
135
62
125
135
37
52
57
36
9
-18
16
5
-36
17
19
-20
19
17
-4
-24
-51
-31
0
31
-14
-49
-68
-94
-19
47
62
26
-7
-37
-63
-30
-12
-1
18
7
-25
4
54
18
-10
25
46
71
52
-18
-27
-5
36
84
43
52
61
37
46
-19
2
30
11
60
57
66
112
10
-48
21
-31
-40
-16
-39
-58
-154
-153
-59
-25
-15
-58
-61
22
-1
-30
-31
-38
3
-46
-95
-55
-31
-87
-79
59
26
-71
-33
-55
-60
-39
-28
44
20
5
64
36
30
62
56
79
57
24
84
31
9
104
93
47
-22
13
83
39
40
43
38
-61
-145
-49
-12
38
26
-29
7
-32
8
-3
-52
-1
-12
9
-15
-27
-19
-72
-78
-28
38
63
49
-19
-19
55
46
61
69
36
76
59
47
97
77
54
10
-10
53
47
-6
7
11
-23
0
8
-66
-39
-37
-66
21
-46
-115
-67
-86
-66
-106
-120
-74
-53
-46
-83
-99
-151
-77
-59
-59
56
-44
-138
-87
-31
9
37
-53
-50
52
-1
17
92
42
12
16
-6
3
-5
-4
-4
25
82
54
15
22
35
54
53
30
-10
-54
-9
50
39
79
80
-11
5
60
35
-17
14
91
38
38
100
103
90
44
30
5
37
49
22
56
48
48
4
30
63
-38
-58
-20
-25
-34
-31
-27
-41
-35
-24
-57
-2
28
25
26
-80
-49
12
-8
44
44
-5
-55
-44
69
4
50
126
52
49
-59
28
77
-33
-7
-40
-74
-10
-8
-62
-36
-35
-31
-25
-80
-62
-8
-61
-48
31
-6
-45
2
17
-81
-115
-94
-60
-29
-97
-59
-6
0
20
-73
-51
21
33
34
1
34
40
-45
-22
-8
-21
63
28
-30
-31
-18
31
23
-46
8
91
65
21
-76
-98
-77
0
-2
-59
14
-10
0
14
15
44
-17
-32
-45
-30
11
9
-18
-35
14
27
15
14
-17
-53
-34
-4
26
36
13
31
2
1
41
31
-15
-18
-12
-2
66
46
38
38
18
38
-26
-62
3
77
107
34
16
57
53
20
-28
8
38
13
15
58
99
21
-7
79
31
9
38
-24
-53
-78
-12
55
-44
-58
7
-52
-91
-110
-77
45
-6
-60
-113
-94
28
-29
-43
-54
-35
20
-35
-23
-63
-101
-63
-88
-126
-92
-49
-50
-1
1
-14
-4
-4
15
-101
-76
-24
-109
17
3
-27
39
-4
-1
-32
-23
65
107
106
74
5
5
3
-8
-5
20
83
76
90
64
57
1
-96
-24
4
10
72
36
-18
4
12
24
38
-24
-23
12
14
42
72
19
-63
15
54
24
58
35
-20
-7
23
22
42
11
-19
6
-31
-43
12
-66
-65
14
-36
-7
-36
-26
104
51
-18
0
-23
16
37
-74
-31
12
-81
-48
-6
-24
-12
-27
-20
11
13
13
-61
-29
16
-35
42
31
-9
-8
-70
-16
31
-23
-1
59
86
10
-55
22
-15
-73
1
41
52
107
65
3
64
47
19
89
72
41
61
-38
-60
-32
-36
66
-61
-94
31
-51
43
115
76
56
-45
-32
0
22
72
79
-30
-65
29
-10
-22
-36
-25
22
-24
-35
-54
-22
8
-13
-31
-51
-52
-54
-35
1
20
-3
-47
-75
-12
11
-51
-22
19
73
39
-44
17
2
1
64
-6
-91
-132
-62
37
9
23
49
65
126
78
61
100
74
66
55
118
105
6
-16
-19
-22
6
17
-45
-63
-34
-10
-8
-21
-65
-92
-68
-10
30
-76
-74
17
25
52
-18
-6
33
-6
75
17
-24
19
-19
51
49
59
105
18
60
7
-67
-4
-36
45
31
-68
8
20
-31
-23
-35
-69
-91
-38
40
-8
34
53
-7
53
0
-46
42
57
-12
-65
6
59
38
28
17
30
18
-32
-44
55
51
-17
-24
-69
10
75
65
57
27
41
19
35
3
-58
-51
-91
-43
1
7
28
-9
-21
34
104
53
6
18
0
-8
-9
26
88
39
-80
-14
-3
-26
54
-55
-94
-80
-60
-3
-61
-45
1
-12
-69
-66
32
11
-21
6
-67
-54
-72
-80
-66
-105
-62
-113
-64
-6
-25
12
-14
6
6
0
26
-43
-130
-30
53
29
37
-55
-19
26
10
86
28
40
82
28
27
23
83
81
27
81
82
87
73
65
56
13
105
98
65
53
50
59
-55
3
80
64
43
20
0
17
80
35
-46
-106
-83
-65
-52
-8
-20
-42
-14
-18
-39
18
-5
20
49
26
49
24
11
4
4
9
21
-9
-16
20
7
50
70
-14
30
109
0
-21
99
73
-48
-9
46
-22
-30
-32
-14
48
30
23
28
-21
-63
-2
3
-12
38
-12
-49
-21
-39
-43
13
-7
-50
-15
17
35
35
-44
-111
13
71
-36
-61
-45
47
-6
-73
33
-47
-47
23
-78
-95
-112
-185
-103
-44
-25
-13
-66
-43
-41
-19
-29
-59
-6
-47
0
5
-99
-21
-5
-13
-34
-141
-50
51
-25
-114
-86
2
-62
-99
-26
-55
-78
-50
17
6
-40
-11
-23
-10
-37
-44
57
66
12
110
127
33
58
104
179
133
82
110
136
170
127
163
155
125
196
240
222
232
217
142
159
162
173
140
191
285
238
258
176
137
190
95
3
-11
15
51
104
154
157
101
136
200
70
-24
-1
-32
-75
-120
-115
-95
-196
-211
-169
-170
-104
-57
-101
-197
-208
-145
-139
-184
-204
-234
-345
-297
-175
-234
-266
-257
-274
-283
-327
-319
-271
-324
-360
-421
-514
-487
-518
-572
-564
-550
-509
-426
-377
-359
-351
-302
-219
-221
-213
-158
-156
-88
-26
-119
-110
-51
-3
41
7
1
-26
-32
-53
-121
-71
-21
36
79
28
121
269
298
304
400
457
422
476
539
598
585
513
491
479
470
497
550
567
562
493
534
545
500
502
440
450
431
461
556
624
707
683
670
695
547
482
488
387
390
400
379
421
404
373
392
397
442
375
246
130
-34
-47
-31
-94
-73
6
57
77
65
71
15
-198
-546
-1014
-1549
-1907
-2046
-2070
-1881
-1679
-1463
-1062
-586
-145
3
4
116
175
17
-259
-268
-254
-383
-375
-445
-387
-207
-125
-104
-318
-563
-751
-964
-1232
-1424
-1456
-1384
-1134
-878
-521
-88
385
736
692
669
664
540
378
123
-85
-150
-171
-78
16
43
227
269
72
-105
-206
-299
-420
-489
-431
-267
-38
338
643
867
1148
1248
1195
1061
845
679
549
334
182
254
424
697
950
1132
1208
1113
1039
855
535
224
-81
-216
-198
-53
212
481
774
1045
1161
1174
1061
858
639
293
57
-55
-201
-186
16
255
441
588
666
637
554
469
352
161
32
5
77
389
708
856
1033
1109
995
818
590
222
-274
-763
-1207
-1634
-1930
-2160
-2400
-2479
-2556
-2516
-2341
-2195
-1885
-1531
-1187
-810
-437
-36
312
483
532
448
215
-9
-292
-620
-864
-1039
-1248
-1407
-1386
-1346
-1298
-1359
-1468
-1526
-1635
-1656
-1615
-1330
-879
-521
-16
470
927
1309
1379
1348
1154
850
557
219
-69
-251
-323
-273
-106
34
103
123
48
-35
-162
-316
-294
-201
-64
234
558
978
1372
1531
1634
1552
1304
993
655
474
401
434
563
840
1155
1375
1602
1693
1580
1305
963
589
207
-8
-94
-134
-13
198
423
651
811
896
848
756
607
456
441
448
493
546
666
835
812
778
747
583
501
386
284
382
546
874
1332
1634
1906
2165
2179
2103
1974
1735
1405
1250
1218
1074
1096
1049
794
359
-299
-1031
-1872
-2705
-3620
-4416
-4826
-4946
-4646
-4116
-3360
-2420
-1536
-789
-290
130
255
144
-22
-369
-629
-781
-839
-809
-756
-737
-859
-1052
-1345
-1773
-2343
-2909
-3261
-3442
-3486
-3280
-2778
-2120
-1413
-629
32
561
1065
1343
1344
1220
1061
814
583
443
342
262
218
132
-32
-163
-376
-636
-903
-1197
-1389
-1533
-1453
-1143
-818
-345
238
831
1411
1849
2060
2032
1883
1674
1217
775
524
382
381
554
896
1284
1642
1792
1841
1720
1395
1052
611
150
-146
-225
-192
12
422
942
1489
1855
2000
1926
1655
1486
1235
830
599
516
651
887
1244
1597
1729
1924
1972
1819
1708
1563
1477
1485
1688
2038
2423
2906
3234
3309
3130
2837
2462
1870
1305
911
601
434
376
252
71
-343
-1044
-1976
-3078
-4164
-5234
-6124
-6562
-6461
-5840
-4835
-3655
-2222
-766
384
1086
1192
899
229
-674
-1651
-2532
-3055
-3220
-3064
-2771
-2297
-1804
-1584
-1544
-1879
-2564
-3298
-3905
-4405
-4695
-4439
-3807
-2708
-1335
-112
1152
2122
2580
2528
1987
1338
579
-201
-823
-1202
-1118
-696
-129
525
999
1205
1128
626
-84
-760
-1474
-1949
-1916
-1572
-927
14
1084
2063
2703
3001
3061
2761
2160
1422
676
336
237
422
1028
1736
2633
3356
3646
3625
3217
2514
1609
643
-305
-1090
-1446
-1384
-1096
-592
95
852
1502
1844
2022
2005
1784
1560
1381
1394
1494
1775
2179
2347
2494
2445
2123
1735
1024
326
34
-110
-11
524
1396
2409
3287
3991
4423
4532
4309
3677
2893
2124
1515
1162
1098
1307
1506
1683
1626
1008
-162
-1777
-3700
-5714
-7501
-8773
-9352
-9059
-7964
-6366
-4391
-2303
-400
989
1705
1721
1144
299
-813
-1965
-2778
-3254
-3324
-3031
-2628
-2151
-1714
-1662
-1916
-2552
-3526
-4459
-5337
-5964
-6261
-6006
-5009
-3655
-2093
-470
1081
2390
3111
3360
3174
2551
1752
893
156
-294
-297
55
435
907
1262
1237
1002
385
-519
-1470
-2449
-3044
-3164
-2877
-2034
-752
731
2124
3285
4072
4322
4091
3455
2521
1485
760
353
320
759
1418
2294
3081
3589
3756
3428
2663
1524
340
-753
-1682
-2116
-2021
-1487
-531
680
1965
3041
3715
4062
3993
3587
3095
2417
1808
1466
1389
1594
1819
2058
2269
2270
1962
1505
865
195
-152
-335
-180
532
1618
2844
4043
5046
5661
5701
5115
4085
2862
1615
536
-114
-298
-117
196
505
612
134
-950
-2658
-4911
-7277
-9362
-10742
-11102
-10358
-8707
-6424
-3672
-880
1537
3134
3621
3104
1802
57
-1858
-3555
-4603
-5051
-4906
-4130
-3198
-2220
-1429
-1277
-1634
-2526
-3896
-5294
-6433
-7127
-7022
-6192
-4753
-2679
-426
1669
3364
4381
4701
4268
3297
2062
739
-348
-1156
-1451
-1057
-224
603
1218
1579
1387
820
-156
-1488
-2610
-3420
-3752
-3495
-2616
-1195
446
2128
3481
4374
4729
4400
3581
2448
1279
236
-441
-599
-283
555
1629
2682
3532
4057
4176
3719
2815
1705
428
-653
-1322
-1595
-1384
-690
389
1677
2995
4042
4839
5306
5196
4698
3969
3132
2388
1842
1555
1578
1711
1826
1943
1795
1412
925
302
-245
-510
-484
136
1303
2667
4213
5528
6494
6849
6379
5388
3881
2138
565
-684
-1360
-1315
-787
-45
666
935
375
-879
-2760
-5297
-8003
-10340
-11797
-12040
-11136
-9259
-6548
-3432
-391
2104
3653
4028
3225
1653
-435
-2672
-4542
-5684
-5970
-5522
-4489
-3179
-1867
-936
-616
-1021
-2185
-3829
-5532
-6894
-7773
-7823
-6955
-5269
-2935
-570
1701
3607
4681
4972
4484
3385
2003
615
-543
-1202
-1289
-857
62
1020
1773
2056
1805
1166
-94
-1613
-3002
-4031
-4368
-4029
-3003
-1300
770
2840
4544
5631
5969
5592
4534
2995
1409
-5
-926
-1286
-995
-55
1072
2384
3597
4274
4363
3863
2995
1651
145
-1022
-1850
-2134
-1770
-817
546
2085
3587
4748
5405
5550
5105
4172
3070
1928
983
526
460
611
1025
1563
2001
2253
2030
1477
809
108
-321
-489
-143
855
2231
3829
5362
6426
6842
6540
5546
4009
2099
331
-934
-1611
-1571
-937
90
1164
1707
1435
346
-1587
-4141
-6983
-9613
-11218
-11473
-10420
-8282
-5514
-2268
969
3495
4894
4819
3544
1436
-1091
-3544
-5593
-6729
-6747
-5891
-4589
-3115
-1686
-671
-410
-1083
-2625
-4517
-6328
-7809
-8595
-8582
-7450
-5375
-2865
-209
2086
3891
4935
4878
3891
2339
669
-709
-1769
-2324
-2122
-1221
76
1198
1882
2074
1701
626
-904
-2596
-4083
-4796
-4792
-4050
-2653
-759
1572
3709
5170
5797
5764
5162
3919
2390
809
-469
-1035
-1018
-498
434
1633
2966
4092
4612
4414
3808
2842
1538
132
-1120
-1747
-1670
-1087
23
1402
2906
4336
5273
5623
5329
4581
3531
2283
1071
146
-232
-149
331
962
1585
2192
2615
2715
2301
1601
970
547
439
688
1420
2744
4354
5777
6815
7249
7011
6122
4481
2530
614
-1000
-1727
-1772
-1272
-69
1313
2313
2630
1882
152
-2182
-5171
-8184
-10527
-11811
-11459
-9854
-7421
-4440
-1444
1318
3224
3679
2891
1328
-692
-2850
-4848
-6176
-6452
-5821
-4647
-3330
-2067
-1061
-624
-983
-2134
-3874
-5578
-6930
-7952
-8256
-7687
-6221
-3991
-1552
598
2322
3600
4206
3835
2659
1207
-77
-991
-1610
-1664
-991
69
1190
2049
2311
1913
1042
-237
-1744
-3187
-4066
-4224
-3810
-2702
-1111
793
2709
4154
4994
5138
4626
3675
2456
1080
-187
-1041
-1338
-1037
-306
721
1880
3028
3925
4213
4009
3370
2287
1066
-124
-1139
-1571
-1432
-866
160
1413
2730
3872
4625
4825
4521
3930
3067
2029
1145
566
376
689
1227
1893
2616
3099
3279
3151
2646
1891
1155
681
599
925
1806
3063
4481
5867
6820
7253
6993
5979
4442
2564
667
-752
-1455
-1445
-744
336
1675
2807
3121
2409
607
-1867
-4776
-7654
-10032
-11516
-11521
-10177
-7841
-5044
-2344
92
1894
2585
2118
690
-1065
-2665
-4189
-5182
-5435
-5037
-4051
-2982
-2174
-1759
-1648
-2045
-3089
-4397
-5786
-6806
-7163
-7092
-6597
-5452
-3740
-1890
-317
869
1675
2058
2068
1578
859
234
-177
-173
-82
-6
303
693
843
603
-23
-930
-1815
-2583
-3355
-3763
-3658
-3005
-1877
-707
598
1896
3096
3955
4152
4015
3488
2807
2063
1119
336
51
183
540
1249
2121
3032
3931
4481
4347
3732
2871
1797
623
-691
-1652
-1860
-1342
-367
850
2329
3817
5031
5680
5565
4890
3981
2932
1775
708
78
151
725
1466
2229
2985
3658
3891
3546
2723
1829
1213
885
879
1335
2403
3868
5498
6818
7477
7510
7002
5824
3977
1943
121
-935
-1312
-1269
-627
340
1328
1939
1674
495
-1340
-3605
-6037
-8470
-10354
-10963
-10253
-8574
-6367
-3953
-1576
448
1728
1734
702
-708
-2173
-3594
-4898
-5579
-5474
-4727
-3791
-3126
-2658
-2483
-2652
-3290
-4420
-5617
-6422
-6679
-6502
-6038
-5194
-3821
-2232
-984
-227
217
580
861
730
282
-124
-197
90
259
173
167
260
308
68
-520
-1143
-1592
-1848
-2054
-2181
-1944
-1331
-495
399
1088
1829
2680
3227
3429
3279
3087
3039
2841
2497
2010
1670
1670
1771
1868
2013
2418
2917
3287
3411
3309
3104
2680
1942
940
-99
-827
-1054
-895
-300
764
2184
3724
5039
5807
5854
5397
4546
3316
1924
727
119
180
594
1200
2024
2829
3418
3449
2847
1970
1059
423
105
207
919
2186
3843
5431
6628
7304
7345
6623
5089
3174
1262
-450
-1587
-2055
-2044
-1478
-328
724
1195
1061
38
-1646
-3701
-6048
-8197
-9701
-10073
-9137
-7401
-5262
-2961
-833
877
1851
1732
730
-611
-2047
-3411
-4462
-4924
-4743
-4234
-3672
-3184
-2849
-2718
-2864
-3347
-4067
-4724
-5102
-5163
-4968
-4711
-4211
-3372
-2490
-1731
-1268
-912
-421
64
253
144
167
309
373
318
79
-203
-436
-555
-819
-1231
-1475
-1523
-1300
-1133
-1137
-984
-632
-234
33
305
695
1180
1706
2110
2451
2867
3176
3360
3227
2645
2188
1800
1404
1210
1118
1376
2102
2842
3338
3578
3534
3216
2439
1145
-274
-1190
-1439
-1190
-480
742
2448
4274
5724
6430
6430
5814
4660
3161
1516
197
-494
-525
-1
779
1719
2664
3317
3492
3052
2280
1541
996
683
692
1417
2826
4619
6310
7447
8128
8129
7280
5673
3460
1173
-720
-2013
-2726
-2792
-2164
-1010
233
936
952
274
-1105
-2994
-5205
-7429
-9059
-9497
-8933
-7585
-5709
-3682
-1570
-9
818
893
227
-749
-2038
-3380
-4363
-4817
-4776
-4436
-4125
-3834
-3380
-2974
-2780
-2960
-3272
-3463
-3629
-3753
-3946
-4107
-3949
-3601
-3221
-2798
-2258
-1492
-673
2
416
600
672
557
158
-408
-956
-1331
-1399
-1492
-1529
-1188
-797
-455
-312
-366
-380
-510
-654
-810
-930
-703
-214
492
1267
1986
2691
3293
3708
3627
3153
2573
1905
1245
704
442
653
1324
2062
2776
3394
3765
3755
3147
2094
909
-135
-872
-1106
-671
303
1759
3497
4957
5939
6455
6355
5693
4448
2894
1583
716
426
492
972
1773
2591
3280
3476
3262
2698
1965
1192
498
372
793
1739
3166
4677
6186
7307
7731
7519
6416
4700
2698
510
-1370
-2698
-3324
-3061
-2214
-1031
373
1452
1793
1278
-64
-1994
-4185
-6314
-8056
-9035
-8902
-7726
-5962
-3908
-1951
-343
757
978
473
-482
-1801
-3137
-4209
-4989
-5393
-5332
-4984
-4526
-4060
-3681
-3319
-3087
-3053
-3104
-3311
-3602
-3817
-4063
-4356
-4399
-4224
-3779
-3110
-2427
-1527
-654
-88
340
381
117
-163
-707
-1275
-1715
-1977
-1804
-1438
-996
-534
-137
297
550
434
80
-348
-629
-797
-831
-634
-121
814
1828
2754
3438
3857
4044
3803
3232
2365
1509
841
438
559
947
1666
2610
3434
4024
3988
3455
2551
1361
259
-784
-1243
-818
124
1526
3022
4492
5728
6391
6396
5613
4406
3082
1842
877
208
112
627
1424
2312
2958
3301
3358
3062
2526
1814
1322
1232
1681
2528
3532
4923
6346
7438
7985
7717
6873
5452
3475
1263
-861
-2362
-3142
-3156
-2375
-1169
233
1461
2136
1908
613
-1220
-3344
-5696
-7840
-9301
-9490
-8470
-6729
-4687
-2711
-939
333
846
389
-897
-2388
-3799
-5115
-6054
-6417
-6210
-5509
-4696
-4040
-3440
-2852
-2464
-2465
-2868
-3366
-3806
-4261
-4694
-5011
-5000
-4622
-3955
-3309
-2628
-1644
-695
62
434
294
7
-211
-545
-1092
-1522
-1579
-1319
-967
-576
-145
176
472
589
327
13
-294
-584
-785
-863
-694
-197
583
1440
2269
2847
3296
3659
3468
2928
2272
1609
1155
933
1134
1567
2251
3151
3769
4044
3942
3433
2521
1266
-23
-993
-1274
-956
-86
1260
2689
4145
5278
5865
5831
5116
4025
2795
1653
810
394
461
967
1613
2315
3010
3336
3305
3087
2663
2101
1666
1562
1885
2548
3614
4882
6096
7094
7515
7291
6319
4752
2836
751
-1188
-2693
-3411
-3194
-2244
-906
639
1901
2499
2240
924
-1029
-3339
-5735
-7841
-9189
-9313
-8296
-6465
-4371
-2358
-502
808
1143
539
-699
-2201
-3756
-5106
-6052
-6431
-6064
-5270
-4236
-3277
-2580
-2030
-1732
-1836
-2377
-3078
-3835
-4556
-5107
-5390
-5329
-4814
-3988
-3175
-2307
-1395
-486
140
327
228
-138
-544
-982
-1455
-1797
-1851
-1610
-1186
-666
-214
124
378
430
135
-295
-747
-1192
-1498
-1599
-1397
-827
66
1066
1936
2635
3236
3398
3138
2708
1952
1323
1011
840
1067
1740
2597
3443
4229
4640
4543
4032
3092
1970
732
-255
-603
-449
221
1279
2569
3992
5229
5994
6122
5659
4799
3747
2692
1780
1210
1076
1276
1743
2385
2963
3338
3409
3217
2840
2326
1857
1691
1900
2415
3323
4362
5449
6409
6879
6812
6126
4846
3114
1220
-617
-2110
-2930
-2941
-2299
-1225
113
1305
1920
1689
657
-1063
-3356
-5803
-7930
-9297
-9618
-8814
-7123
-5113
-3028
-1069
306
883
528
-678
-2225
-3790
-5101
-6060
-6509
-6215
-5576
-4693
-3824
-3143
-2506
-2265
-2338
-2691
-3363
-3989
-4477
-4925
-5307
-5320
-4924
-4414
-3766
-3064
-2235
-1311
-636
-154
-36
-163
-314
-681
-1175
-1589
-1684
-1459
-1071
-631
-239
91
364
497
251
-183
-629
-948
-976
-941
-730
-169
694
1575
2317
2863
3202
3404
3249
2734
2122
1671
1427
1416
1727
2360
3236
4132
4735
4980
4795
4141
3179
1799
457
-396
-800
-542
186
1286
2722
4048
5120
5678
5707
5291
4387
3328
2362
1662
1356
1433
1723
2229
2771
3096
3292
3166
2773
2250
1650
1397
1423
1712
2446
3375
4519
5631
6389
6845
6699
5846
4441
2617
779
-893
-2123
-2686
-2620
-1854
-683
645
1729
2122
1812
597
-1400
-3824
-6378
-8558
-9868
-10054
-9199
-7500
-5329
-3162
-1319
65
549
24
-1097
-2647
-4243
-5573
-6412
-6635
-6394
-5688
-4767
-3858
-2975
-2295
-2011
-2169
-2568
-3247
-3962
-4511
-5100
-5399
-5337
-4990
-4364
-3569
-2648
-1645
-584
251
689
665
283
-108
-620
-1254
-1630
-1697
-1428
-934
-490
57
621
882
886
564
-28
-656
-1115
-1390
-1411
-1062
-421
479
1395
2215
2953
3321
3214
2790
2184
1561
1056
875
946
1293
2151
3254
4215
4866
5155
4893
4211
3075
1681
469
-585
-940
-623
-2
1171
2614
4021
5207
5851
5969
5622
4903
3912
2861
2085
1647
1522
1774
2226
2650
3094
3332
3271
2996
2569
2141
1738
1518
1717
2391
3322
4344
5440
6279
6689
6635
5892
4533
2780
869
-797
-2042
-2751
-2661
-1925
-734
645
1776
2325
2058
994
-918
-3386
-5905
-8152
-9704
-10159
-9529
-8021
-5931
-3771
-1940
-622
-48
-261
-1136
-2535
-3955
-5182
-5968
-6092
-5811
-5101
-4158
-3258
-2512
-2096
-1910
-2086
-2678
-3398
-4225
-4990
-5584
-5932
-5927
-5605
-4951
-4123
-3090
-1941
-958
-180
177
107
-103
-455
-929
-1433
-1771
-1761
-1512
-1148
-671
-131
241
408
417
143
-323
-889
-1303
-1418
-1412
-1081
-545
182
1145
1959
2621
3121
3327
3166
2761
2233
1742
1492
1473
1758
2336
3200
4172
4918
5268
5168
4679
3745
2441
1051
-114
-735
-755
-241
741
2043
3541
4805
5569
5818
5474
4691
3625
2581
1744
1183
1115
1481
2117
2870
3582
4034
4155
3825
3069
2389
1800
1327
1216
1587
2456
3624
4874
5945
6795
7109
6723
5693
4046
2188
245
-1428
-2475
-2905
-2595
-1583
-122
1281
2351
3003
2795
1619
-357
-2836
-5302
-7471
-9098
-9880
-9638
-8442
-6767
-5042
-3425
-2226
-1577
-1448
-2006
-3016
-4062
-4954
-5456
-5562
-5406
-4938
-4229
-3536
-3146
-2924
-2777
-2841
-3039
-3424
-3931
-4352
-4697
-5038
-5372
-5606
-5532
-5143
-4480
-3603
-2603
-1462
-393
309
755
958
739
410
-43
-586
-877
-947
-719
-400
5
475
742
865
667
229
-215
-610
-896
-1027
-802
-175
644
1568
2545
3300
3752
4015
3960
3480
2885
2441
2098
1934
2166
2641
3278
3982
4403
4581
4402
3801
2910
1752
638
-126
-395
-65
774
1927
3240
4452
5491
6020
5796
5198
4272
3255
2343
1651
1424
1481
1930
2614
3129
3546
3733
3519
2993
2346
1729
1318
1258
1541
2195
3225
4442
5603
6425
6644
6390
5513
4042
2400
576
-1135
-2318
-2952
-2924
-2180
-1007
268
1382
2118
2214
1556
172
-1868
-4177
-6277
-8000
-9224
-9636
-9081
-7843
-6356
-5024
-4008
-3262
-2918
-2981
-3411
-3981
-4473
-4769
-4873
-4816
-4511
-4182
-3876
-3634
-3526
-3438
-3285
-3158
-3153
-3292
-3511
-3804
-4271
-4781
-5318
-5758
-5692
-5334
-4817
-3830
-2579
-1262
-59
717
1054
1088
845
406
30
-230
-297
22
480
891
1301
1531
1528
1093
296
-557
-1378
-1925
-2153
-1929
-1165
-62
1354
2787
4005
5007
5565
5571
5119
4412
3608
2907
2389
2186
2373
2848
3587
4234
4701
4826
4479
3854
2912
1826
728
-42
-255
83
907
1980
3336
4706
5642
6041
5981
5464
4512
3301
2244
1511
1097
1132
1468
2047
2666
3149
3422
3218
2671
1979
1283
829
623
819
1466
2447
3756
4964
5812
6309
6200
5362
4000
2264
347
-1328
-2683
-3587
-3750
-3166
-1978
-502
824
1799
2311
2126
1063
-858
-3085
-5179
-7072
-8567
-9335
-9177
-8310
-7116
-6026
-5106
-4314
-3853
-3657
-3846
-4266
-4510
-4644
-4597
-4376
-4122
-3782
-3467
-3297
-3133
-3038
-2926
-2703
-2610
-2535
-2655
-3027
-3527
-4259
-5073
-5732
-6048
-5974
-5409
-4477
-3279
-1851
-508
536
1255
1578
1607
1494
1186
860
724
950
1227
1382
1650
1780
1624
1150
432
-441
-1279
-1893
-2215
-2060
-1537
-548
702
1943
3305
4396
5085
5395
5103
4454
3738
3015
2430
2081
2019
2457
3198
3782
4231
4427
4184
3523
2587
1568
555
-87
-223
145
1078
2353
3795
5160
6152
6599
6441
5813
4855
3725
2536
1593
1132
1041
1295
1758
2230
2656
2884
2662
2061
1455
885
402
319
688
1586
2868
4194
5427
6286
6662
6443
5518
4093
2384
526
-1215
-2485
-3145
-3249
-2776
-1733
-540
561
1485
1968
1990
1545
519
-935
-2529
-4056
-5352
-6561
-7435
-7729
-7758
-7594
-7351
-7085
-6757
-6319
-5714
-5082
-4486
-3923
-3364
-2900
-2750
-2890
-3208
-3602
-3995
-4268
-4170
-3765
-3068
-2192
-1710
-1616
-1910
-2724
-3967
-5625
-7218
-8344
-8909
-8756
-7796
-6168
-3942
-1408
882
2659
3814
4423
4403
3758
2809
1810
873
187
-118
-259
-232
-126
-155
-230
-505
-959
-1365
-1600
-1567
-1270
-586
557
2032
3651
5211
6455
7254
7533
7214
6415
5265
3988
2925
2129
1720
1847
2348
3058
3632
3957
3995
3589
2863
2035
1075
396
361
708
1617
2902
4260
5577
6448
6818
6654
5938
4827
3587
2499
1682
1228
1119
1316
1768
2258
2497
2381
1972
1367
815
351
209
544
1289
2455
3802
5152
6291
6941
6770
5775
4215
2222
7
-2055
-3628
-4604
-4966
-4537
-3436
-2043
-531
718
1584
1956
1707
980
-220
-1770
-3462
-4978
-6278
-7462
-8289
-8732
-8911
-8886
-8749
-8373
-7729
-6894
-5918
-5015
-4314
-3750
-3277
-3169
-3373
-3640
-3956
-4012
-3830
-3411
-2680
-1723
-743
-243
-292
-878
-2052
-3645
-5515
-7427
-8866
-9552
-9343
-8209
-6432
-3934
-1176
1298
3466
4828
5529
5668
5069
4019
2716
1619
832
333
174
261
540
808
809
458
-36
-638
-1301
-1730
-1773
-1258
-122
1405
3189
4975
6573
7787
8277
8030
7222
6062
4756
3437
2366
1794
1713
2056
2635
3240
3599
3646
3384
2747
1923
1157
699
598
1013
1945
3208
4579
5784
6674
6947
6579
5695
4479
3123
1780
796
303
197
395
906
1482
1832
1895
1628
1132
559
3
-297
-191
403
1489
2796
4244
5534
6283
6500
6060
4863
3103
1100
-1062
-2963
-4206
-4992
-5134
-4584
-3537
-2156
-759
499
1411
1822
1842
1467
712
-335
-1698
-3230
-4885
-6550
-8082
-9398
-10354
-10843
-10786
-10304
-9446
-8173
-6544
-4864
-3479
-2570
-2133
-2020
-2241
-2809
-3431
-3831
-3888
-3493
-2811
-2029
-1144
-498
-360
-846
-2036
-3560
-5368
-7334
-8948
-9891
-9859
-8860
-6914
-4223
-1329
1637
4238
6066
7064
7021
6323
5082
3425
1891
656
-69
-274
-111
166
487
750
570
-42
-876
-1622
-2063
-2197
-1806
-760
824
2900
5133
7133
8663
9447
9458
8671
7182
5376
3613
2042
879
179
61
556
1423
2390
3081
3479
3605
3551
3432
3143
2871
2894
3231
3785
4369
4895
5329
5575
5388
4852
4160
3284
2516
1786
1116
845
788
821
958
980
882
819
637
438
404
502
873
1598
2501
3496
4491
5206
5516
5229
4360
3081
1353
-523
-2216
-3707
-4660
-4977
-4897
-4325
-3405
-2359
-1248
-339
285
752
932
927
713
91
-796
-2066
-3711
-5504
-7480
-9496
-11099
-12013
-12310
-12024
-11135
-9746
-7944
-5967
-4172
-2874
-2093
-1801
-2030
-2473
-3149
-3809
-3997
-3866
-3446
-2757
-1778
-797
-279
-268
-951
-2273
-3986
-5985
-7932
-9431
-10060
-9497
-8023
-5741
-2682
651
3754
6233
7813
8297
7864
6783
5112
3218
1562
347
-191
-183
107
640
1168
1472
1401
892
237
-287
-639
-583
10
1077
2697
4702
6585
8077
9071
9357
8957
7813
6042
4149
2490
982
-119
-552
-501
229
1228
2233
3295
4040
4575
4847
4715
4360
3956
3604
3288
3151
3233
3504
3904
4087
4137
4008
3629
3101
2310
1519
872
387
59
-147
-128
61
291
482
662
844
1055
1275
1553
1925
2436
2960
3302
3563
3475
3088
2484
1544
458
-798
-1970
-2911
-3687
-4168
-4342
-4166
-3671
-2803
-1784
-699
404
1259
1955
2292
2111
1349
-1
-1822
-4044
-6454
-8693
-10510
-11733
-12225
-12108
-11271
-9897
-8198
-6272
-4521
-3193
-2408
-2082
-2191
-2593
-3130
-3664
-3975
-4037
-3638
-2942
-2035
-1102
-522
-368
-840
-1822
-3379
-5308
-7081
-8583
-9449
-9463
-8623
-6785
-4273
-1388
1663
4328
6270
7303
7491
6907
5749
4315
2725
1405
637
329
324
639
1180
1556
1644
1430
903
278
-157
-317
-144
535
1710
3274
5035
6616
7878
8666
8665
8078
7013
5445
3655
1925
584
-290
-702
-488
254
1376
2596
3597
4436
4984
5227
5147
4782
4403
3916
3427
3181
3118
3168
3355
3520
3533
3410
3077
2639
2116
1529
1087
717
463
420
467
629
868
1041
1144
1216
1358
1586
1770
1969
2260
2653
2982
3114
3099
2705
2016
1130
-8
-1195
-2499
-3675
-4445
-4865
-4932
-4592
-3851
-2852
-1679
-581
417
1268
1696
1681
1225
460
-717
-2440
-4497
-6582
-8568
-10251
-11414
-11961
-11714
-11014
-9866
-8284
-6727
-5145
-3800
-2943
-2460
-2506
-2822
-3108
-3468
-3615
-3569
-3329
-2707
-2043
-1318
-723
-669
-1014
-1761
-3002
-4561
-6126
-7484
-8393
-8595
-8033
-6697
-4600
-1897
907
3499
5728
7271
7998
7893
7084
5759
4190
2704
1560
787
409
593
1016
1463
1913
2040
1927
1657
1179
766
599
776
1341
2437
3915
5491
7048
8263
8972
8948
8245
7024
5314
3453
1644
110
-834
-1122
-761
182
1385
2728
4080
5014
5499
5607
5272
4628
3834
2971
2274
1940
1971
2290
2740
3196
3512
3600
3414
2905
2209
1487
798
188
-241
-357
-325
-145
111
334
576
690
750
801
903
1078
1346
1709
2078
2377
2333
1989
1380
436
-747
-2100
-3466
-4574
-5317
-5712
-5580
-4960
-4006
-2780
-1472
-67
1111
1826
2175
1982
1280
-107
-2101
-4424
-6838
-8928
-10641
-11707
-12105
-11893
-10895
-9426
-7703
-5912
-4339
-3052
-2310
-2112
-2316
-2785
-3191
-3620
-3776
-3553
-3129
-2360
-1482
-652
-5
132
-235
-1100
-2492
-4160
-6000
-7636
-8700
-9157
-8707
-7262
-5076
-2312
717
3634
6079
7777
8592
8497
7614
6069
4370
2794
1487
735
540
781
1299
1871
2165
2223
1922
1335
753
193
-35
160
905
2263
3984
5920
7737
9137
9928
9739
8679
7034
4992
2891
845
-637
-1301
-1213
-300
1119
2733
4262
5505
6280
6407
5962
5144
4162
3220
2427
2033
2088
2360
2794
3331
3684
3717
3511
2978
2201
1343
503
-198
-628
-785
-670
-348
63
521
827
920
930
889
757
630
701
1020
1468
1929
2225
2371
2130
1294
104
-1457
-2992
-4381
-5701
-6466
-6596
-6116
-5087
-3870
-2438
-804
535
1505
2133
2242
1871
1058
-205
-1976
-4047
-6170
-8321
-10163
-11391
-12006
-11968
-11350
-10300
-8913
-7339
-5811
-4539
-3581
-3057
-2807
-2690
-2706
-2711
-2863
-2731
-2258
-1819
-1227
-650
-134
147
-74
-798
-1981
-3419
-5071
-6753
-8101
-8857
-8760
-7694
-5821
-3239
-224
2769
5509
7658
8833
9069
8587
7290
5550
3847
2287
1303
953
1060
1527
2090
2629
2865
2677
2192
1357
488
-92
-290
190
1300
2913
4959
7089
8894
10159
10584
10013
8646
6677
4498
2313
389
-823
-1185
-792
211
1604
3027
4241
5083
5459
5311
4636
3769
2903
2183
1844
1760
1985
2495
2928
3318
3686
3707
3383
2723
1826
969
163
-479
-842
-964
-841
-508
-105
120
263
485
367
242
274
278
625
1132
1761
2349
2665
2680
2114
1017
-489
-2265
-3968
-5351
-6316
-6700
-6422
-5489
-4050
-2429
-820
688
1844
2501
2694
2343
1567
334
-1371
-3209
-5236
-7390
-9181
-10530
-11372
-11632
-11345
-10622
-9683
-8521
-7310
-6134
-5032
-4258
-3692
-3316
-3064
-2758
-2576
-2391
-2128
-1778
-1332
-949
-522
-264
-331
-685
-1434
-2519
-3867
-5315
-6680
-7724
-8139
-7785
-6572
-4669
-2274
517
3242
5639
7453
8445
8719
8190
7235
5906
4255
2999
2162
1640
1485
1564
1756
1992
2145
1969
1515
1031
599
439
782
1653
3097
4778
6507
8206
9411
9918
9616
8499
6843
4820
2654
842
-370
-801
-511
258
1475
2817
4107
5017
5422
5485
5013
4179
3263
2404
1783
1512
1675
2082
2502
3001
3375
3499
3350
2832
2098
1151
221
-525
-1146
-1388
-1282
-915
-340
104
473
728
705
552
341
193
148
308
689
1124
1482
1584
1442
885
-147
-1456
-2793
-3975
-4909
-5375
-5363
-4838
-3981
-2961
-1709
-571
312
907
1153
1085
683
48
-807
-1904
-3236
-4705
-6251
-7742
-9067
-10208
-10956
-11253
-11122
-10600
-9738
-8595
-7275
-5900
-4467
-3185
-2222
-1529
-1137
-998
-1146
-1366
-1581
-1682
-1571
-1370
-912
-404
-140
-226
-682
-1617
-3027
-4510
-5955
-7035
-7399
-6844
-5260
-2875
108
3278
6180
8518
9970
10455
9939
8517
6731
4778
2918
1612
759
622
945
1302
1939
2340
2405
2178
1589
1012
472
249
612
1573
3105
4971
6852
8439
9428
9457
8721
7283
5095
2835
767
-837
-1608
-1665
-975
400
2150
3789
5077
5845
5874
5363
4414
3173
2038
1212
770
710
1141
1958
2735
3345
3700
3532
2921
2079
895
-276
-1285
-2096
-2404
-2292
-1663
-902
-189
593
1074
1311
1294
1043
790
535
414
475
616
707
669
550
156
-640
-1607
-2610
-3566
-4306
-4661
-4625
-4107
-3279
-2305
-1167
-221
492
867
835
505
-40
-633
-1346
-1961
-2572
-3365
-4309
-5485
-6638
-7939
-9174
-9950
-10672
-11061
-10850
-10281
-9188
-7653
-5918
-4121
-2635
-1469
-567
-159
-61
-272
-854
-1380
-1681
-1751
-1568
-1178
-744
-635
-824
-1442
-2560
-3906
-5381
-6590
-7307
-7249
-6217
-4364
-1732
1447
4591
7269
9316
10315
10223
9290
7571
5425
3341
1662
573
185
422
1111
2060
3071
3827
4009
3741
3160
2424
1802
1440
1676
2565
3892
5594
7234
8536
9271
9301
8595
7045
5111
3020
1026
-369
-1095
-1068
-233
1134
2792
4437
5746
6478
6594
6105
4984
3679
2271
903
28
-392
-338
97
814
1477
1797
1941
1660
1042
189
-945
-1904
-2600
-2966
-2899
-2495
-1763
-889
-28
604
895
968
742
377
-112
-735
-1106
-1242
-1293
-1250
-1161
-1162
-1446
-1930
-2346
-2772
-3231
-3563
-3594
-3283
-2745
-1956
-1223
-585
-44
217
270
52
-158
-396
-691
-883
-1205
-1700
-2461
-3542
-4953
-6656
-8312
-9769
-10905
-11516
-11576
-10961
-9697
-7914
-5803
-3668
-1757
-346
484
813
745
287
-371
-939
-1428
-1669
-1575
-1254
-826
-444
-470
-1008
-1900
-3220
-4709
-6080
-7000
-7200
-6624
-5064
-2573
460
3671
6685
9002
10371
10684
10000
8532
6500
4268
2285
944
286
408
1113
2026
3070
3830
4080
3865
3312
2503
1593
1133
1263
1830
2911
4351
5894
7329
8326
8612
8070
6858
5117
3096
1121
-444
-1373
-1628
-1038
257
1995
3789
5301
6302
6535
6099
5164
3868
2359
996
24
-495
-498
-163
382
921
1250
1432
1233
660
67
-607
-1231
-1577
-1720
-1528
-1043
-523
40
509
767
780
426
-150
-776
-1345
-1809
-2009
-1883
-1636
-1242
-855
-692
-695
-1003
-1496
-2006
-2547
-2958
-3239
-3264
-3024
-2624
-2163
-1751
-1382
-1218
-1171
-1110
-1047
-964
-955
-1004
-1158
-1517
-2125
-3150
-4560
-6132
-7794
-9347
-10488
-11055
-11074
-10470
-9248
-7609
-5572
-3584
-1902
-499
338
732
800
451
-48
-488
-818
-888
-638
-158
357
690
657
246
-669
-1972
-3451
-5025
-6192
-6721
-6396
-4978
-2716
103
3160
6073
8408
9816
10292
9843
8558
6741
4682
2777
1405
670
571
967
1671
2595
3343
3699
3682
3244
2545
1822
1281
997
1290
2081
3191
4633
5939
6987
7475
7135
6248
4774
2906
1092
-445
-1440
-1720
-1229
20
1742
3564
5126
6262
6761
6433
5526
4319
2789
1198
-62
-928
-1297
-1228
-718
49
610
977
1101
969
605
-65
-623
-1133
-1572
-1601
-1470
-1027
-520
-115
264
320
201
-143
-545
-958
-1405
-1658
-1742
-1554
-1196
-811
-544
-403
-472
-882
-1389
-1959
-2444
-2832
-3152
-3141
-2911
-2576
-2108
-1579
-1094
-733
-498
-281
-48
22
-80
-241
-614
-1357
-2382
-3685
-5288
-7098
-8828
-10103
-10987
-11335
-10990
-10119
-8729
-6861
-4776
-2885
-1331
-112
675
1079
1072
737
432
64
-218
-299
-337
-146
19
1
-349
-1085
-2097
-3427
-4684
-5737
-6365
-6171
-5196
-3410
-897
1918
4792
7390
9310
10418
10426
9558
8153
6294
4369
2625
1261
479
460
966
1692
2461
2938
3192
3130
2703
2029
1337
998
1061
1604
2622
3974
5426
6671
7387
7441
6791
5511
3762
1765
-48
-1330
-1833
-1656
-612
1126
2926
4650
6020
6832
6786
5964
4655
2931
1161
-437
-1494
-1994
-2083
-1559
-684
254
1079
1603
1799
1643
1126
386
-348
-962
-1410
-1641
-1515
-1076
-625
-171
235
341
149
-317
-837
-1279
-1713
-1903
-1955
-1760
-1255
-799
-402
-241
-330
-601
-1066
-1700
-2318
-2912
-3483
-3599
-3566
-3302
-2747
-2259
-1661
-1099
-581
-114
112
176
-14
-403
-952
-1890
-3077
-4518
-6156
-7675
-9045
-10083
-10697
-10781
-10199
-9237
-7855
-6018
-4073
-2191
-578
650
1481
1897
1889
1428
799
271
-132
-463
-597
-502
-415
-471
-727
-1235
-2091
-3216
-4311
-5146
-5581
-5295
-4186
-2369
64
2842
5668
8085
9799
10670
10512
9518
7860
5800
3672
1859
748
161
181
797
1612
2370
2869
3067
2874
2430
1842
1315
1172
1441
2144
3226
4459
5714
6801
7313
7171
6296
4889
3146
1255
-293
-1398
-1838
-1544
-561
1050
2755
4278
5426
5911
5717
4785
3352
1798
183
-1156
-1945
-2217
-1999
-1413
-603
211
816
1089
1088
812
276
-329
-902
-1359
-1552
-1374
-939
-462
13
368
441
221
-154
-569
-1096
-1505
-1660
-1667
-1269
-567
29
516
866
789
266
-510
-1499
-2538
-3498
-4151
-4341
-4175
-3557
-2647
-1664
-655
220
810
1128
1196
845
168
-746
-1969
-3355
-4788
-6249
-7528
-8539
-9345
-9841
-9899
-9511
-8873
-7953
-6738
-5397
-3908
-2519
-1386
-395
379
901
1110
1104
1061
866
640
563
404
140
-226
-763
-1539
-2523
-3581
-4690
-5492
-5881
-5702
-4728
-3091
-826
1729
4334
6829
8738
10004
10370
9855
8784
7096
5285
3552
2088
1213
769
867
1292
1719
2135
2333
2229
1905
1464
1072
950
1200
1819
2928
4321
5552
6566
7158
7086
6522
5366
3703
1971
353
-931
-1460
-1300
-604
603
1978
3366
4415
4907
4882
4214
3141
1896
657
-416
-1141
-1362
-1218
-799
-209
388
787
906
791
415
-82
-676
-1268
-1604
-1694
-1529
-1126
-623
-146
211
395
391
172
-125
-391
-654
-765
-637
-384
-97
299
559
492
293
-160
-797
-1522
-2344
-2984
-3399
-3561
-3410
-2906
-2176
-1394
-571
109
616
946
1037
724
64
-871
-2247
-3765
-5356
-6965
-8408
-9501
-9980
-10103
-9751
-8871
-7753
-6330
-4817
-3356
-2204
-1383
-685
-235
4
30
-19
-58
17
229
431
720
920
821
388
-347
-1442
-2863
-4220
-5483
-6444
-6666
-6105
-4815
-2796
-189
2605
5294
7550
9055
9793
9685
8843
7599
6032
4378
2966
1895
1403
1240
1136
1203
1241
1185
939
531
69
-250
-166
172
1035
2345
3764
5344
6671
7603
8088
7865
7017
5730
4129
2429
928
-297
-1043
-1168
-856
-131
854
1792
2666
3211
3325
3212
2778
2149
1486
924
614
476
497
607
751
881
891
677
199
-366
-970
-1464
-1714
-1852
-1789
-1517
-1059
-586
-295
-132
-136
-155
-183
-173
-82
90
460
826
1150
1305
1204
884
329
-466
-1301
-2045
-2738
-3058
-3264
-3363
-3077
-2743
-2252
-1622
-957
-231
391
1008
1390
1379
1186
544
-689
-2337
-4212
-6083
-7795
-9082
-9932
-10280
-9956
-9051
-7702
-6228
-4828
-3485
-2471
-1918
-1525
-1348
-1275
-1232
-1238
-867
-308
252
1010
1690
2009
2018
1623
709
-624
-2269
-4010
-5618
-6825
-7318
-7057
-5960
-4046
-1628
1056
3747
6054
7667
8515
8617
8025
6931
5686
4523
3539
2888
2581
2575
2635
2484
2125
1546
715
-188
-973
-1431
-1557
-1217
-108
1302
2983
4829
6237
7299
7815
7573
6783
5484
3940
2431
1132
293
-114
-30
507
1271
2124
2862
3334
3407
3133
2652
1907
1113
492
68
-91
-28
338
827
1273
1682
1823
1712
1357
801
170
-516
-1069
-1470
-1668
-1609
-1469
-1249
-925
-599
-454
-482
-373
-227
-183
27
325
657
930
1037
1008
751
382
-295
-1032
-1689
-2419
-2709
-2852
-2837
-2578
-2334
-1933
-1577
-1227
-837
-425
105
516
885
1244
1156
625
-333
-1810
-3641
-5705
-7716
-9399
-10610
-11149
-10877
-9872
-8401
-6639
-4734
-2984
-1688
-904
-515
-466
-626
-852
-1053
-1051
-752
-224
384
1020
1528
1698
1506
717
-543
-2081
-3953
-5602
-6809
-7484
-7232
-6148
-4095
-1378
1484
4388
6778
8464
9307
9105
8109
6605
4876
3281
2138
1394
1263
1607
1997
2382
2536
2335
1723
688
-434
-1211
-1681
-1644
-850
491
2229
4081
5804
7165
7905
7847
7082
5807
4050
2299
821
-382
-908
-833
-179
889
2032
3156
3921
4269
4247
3820
3061
2148
1276
626
282
239
568
1056
1531
1933
2052
2062
1765
1051
265
-531
-1112
-1489
-1680
-1527
-1134
-658
-159
213
429
535
508
405
53
-174
-101
-108
-17
163
274
191
-112
-579
-1236
-1903
-2502
-2924
-3181
-3245
-3024
-2612
-2079
-1484
-804
-195
294
679
895
958
826
408
-433
-1628
-3193
-5048
-6806
-8340
-9493
-10101
-10184
-9659
-8734
-7520
-5925
-4319
-2936
-1878
-1261
-906
-776
-952
-1205
-1335
-1366
-1277
-934
-403
146
687
919
726
172
-878
-2332
-4040
-5581
-6701
-7281
-6973
-5768
-3709
-958
1925
4707
7077
8534
9151
8860
7767
6300
4690
3178
2054
1518
1486
1868
2403
2778
2965
2838
2255
1410
424
-404
-756
-634
154
1432
3099
5031
6662
7844
8400
8103
7072
5485
3591
1711
113
-915
-1257
-952
-68
1155
2469
3518
4145
4243
3844
3078
2029
963
69
-286
-260
101
848
1624
2386
2792
2732
2314
1544
592
-454
-1414
-2040
-2209
-2090
-1726
-1074
-351
250
570
606
416
149
-192
-426
-369
-262
123
651
984
1147
989
517
-299
-1350
-2412
-3417
-4112
-4425
-4334
-3791
-3040
-2130
-1061
-24
769
1264
1457
1368
938
271
-624
-1868
-3223
-4822
-6479
-7874
-9080
-9797
-9997
-9744
-9043
-8023
-6590
-5089
-3785
-2618
-1712
-996
-593
-407
-459
-707
-781
-789
-694
-391
127
584
887
987
649
-160
-1479
-3004
-4646
-6166
-7096
-7268
-6466
-4605
-2029
927
3996
6798
8952
10062
10243
9474
7874
5973
3937
2197
1080
520
457
843
1494
2017
2250
2243
1897
1241
496
-78
-250
89
972
2285
3868
5547
6940
7684
7716
7040
5582
3754
1804
-85
-1413
-2059
-1903
-1025
266
1781
3165
4021
4353
4115
3391
2322
1110
206
-304
-260
185
887
1734
2410
2870
2945
2551
1653
565
-538
-1651
-2374
-2653
-2491
-1972
-1203
-322
400
970
1200
1145
1001
662
274
26
72
413
867
1266
1512
1506
1053
286
-717
-1933
-2992
-3828
-4316
-4342
-3983
-3050
-1880
-714
500
1427
1990
2238
2060
1510
727
-434
-1901
-3500
-5129
-6587
-7918
-8805
-9255
-9437
-9144
-8495
-7463
-6159
-4942
-3800
-2767
-2092
-1704
-1445
-1389
-1484
-1600
-1710
-1594
-1240
-791
-144
470
790
793
368
-561
-1949
-3690
-5369
-6844
-7855
-7861
-7053
-5367
-2850
49
3079
5760
7815
9059
9341
8738
7458
5834
4074
2490
1438
931
908
1241
1705
2153
2391
2309
1938
1307
545
65
11
367
1450
2960
4653
6411
7791
8633
8671
7940
6584
4695
2601
696
-654
-1370
-1362
-676
413
1760
2914
3618
3909
3558
2823
1896
831
116
-287
-240
390
1185
2012
2626
2972
3087
2651
1697
535
-655
-1694
-2396
-2693
-2591
-2136
-1475
-748
-81
413
742
769
667
603
458
535
845
1292
1884
2211
2217
1996
1312
288
-923
-2211
-3337
-4108
-4446
-4389
-3824
-2999
-2019
-908
39
784
1334
1606
1601
1431
1021
238
-986
-2532
-4178
-5909
-7618
-8953
-9810
-10261
-10124
-9461
-8385
-6983
-5600
-4307
-3151
-2363
-1930
-1761
-1769
-1920
-2064
-2048
-1858
-1397
-725
78
924
1385
1441
1129
97
-1437
-3357
-5396
-7087
-8280
-8550
-7805
-6139
-3616
-645
2512
5387
7518
8881
9260
8756
7603
5959
4270
2801
1667
1114
1117
1317
1673
1986
2074
2024
1616
1039
425
-102
-125
310
1193
2520
4114
5663
6929
7793
7958
7407
6359
4734
2916
1321
-53
-756
-883
-606
281
1424
2597
3551
4107
4268
3931
3329
2519
1654
1004
648
682
979
1511
2216
2861
3251
3209
2768
2134
1256
142
-868
-1606
-2129
-2288
-1982
-1453
-838
-222
190
472
702
828
947
1076
1248
1468
1722
1879
1801
1542
1014
107
-1029
-2154
-3179
-3901
-4287
-4340
-3986
-3375
-2523
-1666
-935
-291
246
746
954
970
843
396
-274
-1354
-2828
-4612
-6480
-8139
-9484
-10334
-10720
-10539
-9750
-8504
-6974
-5536
-4260
-3092
-2288
-1805
-1488
-1372
-1430
-1487
-1466
-1391
-1091
-570
11
528
867
916
546
-365
-1826
-3526
-5222
-6686
-7593
-7765
-6977
-5200
-2706
280
3396
6099
8153
9351
9558
8919
7498
5669
3832
2216
1090
531
535
870
1382
1923
2233
2269
1945
1285
577
108
4
409
1358
2732
4442
6101
7500
8475
8672
8074
6778
4922
2772
755
-831
-1760
-1921
-1372
-196
1263
2774
4059
4865
5113
4716
3864
2807
1718
809
268
220
596
1204
1919
2622
3202
3281
2903
2194
1066
-125
-1261
-2049
-2476
-2531
-2029
-1313
-504
271
911
1296
1341
1303
1214
1092
1059
1020
1177
1382
1326
1110
472
-363
-1314
-2500
-3469
-4116
-4509
-4436
-3961
-3140
-2033
-1012
-67
807
1454
1736
1619
1330
854
47
-1023
-2301
-3810
-5472
-7162
-8586
-9571
-10178
-10332
-10064
-9352
-8196
-6883
-5457
-4052
-2993
-2165
-1574
-1238
-1071
-1111
-1243
-1428
-1415
-1157
-804
-447
-131
129
121
-174
-970
-2275
-3683
-5179
-6464
-7079
-7005
-6066
-4196
-1768
1093
4097
6648
8460
9306
9255
8371
6749
4870
2977
1280
235
-92
67
729
1517
2165
2704
2833
2580
1928
1095
516
266
603
1473
2828
4575
6246
7552
8340
8386
7485
5891
3906
1759
-152
-1402
-1902
-1682
-704
789
2468
3980
5054
5553
5406
4647
3400
2028
857
-6
-370
-197
391
1305
2245
2907
3204
3174
2674
1629
335
-883
-1876
-2486
-2596
-2347
-1677
-725
67
681
1110
1092
766
395
75
-19
55
389
901
1243
1442
1452
985
75
-1062
-2387
-3488
-4195
-4468
-4183
-3540
-2556
-1407
-374
412
916
1154
1088
754
234
-242
-660
-1284
-2140
-3219
-4542
-6009
-7400
-8601
-9569
-10119
-10334
-9950
-8805
-7346
-5714
-4063
-2489
-1229
-469
-136
-291
-778
-1390
-1969
-2285
-2249
-1963
-1337
-502
206
654
567
-119
-1390
-3119
-4927
-6513
-7521
-7677
-6847
-4996
-2213
981
4148
7076
9120
10025
9857
8660
6826
4627
2473
730
-402
-652
-340
295
1251
2095
2570
2652
2313
1686
974
501
455
953
2029
3436
5082
6706
7953
8437
8084
7089
5417
3352
1252
-458
-1510
-1815
-1344
-271
1284
2878
4230
5198
5482
5175
4397
3304
2084
1060
415
179
501
1102
1834
2528
2994
3049
2624
1891
717
-587
-1598
-2413
-2811
-2565
-1979
-1077
-77
801
1492
1758
1723
1372
873
458
157
80
313
697
943
1116
1030
520
-277
-1293
-2344
-3269
-3918
-4166
-3955
-3332
-2440
-1471
-503
313
726
968
1008
751
489
132
-456
-1214
-2241
-3612
-5070
-6642
-8228
-9463
-10368
-10707
-10408
-9594
-8317
-6767
-5067
-3476
-2263
-1454
-972
-1000
-1403
-1802
-2198
-2592
-2782
-2530
-1901
-1130
-352
257
494
283
-437
-1703
-3453
-5198
-6545
-7337
-7226
-6210
-4246
-1497
1680
4870
7378
9057
9734
9427
8364
6492
4358
2494
1030
179
26
505
1329
2124
2804
3250
3322
2954
2245
1585
1195
1192
1664
2692
4045
5510
6914
7769
8035
7643
6605
5111
3238
1382
-28
-985
-1412
-962
7
1271
2680
3802
4582
4811
4595
3956
3008
2031
1137
666
548
684
1155
1646
1991
2311
2259
1806
1204
398
-463
-1232
-1679
-1875
-1874
-1538
-1000
-432
14
312
360
283
149
-49
-42
182
492
862
1245
1412
1279
979
277
-788
-1914
-3009
-3874
-4401
-4464
-4039
-3296
-2412
-1499
-623
-138
51
196
142
32
-175
-372
-443
-692
-1279
-2299
-3709
-5380
-7189
-8828
-10044
-10788
-10915
-10351
-9068
-7338
-5497
-3604
-2037
-982
-380
-251
-486
-989
-1547
-2024
-2241
-2028
-1596
-853
-20
529
741
434
-352
-1757
-3473
-5180
-6684
-7444
-7446
-6406
-4303
-1588
1537
4623
7253
9066
9848
9615
8463
6704
4723
2830
1313
372
82
400
1006
1691
2385
2766
2685
2298
1772
1338
1022
1044
1640
2591
3970
5515
6828
7833
8200
7762
6663
5055
3107
1098
-599
-1671
-2059
-1736
-794
525
2061
3548
4612
5262
5354
4851
4108
3141
2239
1567
1042
904
1095
1347
1667
1959
2029
1715
1144
513
-357
-1191
-1667
-1882
-1763
-1426
-962
-224
387
667
841
744
420
214
-8
-249
-245
-178
-28
101
93
-69
-525
-995
-1586
-2347
-2841
-3053
-3176
-2998
-2555
-2081
-1583
-1107
-767
-734
-707
-683
-741
-643
-604
-559
-628
-1050
-1700
-2825
-4353
-5926
-7449
-8820
-9824
-10273
-10180
-9427
-8123
-6489
-4720
-3063
-1656
-816
-310
-103
-338
-664
-1036
-1374
-1489
-1320
-909
-406
10
258
96
-431
-1320
-2622
-4004
-5379
-6374
-6694
-6261
-4940
-2845
-241
2577
5329
7581
9107
9593
9069
7870
6045
4102
2384
1000
268
217
631
1427
2266
2838
3168
3074
2673
2142
1436
918
978
1554
2542
3883
5278
6559
7479
7700
7212
6103
4463
2540
590
-1047
-2023
-2310
-1927
-961
415
2080
3688
4840
5497
5568
5100
4275
3069
1898
943
198
-121
-170
45
461
757
981
1129
1005
700
198
-403
-902
-1226
-1343
-1340
-1126
-823
-447
-21
287
475
516
508
479
369
268
236
143
4
-75
-275
-632
-953
-1439
-1991
-2373
-2618
-2617
-2518
-2325
-1993
-1488
-1022
-763
-512
-380
-336
-357
-375
-418
-641
-958
-1606
-2661
-3988
-5564
-7138
-8579
-9706
-10341
-10427
-9874
-8893
-7497
-5804
-4064
-2578
-1552
-833
-449
-299
-438
-661
-876
-1063
-874
-536
-88
389
754
870
492
-205
-1319
-2823
-4340
-5631
-6386
-6432
-5665
-4071
-1678
1261
4152
6707
8626
9588
9555
8709
7108
5065
3142
1480
388
-41
101
690
1509
2280
2691
2843
2630
2093
1447
849
644
972
1847
2995
4240
5593
6643
7121
6952
6029
4593
2892
1140
-337
-1422
-1905
-1626
-782
550
2172
3694
4885
5569
5703
5392
4615
3474
2262
1101
264
-265
-535
-424
-132
235
558
771
827
651
309
-138
-563
-901
-1125
-1085
-859
-574
-114
328
612
755
685
484
204
-47
-228
-423
-476
-325
-180
-79
-103
-268
-503
-910
-1402
-1741
-1963
-2057
-2019
-1886
-1498
-1156
-941
-731
-608
-532
-547
-524
-479
-494
-647
-1036
-1706
-2782
-4263
-5909
-7440
-8899
-10011
-10587
-10708
-10036
-8805
-7341
-5563
-3858
-2502
-1475
-855
-574
-514
-684
-1037
-1283
-1297
-1174
-879
-380
184
489
376
-1
-749
-1965
-3392
-4785
-5794
-6222
-5942
-4909
-3095
-471
2320
5010
7347
8863
9556
9256
8216
6607
4652
2853
1391
492
298
670
1345
2200
2911
3364
3599
3359
2810
2231
1678
1345
1448
2010
2987
4113
5150
6021
6450
6289
5644
4444
2843
1243
-188
-1190
-1604
-1412
-534
753
2157
3552
4647
5313
5407
4899
3912
2614
1314
149
-693
-1129
-1172
-796
-200
444
1050
1400
1404
1152
690
35
-598
-1008
-1354
-1379
-1056
-668
-61
441
787
1125
1124
956
683
298
15
-172
-306
-376
-398
-477
-551
-730
-1002
-1293
-1694
-2114
-2362
-2340
-2266
-2122
-1866
-1541
-1157
-918
-693
-453
-290
-84
41
38
-121
-654
-1618
-2928
-4486
-6115
-7667
-9005
-9885
-10265
-10118
-9408
-8334
-6927
-5389
-3942
-2696
-1683
-867
-479
-328
-305
-371
-416
-540
-576
-489
-313
-236
-351
-479
-929
-1801
-2735
-3807
-4934
-5711
-5980
-5608
-4558
-2802
-524
2006
4528
6621
8126
8863
8721
7880
6426
4618
2845
1437
531
117
354
974
1662
2515
3151
3387
3405
3050
2531
2053
1691
1701
2000
2729
3707
4627
5497
6084
6218
5778
4963
3749
2317
1119
86
-455
-295
302
1328
2639
3975
5080
5636
5624
5054
4001
2682
1173
-214
-1125
-1575
-1555
-1085
-395
442
1181
1677
2002
1801
1265
606
-227
-875
-1330
-1596
-1581
-1263
-745
-294
120
441
467
334
52
-308
-602
-913
-1059
-1046
-988
-807
-691
-726
-817
-1016
-1287
-1598
-2030
-2380
-2532
-2588
-2469
-2213
-1917
-1531
-1137
-731
-397
-123
132
117
-180
-756
-1613
-2835
-4268
-5748
-7218
-8290
-9036
-9529
-9491
-9039
-8261
-7046
-5695
-4307
-2885
-1673
-670
56
509
780
816
636
380
70
-185
-338
-418
-592
-985
-1466
-2156
-3005
-3962
-4903
-5575
-5813
-5413
-4333
-2530
-178
2475
5085
7222
8831
9684
9553
8671
7249
5424
3495
1824
607
-32
-83
284
860
1531
2079
2390
2552
2419
2058
1725
1567
1658
2098
2905
3763
4705
5651
6236
6429
5963
4943
3650
2062
578
-544
-1301
-1381
-734
294
1659
3161
4353
5121
5337
4935
4006
2778
1484
228
-716
-1199
-1197
-773
-142
534
1163
1542
1586
1332
714
-16
-698
-1350
-1727
-1849
-1704
-1174
-567
72
641
962
1074
885
557
129
-290
-558
-800
-907
-870
-732
-623
-564
-598
-782
-984
-1266
-1580
-1815
-1966
-2069
-2040
-1896
-1614
-1215
-948
-676
-420
-229
-188
-406
-679
-1332
-2358
-3452
-4817
-6264
-7428
-8377
-9065
-9315
-9134
-8579
-7763
-6629
-5315
-4068
-2808
-1709
-788
-67
322
567
586
418
206
-47
-168
-297
-505
-629
-895
-1305
-1866
-2711
-3528
-4290
-4756
-4749
-4288
-3136
-1458
682
3022
5177
6966
8235
8843
8567
7567
6152
4512
2780
1289
379
40
69
374
986
1578
1961
2240
2287
2034
1728
1557
1574
1833
2354
3069
3907
4774
5388
5698
5592
4973
3950
2624
1379
249
-664
-931
-529
299
1403
2688
3872
4747
5152
5068
4521
3541
2390
1234
279
-310
-517
-362
21
466
941
1333
1416
1244
830
212
-357
-890
-1331
-1464
-1489
-1290
-769
-394
-66
191
181
183
-39
-343
-437
-645
-801
-699
-511
-412
-375
-432
-701
-985
-1273
-1688
-2104
-2413
-2584
-2596
-2471
-2216
-1799
-1322
-887
-432
-32
285
530
506
243
-336
-1279
-2476
-3938
-5408
-6783
-7973
-8719
-9116
-9138
-8603
-7665
-6606
-5485
-4282
-3139
-2088
-1184
-518
-33
219
392
443
351
310
179
138
16
-318
-691
-1291
-1967
-2813
-3801
-4615
-5194
-5340
-4978
-3974
-2352
-319
2046
4382
6473
7990
8689
8734
8025
6782
5240
3574
2137
1015
281
103
280
558
1090
1504
1669
1795
1735
1658
1595
1688
2098
2583
3203
4022
4861
5551
5874
5750
5215
4233
3016
1751
480
-499
-1082
-1131
-572
364
1579
2859
3905
4589
4914
4678
3996
3112
2074
1065
218
-257
-352
-135
241
779
1366
1629
1640
1448
986
235
-477
-977
-1324
-1464
-1471
-1222
-809
-432
-159
18
146
159
167
73
4
102
86
70
45
-34
-186
-511
-963
-1459
-1894
-2333
-2699
-2933
-3016
-2841
-2600
-2406
-1964
-1429
-997
-555
-146
108
191
47
-447
-1128
-2152
-3499
-4863
-6222
-7391
-8265
-8851
-8981
-8737
-8153
-7175
-6114
-4968
-3799
-2779
-1797
-954
-201
399
657
744
762
658
474
302
82
-158
-467
-897
-1432
-2151
-2981
-3836
-4502
-4822
-4759
-4205
-3066
-1410
605
2820
4902
6641
7852
8335
8103
7350
6213
4788
3409
2248
1304
703
457
472
635
915
1208
1333
1373
1405
1434
1620
1885
2329
3064
3821
4613
5276
5673
5774
5442
4693
3679
2507
1245
172
-629
-919
-684
-101
832
1888
3019
3937
4386
4434
4097
3376
2345
1287
471
-90
-449
-463
-209
186
607
932
1159
1081
821
378
-161
-541
-843
-1026
-1051
-905
-668
-384
-170
-75
21
66
117
178
181
162
145
184
269
193
-41
-338
-722
-1136
-1605
-2062
-2379
-2564
-2621
-2451
-2223
-1987
-1626
-1252
-801
-426
-113
216
347
257
-60
-539
-1273
-2447
-3878
-5289
-6507
-7616
-8556
-9068
-9246
-8998
-8252
-7209
-6061
-4802
-3487
-2289
-1289
-483
265
667
749
715
498
328
120
-73
-228
-563
-868
-1286
-1930
-2620
-3466
-4211
-4776
-5159
-4953
-4186
-2822
-903
1238
3396
5312
6889
8018
8406
8095
7282
6000
4419
2988
1886
1076
637
514
616
1051
1534
1802
2101
2256
2202
2147
2149
2333
2655
3135
3764
4332
4905
5279
5189
4835
4002
2908
1769
607
-201
-683
-592
-116
659
1801
2849
3754
4379
4531
4236
3498
2464
1435
434
-365
-818
-1003
-928
-706
-303
174
468
574
510
239
-18
-218
-500
-650
-673
-511
-178
37
248
297
153
17
-184
-307
-433
-609
-604
-492
-294
-91
2
-25
-226
-571
-947
-1310
-1650
-1864
-2032
-1988
-1752
-1567
-1380
-1127
-818
-614
-437
-318
-294
-171
-237
-409
-604
-1208
-2060
-3181
-4505
-5773
-6955
-7887
-8635
-9041
-8873
-8276
-7279
-6052
-4715
-3201
-1851
-687
199
786
1190
1135
823
405
-17
-369
-626
-807
-1004
-1136
-1402
-1764
-2236
-2894
-3512
-4096
-4385
-4149
-3605
-2495
-786
1157
3186
4952
6432
7528
7967
7720
6914
5706
4263
2927
1703
865
546
599
925
1225
1613
1908
2058
2176
2033
1853
1778
1895
2218
2711
3432
4104
4675
5000
4968
4522
3763
2849
1631
490
-329
-762
-714
-294
473
1470
2534
3482
4045
4139
3926
3348
2572
1612
532
-232
-823
-1109
-1078
-899
-537
-83
345
538
584
471
222
-64
-345
-570
-723
-675
-568
-428
-376
-332
-274
-403
-368
-468
-572
-376
-246
-21
153
229
239
54
-185
-609
-1130
-1527
-1808
-2088
-2259
-2182
-2003
-1732
-1455
-1166
-825
-605
-464
-238
70
314
401
402
234
-217
-965
-2038
-3326
-4763
-6226
-7442
-8347
-8896
-8952
-8561
-7737
-6466
-4910
-3262
-1761
-469
511
1112
1313
1091
758
365
-155
-657
-994
-1116
-1132
-1233
-1400
-1603
-2013
-2565
-3254
-3940
-4265
-4374
-3987
-2935
-1514
258
2125
4012
5618
6689
7279
7210
6642
5621
4280
3011
1903
1075
595
550
869
1259
1704
2177
2437
2519
2433
2253
2110
1958
2172
2575
2980
3589
4122
4532
4741
4572
4052
3201
2254
1277
404
-141
-294
53
682
1627
2658
3508
4224
4483
4322
3827
2946
1784
586
-389
-1127
-1663
-1831
-1628
-1271
-779
-153
382
677
821
796
588
310
5
-309
-511
-643
-696
-584
-473
-370
-257
-195
-275
-365
-421
-512
-497
-537
-535
-441
-470
-441
-485
-654
-731
-966
-1294
-1500
-1719
-1810
-1848
-1846
-1605
-1410
-1272
-1042
-748
-431
-163
-49
-37
-141
-459
-929
-1688
-2771
-3974
-5191
-6355
-7314
-8120
-8671
-8773
-8362
-7566
-6488
-5002
-3512
-2113
-807
160
869
1217
1309
1174
800
392
-58
-506
-936
-1239
-1403
-1614
-1785
-1971
-2343
-2712
-2951
-3170
-3194
-2899
-2139
-905
529
2143
3818
5355
6565
7334
7534
7093
6090
4722
3248
1817
704
-44
-353
-166
262
936
1727
2391
2816
3041
3069
2870
2672
2564
2592
2826
3177
3554
3918
4182
4228
3992
3447
2724
1888
1023
450
205
283
750
1452
2388
3311
4012
4545
4659
4328
3628
2569
1364
186
-839
-1605
-2079
-2188
-1901
-1312
-624
61
640
977
1149
1059
697
196
-316
-801
-1102
-1191
-1291
-1205
-1026
-836
-653
-630
-614
-616
-688
-798
-833
-795
-859
-759
-600
-618
-676
-879
-1081
-1326
-1606
-1734
-1885
-1915
-1786
-1648
-1412
-1091
-807
-558
-325
-300
-375
-431
-612
-807
-1099
-1629
-2362
-3290
-4479
-5645
-6625
-7581
-8326
-8742
-8622
-7992
-6964
-5561
-4015
-2303
-713
538
1463
1845
1788
1360
670
-94
-848
-1456
-1834
-1923
-1818
-1585
-1358
-1156
-1090
-1297
-1528
-1848
-2171
-2236
-1978
-1261
-74
1512
3199
4792
6280
7288
7687
7426
6478
5215
3635
1913
652
-164
-511
-225
411
1298
2347
3226
3763
3983
3760
3198
2634
2043
1585
1503
1629
2028
2694
3187
3578
3831
3570
2996
2169
1229
504
42
4
267
941
1970
3071
4095
4741
5002
4683
3873
2713
1257
-264
-1582
-2536
-3104
-3120
-2646
-1790
-826
162
1078
1703
2001
1874
1485
882
181
-429
-988
-1242
-1191
-1071
-779
-532
-378
-276
-312
-441
-790
-956
-996
-1030
-763
-473
-138
87
134
151
-91
-534
-1043
-1577
-2125
-2445
-2502
-2460
-2181
-1722
-1244
-819
-564
-433
-443
-582
-809
-1143
-1441
-1894
-2481
-3131
-4031
-4985
-5924
-6824
-7566
-8126
-8296
-7976
-7161
-5926
-4415
-2781
-1258
54
983
1483
1587
1275
705
-45
-880
-1534
-1924
-2029
-1846
-1520
-1111
-763
-635
-699
-908
-1278
-1751
-2034
-2028
-1673
-664
746
2328
4123
5752
6940
7687
7711
6981
5763
4129
2501
1060
-162
-654
-412
284
1309
2463
3533
4236
4471
4305
3705
2899
2148
1481
1042
1066
1569
2153
2817
3478
3779
3764
3404
2740
1887
1038
413
132
280
774
1606
2574
3365
3972
4269
4097
3433
2387
1130
-235
-1463
-2436
-2951
-2903
-2486
-1719
-708
297
1185
1848
2194
2181
1789
1160
366
-442
-1084
-1601
-1858
-1792
-1577
-1226
-872
-734
-656
-551
-558
-632
-696
-617
-507
-402
-131
37
50
-31
-398
-859
-1302
-1780
-2126
-2418
-2499
-2403
-2230
-1785
-1362
-1040
-816
-668
-571
-684
-797
-921
-1179
-1508
-2044
-2720
-3510
-4443
-5328
-6194
-6891
-7355
-7497
-7078
-6301
-5119
-3654
-2200
-815
275
979
1266
1116
589
-61
-785
-1523
-1914
-1977
-1897
-1630
-1198
-783
-536
-558
-820
-1287
-1800
-2315
-2621
-2358
-1736
-652
895
2568
4153
5540
6628
7088
6884
6081
4892
3518
2039
832
108
-194
51
767
1666
2602
3377
3937
4058
3806
3333
2640
2046
1552
1421
1660
1967
2659
3324
3711
3967
3748
3265
2506
1641
840
59
-215
-97
395
1142
1922
2749
3395
3672
3387
2796
1937
775
-354
-1276
-1867
-2104
-1990
-1504
-779
19
779
1393
1704
1658
1402
890
156
-488
-950
-1290
-1440
-1331
-1056
-688
-290
83
361
499
552
511
296
56
-30
-143
-237
-219
-299
-451
-580
-864
-1270
-1601
-1926
-2248
-2422
-2524
-2462
-2112
-1629
-1110
-623
-207
87
166
-35
-437
-1107
-2113
-3200
-4360
-5453
-6214
-6932
-7432
-7643
-7635
-7065
-6301
-5417
-4288
-3167
-2041
-1054
-324
153
374
447
186
-234
-555
-865
-1024
-1097
-1060
-884
-774
-834
-1099
-1433
-1869
-2377
-2783
-2990
-2756
-2093
-1026
457
2133
3835
5420
6619
7232
7263
6814
5849
4544
3189
1889
889
296
111
267
687
1251
1765
2285
2605
2622
2610
2443
2223
2145
2130
2354
2744
3148
3502
3674
3672
3432
3009
2468
1718
971
474
206
277
555
958
1614
2259
2784
3038
3006
2792
2250
1492
725
40
-535
-857
-824
-562
-244
177
680
1008
1192
1210
1015
687
244
-181
-495
-767
-925
-928
-843
-653
-394
-152
3
162
206
93
134
146
77
153
81
-52
-114
-338
-599
-926
-1274
-1599
-1996
-2366
-2611
-2676
-2551
-2190
-1802
-1419
-940
-646
-438
-334
-524
-866
-1548
-2544
-3590
-4542
-5388
-6142
-6719
-6988
-6954
-6715
-6121
-5395
-4596
-3651
-2802
-2061
-1550
-1095
-696
-509
-375
-406
-416
-276
-124
-9
32
71
96
-92
-521
-1059
-1667
-2275
-2879
-3300
-3384
-3112
-2444
-1358
71
1588
3131
4590
5685
6316
6475
6229
5583
4561
3457
2514
1747
1164
859
778
896
1133
1292
1461
1614
1597
1565
1608
1608
1817
2164
2546
3167
3625
4003
4349
4365
4098
3531
2884
2121
1390
818
370
269
396
731
1205
1671
2036
2271
2363
2162
1820
1399
983
628
263
146
149
253
516
750
1000
1068
1088
1053
772
497
117
-262
-532
-817
-919
-889
-734
-402
-108
185
487
684
818
860
734
592
486
218
-15
-138
-291
-492
-748
-1031
-1344
-1615
-1955
-2196
-2336
-2491
-2332
-2049
-1728
-1285
-925
-651
-518
-642
-1066
-1762
-2709
-3768
-4747
-5620
-6321
-6675
-6742
-6618
-6175
-5493
-4698
-3975
-3406
-2975
-2732
-2619
-2583
-2541
-2452
-2255
-1896
-1410
-769
-118
424
760
827
758
379
-309
-1114
-1936
-2654
-3169
-3411
-3371
-2886
-2036
-946
247
1419
2611
3552
4299
4824
4982
5011
4802
4371
3942
3495
3044
2651
2252
1906
1704
1517
1332
1152
1004
1038
1190
1328
1620
2019
2430
2991
3446
3786
4033
4047
3986
3714
3313
2835
2220
1723
1467
1377
1326
1405
1511
1607
1733
1767
1757
1631
1440
1313
1178
1040
1003
1077
1172
1227
1264
1253
1111
862
557
264
21
-241
-437
-582
-668
-540
-407
-378
-312
-185
-44
46
41
69
113
172
297
344
353
286
232
62
-257
-473
-809
-1111
-1342
-1595
-1775
-1931
-1991
-2018
-1925
-1717
-1524
-1328
-1174
-1015
-984
-1205
-1606
-2230
-2934
-3767
-4499
-4987
-5485
-5813
-5937
-5726
-5313
-4819
-4176
-3638
-3150
-2805
-2642
-2490
-2450
-2534
-2553
-2481
-2278
-1955
-1593
-1101
-618
-275
3
140
-34
-415
-888
-1370
-1861
-2380
-2634
-2639
-2372
-1831
-1103
-170
753
1758
2656
3231
3761
4031
4005
3875
3582
3331
3128
2940
2829
2702
2573
2472
2326
2139
1863
1560
1395
1300
1274
1378
1688
2123
2614
3048
3483
3882
3945
3983
3885
3524
3201
2769
2425
2224
2020
1932
1827
1804
1822
1772
1782
1687
1524
1382
1247
1159
1128
1270
1400
1504
1656
1674
1629
1442
1099
726
244
-206
-495
-711
-768
-720
-603
-378
-142
64
233
297
242
162
25
-46
-50
-79
12
76
118
127
-34
-193
-536
-967
-1269
-1607
-1938
-2187
-2194
-2060
-1941
-1590
-1262
-1081
-953
-1108
-1282
-1624
-2189
-2704
-3319
-3850
-4252
-4585
-4771
-4864
-4773
-4519
-4258
-3904
-3654
-3433
-3179
-3086
-2999
-2976
-2942
-2919
-2922
-2773
-2608
-2285
-1804
-1436
-1132
-982
-935
-917
-1071
-1309
-1550
-1751
-1863
-1862
-1724
-1425
-1012
-583
-154
334
813
1150
1466
1714
1917
2210
2427
2624
2761
2825
2914
2855
2804
2740
2591
2555
2373
2165
2108
2054
2119
2192
2332
2549
2722
2820
2880
3005
3089
3149
3145
3163
3200
3050
2904
2786
2593
2395
2095
1830
1709
1597
1483
1413
1447
1503
1540
1583
1620
1698
1771
1845
1936
1917
1862
1776
1509
1229
946
494
86
-146
-376
-577
-630
-611
-371
-64
93
209
247
308
302
226
219
190
258
381
440
582
664
635
509
119
-332
-866
-1390
-1817
-2316
-2595
-2622
-2577
-2412
-2193
-1983
-1799
-1885
-2138
-2336
-2713
-3017
-3275
-3696
-3885
-3960
-3915
-3802
-3735
-3538
-3418
-3325
-3158
-3127
-3167
-3151
-3243
-3322
-3271
-3185
-3011
-2806
-2597
-2273
-1903
-1604
-1377
-1158
-959
-939
-993
-1116
-1319
-1513
-1684
-1689
-1578
-1452
-1160
-716
-212
265
629
950
1185
1445
1664
1789
1931
2043
2175
2251
2263
2209
2110
2017
1850
1660
1501
1455
1524
1632
1880
2122
2339
2544
2647
2728
2687
2631
2634
2635
2738
2964
3141
3327
3549
3613
3549
3291
2923
2404
1833
1363
967
785
844
1070
1420
1889
2324
2716
2900
2921
2829
2550
2299
1972
1664
1451
1277
1236
1249
1259
1191
1010
849
659
441
185
-108
-255
-325
-354
-271
-121
50
169
296
438
434
377
288
45
-322
-669
-1027
-1474
-1825
-2106
-2333
-2417
-2505
-2570
-2584
-2648
-2793
-3018
-3173
-3316
-3490
-3509
-3443
-3444
-3364
-3205
-3067
-2973
-3056
-3199
-3359
-3549
-3670
-3758
-3687
-3525
-3357
-3052
-2700
-2416
-2215
-2133
-2167
-2276
-2461
-2547
-2529
-2410
-2148
-1810
-1461
-1107
-748
-571
-465
-435
-555
-683
-795
-812
-635
-390
-148
256
618
934
1185
1315
1439
1462
1561
1686
1710
1722
1776
1905
2043
2089
2151
2136
2010
2111
2207
2177
2267
2397
2478
2528
2545
2623
2698
2769
2870
2886
2921
3043
3145
3268
3299
3167
3110
2957
2627
2399
2123
1828
1652
1536
1625
1751
1861
2120
2297
2467
2664
2697
2683
2566
2338
2165
1895
1569
1353
1118
987
980
936
848
786
800
665
483
293
-35
-328
-644
-953
-1146
-1256
-1272
-1264
-1155
-969
-870
-794
-873
-1086
-1352
-1740
-2207
-2680
-3061
-3449
-3741
-3852
-3953
-3931
-3814
-3681
-3491
-3364
-3264
-3094
-2892
-2763
-2662
-2559
-2516
-2525
-2567
-2615
-2693
-2804
-2831
-2778
-2813
-2735
-2549
-2452
-2254
-2125
-2048
-1966
-2045
-2063
-2041
-2106
-2030
-1804
-1673
-1459
-1162
-896
-577
-359
-126
43
20
-43
-123
-152
-92
-40
8
193
337
523
790
916
1119
1348
1472
1628
1670
1605
1573
1528
1491
1448
1426
1541
1638
1748
1908
2038
2232
2381
2506
2590
2583
2581
2562
2604
2689
2782
2880
2972
3063
3072
3080
3113
3072
2940
2762
2720
2762
2695
2663
2621
2637
2642
2502
2433
2316
2210
2078
2011
2054
1955
2018
2081
2005
2000
1947
1771
1558
1403
1136
892
778
549
369
208
-30
-231
-497
-764
-1041
-1382
-1598
-1768
-1925
-1974
-2042
-2033
-2021
-2156
-2229
-2311
-2515
-2750
-2951
-3163
-3389
-3570
-3698
-3762
-3737
-3687
-3667
-3547
-3357
-3264
-3226
-3070
-2886
-2882
-2982
-2955
-2872
-2881
-2885
-2797
-2645
-2400
-2108
-1938
-1802
-1706
-1664
-1668
-1711
-1822
-1942
-1920
-1879
-1742
-1507
-1218
-887
-649
-441
-261
-173
-67
-34
-103
-147
-199
-172
-19
117
250
419
580
735
926
1077
1100
1160
1262
1357
1473
1545
1686
1746
1700
1790
1821
1820
1815
1795
1901
1967
2017
2135
2312
2596
2743
2813
2954
3017
3063
3031
2982
2984
2932
2842
2777
2751
2781
2896
2961
2951
2880
2848
2872
2807
2778
2687
2536
2424
2226
1990
1787
1586
1447
1336
1258
1241
1178
1171
1146
1014
902
713
453
315
135
-88
-205
-347
-433
-492
-639
-825
-1036
-1257
-1425
-1730
-2125
-2283
-2438
-2648
-2811
-2905
-2870
-2875
-2892
-2920
-2982
-2991
-3044
-3077
-3022
-2988
-2955
-2899
-2838
-2749
-2617
-2529
-2589
-2583
-2553
-2671
-2657
-2687
-2739
-2653
-2656
-2586
-2434
-2298
-2216
-2077
-1887
-1778
-1632
-1587
-1466
-1350
-1395
-1320
-1217
-1063
-858
-725
-551
-400
-335
-213
-177
-282
-338
-411
-426
-333
-236
-84
56
291
630
880
1120
1209
1277
1394
1299
1319
1344
1255
1374
1491
1661
1838
1958
2176
2246
2202
2236
2344
2348
2276
2299
2354
2404
2473
2543
2621
2767
2840
2881
2946
2989
2927
2799
2813
2783
2726
2632
2457
2367
2283
2232
2150
2088
2050
1939
1872
1799
1734
1654
1534
1455
1383
1212
1028
845
575
343
181
64
-77
-226
-256
-265
-410
-524
-571
-694
-841
-1064
-1267
-1389
-1565
-1627
-1643
-1668
-1680
-1748
-1752
-1793
-1903
-2084
-2267
-2411
-2610
-2703
-2773
-2812
-2697
-2669
-2636
-2560
-2554
-2519
-2483
-2463
-2510
-2513
-2412
-2320
-2171
-1936
-1814
-1854
-1847
-1866
-1983
-2086
-2116
-2218
-2263
-2208
-2040
-1770
-1679
-1481
-1272
-1113
-976
-937
-906
-887
-802
-820
-723
-569
-568
-412
-274
-134
36
16
117
217
176
225
208
289
393
414
485
679
966
1083
1307
1492
1522
1638
1709
1782
1804
1799
1766
1785
1927
2034
2166
2308
2441
2517
2549
2607
2575
2462
2398
2369
2276
2195
2287
2396
2384
2431
2455
2386
2366
2287
2178
2084
1935
1822
1682
1580
1539
1437
1352
1269
1156
1026
889
810
782
692
643
622
492
378
269
188
51
-113
-211
-416
-582
-746
-905
-960
-1126
-1242
-1241
-1338
-1471
-1509
-1574
-1752
-1892
-1981
-2029
-2086
-2136
-2109
-2136
-2075
-1996
-1913
-1841
-1889
-1918
-1955
-1899
-1902
-2068
-2096
-2042
-1988
-1936
-1910
-1797
-1730
-1610
-1423
-1317
-1243
-1275
-1218
-1200
-1267
-1183
-1244
-1333
-1210
-1121
-1089
-1031
-897
-726
-644
-525
-395
-313
-223
-247
-236
-151
-147
-162
-53
39
-56
-41
-56
-50
71
142
278
357
418
505
637
736
746
794
850
889
827
890
1044
1091
1188
1268
1344
1408
1404
1433
1409
1443
1519
1487
1557
1575
1545
1552
1537
1579
1586
1552
1478
1418
1379
1351
1372
1452
1454
1426
1502
1479
1390
1276
1155
1059
943
808
656
512
458
489
466
474
430
391
372
215
116
64
23
-29
-106
-86
-76
-149
-188
-236
-357
-368
-452
-593
-597
-653
-677
-671
-646
-596
-630
-711
-736
-817
-946
-967
-995
-1101
-1126
-1012
-939
-859
-797
-767
-650
-611
-684
-701
-758
-871
-907
-938
-903
-924
-991
-945
-833
-788
-800
-731
-763
-705
-627
-764
-783
-738
-744
-712
-676
-696
-678
-575
-531
-566
-508
-454
-492
-365
-302
-311
-260
-283
-276
-341
-456
-534
-497
-506
-557
-481
-381
-223
-152
-110
-51
-35
55
123
154
155
165
196
166
217
244
218
358
440
424
511
545
669
760
645
618
606
576
475
471
560
629
728
776
873
868
934
1041
993
990
956
856
812
810
860
974
936
920
947
905
913
819
670
582
495
386
390
444
398
419
516
582
548
444
401
367
325
255
173
198
241
270
301
255
204
260
234
96
38
3
36
24
-31
-30
-3
23
-79
-135
-97
-114
-112
-154
-215
-192
-219
-205
-213
-306
-288
-272
-333
-483
-563
-556
-596
-622
-707
-734
-745
-774
-770
-832
-813
-778
-772
-720
-611
-534
-602
-699
-756
-820
-863
-893
-924
-918
-924
-984
-939
-767
-717
-713
-610
-624
-656
-578
-657
-788
-811
-779
-713
-696
-592
-443
-390
-324
-231
-178
-194
-207
-167
-94
-124
-105
36
51
171
317
383
457
403
391
504
542
484
497
520
481
458
467
537
542
510
565
623
633
594
656
812
864
801
763
807
891
911
900
866
834
890
856
772
749
756
702
635
639
615
596
574
553
563
595
551
458
403
402
439
387
330
356
335
292
370
376
343
322
291
298
171
140
177
144
108
-3
-89
-154
-181
-145
-154
-193
-134
-89
-147
-147
-93
-59
-111
-174
-176
-291
-479
-551
-585
-573
-611
-663
-557
-588
-583
-504
-590
-620
-694
-812
-845
-930
-924
-862
-900
-960
-927
-787
-790
-885
-900
-923
-907
-871
-904
-843
-757
-676
-557
-581
-521
-422
-498
-509
-471
-513
-518
-463
-514
-440
-224
-241
-228
-119
-123
-36
13
-9
140
119
153
290
184
254
336
346
404
454
487
425
518
583
580
592
492
479
449
454
579
527
587
734
743
840
853
800
799
767
818
856
769
708
703
695
700
747
757
782
837
829
709
642
629
464
408
401
467
580
505
476
553
577
548
538
478
463
434
352
361
331
295
300
268
180
135
124
21
-13
-47
-85
-125
-237
-190
-163
-186
-194
-322
-365
-366
-390
-373
-455
-498
-507
-515
-474
-535
-550
-521
-585
-595
-618
-708
-667
-660
-743
-768
-745
-729
-740
-768
-772
-720
-745
-697
-609
-696
-765
-719
-688
-729
-788
-796
-775
-741
-670
-669
-557
-363
-350
-306
-265
-298
-317
-333
-329
-387
-300
-178
-234
-171
-81
-8
16
48
117
38
119
181
186
193
67
95
166
116
164
302
264
245
321
349
433
483
425
408
464
463
413
442
440
417
512
535
477
540
599
556
543
565
544
536
562
568
581
653
657
667
671
594
597
590
558
544
533
480
451
480
465
486
450
418
404
353
396
382
342
326
251
291
324
250
245
181
126
121
35
17
-67
-109
-91
-192
-171
-180
-251
-228
-199
-247
-355
-369
-360
-415
-441
-467
-455
-390
-396
-452
-483
-434
-449
-515
-477
-464
-532
-567
-573
-674
-690
-616
-586
-517
-518
-509
-507
-557
-509
-460
-444
-415
-361
-357
-416
-440
-427
-405
-349
-288
-283
-249
-214
-249
-240
-283
-307
-251
-264
-180
-161
-196
-147
-148
-101
-104
-80
-1
-4
0
-17
29
135
205
280
272
175
176
192
168
217
245
218
274
395
403
468
545
497
459
418
434
380
285
337
398
365
440
510
445
511
519
425
461
489
438
468
504
430
440
511
565
525
456
498
522
575
490
356
382
337
347
343
305
334
270
257
188
102
121
126
157
102
43
17
10
-3
2
8
-75
-117
-199
-212
-208
-276
-273
-283
-322
-363
-466
-498
-460
-540
-535
-449
-409
-357
-348
-315
-310
-282
-310
-357
-314
-418
-449
-415
-400
-363
-388
-388
-416
-374
-372
-406
-361
-385
-378
-412
-392
-373
-461
-312
-189
-185
-139
-163
-183
-181
-155
-150
-153
-173
-178
-107
-117
-98
-73
-139
-145
-126
-164
-144
-42
29
68
45
30
69
124
115
114
167
149
167
184
161
205
227
194
230
259
285
275
264
339
320
444
513
428
405
341
405
360
292
311
227
257
309
331
319
305
437
488
420
380
280
199
187
175
157
128
94
160
289
297
222
212
241
87
26
99
77
38
14
109
128
57
41
78
81
15
30
50
9
31
36
11
77
67
8
-24
-35
-70
-55
8
-57
-107
-153
-146
-67
-183
-203
-117
-192
-210
-287
-283
-184
-227
-244
-268
-248
-309
-358
-294
-327
-307
-350
-422
-399
-409
-380
-399
-470
-496
-502
-448
-476
-537
-499
-535
-458
-352
-389
-306
-242
-248
-237
-265
-331
-307
-223
-223
-204
-151
-88
-47
-36
-17
-9
-48
-118
-118
-64
0
120
112
46
168
216
151
150
117
77
138
206
232
249
227
242
365
358
241
243
266
316
360
377
375
411
398
315
365
339
331
343
311
320
261
252
294
328
350
367
353
386
372
303
326
292
265
240
210
258
308
357
303
185
219
270
254
233
176
176
254
173
80
120
131
118
77
98
116
135
159
106
94
40
-2
90
19
-95
-131
-205
-198
-241
-225
-187
-225
-189
-199
-275
-307
-281
-329
-387
-443
-454
-365
-365
-359
-331
-317
-310
-355
-380
-397
-346
-389
-416
-377
-381
-341
-382
-325
-312
-353
-351
-378
-339
-420
-407
-265
-214
-139
-117
-147
-209
-249
-239
-236
-217
-252
-207
-148
-162
-105
-79
-93
-78
-43
-58
-73
-47
-91
-54
34
29
9
0
99
136
63
48
63
95
118
96
104
192
224
244
259
280
345
335
277
269
284
261
299
323
299
318
302
384
407
329
376
367
361
351
269
287
330
373
388
316
231
231
301
273
240
226
225
247
239
283
207
151
189
124
115
111
96
126
115
82
3
-45
-55
-51
-19
-24
-4
-26
-29
16
-56
-83
-65
-90
-86
-162
-236
-200
-145
-97
-165
-218
-146
-122
-84
-75
-113
-100
-151
-166
-171
-236
-182
-186
-181
-94
-158
-177
-136
-173
-203
-225
-256
-316
-274
-207
-270
-269
-264
-297
-301
-254
-230
-230
-115
-151
-224
-172
-212
-212
-187
-223
-216
-221
-223
-201
-148
-64
-63
-113
-131
-150
-133
-107
-95
-46
-69
-43
-32
-113
-44
14
-6
51
68
45
103
124
103
143
137
67
138
176
118
182
237
237
198
196
204
250
287
224
218
169
170
179
153
260
239
145
210
222
180
220
203
178
215
181
188
192
143
172
200
130
106
152
38
54
151
106
82
105
155
108
120
97
41
17
-45
66
119
113
73
-40
-1
-5
19
85
89
79
-7
30
101
66
40
-20
-140
-116
-50
-52
22
-66
-121
-91
-106
-83
-191
-120
-21
-54
-68
-179
-203
-128
-92
-53
-73
-134
-123
-170
-160
-121
-141
-113
-121
-158
-154
-143
-235
-260
-182
-206
-231
-161
-133
-178
-167
-180
-178
-211
-257
-130
-114
-149
-96
-73
-42
-95
-51
-36
-189
-141
-86
-108
-58
-41
-97
-114
-26
-72
-91
-67
-98
-30
-16
7
67
52
77
84
2
-13
-10
-17
17
16
29
85
108
142
115
28
65
119
53
13
-3
9
49
57
153
143
156
200
62
94
125
106
187
133
78
77
93
163
148
109
184
196
142
173
144
102
122
152
165
135
152
172
171
125
73
86
96
106
114
98
38
56
91
109
163
118
66
-11
-27
77
37
18
38
-40
-11
-11
-55
-6
-58
-94
-85
-71
-10
-61
-65
-79
-115
-79
-93
-72
-13
-3
-63
-118
-91
13
29
-67
-33
51
12
-77
-103
-72
-65
-49
-18
-72
-95
-43
-70
-51
-72
-174
-124
-143
-219
-217
-214
-141
-138
-142
-128
-157
-165
-184
-200
-155
-106
-151
-197
-218
-161
-126
-156
-141
-145
-151
-99
-79
-90
-68
-124
-33
94
37
7
-19
-39
14
4
-19
50
77
81
72
86
137
136
182
147
118
202
111
59
90
120
201
124
117
145
104
98
130
175
116
128
128
107
134
99
46
39
80
106
113
57
59
161
118
46
112
72
30
74
94
116
62
50
60
35
-19
-18
88
108
111
141
111
45
53
65
-21
-58
22
80
125
102
50
10
-75
0
-25
-29
55
-57
-32
-25
-75
-50
-78
-97
-120
-107
-134
-162
-150
-155
-145
-144
-124
-198
-186
-127
-163
-130
-156
-201
-222
-249
-186
-150
-170
-118
-134
-168
-95
-71
-125
-172
-109
-123
-131
-18
-62
-97
-104
-127
-77
22
64
36
62
64
51
-10
-13
-1
-44
68
94
30
5
-28
61
69
19
67
38
100
139
30
-25
-34
83
103
51
153
111
19
55
130
157
142
169
158
97
133
150
60
90
54
68
126
61
129
126
123
214
117
40
117
111
125
96
27
77
-3
40
74
-34
72
77
63
73
68
150
52
-3
40
34
49
9
-24
8
-2
-38
-8
7
-37
-28
-7
-44
-48
-36
-20
-33
-92
-112
-104
-95
-84
-71
-71
-58
-47
-19
-26
-57
-24
-50
-56
-70
-116
-73
-67
-81
-50
-56
-127
-121
-62
-40
-27
-90
-86
-47
-54
-35
-98
-98
-95
-135
-69
-142
-128
-38
-76
-74
-66
-22
-19
-49
-94
-124
-66
-67
-111
-89
-98
-38
-18
-82
-7
-15
3
99
80
69
93
85
34
16
28
53
70
23
29
40
-11
16
38
53
70
48
63
61
10
-8
27
19
40
83
-29
-93
-1
-1
14
23
-3
33
-13
2
75
80
28
-23
-23
2
68
87
48
-18
9
90
45
32
30
-11
-18
33
83
52
78
86
8
10
-20
-50
35
8
26
51
18
72
79
73
40
22
-22
-20
32
14
24
56
108
97
73
67
27
69
32
-24
43
87
100
72
95
70
25
19
14
60
74
79
74
58
18
2
-7
-1
14
24
43
11
16
51
54
-5
16
-36
-89
1
-29
-44
-46
-64
-123
-139
-105
-87
-59
-116
-64
-43
-72
-76
-171
-165
-174
-195
-128
-130
-138
-124
-111
-126
-218
-221
-138
-123
-110
-23
0
10
1
-89
-96
-70
-34
-74
-141
-85
-56
-42
5
-24
4
20
-17
94
59
23
101
60
91
84
42
9
-42
23
36
-26
-35
-7
-6
84
146
149
176
76
68
113
107
30
7
107
94
100
53
33
123
107
98
65
45
87
83
148
182
165
202
174
115
84
88
63
64
7
26
108
14
50
45
-29
34
15
18
100
123
97
-14
-10
63
48
29
-2
43
-17
-154
-131
-93
-121
-118
-75
-5
17
-17
-54
-42
83
42
-59
-47
-74
-63
-1
-74
-77
-52
-128
-73
-79
-10
24
-54
25
30
43
79
4
-12
2
-1
-4
-95
-94
-35
-48
-49
-91
-37
14
25
104
37
-5
20
30
16
-63
-26
-4
-87
-69
-35
-68
-123
-201
-104
13
-69
-79
-21
-28
-8
-59
-134
-58
-33
-47
-111
-195
-49
-16
-74
-49
-81
-112
-127
-61
16
-21
-107
-42
81
55
44
39
16
6
-14
-5
23
12
-82
-40
59
16
-32
-22
48
66
86
92
73
81
36
71
103
28
-18
48
97
53
30
-5
4
59
89
55
77
72
73
138
86
91
59
72
115
54
8
2
54
37
76
120
144
197
151
71
22
44
34
49
34
8
52
29
31
8
23
48
-19
-51
-3
61
38
-14
-29
-20
-33
-29
-31
-33
-45
-77
-61
-46
-70
-121
-83
-59
-99
-62
-55
-62
-75
-90
-78
-115
-76
-50
-65
-74
-93
-50
-71
-74
-22
-53
-70
-32
7
-51
-99
-25
-25
-38
-32
-26
15
-11
6
44
42
36
-35
-4
-17
-68
45
48
-2
34
39
74
91
34
38
42
-3
-22
10
63
42
46
91
12
-55
-11
6
47
81
82
25
-42
13
20
20
20
-2
-15
-19
-18
-55
47
80
-1
-3
14
14
-33
11
64
27
23
16
-28
-66
-75
-11
-18
-54
-2
-55
-22
48
40
25
-63
-73
-70
-88
-33
20
5
20
21
-23
14
-22
-82
-43
-19
10
16
-41
-18
35
17
10
-30
-10
14
-48
14
1
-39
24
8
60
49
-77
-68
-28
-5
11
-17
-9
-26
-51
-56
-73
-47
11
46
-4
-33
25
75
