-11
-12
-13
-11
-12
-11
-8
-11
-8
-5
-9
-7
-9
-12
-9
-12
-11
-9
-11
-10
-9
-8
-9
-10
-9
-10
-10
-11
-14
-14
-12
-14
-14
-10
-13
-11
-13
-19
-15
-15
-17
-15
-13
-14
-13
-13
-13
-11
-11
-12
-10
-12
-11
-12
-10
-10
-13
-12
-9
-8
-10
-11
-7
-6
-7
-10
-11
-9
-13
-13
-12
-10
-10
-8
-9
-10
-13
-10
-11
-9
-11
-13
-9
-11
-12
-13
-13
-12
-14
-17
-15
-13
-15
-13
-14
-18
-21
-20
-20
-22
-22
-21
-21
-23
-22
-23
-23
-21
-22
-24
-21
-23
-22
-23
-23
-20
-22
-22
-21
-20
-20
-19
-20
-24
-21
-22
-23
-23
-22
-23
-20
-21
-19
-20
-18
-18
-18
-15
-17
-15
-18
-18
-15
-14
-13
-13
-12
-12
-11
-9
-9
-14
-14
-10
-11
-9
-14
-16
-16
-14
-13
-15
-16
-14
-16
-15
-16
-19
-17
-20
-20
-22
-20
-21
-21
-20
-20
-21
-21
-22
-26
-23
-23
-23
-19
-21
-20
-18
-19
-19
-18
-16
-18
-21
-18
-20
-17
-16
-17
-14
-16
-16
-17
-15
-18
-16
-17
-14
-13
-13
-13
-15
-12
-10
-10
-11
-15
-14
-11
-11
-11
-9
-13
-14
-8
-8
-11
-7
-7
-9
-7
-8
-10
-8
-9
-9
-6
-8
-9
-8
-10
-10
-11
-10
-11
-11
-10
-9
-11
-11
-11
-13
-13
-15
-9
-9
-14
-13
-13
-12
-11
-12
-12
-12
-12
-11
-8
-10
-10
-10
-7
-5
-6
-5
-6
-8
-7
-9
-8
-6
-5
-4
-4
0
0
-3
-4
-4
1
4
1
4
8
4
5
4
2
2
2
5
7
8
8
5
9
4
7
4
3
6
8
4
2
7
1
2
2
2
1
1
3
2
1
3
2
-1
0
2
2
2
4
3
2
2
0
-1
-1
2
-3
0
2
0
2
1
1
0
-1
-1
-1
-1
2
1
4
2
2
6
-1
1
2
0
3
6
5
6
3
7
8
6
4
7
7
7
6
7
8
7
7
5
8
5
4
5
7
6
5
3
3
5
4
4
2
4
3
2
1
2
1
3
0
-1
1
-3
-3
-3
-4
-4
-8
-8
-7
-9
-7
-9
-11
-7
-8
-8
-7
-9
-7
-6
-6
-6
-4
-4
-8
-8
-8
-5
-7
-6
-4
-4
-5
-5
-3
-6
-5
-6
-5
-4
-4
-6
-6
-8
-7
-10
-7
-8
-10
-8
-10
-11
-12
-10
-8
-8
-7
-6
-5
-6
-11
-11
-8
-11
-14
-14
-13
-14
-11
-11
-15
-14
-17
-17
-16
-15
-17
-14
-14
-14
-15
-14
-13
-17
-18
-17
-19
-20
-18
-21
-17
-20
-18
-20
-19
-17
-16
-16
-15
-15
-19
-17
-18
-17
-15
-17
-13
-12
-15
-11
-10
-12
-10
-15
-12
-11
-9
-7
-11
-10
-10
-9
-9
-9
-10
-10
-10
-7
-7
-10
-7
-8
-6
-7
-7
-9
-10
-7
-7
-6
-8
-5
-7
-6
-6
-6
-4
-8
-4
-6
-6
-5
-6
-4
-8
-9
-8
-8
-10
-8
-8
-9
-10
-11
-5
-8
-8
-8
-8
-8
-10
-9
-9
-9
-7
-9
-7
-5
-8
-9
-7
-7
-9
-9
-6
-8
-8
-7
-8
-5
-4
-6
-4
-3
-3
-2
-1
-4
-3
-2
-3
0
-1
1
2
4
3
2
3
5
6
7
5
4
4
1
3
2
4
4
8
9
4
5
3
1
3
1
-1
-2
-2
-2
-1
-3
-3
-3
-5
-4
-4
-3
-4
-7
-6
-6
-8
-5
-4
-3
-3
-2
-2
-2
-1
-3
-2
-1
-1
1
3
2
3
2
3
4
3
5
5
3
3
5
5
6
5
5
10
6
9
10
7
11
9
12
12
11
10
12
12
9
12
12
15
12
13
11
12
11
7
10
12
9
9
10
7
6
5
5
4
4
3
4
1
1
2
0
-1
-1
-1
-1
-4
-5
-5
-7
-5
-7
-3
-5
-8
-6
-8
-8
-5
-5
-4
-3
-5
-5
-4
-5
-3
-2
-3
2
0
-1
1
2
2
2
3
0
2
2
0
3
3
3
3
2
4
5
5
7
3
4
4
1
-3
1
1
-3
-7
-3
-2
-1
-1
-2
-1
-3
-1
-3
-6
-6
-5
-6
-8
-8
-8
-7
-5
-7
-6
-8
-11
-8
-7
-8
-11
-13
-10
-12
-12
-12
-12
-9
-9
-11
-11
-12
-14
-12
-12
-14
-9
-11
-10
-9
-9
-8
-6
-8
-10
-10
-8
-6
-4
-6
-3
0
-2
1
-1
3
1
-2
0
-1
0
3
-1
2
1
3
2
2
2
4
1
1
2
0
0
1
3
0
0
-2
0
-1
-2
-2
-6
-3
-3
-4
-2
-3
-2
-2
-3
-3
-5
-6
-8
-5
-5
-6
-8
-7
-7
-8
-6
-9
-6
-7
-5
-5
-5
-3
-4
-6
-6
-3
-2
-1
-2
-2
1
4
2
1
7
4
2
3
2
6
6
5
5
6
9
8
7
8
8
12
11
9
11
9
10
10
10
11
11
14
13
13
13
12
12
14
15
13
11
10
10
8
7
8
11
8
5
6
5
1
1
-3
-1
-1
-3
0
1
2
-4
-3
-4
-4
-5
-4
-5
-4
-3
-3
0
1
-1
2
3
4
4
4
5
4
4
2
4
5
6
9
9
10
10
10
6
9
7
9
9
8
12
11
9
10
12
10
8
11
12
12
12
13
13
10
8
11
8
6
10
9
7
3
1
2
3
1
2
2
1
-1
-2
-3
-4
-6
-8
-9
-7
-7
-10
-8
-8
-9
-9
-11
-11
-9
-14
-14
-12
-11
-11
-9
-8
-11
-7
-10
-8
-7
-7
0
-2
5
7
10
11
12
12
16
14
12
12
10
8
4
1
-3
-4
-9
-8
-9
-7
-7
-5
-2
2
1
3
7
7
8
7
10
8
7
5
6
9
5
5
6
5
3
2
0
0
-2
-6
-8
-8
-13
-18
-14
-17
-15
-14
-16
-15
-12
-10
-8
-9
-10
-6
-9
-6
-5
-6
-6
-5
-7
-6
-3
-1
0
-1
2
0
-1
-1
-1
-3
-3
-1
-2
-4
-5
-4
-6
-6
-6
-6
-6
-5
0
6
5
9
11
9
11
15
9
13
13
9
11
14
11
9
11
10
10
10
11
6
4
4
4
3
1
-2
1
1
-1
0
-1
0
1
-1
-2
-2
-1
-2
0
1
2
2
1
3
1
2
3
2
1
1
3
1
-2
0
0
1
3
1
4
4
6
4
4
7
11
9
10
13
13
15
12
18
15
17
20
17
19
16
18
16
18
17
14
15
14
17
15
15
12
13
14
13
13
13
12
13
15
15
14
18
17
14
16
19
20
18
17
16
17
14
15
13
13
14
17
19
12
13
10
7
9
6
5
4
4
5
3
4
6
6
4
4
6
9
7
7
7
12
10
12
16
15
15
17
18
17
18
19
17
20
20
18
22
23
22
25
26
25
24
25
21
22
22
23
21
23
24
24
27
24
25
22
24
23
24
26
26
22
22
24
23
23
22
22
19
19
21
20
20
19
20
18
19
17
16
16
14
12
9
9
4
7
8
7
8
10
7
6
1
6
8
7
10
9
9
11
10
9
13
9
12
10
9
14
11
15
15
15
15
15
13
15
13
13
15
12
15
14
12
15
15
14
14
12
16
14
12
13
11
15
8
12
14
10
11
6
7
6
8
5
5
6
5
5
2
-1
1
5
2
1
3
0
3
0
-7
-3
1
-2
-3
-5
-4
-1
-3
-1
2
-2
-4
-2
-3
0
0
-3
-1
-1
1
2
2
1
0
0
-2
-2
-3
-5
-6
-3
-6
-3
-6
-1
0
1
4
-2
-1
-1
2
3
4
5
5
7
8
8
10
10
6
4
5
8
8
11
7
4
7
4
1
1
1
1
0
3
3
4
1
1
4
2
2
0
2
1
0
-1
0
-1
-1
0
0
0
0
0
0
-1
1
0
-2
0
2
-1
0
0
-2
3
2
1
3
-1
0
2
3
6
5
4
6
6
5
4
3
6
7
8
5
8
7
9
8
10
10
10
8
8
9
5
10
8
11
10
8
10
9
8
11
10
8
11
12
15
9
13
16
13
16
17
15
16
15
12
13
13
13
10
14
13
17
13
9
12
9
11
12
11
6
6
3
6
7
10
9
5
7
7
9
8
9
10
9
11
8
8
10
12
14
13
11
12
7
10
10
9
9
7
7
10
13
11
11
15
13
11
10
7
9
8
8
9
12
10
12
16
11
10
14
15
11
13
10
13
9
13
13
7
11
12
11
10
10
10
10
10
12
8
10
8
6
6
4
4
-1
4
2
3
-2
-3
0
-1
-1
-2
-2
-2
1
1
0
-1
3
1
1
2
-1
0
-2
3
1
0
5
3
3
6
4
3
3
2
4
2
7
5
3
6
3
2
4
3
2
4
2
-1
-1
-1
-1
-2
0
0
-2
-5
-5
-8
-10
-11
-10
-10
-11
-11
-13
-16
-15
-16
-16
-16
-13
-15
-15
-16
-15
-16
-21
-18
-19
-16
-18
-17
-16
-16
-12
-12
-16
-14
-11
-12
-15
-14
-12
-11
-12
-14
-12
-11
-9
-9
-10
-9
-13
-16
-16
-17
-17
-18
-19
-17
-20
-21
-20
-19
-21
-21
-22
-22
-18
-18
-16
-15
-12
-16
-15
-15
-13
-14
-13
-15
-17
-17
-20
-16
-16
-19
-19
-19
-17
-16
-19
-19
-19
-17
-17
-17
-16
-17
-19
-24
-22
-22
-21
-23
-26
-26
-27
-28
-30
-28
-27
-28
-27
-26
-29
-34
-29
-29
-28
-26
-29
-26
-28
-26
-25
-27
-26
-26
-24
-24
-20
-19
-20
-19
-23
-21
-22
-26
-21
-23
-17
-24
-23
-21
-21
-16
-24
-22
-27
-25
-27
-28
-26
-29
-32
-33
-34
-32
-37
-38
-36
-38
-37
-40
-43
-42
-46
-46
-47
-45
-44
-45
-48
-49
-47
-47
-45
-46
-46
-44
-45
-41
-43
-43
-40
-35
-29
-33
-30
-28
-26
-29
-28
-27
-23
-25
-25
-24
-27
-27
-31
-34
-32
-36
-37
-38
-46
-42
-45
-47
-46
-46
-46
-47
-52
-50
-54
-55
-56
-59
-61
-66
-65
-64
-70
-68
-71
-72
-74
-78
-77
-80
-78
-80
-76
-78
-75
-73
-67
-68
-64
-62
-59
-50
-52
-50
-41
-34
-30
-34
-33
-34
-30
-37
-42
-40
-45
-55
-62
-64
-56
-45
-44
-49
-54
-55
-51
-49
-59
-63
-68
-64
-66
-71
-75
-77
-75
-77
-84
-87
-88
-89
-92
-96
-102
-109
-115
-115
-123
-129
-132
-140
-142
-143
-147
-146
-143
-142
-136
-133
-130
-122
-115
-106
-96
-86
-76
-70
-65
-56
-54
-49
-47
-44
-43
-46
-41
-46
-48
-46
-54
-50
-53
-54
-54
-57
-58
-63
-61
-62
-62
-62
-67
-70
-75
-75
-80
-82
-83
-84
-84
-87
-97
-104
-100
-108
-123
-126
-138
-143
-156
-176
-192
-212
-223
-238
-249
-256
-260
-252
-244
-232
-211
-189
-161
-130
-105
-77
-55
-37
-19
-14
-5
-8
-13
-12
-26
-30
-42
-54
-57
-68
-75
-73
-82
-81
-78
-83
-79
-78
-73
-69
-69
-67
-63
-63
-54
-51
-47
-41
-39
-34
-29
-27
-31
-36
-32
-43
-57
-71
-87
-110
-140
-168
-191
-229
-262
-293
-316
-340
-353
-371
-371
-361
-351
-321
-302
-260
-218
-170
-117
-74
-24
15
48
78
89
104
100
88
73
42
11
-21
-59
-90
-124
-145
-162
-175
-181
-180
-171
-157
-139
-117
-93
-74
-53
-33
-12
10
24
31
48
52
62
66
65
70
66
66
61
50
47
38
21
6
-11
-30
-47
-76
-101
-134
-171
-203
-247
-280
-313
-334
-372
-393
-408
-418
-406
-415
-387
-371
-335
-288
-266
-203
-164
-115
-67
-42
9
20
44
60
52
64
53
42
22
-9
-28
-54
-82
-115
-142
-157
-177
-196
-206
-195
-186
-167
-143
-123
-77
-44
-15
21
43
80
94
102
114
118
122
114
107
103
100
99
93
91
85
85
81
78
76
64
67
53
42
25
13
-4
-33
-67
-96
-136
-180
-227
-287
-332
-382
-431
-462
-499
-527
-539
-535
-510
-479
-446
-379
-317
-253
-173
-128
-51
-15
13
48
39
62
57
35
42
9
11
4
-19
-12
-28
-37
-42
-62
-70
-83
-100
-106
-130
-143
-137
-150
-142
-131
-116
-79
-52
-18
27
61
100
132
154
181
191
199
210
202
201
197
186
178
163
154
151
135
125
115
98
88
69
53
33
7
-18
-54
-91
-132
-185
-235
-291
-350
-401
-461
-505
-547
-573
-592
-597
-578
-545
-487
-428
-347
-279
-201
-134
-79
-25
2
20
13
1
-7
-31
-53
-71
-90
-86
-81
-64
-38
-20
0
11
24
27
23
9
-18
-46
-77
-101
-126
-140
-147
-143
-125
-99
-59
-11
31
81
117
147
178
193
201
193
192
184
182
173
169
171
170
182
186
200
215
221
222
208
209
196
177
154
120
97
69
41
7
-27
-57
-106
-152
-207
-270
-327
-396
-459
-533
-590
-631
-653
-662
-661
-653
-605
-550
-464
-383
-296
-221
-159
-96
-36
4
26
17
3
-13
-28
-46
-59
-68
-74
-63
-53
-18
1
25
40
40
33
27
2
-24
-72
-116
-156
-190
-209
-220
-222
-205
-182
-142
-84
-33
31
80
117
162
193
215
219
214
209
190
176
165
156
146
141
138
144
150
161
168
173
176
182
185
186
188
178
171
165
164
159
149
141
133
125
119
110
98
88
56
22
-17
-65
-119
-193
-279
-356
-454
-528
-607
-672
-697
-747
-742
-743
-701
-633
-580
-492
-425
-336
-248
-182
-107
-72
-44
-37
-37
-35
-47
-53
-78
-83
-80
-65
-20
1
33
53
71
107
95
92
57
16
-32
-95
-142
-189
-230
-263
-285
-282
-257
-216
-163
-104
-45
25
93
148
194
224
240
248
242
233
218
195
173
149
138
136
141
143
147
154
167
184
197
208
217
233
241
252
268
287
311
317
315
313
312
306
282
252
221
188
151
114
70
40
5
-36
-67
-116
-142
-211
-273
-357
-439
-500
-598
-665
-752
-797
-825
-827
-808
-757
-683
-607
-516
-426
-314
-213
-138
-88
-61
-40
-34
-56
-76
-117
-134
-152
-152
-117
-65
-10
37
87
158
213
254
246
228
175
113
31
-56
-141
-239
-319
-381
-407
-398
-362
-320
-250
-166
-69
38
133
207
255
291
312
307
291
262
229
185
146
118
111
106
109
106
116
135
150
154
153
153
140
135
115
121
127
147
171
219
287
367
441
505
566
614
638
642
616
568
503
411
320
224
139
66
-3
-50
-82
-96
-103
-98
-104
-108
-124
-157
-194
-261
-329
-429
-536
-633
-720
-791
-855
-917
-912
-926
-875
-820
-767
-640
-577
-454
-380
-324
-213
-191
-114
-114
-129
-85
-91
-37
-15
23
114
160
223
284
348
407
407
373
322
266
175
69
-64
-191
-294
-412
-475
-520
-534
-496
-461
-381
-272
-158
-16
85
177
265
325
391
413
409
400
368
343
304
273
251
229
200
177
162
153
149
118
92
60
34
18
-8
-25
-30
-15
28
109
219
332
446
557
680
776
844
879
861
823
736
622
511
372
264
127
25
-43
-93
-95
-100
-80
-62
-32
-1
10
22
-8
-32
-84
-162
-231
-314
-394
-481
-620
-684
-777
-815
-864
-903
-869
-871
-798
-789
-701
-656
-586
-541
-532
-457
-439
-400
-359
-387
-265
-231
-103
16
110
297
397
535
658
711
803
766
718
627
490
354
159
-33
-243
-400
-551
-648
-713
-740
-708
-647
-555
-414
-285
-112
20
127
255
339
435
485
497
517
513
520
505
485
470
446
418
381
344
302
258
191
113
31
-38
-104
-164
-218
-245
-248
-211
-156
-80
51
222
389
559
729
912
1065
1140
1176
1179
1143
1069
907
747
587
415
249
74
-42
-119
-180
-216
-223
-200
-150
-109
-78
-45
-25
-1
-2
-31
-84
-134
-221
-300
-424
-505
-585
-667
-740
-839
-822
-837
-809
-845
-829
-788
-755
-722
-750
-725
-694
-678
-650
-655
-587
-478
-357
-185
-25
189
396
596
773
927
1044
1099
1079
982
851
688
475
231
-56
-302
-529
-706
-848
-940
-968
-935
-857
-740
-579
-403
-209
-55
103
242
378
485
544
580
606
629
642
641
623
613
593
563
522
463
415
339
236
120
9
-81
-182
-278
-360
-394
-386
-329
-214
-76
78
245
418
608
766
899
1005
1077
1100
1063
1022
965
889
760
627
498
410
309
212
136
64
14
-33
-63
-69
-76
-89
-109
-123
-126
-133
-141
-186
-245
-302
-371
-416
-519
-583
-670
-723
-789
-836
-848
-851
-863
-894
-897
-877
-840
-840
-866
-844
-829
-777
-732
-687
-562
-439
-246
-40
174
418
634
848
1027
1154
1243
1254
1206
1069
884
658
417
137
-174
-453
-693
-869
-1009
-1092
-1103
-1047
-943
-793
-620
-408
-195
2
182
332
481
604
681
734
753
767
773
767
746
716
673
627
567
483
407
313
207
78
-41
-143
-234
-315
-383
-414
-394
-338
-244
-111
72
264
450
619
774
933
1046
1137
1183
1192
1179
1115
1064
979
878
775
643
538
426
328
237
144
57
-17
-78
-101
-124
-148
-151
-158
-142
-149
-133
-156
-163
-235
-304
-381
-464
-538
-640
-715
-769
-820
-855
-880
-927
-895
-926
-902
-929
-963
-947
-953
-960
-941
-963
-865
-803
-664
-476
-251
34
295
547
844
1098
1329
1461
1511
1494
1405
1242
995
707
354
7
-355
-671
-938
-1154
-1283
-1347
-1346
-1241
-1083
-854
-615
-381
-128
115
337
527
654
769
834
868
881
877
876
843
800
748
705
655
594
502
398
282
157
26
-109
-246
-363
-465
-524
-546
-528
-450
-341
-189
0
229
485
719
937
1131
1318
1454
1524
1533
1498
1431
1303
1131
953
750
563
347
159
21
-110
-179
-255
-280
-270
-239
-173
-127
-73
-22
24
57
56
41
-16
-78
-203
-297
-455
-535
-674
-738
-847
-895
-924
-973
-967
-1062
-1036
-1089
-1097
-1136
-1228
-1220
-1255
-1273
-1241
-1264
-1093
-978
-738
-446
-126
257
590
942
1304
1582
1795
1875
1885
1786
1603
1300
954
553
89
-359
-793
-1124
-1402
-1604
-1719
-1716
-1627
-1427
-1199
-895
-575
-281
24
285
539
741
872
972
1023
1058
1064
1067
1031
992
916
847
795
711
618
465
320
154
-19
-184
-364
-518
-653
-767
-804
-801
-705
-550
-354
-85
182
502
808
1087
1374
1569
1736
1804
1797
1768
1641
1491
1265
1016
779
531
309
119
-72
-167
-282
-315
-325
-294
-230
-175
-99
-16
60
143
189
212
213
172
132
25
-74
-248
-374
-527
-617
-760
-839
-925
-960
-995
-1097
-1092
-1158
-1139
-1203
-1347
-1356
-1465
-1448
-1483
-1566
-1459
-1428
-1225
-955
-653
-204
162
599
1044
1449
1860
2100
2246
2268
2168
1968
1665
1258
759
211
-354
-859
-1288
-1650
-1913
-2071
-2105
-1988
-1796
-1475
-1119
-755
-367
-31
333
645
886
1061
1157
1229
1258
1271
1243
1190
1120
1046
975
883
788
669
533
372
180
-20
-207
-402
-610
-801
-924
-987
-988
-933
-799
-566
-224
157
549
961
1350
1736
1994
2186
2272
2268
2170
1940
1652
1330
977
627
257
-42
-275
-437
-533
-590
-567
-490
-377
-248
-126
5
135
236
311
344
370
367
331
250
130
24
-143
-297
-456
-581
-705
-831
-949
-985
-1016
-1045
-1125
-1225
-1277
-1351
-1451
-1568
-1705
-1806
-1864
-1933
-1904
-1838
-1638
-1312
-896
-402
124
667
1285
1814
2279
2605
2795
2881
2782
2493
2086
1563
976
281
-451
-1109
-1663
-2103
-2455
-2662
-2679
-2513
-2237
-1865
-1429
-930
-424
29
429
793
1078
1282
1389
1434
1448
1426
1380
1304
1204
1123
1034
948
832
691
552
374
171
-69
-313
-542
-777
-997
-1176
-1285
-1310
-1272
-1153
-925
-605
-149
313
821
1286
1729
2147
2428
2622
2651
2580
2410
2087
1719
1284
844
431
-24
-351
-634
-775
-853
-876
-806
-689
-504
-313
-130
62
215
368
466
526
584
563
557
432
344
181
42
-141
-370
-554
-758
-850
-976
-1054
-1144
-1171
-1176
-1215
-1265
-1316
-1382
-1440
-1615
-1712
-1833
-1870
-1923
-1998
-1934
-1783
-1447
-1004
-556
-10
520
1140
1749
2242
2631
2833
2937
2870
2612
2221
1712
1104
390
-395
-1095
-1675
-2129
-2534
-2801
-2858
-2709
-2404
-2031
-1570
-1057
-534
-28
410
820
1140
1359
1486
1527
1545
1526
1484
1382
1253
1147
1041
953
839
693
543
357
160
-60
-290
-512
-755
-955
-1123
-1200
-1199
-1126
-956
-706
-321
146
624
1081
1489
1879
2209
2408
2490
2422
2288
2042
1694
1330
926
561
193
-143
-364
-516
-560
-576
-541
-451
-335
-173
-35
93
185
271
340
376
392
380
351
284
190
78
-27
-161
-312
-514
-673
-787
-874
-954
-1074
-1117
-1143
-1167
-1232
-1363
-1427
-1519
-1625
-1789
-1902
-1956
-1985
-2028
-2022
-1849
-1523
-1104
-635
-151
444
1029
1634
2165
2559
2840
2923
2896
2722
2369
1885
1266
592
-140
-876
-1507
-2017
-2412
-2707
-2851
-2771
-2492
-2119
-1695
-1215
-678
-151
332
740
1098
1362
1518
1600
1627
1632
1584
1491
1378
1242
1122
1018
908
773
591
392
208
8
-214
-466
-710
-915
-1097
-1234
-1258
-1151
-946
-670
-334
123
615
1126
1564
1931
2245
2434
2512
2456
2280
2051
1696
1317
904
524
207
-80
-293
-446
-515
-478
-411
-311
-212
-81
60
165
258
317
374
394
385
349
306
250
177
39
-79
-243
-376
-541
-705
-824
-942
-1025
-1027
-1147
-1109
-1235
-1260
-1336
-1480
-1521
-1707
-1772
-1899
-2024
-2043
-2064
-1931
-1727
-1409
-901
-419
185
729
1383
1996
2482
2827
3000
3082
2995
2694
2261
1653
1026
263
-514
-1222
-1838
-2312
-2702
-2929
-2937
-2754
-2413
-1998
-1507
-945
-400
150
614
1025
1331
1541
1668
1713
1718
1659
1570
1462
1320
1198
1066
958
831
689
522
338
148
-55
-288
-526
-747
-938
-1072
-1153
-1142
-1038
-851
-543
-124
321
782
1185
1616
1983
2254
2409
2413
2360
2185
1912
1613
1254
919
550
222
-22
-203
-297
-375
-399
-369
-303
-200
-104
-13
58
120
187
231
270
268
263
217
136
57
-56
-169
-365
-559
-689
-802
-874
-1008
-1079
-1121
-1123
-1167
-1245
-1340
-1431
-1560
-1716
-1853
-2008
-2104
-2221
-2227
-2156
-1879
-1487
-973
-425
165
832
1549
2217
2725
3036
3253
3294
3168
2824
2299
1686
922
87
-760
-1501
-2101
-2628
-3016
-3204
-3149
-2879
-2493
-2001
-1465
-871
-278
284
769
1157
1434
1608
1696
1713
1679
1607
1500
1361
1221
1109
1036
956
847
709
560
418
240
27
-228
-497
-761
-1015
-1210
-1335
-1365
-1291
-1064
-774
-356
63
621
1227
1712
2158
2403
2672
2799
2724
2586
2228
1923
1495
1003
606
183
-90
-398
-624
-699
-729
-612
-554
-446
-306
-173
18
120
236
289
334
377
330
297
226
117
-5
-247
-425
-600
-747
-888
-1087
-1154
-1216
-1248
-1288
-1387
-1414
-1513
-1610
-1713
-1850
-1912
-2079
-2168
-2215
-2162
-1968
-1717
-1283
-756
-194
412
1054
1762
2374
2783
3051
3197
3237
3032
2613
2051
1410
663
-184
-997
-1700
-2268
-2749
-3112
-3224
-3108
-2804
-2410
-1940
-1373
-776
-185
353
811
1176
1428
1598
1683
1706
1662
1580
1474
1344
1225
1111
1042
937
823
675
522
375
173
-66
-322
-567
-786
-992
-1128
-1171
-1106
-977
-776
-513
-143
331
792
1201
1530
1824
2101
2242
2281
2203
2043
1854
1554
1252
956
674
417
128
-82
-211
-269
-295
-352
-361
-327
-258
-182
-129
-79
-31
22
50
65
84
57
5
-124
-239
-380
-484
-621
-774
-895
-1023
-1037
-1113
-1153
-1271
-1378
-1494
-1612
-1738
-1847
-2008
-2141
-2254
-2332
-2252
-2131
-1873
-1497
-1019
-436
159
803
1508
2110
2627
2924
3140
3235
3135
2810
2297
1696
1016
239
-571
-1327
-1940
-2474
-2879
-3104
-3094
-2882
-2574
-2163
-1673
-1090
-499
44
513
912
1216
1447
1586
1655
1656
1603
1525
1432
1340
1242
1157
1075
964
840
692
558
374
144
-130
-405
-656
-911
-1140
-1315
-1327
-1275
-1016
-780
-345
136
652
1211
1602
2089
2380
2590
2678
2550
2451
2157
1829
1437
984
655
261
-1
-253
-419
-466
-526
-476
-437
-337
-220
-142
-19
20
114
163
179
176
130
84
20
-107
-262
-430
-600
-707
-927
-1031
-1159
-1202
-1220
-1318
-1336
-1427
-1457
-1535
-1664
-1747
-1900
-1994
-2113
-2201
-2182
-2112
-1818
-1453
-958
-439
126
839
1531
2175
2656
2987
3253
3311
3206
2866
2388
1813
1058
242
-599
-1321
-1950
-2530
-2964
-3201
-3169
-2955
-2635
-2202
-1686
-1081
-487
78
580
988
1312
1515
1651
1712
1705
1682
1583
1457
1317
1245
1192
1100
980
838
735
609
424
196
-26
-247
-493
-742
-875
-924
-887
-834
-717
-448
-112
283
626
961
1300
1567
1797
1919
1981
1966
1864
1716
1517
1328
1140
937
732
514
380
269
181
86
-24
-76
-121
-159
-177
-223
-212
-241
-234
-230
-214
-180
-207
-232
-282
-334
-395
-487
-581
-709
-802
-858
-930
-964
-1117
-1141
-1281
-1348
-1505
-1679
-1756
-1930
-2031
-2206
-2290
-2246
-2213
-2018
-1731
-1257
-678
-185
440
1083
1802
2368
2742
3021
3184
3208
2993
2583
2088
1466
743
-93
-853
-1502
-2084
-2574
-2946
-3065
-2974
-2741
-2401
-1968
-1443
-890
-347
173
620
996
1258
1446
1561
1612
1624
1573
1506
1392
1305
1238
1175
1099
968
864
736
590
416
218
13
-215
-417
-563
-631
-656
-632
-541
-371
-124
145
452
755
1029
1257
1433
1592
1681
1698
1637
1536
1436
1304
1171
1026
887
748
626
535
452
368
273
179
90
-8
-85
-157
-222
-305
-376
-421
-437
-460
-496
-545
-580
-626
-684
-746
-797
-829
-916
-997
-1048
-1059
-1094
-1197
-1335
-1434
-1518
-1615
-1787
-1923
-2032
-2111
-2192
-2197
-2078
-1795
-1399
-984
-478
91
757
1424
2008
2474
2806
3045
3141
3038
2768
2316
1770
1094
338
-430
-1136
-1753
-2301
-2737
-2976
-2991
-2821
-2546
-2183
-1713
-1164
-588
-53
419
818
1141
1373
1515
1593
1612
1578
1499
1381
1283
1201
1145
1050
944
843
743
632
483
292
87
-153
-371
-508
-541
-559
-593
-576
-352
-43
258
536
773
1100
1322
1510
1634
1681
1712
1574
1427
1283
1160
1058
843
678
545
487
472
407
363
276
240
206
152
98
4
-52
-164
-250
-307
-350
-388
-501
-600
-665
-690
-738
-847
-944
-1029
-1058
-1118
-1134
-1189
-1231
-1313
-1449
-1534
-1639
-1712
-1861
-2035
-2187
-2282
-2307
-2267
-2192
-1956
-1589
-1083
-526
46
716
1412
2046
2551
2905
3183
3303
3217
2925
2449
1905
1234
439
-391
-1171
-1835
-2417
-2881
-3161
-3222
-3074
-2801
-2406
-1908
-1318
-716
-153
362
804
1182
1446
1613
1694
1714
1684
1617
1509
1384
1276
1180
1090
981
875
756
623
460
289
99
-95
-296
-464
-544
-599
-597
-560
-427
-221
6
270
543
831
1086
1280
1444
1563
1635
1640
1569
1494
1396
1288
1153
1010
878
746
642
537
428
327
234
143
41
-50
-118
-181
-231
-310
-354
-372
-379
-408
-465
-509
-538
-589
-663
-752
-826
-917
-978
-1075
-1113
-1191
-1259
-1356
-1472
-1586
-1696
-1846
-1943
-2147
-2253
-2382
-2425
-2402
-2373
-2147
-1752
-1222
-620
-94
576
1319
2048
2648
2990
3300
3451
3434
3158
2687
2141
1464
629
-282
-1124
-1796
-2418
-2955
-3345
-3448
-3294
-3004
-2601
-2114
-1502
-859
-239
336
828
1240
1530
1710
1811
1845
1826
1740
1620
1466
1332
1223
1124
1013
876
739
608
471
335
153
-15
-185
-309
-394
-451
-442
-403
-300
-157
20
266
497
744
934
1118
1288
1413
1508
1522
1523
1477
1420
1340
1244
1141
1019
898
779
662
549
435
314
191
67
-36
-122
-207
-290
-369
-440
-465
-509
-524
-572
-615
-652
-714
-759
-812
-881
-949
-1048
-1124
-1185
-1246
-1319
-1454
-1610
-1726
-1854
-1956
-2111
-2275
-2369
-2441
-2400
-2319
-2082
-1665
-1145
-543
39
709
1473
2190
2789
3142
3403
3546
3513
3248
2741
2135
1422
579
-314
-1183
-1905
-2528
-3050
-3406
-3507
-3333
-3007
-2571
-2052
-1434
-756
-102
494
985
1378
1670
1853
1961
1973
1933
1828
1674
1514
1369
1247
1123
971
827
674
544
374
200
32
-171
-327
-463
-504
-510
-495
-413
-274
-49
211
451
730
969
1202
1370
1507
1617
1656
1629
1554
1473
1394
1283
1157
1022
881
779
675
589
478
373
284
191
113
26
-57
-110
-190
-250
-310
-338
-357
-410
-476
-530
-606
-640
-762
-825
-956
-1031
-1092
-1187
-1208
-1324
-1368
-1492
-1626
-1703
-1904
-1984
-2204
-2362
-2487
-2617
-2557
-2542
-2269
-1866
-1307
-633
-25
744
1534
2335
2987
3373
3687
3806
3784
3465
2914
2267
1455
553
-453
-1385
-2162
-2840
-3377
-3756
-3822
-3605
-3229
-2722
-2136
-1429
-698
-1
641
1159
1577
1850
2013
2104
2075
2009
1847
1683
1501
1331
1197
1050
937
776
629
483
325
141
-112
-337
-536
-715
-808
-851
-775
-661
-472
-197
151
552
921
1244
1545
1773
1960
2039
2042
1962
1804
1628
1406
1216
1003
795
610
454
347
266
211
168
99
73
39
29
20
-27
-29
-79
-89
-122
-144
-165
-235
-315
-413
-521
-600
-755
-872
-1018
-1138
-1190
-1331
-1323
-1484
-1519
-1679
-1790
-1860
-2028
-2157
-2402
-2566
-2636
-2711
-2649
-2593
-2247
-1741
-1126
-423
224
1106
1905
2697
3254
3645
3944
3994
3833
3397
2764
2059
1135
147
-921
-1859
-2633
-3309
-3788
-4071
-4026
-3729
-3262
-2666
-1984
-1206
-426
286
915
1408
1822
2074
2206
2217
2151
2051
1878
1681
1462
1281
1137
984
841
676
526
369
199
14
-216
-426
-618
-751
-837
-847
-795
-662
-457
-183
150
501
875
1199
1485
1720
1895
2012
2033
1977
1863
1700
1541
1336
1137
921
716
560
404
285
177
90
27
-43
-84
-113
-136
-129
-162
-159
-168
-157
-147
-182
-223
-286
-361
-450
-588
-698
-811
-929
-1040
-1169
-1260
-1360
-1430
-1545
-1682
-1849
-1978
-2128
-2277
-2485
-2650
-2739
-2746
-2697
-2529
-2126
-1536
-846
-208
523
1378
2278
3001
3473
3793
4026
4047
3793
3250
2599
1805
859
-216
-1244
-2104
-2846
-3486
-3949
-4105
-3942
-3565
-3060
-2442
-1726
-935
-162
548
1140
1615
1946
2160
2264
2270
2187
2042
1856
1635
1434
1260
1125
968
795
613
462
305
127
-87
-325
-559
-759
-873
-942
-957
-911
-702
-410
-67
300
693
1141
1508
1817
2024
2196
2307
2263
2140
1929
1738
1508
1219
943
677
493
311
177
68
-12
-37
-57
-55
-71
-54
-20
-4
5
-8
14
30
3
-51
-131
-190
-275
-418
-565
-711
-828
-949
-1102
-1208
-1307
-1392
-1480
-1653
-1753
-1915
-2033
-2219
-2420
-2580
-2751
-2833
-2880
-2832
-2618
-2222
-1624
-923
-198
573
1428
2322
3100
3632
3958
4154
4158
3914
3367
2657
1819
845
-247
-1340
-2267
-3019
-3649
-4128
-4317
-4154
-3731
-3187
-2541
-1794
-968
-156
572
1191
1685
2037
2246
2338
2342
2261
2113
1903
1678
1459
1274
1129
976
793
590
410
248
49
-196
-456
-705
-921
-1104
-1211
-1174
-1043
-839
-571
-208
287
782
1271
1675
2011
2308
2473
2554
2504
2356
2126
1814
1500
1177
870
591
322
115
-39
-114
-138
-155
-154
-145
-100
-25
27
80
105
132
156
164
167
144
90
1
-124
-234
-391
-531
-727
-885
-1050
-1189
-1309
-1410
-1478
-1625
-1751
-1944
-2010
-2142
-2274
-2511
-2742
-2855
-2916
-2882
-2817
-2645
-2130
-1520
-712
-10
788
1730
2605
3389
3822
4154
4357
4303
3950
3278
2531
1684
622
-545
-1716
-2593
-3337
-3955
-4401
-4516
-4241
-3772
-3174
-2466
-1629
-735
80
798
1413
1908
2266
2429
2486
2432
2328
2161
1929
1680
1432
1246
1075
909
713
517
354
161
-49
-295
-528
-750
-971
-1114
-1155
-1121
-971
-745
-425
-23
409
901
1340
1751
2069
2269
2433
2454
2418
2230
1984
1716
1409
1117
809
550
327
128
10
-76
-113
-120
-123
-98
-87
-34
15
56
82
93
102
130
112
96
21
-45
-138
-262
-402
-588
-736
-916
-1038
-1220
-1333
-1492
-1575
-1708
-1853
-1987
-2137
-2280
-2417
-2635
-2751
-2899
-2911
-2897
-2822
-2499
-2007
-1275
-555
152
967
1883
2798
3490
3885
4169
4288
4220
3797
3131
2357
1454
377
-817
-1897
-2740
-3454
-4075
-4506
-4535
-4207
-3700
-3095
-2394
-1539
-667
162
871
1476
1954
2262
2424
2463
2434
2329
2139
1889
1609
1381
1196
1041
850
621
419
251
78
-154
-417
-650
-887
-1099
-1273
-1307
-1197
-1046
-832
-536
-85
447
952
1418
1807
2152
2419
2545
2577
2490
2305
2030
1688
1350
1017
709
409
134
-60
-175
-206
-222
-228
-211
-157
-76
-10
50
112
151
177
181
205
220
183
113
8
-95
-174
-356
-493
-717
-886
-1026
-1202
-1301
-1444
-1528
-1632
-1808
-1908
-2005
-2138
-2242
-2589
-2719
-2926
-2931
-2990
-3087
-2934
-2583
-1898
-1174
-500
300
1198
2215
3057
3661
4122
4396
4513
4231
3749
3081
2309
1274
33
-1163
-2161
-2975
-3730
-4384
-4661
-4580
-4192
-3673
-3011
-2187
-1318
-436
343
1082
1688
2130
2379
2487
2510
2469
2333
2121
1840
1584
1370
1205
1042
846
666
481
312
111
-119
-334
-593
-843
-1094
-1229
-1248
-1214
-1089
-886
-471
-24
480
936
1422
1867
2201
2451
2558
2601
2519
2297
2038
1716
1422
1084
747
479
240
115
-19
-81
-124
-135
-97
-76
-41
-11
30
80
83
118
143
188
199
160
134
81
37
-78
-248
-396
-581
-741
-923
-1109
-1184
-1359
-1444
-1655
-1761
-1868
-2033
-2125
-2398
-2510
-2707
-2846
-2941
-3065
-2970
-2858
-2472
-1905
-1242
-401
289
1205
2105
2990
3692
4063
4353
4412
4291
3868
3164
2374
1375
276
-893
-1952
-2804
-3582
-4154
-4533
-4517
-4200
-3703
-3049
-2317
-1469
-621
194
945
1531
1983
2257
2426
2507
2458
2344
2138
1924
1674
1454
1279
1114
949
734
540
364
174
-38
-326
-573
-851
-1071
-1247
-1325
-1291
-1164
-937
-638
-217
276
790
1276
1698
2040
2325
2507
2580
2523
2363
2125
1854
1538
1227
909
628
368
161
17
-81
-132
-169
-201
-211
-189
-144
-108
-81
-54
-16
42
92
121
133
125
103
45
-50
-147
-310
-466
-706
-854
-1024
-1142
-1277
-1439
-1566
-1746
-1851
-2000
-2103
-2261
-2504
-2684
-2890
-2931
-3013
-3066
-3002
-2845
-2291
-1686
-916
-193
578
1523
2412
3243
3784
4149
4378
4327
4078
3524
2859
2014
941
-210
-1359
-2260
-3069
-3771
-4300
-4535
-4381
-3997
-3438
-2763
-2001
-1155
-344
443
1124
1661
2052
2275
2394
2401
2350
2231
2034
1792
1536
1359
1222
1078
895
675
513
337
158
-77
-325
-575
-830
-1038
-1177
-1200
-1166
-1065
-866
-514
-86
361
801
1230
1627
1970
2219
2370
2442
2382
2243
2028
1789
1531
1232
940
652
417
242
90
-10
-120
-188
-222
-236
-219
-230
-193
-183
-149
-102
-56
3
24
23
11
-30
-68
-168
-284
-444
-615
-761
-943
-1054
-1209
-1328
-1483
-1628
-1745
-1859
-2005
-2148
-2427
-2519
-2751
-2822
-2984
-3044
-2975
-2775
-2284
-1713
-981
-260
530
1455
2373
3181
3731
4098
4336
4321
4109
3553
2905
2033
1007
-133
-1231
-2137
-2960
-3674
-4192
-4405
-4238
-3876
-3349
-2686
-1927
-1091
-295
496
1147
1679
2032
2260
2375
2396
2330
2193
1990
1752
1514
1339
1208
1062
885
690
537
384
205
-45
-291
-554
-809
-1047
-1215
-1265
-1222
-1095
-892
-577
-151
348
851
1302
1704
2046
2338
2497
2559
2494
2335
2118
1830
1537
1210
921
621
355
130
-15
-106
-187
-237
-286
-280
-254
-222
-182
-158
-111
-65
-22
27
44
60
27
-30
-106
-212
-339
-502
-661
-822
-1002
-1150
-1302
-1395
-1534
-1653
-1868
-2023
-2168
-2283
-2448
-2692
-2863
-3024
-3042
-3031
-2946
-2625
-2143
-1448
-732
-13
883
1780
2700
3334
3790
4139
4301
4249
3839
3220
2482
1599
562
-597
-1639
-2530
-3284
-3911
-4323
-4375
-4155
-3701
-3158
-2466
-1660
-823
-13
686
1272
1742
2076
2283
2346
2319
2224
2075
1887
1647
1437
1273
1140
986
801
638
481
322
97
-159
-424
-685
-942
-1173
-1333
-1384
-1308
-1154
-878
-534
-65
445
959
1445
1856
2232
2477
2631
2651
2566
2411
2144
1830
1472
1129
819
507
239
7
-146
-239
-302
-328
-347
-313
-265
-202
-132
-78
8
73
128
173
182
220
167
119
-2
-111
-273
-434
-637
-830
-989
-1108
-1264
-1355
-1506
-1579
-1733
-1896
-2002
-2226
-2298
-2586
-2744
-2922
-3020
-2992
-2985
-2723
-2227
-1547
-755
-109
780
1708
2709
3452
3894
4267
4455
4467
4079
3464
2744
1849
787
-430
-1524
-2406
-3205
-3862
-4371
-4439
-4219
-3767
-3189
-2502
-1678
-843
0
751
1373
1852
2167
2396
2472
2438
2340
2176
1990
1715
1484
1315
1213
1071
852
677
540
399
185
-93
-351
-629
-878
-1142
-1310
-1371
-1362
-1239
-1052
-684
-196
387
934
1423
1881
2313
2672
2879
2912
2806
2643
2381
2031
1633
1225
853
461
126
-122
-267
-336
-421
-453
-443
-354
-244
-143
-70
-5
85
186
261
327
332
342
298
226
134
-9
-123
-366
-563
-797
-990
-1101
-1290
-1346
-1554
-1663
-1783
-1951
-1967
-2207
-2316
-2554
-2782
-2823
-3024
-2955
-3014
-2854
-2385
-1825
-976
-317
487
1423
2357
3263
3777
4208
4456
4496
4253
3673
3020
2170
1151
-76
-1258
-2206
-3052
-3743
-4330
-4563
-4428
-4050
-3453
-2789
-1962
-1112
-274
551
1228
1802
2165
2406
2526
2502
2433
2250
2068
1809
1531
1319
1143
1042
852
667
489
325
164
-95
-350
-635
-898
-1141
-1360
-1457
-1498
-1356
-1096
-733
-272
239
824
1403
1911
2337
2647
2876
2948
2873
2687
2406
2078
1654
1225
797
448
153
-114
-310
-439
-472
-463
-433
-362
-299
-189
-86
15
108
185
282
335
380
369
380
322
260
108
-46
-212
-412
-611
-865
-1014
-1195
-1323
-1477
-1624
-1721
-1879
-2004
-2157
-2305
-2420
-2657
-2789
-2976
-3026
-3045
-2990
-2728
-2250
-1558
-806
-80
786
1722
2706
3478
3982
4336
4526
4514
4172
3571
2795
1873
779
-429
-1583
-2548
-3363
-4040
-4529
-4654
-4443
-3950
-3323
-2590
-1749
-857
45
842
1499
1992
2332
2556
2636
2589
2450
2250
2027
1737
1468
1234
1086
925
719
506
335
199
-3
-273
-571
-829
-1058
-1273
-1451
-1522
-1466
-1300
-1004
-583
-64
528
1086
1640
2124
2553
2881
3013
3019
2856
2622
2316
1893
1452
948
531
160
-154
-375
-550
-588
-612
-564
-468
-347
-173
-56
74
177
290
426
488
534
514
499
462
375
267
94
-89
-296
-534
-763
-967
-1167
-1309
-1443
-1551
-1654
-1786
-1870
-1952
-2033
-2127
-2355
-2515
-2713
-2828
-2925
-3053
-3042
-2985
-2588
-1982
-1210
-427
302
1215
2202
3169
3865
4252
4527
4583
4433
3910
3184
2339
1278
71
-1235
-2312
-3163
-3886
-4484
-4855
-4770
-4335
-3685
-2925
-2105
-1192
-283
617
1384
1973
2391
2623
2744
2714
2588
2396
2151
1860
1499
1201
1003
866
685
442
223
77
-56
-255
-526
-786
-1025
-1222
-1409
-1517
-1487
-1292
-1001
-640
-208
353
983
1571
2067
2438
2769
2989
3038
2913
2655
2344
1958
1481
990
536
186
-127
-394
-587
-653
-613
-528
-455
-349
-202
-28
128
230
325
414
502
548
536
514
484
437
293
135
-39
-184
-390
-645
-933
-1086
-1237
-1303
-1477
-1584
-1675
-1777
-1835
-2017
-2069
-2249
-2385
-2611
-2807
-2911
-2970
-2992
-2951
-2828
-2346
-1709
-857
-114
656
1540
2489
3385
3952
4298
4460
4457
4193
3608
2825
1933
876
-305
-1552
-2562
-3370
-3959
-4459
-4687
-4555
-4066
-3352
-2593
-1770
-898
12
866
1561
2076
2445
2673
2767
2682
2521
2319
2106
1804
1442
1132
942
809
610
347
122
-34
-180
-406
-680
-922
-1125
-1298
-1439
-1471
-1349
-1124
-837
-486
-5
655
1294
1851
2240
2593
2922
3109
3109
2873
2570
2200
1763
1260
740
314
-56
-372
-639
-759
-731
-624
-509
-433
-281
-75
174
320
387
451
520
609
600
555
486
420
313
146
-39
-190
-355
-579
-861
-1106
-1219
-1282
-1367
-1549
-1662
-1718
-1779
-1865
-2025
-2158
-2278
-2499
-2632
-2872
-2889
-2968
-2964
-2811
-2524
-1868
-1142
-333
449
1249
2206
3092
3813
4221
4389
4443
4254
3814
3051
2175
1147
26
-1182
-2321
-3184
-3851
-4338
-4654
-4650
-4243
-3591
-2794
-1982
-1132
-223
649
1425
1986
2387
2633
2766
2754
2589
2359
2118
1849
1513
1155
885
714
565
341
82
-105
-246
-393
-636
-893
-1100
-1251
-1373
-1471
-1437
-1250
-932
-545
-119
413
1016
1629
2132
2509
2798
2995
3071
2932
2661
2282
1884
1420
891
390
-16
-316
-552
-742
-810
-760
-627
-465
-330
-144
44
250
386
469
544
603
648
612
538
469
375
284
81
-92
-313
-481
-674
-925
-1112
-1306
-1345
-1485
-1538
-1668
-1729
-1808
-1949
-2044
-2215
-2307
-2467
-2657
-2770
-2879
-2808
-2748
-2536
-2083
-1489
-678
15
815
1657
2549
3339
3828
4147
4276
4251
3958
3346
2589
1675
675
-459
-1590
-2559
-3345
-3906
-4338
-4473
-4310
-3835
-3155
-2395
-1571
-718
158
978
1634
2126
2453
2675
2759
2668
2476
2234
2004
1698
1347
1026
787
630
416
184
-30
-169
-306
-513
-743
-973
-1132
-1259
-1363
-1404
-1361
-1171
-856
-469
-20
480
1089
1701
2212
2603
2894
3114
3181
3047
2759
2377
1972
1460
896
354
-88
-426
-718
-914
-1004
-943
-804
-619
-434
-221
18
260
453
578
673
753
807
782
710
612
507
372
161
-62
-290
-485
-702
-948
-1177
-1354
-1426
-1537
-1633
-1749
-1837
-1875
-2017
-2094
-2245
-2346
-2459
-2657
-2745
-2841
-2752
-2640
-2410
-1975
-1375
-574
174
953
1759
2593
3375
3854
4157
4229
4177
3876
3261
2490
1544
561
-545
-1662
-2636
-3425
-3960
-4340
-4468
-4302
-3856
-3164
-2389
-1533
-699
161
975
1648
2156
2463
2674
2753
2694
2501
2214
1958
1667
1326
978
683
506
321
118
-109
-282
-405
-557
-744
-968
-1146
-1268
-1359
-1382
-1353
-1176
-883
-481
-13
484
1054
1611
2141
2529
2818
3005
3055
2963
2682
2317
1894
1423
924
379
-59
-415
-668
-847
-942
-924
-823
-656
-469
-276
-67
152
341
503
596
696
761
794
762
688
608
510
362
163
-78
-302
-523
-754
-997
-1242
-1424
-1560
-1640
-1762
-1847
-1954
-2005
-2053
-2118
-2210
-2294
-2407
-2450
-2566
-2583
-2564
-2453
-2151
-1732
-1118
-451
211
971
1751
2576
3251
3678
3968
4063
4012
3676
3110
2383
1525
525
-573
-1627
-2519
-3250
-3840
-4252
-4372
-4197
-3734
-3108
-2368
-1550
-707
157
939
1616
2109
2466
2676
2742
2658
2464
2229
1948
1607
1225
868
621
425
221
-1
-183
-296
-390
-508
-663
-810
-937
-1057
-1170
-1227
-1195
-1036
-821
-541
-217
256
822
1390
1880
2242
2607
2855
3022
2969
2768
2493
2111
1669
1132
623
184
-223
-547
-851
-990
-996
-910
-771
-652
-462
-232
43
258
412
542
663
772
813
797
757
711
617
464
244
65
-138
-352
-633
-930
-1143
-1335
-1458
-1617
-1745
-1834
-1899
-1956
-2019
-2099
-2132
-2213
-2276
-2403
-2500
-2537
-2540
-2469
-2354
-2002
-1487
-817
-175
487
1238
2075
2867
3434
3781
4006
4070
3951
3508
2876
2102
1215
206
-912
-1927
-2785
-3439
-3967
-4308
-4373
-4106
-3577
-2895
-2155
-1355
-511
361
1127
1729
2163
2481
2687
2706
2573
2342
2103
1830
1478
1082
735
518
344
145
-66
-224
-308
-389
-499
-655
-788
-905
-1008
-1092
-1157
-1138
-1032
-809
-518
-156
282
774
1280
1724
2101
2426
2662
2786
2729
2553
2296
1972
1584
1109
646
223
-132
-427
-663
-796
-847
-818
-739
-615
-460
-274
-79
94
241
369
493
609
660
682
659
630
560
459
296
119
-71
-290
-528
-787
-996
-1184
-1346
-1483
-1613
-1722
-1792
-1889
-1914
-2020
-2075
-2188
-2299
-2377
-2484
-2543
-2577
-2578
-2469
-2234
-1768
-1159
-521
103
794
1599
2421
3097
3529
3837
3986
3974
3687
3176
2549
1750
806
-259
-1306
-2190
-2946
-3542
-4003
-4237
-4181
-3834
-3256
-2586
-1844
-1079
-247
563
1244
1775
2157
2457
2591
2538
2376
2166
1970
1679
1306
928
659
487
315
130
-57
-169
-236
-318
-440
-584
-705
-818
-938
-1062
-1146
-1114
-973
-781
-536
-202
253
756
1224
1640
2010
2347
2590
2670
2619
2469
2242
1934
1526
1085
644
263
-75
-378
-617
-761
-790
-760
-713
-636
-495
-305
-123
15
137
268
404
509
553
576
595
598
545
450
311
169
-4
-210
-447
-682
-893
-1079
-1260
-1418
-1564
-1654
-1721
-1805
-1882
-1990
-2031
-2103
-2168
-2263
-2380
-2423
-2462
-2423
-2363
-2149
-1746
-1212
-586
-26
634
1377
2167
2857
3298
3622
3793
3849
3657
3205
2618
1892
1062
72
-927
-1837
-2593
-3194
-3686
-3971
-4016
-3757
-3268
-2657
-1971
-1274
-486
309
1004
1545
1930
2249
2430
2454
2317
2123
1936
1696
1383
1015
735
550
406
246
61
-60
-138
-195
-301
-450
-594
-707
-810
-931
-1047
-1073
-973
-792
-559
-299
76
531
1026
1444
1791
2113
2368
2539
2538
2422
2226
1978
1663
1258
842
456
137
-130
-389
-571
-678
-666
-622
-567
-485
-369
-211
-62
55
152
261
389
475
513
537
540
560
514
416
280
128
-21
-210
-423
-658
-862
-1030
-1182
-1347
-1488
-1618
-1693
-1798
-1896
-1999
-2083
-2138
-2262
-2343
-2450
-2449
-2431
-2374
-2243
-1981
-1512
-921
-316
300
947
1700
2421
3019
3411
3664
3796
3743
3464
2950
2335
1596
749
-217
-1186
-2026
-2705
-3238
-3634
-3854
-3800
-3502
-2986
-2388
-1731
-1023
-278
458
1060
1542
1905
2194
2345
2329
2196
2029
1868
1643
1342
1028
778
613
454
279
88
-46
-142
-255
-401
-575
-719
-831
-940
-1052
-1131
-1111
-989
-805
-524
-191
251
695
1146
1562
1926
2268
2469
2574
2541
2392
2185
1879
1540
1122
704
316
-34
-300
-531
-662
-732
-730
-689
-608
-475
-314
-159
-18
113
241
370
474
553
602
632
633
608
561
475
358
215
16
-168
-393
-595
-800
-1014
-1216
-1411
-1528
-1626
-1729
-1853
-1981
-2053
-2109
-2163
-2277
-2373
-2421
-2428
-2414
-2398
-2269
-2035
-1592
-1072
-491
114
754
1491
2204
2828
3275
3568
3752
3743
3537
3091
2516
1831
1011
81
-906
-1766
-2490
-3074
-3544
-3843
-3878
-3652
-3213
-2661
-2036
-1337
-587
159
805
1344
1779
2123
2336
2372
2296
2158
2010
1801
1501
1162
874
666
473
253
34
-137
-252
-379
-529
-695
-822
-923
-1037
-1153
-1222
-1192
-1090
-937
-743
-450
-31
455
931
1352
1748
2122
2444
2634
2673
2603
2446
2196
1841
1403
963
538
144
-242
-580
-806
-913
-922
-906
-845
-721
-512
-285
-79
99
277
463
614
722
777
823
861
851
782
663
547
420
251
43
-205
-433
-656
-891
-1104
-1339
-1438
-1546
-1616
-1713
-1816
-1838
-1885
-1865
-1927
-1991
-2052
-2138
-2142
-2160
-2123
-2041
-1930
-1638
-1268
-712
-125
470
1089
1709
2360
2893
3282
3504
3581
3488
3176
2694
2084
1384
568
-348
-1243
-2050
-2661
-3161
-3491
-3646
-3581
-3278
-2813
-2190
-1526
-816
-104
570
1166
1629
2000
2247
2382
2359
2193
2006
1798
1558
1236
895
613
386
202
5
-163
-281
-385
-490
-608
-705
-783
-851
-929
-1018
-1042
-987
-838
-662
-464
-191
167
635
1077
1486
1844
2165
2426
2556
2577
2490
2317
2042
1658
1221
777
367
-11
-370
-672
-892
-965
-957
-880
-772
-614
-392
-154
83
284
481
663
806
894
939
971
988
952
861
713
560
403
221
5
-237
-492
-732
-944
-1170
-1335
-1503
-1536
-1589
-1615
-1650
-1675
-1602
-1602
-1588
-1684
-1723
-1768
-1817
-1863
-1945
-1936
-1911
-1780
-1516
-1153
-603
-97
504
1077
1705
2346
2821
3209
3368
3412
3269
2951
2486
1851
1123
268
-614
-1452
-2194
-2759
-3223
-3465
-3555
-3403
-3046
-2524
-1847
-1181
-477
177
823
1373
1786
2082
2232
2281
2181
1991
1758
1498
1218
875
567
293
106
-45
-186
-287
-378
-433
-488
-537
-584
-643
-709
-781
-839
-864
-829
-720
-574
-390
-155
170
572
981
1361
1688
1978
2198
2326
2366
2298
2134
1866
1509
1110
707
320
-52
-388
-676
-884
-975
-976
-900
-786
-625
-427
-186
59
283
499
681
823
917
971
1004
1003
955
847
695
527
336
142
-90
-314
-555
-776
-981
-1150
-1290
-1380
-1449
-1470
-1537
-1512
-1514
-1456
-1419
-1479
-1497
-1619
-1617
-1713
-1783
-1853
-1950
-1912
-1901
-1745
-1483
-1098
-555
-80
475
1008
1643
2250
2701
3002
3106
3153
3005
2710
2219
1606
921
121
-678
-1475
-2128
-2634
-3026
-3232
-3328
-3160
-2803
-2268
-1661
-1078
-439
170
800
1289
1642
1898
2028
2083
1968
1788
1564
1334
1089
769
483
239
107
-4
-115
-224
-305
-329
-361
-402
-481
-555
-622
-693
-764
-806
-774
-675
-547
-402
-195
133
542
956
1303
1602
1900
2152
2316
2342
2261
2096
1842
1503
1095
682
290
-76
-421
-725
-923
-1003
-964
-873
-753
-589
-362
-76
204
428
618
801
952
1035
1053
1042
1014
941
804
617
433
259
91
-113
-319
-531
-688
-818
-934
-1041
-1152
-1201
-1231
-1243
-1274
-1294
-1303
-1291
-1357
-1417
-1532
-1588
-1624
-1718
-1786
-1896
-1885
-1834
-1733
-1558
-1298
-873
-372
142
643
1162
1745
2268
2668
2868
2968
2951
2805
2473
1951
1355
682
-18
-778
-1503
-2103
-2555
-2854
-3027
-3056
-2881
-2525
-2006
-1456
-890
-327
258
824
1248
1558
1737
1881
1923
1831
1652
1438
1254
1036
779
508
310
189
85
-26
-156
-239
-295
-334
-411
-516
-600
-664
-708
-768
-803
-760
-638
-449
-261
-19
317
721
1111
1436
1703
1944
2134
2217
2172
2022
1807
1532
1182
787
390
35
-252
-504
-707
-834
-838
-743
-603
-452
-279
-58
185
404
562
692
804
893
928
898
850
795
721
611
461
305
169
36
-100
-268
-424
-572
-672
-780
-880
-986
-1061
-1081
-1126
-1162
-1230
-1260
-1278
-1307
-1362
-1464
-1528
-1587
-1621
-1668
-1701
-1708
-1662
-1577
-1463
-1245
-925
-490
-21
401
853
1318
1826
2245
2512
2646
2665
2595
2376
2006
1518
958
344
-313
-989
-1588
-2062
-2390
-2617
-2728
-2708
-2479
-2092
-1600
-1095
-608
-84
429
902
1254
1510
1684
1781
1776
1660
1499
1332
1165
948
693
457
284
179
75
-43
-158
-238
-286
-338
-409
-485
-542
-586
-635
-679
-674
-592
-453
-310
-168
44
355
728
1076
1334
1560
1767
1941
2029
1992
1872
1686
1439
1132
775
430
137
-134
-381
-598
-719
-716
-626
-510
-403
-254
-59
168
378
529
658
769
855
884
864
832
791
727
605
453
307
183
77
-68
-229
-387
-498
-589
-669
-768
-842
-895
-948
-1002
-1069
-1073
-1079
-1079
-1142
-1220
-1297
-1347
-1372
-1428
-1474
-1549
-1558
-1559
-1524
-1457
-1357
-1165
-919
-592
-216
179
610
1017
1438
1792
2076
2247
2327
2311
2152
1876
1480
1032
516
-42
-612
-1154
-1601
-1962
-2218
-2354
-2363
-2217
-1973
-1622
-1220
-767
-293
158
578
913
1194
1386
1517
1566
1522
1425
1283
1139
951
751
560
399
267
134
17
-89
-162
-227
-305
-386
-466
-524
-580
-629
-674
-681
-652
-569
-453
-297
-101
144
455
767
1070
1316
1557
1747
1870
1899
1836
1717
1524
1261
947
611
306
8
-260
-489
-641
-709
-709
-633
-535
-383
-218
-17
184
365
516
638
748
819
839
835
811
774
695
592
475
352
243
105
-21
-175
-291
-404
-505
-596
-689
-743
-800
-820
-875
-905
-936
-952
-983
-1033
-1070
-1119
-1163
-1247
-1310
-1376
-1392
-1431
-1462
-1462
-1452
-1381
-1304
-1189
-1026
-810
-496
-158
199
518
849
1200
1531
1783
1898
1952
1928
1837
1606
1277
903
497
57
-443
-918
-1306
-1607
-1817
-1970
-2022
-1953
-1760
-1467
-1138
-778
-410
-4
377
696
950
1142
1310
1397
1389
1300
1198
1097
966
786
577
410
275
161
35
-88
-178
-246
-293
-362
-426
-469
-493
-501
-533
-543
-521
-431
-314
-186
-52
110
354
612
885
1107
1302
1465
1590
1657
1636
1561
1428
1242
997
708
429
173
-42
-242
-420
-531
-573
-515
-435
-321
-192
-44
137
298
440
556
654
729
759
754
715
684
644
576
476
351
260
174
95
-5
-110
-189
-259
-316
-374
-441
-480
-518
-555
-619
-699
-746
-791
-829
-929
-1056
-1161
-1218
-1242
-1285
-1361
-1412
-1448
-1419
-1384
-1349
-1273
-1210
-1108
-998
-866
-645
-378
-60
233
470
745
1031
1349
1590
1713
1752
1741
1672
1518
1258
945
597
198
-233
-681
-1062
-1349
-1559
-1723
-1825
-1834
-1699
-1458
-1149
-828
-500
-142
227
555
822
1038
1214
1334
1359
1297
1202
1105
1009
859
652
456
297
186
75
-34
-136
-208
-257
-300
-349
-385
-398
-397
-402
-425
-422
-359
-256
-154
-61
55
211
413
631
831
1013
1158
1295
1380
1418
1412
1349
1258
1105
898
672
445
265
79
-95
-248
-360
-390
-386
-341
-277
-184
-72
51
178
294
409
520
606
666
683
701
717
716
681
600
522
434
351
253
141
26
-81
-176
-281
-372
-451
-500
-538
-596
-647
-703
-728
-740
-776
-817
-894
-942
-989
-1041
-1089
-1170
-1216
-1254
-1276
-1292
-1301
-1260
-1232
-1157
-1105
-1001
-859
-684
-430
-188
89
350
605
887
1137
1373
1502
1584
1600
1534
1407
1189
936
631
285
-94
-472
-801
-1083
-1297
-1463
-1555
-1566
-1495
-1318
-1106
-833
-558
-265
38
310
560
750
923
1037
1092
1089
1046
1001
929
836
715
589
478
373
284
185
99
19
-59
-142
-232
-316
-378
-436
-490
-531
-555
-523
-455
-362
-250
-104
62
273
505
738
959
1125
1281
1385
1451
1458
1393
1297
1140
948
729
497
291
92
-75
-215
-314
-360
-362
-312
-230
-135
-29
90
209
329
426
515
581
630
654
653
643
630
599
549
489
426
356
295
219
141
63
-22
-92
-175
-245
-323
-389
-449
-518
-590
-670
-721
-768
-816
-875
-949
-982
-1020
-1039
-1075
-1097
-1093
-1096
-1065
-1077
-1039
-1010
-963
-909
-880
-799
-726
-601
-451
-278
-54
148
376
584
807
1024
1183
1315
1356
1364
1292
1166
986
746
482
164
-155
-472
-750
-973
-1166
-1279
-1347
-1335
-1254
-1103
-889
-653
-386
-132
128
364
569
742
866
958
980
962
909
835
759
649
537
412
301
204
111
40
-27
-84
-137
-187
-231
-264
-289
-303
-315
-317
-303
-263
-206
-122
-27
68
189
324
472
629
763
877
965
1032
1077
1066
1032
968
880
764
616
478
340
214
107
7
-60
-114
-126
-118
-90
-43
2
73
141
211
273
337
400
441
473
492
507
513
502
474
434
382
325
261
183
109
32
-53
-132
-215
-284
-343
-395
-434
-483
-518
-556
-585
-620
-655
-693
-734
-769
-822
-852
-901
-940
-984
-1037
-1038
-1072
-1057
-1074
-1057
-1017
-989
-921
-866
-768
-650
-512
-326
-140
75
275
486
691
871
1022
1127
1199
1195
1145
1028
875
678
440
177
-108
-377
-626
-850
-1016
-1140
-1196
-1200
-1147
-1034
-881
-681
-470
-244
-34
171
350
505
640
721
773
790
782
754
702
641
570
500
420
349
270
199
133
66
-4
-84
-146
-214
-275
-333
-382
-416
-424
-409
-366
-301
-215
-95
34
186
344
503
665
802
927
1015
1075
1095
1077
1027
938
826
684
538
393
248
113
-4
-91
-145
-181
-180
-152
-108
-48
13
87
165
237
302
357
402
434
456
467
471
463
443
415
376
335
285
232
181
125
72
11
-44
-97
-144
-188
-237
-280
-328
-369
-405
-452
-504
-569
-619
-651
-691
-726
-773
-805
-828
-839
-846
-842
-829
-810
-794
-769
-756
-736
-705
-674
-643
-620
-580
-522
-431
-326
-201
-62
86
237
386
532
671
781
856
881
866
810
714
588
422
233
21
-186
-383
-556
-696
-799
-855
-864
-832
-760
-644
-488
-320
-142
22
182
333
452
549
615
646
652
632
588
535
474
409
345
276
207
150
96
63
27
-7
-40
-73
-99
-131
-157
-169
-175
-168
-151
-119
-75
-15
59
145
240
344
454
553
637
710
779
824
844
823
779
718
645
564
457
356
258
165
87
24
-16
-40
-45
-28
-11
21
64
122
178
221
260
294
326
358
371
379
385
379
365
345
317
283
255
214
165
111
59
16
-26
-74
-121
-167
-203
-240
-276
-315
-351
-385
-411
-457
-512
-555
-598
-619
-655
-681
-706
-716
-718
-722
-710
-699
-684
-674
-683
-675
-686
-667
-665
-661
-654
-650
-609
-557
-473
-383
-276
-140
-1
152
284
423
555
653
728
740
738
689
619
514
364
203
26
-140
-308
-459
-581
-669
-710
-724
-707
-657
-569
-446
-315
-181
-57
76
198
304
383
434
476
501
504
483
450
420
387
344
295
242
198
162
124
78
34
-2
-45
-75
-101
-127
-137
-134
-116
-104
-77
-37
20
97
174
259
343
428
511
582
646
690
715
716
691
646
583
512
431
349
253
167
89
30
-5
-32
-39
-38
-17
9
42
92
138
189
234
266
300
322
339
354
357
349
335
316
296
271
243
218
185
154
118
79
42
15
-15
-55
-93
-133
-173
-214
-258
-303
-349
-397
-436
-483
-526
-565
-589
-608
-616
-622
-627
-621
-605
-594
-575
-564
-557
-553
-561
-568
-581
-582
-586
-581
-571
-555
-513
-469
-397
-317
-223
-106
-6
112
219
319
411
470
523
532
522
486
422
353
252
150
32
-73
-173
-273
-343
-400
-421
-432
-418
-383
-329
-253
-173
-84
4
88
168
233
293
337
366
391
396
394
381
362
342
317
289
258
229
194
168
142
115
92
67
47
25
6
2
-6
0
20
51
89
124
180
237
303
368
413
459
488
509
518
507
487
451
410
365
313
267
224
191
170
157
150
147
155
174
181
197
212
224
234
236
230
233
234
229
228
222
223
222
227
223
220
218
209
203
190
170
151
124
99
60
22
-14
-67
-107
-150
-196
-243
-281
-321
-367
-399
-425
-453
-479
-503
-514
-525
-511
-509
-493
-485
-490
-475
-475
-454
-460
-468
-478
-498
-509
-537
-553
-552
-546
-521
-507
-458
-416
-340
-259
-173
-73
7
100
177
248
312
341
378
380
363
334
274
227
167
97
24
-48
-110
-160
-199
-233
-250
-249
-238
-219
-194
-156
-108
-53
-1
43
83
123
164
199
225
247
263
275
281
269
266
256
253
243
228
215
195
184
166
150
135
115
104
84
83
83
96
127
147
185
213
252
288
315
344
352
371
368
354
347
330
315
294
274
260
248
242
240
250
244
251
253
250
255
240
237
230
217
206
185
169
154
145
141
130
130
126
123
123
120
121
123
116
111
103
94
82
72
61
46
29
3
-20
-51
-82
-120
-157
-194
-238
-279
-320
-352
-387
-423
-451
-475
-492
-509
-510
-505
-503
-485
-480
-467
-455
-453
-431
-435
-414
-410
-413
-397
-405
-384
-375
-361
-324
-306
-262
-235
-197
-144
-109
-58
-31
-1
31
51
75
82
80
83
65
50
31
11
-8
-23
-43
-60
-70
-81
-73
-69
-55
-43
-26
5
26
51
78
102
134
150
165
179
187
199
197
194
187
180
178
167
159
148
136
130
123
118
115
123
135
150
170
200
234
269
294
315
332
344
347
345
336
323
304
281
260
236
222
211
203
200
197
203
202
204
202
197
198
196
190
187
181
177
173
170
172
173
177
178
180
179
178
172
172
167
155
147
131
121
103
86
74
57
45
29
14
2
-11
-27
-44
-62
-80
-99
-124
-143
-170
-197
-219
-244
-266
-287
-290
-287
-270
-245
-223
-199
-183
-167
-151
-144
-134
-147
-147
-177
-212
-233
-272
-282
-326
-349
-356
-390
-378
-398
-389
-377
-383
-337
-313
-249
-179
-102
-16
42
90
128
158
175
168
140
106
67
-1
-61
-130
-170
-200
-236
-227
-233
-201
-159
-122
-56
-13
45
107
150
190
204
218
224
211
196
173
150
130
106
82
74
74
81
99
110
132
161
194
228
250
277
293
309
317
307
296
277
260
234
206
177
152
133
121
109
103
110
121
141
165
181
211
239
263
280
285
295
292
282
267
244
215
190
167
141
109
92
82
64
58
56
59
65
74
82
90
99
109
112
117
119
113
113
104
87
74
58
42
25
5
-13
-28
-36
-50
-63
-73
-83
-86
-94
-99
-102
-106
-112
-113
-117
-122
-124
-127
-123
-127
-131
-134
-136
-129
-133
-136
-128
-127
-117
-122
-125
-130
-137
-145
-149
-166
-176
-182
-190
-188
-209
-211
-213
-213
-207
-208
-191
-183
-166
-156
-147
-140
-133
-119
-114
-108
-110
-97
-99
-105
-109
-111
-99
-103
-102
-93
-96
-83
-78
-76
-71
-74
-64
-60
-54
-50
-44
-35
-24
-18
-14
-2
7
24
29
40
56
66
82
87
96
103
109
120
119
123
126
132
141
146
143
152
162
164
167
169
179
183
192
197
198
202
199
201
206
200
197
198
192
188
182
182
183
183
186
186
190
192
194
196
194
204
198
192
186
174
163
154
141
126
109
99
91
75
66
61
60
62
63
63
67
69
76
78
83
87
86
89
82
75
67
54
36
21
4
-10
-20
-37
-49
-59
-62
-60
-60
-53
-51
-44
-31
-24
-24
-24
-25
-26
-33
-48
-63
-72
-89
-110
-124
-142
-160
-171
-176
-185
-194
-195
-195
-199
-206
-205
-200
-189
-184
-178
-168
-161
-149
-145
-141
-135
-138
-136
-137
-140
-147
-149
-151
-152
-153
-155
-154
-153
-154
-154
-155
-154
-149
-157
-154
-155
-153
-147
-147
-134
-125
-117
-107
-97
-83
-67
-54
-37
-25
-9
4
17
26
34
49
57
69
75
78
80
78
78
70
60
58
50
44
38
29
28
29
34
39
48
60
69
81
88
94
103
108
112
116
112
114
118
113
105
102
97
99
94
84
87
82
77
71
66
66
64
62
63
63
58
59
59
57
52
50
56
56
57
60
61
66
77
81
81
83
85
84
82
86
79
78
75
65
60
55
48
43
39
36
30
30
27
25
24
25
25
28
32
31
31
30
33
33
31
27
22
21
16
12
14
15
13
13
14
9
6
4
0
-1
-4
-5
-8
-11
-18
-22
-24
-30
-42
-49
-51
-56
-68
-74
-79
-85
-88
-93
-98
-102
-109
-115
-120
-128
-131
-140
-148
-151
-153
-158
-163
-165
-169
-169
-165
-164
-159
-152
-147
-144
-132
-122
-116
-106
-94
-87
-79
-71
-69
-63
-56
-55
-56
-55
-59
-60
-61
-62
-62
-59
-58
-54
-46
-31
-17
-5
7
21
36
45
57
64
68
69
69
68
65
62
60
56
58
57
54
58
65
72
76
85
93
102
107
111
112
118
123
121
121
119
117
113
111
109
110
106
114
120
122
130
129
135
134
135
133
133
129
120
109
95
80
62
48
31
17
5
-6
-15
-21
-26
-31
-31
-27
-30
-30
-35
-40
-47
-57
-71
-86
-100
-112
-124
-141
-159
-174
-186
-197
-206
-224
-234
-245
-255
-262
-265
-270
-270
-280
-283
-285
-284
-289
-292
-288
-292
-295
-303
-309
-316
-321
-328
-340
-354
-366
-379
-388
-404
-420
-438
-454
-466
-478
-488
-496
-498
-499
-501
-500
-493
-491
-481
-478
-466
-452
-444
-436
-430
-418
-409
-401
-397
-396
-394
-391
-386
-386
-386
-382
-379
-379
-375
-369
-367
-363
-354
-345
-344
-335
-330
-327
-320
-318
-316
-311
-310
-312
-305
-298
-295
-287
-277
-268
-254
-238
-228
-214
-200
-193
-185
-180
-179
-179
-183
-188
-195
-206
-217
-228
-238
-245
-257
-263
-266
-264
-261
-255
-243
-232
-221
-207
-197
-186
-173
-169
-161
-157
-158
-160
-161
-163
-165
-169
-175
-176
-176
-173
-174
-170
-162
-150
-149
-141
-130
-123
-110
-102
-97
-90
-82
-77
-69
-64
-62
-56
-50
-44
-36
-27
-17
-4
4
16
26
36
49
55
63
71
77
85
89
93
99
98
103
104
104
100
99
101
97
93
93
87
82
82
78
77
75
75
77
79
80
79
81
84
86
89
90
94
94
95
94
94
93
92
88
88
87
85
81
79
75
77
73
72
71
76
79
83
87
91
92
94
97
97
99
94
94
90
83
77
69
67
62
57
53
53
50
52
54
52
54
52
50
44
36
31
27
19
11
8
1
-3
-13
-14
-18
-18
-13
-8
-5
-5
-3
4
12
19
26
29
33
34
38
38
39
40
46
47
43
46
44
43
47
55
61
62
67
70
75
82
83
91
94
98
108
115
121
128
136
147
156
163
169
179
183
190
187
189
188
187
188
186
187
192
193
193
196
196
194
195
195
197
200
197
199
201
204
203
206
204
206
202
198
193
189
187
178
180
173
173
167
165
162
162
159
159
157
153
150
147
144
138
136
132
130
127
127
125
125
123
121
123
122
125
126
132
135
140
140
141
145
148
152
151
153
149
151
154
153
155
156
160
164
167
176
180
183
193
203
212
217
224
231
234
243
246
249
251
248
248
246
247
246
244
244
245
245
248
251
255
260
266
268
274
281
285
290
296
296
298
299
301
301
301
296
294
290
287
284
278
274
271
270
264
262
257
253
257
259
263
264
272
279
282
284
290
292
294
294
291
291
287
281
271
264
258
251
244
237
229
223
219
209
206
200
199
199
193
195
189
191
189
184
184
180
179
171
162
157
152
147
138
133
125
114
109
103
96
90
84
74
65
63
60
47
40
31
26
18
6
4
1
-4
-9
-6
-9
-8
-8
-5
-4
-2
-1
1
3
1
1
-3
-9
-12
-14
-17
-22
-25
-28
-31
-34
-34
-33
-31
-30
-27
-27
-26
-20
-17
-9
-5
-1
-2
-1
-2
-4
-8
-10
-14
-20
-22
-31
-35
-42
-43
-47
-46
-46
-47
-44
-43
-45
-43
-38
-35
-30
-32
-28
-24
-24
-26
-22
-24
-25
-25
-31
-35
-38
-38
-44
-46
-48
-48
-47
-46
-44
-44
-43
-42
-35
-38
-32
-32
-32
-30
-32
-35
-32
-30
-30
-29
-34
-32
-32
-33
-35
-37
-37
-43
-42
-43
-42
-44
-42
-43
-49
-45
-49
-49
-50
-54
-53
-51
-48
-46
-46
-43
-39
-35
-31
-30
-32
-31
-31
-30
-30
-29
-24
-24
-24
-18
-17
-18
-12
-12
-10
-10
-9
-5
-3
-2
-1
0
1
3
0
0
1
0
-2
3
7
5
5
8
11
8
12
13
12
16
16
14
17
19
18
19
16
17
19
16
15
14
14
13
13
14
17
19
20
22
26
30
28
26
27
28
26
23
21
17
13
9
3
-4
-9
-11
-12
-8
-10
-7
-6
-3
0
1
2
2
0
1
2
0
-4
-10
-17
-23
-23
-29
-33
-34
-37
-40
-38
-37
-34
-29
-23
-22
-20
-18
-21
-23
-27
-34
-43
-47
-56
-64
-69
-79
-85
-87
-94
-95
-95
-97
-93
-94
-92
-87
-89
-94
-87
-86
-90
-86
-86
-91
-96
-100
-104
-110
-112
-115
-116
-119
-120
-117
-118
-117
-116
-115
-111
-111
-108
-108
-112
-111
-114
-115
-120
-118
-120
-125
-122
-123
-122
-120
-121
-120
-117
-117
-115
-109
-106
-104
-105
-103
-103
-105
-108
-108
-110
-117
-118
-123
-123
-124
-128
-129
-126
-123
-123
-119
-118
-116
-113
-109
-100
-103
-103
-105
-103
-101
-105
-106
-106
-110
-107
-111
-110
-106
-106
-104
-99
-97
-92
-91
-90
-85
-85
-85
-84
-82
-83
-81
-80
-80
-78
-78
-74
-68
-66
-62
-62
-56
-53
-50
-48
-50
-48
-52
-54
-56
-61
-67
-73
-78
-82
-86
-91
-98
-104
-107
-114
-115
-120
-124
-127
-129
-130
-134
-136
-140
-141
-144
-149
-150
-154
-160
-164
-167
-172
-175
-177
-183
-185
-183
-187
-188
-187
-186
-183
-181
-181
-180
-178
-176
-174
-175
-169
-166
-170
-170
-172
-174
-176
-177
-179
-179
-183
-179
-181
-179
-177
-175
-172
-167
-166
-163
-163
-161
-161
-159
-156
-157
-156
-153
-151
-153
-151
-150
-150
-147
-147
-146
-142
-140
-138
-136
-134
-132
-130
-131
-134
-135
-135
-133
-135
-133
-130
-133
-130
-128
-126
-122
-120
-121
-116
-112
-110
-108
-105
-104
-103
-99
-100
-98
-99
-103
-103
-105
-106
-108
-108
-107
-108
-107
-109
-107
-105
-102
-101
-101
-99
-102
-96
-92
-91
-87
-82
-81
-81
-75
-74
-73
-70
-66
-65
-61
-60
-63
-63
-62
-63
-63
-65
-65
-61
-57
-54
-52
-51
-46
-46
-46
-41
-40
-37
-37
-35
-34
-30
-35
-31
-33
-30
-28
-28
-28
-23
-24
-27
-23
-26
-24
-23
-25
-22
-23
-22
-19
-17
-17
-15
-10
-8
-6
-2
2
1
6
7
10
8
9
7
8
7
2
-1
-5
2
0
-1
1
1
7
4
9
13
13
16
16
17
17
19
19
18
18
15
17
15
12
9
8
8
7
4
0
1
0
1
-2
-2
-2
-5
-7
-7
-8
-14
-15
-14
-12
-11
-11
-11
-8
-7
-5
-2
2
5
6
7
11
15
22
24
24
26
27
28
28
27
31
30
31
34
37
38
41
45
50
53
55
63
65
73
73
76
81
87
89
90
94
91
92
96
97
99
100
101
105
107
113
115
119
119
121
124
122
125
125
121
125
125
121
120
119
119
118
119
119
120
124
125
126
130
133
134
135
132
131
132
133
131
127
124
120
117
113
111
106
103
102
97
95
91
92
93
89
92
91
91
91
90
92
88
87
88
87
82
78
78
76
75
71
67
68
75
73
70
70
70
72
73
72
70
74
72
68
68
69
65
64
65
63
65
69
64
66
72
75
77
81
85
86
90
91
93
91
92
93
91
91
88
91
90
89
91
91
91
87
84
-57
-54
-55
-56
-52
-53
-56
-53
-52
-50
-48
-47
-47
-48
-44
-42
-41
-42
-42
-41
-40
-39
-36
-31
-32
-27
-24
-27
-24
-21
-19
-20
-22
-23
-19
-19
-15
-16
-12
-12
-13
-13
-12
-8
-11
-8
-9
-8
-8
-8
-3
-3
-10
-5
-6
-6
-4
-3
-3
-3
-1
1
1
-2
-2
1
3
5
3
4
6
5
7
6
6
7
7
10
8
5
5
4
3
6
3
4
10
7
7
9
9
7
7
11
11
12
14
13
12
15
12
15
17
14
15
15
16
16
19
19
17
17
19
21
20
19
20
20
22
23
18
21
20
20
18
19
22
18
19
18
19
19
20
18
20
17
20
19
20
20
16
18
12
15
14
13
15
11
13
12
12
15
13
13
13
13
12
10
13
16
16
16
18
21
21
21
22
22
19
19
21
22
22
20
19
22
22
20
21
22
20
20
15
16
18
17
14
17
15
16
16
18
17
18
17
16
12
13
17
13
18
18
20
20
18
19
16
14
18
15
12
13
17
17
14
13
11
10
9
9
9
12
12
12
12
14
11
10
11
16
13
13
16
15
14
13
14
13
12
13
15
18
15
16
17
15
11
15
14
14
16
14
15
12
12
15
15
13
14
16
17
16
17
18
17
14
16
15
15
16
14
14
15
14
14
14
12
13
11
11
12
13
12
11
12
8
8
11
12
12
12
8
10
12
11
9
8
12
12
16
15
12
14
13
15
16
16
14
14
12
13
11
14
10
11
11
12
15
11
12
14
12
13
11
7
9
11
10
10
9
9
4
6
6
4
4
0
-1
-2
-4
-4
-3
-1
-3
-4
-2
-5
-5
-7
-10
-12
-13
-14
-17
-14
-14
-13
-12
-14
-13
-19
-23
-22
-22
-21
-26
-26
-26
-27
-25
-26
-33
-35
-33
-30
-31
-31
-30
-30
-30
-31
-30
-30
-29
-30
-31
-29
-29
-30
-32
-30
-31
-32
-32
-28
-27
-30
-26
-26
-30
-30
-31
-32
-31
-34
-34
-32
-34
-32
-37
-40
-35
-34
-34
-31
-33
-31
-33
-34
-32
-31
-32
-31
-31
-32
-27
-29
-28
-26
-25
-26
-25
-29
-29
-27
-29
-26
-28
-29
-30
-32
-27
-29
-26
-25
-27
-25
-27
-24
-23
-22
-21
-21
-19
-21
-22
-20
-17
-15
-20
-20
-20
-21
-19
-20
-19
-24
-22
-19
-21
-22
-19
-18
-20
-21
-20
-24
-20
-16
-15
-17
-13
-13
-14
-16
-15
-13
-14
-14
-13
-10
-12
-17
-15
-12
-16
-15
-14
-13
-14
-14
-15
-18
-16
-18
-22
-19
-16
-18
-17
-17
-14
-11
-13
-14
-13
-13
-16
-11
-10
-12
-8
-4
-4
-6
-4
-4
-3
-1
-6
-4
1
-2
-2
-3
-6
-4
-4
-2
-3
-1
2
0
-1
0
3
2
0
4
5
5
9
9
7
7
8
5
6
7
10
10
7
9
10
8
4
8
9
10
9
12
10
11
11
11
13
11
8
12
12
11
14
14
16
17
17
16
14
17
17
15
17
19
18
18
21
19
19
18
21
17
19
19
21
19
19
23
20
22
22
24
23
22
23
22
21
18
22
19
21
22
22
25
23
27
27
29
27
26
25
23
26
27
24
23
25
28
26
22
22
26
24
23
21
22
21
21
22
20
24
20
18
17
16
18
17
19
13
16
16
16
15
13
16
18
18
18
15
16
17
15
16
16
19
18
22
23
22
24
21
19
21
20
21
18
20
19
18
20
19
22
17
14
14
21
16
19
24
23
20
20
25
23
20
22
24
24
22
20
23
20
20
23
22
20
19
20
19
20
18
18
19
14
17
19
20
21
18
18
17
16
17
18
21
20
17
18
20
18
21
18
17
18
17
17
17
18
17
21
23
19
17
16
16
19
17
19
16
17
15
14
15
13
15
18
17
13
16
16
18
19
19
18
17
18
16
17
16
16
13
16
14
9
9
8
5
5
6
4
5
7
7
5
8
7
5
2
5
5
6
8
9
12
12
12
12
11
10
11
11
9
10
11
9
7
8
12
8
8
8
8
10
7
4
5
6
4
4
6
6
8
6
5
4
4
4
5
0
3
7
7
5
5
5
4
2
3
2
1
-6
-2
1
0
1
-4
-4
0
-4
-3
-6
-7
-6
-6
-5
-5
-4
-6
-6
-7
-6
-8
-6
-5
-6
-7
-10
-9
-9
-9
-9
-7
-7
-5
-7
-7
-7
-8
-7
-4
-4
-6
-8
-7
-9
-7
-8
-5
-6
-5
-5
-5
-5
-3
-2
-2
-5
-8
-6
-9
-5
-5
-12
-10
-6
-9
-8
-8
-11
-8
-7
-5
-8
-7
-6
-9
-5
-6
-6
-9
-9
-7
-5
-6
-7
-7
-10
-9
-7
-6
-6
-5
-2
-3
-5
-2
1
-1
-3
0
-2
-6
-3
-4
-2
-2
-1
4
-2
-1
-2
-3
-1
-1
-5
-4
-5
-7
-3
-3
-2
-3
-2
-4
-3
-4
-5
-8
-9
-5
-8
-8
-4
-7
-5
-2
-3
1
0
-1
0
1
0
1
3
4
3
6
4
4
2
1
2
0
4
2
3
3
1
2
6
2
-1
-3
-1
-2
-1
3
5
3
3
2
4
2
1
5
1
7
6
6
8
4
5
5
7
3
3
8
6
7
4
-3
2
2
3
1
2
3
1
4
3
1
2
4
4
6
6
8
9
8
9
10
7
10
10
8
10
11
12
12
9
9
11
10
8
10
10
12
12
10
13
11
14
11
10
10
12
15
9
13
11
8
10
10
10
5
9
9
5
4
4
6
2
2
1
-4
-3
-4
-2
-2
-3
-2
-3
-3
-3
-2
-8
-8
-5
-4
-4
-4
-3
-2
1
-2
-1
-3
-2
-2
-3
-1
1
-1
-3
-3
-4
-3
-6
-4
-6
-5
-6
-9
-11
-12
-15
-11
-8
-7
-8
-8
-8
-11
-11
-9
-12
-12
-13
-11
-9
-9
-7
-8
-9
-10
-8
-8
-8
-9
-12
-11
-6
-8
-13
-11
-10
-11
-9
-11
-12
-9
-12
-11
-10
-9
-9
-10
-8
-8
-10
-10
-7
-7
-8
-6
-6
-8
-4
-5
-4
-1
-3
-3
-3
-4
-7
-6
-4
-4
-2
-5
-6
-2
-5
-4
-5
-7
-5
-5
-3
0
0
-2
-3
-2
-1
-3
-3
-2
-1
-4
-3
-2
-2
-2
0
-4
0
0
-1
-2
-4
0
-3
-3
-5
-4
