-55
-34
-71
-45
-21
-162
-195
-70
-74
-94
-52
-96
-65
-62
-113
-14
-63
-116
-63
-41
2
-27
-30
-14
9
-32
-93
-16
55
5
-64
-20
49
48
40
11
14
19
-25
36
80
59
75
27
16
57
-26
-58
-46
-74
-31
18
45
-26
-40
31
21
25
31
39
40
-5
-61
-30
15
21
45
122
105
4
25
-8
-50
19
26
-15
31
72
4
-7
7
27
8
-46
58
75
61
92
49
79
62
3
40
36
-37
10
8
-58
-15
-1
43
46
-45
-65
3
-33
-67
-23
-72
-79
-22
63
96
-5
-13
22
-28
-68
-72
-37
-34
-54
-53
-26
-25
-53
-48
-71
-22
-41
-104
-25
-82
-65
28
-46
-11
-34
7
121
44
62
55
12
19
-8
15
9
18
23
-12
-23
23
52
-14
-1
37
56
25
-49
39
15
-60
17
49
48
-5
-8
34
49
42
20
33
-47
-53
10
-66
-88
-12
32
40
50
-36
-42
71
3
-43
-56
-17
23
-68
-47
-20
-3
-15
-81
-78
-67
-27
3
-24
-25
39
72
55
72
71
79
77
67
38
35
89
8
15
37
-15
19
-32
20
39
-55
3
-65
-85
0
-44
-35
-36
-51
-51
-116
-73
-10
-24
-9
-42
-49
-44
-38
-23
-68
-29
31
-13
-8
37
61
80
21
2
2
-40
61
96
47
88
72
61
51
12
22
89
81
19
37
78
142
95
15
-14
15
27
-30
14
39
64
53
-19
0
41
25
-35
-86
-103
-73
-23
-37
-123
-130
-78
-40
17
6
-5
25
20
-17
-4
-8
-70
-93
-119
-127
-66
-36
-23
0
-14
-12
-19
-23
-53
-86
-42
8
35
-22
14
-19
-70
21
-96
-100
-59
-111
-36
-65
-48
-25
-79
-25
1
33
5
36
91
-20
2
16
-2
56
76
96
41
-10
15
69
109
137
74
17
30
-26
39
38
13
75
51
77
20
2
89
80
107
130
66
16
43
115
130
54
21
10
0
9
1
36
47
16
0
10
65
96
73
56
20
13
49
65
79
51
-27
15
74
-14
-87
-67
-73
-118
-153
-192
-122
-85
-102
-64
-54
-62
-68
-39
-59
-43
-81
-151
-128
-84
-38
-87
-55
-105
-180
-113
-112
-83
-52
-21
-48
-37
37
1
26
18
-42
-26
21
49
89
141
109
124
59
-45
44
104
99
113
58
67
163
47
36
66
-36
61
92
58
-32
-98
49
45
-36
-58
-78
-27
31
40
-33
-76
-27
35
-3
-67
-67
-95
-47
-16
-50
12
24
6
-9
-2
18
-98
-37
58
-4
-9
-1
46
92
74
66
90
31
11
-11
-21
50
53
40
32
86
50
-14
15
30
55
61
4
-17
-6
-7
19
10
-21
-28
-14
20
69
40
51
76
18
52
50
-8
-66
-108
-50
20
36
-32
-65
-39
-2
13
-63
-19
8
-38
24
29
-13
-3
-84
-89
81
63
0
-6
-30
6
28
7
-25
-5
-38
-68
1
17
-55
-36
-13
-18
10
-57
-21
-20
-51
18
2
-11
24
-38
-31
120
88
25
49
23
27
45
49
88
-5
-129
-49
-30
-48
-27
-27
6
1
-25
-30
-54
-103
-127
-76
3
-25
-94
-82
-43
-41
-32
-38
-97
-44
56
-17
-105
-126
-115
-68
-50
-75
-48
19
49
101
51
47
140
106
127
124
54
59
101
92
81
186
142
123
115
6
109
79
-49
11
84
81
21
74
103
6
58
84
25
3
-26
13
-29
-33
-16
-3
89
-54
-163
-64
-63
-61
-10
-31
-67
-34
-45
-82
-49
-45
51
49
-23
0
-99
-77
-44
-36
15
-48
68
122
25
47
-21
-37
25
-7
-35
-22
26
34
18
-20
-43
8
32
3
-53
-10
34
-12
-5
16
58
61
20
-10
-52
-62
-48
-75
-53
14
-94
-135
-14
-55
-86
-84
-94
-9
3
2
-37
-47
3
-14
5
0
-34
-8
21
9
-14
8
-7
-47
44
103
62
4
-31
-4
6
45
64
7
59
91
46
65
29
27
43
-36
-71
-40
-8
3
1
31
64
63
88
38
6
26
-28
-8
4
32
45
11
-39
-51
72
83
61
0
-54
0
-12
-12
-6
53
82
73
61
42
59
34
51
49
26
11
-58
-106
-57
-7
-53
-56
-55
-42
37
53
-25
-75
-96
-5
86
-59
-73
-17
-58
-47
-3
27
44
51
6
-4
-27
-13
11
-65
-49
-57
-96
-72
-80
-42
-35
-58
-98
-110
-77
-28
56
39
11
-34
-49
-11
-24
11
66
26
37
22
18
119
51
14
45
73
90
2
24
58
-11
18
60
76
111
102
86
30
-5
18
11
18
27
7
56
87
0
2
-2
-43
-34
-93
-88
-58
20
26
-41
11
-14
-62
-51
-55
-50
0
7
-30
-78
-62
-48
-103
-41
-46
-65
-10
-91
-23
40
-14
42
44
38
38
-67
-12
90
63
122
50
40
167
185
118
12
56
52
-49
-58
-10
22
-30
-69
-33
-3
-7
18
29
-31
1
-64
-171
-90
-81
-62
-19
-25
-16
-53
-39
12
-22
-17
-15
-70
-63
10
51
17
-66
-98
12
76
92
128
67
-26
-42
-60
-42
46
42
67
72
73
44
-1
63
48
72
69
20
48
91
122
51
-14
-32
-105
-127
-73
-6
71
57
40
67
36
12
7
-69
-66
-49
-71
-5
-58
-47
14
-69
-25
47
2
-26
2
-2
-9
-8
26
31
-66
-22
-3
-60
26
-6
-16
112
98
49
8
-87
-74
-35
-58
-29
-56
-53
-42
-81
-40
11
24
-50
-59
-4
-44
-3
-22
-71
-5
-32
-19
1
5
42
-27
19
68
42
64
37
33
34
17
-10
4
11
-17
-8
-52
7
17
-25
79
77
4
14
-8
-62
5
26
26
51
-27
37
66
5
73
56
-2
-53
-18
36
-78
-62
9
56
53
22
55
-20
-1
29
-24
-79
-87
42
119
96
41
-27
-67
-60
-7
55
14
9
21
-110
-103
11
55
35
16
-6
17
49
11
48
19
3
-10
-112
-49
28
24
15
-21
-28
-26
-4
51
15
-64
-40
5
-6
-24
-49
8
29
-51
45
20
-99
1
52
96
56
-18
57
59
40
36
-72
-105
-77
-119
-75
-54
-4
90
3
-54
-39
-51
-55
-37
-13
-48
-10
45
18
34
21
-41
-33
-41
-58
-58
-101
-49
27
-12
-59
7
60
-11
-18
22
13
1
3
27
54
22
34
63
43
119
132
102
65
-19
13
83
101
102
61
10
56
-40
-101
61
11
-60
5
9
-13
-108
-125
-90
-83
30
-5
-3
51
-33
68
42
-38
-67
-134
-2
15
36
123
137
128
20
-20
32
8
-21
-26
-67
-11
11
-74
-27
16
23
13
-35
-33
-21
20
52
28
13
-12
-26
-28
-111
-36
24
-44
-6
-24
-3
48
-31
-113
-66
15
32
41
-13
-35
5
-19
-51
-12
-29
-5
31
-51
5
117
86
60
161
141
48
28
11
74
83
9
-48
-31
-53
-31
76
46
-1
-13
-74
-66
1
-14
-26
-10
-23
-74
-31
11
-11
-21
-77
-33
14
24
50
5
-2
10
-3
-87
-87
-8
-20
12
18
45
26
-32
69
82
30
25
9
58
39
-24
-9
12
16
-52
-78
-9
8
-8
10
29
-26
-88
-117
-34
47
-52
-140
-89
5
-83
-72
-12
-88
-11
-59
-11
28
-169
-28
29
-49
51
11
-50
-70
-35
-50
-38
88
63
62
50
19
52
37
72
99
90
81
67
76
19
14
54
18
74
85
-28
-28
-5
1
78
119
127
43
-69
-43
-46
-53
0
11
-25
-54
13
54
27
25
-1
-9
-8
-61
-3
85
97
87
87
137
50
58
93
69
105
15
20
36
44
84
66
70
-3
23
93
26
47
36
-43
-9
15
39
24
-25
12
-19
-42
2
-12
-53
-31
-83
-128
-23
-77
-114
-81
-83
-11
-66
-134
-128
-141
-117
-126
-174
-215
-199
-128
-177
-276
-325
-326
-333
-361
-326
-300
-278
-240
-232
-159
-76
-54
15
21
49
40
7
100
107
82
3
-7
-25
-72
-19
-48
-37
-49
-141
-139
-81
-170
-214
-123
-43
16
60
29
6
151
192
224
239
121
143
160
150
198
195
202
221
273
227
206
368
273
205
161
142
287
173
162
187
167
233
213
266
293
266
278
312
369
397
436
504
617
701
695
664
630
625
572
537
528
422
343
250
179
223
187
171
177
139
215
223
229
230
91
-10
-105
-241
-296
-350
-473
-563
-624
-698
-851
-1058
-1239
-1316
-1272
-1256
-1309
-1227
-985
-859
-739
-509
-390
-267
-180
-205
-163
-138
-259
-338
-309
-316
-373
-448
-441
-391
-422
-423
-380
-395
-431
-478
-462
-389
-270
-123
-55
57
155
266
314
250
298
243
106
-36
-91
-15
-47
-41
45
154
199
221
332
287
175
175
109
8
24
78
162
207
127
221
391
418
402
255
189
249
237
162
153
231
274
373
504
576
627
664
612
531
446
312
208
149
102
4
131
348
314
315
353
385
392
289
153
47
98
79
-34
8
65
211
352
326
410
476
376
336
288
199
205
229
218
325
389
351
512
552
533
542
378
318
183
65
41
32
147
211
321
456
561
641
586
528
352
69
-177
-481
-732
-944
-1093
-1167
-1246
-1303
-1421
-1543
-1627
-1650
-1686
-1756
-1678
-1601
-1462
-1194
-976
-707
-487
-298
-118
-133
-264
-337
-429
-619
-849
-1102
-1239
-1323
-1415
-1384
-1240
-1117
-1003
-881
-737
-615
-572
-442
-328
-258
-143
33
252
468
623
799
922
872
834
689
595
453
254
258
190
215
331
430
591
661
812
898
826
862
760
611
526
445
480
485
528
712
778
842
970
885
774
644
465
381
305
284
307
440
675
793
975
1134
1152
1137
949
763
663
528
393
305
283
315
403
500
534
610
652
590
602
537
471
494
503
618
796
999
1271
1554
1736
1761
1646
1457
1256
986
765
596
409
330
307
304
400
498
521
555
528
403
202
80
-42
-241
-357
-585
-801
-984
-1222
-1487
-1828
-2119
-2506
-2970
-3209
-3445
-3782
-3830
-3688
-3457
-3088
-2683
-2204
-1783
-1411
-1098
-923
-821
-832
-867
-966
-1088
-1123
-1159
-1316
-1466
-1516
-1610
-1684
-1745
-1788
-1825
-1782
-1678
-1582
-1313
-912
-536
-192
252
643
869
1116
1232
1132
1068
989
900
825
687
598
511
570
690
721
832
925
1036
1157
1211
1228
1172
1204
1330
1410
1459
1427
1402
1467
1484
1427
1311
1174
1084
905
679
556
476
450
530
637
726
882
1016
1113
1155
1137
1117
982
902
846
718
633
619
670
641
584
504
419
366
238
62
-120
-265
-271
-246
-205
24
261
504
847
1055
1178
1299
1337
1325
1279
1133
1008
1001
996
1031
1009
958
931
873
821
683
537
384
260
204
212
339
498
648
761
848
858
738
420
-161
-779
-1367
-1992
-2621
-3284
-3816
-4168
-4383
-4405
-4332
-4178
-3862
-3469
-3160
-2831
-2444
-2077
-1689
-1380
-1095
-844
-643
-415
-424
-688
-950
-1219
-1678
-2169
-2544
-2885
-3151
-3228
-3183
-3110
-2784
-2292
-1823
-1351
-756
-66
462
919
1252
1435
1620
1711
1706
1678
1531
1259
991
719
359
93
12
-96
-113
-92
24
322
606
1035
1483
1836
2186
2478
2776
2915
2890
2806
2578
2310
2027
1770
1602
1446
1303
1213
1117
1139
1276
1329
1328
1336
1360
1362
1355
1475
1514
1451
1503
1494
1469
1457
1391
1275
992
656
377
117
-130
-274
-380
-461
-485
-524
-407
-196
-21
122
242
416
652
1003
1295
1538
1752
1825
1870
1772
1637
1452
1143
862
524
190
-89
-262
-292
-247
-193
-180
-71
75
107
194
407
503
625
799
906
1049
1067
994
610
-139
-964
-1982
-3067
-4137
-5090
-5893
-6447
-6566
-6323
-5670
-4896
-4099
-3235
-2498
-1846
-1286
-879
-612
-502
-521
-501
-451
-525
-565
-667
-918
-1301
-1901
-2552
-3241
-3876
-4314
-4553
-4563
-4222
-3475
-2557
-1440
-218
854
1753
2346
2674
2725
2482
2137
1805
1384
951
695
555
543
479
436
419
247
194
198
169
248
446
785
1296
1993
2654
3168
3551
3711
3635
3249
2728
2125
1372
771
308
41
20
162
531
938
1335
1768
2119
2188
2168
2235
2185
2123
2137
2105
2108
2207
2207
2118
1943
1571
1144
687
268
-136
-444
-520
-420
-211
34
530
965
1181
1366
1327
1234
1107
894
738
686
741
861
1051
1279
1445
1535
1459
1132
719
151
-563
-1127
-1592
-1886
-1797
-1551
-1075
-419
254
917
1280
1445
1379
1150
878
535
349
278
392
651
836
980
973
592
-219
-1505
-3107
-4686
-6062
-7208
-8131
-8533
-8253
-7448
-6228
-4798
-3337
-2024
-1019
-360
-76
-102
-293
-592
-1003
-1471
-1766
-1822
-1914
-2115
-2244
-2493
-2906
-3412
-3957
-4327
-4581
-4618
-4395
-3757
-2785
-1678
-273
1012
2023
2897
3383
3540
3488
3086
2438
1753
1171
705
357
320
459
688
1079
1427
1654
1774
1785
1715
1544
1438
1456
1502
1734
2095
2494
2914
3207
3399
3339
3051
2645
2004
1396
887
485
368
509
860
1439
2163
2821
3365
3738
3832
3591
3053
2412
1815
1219
675
316
209
275
367
579
776
838
740
518
333
83
-169
-271
-301
-308
-132
178
451
705
810
792
623
323
94
-154
-502
-621
-460
-292
79
510
827
1079
1107
1068
884
476
61
-287
-519
-612
-583
-432
-222
-12
194
254
161
-60
-402
-728
-964
-994
-883
-685
-242
247
545
723
723
470
-116
-1152
-2409
-3773
-5095
-6191
-7005
-7411
-7477
-7308
-6910
-6135
-5100
-4111
-3182
-2329
-1635
-1041
-535
-181
59
193
119
-56
-339
-685
-958
-1365
-1770
-2006
-2278
-2625
-2901
-3046
-3094
-3108
-3107
-2949
-2597
-1971
-964
151
1311
2505
3572
4475
5056
5250
5060
4634
4003
3221
2596
2059
1596
1357
1189
1067
1069
937
672
332
-127
-319
-314
-116
535
1291
2292
3542
4556
5348
5683
5575
5193
4364
3333
2290
1387
808
572
645
923
1443
2075
2425
2452
2236
1591
862
167
-486
-794
-824
-412
294
1032
1742
2212
2361
2147
1634
819
-128
-936
-1553
-1878
-1914
-1790
-1452
-996
-678
-538
-692
-996
-1313
-1637
-1786
-1707
-1374
-761
153
1086
1767
2146
2208
1928
1201
250
-642
-1341
-1823
-1975
-1813
-1385
-746
-146
280
342
210
-117
-673
-1192
-1500
-1403
-1126
-599
119
741
1266
1580
1666
1444
909
187
-461
-1106
-1672
-1979
-2458
-3075
-3654
-4228
-5103
-6159
-6948
-7663
-7912
-7452
-6519
-5148
-3458
-1510
349
1755
2708
3015
2661
1878
738
-493
-1549
-2285
-2598
-2531
-2192
-1650
-1119
-829
-838
-1192
-1750
-2330
-2845
-3088
-2819
-1875
-471
1166
2941
4573
5762
6410
6407
5707
4635
3334
1986
913
211
-140
-89
316
918
1386
1588
1556
1164
774
460
284
519
1113
2161
3449
4802
6146
7057
7228
6809
5794
4131
2397
644
-924
-1759
-2017
-1643
-774
405
1636
2485
2877
2726
2111
1186
156
-799
-1451
-1597
-1287
-645
205
1106
1709
1868
1605
867
-205
-1348
-2341
-3025
-3269
-3070
-2525
-1727
-841
-190
105
139
-232
-850
-1466
-2011
-2149
-1938
-1378
-396
663
1736
2488
2751
2741
2247
1280
156
-928
-1816
-2393
-2578
-2397
-2072
-1658
-1115
-741
-663
-682
-775
-986
-1162
-1141
-880
-437
124
799
1334
1665
1916
1834
1477
945
358
-284
-1055
-1716
-2491
-3343
-4222
-5141
-5828
-6477
-6868
-6861
-6565
-5707
-4360
-2760
-1035
751
2342
3387
3930
3946
3275
2145
780
-653
-1856
-2651
-2891
-2808
-2417
-1797
-1212
-716
-588
-736
-1064
-1541
-1955
-2096
-1752
-888
386
1989
3640
5083
6185
6739
6682
5919
4633
3140
1661
419
-466
-811
-691
-259
438
1095
1543
1735
1607
1308
948
712
849
1313
2034
3058
4147
5062
5693
5703
5129
4065
2519
821
-788
-2011
-2702
-2775
-2223
-1273
-140
878
1692
2194
2121
1577
765
-45
-655
-1089
-1080
-655
-64
636
1230
1522
1379
787
-160
-1302
-2409
-3203
-3638
-3707
-3258
-2455
-1582
-774
-163
123
-15
-460
-980
-1497
-1836
-1778
-1338
-575
413
1389
2220
2735
2696
2157
1232
101
-1015
-2008
-2632
-2743
-2433
-1907
-1189
-332
351
785
915
727
452
131
-148
-218
-186
81
464
775
1162
1408
1442
1210
759
197
-456
-1030
-1615
-2278
-2981
-3722
-4431
-5001
-5446
-5803
-5935
-5631
-4943
-3998
-2725
-1179
338
1649
2692
3212
3199
2823
1949
686
-544
-1653
-2521
-2924
-2870
-2510
-1947
-1313
-848
-701
-962
-1324
-1683
-2140
-2270
-1864
-992
370
2131
4026
5664
6800
7379
7248
6319
4850
3197
1659
393
-469
-735
-442
151
743
1301
1668
1649
1314
735
83
-348
-261
355
1406
2817
4369
5683
6501
6624
5874
4434
2506
347
-1776
-3363
-4232
-4341
-3506
-2192
-661
883
2061
2723
2712
2003
884
-279
-1364
-2046
-2155
-1804
-991
-38
882
1614
1863
1623
831
-393
-1766
-3082
-3934
-4246
-4113
-3348
-2288
-1225
-212
510
867
712
176
-446
-1113
-1509
-1456
-1046
-323
594
1580
2334
2669
2667
2248
1460
519
-474
-1252
-1618
-1661
-1330
-668
-16
502
923
1020
893
610
150
-168
-379
-462
-228
248
779
1310
1778
2057
2028
1749
1309
516
-415
-1478
-2690
-3729
-4683
-5488
-6054
-6463
-6622
-6360
-5676
-4792
-3649
-2209
-802
629
1969
2823
3331
3346
2767
1825
577
-627
-1693
-2581
-3028
-3114
-2811
-2302
-1843
-1525
-1459
-1670
-2091
-2539
-2803
-2605
-1902
-730
884
2820
4713
6180
7092
7242
6635
5431
3771
1973
366
-811
-1415
-1388
-866
-10
857
1447
1753
1607
1101
439
-165
-539
-488
251
1434
2964
4585
5887
6599
6442
5535
3963
1897
-354
-2481
-4023
-4675
-4441
-3478
-1993
-162
1505
2574
3098
2912
2015
763
-512
-1580
-2236
-2305
-1771
-675
604
1745
2474
2538
2092
1046
-435
-1912
-3216
-4096
-4417
-4001
-3089
-1914
-502
587
1233
1368
1002
427
-369
-990
-1216
-1128
-536
457
1684
2928
3759
4119
3871
3000
1798
352
-931
-1888
-2539
-2517
-1924
-1039
25
956
1692
1945
1652
1212
508
-255
-723
-875
-594
121
1078
2075
2883
3406
3364
2722
1516
-315
-2328
-4378
-6227
-7678
-8615
-8922
-8639
-7671
-6325
-4949
-3534
-2107
-760
404
1289
1904
2234
2413
2369
2057
1585
911
228
-438
-1122
-1680
-2025
-2259
-2515
-2734
-2895
-3138
-3438
-3599
-3566
-3218
-2465
-1312
211
2018
3916
5607
6863
7467
7286
6428
5087
3395
1630
95
-984
-1458
-1498
-1181
-586
34
416
422
160
-276
-765
-1101
-979
-267
925
2524
4381
6013
7063
7475
6936
5440
3373
1004
-1433
-3469
-4602
-4730
-3961
-2504
-608
1358
2844
3573
3530
2556
923
-875
-2478
-3469
-3657
-2907
-1440
412
2272
3714
4497
4357
3336
1447
-844
-2936
-4626
-5498
-5468
-4543
-3008
-1289
446
1781
2463
2357
1558
432
-675
-1472
-1840
-1495
-338
1273
2987
4431
5277
5413
4687
3064
971
-1118
-2850
-3896
-4090
-3364
-1906
-32
1817
3211
3865
3543
2425
842
-875
-2249
-2910
-2654
-1490
260
2207
3986
5022
4854
3467
1026
-2292
-5872
-9011
-11404
-12483
-12053
-10462
-7960
-5007
-2103
389
2009
2688
2625
1894
900
-67
-695
-757
-423
244
910
1368
1570
1271
433
-779
-2371
-3988
-5157
-5942
-6130
-5632
-4511
-2834
-1022
804
2503
3775
4564
4940
4972
4653
4259
3882
3435
3237
3145
3002
2936
2723
2323
1801
1013
-8
-1010
-1836
-2499
-2908
-2768
-2173
-1294
-98
1265
2601
3710
4481
4883
4935
4668
4085
3157
2150
1281
507
-51
-322
-245
37
430
804
940
832
513
-44
-947
-1782
-2277
-2666
-2716
-2199
-1386
-365
842
1937
2699
3095
3026
2404
1450
319
-806
-1669
-2359
-2798
-2737
-2290
-1698
-1084
-574
-204
-6
-83
-260
-372
-484
-324
166
874
1871
2823
3562
3974
3796
3152
2039
465
-1074
-2219
-2931
-3080
-2497
-1289
177
1566
2561
2986
2798
2018
921
-133
-841
-955
-550
383
1652
2634
3057
2577
1168
-1122
-4116
-7190
-9822
-11480
-11999
-11295
-9511
-6903
-3852
-900
1637
3240
3751
3416
2534
1269
-110
-1095
-1632
-1666
-1274
-588
230
880
1112
709
-292
-1899
-3598
-5116
-6388
-6874
-6544
-5304
-3229
-765
1963
4444
6131
7009
6973
6081
4607
2898
1442
470
69
252
934
1927
2911
3506
3468
2800
1584
56
-1489
-2789
-3514
-3580
-2906
-1559
53
1832
3376
4357
4885
4754
4035
3002
1840
782
67
-96
287
1046
2050
2937
3544
3843
3525
2636
1370
-140
-1570
-2610
-3120
-3074
-2587
-1673
-515
657
1694
2306
2550
2412
1955
1447
942
493
166
62
184
420
577
622
499
124
-429
-1165
-1860
-2408
-2655
-2514
-1980
-1026
96
1481
2824
3715
4140
3929
3276
2242
783
-553
-1498
-2019
-1974
-1438
-532
435
1239
1779
1840
1396
636
-221
-931
-1321
-1195
-428
697
1760
2495
2619
1872
183
-2335
-5254
-8173
-10683
-12264
-12590
-11682
-9800
-7203
-4203
-1269
1019
2476
3072
2765
1831
534
-697
-1559
-2037
-1979
-1433
-637
252
935
1107
617
-511
-1971
-3589
-5267
-6516
-6941
-6526
-5240
-3195
-669
2130
4652
6578
7832
8071
7377
6077
4440
2728
1317
424
52
262
768
1408
2012
2342
2336
1847
1021
80
-776
-1328
-1460
-1118
-397
603
1687
2723
3564
3986
4016
3498
2516
1515
652
17
-303
-98
582
1583
2741
3738
4441
4599
4224
3398
2226
883
-500
-1568
-2189
-2236
-1879
-1251
-285
494
1053
1474
1579
1400
985
666
359
167
300
523
972
1424
1727
2013
1929
1392
684
-179
-1168
-2010
-2539
-2694
-2380
-1587
-512
638
1734
2568
2875
2620
1928
911
-202
-1160
-1699
-1755
-1264
-392
632
1614
2131
2083
1522
511
-761
-1970
-2796
-3082
-2802
-2019
-954
21
441
149
-795
-2482
-4663
-6869
-8894
-10176
-10486
-10011
-8640
-6619
-4129
-1559
461
1834
2493
2337
1562
459
-819
-1969
-2698
-2934
-2579
-1807
-809
236
838
786
166
-996
-2435
-3926
-5295
-6036
-5809
-4663
-2699
-124
2552
5016
6761
7399
7188
6195
4564
2795
1251
180
-212
92
962
2109
3217
3927
4086
3666
2692
1496
261
-845
-1434
-1466
-951
74
1284
2491
3444
3939
3897
3348
2435
1417
416
-343
-586
-380
316
1434
2754
4034
5090
5691
5768
5199
4131
2911
1422
34
-1120
-2002
-2211
-2114
-1816
-1117
-488
11
453
630
621
319
52
1
-12
162
438
935
1495
1915
2270
2254
1922
1363
582
-250
-1096
-1711
-1901
-1791
-1350
-670
56
787
1149
1191
1035
611
3
-550
-813
-954
-818
-387
191
866
1378
1619
1612
1404
995
435
-184
-781
-1285
-1719
-2240
-3014
-3883
-4908
-6107
-7203
-8241
-8856
-8989
-8688
-7841
-6722
-5291
-3646
-2045
-710
231
698
794
643
120
-548
-1253
-1910
-2346
-2569
-2497
-2217
-1821
-1440
-1315
-1413
-1627
-2018
-2531
-2933
-3082
-2761
-1959
-808
710
2460
4133
5367
5902
5815
5225
4113
2738
1328
139
-472
-532
-37
939
2028
3068
3846
4091
3895
3365
2503
1590
910
536
595
1058
1831
2627
3202
3549
3447
2918
2096
1160
252
-459
-756
-602
-13
863
2167
3442
4416
5162
5352
5167
4601
3699
2558
1365
326
-567
-1163
-1526
-1578
-1472
-1365
-1088
-792
-489
-214
-39
119
279
454
672
894
1036
1166
1290
1218
1000
870
716
525
301
112
106
150
247
351
411
349
85
-297
-588
-924
-1266
-1316
-1337
-1215
-929
-598
-189
242
561
621
636
561
538
657
705
748
680
469
-10
-847
-2018
-3620
-5544
-7508
-9221
-10517
-11088
-10732
-9693
-8235
-6403
-4316
-2236
-370
1003
1646
1807
1533
777
125
-497
-1168
-1511
-1785
-1891
-1833
-1875
-1937
-2331
-3037
-3814
-4616
-5185
-5515
-5425
-4692
-3367
-1578
413
2559
4769
6568
7599
7825
7256
6132
4650
2984
1284
-112
-892
-1164
-916
-167
821
1701
2405
2761
2708
2518
2265
2022
1871
2024
2496
3285
4291
5219
5759
5728
5182
4082
2647
1038
-528
-1766
-2398
-2282
-1668
-366
1404
3091
4549
5465
5752
5467
4675
3613
2327
1043
139
-451
-768
-743
-525
-212
-54
-100
-162
-321
-532
-796
-990
-917
-713
-426
-19
472
908
1088
1110
977
621
394
94
-175
-166
-101
280
812
1169
1458
1555
1152
490
-263
-1125
-1823
-2260
-2311
-2063
-1479
-635
103
766
1133
1127
822
450
195
-34
-152
-174
14
147
101
-301
-1450
-3030
-5077
-7432
-9504
-10991
-11615
-11483
-10748
-9143
-6871
-4349
-1727
475
1910
2460
2238
1594
570
-504
-1377
-2140
-2635
-2620
-2145
-1561
-1057
-895
-1420
-2347
-3489
-4739
-5698
-6303
-6223
-5285
-3669
-1271
1521
4273
6753
8391
8859
8383
7156
5310
3243
1219
-391
-1308
-1532
-959
158
1456
2545
3054
3067
2725
1981
1095
449
52
28
665
1903
3568
5290
6554
7156
6944
5938
4349
2442
467
-1326
-2635
-3168
-2664
-1309
616
2733
4512
5808
6471
6406
5799
4712
3123
1487
202
-622
-863
-674
-167
361
686
915
901
690
361
-187
-677
-965
-1036
-764
-289
391
1083
1524
1685
1593
1394
1015
574
192
-219
-424
-243
239
796
1188
1406
1372
1005
453
-213
-870
-1384
-1796
-1933
-1698
-1185
-449
242
601
608
429
126
-112
-214
-452
-686
-799
-998
-1259
-1657
-2507
-3770
-5464
-7425
-9192
-10501
-11031
-11011
-10560
-9423
-7631
-5332
-2977
-925
614
1479
1837
1637
967
232
-556
-1305
-1868
-2149
-2021
-1693
-1403
-1402
-1933
-2848
-3991
-5178
-6103
-6676
-6632
-5841
-4364
-2101
814
3873
6594
8536
9366
9250
8286
6568
4479
2225
80
-1308
-1910
-1820
-1008
78
1230
2077
2369
2350
2044
1474
896
553
656
1386
2659
4223
5842
7116
7706
7461
6476
5004
3040
939
-825
-2128
-2714
-2280
-948
847
2737
4310
5422
5924
5803
5228
4184
2935
1737
757
270
227
424
768
1045
1081
809
459
65
-421
-785
-1030
-1049
-740
-132
597
1174
1602
1773
1593
1272
837
404
94
-143
-235
-158
190
675
1002
1041
766
337
-270
-978
-1574
-1970
-2101
-1995
-1717
-1210
-476
211
696
837
599
229
-199
-456
-546
-787
-949
-1004
-1228
-1540
-2028
-3019
-4409
-6086
-7759
-9117
-10121
-10414
-10196
-9519
-8308
-6697
-4669
-2713
-1066
157
770
855
695
430
7
-462
-964
-1338
-1578
-1660
-1566
-1619
-1920
-2648
-3613
-4557
-5401
-6033
-6396
-6190
-5382
-3811
-1613
834
3495
5970
7802
8828
8971
8414
7256
5555
3686
1895
427
-537
-805
-461
178
870
1337
1604
1640
1450
1195
948
740
823
1533
2631
3954
5359
6380
6767
6404
5478
4180
2518
776
-694
-1649
-1954
-1390
-42
1613
3334
4769
5623
6028
5950
5495
4743
3539
2418
1642
1157
1031
1036
1167
1235
1082
793
340
-125
-535
-1000
-1402
-1465
-1122
-535
89
717
1199
1349
1297
1091
733
411
116
-187
-266
-147
187
567
703
642
270
-407
-1205
-1882
-2538
-2975
-2999
-2813
-2170
-1355
-567
165
655
839
630
274
-29
-281
-474
-530
-535
-610
-871
-1449
-2438
-3879
-5581
-7450
-9261
-10484
-10977
-10902
-10286
-9125
-7535
-5617
-3587
-1844
-451
321
449
395
129
-151
-291
-511
-684
-684
-512
-364
-447
-941
-1922
-2988
-4200
-5461
-6249
-6547
-6303
-5480
-3957
-1890
524
3235
5508
7169
8245
8462
8061
7231
6097
4741
3264
1948
1092
676
575
808
1050
1166
1153
1004
828
579
435
367
429
952
1956
3322
4755
5950
6702
6807
6346
5328
3823
2155
430
-956
-1667
-1719
-978
430
2109
3643
4827
5557
5781
5534
4790
3736
2580
1509
857
631
665
954
1150
1160
1087
766
357
-189
-776
-1157
-1497
-1551
-1171
-616
7
581
899
954
853
645
372
0
-331
-468
-391
-66
315
607
816
756
457
37
-489
-1087
-1632
-1972
-2191
-2016
-1544
-1180
-755
-464
-341
-428
-660
-748
-852
-843
-723
-560
-390
-433
-778
-1527
-2788
-4485
-6367
-8245
-9678
-10418
-10600
-10260
-9492
-8252
-6468
-4530
-2853
-1587
-741
-300
-147
-124
-141
-130
-206
-292
-274
-133
115
148
-166
-847
-1969
-3216
-4332
-5330
-6024
-6248
-5951
-4994
-3299
-1150
1171
3570
5534
6873
7710
7871
7542
6707
5468
4152
2853
1895
1353
1179
1172
1214
1268
1133
1040
775
295
30
-230
-262
283
1322
2789
4372
5907
7126
7710
7757
7201
5984
4195
2187
470
-786
-1448
-1293
-521
640
1978
3097
3996
4578
4680
4193
3269
2209
1258
785
676
841
1190
1579
1936
2115
2148
1864
1256
478
-362
-966
-1282
-1297
-1090
-709
-229
103
377
479
487
440
218
17
-138
-43
336
797
1181
1301
1148
788
347
-220
-857
-1449
-1976
-2290
-2359
-2094
-1645
-1341
-1220
-1231
-1144
-992
-880
-722
-533
-398
-400
-462
-742
-1359
-2373
-3842
-5574
-7416
-8961
-9842
-10184
-10131
-9571
-8589
-7312
-5710
-4066
-2722
-1828
-1331
-1147
-1095
-1084
-1126
-1032
-965
-984
-795
-364
96
222
-127
-850
-1863
-3064
-4396
-5440
-6055
-6318
-5967
-4856
-3062
-814
1665
3952
5732
6902
7509
7586
7152
6389
5288
4068
3171
2584
2309
2292
2297
2246
2037
1719
1347
954
551
173
-37
99
707
1832
3282
4645
5777
6446
6546
6269
5542
4345
2817
1184
-88
-769
-838
-186
923
2044
3093
4037
4656
4885
4670
4030
3119
2051
1286
929
854
1068
1248
1311
1362
1377
1177
828
450
-36
-496
-789
-756
-465
-123
210
401
452
441
334
182
-47
-392
-612
-611
-335
189
757
1165
1304
1185
827
312
-388
-1066
-1721
-2309
-2383
-2123
-1706
-1112
-626
-396
-418
-542
-577
-625
-633
-604
-626
-539
-570
-919
-1593
-2874
-4627
-6585
-8489
-9893
-10717
-10880
-10473
-9681
-8299
-6442
-4400
-2568
-1376
-777
-668
-959
-1372
-1790
-2172
-2347
-2279
-1928
-1285
-510
92
251
-132
-1096
-2421
-3907
-5366
-6479
-7004
-6772
-5782
-4007
-1679
960
3611
5672
7000
7574
7539
7090
6242
5166
3958
3090
2709
2582
2716
2909
2909
2608
2179
1644
1033
542
107
-76
79
709
1940
3446
4978
6209
6995
7270
7030
6358
5195
3587
1855
388
-601
-920
-535
318
1371
2463
3372
4100
4520
4428
4008
3331
2524
1835
1436
1331
1428
1563
1591
1445
1136
847
372
-249
-827
-1393
-1705
-1688
-1368
-865
-311
222
511
630
701
652
573
393
90
-25
84
378
920
1318
1409
1338
989
500
-25
-607
-1269
-1843
-2129
-2125
-1723
-1211
-878
-740
-729
-731
-786
-786
-717
-612
-510
-483
-552
-822
-1350
-2358
-3916
-5786
-7743
-9325
-10230
-10505
-10262
-9566
-8333
-6657
-4837
-3156
-1847
-1118
-1007
-1286
-1643
-2026
-2261
-2264
-2193
-1788
-1086
-136
702
1076
1016
188
-1139
-2808
-4515
-5875
-6909
-7127
-6601
-5364
-3310
-809
1891
4212
5751
6567
6752
6516
5873
4861
3802
2840
2174
1987
2114
2396
2552
2335
1911
1425
906
477
124
-38
117
641
1685
3120
4767
6240
7141
7515
7408
6862
5879
4521
2989
1574
652
210
284
971
1902
2794
3496
3843
4073
4099
3698
3168
2558
1952
1618
1661
1876
2069
2173
1953
1538
1135
597
-9
-618
-1179
-1537
-1684
-1312
-659
-110
384
609
695
670
571
434
24
-408
-564
-446
-59
600
1178
1453
1453
1103
496
-242
-984
-1850
-2580
-3004
-3138
-2634
-1889
-1142
-566
-349
-349
-553
-728
-838
-940
-992
-1079
-1092
-1037
-1174
-1652
-2733
-4269
-5975
-7697
-9001
-9696
-9847
-9522
-8770
-7518
-5694
-3729
-2218
-1272
-956
-1153
-1627
-2274
-2823
-3161
-3295
-3171
-2660
-1756
-760
58
433
114
-808
-2141
-3648
-5095
-6277
-6924
-6909
-6217
-4712
-2382
344
2973
5055
6353
7094
7230
6844
6151
5073
3935
3047
2585
2598
2937
3260
3376
3223
2723
2261
1759
1047
527
213
197
783
1935
3497
5030
6193
6872
7030
6721
5915
4745
3251
1742
477
-351
-379
201
1224
2300
3162
3895
4335
4466
4232
3597
2762
1894
1256
1097
1237
1537
1874
2062
2069
1905
1639
1156
526
-220
-1022
-1487
-1571
-1244
-713
-179
354
598
692
785
799
664
345
36
-127
-67
239
671
1039
1186
969
496
-40
-725
-1380
-1993
-2646
-3004
-3031
-2650
-1913
-1243
-787
-572
-424
-298
-195
-86
-118
-285
-514
-773
-1155
-1717
-2608
-3964
-5592
-7226
-8556
-9436
-9839
-9730
-9239
-8371
-7062
-5508
-3922
-2637
-1937
-1667
-1657
-1830
-2108
-2257
-2283
-2229
-1912
-1448
-780
-9
362
286
-270
-1353
-2642
-4004
-5176
-5989
-6439
-6283
-5404
-3706
-1603
798
3330
5186
6490
7223
7326
6938
6078
4934
3591
2481
1809
1634
1824
2001
2224
2288
2106
1947
1626
1162
686
326
460
1136
2308
3810
5259
6442
7178
7317
6944
6067
4680
3096
1567
245
-541
-529
83
1033
2139
3150
4014
4482
4505
4179
3535
2772
1944
1339
1086
1170
1574
1920
2147
2213
2036
1740
1105
241
-472
-1122
-1544
-1558
-1260
-699
-88
413
770
939
920
832
626
365
131
55
341
833
1324
1656
1808
1595
965
174
-691
-1667
-2679
-3307
-3429
-3223
-2617
-1790
-1053
-456
-27
158
87
-197
-498
-751
-978
-1093
-1243
-1515
-1993
-2848
-4071
-5511
-7139
-8759
-9891
-10476
-10469
-9937
-8958
-7461
-5806
-4133
-2744
-1890
-1370
-1226
-1414
-1744
-2079
-2271
-2237
-1961
-1420
-713
34
494
453
-39
-1084
-2480
-3965
-5342
-6326
-6739
-6456
-5446
-3731
-1479
1184
3595
5447
6838
7349
7330
6785
5663
4501
3254
2223
1714
1646
1892
2290
2657
2759
2642
2313
1805
1234
639
257
462
1157
2219
3706
5185
6295
7031
7195
6708
5688
4227
2631
1221
137
-393
-215
562
1744
2946
3928
4653
4962
4828
4342
3566
2736
1977
1417
1262
1385
1831
2318
2467
2503
2311
1811
1121
322
-318
-852
-1176
-1203
-888
-293
209
620
885
866
691
505
249
63
49
94
337
729
1082
1264
1051
565
-95
-1041
-1969
-2714
-3245
-3458
-3404
-3101
-2461
-1696
-1090
-613
-508
-640
-848
-1172
-1352
-1485
-1540
-1348
-1035
-774
-783
-1266
-2225
-3583
-5276
-7163
-8708
-9647
-10212
-10207
-9554
-8411
-6836
-5139
-3577
-2361
-1623
-1335
-1445
-1695
-1906
-2022
-2001
-1867
-1463
-789
-60
487
625
328
-477
-1744
-3122
-4477
-5597
-6278
-6440
-5781
-4442
-2565
-138
2325
4356
5977
7083
7461
7216
6448
5327
4102
2975
2241
1931
1854
2122
2521
2745
2810
2587
2075
1504
972
553
449
733
1532
2773
4108
5420
6462
6868
6671
5939
4817
3462
1926
603
-256
-563
-271
491
1592
2815
3882
4649
5100
5117
4671
4015
3243
2424
1838
1488
1374
1411
1509
1545
1445
1277
828
242
-362
-894
-1149
-1255
-1140
-716
-169
396
830
1060
1069
822
490
148
-54
-94
-134
-53
199
411
585
653
370
-109
-785
-1509
-2054
-2463
-2611
-2617
-2414
-1912
-1338
-789
-389
-220
-367
-775
-1222
-1538
-1609
-1526
-1391
-1217
-1056
-1000
-1301
-2136
-3426
-5149
-7058
-8810
-10120
-10750
-10769
-10228
-9158
-7789
-6096
-4300
-2874
-1815
-1245
-1049
-1011
-1141
-1230
-1208
-1106
-765
-274
176
598
839
665
-74
-1290
-2737
-4136
-5350
-6268
-6571
-6128
-4870
-2904
-508
2113
4564
6423
7460
7826
7625
6793
5617
4245
2988
2220
1801
1820
2245
2789
3199
3275
3019
2485
1786
1117
600
235
437
1135
2202
3763
5202
6315
6831
6640
6003
4859
3395
1809
404
-605
-979
-639
243
1684
3116
4307
5230
5491
5330
4830
3889
2727
1580
619
-32
-248
-106
247
549
558
442
334
141
-200
-546
-759
-871
-713
-212
424
1033
1382
1440
1363
1128
739
308
-88
-505
-812
-772
-581
-258
150
168
-72
-338
-760
-1205
-1581
-1887
-2047
-2053
-1838
-1539
-1151
-722
-528
-659
-979
-1336
-1698
-1807
-1743
-1601
-1405
-1135
-733
-554
-794
-1606
-3010
-4752
-6577
-8250
-9456
-10000
-10104
-9736
-8738
-7380
-5679
-3934
-2643
-1798
-1340
-1086
-928
-824
-741
-606
-410
-188
116
532
985
1089
666
-187
-1455
-2820
-4021
-5117
-5835
-6068
-5691
-4526
-2648
-272
2148
4391
6083
7128
7585
7468
6975
6000
4702
3454
2539
2106
2012
2211
2584
2806
2771
2595
2310
1811
1314
882
489
554
1150
2270
3681
4962
5967
6556
6636
6163
5373
4155
2580
1124
-5
-720
-849
-223
721
1781
2817
3609
4262
4550
4331
3814
3018
2007
1153
553
179
42
-15
5
59
16
36
-19
-158
-311
-556
-621
-621
-406
-21
288
571
582
546
661
663
542
375
83
-165
-197
-79
19
-13
-133
-319
-598
-996
-1263
-1354
-1521
-1623
-1734
-1797
-1691
-1653
-1604
-1617
-1771
-2011
-2229
-2093
-1736
-1271
-808
-470
-151
-28
-143
-642
-1658
-3055
-4820
-6577
-8078
-9140
-9579
-9581
-9102
-8341
-7292
-5726
-4223
-2986
-2104
-1581
-1164
-853
-509
-287
-46
280
512
738
827
820
648
54
-942
-2143
-3354
-4410
-5217
-5656
-5641
-5221
-4134
-2450
-465
1720
3776
5528
6708
7204
7344
7079
6371
5320
4093
3062
2399
2076
2044
2209
2438
2544
2407
2156
1823
1457
1064
767
845
1284
2116
3256
4524
5630
6253
6343
5962
5183
4054
2681
1260
60
-673
-823
-416
445
1572
2772
3750
4440
4852
4773
4291
3425
2363
1327
431
-83
-278
-225
2
246
464
580
565
495
308
-17
-441
-711
-733
-604
-284
76
340
484
565
577
501
410
286
83
-134
-270
-266
-148
-52
-6
-147
-407
-589
-769
-998
-1260
-1450
-1667
-1832
-1837
-1817
-1667
-1552
-1594
-1655
-1626
-1337
-929
-534
-269
-205
-195
-425
-997
-1909
-3334
-5032
-6821
-8481
-9604
-10148
-10115
-9609
-8849
-7755
-6327
-4911
-3548
-2407
-1704
-1243
-969
-711
-392
-166
51
140
167
274
242
19
-428
-1112
-2118
-3277
-4335
-5204
-5614
-5543
-4988
-3897
-2303
-288
2000
4212
5968
7146
7641
7617
7158
6300
5253
4077
3015
2234
1929
2071
2352
2657
2793
2665
2328
1861
1358
917
589
480
824
1676
2880
4284
5585
6450
6672
6205
5269
4027
2645
1173
-172
-1013
-1242
-726
363
1668
2929
3950
4569
4796
4626
4000
3123
1986
906
217
-233
-276
65
477
804
925
859
716
476
14
-536
-919
-1098
-1006
-674
-51
554
930
1230
1171
952
723
442
141
-207
-425
-470
-302
-57
165
271
208
73
-239
-582
-831
-1231
-1709
-2013
-2118
-2062
-1859
-1551
-1287
-1098
-1063
-1110
-1046
-941
-767
-627
-620
-706
-871
-1207
-1840
-2842
-4345
-6059
-7569
-8663
-9292
-9567
-9458
-8858
-7927
-6799
-5452
-4143
-2980
-2012
-1389
-963
-440
7
199
367
309
125
0
-190
-349
-690
-1322
-2146
-3077
-4038
-4817
-5249
-5371
-5072
-4295
-2999
-1252
844
2991
4918
6404
7208
7532
7352
6723
5754
4473
3234
2279
1750
1664
1895
2194
2382
2447
2325
2036
1673
1265
914
771
985
1704
2821
4249
5648
6556
6965
6772
5944
4777
3282
1690
331
-745
-1163
-832
47
1316
2682
3823
4669
5060
4896
4421
3439
2210
1113
62
-536
-611
-505
-211
170
450
567
432
102
-199
-565
-1062
-1297
-1176
-841
-314
263
637
835
895
779
645
385
52
-272
-645
-675
-524
-358
32
299
311
237
-24
-305
-472
-806
-1197
-1606
-1942
-1996
-1924
-1734
-1545
-1536
-1482
-1271
-1043
-742
-435
-202
-63
-88
-220
-626
-1558
-2786
-4134
-5633
-7171
-8507
-9344
-9689
-9577
-9156
-8509
-7536
-6283
-4813
-3445
-2419
-1644
-961
-350
73
364
542
491
336
235
67
-116
-386
-996
-1832
-2844
-3827
-4622
-5215
-5511
-5284
-4445
-3159
-1367
828
3162
5308
6883
7949
8412
8160
7554
6489
5091
3810
2642
1843
1587
1686
1961
2224
2312
2110
1804
1456
974
588
343
476
1184
2234
3658
5104
6147
6706
6569
5904
4729
3207
1716
268
-817
-1224
-972
-60
1382
2838
4013
4856
5200
5168
4713
3703
2541
1388
336
-251
-447
-247
146
435
669
707
607
345
-87
-516
-978
-1284
-1261
-984
-586
-98
372
568
568
463
204
-79
-338
-744
-1093
-1253
-1239
-909
-562
-218
-55
-66
-41
-208
-367
-640
-1084
-1459
-1851
-2133
-2140
-2045
-1892
-1754
-1686
-1472
-1157
-781
-386
-198
-288
-530
-1019
-1754
-2721
-3866
-5240
-6787
-7925
-8577
-8728
-8517
-8074
-7261
-6350
-5351
-4171
-3071
-2176
-1431
-921
-571
-254
14
338
522
436
396
347
166
-165
-704
-1419
-2449
-3496
-4299
-4911
-5122
-4843
-4184
-3048
-1458
373
2397
4336
5968
6969
7319
7345
7039
6418
5522
4536
3507
2652
2167
1853
1740
1713
1620
1427
1089
868
788
744
857
1174
1762
2664
3875
5095
6080
6625
6518
5972
4942
3571
2215
889
-436
-1252
-1261
-757
172
1322
2485
3446
3985
4072
3793
3169
2332
1424
543
23
-133
9
337
598
694
680
479
153
-176
-605
-978
-1227
-1200
-982
-621
-141
144
292
243
48
-140
-185
-149
-150
-52
71
290
549
717
824
771
407
-167
-593
-973
-1350
-1664
-2011
-2163
-2131
-1985
-1713
-1534
-1461
-1372
-1290
-1173
-892
-555
-250
-132
-305
-769
-1500
-2527
-3902
-5423
-7120
-8550
-9356
-9652
-9398
-8643
-7529
-6242
-4965
-3752
-2657
-1954
-1497
-1259
-1101
-812
-546
-166
251
660
929
894
811
488
-191
-1084
-2243
-3415
-4430
-5192
-5382
-4943
-4113
-2864
-1139
835
2922
4797
6180
7074
7511
7484
7095
6491
5673
4808
3966
3214
2589
2098
1726
1397
1093
706
309
38
8
135
405
923
1611
2592
3748
4818
5653
6037
6022
5477
4548
3461
2147
926
-75
-747
-850
-450
271
1195
2052
2751
3251
3358
3203
2789
2030
1292
784
409
360
510
681
961
1166
1178
970
600
164
-201
-546
-780
-720
-568
-251
95
243
317
172
-49
-196
-423
-528
-527
-392
-26
331
688
953
930
736
397
-66
-564
-1098
-1589
-2043
-2336
-2373
-2310
-2106
-1917
-1797
-1663
-1564
-1405
-1110
-653
-337
-155
-13
-175
-677
-1588
-2904
-4482
-6182
-7749
-8795
-9149
-9042
-8468
-7522
-6411
-5086
-3808
-2833
-2288
-2113
-2057
-2027
-1926
-1534
-968
-345
400
1012
1514
1778
1707
1139
-35
-1481
-3082
-4491
-5567
-6173
-6071
-5362
-4036
-2325
-384
1820
3795
5192
6103
6541
6609
6510
6219
5770
5262
4601
4010
3618
3276
2858
2204
1490
846
193
-230
-359
-399
-116
454
1297
2532
3809
5095
6068
6426
6362
5923
5188
4191
3000
1694
574
-69
-288
-116
370
1032
1657
2121
2525
2763
2667
2457
2013
1367
986
795
698
819
996
1079
1095
975
751
472
125
-293
-639
-813
-931
-771
-440
-172
57
121
133
34
-26
-25
-56
54
99
319
662
881
1130
1134
920
506
-88
-507
-907
-1337
-1688
-1996
-2107
-1976
-1702
-1358
-1101
-1035
-1056
-1019
-836
-601
-318
-144
-166
-269
-613
-1350
-2500
-3976
-5607
-7252
-8686
-9491
-9540
-9017
-8103
-7018
-5741
-4384
-3301
-2515
-2051
-1962
-2081
-2209
-2132
-1791
-1237
-557
92
731
1227
1403
1215
494
-705
-2157
-3692
-5051
-5962
-6377
-6127
-5191
-3807
-1968
162
2364
4330
5674
6370
6661
6635
6298
5799
5123
4392
3729
3212
2896
2602
2299
1912
1376
936
568
207
102
100
224
597
1234
2311
3564
4633
5415
5819
5824
5491
4861
3952
2859
1810
933
394
275
505
926
1472
2125
2600
2878
3039
3060
2825
2321
1846
1554
1390
1317
1330
1359
1408
1359
1285
1219
916
572
154
-241
-382
-469
-401
-224
-98
23
30
-26
3
59
97
124
212
384
620
952
1206
1227
1011
588
145
-271
-813
-1399
-1928
-2371
-2618
-2560
-2308
-1998
-1669
-1303
-881
-601
-411
-216
-95
-35
-283
-698
-1137
-1955
-2988
-4205
-5639
-7072
-8445
-9257
-9398
-9136
-8529
-7707
-6561
-5207
-3883
-2775
-2087
-1786
-1769
-1829
-1860
-1691
-1342
-1049
-720
-220
352
746
831
439
-325
-1371
-2690
-3993
-5077
-5821
-5998
-5608
-4688
-3084
-1059
1090
3256
4956
6045
6711
6863
6615
6006
5144
4276
3425
2850
2622
2440
2383
2307
2027
1639
1101
679
325
13
-43
181
815
1871
3264
4606
5591
6216
6427
6139
5432
4411
3075
1756
745
82
-133
185
889
1727
2519
3067
3299
3345
3160
2708
2154
1550
1177
1149
1330
1659
1883
2030
2030
1804
1439
881
227
-474
-1104
-1442
-1449
-1178
-779
-350
113
373
492
609
518
448
410
373
477
691
1018
1238
1424
1439
1067
579
17
-650
-1334
-1977
-2469
-2695
-2657
-2416
-1939
-1292
-712
-199
196
383
638
814
709
542
60
-731
-1575
-2582
-3855
-5301
-6706
-7959
-8816
-9182
-9139
-8588
-7675
-6608
-5328
-4080
-3072
-2320
-1949
-1870
-2094
-2394
-2481
-2465
-2224
-1829
-1338
-700
-110
295
196
-459
-1475
-2811
-4174
-5495
-6498
-6785
-6517
-5599
-4013
-2009
276
2510
4363
5676
6385
6579
6281
5655
4848
3882
3011
2449
2296
2365
2382
2365
2275
2058
1642
1121
731
404
299
596
1306
2476
3929
5340
6487
7223
7355
6993
6163
4881
3407
1892
693
50
-87
278
1000
1797
2516
3084
3401
3416
3195
2721
2055
1462
1209
1290
1540
2017
2498
2731
2840
2739
2403
1826
881
-22
-716
-1222
-1301
-1131
-874
-438
-60
109
235
232
148
78
27
39
152
534
1154
1724
2050
2155
2012
1574
877
-55
-1106
-2142
-3001
-3486
-3580
-3302
-2761
-2083
-1298
-615
-108
310
491
368
3
-604
-1384
-2267
-3151
-4036
-5113
-6261
-7317
-8128
-8537
-8634
-8321
-7772
-6973
-5909
-4898
-3884
-3053
-2504
-2257
-2299
-2427
-2588
-2601
-2455
-2354
-2050
-1471
-868
-209
139
-92
-717
-1728
-2965
-4214
-5363
-6041
-6174
-5823
-4755
-3103
-1107
1015
2973
4560
5605
6134
6252
5936
5384
4667
3881
3323
2979
2824
2754
2687
2509
2149
1595
1006
616
237
58
251
742
1613
2859
4215
5372
6227
6691
6713
6225
5358
4224
2926
1737
882
468
502
863
1471
2205
2799
3298
3558
3510
3286
2847
2392
1948
1704
1789
1914
2217
2473
2550
2612
2460
2137
1597
975
327
-193
-490
-671
-599
-437
-227
-20
118
166
177
221
208
252
403
654
994
1418
1786
1928
1853
1508
954
198
-769
-1865
-2909
-3625
-4071
-4179
-3835
-3308
-2618
-1824
-1017
-161
402
652
607
198
-444
-1417
-2553
-3827
-5137
-6355
-7591
-8399
-8728
-8690
-8242
-7593
-6809
-5833
-4764
-3899
-3292
-2899
-2643
-2653
-2887
-2931
-2837
-2726
-2407
-1908
-1284
-666
-184
117
78
-373
-1238
-2342
-3499
-4583
-5446
-5853
-5660
-4856
-3496
-1754
172
2089
3712
4843
5575
5930
5993
5736
5182
4567
4012
3585
3270
3093
2928
2489
1948
1442
885
504
250
157
350
874
1888
3182
4560
5806
6691
7098
7088
6750
5992
4948
3739
2606
1631
969
807
908
1300
1719
2038
2293
2285
2288
2229
1855
1539
1348
1351
1635
2010
2460
2809
3054
3132
2936
2662
2055
1197
552
-102
-598
-684
-680
-582
-405
-323
-315
-250
-247
-307
-295
-175
89
464
1115
1877
2468
2833
2865
2573
1893
828
-391
-1667
-2941
-4036
-4714
-4847
-4476
-3670
-2617
-1526
-528
334
878
1065
881
236
-750
-2092
-3406
-4605
-5870
-7028
-8065
-8710
-8898
-8693
-8179
-7488
-6624
-5713
-4766
-3830
-3111
-2659
-2410
-2371
-2511
-2624
-2588
-2543
-2373
-2047
-1662
-1189
-906
-719
-789
-1304
-1959
-2848
-3846
-4672
-5180
-5182
-4684
-3865
-2651
-1018
730
2393
3749
4612
5032
5294
5269
4864
4408
3965
3640
3395
3138
2912
2649
2221
1626
985
405
63
-70
64
542
1341
2458
3672
4924
5987
6607
6824
6681
6175
5242
4218
3175
2243
1657
1245
1112
1273
1629
1922
2007
2020
1977
1940
1823
1660
1604
1666
2032
2543
3038
3523
3841
3982
3820
3424
2910
2233
1471
801
284
-63
-159
-103
-45
0
-28
-242
-503
-669
-732
-711
-578
-69
622
1389
2266
2907
3250
3229
2793
1922
652
-797
-2278
-3509
-4407
-4908
-4836
-4316
-3498
-2578
-1641
-673
158
739
892
616
9
-1038
-2244
-3489
-4772
-5935
-7106
-8119
-8688
-8658
-8289
-7858
-7190
-6341
-5326
-4273
-3408
-2809
-2477
-2302
-2340
-2437
-2624
-2727
-2626
-2510
-2160
-1739
-1203
-727
-667
-982
-1682
-2577
-3603
-4620
-5405
-5751
-5602
-4916
-3702
-2209
-424
1440
2962
4095
4755
4992
5008
4714
4267
3840
3372
3093
2992
2836
2597
2257
1772
1191
609
196
-41
-90
320
1003
1934
3200
4493
5647
6328
6576
6620
6270
5563
4657
3744
2972
2417
2165
2086
2081
2289
2469
2358
2178
1873
1601
1390
1070
986
1146
1498
2167
2888
3512
3980
4121
4046
3764
3240
2711
2091
1308
718
492
371
314
364
285
42
-239
-467
-760
-1102
-1277
-1123
-636
34
979
2032
2860
3416
3599
3298
2706
1785
537
-858
-2248
-3341
-4121
-4460
-4351
-3927
-3303
-2524
-1598
-795
-85
527
684
410
-145
-1003
-2013
-3135
-4471
-5971
-7291
-8217
-8707
-8776
-8560
-8053
-7247
-6165
-4990
-3869
-2948
-2453
-2243
-2374
-2734
-2914
-2998
-2969
-2848
-2645
-2188
-1490
-826
-430
-420
-1036
-2081
-3289
-4536
-5614
-6305
-6491
-6094
-5055
-3505
-1507
607
2444
3770
4566
5006
5052
4727
4231
3649
3148
2897
2872
3019
3023
2807
2381
1669
908
179
-436
-810
-890
-555
305
1678
3229
4724
6003
6773
7088
6992
6489
5650
4621
3609
2762
2244
2028
2102
2366
2626
2781
2726
2550
2312
1944
1678
1456
1319
1594
2107
2836
3629
4205
4529
4537
4301
3753
3012
2271
1463
844
505
430
581
677
797
731
377
-63
-564
-991
-1347
-1499
-1342
-784
134
1261
2359
3128
3574
3477
2911
2093
935
-418
-1816
-3107
-3984
-4420
-4448
-4087
-3519
-2761
-1984
-1168
-405
90
348
217
-225
-972
-1959
-2948
-4097
-5434
-6699
-7776
-8470
-8742
-8655
-8289
-7691
-6759
-5670
-4526
-3411
-2687
-2303
-2090
-2185
-2437
-2712
-2741
-2593
-2435
-1902
-1303
-717
-316
-437
-956
-1950
-3235
-4671
-5926
-6852
-7304
-6904
-5908
-4327
-2244
23
2187
3853
5010
5547
5495
5219
4677
4052
3557
3072
2863
2831
2644
2472
2158
1549
891
99
-644
-1005
-983
-543
227
1451
3039
4571
5887
6869
7352
7355
6929
6147
5225
4243
3391
2866
2608
2557
2714
2900
2935
2738
2383
1979
1457
1059
798
792
1199
1742
2589
3569
4342
4871
5005
4785
4227
3440
2702
2069
1546
1155
1005
1054
1197
1290
1143
840
317
-406
-1107
-1590
-1717
-1553
-967
5
1101
2285
3343
3977
4139
3748
2852
1666
204
-1278
-2581
-3732
-4482
-4739
-4629
-4172
-3445
-2622
-1854
-1212
-752
-419
-182
-342
-891
-1595
-2478
-3516
-4703
-6085
-7458
-8559
-9236
-9451
-9340
-8840
-7930
-6793
-5381
-4107
-3122
-2347
-2110
-2156
-2507
-3027
-3332
-3500
-3413
-3004
-2321
-1500
-788
-425
-469
-1076
-2288
-3746
-5344
-6705
-7460
-7604
-6896
-5533
-3648
-1292
1074
3231
4824
5711
6080
5962
5417
4573
3771
3127
2752
2700
2693
2705
2550
2160
1598
803
70
-392
-594
-417
187
1219
2628
4225
5716
6831
7516
7657
7280
6462
5418
4410
3494
2887
2616
2680
3004
3375
3610
3551
3246
2658
1824
1124
728
632
815
1333
2302
3441
4537
5293
5542
5403
4732
3844
2869
1819
1030
579
502
678
994
1322
1412
1268
872
176
-565
-1185
-1607
-1688
-1382
-499
776
2143
3457
4299
4626
4295
3315
1979
257
-1508
-3078
-4304
-4939
-5110
-4671
-3821
-2938
-2051
-1319
-691
-456
-565
-871
-1493
-2234
-3183
-3988
-4587
-5370
-6206
-6940
-7513
-7988
-8214
-8175
-8054
-7639
-6936
-6016
-4972
-3985
-3046
-2456
-2327
-2392
-2544
-2753
-2994
-3056
-2855
-2523
-2043
-1511
-1102
-1078
-1564
-2413
-3629
-4884
-5938
-6699
-6811
-6339
-5312
-3606
-1509
664
2621
4071
4992
5465
5574
5231
4594
3999
3355
2975
2818
2594
2485
2282
1903
1345
593
-95
-577
-833
-727
-180
820
2201
3787
5261
6372
7164
7368
7007
6401
5540
4586
3792
3316
3166
3314
3586
3864
4011
3801
3371
2690
1895
1097
420
183
299
878
1951
3223
4452
5436
5860
5821
5521
4750
3691
2598
1589
908
743
916
1176
1503
1676
1524
1171
507
-404
-1184
-1760
-1947
-1665
-955
309
1785
3116
4192
4672
4582
3857
2420
660
-1252
-3022
-4382
-5197
-5383
-5020
-4222
-3259
-2331
-1517
-930
-729
-858
-1352
-2129
-3038
-3952
-4536
-5114
-5794
-6374
-6919
-7271
-7417
-7514
-7617
-7452
-7109
-6570
-5643
-4795
-3929
-3158
-2851
-2745
-2853
-3084
-3302
-3477
-3597
-3559
-3134
-2475
-1792
-1434
-1440
-1758
-2509
-3480
-4528
-5340
-5832
-6004
-5510
-4399
-2837
-862
1111
2618
3685
4312
4537
4531
4234
3741
3251
2818
2619
2772
2908
2886
2706
2161
1467
690
38
-413
-609
-277
403
1525
3021
4615
6013
6833
7132
7012
6508
5739
4834
3972
3422
3284
3476
3997
4671
5164
5327
5001
4202
3178
2030
885
15
-392
-183
631
1829
3348
4847
5817
6243
6254
5827
4872
3617
2400
1256
556
496
741
1171
1622
1840
1725
1249
520
-318
-1181
-1875
-2178
-1933
-1065
305
1820
3146
4004
4261
3889
2941
1535
-339
-2230
-3826
-4938
-5307
-5125
-4423
-3451
-2515
-1632
-1017
-773
-831
-1236
-2103
-3250
-4254
-4903
-5372
-5831
-6260
-6648
-6901
-7012
-7107
-7269
-7360
-7202
-6934
-6403
-5554
-4635
-3683
-2969
-2648
-2533
-2569
-2749
-2979
-3210
-3332
-3300
-2971
-2354
-1800
-1357
-1284
-1675
-2311
-3213
-4130
-4849
-5320
-5468
-5063
-4008
-2371
-462
1343
2919
4043
4730
5038
4990
4624
3997
3326
2902
2695
2524
2548
2555
2281
1727
1017
327
-301
-682
-874
-708
-5
1061
2492
4034
5272
6193
6636
6530
6180
5520
4717
3982
3459
3347
3554
3996
4519
4807
4824
4474
3644
2721
1678
708
36
-286
112
983
2242
3778
5108
6017
6461
6367
5713
4723
3493
2278
1346
820
794
1169
1729
2252
2463
2193
1626
815
-100
-1001
-1658
-1756
-1451
-531
863
2265
3546
4278
4363
3812
2645
1200
-513
-2377
-3899
-4862
-5228
-4937
-4321
-3536
-2650
-2010
-1603
-1476
-1713
-2084
-2672
-3424
-4017
-4541
-4985
-5298
-5771
-6363
-6883
-7322
-7693
-8067
-8339
-8324
-7919
-7055
-5918
-4840
-3721
-2824
-2304
-2159
-2483
-2766
-3136
-3423
-3449
-3388
-2798
-1952
-1179
-604
-535
-883
-1765
-3056
-4338
-5469
-6230
-6428
-5928
-4721
-2860
-563
1718
3534
4846
5618
5711
5352
4669
3862
3093
2564
2363
2357
2571
2702
2617
2315
1666
894
164
-477
-744
-614
-59
1160
2755
4333
5758
6830
7296
7211
6683
5700
4667
3682
2896
2621
2633
3087
3822
4401
4771
4680
4088
3221
2243
1238
448
74
151
770
1843
3263
4461
5195
5630
5444
4769
3796
2632
1543
654
173
251
812
1490
2041
2343
2293
1878
1057
64
-782
-1383
-1613
-1353
-565
646
1980
3102
3815
3964
3440
2469
1103
-511
-2073
-3487
-4345
-4684
-4529
-3799
-2958
-2103
-1340
-876
-756
-861
-1172
-1769
-2486
-3263
-3877
-4276
-4728
-5318
-5971
-6708
-7330
-7775
-8237
-8525
-8566
-8049
-7035
-5968
-4772
-3641
-2716
-2108
-1941
-2128
-2595
-2999
-3229
-3375
-3324
-2891
-2081
-1276
-788
-692
-1171
-2091
-3232
-4656
-5924
-6739
-6949
-6397
-5255
-3518
-1289
1094
3013
4332
5141
5252
4960
4408
3687
3020
2477
2329
2522
2793
3065
3091
2724
2026
1118
279
-366
-803
-730
-65
1023
2576
4349
5923
7002
7449
7319
6695
5771
4712
3557
2628
2251
2393
2886
3578
4222
4713
4848
4355
3588
2616
1561
740
164
198
819
1819
3132
4315
5197
5666
5567
4970
4008
2798
1613
746
267
354
829
1419
2126
2657
2749
2366
1620
698
-171
-880
-1239
-1021
-346
733
2076
3279
4021
4190
3751
2828
1423
-309
-2083
-3608
-4527
-4966
-4781
-4097
-3224
-2262
-1465
-911
-695
-749
-1129
-1737
-2444
-3211
-3873
-4503
-5045
-5641
-6407
-7154
-7845
-8351
-8760
-8970
-8854
-8420
-7539
-6424
-5137
-3979
-3082
-2414
-2250
-2422
-2773
-3233
-3672
-3845
-3678
-3232
-2475
-1615
-1005
-830
-1092
-1864
-2975
-4307
-5623
-6517
-6822
-6432
-5395
-3698
-1506
757
2779
4318
5269
5506
5250
4717
3872
3108
2593
2303
2277
2492
2796
2874
2721
2324
1664
930
218
-237
-181
301
1261
2611
4090
5585
6722
7350
7471
7035
6212
5173
4104
3119
2538
2533
2757
3249
3863
4349
4582
4415
3869
3001
2134
1346
828
817
1168
1869
2945
3992
4808
5331
5358
5009
4197
3190
2170
1285
886
730
899
1340
1811
2157
2150
1877
1254
463
-385
-1202
-1538
-1446
-832
187
1330
2554
3422
3803
3666
2875
1598
-28
-1765
-3234
-4380
-4998
-4935
-4478
-3668
-2636
-1736
-1072
-756
-740
-896
-1392
-2035
-2770
-3548
-4164
-4840
-5475
-6185
-6986
-7604
-8052
-8305
-8446
-8359
-7906
-7078
-5934
-4733
-3609
-2696
-2094
-1925
-2168
-2627
-3187
-3553
-3708
-3759
-3491
-2894
-2169
-1491
-1142
-1312
-1842
-2781
-4117
-5301
-6167
-6596
-6374
-5646
-4257
-2246
-99
1899
3544
4563
5002
5022
4618
3893
3113
2541
2248
2198
2343
2491
2581
2503
2083
1467
769
152
-178
-195
142
968
2324
3911
5366
6530
7256
7442
7134
6383
5332
4288
3401
2842
2682
2832
3299
3944
4518
4705
4546
4097
3421
2653
1883
1422
1253
1497
2226
3195
4313
5233
5683
5628
5147
4443
3490
2399
1512
969
750
906
1344
1830
2199
2217
1859
1144
209
-686
-1420
-1792
-1760
-1199
-143
1135
2563
3665
4098
3943
3141
1873
281
-1551
-3220
-4472
-5154
-5252
-4847
-3989
-2926
-1963
-1222
-807
-723
-909
-1327
-1948
-2738
-3492
-4189
-4704
-5141
-5805
-6494
-7156
-7701
-8092
-8375
-8375
-8127
-7513
-6482
-5318
-4175
-3166
-2488
-2173
-2095
-2351
-2756
-3003
-3275
-3429
-3292
-2902
-2299
-1732
-1320
-1316
-1771
-2498
-3505
-4503
-5297
-5807
-5820
-5234
-4087
-2545
-678
1240
2827
3955
4538
4737
4682
4260
3746
3350
2962
2794
2756
2682
2611
2243
1710
1071
306
-233
-441
-275
238
1145
2391
3773
5115
6183
6786
6861
6502
5837
4991
4058
3320
2911
2808
3056
3525
4050
4465
4659
4374
3724
3004
2134
1469
1133
1073
1458
2162
3166
4204
4990
5512
5524
5051
4339
3465
2526
1760
1337
1271
1508
1833
2222
2575
2479
1948
1139
165
-820
-1590
-1862
-1600
-867
220
1552
2913
3933
4394
4195
3299
1885
197
-1567
-3054
-4082
-4727
-4762
-4388
-3822
-2983
-2232
-1732
-1603
-1702
-1885
-2231
-2501
-2722
-2895
-2977
-3183
-3484
-3859
-4640
-5767
-6915
-8043
-8945
-9405
-9438
-8885
-7802
-6459
-4956
-3582
-2595
-1989
-1904
-2388
-3105
-3827
-4357
-4517
-4275
-3662
-2851
-1980
-1106
-515
-580
-1135
-2068
-3374
-4659
-5638
-6041
-5703
-4844
-3413
-1604
309
2205
3575
4342
4619
4393
3849
3270
2758
2401
2355
2474
2716
2894
2870
2788
2338
1525
697
40
-144
80
689
1744
3011
4422
5766
6801
7327
7295
6814
5915
4834
3817
3069
2780
2809
2904
3196
3655
4118
4320
4111
3609
2800
2059
1541
1309
1492
1972
2705
3523
4341
4978
5264
5077
4441
3546
2499
1676
1150
814
860
1077
1386
1772
1976
2023
1626
817
-61
-885
-1307
-1373
-1051
-289
646
1696
2587
3200
3475
3129
2237
914
-560
-1879
-2981
-3630
-3942
-4009
-3688
-3223
-2618
-2029
-1799
-1839
-1977
-2085
-2123
-2109
-2056
-2008
-2190
-2522
-2864
-3417
-4334
-5684
-7131
-8390
-9353
-9720
-9507
-8916
-7925
-6580
-5110
-3804
-2820
-2191
-2077
-2471
-3059
-3664
-4056
-4052
-3821
-3274
-2534
-1781
-968
-501
-613
-1231
-2219
-3472
-4700
-5561
-5948
-5710
-4919
-3696
-2178
-439
1402
2998
4057
4545
4746
4617
4283
4047
3844
3640
3406
3232
3100
2948
2722
2166
1441
773
312
151
255
697
1437
2394
3432
4523
5425
5938
6100
5953
5510
4825
4187
3612
3245
3140
3124
3232
3398
3574
3615
3508
3301
2976
2666
2502
2516
2597
2791
3131
3491
3863
4058
3986
3650
3120
2537
1966
1608
1330
1248
1361
1516
1764
1792
1652
1429
922
245
-321
-716
-846
-669
-261
435
1208
1993
2673
2894
2787
2314
1524
523
-648
-1614
-2446
-3043
-3277
-3406
-3279
-3030
-2888
-2655
-2573
-2604
-2563
-2552
-2440
-2220
-1928
-1701
-1621
-1800
-2267
-3048
-4160
-5444
-6816
-8123
-9117
-9623
-9593
-8947
-7955
-6723
-5228
-3952
-3083
-2461
-2286
-2463
-2795
-3243
-3532
-3639
-3401
-2891
-2256
-1466
-915
-681
-755
-1360
-2258
-3215
-4153
-4954
-5600
-5660
-5062
-4177
-2941
-1514
-41
1376
2511
3371
3752
3868
3967
3832
3651
3539
3491
3462
3394
3246
2945
2640
2272
1842
1394
1071
1065
1127
1525
2198
2914
3792
4540
5220
5716
5949
6031
5882
5549
5006
4565
4153
3759
3538
3216
2999
2878
2797
2871
2923
2946
3057
3174
3278
3382
3415
3489
3466
3234
2938
2627
2437
2334
2189
2046
1940
1943
1971
1926
1774
1491
1111
637
179
-177
-489
-714
-750
-702
-487
45
512
838
1083
1132
1026
728
259
-243
-779
-1334
-1713
-2060
-2299
-2426
-2536
-2640
-2909
-3108
-3213
-3268
-3122
-2883
-2537
-2043
-1487
-845
-429
-331
-556
-1312
-2400
-3715
-5101
-6484
-7733
-8621
-9055
-8928
-8353
-7374
-6190
-5118
-4169
-3379
-2874
-2592
-2631
-2834
-2998
-3261
-3196
-2776
-2343
-1786
-1309
-1012
-893
-1092
-1499
-2203
-3038
-3818
-4622
-5082
-5116
-4766
-3996
-2962
-1696
-451
826
2081
3081
3825
4156
4247
4172
4036
3929
3701
3485
3247
2908
2654
2558
2402
2108
1790
1538
1480
1570
1806
2097
2477
3010
3573
4265
4962
5463
5771
5896
5822
5564
5174
4617
4010
3547
3036
2574
2599
2790
3029
3343
3673
4042
4259
4423
4403
4235
3907
3393
2895
2425
2126
1937
1729
1594
1592
1565
1540
1507
1273
1019
759
335
-6
-192
-311
-379
-406
-361
-157
127
315
427
406
342
206
16
-133
-342
-610
-907
-1140
-1383
-1675
-2032
-2447
-2870
-3374
-3753
-3972
-4089
-3971
-3719
-3363
-2810
-2105
-1522
-1153
-943
-1124
-1580
-2257
-3217
-4262
-5375
-6453
-7347
-8020
-8282
-8094
-7632
-6999
-6283
-5518
-4673
-3896
-3424
-3036
-2715
-2601
-2470
-2385
-2300
-2072
-1765
-1475
-1204
-890
-672
-579
-764
-1192
-1702
-2362
-2972
-3485
-3856
-3933
-3662
-3041
-2131
-986
279
1582
2761
3723
4426
4809
4895
4708
4336
3941
3537
3222
3038
2781
2737
2818
2743
2627
2354
2153
1986
1797
1748
1818
2254
2897
3634
4554
5435
6126
6508
6519
6187
5536
4649
3671
2785
2187
1806
1615
1771
2148
2690
3259
3688
3940
3857
3647
3312
2768
2311
1953
1639
1503
1561
1797
2066
2112
2048
1835
1480
1077
621
307
-44
-369
-429
-425
-256
41
148
247
268
118
-79
-281
-329
-338
-322
-258
-183
-150
-206
-353
-716
-1252
-1927
-2617
-3209
-3695
-4026
-4184
-4126
-3774
-3248
-2707
-2018
-1439
-1116
-875
-901
-1146
-1565
-2158
-2886
-3803
-4616
-5334
-6114
-6768
-7268
-7500
-7524
-7502
-7165
-6543
-5838
-5057
-4352
-3713
-3151
-2647
-2261
-2087
-1992
-2012
-1953
-1755
-1530
-1254
-994
-860
-889
-1022
-1271
-1718
-2341
-2988
-3603
-3976
-3910
-3432
-2612
-1623
-376
1119
2522
3722
4620
5153
5378
5202
4801
4399
3971
3670
3481
3308
3288
3329
3317
3251
3036
2659
2257
1979
1802
1794
2223
2843
3512
4435
5288
5910
6297
6247
5840
5202
4261
3203
2332
1712
1307
1166
1353
1804
2478
3081
3490
3818
3803
3541
3221
2796
2374
2014
1779
1717
1772
1861
1910
1853
1737
1556
1208
731
367
80
-205
-283
-311
-269
-147
-113
-70
-121
-315
-503
-585
-638
-623
-475
-333
-112
170
406
411
172
-172
-715
-1411
-2139
-2834
-3450
-3802
-3915
-3790
-3496
-3112
-2525
-1940
-1463
-1145
-935
-851
-1050
-1375
-1780
-2356
-3091
-3920
-4752
-5471
-6154
-6821
-7264
-7504
-7471
-7227
-6760
-6039
-5305
-4502
-3814
-3244
-2821
-2525
-2327
-2301
-2272
-2281
-2163
-1947
-1740
-1454
-1110
-842
-858
-1078
-1413
-1848
-2300
-2870
-3321
-3419
-3169
-2472
-1585
-574
595
1838
2844
3682
4441
4757
4834
4726
4510
4227
3952
3869
3690
3538
3425
3147
2852
2558
2228
1918
1688
1574
1745
2172
2796
3604
4402
5178
5774
6091
6199
5885
5299
4636
3836
3040
2420
2064
1890
1964
2160
2488
2912
3118
3266
3253
3076
2870
2527
2201
1978
1825
1786
1828
1780
1720
1692
1565
1341
984
557
255
-8
-183
-200
-280
-286
-307
-366
-394
-508
-592
-678
-703
-681
-612
-407
-157
136
376
458
435
239
-160
-657
-1322
-2061
-2701
-3215
-3517
-3519
-3365
-3158
-2813
-2413
-1970
-1490
-1111
-908
-904
-1032
-1284
-1682
-2156
-2778
-3569
-4363
-5130
-5840
-6486
-6952
-7137
-7152
-6948
-6542
-5979
-5284
-4570
-3891
-3235
-2778
-2495
-2226
-2088
-1987
-1818
-1709
-1655
-1422
-1100
-892
-725
-697
-933
-1368
-1832
-2268
-2745
-3220
-3514
-3461
-3035
-2352
-1427
-263
876
2016
3113
3957
4626
4905
4881
4828
4547
4267
4020
3707
3436
3017
2750
2558
2274
2194
2085
2034
2123
2279
2602
3025
3618
4238
4792
5323
5641
5751
5705
5383
4868
4239
3561
2995
2585
2303
2092
2091
2197
2328
2624
2750
2715
2655
2464
2308
2103
1866
1664
1561
1529
1488
1572
1599
1587
1470
1140
817
419
75
-191
-542
-761
-946
-1024
-966
-933
-836
-826
-812
-760
-730
-641
-538
-446
-309
-129
-83
-80
-115
-337
-725
-1212
-1769
-2340
-2781
-3168
-3416
-3372
-3208
-2946
-2567
-2102
-1562
-1199
-978
-849
-881
-1030
-1350
-1773
-2316
-3001
-3717
-4426
-5081
-5602
-6076
-6375
-6414
-6271
-5975
-5552
-4994
-4408
-3777
-3248
-2852
-2430
-2195
-2048
-1965
-1985
-1833
-1699
-1543
-1292
-1066
-815
-756
-879
-1124
-1514
-1957
-2545
-3118
-3326
-3357
-3218
-2671
-1861
-790
472
1674
2801
3802
4505
4911
4996
4834
4538
4200
3840
3370
3088
2872
2641
2647
2619
2528
2384
2194
2171
2257
2409
2684
3078
3504
4079
4611
5009
5315
5260
5033
4676
4150
3518
2890
2449
2147
1957
1980
2252
2541
2776
2965
3025
2920
2731
2526
2252
2012
1926
1882
1760
1763
1832
1780
1731
1564
1298
896
426
123
-255
-562
-769
-931
-969
-998
-910
-839
-752
-616
-585
-557
-511
-411
-326
-364
-287
-250
-403
-570
-836
-1229
-1675
-2120
-2636
-3051
-3272
-3392
-3315
-3205
-2944
-2446
-2042
-1656
-1208
-918
-825
-846
-981
-1273
-1708
-2383
-3110
-3787
-4612
-5262
-5764
-6217
-6407
-6348
-6135
-5712
-5039
-4398
-3776
-3173
-2770
-2413
-2123
-2101
-2112
-2077
-2018
-1848
-1677
-1490
-1267
-973
-733
-645
-692
-926
-1217
-1578
-2150
-2618
-2751
-2706
-2360
-1747
-958
41
1090
2113
2989
3669
4148
4308
4205
3961
3653
3392
3168
2966
2871
2802
2711
2567
2372
2173
2044
1972
1854
1943
2161
2522
3153
3723
4270
4813
5222
5377
5305
5075
4565
3960
3295
2624
2229
2017
1901
2014
2243
2448
2658
2779
2812
2754
2600
2422
2252
2069
1879
1832
1804
1746
1794
1764
1601
1405
1057
682
272
-223
-529
-702
-901
-1114
-1161
-1051
-895
-771
-740
-724
-696
-603
-487
-422
-241
13
174
340
345
187
-54
-435
-1007
-1699
-2281
-2791
-3189
-3454
-3488
-3320
-3019
-2518
-2016
-1549
-1113
-807
-711
-888
-1238
-1729
-2444
-3171
-3895
-4595
-5096
-5554
-5875
-6035
-6017
-5739
-5420
-5117
-4598
-4041
-3592
-3150
-2830
-2446
-2188
-2138
-1981
-1866
-1663
-1380
-1283
-1067
-848
-722
-506
-517
-668
-820
-1145
-1512
-1766
-1954
-1990
-1778
-1499
-994
-193
632
1468
2124
2690
3230
3471
3577
3557
3435
3267
3065
2917
2758
2597
2442
2269
2032
1838
1691
1535
1475
1581
1799
2173
2697
3175
3782
4353
4703
4930
4890
4646
4284
3777
3128
2525
2091
1775
1637
1645
1784
2032
2182
2246
2322
2360
2212
2002
1877
1640
1534
1595
1706
1938
2071
2133
2018
1790
1594
1237
801
323
-133
-437
-586
-657
-679
-631
-538
-413
-319
-257
-181
-95
19
206
437
679
873
1030
1090
915
611
161
-445
-1158
-1877
-2517
-3070
-3421
-3630
-3637
-3430
-3060
-2553
-2114
-1681
-1305
-1158
-1193
-1424
-1796
-2312
-3002
-3654
-4284
-4900
-5315
-5644
-5739
-5607
-5436
-5106
-4782
-4329
-3754
-3338
-3000
-2682
-2439
-2307
-2165
-1977
-1828
-1687
-1531
-1303
-1092
-881
-613
-556
-585
-739
-1063
-1298
-1651
-2029
-2249
-2366
-2183
-1840
-1446
-709
98
742
1427
1994
2433
2820
3017
3081
3031
2943
2931
2914
2832
2773
2676
2411
2198
2019
1863
1734
1568
1578
1690
1954
2423
2898
3392
3937
4379
4569
4513
4399
4250
3882
3383
2941
2531
2172
2008
1873
1801
1892
1931
1958
1983
2036
2105
2001
1855
1850
1884
1877
1935
1946
1927
2006
1963
1877
1755
1522
1296
1021
684
317
179
34
-206
-325
-590
-748
-725
-767
-695
-545
-389
-116
105
289
465
594
567
308
37
-414
-903
-1417
-2028
-2433
-2801
-3107
-3254
-3256
-3057
-2870
-2587
-2333
-2195
-2004
-1963
-1896
-1923
-2150
-2436
-2816
-3122
-3492
-3867
-4209
-4539
-4699
-4800
-4792
-4684
-4494
-4233
-3926
-3618
-3342
-3055
-2860
-2681
-2490
-2277
-2131
-2114
-1945
-1659
-1437
-1298
-1203
-1123
-1151
-1219
-1333
-1491
-1639
-1801
-1850
-1823
-1615
-1223
-849
-380
227
812
1287
1782
2183
2463
2723
2829
2886
2934
3037
3144
3042
2961
2853
2642
2482
2244
1975
1740
1612
1593
1689
1993
2390
2810
3184
3592
3919
4091
4239
4225
4000
3737
3528
3264
2996
2809
2656
2579
2543
2526
2494
2443
2437
2474
2439
2291
2301
2376
2352
2425
2519
2533
2528
2491
2404
2242
2005
1718
1399
1169
947
614
300
109
-22
-269
-481
-576
-605
-650
-703
-676
-592
-348
-153
-17
171
196
84
-131
-377
-779
-1369
-1865
-2365
-2746
-2966
-3177
-3237
-3187
-3081
-2999
-2980
-2915
-2957
-3192
-3458
-3700
-3895
-4078
-4318
-4550
-4602
-4590
-4529
-4360
-4245
-4087
-3932
-3890
-3802
-3710
-3716
-3616
-3473
-3394
-3240
-3016
-2744
-2486
-2247
-2012
-1824
-1687
-1500
-1428
-1495
-1430
-1502
-1646
-1572
-1492
-1286
-980
-666
-352
-44
363
678
968
1127
1144
1155
1154
1330
1481
1655
1957
2138
2381
2609
2671
2774
2695
2530
2320
2065
1953
1919
1979
2009
2230
2618
2898
3233
3528
3644
3746
3801
3773
3735
3684
3741
3782
3739
3743
3745
3754
3605
3295
2989
2572
2182
1958
1809
1733
1769
1962
2212
2493
2836
3102
3263
3235
2973
2703
2429
2081
1730
1384
1144
982
893
849
738
587
353
-45
-409
-559
-709
-845
-852
-858
-800
-558
-341
-195
-131
-298
-598
-1121
-1673
-2134
-2716
-3248
-3665
-4033
-4233
-4079
-3806
-3700
-3630
-3571
-3567
-3598
-3666
-3711
-3841
-3925
-3954
-3943
-3762
-3628
-3399
-3217
-3239
-3224
-3193
-3194
-3265
-3302
-3323
-3428
-3512
-3501
-3396
-3262
-3157
-2985
-2818
-2604
-2257
-1870
-1392
-1012
-822
-638
-463
-354
-406
-523
-540
-659
-737
-679
-526
-203
136
381
613
919
1132
1281
1336
1314
1335
1277
1339
1494
1621
1853
2022
2158
2324
2410
2511
2575
2583
2583
2536
2603
2686
2730
2911
3178
3425
3545
3681
3796
3834
3844
3791
3734
3670
3650
3604
3549
3505
3369
3157
2903
2684
2403
2195
2121
1962
2007
2191
2418
2714
2846
2932
2887
2836
2732
2450
2188
1849
1657
1538
1385
1346
1201
1080
907
502
113
-322
-677
-988
-1324
-1403
-1408
-1360
-1085
-797
-600
-537
-736
-1037
-1391
-1884
-2335
-2721
-3154
-3428
-3517
-3622
-3589
-3565
-3747
-3927
-4059
-4243
-4481
-4602
-4575
-4517
-4357
-4039
-3702
-3283
-2903
-2700
-2564
-2663
-2812
-2910
-3155
-3356
-3389
-3357
-3233
-2962
-2686
-2452
-2287
-2267
-2320
-2411
-2552
-2501
-2284
-2115
-1731
-1289
-836
-272
113
445
551
310
104
-92
-373
-584
-599
-510
-312
36
380
808
1255
1541
1743
1746
1723
1735
1629
1531
1467
1593
1813
2105
2410
2633
2950
3073
3078
3022
2902
2821
2695
2678
2688
2766
2958
3112
3260
3445
3601
3641
3618
3577
3479
3339
3245
3138
3072
3020
2849
2780
2728
2611
2511
2269
2107
2145
2062
2057
2053
2061
2242
2247
2149
1997
1830
1722
1539
1303
1058
881
678
504
410
240
119
-69
-259
-423
-723
-1001
-1255
-1472
-1623
-1767
-1803
-1841
-1865
-1809
-1951
-2090
-2205
-2438
-2678
-2934
-3117
-3322
-3503
-3518
-3543
-3636
-3695
-3738
-3616
-3480
-3507
-3426
-3336
-3183
-3001
-2917
-2806
-2746
-2656
-2572
-2460
-2374
-2384
-2429
-2441
-2253
-2212
-2214
-2141
-2178
-2171
-2284
-2435
-2495
-2448
-2307
-2177
-1857
-1393
-947
-450
23
284
393
546
535
386
270
92
-82
-193
-257
-188
86
380
709
1012
1266
1508
1604
1615
1564
1539
1530
1530
1680
1891
2082
2455
2731
2822
2891
2900
2876
2673
2467
2349
2260
2200
2350
2591
2818
3157
3340
3517
3647
3677
3672
3451
3239
3121
2983
2950
2972
2988
3116
3206
3211
3158
3033
2743
2288
1863
1426
1142
983
786
774
933
1077
1197
1224
1180
1045
801
554
197
-122
-459
-743
-779
-898
-958
-916
-961
-997
-1191
-1427
-1714
-2139
-2446
-2706
-2844
-2897
-2852
-2798
-2745
-2496
-2395
-2432
-2515
-2626
-2795
-2961
-3048
-3170
-3096
-2994
-2844
-2616
-2545
-2427
-2306
-2369
-2550
-2687
-2870
-2997
-2899
-2855
-2715
-2524
-2317
-1924
-1700
-1547
-1406
-1385
-1440
-1485
-1437
-1497
-1538
-1410
-1266
-1149
-1028
-837
-659
-543
-421
-349
-333
-297
-212
-62
83
206
378
516
578
593
667
785
842
860
911
975
1022
1129
1313
1506
1665
1841
1983
2063
2186
2261
2317
2440
2539
2702
2821
2871
2924
2911
2936
2934
2840
2724
2753
2747
2628
2682
2638
2532
2622
2724
2798
2870
2913
2729
2536
2512
2457
2375
2229
2093
1974
1824
1735
1611
1392
1250
1172
1025
732
502
397
210
30
-102
-215
-300
-275
-224
-255
-246
-240
-234
-226
-309
-462
-684
-871
-1004
-1332
-1644
-1788
-1907
-2049
-2162
-2136
-2123
-2088
-2136
-2194
-2216
-2394
-2482
-2614
-2684
-2700
-2751
-2715
-2735
-2583
-2439
-2384
-2293
-2277
-2314
-2354
-2376
-2496
-2487
-2404
-2438
-2370
-2280
-2145
-2040
-2035
-1927
-1852
-1781
-1708
-1621
-1513
-1507
-1407
-1297
-1150
-995
-931
-848
-825
-723
-653
-621
-527
-467
-299
-119
-25
164
401
555
672
812
923
966
1052
1143
1124
1210
1412
1477
1676
1910
1918
2043
2161
2214
2308
2192
2114
2138
2102
2176
2279
2357
2440
2588
2676
2652
2660
2619
2542
2429
2363
2341
2263
2205
2115
2016
1994
2012
1982
1837
1748
1666
1611
1674
1679
1668
1648
1634
1645
1611
1459
1281
1096
858
660
477
388
305
177
126
114
67
21
-107
-329
-417
-511
-649
-731
-777
-777
-769
-735
-737
-838
-948
-1071
-1191
-1388
-1706
-1841
-1937
-2080
-2119
-2082
-1984
-1931
-1897
-1877
-1908
-1966
-1996
-1995
-2158
-2356
-2332
-2316
-2328
-2161
-2060
-2066
-1979
-1875
-1853
-1842
-1781
-1815
-1848
-1791
-1850
-1924
-1838
-1667
-1579
-1506
-1318
-1207
-1059
-922
-903
-764
-671
-666
-651
-600
-616
-568
-449
-394
-178
-67
7
224
388
424
476
547
519
619
685
682
769
805
861
1017
1116
1193
1221
1224
1252
1168
1087
1056
1058
1079
1071
1088
1259
1403
1444
1576
1634
1706
1817
1713
1616
1589
1590
1631
1635
1725
1820
1833
1917
1972
1979
1911
1766
1738
1628
1460
1409
1345
1363
1417
1440
1465
1456
1522
1494
1397
1245
1056
1004
897
763
622
448
323
265
223
131
25
-61
-126
-175
-201
-295
-358
-365
-465
-529
-652
-776
-765
-884
-973
-983
-1029
-1103
-1175
-1173
-1244
-1271
-1288
-1393
-1417
-1448
-1541
-1602
-1661
-1626
-1596
-1652
-1669
-1628
-1593
-1680
-1624
-1584
-1678
-1672
-1612
-1545
-1490
-1415
-1384
-1277
-1264
-1367
-1391
-1432
-1358
-1286
-1289
-1192
-1088
-971
-772
-657
-511
-389
-437
-500
-557
-498
-510
-612
-505
-438
-419
-304
-255
-162
45
121
104
60
-10
34
79
90
192
352
522
704
882
973
986
1016
1045
1007
898
829
862
881
936
1050
1065
1121
1178
1193
1216
1185
1215
1154
1117
1228
1242
1314
1397
1377
1470
1497
1471
1487
1424
1443
1464
1449
1449
1402
1409
1294
1052
978
864
784
764
621
561
476
478
604
617
616
610
626
622
546
496
384
174
-2
-156
-216
-157
-191
-301
-232
-113
-193
-274
-318
-399
-472
-552
-599
-597
-638
-674
-641
-605
-595
-558
-497
-543
-593
-679
-757
-761
-852
-939
-957
-976
-985
-1031
-996
-965
-1068
-1019
-1013
-1077
-1055
-1127
-1194
-1162
-1158
-1077
-996
-1044
-944
-901
-889
-899
-1011
-935
-1003
-978
-907
-1034
-964
-936
-877
-721
-652
-615
-489
-405
-456
-414
-437
-441
-435
-470
-374
-340
-337
-242
-53
146
254
345
377
348
361
351
327
334
288
276
300
389
611
735
785
864
941
939
848
838
767
710
739
696
682
759
834
886
985
1039
1136
1232
1297
1273
1207
1293
1224
1225
1296
1161
1154
1103
959
958
951
893
860
818
766
804
726
673
663
552
607
587
521
531
452
428
401
366
368
304
247
176
187
205
113
16
-85
-75
-74
-126
-201
-258
-278
-337
-319
-401
-494
-480
-574
-608
-580
-627
-698
-763
-781
-808
-857
-891
-970
-1026
-991
-999
-1049
-973
-904
-939
-986
-1069
-1065
-1063
-1085
-1074
-1176
-1209
-1144
-1115
-1125
-1074
-903
-806
-789
-704
-633
-606
-581
-613
-628
-627
-673
-653
-574
-635
-591
-481
-448
-245
-178
-110
32
-41
-68
-77
-165
-231
-220
-195
-171
-162
-127
64
219
238
308
382
454
551
534
530
538
502
548
649
653
620
714
794
862
889
885
941
912
851
782
770
780
791
873
885
949
900
841
1003
947
925
1028
998
1005
947
898
887
821
787
758
726
678
640
592
567
581
563
518
495
536
504
469
448
391
429
365
295
369
367
298
238
225
187
142
94
-5
-59
-144
-175
-167
-287
-364
-324
-309
-315
-343
-452
-553
-591
-584
-638
-698
-702
-747
-732
-715
-660
-636
-726
-767
-854
-861
-872
-981
-962
-964
-1074
-1062
-997
-1033
-979
-900
-924
-937
-965
-948
-869
-889
-930
-963
-989
-945
-908
-849
-846
-882
-796
-762
-822
-720
-607
-603
-580
-500
-329
-290
-308
-213
-157
-156
-202
-251
-129
-87
-117
14
-14
45
233
230
295
328
302
407
401
421
533
594
727
803
774
792
862
798
744
731
696
745
771
802
828
878
867
835
923
891
786
819
865
823
769
693
753
841
866
927
915
907
866
826
717
618
577
484
544
517
523
616
574
586
622
561
511
514
373
280
274
249
322
349
308
237
206
209
156
99
18
-65
-117
-174
-255
-326
-401
-433
-426
-437
-439
-489
-483
-543
-607
-597
-717
-705
-741
-871
-784
-767
-750
-673
-746
-771
-774
-816
-815
-847
-849
-867
-944
-941
-903
-913
-930
-881
-835
-813
-777
-759
-762
-762
-745
-748
-735
-729
-698
-666
-620
-514
-511
-500
-398
-329
-278
-237
-287
-283
-218
-188
-137
-66
7
44
52
108
244
250
209
213
210
189
162
216
182
208
322
424
494
472
578
688
693
620
530
555
583
559
539
606
670
662
697
770
812
779
793
825
763
706
772
732
612
730
804
741
758
727
746
846
728
666
745
672
666
666
591
568
406
342
418
357
366
369
308
314
246
89
76
96
28
-19
-85
-95
-150
-292
-281
-236
-280
-319
-351
-347
-299
-317
-465
-495
-465
-434
-408
-580
-637
-615
-622
-674
-772
-703
-705
-813
-814
-720
-623
-607
-577
-602
-573
-489
-592
-577
-646
-734
-601
-675
-706
-628
-639
-625
-623
-599
-589
-593
-494
-498
-599
-565
-542
-527
-504
-485
-465
-476
-370
-246
-202
-200
-158
-108
-63
-112
-173
-137
-204
-193
-133
-104
-16
-8
-21
34
20
48
143
125
123
233
285
229
231
287
286
341
456
469
474
511
564
577
519
577
626
612
673
703
666
718
774
708
722
746
698
725
740
773
819
751
764
739
669
679
639
625
552
509
526
490
495
442
418
397
330
362
350
339
307
238
244
258
309
297
281
303
240
195
115
61
36
-40
-53
-87
-130
-96
-61
-77
-104
-147
-170
-168
-227
-274
-322
-336
-359
-456
-414
-488
-626
-537
-528
-497
-502
-551
-509
-630
-700
-710
-805
-755
-683
-697
-658
-715
-719
-617
-684
-666
-642
-667
-609
-632
-639
-664
-650
-585
-517
-468
-424
-358
-323
-250
-290
-350
-324
-299
-227
-298
-396
-263
-283
-364
-163
-53
-37
-21
-18
29
-26
-50
-57
-83
-8
35
77
156
195
226
199
186
237
288
344
392
464
479
450
480
518
492
477
487
470
442
386
361
386
444
469
494
541
516
568
651
591
611
669
646
685
592
509
556
549
565
554
567
591
630
685
635
544
450
386
342
337
308
275
284
228
256
318
241
226
253
158
104
106
114
136
20
-48
-8
-66
-105
-140
-189
-212
-258
-247
-304
-418
-394
-361
-395
-420
-441
-541
-548
-480
-555
-618
-625
-596
-496
-448
-486
-546
-567
-598
-634
-562
-544
-545
-504
-526
-461
-434
-491
-477
-492
-450
-326
-318
-354
-375
-405
-326
-267
-323
-359
-360
-365
-344
-242
-223
-194
-147
-248
-253
-208
-160
-76
-97
-82
6
-47
-45
85
88
136
101
119
222
161
184
206
259
293
287
260
196
227
251
332
368
377
376
379
455
431
475
484
474
522
467
425
428
456
445
451
403
401
437
336
426
471
370
383
332
273
292
358
462
403
330
354
263
296
293
177
198
149
170
241
182
134
157
210
176
125
93
52
98
91
-68
-131
-89
-115
-171
-169
-143
-150
-158
-174
-180
-172
-228
-247
-205
-236
-282
-267
-269
-224
-219
-324
-274
-269
-311
-327
-421
-384
-438
-453
-391
-405
-314
-348
-317
-214
-343
-314
-268
-402
-366
-377
-418
-363
-362
-411
-421
-364
-372
-355
-320
-274
-260
-318
-313
-254
-201
-212
-217
-193
-150
-121
-109
-122
-129
-33
-51
-45
40
-4
48
121
110
120
137
217
304
259
219
255
301
276
172
170
177
193
201
187
250
266
310
394
381
334
361
319
246
270
297
290
272
302
280
247
275
288
291
286
289
303
270
286
374
367
380
401
361
312
247
196
139
121
91
111
168
141
173
156
155
270
222
151
148
110
78
32
13
1
-78
-102
-29
-76
-154
-155
-240
-281
-253
-207
-165
-194
-193
-130
29
3
-151
-115
-121
-183
-191
-277
-328
-324
-392
-400
-389
-370
-335
-353
-315
-239
-192
-217
-299
-328
-316
-371
-383
-386
-446
-380
-306
-288
-229
-250
-274
-196
-202
-185
-120
-108
10
-47
-145
-97
-113
-82
-125
-149
-179
-157
-70
-78
-17
-70
-39
50
57
187
175
119
163
185
241
225
173
171
110
48
29
97
78
72
197
94
-20
38
142
178
102
138
182
133
152
149
76
72
182
206
134
173
151
121
166
137
191
235
277
352
358
411
383
315
393
372
236
169
151
154
145
139
85
86
103
79
111
141
209
250
251
279
305
268
204
134
78
49
-14
6
28
15
63
36
43
-3
-77
72
144
42
-24
14
26
8
-17
-105
-124
-70
-54
-99
-101
-133
-158
-119
-127
-91
-115
-181
-139
-78
-105
-214
-227
-200
-235
-253
-324
-335
-281
-302
-309
-323
-322
-364
-402
-276
-275
-214
-158
-267
-228
-199
-152
-184
-255
-230
-261
-265
-328
-373
-300
-264
-258
-207
-178
-145
-81
-120
-63
-49
-181
-162
-146
-147
-141
-188
-178
-227
-265
-118
-41
-61
-29
-70
-116
-39
27
42
114
141
188
204
141
195
88
65
166
42
136
229
163
279
308
306
366
349
359
363
350
344
346
306
222
253
278
253
289
256
174
197
218
207
274
315
246
203
246
265
315
309
181
193
207
146
161
138
98
95
119
164
205
162
125
211
254
189
132
131
84
6
-48
-85
-106
-86
-48
-71
-44
-39
-7
50
-27
-67
-26
-21
-127
-202
-166
-120
-122
-201
-226
-234
-190
-144
-271
-301
-257
-275
-241
-249
-237
-174
-189
-177
-201
-285
-302
-299
-254
-211
-249
-338
-307
-227
-293
-293
-223
-184
-146
-150
-147
-189
-266
-222
-162
-157
-181
-249
-219
-200
-173
-32
-43
-123
-96
-14
8
-2
26
37
73
43
39
97
99
57
-16
53
87
41
44
54
122
123
131
193
173
149
129
130
160
174
156
143
124
127
131
33
77
132
142
228
225
262
261
242
253
191
270
263
195
246
176
129
75
159
284
188
159
168
198
263
305
241
208
228
146
126
145
131
80
76
63
70
99
140
70
-69
-41
-23
16
19
-8
-28
-39
-55
-70
-61
-98
-108
-148
-124
-111
-147
-194
-219
-165
-132
-127
-216
-268
-248
-202
-136
-196
-248
-222
-272
-283
-242
-192
-135
-197
-247
-275
-289
-210
-146
-167
-220
-229
-206
-191
-154
-99
-90
-80
-59
-47
-107
-156
-80
-56
-97
-69
-70
-94
-19
-19
-39
41
8
-25
29
9
-4
-15
-47
-1
35
23
56
92
63
56
99
114
47
8
85
86
78
149
210
224
121
138
203
169
239
249
150
155
199
190
206
204
167
192
199
215
266
267
306
242
177
222
234
268
197
99
150
147
111
176
31
-86
83
39
-30
-3
27
94
37
83
46
-64
-35
-71
-7
11
-50
6
-21
-45
-34
-87
-111
-127
-153
-168
-89
-38
-125
-173
-128
-157
-226
-126
-138
-158
-124
-203
-169
-160
-217
-240
-247
-191
-144
-178
-184
-169
-161
-141
-158
-135
-57
-65
-88
-35
-134
-184
-92
-116
-133
-136
-108
-72
-87
-36
-53
-128
-96
-43
-56
-54
60
42
-32
26
21
14
26
0
-59
-58
-26
-14
17
-9
-2
20
84
121
91
124
127
93
79
131
144
114
46
-20
9
17
97
154
153
159
128
179
199
211
267
199
191
234
192
209
195
126
107
63
8
7
16
64
83
10
68
101
43
107
123
51
3
46
80
27
0
-23
-39
-55
-105
-89
-43
-35
-17
30
69
-6
-12
47
25
2
-14
10
-55
-83
-25
-83
-93
-67
-78
-51
-51
-73
-42
-32
-29
-33
-79
-72
-72
-86
-52
-58
-59
-40
-46
-57
-121
-158
-95
-69
-74
-94
-130
-153
-147
-61
-31
-27
18
-11
-44
-53
-99
-89
-44
-67
-74
-93
-35
23
-48
-19
-20
-91
6
75
3
-53
-22
87
115
43
27
33
-33
-68
-14
-5
-20
2
2
-8
51
135
126
118
70
35
121
66
19
90
84
87
-15
-27
63
50
40
28
66
55
50
45
4
0
26
70
8
23
93
26
4
-18
1
2
-62
-14
-12
15
-20
-38
39
-58
-56
6
-17
-29
-38
49
22
-99
-34
-40
-33
54
70
76
55
90
51
52
35
-6
34
-33
24
64
17
40
55
101
9
-61
25
56
60
33
17
39
-22
-75
-52
-75
-23
72
19
-32
-26
-5
4
20
21
8
84
50
-51
-59
-20
17
8
-20
-53
-31
-38
-51
-5
-20
-74
-30
1
-11
8
10
27
-18
-32
-41
-44
16
-58
-97
-79
-66
-21
-42
-20
-10
-111
-161
-61
-3
-46
1
-23
-52
-23
-86
-68
-69
-84
-58
-23
77
41
-4
2
-54
-37
-34
-64
-44
42
115
57
43
61
-20
-47
-3
-21
-54
-25
14
-13
20
5
-37
96
68
31
93
28
72
77
31
80
73
113
97
55
67
37
33
41
64
119
148
143
143
103
64
62
100
116
63
60
61
50
74
107
116
3
-58
7
23
65
96
86
60
42
86
29
-2
-5
-8
75
26
-20
36
37
-42
-15
19
-39
-43
-60
9
-1
-28
45
-2
-10
-42
-40
-24
-33
29
-2
-6
-17
-83
-45
-71
-104
-46
-54
-37
-71
-122
-67
-38
-57
-112
-118
-141
-111
-51
-148
-170
-102
-75
-65
-115
-115
-141
-187
-87
-48
-121
-160
-149
-111
-66
-15
-47
-82
-24
-61
-120
-94
-48
-8
-28
-72
-82
-101
-43
50
12
-15
-24
-42
-38
1
26
32
27
51
117
45
26
4
-1
53
-9
45
75
81
94
3
3
49
88
98
45
48
115
131
55
37
54
25
29
18
1
32
58
38
37
46
59
68
16
14
49
126
123
64
108
80
46
20
8
57
22
-19
-44
-2
88
41
58
102
52
62
28
52
123
32
-4
33
2
-20
0
54
25
-8
25
20
-28
-38
20
34
42
74
95
40
-12
6
-38
-92
-81
-55
10
-8
-132
-129
-50
25
-26
-125
-116
-90
-39
-77
-41
20
-77
-75
-87
-96
-52
-73
-102
-104
-50
-37
-26
-26
-97
-10
49
-27
-10
-18
-27
-42
-23
9
-21
-17
-63
-65
-31
-63
-4
-26
-66
74
37
-32
54
-31
-29
72
-4
0
29
11
-14
-65
-63
-19
-13
-29
36
19
-47
-40
-42
-43
-50
-53
-12
60
45
-32
-38
-38
-5
45
26
83
103
75
113
91
118
78
48
99
44
68
79
27
79
118
103
97
113
95
26
52
111
12
7
96
68
96
1
-37
102
20
-20
14
32
129
119
73
81
41
3
81
123
90
69
20
-48
-84
-49
-65
-41
12
-52
-52
-15
-25
5
-53
-82
-34
-137
-91
-15
-68
-79
-127
-85
-123
-180
-113
-76
-89
-136
-65
0
17
-9
-76
-67
-81
-47
-48
-115
-106
-75
-73
-103
-65
-58
-45
-7
-21
2
-24
13
59
22
53
41
-44
-100
-46
-59
-96
13
32
-52
-85
-62
-102
-83
22
10
29
-17
-97
-44
-6
58
69
-17
-111
-47
38
-39
-5
60
48
39
69
89
79
136
198
111
56
121
101
73
57
80
78
20
28
-16
-15
58
65
94
116
53
6
-27
11
86
28
15
32
-4
69
99
80
108
60
-10
24
90
107
153
161
55
19
77
119
94
79
52
-21
-10
15
21
-19
-61
-5
-28
-88
-70
-93
-78
1
14
-54
-108
-74
-105
-85
29
27
-37
-129
-107
-54
-102
-18
16
-20
-41
-8
42
-85
-129
-54
28
59
-9
-57
-66
7
51
-36
-72
-86
-23
21
-51
-35
-60
-74
-14
-39
-53
-63
-70
-3
-35
-13
12
-69
-39
-75
-56
33
24
-40
-101
-92
-59
-25
12
102
65
22
66
30
61
109
69
60
64
-10
17
4
4
107
26
-1
-1
-36
2
9
1
2
50
52
10
6
-10
-12
-9
20
4
-1
45
3
2
15
77
120
52
80
89
92
73
56
142
138
66
79
109
64
-44
-54
54
15
-1
7
-49
-1
44
42
-16
-23
1
-18
-70
-94
-45
-87
-77
-82
-77
10
-33
-39
-22
-25
-31
-90
-5
39
-53
-10
23
-13
-25
9
27
-32
-13
-24
-44
19
16
-37
-51
-46
-62
-26
2
-28
-40
-25
-16
1
-29
-28
7
-89
-91
-49
-20
12
-33
-40
-54
4
18
-9
43
56
6
-36
46
85
65
41
33
6
-19
50
24
17
68
68
28
-27
0
-9
-45
32
20
-81
-65
-49
-47
-2
-44
-68
-9
7
-20
-67
-155
-130
-44
-54
-28
24
3
-28
20
59
11
21
45
70
54
-7
82
100
72
76
-30
3
62
26
60
51
56
31
-42
-13
-14
-54
-36
-5
-11
-1
5
-34
-30
-39
-62
-10
-3
-35
-60
-41
35
-17
16
71
15
78
101
28
-12
12
90
94
53
44
-7
-36
-38
34
90
26
52
80
-29
-18
9
2
61
37
48
-26
-13
17
-73
-18
-58
-53
82
60
12
-6
-55
-24
-12
5
70
8
-1
69
46
73
67
-36
-5
10
33
42
-24
26
22
-46
-29
34
-27
-34
34
28
65
-32
-80
-101
-130
-38
-94
-124
-130
-113
-49
-97
-74
-32
-28
-12
-49
-81
-104
-63
3
11
34
51
17
12
-3
-46
50
24
-35
46
30
67
11
-44
35
2
27
-3
-38
23
-21
21
12
-49
-40
-44
-53
-78
-32
-35
-8
83
-7
-59
4
21
30
27
62
18
3
50
47
98
56
-3
31
49
36
38
51
-3
-22
17
53
99
39
20
63
38
31
2
-25
-68
5
81
8
-6
-40
10
-1
-57
-10
-54
50
101
50
81
-8
30
74
3
53
26
39
31
-41
10
-13
14
45
-4
39
54
16
-6
-18
1
63
58
21
2
-79
-46
-43
-79
-35
-74
-75
-87
-116
-39
22
-51
-104
-4
29
-17
-25
-4
-18
19
-31
-98
-45
-60
7
-23
-65
-21
-23
31
-7
13
25
-29
-11
7
-33
-36
62
29
-60
-58
-97
-212
-123
-3
-66
-20
-13
-61
-61
-72
-1
32
22
70
58
14
-19
-14
76
75
-5
-32
-84
-65
50
127
99
27
70
85
19
74
68
-9
46
19
-4
39
-49
-29
-21
-54
44
-53
-45
63
-64
-42
53
123
137
48
21
16
2
26
106
79
24
-21
-93
18
89
16
41
67
26
11
38
66
87
67
-10
19
78
36
-14
-30
-32
-78
-108
-79
-54
-7
1
1
47
46
-4
-53
-11
11
4
30
18
-13
-57
