-3
-1
1
1
0
-1
-1
-4
-6
-8
-5
1
3
-2
-8
-6
0
0
-3
-5
0
1
1
-3
0
-4
-5
-5
-2
1
-2
-4
-3
-2
-1
-4
-1
-2
-4
-4
-4
-4
-3
-6
-10
-6
-7
-9
-8
-4
-3
-4
-4
-6
-5
-9
-8
-6
-9
-8
-2
-1
-1
1
2
1
0
0
-4
-2
-2
2
-4
-4
-8
-4
0
-4
-4
-5
-3
-3
-3
-4
-3
-3
-7
-4
-4
-3
-3
-2
0
-1
-4
-4
-1
-4
0
1
0
2
3
3
1
1
2
3
-2
4
4
5
2
1
4
2
2
1
0
2
0
0
4
3
1
0
1
1
3
4
3
1
1
0
3
5
2
4
3
5
6
6
6
5
7
8
4
4
5
7
4
5
6
6
5
3
3
3
4
2
6
5
4
4
4
4
5
4
7
9
2
-4
-3
0
6
9
1
-3
-5
1
4
4
-1
-7
-3
4
6
1
-1
-4
1
6
3
3
-3
0
2
7
5
0
0
2
8
9
6
3
4
7
9
6
5
3
6
7
14
17
9
10
10
11
10
8
9
10
9
9
12
9
8
7
10
12
10
13
9
7
11
10
9
11
11
10
15
14
13
13
14
14
16
17
13
14
12
14
16
14
12
16
16
16
13
13
13
14
13
15
12
11
11
17
12
12
14
11
15
13
14
14
16
16
20
18
18
18
16
17
20
19
17
17
15
16
15
14
13
17
16
20
14
14
14
13
16
17
16
12
12
12
14
15
14
13
13
13
13
14
13
14
12
14
10
11
10
10
13
14
12
13
13
14
13
12
15
10
12
12
13
12
14
11
10
11
12
14
11
12
9
11
12
12
11
13
13
12
10
11
13
9
10
8
7
8
7
5
2
-1
-1
1
3
4
0
3
0
1
-3
-4
4
0
2
-4
-5
3
6
2
2
-2
-2
-2
2
2
-1
-1
-2
-5
-2
1
0
-1
-2
-1
-4
-3
-1
-4
-6
-4
-4
-5
-6
-6
-4
-4
-3
-6
-6
-9
-5
-5
-3
-2
-6
-2
-2
-4
-4
1
3
2
-6
-5
3
4
7
-2
-3
-1
1
3
7
7
3
0
-1
5
3
6
4
6
10
8
6
4
4
9
6
5
4
1
6
8
9
9
9
6
8
9
13
11
13
16
11
7
10
14
14
17
15
14
15
12
17
20
15
15
13
9
12
15
17
20
15
11
16
15
13
16
16
14
15
15
15
18
15
20
19
20
17
15
14
13
15
17
14
15
13
12
14
14
16
16
18
18
16
16
17
17
17
18
19
19
18
18
17
14
19
20
16
21
20
18
16
17
14
12
15
14
18
20
16
12
14
16
17
17
19
18
17
16
16
15
16
16
17
23
23
18
21
16
16
19
22
24
23
21
22
24
22
23
22
19
18
19
20
18
16
19
16
17
18
17
20
16
18
19
15
18
18
18
17
17
16
16
18
16
17
15
14
15
16
15
12
13
13
14
13
14
12
12
11
7
7
8
9
10
9
9
12
8
8
8
8
10
13
15
12
11
9
13
9
8
10
7
9
11
11
11
9
9
8
6
4
4
7
7
11
8
7
7
9
7
9
11
12
12
10
12
12
11
10
14
5
12
8
8
5
11
10
15
11
12
6
6
6
3
6
7
10
9
10
10
12
7
5
8
3
4
8
10
10
6
8
9
10
9
8
9
6
10
13
11
13
12
10
5
8
11
11
11
9
10
11
8
7
8
5
4
7
8
7
9
7
9
9
8
6
6
5
3
5
5
5
5
6
10
10
9
9
6
6
10
18
17
11
6
1
-1
-2
-2
1
5
13
14
17
14
15
8
8
8
4
7
9
13
12
11
14
9
9
4
7
8
8
11
15
20
16
19
17
19
19
14
12
9
10
9
12
15
16
18
21
19
20
18
17
16
15
16
17
16
16
21
16
19
20
18
14
15
15
16
21
23
27
30
32
27
23
18
11
15
21
58
82
76
39
-5
-38
-47
-59
-19
19
68
98
118
119
72
28
-28
-58
-76
-67
-24
22
74
98
109
102
63
26
-8
-32
-38
-30
-9
12
34
49
55
62
63
53
40
25
8
-7
-16
-22
-15
4
27
53
68
77
68
52
33
11
-2
-9
-9
-2
7
22
35
51
61
61
57
40
26
14
4
-1
2
5
15
25
35
44
48
48
43
31
20
16
9
4
4
10
16
24
31
37
38
40
36
30
27
19
14
15
15
15
20
24
26
28
34
37
35
30
25
24
23
18
16
13
14
13
14
21
26
32
35
36
31
30
24
18
12
7
8
8
12
15
19
24
28
27
28
26
18
16
12
10
8
7
6
11
18
19
25
26
24
22
20
16
11
9
6
7
7
9
12
14
15
19
19
18
16
15
10
7
3
5
2
3
7
5
9
11
15
16
16
15
9
3
6
3
0
2
7
9
15
14
18
18
16
14
15
15
11
12
8
7
5
6
7
8
8
9
11
9
12
10
6
8
8
6
4
2
2
2
3
4
3
4
5
6
8
9
7
8
8
10
8
7
9
6
7
5
5
7
11
11
8
11
11
10
9
5
4
5
5
4
4
6
6
8
9
8
10
9
8
4
4
7
5
1
2
5
8
8
4
6
6
8
6
7
8
9
9
11
13
13
12
15
11
10
11
8
10
9
7
9
7
3
4
5
4
5
1
4
3
4
3
1
0
1
3
4
7
2
3
2
4
2
3
1
2
2
0
1
2
5
2
1
2
5
4
5
4
4
5
4
6
8
7
4
4
4
3
0
3
5
10
12
6
6
3
2
0
3
3
-4
-2
2
-3
3
2
2
2
-1
3
4
2
-1
1
1
6
2
5
10
7
8
7
10
11
9
5
4
9
5
8
8
6
9
3
6
2
2
6
3
3
5
6
4
4
1
10
0
-4
-1
-3
-1
-1
-1
5
4
0
1
0
2
1
-1
1
1
-2
-3
-4
-4
-3
-5
-1
-1
0
4
3
0
1
-3
-5
-3
-3
-2
-3
-3
0
2
0
-3
-5
-4
-5
-3
0
-3
-4
-4
-4
-3
-6
-9
-9
-8
-7
-5
-4
-2
-1
-2
-2
-5
-3
-3
-1
-4
-5
-6
-6
-6
-8
-5
-3
-4
-5
-3
-1
-3
-3
-1
1
-1
-4
-4
-3
-1
-3
-7
-4
0
-4
-3
-4
-4
-5
-10
-8
-5
-6
-7
-6
-5
-8
-7
-9
-9
-7
-8
-7
-10
-5
-1
-3
-4
-2
-3
-2
-5
-1
-2
-6
-5
-6
-6
-8
-5
-4
-6
-5
-5
-7
-8
-8
-8
-7
-9
-8
-11
-10
-9
-11
-10
-11
-12
-12
-11
-12
-10
-23
-14
-13
-7
7
-14
-6
-2
-12
0
-6
-16
-9
-16
-11
1
-23
-20
-17
-15
4
-7
-15
-8
-16
-8
-5
-13
-2
-11
-15
-6
-6
-6
-8
-19
-13
-9
-11
-7
-13
-6
-2
-9
-15
-5
-13
1
-1
-7
2
-16
-9
-5
-10
-4
-7
-18
-1
-3
-3
0
-15
-2
-4
-3
-2
-6
-8
1
-1
1
0
-8
-4
-6
-2
5
-1
-6
-2
-2
0
-2
-7
-5
-6
-2
-2
-3
-3
-2
-8
-6
-2
-6
-4
-4
-1
-1
-7
-3
2
-3
-2
-6
-5
3
2
1
-1
-3
-2
-1
-3
-5
-2
1
-2
-1
-3
0
2
-2
-3
-3
-3
-3
-4
2
2
0
-2
-3
-1
1
-2
-1
-2
-2
2
0
2
2
4
7
5
6
6
6
5
8
7
6
6
6
8
9
10
10
10
10
8
6
5
5
5
3
4
5
9
5
0
3
8
10
9
9
10
13
11
12
12
10
12
9
8
7
5
3
5
5
5
5
6
7
7
9
10
7
3
4
5
4
3
3
2
2
1
0
2
0
1
3
3
3
1
1
2
3
0
0
1
3
8
4
-3
-9
2
14
9
-5
-12
-4
10
5
-2
-8
-2
3
3
-2
-5
3
2
2
-1
1
0
4
2
0
3
1
2
6
6
2
-4
-2
3
0
-3
-10
-7
0
2
-2
-7
-4
2
3
1
0
0
3
-1
1
1
2
4
3
-1
2
4
5
4
6
8
3
2
3
4
4
3
-1
7
7
8
4
-2
5
5
4
-1
-4
-1
-2
-3
-2
1
-5
-2
-4
-4
-5
-3
-4
-8
-4
-2
0
-1
-4
-1
-1
-2
1
1
0
-2
-5
-2
4
0
-4
-3
-1
0
-4
-4
-4
-1
1
-1
1
-3
0
-1
-1
-1
0
2
3
4
1
4
4
3
3
3
6
7
6
5
4
8
8
7
9
8
8
7
8
6
5
9
7
11
8
7
11
9
9
5
6
6
3
5
5
5
4
7
6
4
5
7
5
5
8
8
7
5
3
1
1
1
2
-2
-2
-1
-1
-1
-5
-3
-5
-4
-3
-3
-2
0
-1
1
-1
-2
3
1
-1
0
2
-1
-2
-5
0
0
0
6
-2
-1
-1
-4
-3
-4
-5
-8
-8
-8
-11
-4
-3
-8
-7
-3
-1
0
-2
-6
-6
-3
-4
-5
-3
2
1
3
2
2
4
2
2
0
0
0
0
0
-3
2
-2
-1
-4
-6
-3
-1
1
-4
-1
0
0
0
1
2
-1
-2
-2
-1
-4
0
-1
-1
-4
-4
-2
-4
-5
-1
-3
-1
-1
-2
-3
-4
-2
-1
-2
-1
2
0
0
-2
2
0
0
-2
-1
-1
-4
-2
-3
0
-1
-4
-2
-1
0
3
-2
-3
1
-1
-1
-4
-3
-1
-3
-5
-3
1
-3
-2
-4
-3
-4
-5
-3
-5
-4
-5
-4
-2
-2
-6
-6
-4
-3
-3
-5
-2
-2
-4
-7
-6
-6
-3
-7
-7
-4
-5
-5
-9
-11
-12
-11
-11
-12
-15
-15
-12
-14
-14
-14
-18
-16
-20
-18
-18
-20
-24
-17
-17
-20
-23
-19
-18
-16
-15
-18
-18
-19
-18
-19
-18
-17
-19
-18
-18
-21
-21
-18
-19
-19
-19
-23
-22
-22
-25
-25
-25
-26
-23
-25
-23
-22
-23
-21
-22
-25
-27
-24
-25
-25
-25
-25
-24
-21
-20
-23
-23
-24
-27
-26
-27
-25
-21
-23
-24
-24
-22
-24
-26
-26
-31
-26
-24
-25
-24
-26
-26
-25
-23
-24
-25
-23
-22
-22
-21
-22
-23
-24
-23
-21
-22
-22
-22
-21
-23
-25
-19
-19
-21
-18
-21
-16
-18
-23
-18
-21
-20
-20
-18
-20
-18
-18
-16
-16
-17
-17
-18
-20
-21
-19
-20
-19
-18
-18
-19
-23
-22
-21
-20
-21
-19
-21
-20
-21
-21
-21
-24
-22
-24
-24
-26
-24
-26
-25
-23
-24
-22
-22
-21
-19
-19
-16
-14
-14
-12
-12
-13
-11
-10
-11
-14
-11
-11
-12
-12
-10
-10
-15
-13
-11
-13
-10
-10
-13
-13
-12
-10
-9
-11
-10
-13
-13
-10
-11
-14
-14
-16
-17
-13
-13
-13
-14
-11
-8
-8
-5
-8
-4
-2
-4
-5
-8
-6
-3
-3
-4
-7
-7
-1
-3
-7
-10
-8
-8
-5
-5
-9
-6
-5
-2
-5
-10
-8
-11
-8
-9
-7
-6
-10
-9
-5
-8
-6
-10
-8
-5
-3
-6
-8
-7
-7
-6
-4
-7
-7
-11
-10
-11
-12
-13
-17
-17
-14
-16
-14
-11
-14
-12
-15
-18
-14
-11
-13
-12
-12
-15
-15
-16
-19
-18
-18
-15
-20
-23
-19
-18
-15
-17
-16
-15
-15
-14
-14
-16
-13
-14
-15
-15
-15
-15
-17
-17
-17
-17
-17
-17
-19
-18
-15
-17
-16
-15
-16
-16
-15
-17
-17
-18
-19
-15
-15
-19
-21
-19
-22
-23
-18
-21
-20
-19
-16
-20
-22
-19
-19
-23
-22
-18
-22
-24
-21
-20
-18
-15
-16
-14
-17
-15
-15
-17
-16
-16
-16
-17
-15
-15
-15
-10
-13
-16
-16
-16
-17
-20
-17
-18
-22
-19
-17
-18
-17
-14
-17
-19
-16
-19
-19
-23
-19
-20
-20
-18
-18
-16
-19
-18
-16
-17
-17
-17
-13
-13
-11
-13
-14
-16
-14
-13
-17
-18
-20
-16
-19
-19
-19
-19
-21
-22
-18
-21
-17
-19
-18
-18
-17
-16
-16
-18
-17
-16
-16
-17
-20
-20
-19
-21
-20
-18
-17
-17
-16
-17
-15
-16
-16
-15
-20
-19
-17
-19
-19
-21
-22
-19
-22
-24
-24
-21
-21
-18
-23
-21
-19
-21
-18
-19
-20
-20
-18
-19
-20
-21
-21
-23
-20
-23
-25
-22
-21
-23
-23
-22
-23
-23
-21
-22
-20
-21
-20
-18
-18
-21
-20
-20
-17
-17
-17
-14
-18
-16
-17
-17
-14
-16
-14
-10
-14
-14
-12
-12
-18
-15
-18
-18
-21
-21
-18
-21
-18
-18
-17
-18
-17
-20
-15
-16
-18
-17
-16
-16
-13
-15
-11
-9
-10
-11
-10
-8
-11
-11
-12
-13
-11
-9
-9
-9
-8
-9
-10
-11
-9
-12
-11
-15
-15
-13
-13
-11
-12
-10
-12
-13
-14
-15
-15
-13
-11
-10
-13
-12
-11
-10
-13
-14
-12
-9
-9
-12
-9
-8
-11
-9
-7
-9
-6
-6
-5
-4
-8
-10
-11
-9
-10
-9
-9
-11
-8
-7
-10
-13
-14
-14
-12
-10
-8
-11
-9
-11
-11
-14
-15
-14
-16
-13
-14
-13
-16
-16
-14
-15
-17
-19
-13
-17
-16
-17
-16
-18
-19
-17
-18
-16
-16
-15
-15
-17
-17
-18
-16
-16
-17
-16
-17
-16
-20
-18
-15
-17
-17
-19
-19
-22
-23
-23
-24
-21
-23
-24
-23
-23
-25
-24
-23
-24
-25
-31
-27
-28
-24
-23
-24
-25
-24
-21
-27
-26
-26
-25
-24
-22
-22
-21
-24
-27
-25
-27
-25
-23
-26
-27
-27
-25
-27
-29
-28
-29
-28
-29
-25
-24
-26
-24
-25
-26
-27
-27
-28
-29
-27
-27
-26
-23
-24
-23
-24
-25
-24
-24
-28
-28
-25
-24
-23
-26
-27
-27
-28
-25
-27
-29
-27
-26
-25
-28
-27
-24
-25
-25
-26
-23
-22
-22
-21
-21
-20
-22
-21
-21
-22
-21
-21
-18
-18
-15
-19
-18
-18
-18
-17
-18
-16
-18
-19
-19
-18
-19
-20
-17
-18
-16
-15
-14
-13
-12
-14
-15
-15
-19
-17
-16
-15
-17
-15
-15
-13
-14
-15
-13
-16
-16
-17
-18
-14
-11
-13
-14
-13
-15
-16
-16
-14
-17
-17
-14
-14
-16
-16
-13
-12
-11
-11
-11
-11
-10
-8
-9
-7
-8
-10
-10
-9
-9
-10
-11
-10
-5
-11
-10
-8
-13
-13
-13
-14
-17
-17
-11
-12
-13
-11
-12
-14
-12
-13
-11
-13
-13
-13
-12
-10
-13
-12
-13
-10
-9
-9
-8
-7
-8
-8
-12
-10
-10
-11
-10
-7
-5
-7
-6
-6
-10
-11
-9
-14
-10
-9
-7
-10
-10
-8
-10
-14
-14
-11
-11
-9
-10
-10
-8
-10
-10
-9
-8
-8
-7
-5
-6
-9
-7
-9
-10
-10
-9
-11
-10
-10
-7
-7
-9
-10
-14
-11
-8
-9
-10
-9
-12
-8
-9
-11
-13
-9
-8
-8
-6
-10
-8
-9
-11
-10
-11
-12
-11
-7
-10
-8
-8
-9
-7
-8
-11
-13
-8
-9
-12
-11
-9
-10
-9
-9
-11
-10
-11
-9
-11
-10
-8
-8
-9
-8
-7
-10
-9
-8
-7
-6
-3
-5
-8
-8
-12
-12
-10
-13
-9
-13
-15
-13
-16
-15
-14
-15
-16
-14
-15
-19
-15
-14
-14
-11
-12
-9
-5
-5
-4
-4
-9
-11
-10
-8
-10
-10
-9
-14
-18
-15
-15
-16
-14
-15
-13
-15
-14
-16
-18
-17
-20
-20
-17
-16
-15
-13
-15
-15
-14
-14
-16
-14
-16
-13
-12
-10
-11
-14
-12
-14
-14
-13
-13
-15
-15
-14
-14
-17
-15
-15
-17
-15
-16
-16
-16
-13
-16
-14
-15
-18
-16
-17
-15
-17
-16
-15
-14
-16
-14
-14
-15
-18
-17
-13
-17
-15
-15
-14
-12
-15
-11
-13
-15
-13
-14
-14
-12
-16
-14
-14
-15
-14
-18
-17
-12
-13
-14
-14
-13
-14
-16
-18
-19
-15
-14
-16
-19
-21
-18
-21
-22
-24
-21
-17
-18
-19
-19
-21
-20
-23
-22
-23
-23
-23
-23
-22
-20
-20
-20
-19
-17
-19
-17
-18
-18
-17
-17
-17
-22
-19
-20
-17
-20
-19
-19
-19
-18
-18
-15
-12
-13
-15
-15
-15
-15
-14
-15
-16
-15
-17
-17
-14
-13
-13
-13
-12
-13
-12
-10
-10
-12
-13
-11
-12
-9
-11
-12
-11
-8
-9
-7
-8
-8
-8
-5
-3
-4
-3
-2
-4
0
-1
-2
-2
-2
-3
-8
-6
-4
-3
-7
-4
-2
-4
-2
-5
-6
-5
-8
-7
-4
-5
-6
-8
-7
-5
-7
-6
-8
-4
-5
-6
-2
-4
-2
-2
2
-2
-2
0
0
-1
-3
-3
-8
-5
-9
-8
-7
-7
-9
-7
-5
-7
-6
-6
-8
-8
-8
-8
-7
-4
-7
-9
-7
-11
-11
-7
-5
-6
-7
-7
-6
-3
-3
-5
-5
0
-1
0
-3
-2
-7
-21
-4
8
8
8
-9
-23
-1
-10
-9
13
-6
-9
-5
-18
1
4
-1
0
-1
-9
-7
-1
3
1
-3
-4
-15
-12
-2
-7
-3
-3
-22
-14
-14
-18
-5
-11
-13
-13
-16
-8
-1
2
1
-2
-6
-7
-4
2
-1
-4
-2
-13
-14
-10
-12
-13
-10
-16
-15
-15
-17
-11
-11
-12
-13
-12
-11
-8
-6
-3
-5
-4
-12
-13
-7
-9
-12
-8
-11
-16
-13
-11
-11
-8
-8
-10
-11
-9
-7
-5
-3
-8
-10
-12
-17
-18
-18
-22
-24
-23
-25
-23
-18
-15
-10
-5
-6
-5
-3
1
5
8
7
6
5
8
6
2
-1
-7
-12
-20
-22
-25
-29
-32
-32
-34
-32
-29
-21
-15
-8
-2
0
4
10
17
17
18
11
10
11
6
4
3
1
-5
-10
-12
-16
-16
-21
-24
-26
-26
-21
-21
-23
-22
-19
-17
-15
-12
0
4
10
10
12
16
20
18
13
13
10
14
9
9
13
13
19
21
23
32
32
28
21
14
11
9
1
-11
-14
-8
-6
-9
-7
8
36
63
77
87
102
123
131
127
118
109
96
69
33
6
-13
-37
-63
-81
-92
-88
-86
-82
-73
-52
-36
-32
-25
-14
3
7
4
-5
-12
-11
-19
-18
-26
-25
-22
-16
-2
7
21
38
43
43
33
33
38
25
8
-18
-16
-22
-32
-42
-48
-43
-37
-44
-42
-30
-19
-10
-13
-5
8
20
19
23
28
36
38
27
19
17
17
13
11
10
11
7
-2
-13
-15
-25
-37
-39
-38
-38
-39
-38
-30
-21
-10
-16
-13
5
14
24
27
24
29
30
29
28
28
29
20
11
-3
-15
-27
-34
-46
-54
-63
-68
-59
-41
-25
-11
1
19
35
53
68
74
75
60
47
21
2
-29
-61
-90
-106
-112
-108
-94
-60
-21
16
46
69
102
115
116
95
75
47
10
-43
-89
-133
-159
-188
-211
-219
-203
-169
-140
-107
-80
-47
-16
14
35
46
62
69
65
58
46
62
74
65
43
17
9
0
-23
-55
-87
-103
-131
-158
-173
-174
-157
-161
-156
-147
-109
-69
-50
-32
-11
1
9
-3
0
13
29
45
34
45
62
81
84
73
68
69
56
55
34
31
2
-22
-45
-59
-57
-61
-68
-89
-104
-99
-85
-80
-73
-75
-51
-44
-30
-20
3
29
39
50
62
89
124
142
173
168
167
160
128
106
65
26
-32
-100
-157
-207
-226
-241
-262
-257
-261
-235
-200
-156
-112
-68
-43
-32
-14
21
40
42
19
-8
-9
2
-1
-14
-33
-50
-66
-84
-89
-109
-122
-163
-208
-230
-240
-241
-255
-269
-271
-254
-220
-206
-172
-142
-124
-96
-75
-38
-10
0
2
-8
8
16
30
33
21
26
32
42
60
72
75
60
65
65
68
75
68
58
50
55
76
93
111
125
143
169
195
229
250
267
280
289
304
312
313
305
296
294
288
290
283
273
266
250
241
232
229
221
196
163
130
104
81
38
-1
-61
-108
-151
-180
-201
-207
-223
-233
-250
-257
-249
-231
-225
-237
-264
-299
-324
-356
-396
-461
-537
-601
-650
-679
-712
-734
-760
-786
-774
-760
-711
-691
-672
-653
-625
-571
-531
-500
-470
-453
-405
-384
-335
-302
-274
-249
-232
-170
-86
12
105
161
234
304
384
439
457
461
421
370
293
216
135
35
-75
-180
-251
-277
-289
-283
-270
-222
-143
-44
66
165
274
362
460
583
710
840
928
998
1066
1141
1204
1229
1218
1173
1113
1030
917
779
611
434
255
109
10
-52
-86
-95
-60
19
126
245
350
439
501
546
563
543
495
412
297
184
80
-18
-109
-204
-303
-392
-478
-561
-654
-749
-847
-966
-1070
-1171
-1257
-1346
-1432
-1480
-1498
-1476
-1453
-1439
-1437
-1477
-1475
-1458
-1380
-1320
-1275
-1220
-1116
-935
-711
-469
-176
158
547
900
1211
1483
1702
1855
1870
1772
1582
1325
995
566
88
-381
-804
-1172
-1500
-1721
-1828
-1808
-1710
-1542
-1298
-983
-637
-311
-12
279
541
759
911
1018
1109
1169
1196
1191
1173
1145
1096
1022
912
790
643
466
265
41
-170
-372
-550
-707
-822
-865
-826
-705
-509
-271
29
391
782
1160
1458
1704
1888
2002
2031
1948
1798
1575
1297
997
685
419
169
-51
-224
-338
-364
-349
-306
-250
-179
-77
18
104
173
223
259
260
253
238
201
134
19
-107
-230
-348
-471
-622
-767
-916
-1049
-1178
-1273
-1346
-1420
-1520
-1656
-1785
-1874
-1952
-2019
-2091
-2131
-2128
-2073
-1943
-1798
-1578
-1310
-960
-536
-66
452
957
1431
1850
2157
2414
2540
2560
2428
2136
1756
1284
757
190
-421
-974
-1483
-1875
-2159
-2329
-2356
-2289
-2108
-1841
-1509
-1108
-698
-295
75
412
737
1011
1246
1425
1561
1663
1732
1756
1737
1678
1570
1410
1203
952
669
352
14
-329
-642
-913
-1119
-1253
-1301
-1250
-1081
-834
-527
-159
274
735
1180
1566
1881
2137
2317
2393
2342
2203
1990
1715
1394
1041
698
378
75
-172
-370
-468
-510
-510
-470
-395
-270
-140
-13
107
208
297
348
375
377
341
285
177
44
-99
-233
-359
-501
-673
-834
-968
-1091
-1227
-1418
-1605
-1795
-1959
-2123
-2296
-2411
-2512
-2572
-2602
-2611
-2503
-2372
-2168
-1940
-1650
-1222
-749
-168
424
1020
1612
2110
2574
2920
3141
3210
3059
2789
2358
1826
1191
440
-316
-1072
-1740
-2292
-2736
-2985
-3095
-3037
-2836
-2507
-2041
-1520
-977
-454
49
538
969
1323
1598
1800
1954
2044
2085
2074
2034
1928
1762
1560
1318
1043
711
338
-58
-455
-825
-1156
-1413
-1601
-1683
-1647
-1487
-1214
-869
-426
100
669
1221
1690
2095
2415
2641
2739
2708
2586
2357
2050
1671
1265
888
515
172
-134
-367
-489
-556
-569
-549
-476
-357
-227
-95
35
166
281
355
418
453
471
449
385
294
188
84
-43
-186
-342
-505
-674
-874
-1066
-1275
-1492
-1759
-2050
-2314
-2535
-2686
-2833
-2935
-3001
-3012
-2950
-2834
-2662
-2422
-2172
-1841
-1453
-922
-292
378
1054
1668
2262
2808
3252
3572
3680
3594
3322
2871
2298
1562
740
-169
-1090
-1931
-2651
-3181
-3538
-3722
-3693
-3488
-3069
-2511
-1864
-1190
-537
99
688
1210
1647
1967
2190
2316
2384
2403
2365
2277
2128
1936
1700
1433
1137
794
397
-38
-471
-881
-1246
-1560
-1813
-1966
-2007
-1909
-1699
-1378
-953
-371
309
1005
1619
2156
2654
3062
3344
3424
3339
3139
2794
2360
1835
1293
767
214
-251
-644
-868
-970
-1022
-992
-904
-695
-446
-210
21
217
426
581
693
784
815
821
742
640
524
382
215
-5
-219
-425
-621
-821
-1076
-1333
-1609
-1890
-2186
-2472
-2708
-2904
-3057
-3183
-3284
-3295
-3250
-3147
-2985
-2786
-2505
-2177
-1759
-1244
-598
155
937
1661
2344
2954
3530
3948
4153
4122
3873
3453
2858
2080
1167
140
-887
-1881
-2765
-3455
-3943
-4192
-4238
-4068
-3668
-3067
-2332
-1560
-803
-55
641
1277
1791
2181
2458
2632
2718
2731
2684
2584
2418
2193
1914
1614
1284
909
477
8
-474
-934
-1350
-1724
-2034
-2234
-2316
-2228
-1958
-1511
-912
-221
537
1288
2006
2631
3130
3477
3648
3622
3435
3095
2655
2112
1516
910
349
-124
-498
-760
-908
-956
-901
-782
-604
-403
-183
19
193
355
491
593
658
678
670
632
562
471
335
188
5
-173
-350
-540
-735
-947
-1194
-1449
-1751
-2058
-2397
-2692
-2950
-3140
-3297
-3417
-3520
-3537
-3488
-3357
-3150
-2898
-2569
-2125
-1549
-792
57
969
1807
2568
3293
3926
4435
4666
4621
4341
3845
3183
2305
1265
123
-1068
-2166
-3159
-3916
-4424
-4692
-4705
-4498
-4026
-3326
-2496
-1621
-795
13
771
1448
2006
2404
2676
2840
2918
2929
2872
2771
2601
2363
2080
1771
1443
1047
582
52
-477
-979
-1440
-1856
-2203
-2439
-2526
-2451
-2181
-1749
-1153
-441
335
1158
1937
2656
3227
3639
3870
3925
3817
3529
3086
2536
1905
1271
633
72
-412
-773
-1005
-1118
-1102
-993
-808
-572
-333
-73
174
400
578
704
789
817
825
767
675
545
379
204
-7
-196
-407
-608
-848
-1117
-1388
-1677
-2000
-2308
-2639
-2877
-3121
-3341
-3519
-3658
-3661
-3674
-3584
-3438
-3224
-2840
-2414
-1813
-1044
-167
843
1721
2600
3378
4084
4676
4930
4955
4701
4234
3591
2654
1587
362
-862
-2039
-3150
-3985
-4604
-4915
-4974
-4813
-4322
-3626
-2754
-1857
-994
-130
660
1396
1972
2406
2712
2893
2995
3008
2967
2875
2712
2508
2231
1943
1622
1237
790
257
-294
-831
-1343
-1810
-2232
-2531
-2697
-2677
-2469
-2028
-1381
-617
206
1020
1872
2672
3350
3812
4045
4114
4004
3730
3287
2702
2064
1373
725
122
-351
-690
-942
-1076
-1100
-980
-758
-528
-287
-71
177
407
589
731
803
854
837
788
702
589
444
240
11
-211
-415
-618
-867
-1154
-1464
-1802
-2140
-2478
-2760
-2982
-3202
-3401
-3603
-3727
-3785
-3767
-3679
-3556
-3358
-3073
-2621
-1956
-1097
-126
851
1781
2715
3605
4420
4979
5253
5233
4971
4488
3752
2759
1573
243
-1101
-2410
-3534
-4423
-5042
-5387
-5458
-5201
-4600
-3766
-2816
-1855
-897
39
913
1668
2245
2666
2931
3080
3130
3106
3033
2893
2685
2431
2155
1881
1563
1173
690
160
-371
-897
-1427
-1939
-2388
-2722
-2912
-2923
-2759
-2403
-1874
-1175
-338
619
1595
2515
3297
3917
4379
4641
4681
4474
4050
3467
2760
1980
1158
366
-340
-937
-1370
-1626
-1692
-1597
-1409
-1125
-788
-386
13
367
659
881
1052
1160
1191
1147
1039
883
671
434
174
-105
-393
-714
-1019
-1353
-1679
-2087
-2500
-2865
-3167
-3375
-3640
-3860
-4056
-4160
-4174
-4173
-4064
-3897
-3619
-3200
-2620
-1738
-676
474
1548
2533
3542
4495
5301
5745
5830
5644
5215
4565
3572
2325
905
-595
-2047
-3443
-4565
-5389
-5895
-6103
-6026
-5529
-4694
-3650
-2569
-1539
-486
525
1455
2181
2695
3062
3286
3401
3408
3334
3218
3033
2791
2493
2193
1894
1520
1051
474
-110
-683
-1256
-1843
-2420
-2888
-3198
-3327
-3277
-3033
-2567
-1912
-1087
-78
1014
2114
3064
3859
4496
4961
5200
5136
4815
4284
3589
2795
1894
983
98
-683
-1303
-1749
-1950
-1977
-1845
-1605
-1282
-843
-376
81
463
768
1034
1216
1338
1352
1276
1128
911
658
375
71
-237
-594
-957
-1329
-1689
-2059
-2505
-2863
-3193
-3381
-3596
-3819
-4054
-4230
-4322
-4342
-4323
-4228
-4064
-3705
-3097
-2190
-1050
154
1328
2462
3618
4722
5625
6161
6338
6197
5805
5114
4092
2768
1240
-405
-2027
-3552
-4797
-5743
-6343
-6637
-6552
-6025
-5120
-4006
-2851
-1717
-557
552
1548
2309
2860
3222
3426
3507
3473
3378
3219
2999
2725
2435
2172
1912
1575
1133
605
69
-476
-1052
-1671
-2292
-2826
-3228
-3442
-3448
-3223
-2760
-2046
-1121
-48
1097
2217
3266
4142
4818
5246
5412
5319
4947
4356
3583
2688
1750
779
-100
-863
-1428
-1796
-1976
-1956
-1782
-1480
-1096
-678
-236
170
541
829
1043
1193
1257
1253
1143
973
746
485
186
-155
-510
-879
-1255
-1661
-2080
-2517
-2876
-3169
-3381
-3575
-3820
-4013
-4200
-4265
-4319
-4328
-4304
-4183
-3859
-3319
-2474
-1380
-183
1002
2146
3312
4488
5475
6118
6345
6296
5983
5405
4454
3156
1621
-16
-1660
-3239
-4620
-5670
-6395
-6765
-6795
-6368
-5517
-4408
-3232
-2093
-912
267
1346
2182
2750
3145
3402
3525
3502
3384
3225
3015
2754
2456
2190
1948
1647
1235
737
220
-282
-832
-1439
-2088
-2658
-3086
-3368
-3451
-3338
-2961
-2309
-1424
-337
821
2015
3112
4054
4796
5288
5530
5481
5133
4533
3734
2844
1857
862
-82
-888
-1468
-1846
-2003
-1981
-1788
-1463
-1071
-626
-191
228
584
838
1020
1135
1193
1154
1009
814
574
316
-8
-380
-757
-1137
-1523
-1937
-2399
-2780
-3080
-3330
-3523
-3782
-3936
-4100
-4204
-4299
-4383
-4346
-4263
-4054
-3645
-2960
-1924
-741
466
1629
2802
4054
5154
5966
6377
6463
6310
5842
5030
3836
2388
784
-916
-2594
-4140
-5354
-6233
-6788
-6985
-6761
-6042
-4999
-3818
-2630
-1422
-177
987
1933
2625
3094
3418
3588
3598
3494
3329
3127
2864
2563
2277
2035
1787
1433
986
498
22
-480
-1061
-1695
-2299
-2770
-3093
-3210
-3137
-2785
-2206
-1399
-439
620
1754
2817
3733
4433
4901
5169
5175
4908
4374
3644
2835
1947
1062
205
-521
-1063
-1436
-1611
-1619
-1448
-1166
-855
-500
-145
232
537
743
871
922
948
896
756
552
306
47
-279
-617
-974
-1315
-1669
-2103
-2511
-2889
-3122
-3321
-3545
-3708
-3923
-4001
-4146
-4261
-4281
-4277
-4097
-3874
-3355
-2460
-1367
-98
981
2143
3374
4587
5608
6156
6410
6388
6108
5522
4454
3170
1634
7
-1678
-3356
-4698
-5749
-6444
-6858
-6906
-6378
-5477
-4320
-3174
-2009
-736
481
1566
2344
2904
3317
3549
3632
3533
3378
3196
2927
2620
2286
2049
1832
1549
1164
712
296
-132
-635
-1214
-1827
-2325
-2743
-3000
-3114
-2961
-2479
-1773
-850
127
1278
2412
3462
4283
4850
5237
5382
5227
4787
4081
3297
2385
1453
511
-317
-918
-1365
-1611
-1694
-1573
-1265
-930
-558
-209
194
570
818
992
1055
1115
1088
958
751
482
230
-92
-468
-890
-1322
-1761
-2256
-2691
-3090
-3349
-3616
-3859
-4012
-4083
-4076
-4191
-4304
-4332
-4205
-3908
-3585
-3002
-2130
-1013
222
1329
2514
3701
4871
5764
6237
6469
6426
6138
5440
4301
2964
1429
-148
-1867
-3529
-4891
-5922
-6562
-6946
-6913
-6352
-5431
-4272
-3116
-1874
-559
679
1732
2479
3069
3504
3757
3816
3683
3519
3315
3048
2717
2356
2072
1786
1458
1040
580
151
-302
-820
-1413
-1984
-2445
-2815
-3071
-3184
-3070
-2639
-1950
-1045
-12
1123
2322
3423
4373
5065
5527
5741
5649
5261
4618
3808
2874
1831
787
-178
-938
-1496
-1865
-2028
-1974
-1707
-1331
-909
-457
-4
456
803
1058
1242
1348
1390
1288
1098
851
568
249
-177
-627
-1129
-1645
-2220
-2772
-3267
-3591
-3851
-4040
-4262
-4367
-4416
-4423
-4452
-4491
-4409
-4233
-3911
-3399
-2585
-1471
-249
893
2081
3297
4625
5674
6370
6667
6735
6564
6032
5046
3732
2155
505
-1316
-3087
-4685
-5923
-6802
-7372
-7526
-7144
-6261
-5076
-3858
-2557
-1184
227
1477
2408
3098
3589
3939
4066
3984
3797
3546
3249
2874
2456
2123
1821
1498
1060
592
155
-265
-748
-1319
-1923
-2441
-2856
-3145
-3329
-3268
-2949
-2334
-1493
-477
685
1877
3034
4036
4858
5460
5783
5808
5513
4954
4218
3315
2314
1234
235
-620
-1277
-1721
-1986
-2013
-1845
-1530
-1135
-704
-234
202
575
859
1064
1221
1285
1260
1108
911
673
406
72
-334
-776
-1234
-1739
-2277
-2787
-3232
-3525
-3847
-4033
-4311
-4407
-4568
-4645
-4732
-4754
-4677
-4488
-4157
-3425
-2470
-1179
41
1287
2609
3931
5259
6182
6776
7029
6985
6684
5909
4769
3315
1608
-169
-2115
-3860
-5392
-6531
-7333
-7795
-7708
-7087
-6048
-4779
-3508
-2075
-655
755
1905
2763
3418
3856
4112
4153
4018
3830
3538
3201
2787
2402
2097
1774
1405
935
472
37
-428
-971
-1590
-2182
-2684
-3095
-3365
-3476
-3304
-2884
-2208
-1326
-228
1023
2290
3434
4397
5163
5737
6008
5940
5558
4930
4120
3157
2087
996
2
-831
-1473
-1903
-2080
-2017
-1780
-1442
-1043
-572
-70
369
714
958
1153
1280
1321
1240
1079
874
627
322
-39
-422
-843
-1333
-1860
-2428
-2898
-3341
-3662
-3979
-4229
-4422
-4597
-4691
-4793
-4837
-4837
-4745
-4496
-4017
-3161
-2038
-781
472
1739
3106
4489
5678
6498
6947
7124
6997
6536
5632
4352
2793
1025
-847
-2753
-4463
-5879
-6965
-7674
-7979
-7701
-6918
-5786
-4516
-3172
-1716
-240
1121
2198
2996
3594
4003
4209
4197
4045
3821
3513
3138
2718
2344
2025
1670
1238
746
274
-176
-683
-1267
-1905
-2474
-2942
-3306
-3548
-3599
-3352
-2826
-2088
-1156
-11
1278
2559
3691
4650
5418
5965
6179
6034
5604
4936
4083
3056
1910
777
-235
-1066
-1720
-2150
-2296
-2192
-1909
-1535
-1072
-529
14
481
832
1097
1310
1427
1431
1303
1108
880
580
243
-177
-579
-1042
-1525
-2045
-2545
-2967
-3387
-3709
-4010
-4197
-4395
-4600
-4802
-4947
-4969
-4980
-4911
-4726
-4224
-3314
-2136
-813
490
1852
3313
4710
5941
6771
7278
7448
7259
6737
5764
4468
2845
965
-1005
-2998
-4712
-6170
-7257
-7969
-8229
-7870
-7047
-5862
-4518
-3098
-1578
-112
1244
2327
3146
3741
4093
4258
4226
4071
3851
3525
3148
2743
2396
2098
1753
1354
871
412
-57
-591
-1200
-1864
-2472
-3008
-3435
-3719
-3812
-3585
-3098
-2345
-1376
-187
1179
2521
3754
4770
5608
6201
6457
6361
5921
5239
4356
3276
2090
872
-200
-1123
-1836
-2294
-2487
-2378
-2102
-1696
-1199
-629
-24
478
881
1172
1406
1560
1571
1474
1283
1051
762
396
8
-421
-826
-1290
-1791
-2266
-2731
-3109
-3487
-3793
-4087
-4304
-4492
-4693
-4884
-5094
-5187
-5199
-5069
-4773
-4127
-3067
-1757
-374
1013
2474
4014
5444
6552
7254
7619
7691
7383
6652
5452
3930
2158
187
-1884
-3891
-5587
-6917
-7869
-8416
-8455
-7844
-6782
-5461
-4065
-2563
-974
537
1799
2755
3473
4008
4307
4363
4238
4033
3777
3432
3016
2618
2303
2007
1634
1185
704
248
-232
-820
-1490
-2165
-2740
-3235
-3622
-3875
-3822
-3428
-2693
-1759
-605
696
2067
3354
4447
5339
5982
6329
6310
5939
5315
4489
3481
2328
1117
37
-867
-1542
-2027
-2263
-2234
-1992
-1611
-1163
-664
-130
339
724
982
1211
1356
1410
1331
1156
957
738
455
111
-285
-645
-1012
-1425
-1864
-2340
-2718
-3150
-3529
-3879
-4118
-4320
-4598
-4881
-5133
-5251
-5263
-5239
-5054
-4632
-3786
-2617
-1224
211
1620
3104
4556
5882
6863
7437
7680
7564
7099
6202
4901
3318
1444
-539
-2601
-4468
-6016
-7210
-7993
-8373
-8187
-7454
-6317
-4937
-3518
-2001
-497
924
2115
3002
3658
4089
4322
4345
4195
3989
3704
3351
2939
2536
2224
1902
1517
1031
534
65
-455
-1038
-1701
-2330
-2867
-3308
-3610
-3700
-3417
-2818
-1968
-992
150
1444
2751
3909
4811
5473
5917
6061
5887
5379
4658
3767
2745
1658
593
-294
-1000
-1523
-1857
-1968
-1805
-1487
-1117
-721
-302
172
568
869
1061
1187
1276
1256
1156
971
773
534
236
-102
-434
-745
-1096
-1526
-1962
-2376
-2655
-2958
-3259
-3612
-3906
-4133
-4400
-4695
-5039
-5294
-5421
-5449
-5308
-4860
-3963
-2687
-1257
198
1678
3305
4922
6300
7238
7772
7999
7915
7407
6390
4942
3220
1274
-816
-2972
-4920
-6491
-7661
-8447
-8754
-8427
-7496
-6220
-4808
-3326
-1712
-81
1367
2472
3281
3890
4305
4474
4402
4182
3917
3594
3203
2775
2411
2130
1825
1432
969
536
120
-379
-1009
-1703
-2325
-2847
-3291
-3654
-3845
-3735
-3261
-2488
-1477
-266
1076
2458
3712
4797
5669
6287
6570
6447
6013
5336
4454
3378
2127
873
-261
-1177
-1873
-2356
-2551
-2483
-2181
-1750
-1231
-624
-22
523
938
1266
1549
1722
1773
1669
1482
1279
1007
688
275
-119
-494
-904
-1301
-1776
-2149
-2529
-2859
-3204
-3516
-3804
-4096
-4393
-4665
-4902
-5126
-5327
-5460
-5414
-5149
-4606
-3719
-2495
-1082
416
1906
3446
4961
6270
7207
7711
7882
7744
7223
6244
4800
3076
1144
-884
-2972
-4899
-6470
-7633
-8359
-8643
-8359
-7494
-6253
-4837
-3356
-1784
-179
1265
2411
3239
3858
4296
4488
4442
4232
3963
3645
3242
2809
2414
2096
1764
1359
900
445
18
-476
-1071
-1719
-2323
-2825
-3250
-3579
-3721
-3618
-3158
-2434
-1470
-291
991
2329
3519
4595
5467
6099
6407
6330
5954
5332
4494
3469
2261
1052
-97
-1033
-1773
-2303
-2541
-2545
-2301
-1905
-1397
-775
-171
412
873
1260
1596
1799
1898
1826
1682
1474
1199
864
466
74
-313
-710
-1091
-1486
-1835
-2198
-2544
-2902
-3231
-3504
-3770
-4006
-4308
-4585
-4864
-5078
-5227
-5317
-5290
-5069
-4581
-3645
-2454
-988
433
1899
3414
4906
6242
7145
7656
7833
7668
7161
6148
4770
3062
1130
-920
-3029
-4888
-6438
-7587
-8331
-8637
-8299
-7433
-6178
-4759
-3288
-1685
-126
1325
2460
3301
3917
4298
4462
4389
4178
3906
3536
3120
2661
2288
1995
1676
1300
868
472
84
-378
-926
-1551
-2129
-2654
-3105
-3457
-3650
-3624
-3355
-2846
-1960
-778
606
1947
3164
4322
5344
6182
6602
6636
6339
5778
4980
3933
2695
1391
104
-1019
-1970
-2582
-2880
-2900
-2699
-2340
-1751
-1021
-278
363
858
1326
1694
1961
2057
1986
1842
1604
1309
939
572
193
-203
-622
-1049
-1390
-1721
-2031
-2424
-2788
-3156
-3477
-3751
-4010
-4288
-4614
-4942
-5189
-5348
-5399
-5358
-5126
-4598
-3694
-2456
-996
485
1979
3474
4946
6224
7157
7699
7863
7672
7102
6121
4755
3078
1136
-926
-2990
-4838
-6361
-7500
-8238
-8505
-8196
-7368
-6161
-4743
-3248
-1696
-185
1203
2343
3206
3807
4167
4314
4270
4086
3833
3492
3108
2704
2357
2080
1797
1462
1066
663
243
-241
-802
-1435
-2068
-2669
-3190
-3586
-3820
-3833
-3589
-3050
-2219
-1121
156
1494
2783
3944
4970
5784
6307
6464
6283
5807
5087
4146
3023
1790
563
-560
-1496
-2196
-2608
-2752
-2658
-2362
-1898
-1289
-620
21
569
1026
1410
1694
1861
1876
1782
1604
1373
1088
764
414
54
-304
-682
-1020
-1381
-1697
-2084
-2419
-2783
-3101
-3476
-3862
-4183
-4494
-4773
-5122
-5396
-5524
-5476
-5260
-4868
-4123
-2952
-1560
-52
1373
2887
4399
5781
6811
7404
7694
7671
7275
6440
5130
3588
1791
-138
-2196
-4138
-5732
-6951
-7783
-8248
-8175
-7489
-6412
-5110
-3760
-2285
-747
665
1835
2691
3373
3861
4111
4138
3990
3804
3563
3243
2879
2536
2297
2050
1746
1358
953
563
97
-479
-1150
-1821
-2423
-2979
-3452
-3801
-3910
-3771
-3415
-2826
-1942
-743
622
1952
3158
4259
5256
6032
6447
6480
6212
5698
4932
3925
2730
1490
293
-817
-1773
-2449
-2788
-2848
-2716
-2413
-1900
-1210
-494
136
660
1137
1553
1843
1962
1945
1853
1693
1442
1121
778
452
80
-334
-734
-1084
-1381
-1705
-2083
-2476
-2811
-3080
-3395
-3742
-4122
-4443
-4694
-4963
-5144
-5307
-5238
-5009
-4491
-3610
-2444
-1056
372
1791
3284
4699
5978
6853
7371
7544
7379
6901
5970
4673
3062
1228
-680
-2624
-4357
-5841
-6955
-7670
-7967
-7692
-6961
-5858
-4581
-3232
-1779
-356
976
2059
2859
3469
3851
4060
4070
3949
3748
3460
3146
2802
2511
2251
1960
1637
1243
846
415
-78
-657
-1309
-1947
-2544
-3048
-3438
-3691
-3730
-3556
-3150
-2524
-1707
-633
564
1839
3020
4095
5037
5753
6209
6315
6140
5705
5011
4100
2997
1820
641
-476
-1442
-2220
-2685
-2885
-2832
-2578
-2141
-1517
-835
-149
459
1002
1487
1831
2056
2130
2106
1986
1765
1472
1118
763
394
-26
-442
-847
-1176
-1524
-1887
-2250
-2584
-2853
-3180
-3471
-3823
-4126
-4445
-4727
-4957
-5139
-5249
-5200
-4972
-4347
-3435
-2229
-891
488
1972
3467
4914
6092
6920
7413
7566
7400
6829
5856
4520
2876
1035
-935
-2841
-4570
-6028
-7140
-7858
-8045
-7695
-6905
-5788
-4512
-3064
-1572
-100
1211
2276
3107
3692
4070
4243
4230
4085
3823
3496
3128
2768
2456
2151
1821
1452
1065
679
252
-239
-827
-1441
-2037
-2585
-3050
-3417
-3618
-3636
-3432
-3011
-2382
-1578
-611
466
1634
2821
3930
4855
5545
5998
6202
6151
5805
5175
4315
3294
2172
1021
-116
-1138
-1990
-2601
-2942
-3000
-2790
-2382
-1835
-1201
-506
211
863
1414
1824
2128
2318
2388
2329
2157
1891
1557
1170
768
344
-63
-484
-892
-1263
-1582
-1860
-2176
-2507
-2836
-3134
-3435
-3757
-4085
-4373
-4653
-4891
-5126
-5215
-5193
-4959
-4527
-3796
-2714
-1410
15
1441
2870
4292
5566
6558
7179
7445
7416
7012
6226
5017
3516
1792
-91
-2014
-3860
-5413
-6621
-7454
-7859
-7800
-7188
-6203
-4968
-3620
-2185
-709
664
1828
2740
3427
3920
4181
4246
4147
3948
3684
3340
2971
2602
2280
1966
1601
1194
761
336
-138
-683
-1280
-1875
-2412
-2875
-3244
-3477
-3526
-3347
-2964
-2382
-1623
-728
298
1360
2450
3424
4281
4935
5395
5632
5625
5373
4888
4200
3372
2424
1449
468
-442
-1237
-1853
-2245
-2435
-2405
-2208
-1850
-1368
-812
-213
363
887
1339
1694
1958
2106
2161
2101
1941
1708
1399
1064
694
300
-89
-480
-818
-1151
-1441
-1727
-1996
-2268
-2547
-2854
-3196
-3535
-3840
-4133
-4412
-4700
-4936
-5058
-5063
-4909
-4627
-4094
-3280
-2164
-864
503
1859
3205
4484
5607
6429
6915
7069
6914
6413
5548
4335
2872
1215
-558
-2348
-3986
-5351
-6376
-7048
-7325
-7145
-6513
-5537
-4369
-3094
-1749
-398
855
1907
2739
3374
3807
4048
4095
4007
3825
3573
3245
2866
2490
2146
1794
1394
947
498
51
-424
-949
-1506
-2030
-2489
-2867
-3146
-3289
-3252
-3033
-2640
-2083
-1370
-528
445
1474
2539
3512
4369
5024
5488
5735
5724
5454
4936
4201
3308
2294
1226
157
-834
-1674
-2312
-2676
-2808
-2676
-2364
-1880
-1275
-609
80
707
1249
1693
2016
2227
2301
2273
2126
1901
1603
1261
905
529
151
-222
-563
-877
-1169
-1447
-1723
-1991
-2272
-2607
-2957
-3344
-3662
-4021
-4323
-4647
-4903
-5080
-5174
-5107
-4922
-4507
-3883
-2954
-1760
-407
980
2343
3642
4900
5941
6708
7072
7138
6891
6302
5374
4075
2544
843
-941
-2700
-4317
-5608
-6580
-7161
-7356
-7104
-6379
-5342
-4117
-2820
-1470
-98
1151
2203
3006
3605
4034
4246
4278
4147
3936
3645
3269
2859
2446
2066
1666
1217
739
255
-206
-702
-1234
-1778
-2274
-2657
-2935
-3081
-3095
-2932
-2566
-2033
-1356
-557
347
1305
2218
3065
3794
4396
4817
5011
4988
4768
4390
3843
3149
2350
1515
711
-48
-719
-1254
-1617
-1804
-1835
-1718
-1470
-1100
-664
-221
221
655
1060
1395
1639
1794
1880
1906
1840
1695
1492
1247
971
650
322
-11
-313
-618
-919
-1196
-1456
-1708
-1995
-2331
-2698
-3056
-3411
-3737
-4071
-4336
-4597
-4745
-4840
-4802
-4637
-4363
-3896
-3245
-2304
-1170
79
1350
2568
3752
4848
5741
6371
6651
6651
6342
5724
4802
3568
2134
523
-1140
-2754
-4187
-5334
-6201
-6699
-6824
-6516
-5807
-4828
-3666
-2429
-1136
142
1300
2286
3048
3617
3988
4161
4181
4046
3813
3474
3065
2626
2187
1771
1318
861
388
-72
-502
-940
-1380
-1807
-2184
-2471
-2671
-2750
-2719
-2528
-2208
-1705
-1003
-197
748
1669
2623
3461
4184
4741
5092
5219
5095
4725
4184
3446
2613
1668
713
-182
-961
-1531
-1950
-2119
-2121
-1908
-1551
-1100
-567
-33
493
939
1305
1613
1800
1906
1889
1802
1656
1455
1210
917
613
303
-3
-288
-572
-806
-1030
-1243
-1454
-1654
-1869
-2136
-2450
-2794
-3151
-3496
-3852
-4174
-4435
-4655
-4799
-4857
-4753
-4525
-4108
-3529
-2673
-1574
-313
949
2178
3381
4524
5507
6196
6545
6612
6411
5886
5029
3847
2457
909
-728
-2374
-3881
-5090
-5997
-6584
-6809
-6603
-5965
-5021
-3909
-2715
-1429
-140
1045
2035
2813
3405
3808
4008
4022
3892
3678
3368
2979
2551
2133
1755
1366
946
510
102
-287
-684
-1104
-1540
-1923
-2235
-2483
-2641
-2689
-2593
-2351
-1960
-1368
-641
254
1167
2091
2955
3733
4394
4842
5070
5047
4804
4381
3763
2992
2112
1185
298
-512
-1164
-1657
-1924
-2013
-1922
-1657
-1272
-785
-284
199
645
1038
1379
1605
1727
1762
1718
1620
1454
1247
1008
749
489
213
-30
-273
-489
-691
-876
-1040
-1234
-1431
-1692
-1993
-2334
-2723
-3111
-3508
-3907
-4257
-4572
-4778
-4911
-4959
-4867
-4636
-4203
-3613
-2808
-1768
-545
749
1992
3163
4289
5293
6063
6492
6606
6442
6003
5251
4161
2813
1300
-290
-1900
-3435
-4734
-5726
-6365
-6678
-6613
-6117
-5265
-4184
-3017
-1801
-540
677
1737
2570
3195
3656
3943
4031
3948
3753
3492
3158
2761
2347
1959
1583
1185
752
315
-97
-501
-917
-1374
-1815
-2177
-2464
-2661
-2765
-2738
-2549
-2187
-1594
-840
58
964
1911
2836
3704
4408
4894
5148
5186
4985
4574
3956
3179
2276
1323
388
-460
-1137
-1654
-1971
-2113
-2032
-1748
-1339
-861
-370
133
611
1018
1354
1582
1724
1759
1719
1626
1484
1309
1086
837
592
353
147
-81
-298
-526
-722
-903
-1079
-1288
-1555
-1885
-2267
-2640
-3039
-3459
-3861
-4224
-4505
-4727
-4871
-4912
-4844
-4601
-4265
-3749
-3043
-2127
-983
233
1461
2609
3720
4758
5606
6182
6426
6392
6108
5513
4622
3426
2043
521
-1049
-2573
-3961
-5064
-5879
-6369
-6493
-6242
-5585
-4675
-3594
-2449
-1254
-34
1073
2017
2741
3284
3678
3884
3930
3825
3636
3374
3030
2653
2259
1888
1492
1052
585
124
-309
-768
-1242
-1712
-2133
-2451
-2683
-2803
-2805
-2653
-2302
-1782
-1038
-179
793
1753
2668
3505
4202
4748
5052
5100
4910
4500
3935
3202
2336
1409
490
-325
-1012
-1504
-1826
-1944
-1870
-1647
-1282
-837
-348
124
539
904
1204
1441
1570
1600
1565
1472
1369
1215
1041
844
640
461
253
69
-129
-309
-499
-704
-901
-1124
-1392
-1729
-2123
-2547
-2925
-3345
-3732
-4116
-4418
-4652
-4785
-4826
-4754
-4590
-4302
-3913
-3346
-2543
-1559
-409
722
1844
2939
4027
4981
5693
6112
6249
6155
5790
5110
4130
2902
1510
-3
-1527
-2974
-4227
-5217
-5945
-6352
-6350
-5961
-5235
-4325
-3273
-2123
-910
276
1309
2167
2844
3366
3719
3891
3904
3796
3593
3300
2940
2560
2176
1775
1324
842
370
-83
-532
-1017
-1497
-1932
-2281
-2540
-2708
-2772
-2690
-2466
-2010
-1370
-570
296
1178
2069
2919
3706
4300
4683
4844
4790
4530
4098
3488
2752
1911
1062
245
-434
-974
-1368
-1601
-1675
-1559
-1297
-946
-564
-178
218
572
893
1140
1314
1415
1439
1424
1371
1297
1181
1025
858
682
517
350
151
-67
-290
-492
-689
-897
-1159
-1486
-1848
-2234
-2654
-3061
-3448
-3817
-4136
-4414
-4584
-4633
-4592
-4482
-4287
-3945
-3451
-2812
-2026
-1081
-16
1108
2169
3176
4107
4946
5561
5900
5946
5759
5338
4643
3653
2429
1078
-323
-1730
-3070
-4233
-5116
-5693
-5971
-5928
-5533
-4818
-3895
-2882
-1798
-666
441
1423
2217
2844
3322
3651
3807
3801
3676
3466
3184
2838
2448
2037
1622
1175
697
211
-259
-712
-1170
-1622
-2031
-2350
-2562
-2680
-2694
-2568
-2305
-1893
-1377
-687
101
967
1835
2664
3454
4111
4609
4872
4940
4799
4447
3900
3191
2352
1470
569
-259
-995
-1542
-1901
-2069
-2035
-1839
-1468
-1014
-513
-14
469
908
1257
1531
1697
1767
1775
1701
1578
1401
1198
982
750
531
298
85
-139
-375
-594
-819
-1032
-1301
-1582
-1934
-2305
-2712
-3110
-3486
-3850
-4163
-4400
-4550
-4596
-4576
-4435
-4183
-3839
-3339
-2740
-1918
-962
122
1208
2238
3228
4152
4951
5538
5827
5875
5656
5210
4481
3481
2276
930
-466
-1875
-3181
-4275
-5127
-5686
-5955
-5867
-5426
-4701
-3780
-2774
-1676
-556
530
1489
2259
2876
3336
3642
3780
3760
3644
3426
3129
2763
2363
1962
1530
1062
562
67
-406
-868
-1333
-1786
-2175
-2470
-2658
-2746
-2715
-2543
-2233
-1794
-1254
-617
166
1033
1912
2690
3361
3944
4400
4658
4684
4500
4155
3641
2973
2194
1371
561
-200
-880
-1417
-1734
-1861
-1839
-1695
-1420
-1007
-533
-78
340
729
1086
1361
1543
1639
1676
1657
1572
1429
1273
1098
913
684
445
217
16
-190
-420
-654
-882
-1081
-1293
-1531
-1829
-2149
-2497
-2822
-3154
-3459
-3748
-3947
-4083
-4145
-4135
-4046
-3849
-3571
-3213
-2750
-2152
-1399
-525
398
1347
2248
3127
3923
4580
5034
5250
5240
5005
4526
3810
2862
1751
517
-761
-2016
-3152
-4102
-4827
-5287
-5447
-5286
-4819
-4123
-3255
-2289
-1254
-208
772
1632
2330
2875
3266
3498
3576
3511
3337
3080
2738
2352
1939
1527
1091
635
185
-242
-631
-1007
-1367
-1690
-1943
-2110
-2188
-2178
-2067
-1843
-1502
-1069
-540
61
723
1401
2043
2640
3153
3566
3833
3936
3884
3684
3352
2886
2318
1696
1056
436
-138
-622
-987
-1220
-1325
-1312
-1177
-936
-635
-303
39
383
706
984
1205
1356
1463
1503
1493
1429
1318
1176
1012
826
620
412
194
-16
-231
-429
-633
-837
-1040
-1238
-1453
-1697
-1988
-2315
-2633
-2940
-3215
-3470
-3638
-3763
-3785
-3770
-3670
-3485
-3191
-2834
-2415
-1908
-1259
-457
408
1260
2038
2806
3519
4148
4576
4787
4775
4586
4178
3554
2722
1740
646
-510
-1660
-2711
-3572
-4228
-4686
-4900
-4816
-4419
-3794
-3029
-2179
-1258
-289
631
1440
2110
2634
3022
3255
3339
3292
3149
2908
2583
2200
1797
1408
1014
587
160
-238
-580
-898
-1203
-1483
-1710
-1853
-1927
-1932
-1859
-1693
-1430
-1060
-612
-82
522
1198
1889
2536
3074
3505
3823
3997
3989
3793
3428
2940
2342
1667
960
273
-351
-877
-1267
-1504
-1565
-1490
-1294
-1015
-657
-248
166
540
866
1144
1366
1515
1592
1599
1558
1467
1328
1165
978
777
557
315
75
-154
-367
-576
-795
-1001
-1171
-1345
-1504
-1689
-1897
-2139
-2425
-2704
-2956
-3150
-3311
-3435
-3504
-3506
-3428
-3278
-3042
-2739
-2351
-1906
-1348
-658
142
972
1741
2439
3117
3730
4229
4489
4527
4369
4032
3520
2775
1859
839
-241
-1316
-2349
-3215
-3883
-4326
-4559
-4555
-4250
-3691
-2959
-2155
-1318
-417
465
1270
1929
2432
2814
3048
3149
3103
2962
2746
2447
2089
1697
1323
963
592
209
-167
-485
-762
-1022
-1273
-1493
-1642
-1716
-1721
-1666
-1545
-1325
-1045
-652
-176
391
1024
1646
2242
2760
3216
3553
3735
3748
3587
3284
2857
2296
1671
985
330
-291
-806
-1194
-1431
-1496
-1440
-1256
-961
-586
-165
237
617
951
1234
1454
1573
1629
1603
1532
1403
1233
1049
843
647
431
217
37
-136
-283
-429
-564
-674
-782
-879
-1009
-1156
-1324
-1538
-1787
-2062
-2336
-2593
-2827
-3031
-3162
-3217
-3190
-3117
-2987
-2789
-2521
-2203
-1844
-1458
-972
-405
227
877
1486
2089
2650
3154
3550
3781
3857
3754
3493
3059
2443
1697
833
-84
-1017
-1912
-2682
-3305
-3739
-3980
-4003
-3772
-3336
-2726
-2018
-1251
-442
344
1076
1693
2181
2545
2767
2866
2833
2698
2480
2195
1864
1496
1138
794
453
126
-190
-461
-692
-901
-1085
-1246
-1349
-1397
-1393
-1336
-1218
-1032
-779
-441
13
544
1100
1636
2129
2580
2959
3219
3325
3280
3092
2782
2350
1835
1259
671
105
-399
-792
-1045
-1166
-1170
-1070
-865
-566
-219
125
443
736
994
1193
1327
1393
1393
1345
1249
1123
980
823
656
471
293
130
-15
-148
-287
-420
-530
-629
-711
-800
-891
-1009
-1152
-1314
-1521
-1748
-1996
-2230
-2451
-2651
-2815
-2915
-2926
-2885
-2802
-2671
-2490
-2219
-1922
-1575
-1189
-753
-207
360
972
1525
2048
2544
2964
3303
3466
3478
3348
3046
2618
2012
1309
523
-319
-1136
-1928
-2578
-3081
-3420
-3565
-3543
-3280
-2842
-2269
-1604
-916
-185
512
1146
1678
2078
2378
2548
2603
2554
2404
2204
1934
1626
1294
972
676
379
92
-184
-413
-604
-780
-933
-1071
-1152
-1184
-1174
-1112
-997
-826
-599
-329
37
473
947
1384
1781
2175
2526
2819
2966
2974
2871
2648
2334
1922
1431
924
400
-70
-488
-776
-939
-1012
-972
-851
-609
-283
48
366
649
918
1137
1291
1374
1375
1336
1240
1110
962
795
629
447
273
114
-18
-123
-230
-329
-419
-494
-551
-628
-728
-861
-1027
-1201
-1412
-1637
-1883
-2119
-2349
-2554
-2707
-2795
-2804
-2765
-2667
-2515
-2338
-2096
-1846
-1532
-1205
-836
-396
89
647
1177
1658
2132
2537
2924
3160
3251
3209
2994
2687
2199
1576
872
77
-690
-1479
-2169
-2721
-3141
-3349
-3427
-3292
-2940
-2438
-1815
-1172
-479
219
869
1443
1868
2198
2410
2502
2484
2355
2168
1920
1630
1309
985
695
423
166
-87
-309
-489
-641
-776
-908
-1005
-1057
-1074
-1049
-990
-877
-706
-491
-244
80
493
943
1375
1743
2114
2453
2726
2855
2829
2710
2490
2165
1744
1250
761
273
-174
-553
-835
-955
-990
-926
-784
-545
-216
110
403
661
894
1100
1227
1286
1280
1234
1156
1033
887
743
606
469
316
176
68
-20
-111
-223
-328
-417
-505
-596
-723
-873
-1031
-1196
-1371
-1578
-1780
-1970
-2120
-2251
-2358
-2413
-2399
-2323
-2223
-2102
-1950
-1756
-1533
-1306
-1081
-822
-529
-162
231
654
1073
1468
1840
2173
2450
2642
2689
2626
2423
2113
1697
1154
551
-114
-777
-1398
-1948
-2364
-2667
-2810
-2806
-2645
-2311
-1868
-1333
-768
-196
374
893
1337
1676
1918
2064
2104
2061
1945
1776
1559
1307
1044
784
558
341
124
-70
-248
-395
-519
-632
-736
-811
-855
-868
-840
-768
-633
-440
-189
84
420
800
1189
1548
1836
2085
2281
2388
2382
2246
2042
1760
1424
1044
646
286
-39
-291
-484
-585
-583
-521
-402
-251
-56
170
371
547
682
795
876
918
918
886
840
786
719
641
556
472
384
282
179
89
-5
-106
-214
-322
-414
-499
-596
-713
-849
-966
-1092
-1229
-1389
-1551
-1685
-1803
-1904
-1988
-2032
-2021
-1975
-1894
-1809
-1685
-1540
-1374
-1199
-1025
-814
-579
-296
13
345
704
1047
1375
1673
1927
2128
2215
2213
2102
1895
1590
1177
701
174
-366
-889
-1385
-1784
-2084
-2264
-2316
-2250
-2035
-1709
-1300
-839
-355
138
604
1014
1348
1601
1777
1859
1861
1791
1663
1490
1285
1060
826
604
395
196
11
-157
-295
-414
-518
-604
-662
-679
-656
-604
-532
-428
-283
-102
134
412
716
1011
1267
1502
1711
1867
1954
1940
1850
1696
1498
1253
954
655
354
98
-113
-267
-342
-372
-333
-265
-156
18
173
335
469
583
687
764
820
829
815
783
729
681
602
522
448
354
272
185
105
26
-50
-129
-219
-287
-350
-414
-479
-555
-641
-735
-840
-973
-1105
-1233
-1355
-1479
-1558
-1623
-1640
-1632
-1602
-1552
-1459
-1347
-1217
-1083
-962
-815
-649
-481
-316
-128
83
324
567
800
1011
1218
1387
1507
1552
1532
1450
1293
1062
767
424
69
-305
-667
-998
-1268
-1454
-1550
-1566
-1491
-1319
-1062
-751
-412
-64
288
620
905
1125
1284
1384
1420
1391
1303
1177
1031
858
676
492
316
173
42
-76
-173
-244
-282
-315
-334
-337
-321
-281
-235
-154
-40
111
257
430
623
834
1040
1202
1333
1431
1498
1507
1444
1322
1157
966
760
527
324
142
12
-88
-136
-122
-59
38
141
269
409
538
636
698
741
752
740
701
632
556
482
404
325
250
187
140
94
53
26
3
-20
-44
-71
-105
-147
-195
-257
-334
-431
-551
-671
-815
-959
-1113
-1259
-1394
-1504
-1564
-1602
-1609
-1601
-1550
-1467
-1362
-1246
-1114
-977
-815
-652
-469
-289
-92
125
358
597
815
1021
1200
1342
1432
1462
1429
1321
1146
915
629
306
-38
-385
-716
-1007
-1238
-1399
-1474
-1461
-1367
-1190
-949
-650
-326
10
335
634
893
1098
1242
1323
1342
1300
1210
1083
927
757
577
400
236
90
-33
-138
-221
-284
-319
-335
-339
-326
-301
-262
-205
-143
-49
68
206
347
498
656
818
968
1078
1161
1211
1220
1182
1094
963
810
646
477
309
174
66
0
-35
-27
23
98
184
278
373
456
519
560
575
565
539
496
443
377
319
266
222
189
165
158
154
155
152
151
148
131
107
62
2
-55
-123
-213
-321
-429
-536
-633
-755
-881
-986
-1075
-1146
-1199
-1225
-1225
-1198
-1158
-1114
-1055
-974
-888
-817
-758
-687
-589
-491
-415
-342
-230
-98
28
154
294
457
613
737
832
899
940
943
888
777
631
465
266
38
-199
-414
-589
-737
-851
-905
-895
-826
-709
-555
-368
-151
82
300
490
664
809
912
960
966
946
891
808
697
580
458
343
238
137
54
-9
-48
-81
-105
-111
-104
-82
-69
-47
5
78
156
226
314
415
524
627
710
786
856
905
928
908
862
799
718
621
515
418
340
270
216
178
178
195
218
251
292
339
373
398
406
407
401
382
349
313
285
261
235
217
203
203
203
197
191
188
180
158
123
75
22
-38
-100
-170
-243
-313
-388
-468
-551
-634
-714
-795
-872
-946
-996
-1034
-1053
-1068
-1049
-1005
-940
-874
-797
-723
-627
-524
-433
-346
-263
-175
-94
-18
51
116
183
252
319
386
441
483
507
510
501
470
413
329
226
115
-9
-138
-261
-377
-470
-533
-561
-556
-520
-448
-351
-217
-77
75
224
360
484
585
660
700
714
697
653
591
513
426
330
238
153
78
22
-24
-60
-87
-95
-92
-71
-32
13
58
119
185
269
351
425
498
570
640
695
731
740
735
712
666
599
534
457
384
310
245
201
172
153
140
149
172
199
229
251
272
290
297
301
292
285
273
260
243
230
218
206
197
183
173
164
149
128
101
73
36
1
-40
-94
-157
-218
-271
-323
-393
-464
-542
-609
-664
-725
-788
-846
-872
-876
-872
-857
-819
-764
-695
-629
-549
-476
-397
-332
-271
-214
-163
-118
-92
-70
-49
-28
1
13
29
52
81
117
135
158
172
179
185
167
142
100
51
-3
-63
-119
-171
-204
-231
-240
-226
-192
-141
-80
-8
78
161
248
320
380
426
454
466
462
441
399
349
291
229
171
116
66
29
-1
-8
5
37
75
125
184
253
335
406
469
521
562
596
608
603
586
547
508
448
383
330
283
235
188
170
160
162
166
182
213
243
272
302
325
345
358
359
353
338
317
291
261
231
204
182
158
134
111
104
99
87
81
70
60
45
24
-1
-37
-75
-113
-150
-181
-223
-269
-324
-362
-391
-426
-477
-531
-563
-576
-589
-613
-629
-626
-600
-567
-538
-506
-463
-414
-376
-338
-298
-265
-234
-226
-210
-182
-159
-150
-155
-143
-118
-93
-72
-60
-28
0
25
50
66
83
85
91
83
71
63
44
24
-1
-15
-20
-28
-27
-24
-5
21
49
85
119
160
193
226
270
292
312
321
329
330
322
313
293
272
253
239
225
219
223
226
238
257
279
307
330
354
380
401
416
419
418
409
395
378
355
331
298
270
241
220
202
191
181
178
181
190
204
217
228
236
251
258
258
256
246
233
217
199
179
157
133
113
97
78
62
47
33
19
5
-10
-32
-55
-79
-103
-126
-148
-184
-218
-259
-297
-333
-372
-412
-440
-457
-466
-465
-461
-448
-431
-405
-385
-356
-343
-324
-306
-291
-290
-283
-275
-269
-266
-254
-240
-227
-210
-195
-177
-159
-141
-119
-106
-91
-79
-59
-49
-45
-37
-30
-18
-19
-14
0
12
27
38
57
89
114
147
172
205
236
261
286
296
307
323
327
322
315
311
301
292
279
271
265
264
270
271
277
285
299
311
316
327
340
347
348
351
355
353
352
351
342
331
325
315
306
295
281
272
258
246
237
227
214
197
187
177
170
160
154
145
143
142
143
144
140
140
135
132
120
108
94
77
57
36
13
-13
-35
-60
-83
-99
-122
-148
-172
-181
-189
-203
-220
-225
-217
-213
-219
-231
-233
-235
-235
-246
-258
-263
-270
-285
-303
-318
-328
-334
-344
-352
-354
-340
-330
-323
-306
-282
-246
-230
-212
-181
-148
-133
-135
-125
-113
-115
-126
-141
-141
-148
-156
-162
-165
-157
-150
-133
-116
-93
-58
-27
11
46
87
134
164
196
228
258
274
280
298
304
305
301
293
288
280
270
255
245
239
230
228
219
219
221
221
221
222
228
232
234
242
252
261
269
278
287
299
311
320
327
331
332
331
324
314
294
275
257
231
204
174
149
126
104
84
74
70
66
63
65
70
79
90
91
92
91
87
82
76
65
47
28
6
-14
-33
-55
-75
-99
-113
-123
-126
-134
-140
-144
-153
-162
-170
-181
-197
-217
-241
-264
-288
-306
-319
-334
-351
-347
-339
-325
-305
-279
-259
-240
-214
-194
-178
-173
-174
-168
-171
-181
-195
-205
-217
-226
-229
-233
-233
-237
-237
-229
-222
-213
-196
-190
-181
-175
-151
-134
-117
-96
-70
-35
-7
26
66
98
129
158
185
205
217
230
232
234
227
220
208
193
181
173
166
160
159
157
153
148
149
150
154
155
167
172
183
198
214
231
248
270
284
305
314
326
330
326
323
312
293
272
252
229
205
182
160
139
123
106
95
85
81
79
76
77
78
87
94
100
109
110
115
116
116
112
106
99
89
82
67
48
29
16
0
-14
-36
-61
-77
-93
-105
-121
-133
-154
-169
-177
-188
-200
-206
-211
-207
-196
-184
-169
-156
-148
-142
-131
-123
-124
-126
-131
-135
-137
-145
-153
-161
-165
-160
-162
-162
-167
-168
-165
-173
-171
-171
-177
-180
-180
-173
-167
-159
-153
-147
-136
-122
-103
-92
-81
-65
-46
-20
-7
14
40
60
79
98
127
148
163
178
192
197
197
193
186
174
161
149
133
115
107
101
97
98
109
125
140
163
187
211
233
252
268
282
290
296
299
294
284
278
269
254
236
221
210
198
185
174
163
159
153
149
146
144
148
148
149
154
162
167
169
164
165
165
159
155
149
145
136
127
115
98
89
77
64
50
33
22
12
-4
-18
-30
-42
-51
-59
-70
-75
-70
-59
-47
-44
-41
-45
-54
-65
-84
-103
-128
-147
-158
-162
-168
-163
-149
-128
-109
-93
-71
-74
-83
-97
-110
-129
-150
-166
-186
-206
-214
-215
-218
-223
-222
-204
-188
-181
-177
-173
-160
-153
-138
-126
-114
-104
-87
-72
-63
-54
-44
-37
-38
-28
-20
-17
-31
-36
-32
-36
-47
-55
-55
-43
-41
-28
-9
9
33
53
78
99
118
136
149
148
153
162
153
137
121
113
98
82
78
75
74
74
84
99
111
129
146
162
174
179
189
193
185
177
170
161
149
133
124
115
110
107
99
97
99
99
97
94
97
98
95
86
83
82
75
68
59
59
52
45
40
34
31
27
24
22
19
13
12
6
-1
-7
-18
-30
-40
-46
-53
-57
-64
-70
-71
-66
-59
-55
-54
-51
-47
-41
-42
-54
-60
-63
-70
-85
-95
-94
-95
-103
-103
-100
-95
-98
-99
-72
-28
20
68
107
141
169
188
187
163
131
102
66
16
-39
-83
-120
-145
-157
-157
-135
-102
-64
-25
13
53
80
98
104
106
113
106
90
64
43
25
1
-25
-44
-50
-53
-52
-46
-34
-14
6
27
50
72
99
122
131
140
144
141
134
112
94
77
59
44
34
31
26
32
35
39
47
53
66
79
95
110
115
118
124
121
119
119
106
98
86
75
69
53
38
31
27
20
20
21
30
39
50
58
63
71
72
73
73
68
69
65
59
56
51
46
36
28
20
14
6
-1
-3
-3
-3
0
1
11
23
38
52
57
64
70
73
68
60
51
40
30
17
3
-9
-21
-30
-35
-42
-42
-37
-31
-25
-15
-3
5
12
17
20
21
21
24
24
29
28
28
25
19
15
8
-3
-11
-19
-26
-33
-39
-33
-29
-22
-19
-10
-2
3
5
3
4
-2
-8
-11
-8
-4
1
4
11
18
23
32
37
46
47
48
48
42
46
40
34
35
34
27
26
25
28
25
21
25
25
30
34
37
43
51
57
63
65
69
69
69
67
60
49
43
42
31
25
20
14
14
14
20
26
26
33
38
43
51
56
59
61
62
63
59
56
50
46
35
30
22
16
11
5
2
0
-1
1
-2
0
4
4
5
1
3
2
-1
2
7
8
9
13
17
15
17
14
13
14
11
5
-3
-8
-11
-16
-25
-34
-40
-44
-47
-48
-47
-45
-41
-33
-25
-20
-14
-4
2
4
5
3
2
0
-4
-13
-16
-21
-27
-31
-36
-37
-36
-39
-33
-29
-26
-18
-15
-6
-1
5
7
13
16
16
18
18
16
20
15
13
14
13
16
21
29
39
44
49
58
61
60
65
66
61
59
53
52
48
45
44
41
42
45
48
48
51
53
52
53
55
59
63
64
69
69
70
72
75
80
87
92
99
107
110
115
116
118
115
113
105
99
93
83
73
62
56
50
47
45
50
48
46
55
63
67
70
73
80
81
81
83
80
79
78
76
68
62
52
47
36
27
20
10
10
4
-6
-7
-16
-19
-22
-32
-35
-38
-42
-46
-55
-58
-62
-66
-67
-67
-70
-66
-66
-68
-67
-70
-70
-71
-76
-80
-90
-91
-98
-110
-116
-125
-131
-138
-150
-152
-154
-159
-162
-163
-161
-160
-157
-156
-150
-146
-147
-139
-137
-135
-136
-136
-138
-142
-143
-146
-149
-153
-155
-157
-159
-158
-160
-164
-163
-168
-173
-175
-178
-186
-189
-193
-197
-199
-203
-202
-204
-202
-200
-200
-197
-191
-184
-175
-167
-161
-152
-146
-143
-143
-144
-145
-148
-150
-153
-161
-165
-167
-174
-174
-174
-179
-176
-174
-173
-175
-177
-178
-177
-177
-175
-170
-164
-159
-155
-149
-143
-135
-132
-126
-120
-112
-104
-102
-97
-95
-92
-94
-92
-92
-97
-96
-98
-101
-103
-101
-94
-91
-91
-86
-80
-70
-66
-58
-48
-39
-30
-20
-11
-3
-1
2
10
10
12
15
19
23
20
21
22
23
21
21
24
18
17
16
11
9
9
5
7
11
9
12
13
14
18
21
22
23
24
18
16
13
9
6
-2
-6
-12
-20
-21
-24
-26
-29
-32
-36
-37
-44
-46
-52
-55
-54
-59
-62
-66
-71
-77
-80
-84
-87
-90
-95
-97
-97
-96
-98
-100
-99
-101
-105
-101
-104
-107
-108
-106
-110
-112
-103
-105
-106
-104
-101
-98
-95
-94
-88
-87
-84
-75
-77
-76
-74
-76
-76
-74
-77
-75
-73
-70
-62
-58
-53
-52
-50
-42
-36
-31
-25
-29
-27
-25
-24
-24
-26
-27
-30
-28
-31
-33
-33
-35
-32
-31
-30
-29
-28
-29
-27
-28
-29
-31
-32
-35
-34
-34
-37
-38
-36
-37
-37
-36
-33
-35
-43
-44
-42
-41
-45
-45
-46
-49
-54
-58
-57
-63
-62
-62
-63
-63
-68
-71
-73
-76
-82
-87
-88
-89
-91
-97
-97
-101
-104
-108
-112
-112
-113
-113
-110
-110
-109
-105
-112
-111
-112
-112
-113
-113
-117
-121
-122
-125
-126
-131
-129
-133
-130
-123
-121
-116
-110
-106
-99
-92
-89
-85
-78
-70
-67
-61
-61
-58
-53
-52
-46
-42
-37
-30
-29
-24
-20
-17
-15
-13
-14
-11
-8
-11
-10
-12
-14
-17
-18
-17
-14
-13
-10
-9
-3
3
6
13
19
25
26
28
31
29
27
23
25
22
18
15
13
11
9
7
7
3
2
3
2
3
5
4
4
2
4
4
3
1
-2
-4
-8
-10
-13
-14
-21
-21
-23
-25
-28
-30
-30
-34
-38
-42
-45
-51
-52
-51
-53
-55
-58
-57
-59
-60
-61
-61
-62
-65
-69
-66
-63
-63
-62
-63
-57
-57
-55
-51
-50
-47
-45
-40
-38
-36
-37
-37
-40
-37
-37
-38
-40
-43
-42
-37
-37
-35
-30
-23
-18
-12
-7
-3
2
5
8
9
16
18
24
26
30
37
39
45
46
50
56
58
61
66
71
74
74
72
71
69
69
67
67
65
64
63
64
64
64
70
70
72
75
77
81
82
87
88
90
92
89
90
90
91
89
87
90
89
83
81
83
85
78
80
81
82
81
80
85
82
80
80
79
79
77
76
74
75
77
78
73
73
72
70
73
77
70
66
66
62
61
60
57
49
50
44
39
40
34
30
30
30
30
34
35
38
40
42
43
42
41
40
38
36
33
32
28
26
26
23
21
22
16
20
21
17
17
19
22
24
19
21
23
19
14
9
11
10
5
2
-1
-1
-2
0
1
1
0
4
3
9
11
10
14
11
14
16
11
12
7
5
6
-4
-11
-17
-19
-23
-27
-31
-32
-36
-36
-35
-33
-32
-32
-29
-25
-27
-26
-25
-26
-24
-28
-33
-38
-34
-38
-39
-41
-42
-40
-42
-44
-49
-48
-47
-47
-47
-47
-47
-45
-48
-50
-50
-50
-51
-49
-52
-52
-52
-54
-55
-58
-58
-59
-61
-62
-63
-64
-67
-66
-66
-67
-67
-69
-70
-67
-68
-72
-68
-69
-69
-67
-67
-69
-70
-71
-68
-76
-77
-74
-73
-75
-72
-68
-68
-63
-67
-68
-71
-72
-71
-69
-70
-71
-70
-70
-68
-64
-60
-58
-54
-53
-49
-46
-46
-46
-43
-46
-41
-42
-45
-41
-41
-41
-38
-39
-37
-34
-30
-24
-25
-15
-12
-8
-6
-3
1
2
6
7
7
7
13
16
15
14
17
18
22
27
29
30
33
35
38
39
41
42
39
42
42
46
49
46
49
47
46
48
47
51
53
57
60
62
64
68
68
73
72
67
71
72
70
66
67
61
58
58
56
54
53
52
51
51
51
51
51
49
46
47
47
43
42
38
36
34
33
31
33
32
30
29
29
30
32
36
34
33
33
33
31
30
31
27
27
22
21
21
22
24
24
28
32
37
39
42
47
49
54
57
61
64
66
68
69
72
76
84
85
86
92
94
97
101
102
106
109
113
114
120
123
123
126
129
129
132
132
132
134
134
137
138
141
145
145
148
151
153
153
154
153
153
152
151
152
152
151
150
151
145
142
140
135
131
126
124
120
119
113
111
112
109
102
99
98
98
96
95
97
95
92
89
92
90
88
89
84
84
81
75
73
71
67
66
62
55
53
49
46
45
45
40
37
38
34
34
32
32
32
30
27
26
24
24
25
24
21
19
19
15
11
9
5
2
0
-7
-9
-15
-21
-23
-27
-33
-34
-37
-40
-40
-38
-43
-46
-45
-43
-47
-46
-46
-48
-49
-52
-53
-60
-59
-64
-68
-70
-73
-76
-79
-78
-80
-82
-88
-89
-86
-89
-92
-97
-99
-101
-105
-107
-107
-110
-112
-109
-113
-115
-118
-120
-125
-120
-118
-119
-119
-114
-114
-116
-113
-114
-116
-118
-116
-115
-114
-116
-116
-115
-117
-117
-114
-113
-109
-111
-107
-105
-104
-102
-99
-96
-93
-87
-82
-80
-74
-69
-66
-62
-56
-54
-51
-45
-45
-42
-38
-39
-32
-28
-26
-26
-23
-19
-14
-12
-10
-3
6
8
9
14
19
26
29
35
40
43
48
50
56
54
57
59
63
65
66
66
65
68
68
65
66
69
70
73
76
75
76
78
81
82
82
80
84
88
91
93
95
95
95
96
98
99
98
98
97
98
96
92
92
90
87
83
81
80
79
75
77
76
75
74
76
78
75
75
73
73
73
71
70
69
65
66
64
61
57
55
52
50
45
41
41
39
38
39
34
33
34
29
28
26
28
28
29
26
21
22
21
19
16
16
15
9
8
7
2
-3
-6
-9
-13
-16
-18
-21
-22
-29
-32
-36
-36
-40
-44
-43
-54
-52
-58
-57
-59
-57
-58
-63
-59
-63
-64
-65
-69
-69
-70
-74
-76
-81
-81
-85
-92
-95
-99
-106
-111
-112
-118
-119
-122
-119
-121
-122
-119
-119
-121
-126
-123
-121
-121
-121
-119
-121
-119
-118
-121
-119
-125
-124
-124
-124
-123
-124
-122
-123
-122
-121
-123
-122
-124
-124
-123
-124
-124
-124
-125
-124
-122
-123
-121
-119
-117
-116
-116
-113
-109
-107
-102
-103
-99
-97
-100
-99
-100
-101
-100
-101
-103
-102
-103
-103
-102
-100
-96
-97
-95
-89
-91
-88
-85
-82
-78
-76
-71
-69
-71
-69
-68
-68
-67
-65
-63
-65
-63
-62
-61
-59
-56
-56
-57
-56
-59
-57
-61
-61
-66
-66
-62
-65
-64
-71
-70
-65
-68
-64
-61
-62
-59
-57
-55
-57
-60
-52
-55
-53
-50
-51
-49
-50
-51
-54
-56
-59
-62
-60
-62
-65
-67
-68
-71
-68
-66
-67
-64
-62
-65
-65
-63
-61
-63
-61
-60
-59
-59
-58
-57
-60
-62
-63
-62
-68
-72
-74
-78
-76
-73
-75
-78
-78
-79
-79
-81
-83
-82
-85
-83
-84
-83
-83
-86
-86
-88
-90
-86
-87
-86
-85
-84
-82
-80
-80
-82
-81
-82
-81
-83
-84
-84
-85
-85
-90
-89
-90
-89
-87
-85
-82
-82
-82
-76
-77
-74
-70
-71
-67
-66
-67
-68
-70
-71
-70
-70
-70
-70
-73
-72
-74
-75
-75
-77
-78
-82
-78
-75
-76
-77
-78
-78
-80
-80
-81
-78
-80
-81
-80
-80
-80
-79
-75
-78
-74
-72
-79
-76
-75
-76
-76
-78
-78
-77
-80
-82
-82
-80
-83
-83
-80
-83
-79
-80
-74
-75
-75
-76
-76
-72
-72
-72
-66
-67
-60
-58
-62
-60
-59
-61
-59
-55
-58
-59
-58
-55
-55
-54
-54
-54
-48
-50
-50
-44
-47
-44
-41
-39
-39
-34
-30
-31
-28
-26
-24
-26
-21
-17
-17
-14
-12
-13
-10
-7
-3
-1
-1
0
-1
-1
-1
-3
-4
-2
-1
-1
1
1
4
1
-1
2
6
8
9
15
15
14
20
21
21
20
24
22
21
23
18
21
21
19
21
20
19
19
18
22
23
22
22
20
21
24
24
22
23
22
22
23
22
23
22
21
22
23
21
22
22
26
23
23
21
20
21
22
22
20
23
22
17
16
16
19
16
17
20
18
16
20
22
21
21
22
21
24
22
21
21
20
22
20
21
17
15
13
12
14
13
11
12
12
13
12
12
12
10
12
10
12
11
8
10
6
8
5
0
4
4
1
0
0
4
4
4
3
1
-1
-1
1
2
2
1
2
0
4
3
2
2
0
-2
0
-5
-5
-4
-7
-8
-8
-8
-11
-7
-9
-10
-8
-6
-9
-9
-7
-6
-6
-6
-2
0
1
2
1
6
5
5
3
-1
3
4
7
-2
-3
-5
-6
-6
-10
-12
-11
-12
-12
-10
-13
-11
-12
-9
-9
-8
-7
-5
-8
-8
-9
-14
-14
-12
-11
-13
-15
-19
-22
-22
-22
-24
-27
-24
-26
-26
-27
-33
-30
-29
-31
-30
-31
-28
-30
-33
-32
-29
-31
-31
-32
-34
-33
-34
-34
-35
-38
-38
-39
-37
-35
-35
-38
-35
-37
-35
-36
-37
-37
-37
-36
-35
-34
-34
-35
-34
-32
-33
-31
-34
-31
-30
-33
-32
-31
-31
-28
-26
-25
-26
-22
-20
-21
-21
-18
-20
-18
-18
-17
-14
-12
-8
-11
-12
-11
-11
-14
-11
-13
-14
-15
-15
-15
-11
-8
-11
-9
-6
-5
-2
-4
-1
0
2
0
4
5
4
5
4
7
6
1
2
2
-1
-2
-2
1
0
1
1
2
2
3
4
7
8
5
5
9
7
7
6
7
6
-1
-3
1
1
-1
3
1
-2
-2
-2
-2
-4
-6
-8
-8
-7
-7
-10
-8
-7
-6
-7
-9
-7
-8
-7
-5
-9
-9
-10
-13
-10
-17
-16
-20
-19
-16
-18
-20
-23
-20
-20
-23
-16
-21
-17
-18
-23
-19
-21
-20
-23
-21
-20
-18
-18
-21
-19
-22
-25
-24
-21
-24
-25
-23
-24
-23
-22
-20
-19
-22
-20
-20
-16
-16
-15
-16
-18
-23
-19
-16
-16
-16
-19
-18
-16
-18
-22
-22
-21
-22
-23
-21
-25
-23
-22
-24
-21
-22
-18
-13
-16
-13
-12
-13
-16
-15
-12
-11
-10
-8
-7
-6
-7
-6
-8
-10
-9
-9
-9
-9
-9
-11
-6
-6
-5
0
-2
-4
-2
-6
-4
-3
-3
-5
-5
-4
-7
-6
-7
-4
-5
-5
-8
-6
-8
-5
-6
-8
-4
-7
-8
-3
-5
-5
-4
-2
-4
-7
-5
-1
-1
-4
-5
-5
-8
-7
-9
-9
-9
-10
-10
-13
-12
-11
-14
-13
-13
-14
-13
-13
-15
-13
-11
-9
-8
-11
-10
-9
-9
-10
-9
-9
-12
-10
-11
-11
-11
-12
-9
-11
-11
-14
-13
-11
-12
-12
-10
-10
-7
-11
-14
-12
-14
-15
-17
-13
-12
-15
-15
-15
-15
-18
-13
-14
-14
-13
-13
-12
-16
-18
-20
-20
-21
-22
-22
-21
-23
-22
-23
-23
-25
-26
-24
-27
-27
-27
-26
-26
-28
-25
-28
-31
-25
-25
-25
-24
-26
-27
-26
-29
-31
-28
-31
-30
-25
-32
-31
-31
-35
-35
-37
-39
-40
-42
-41
-42
-44
-44
-47
-49
-47
-47
-46
-47
-49
-49
-48
-48
-50
-47
-45
-46
-45
-45
-46
-50
-49
-52
-53
-54
-53
-51
-55
-53
-52
-55
-56
-56
-55
-56
-55
-54
-56
-55
-56
-56
-53
-51
-54
-52
-56
-53
-49
-51
-51
-52
-51
-51
-50
-49
-53
-52
-48
-49
-48
-49
-47
-44
-46
-47
-44
-44
-42
-46
-45
-42
-41
-43
-40
-42
-44
-41
-40
-39
-37
-36
-40
-40
-39
-38
-37
-33
-32
