5
6
4
5
6
4
5
8
11
9
6
7
7
8
8
6
7
7
6
6
8
6
4
-2
4
4
3
0
3
3
3
4
2
3
2
6
6
7
9
8
8
9
12
11
13
11
11
12
13
15
13
14
13
14
14
14
16
15
14
16
18
17
15
17
17
15
16
14
13
11
13
14
10
10
16
14
13
15
15
14
14
15
14
13
14
15
16
13
13
13
13
12
11
11
13
15
16
12
15
15
15
17
21
21
18
19
17
19
20
16
15
14
15
21
21
16
18
15
14
14
14
11
14
14
14
13
15
14
16
15
14
13
9
9
11
11
12
12
12
15
14
15
15
15
13
14
13
15
16
16
15
14
15
16
17
17
15
14
13
12
11
14
11
11
11
11
12
8
8
9
13
12
12
14
12
13
14
13
12
11
8
13
14
14
9
10
12
13
12
11
13
11
12
13
12
8
6
6
4
3
2
2
1
0
1
0
0
0
0
2
0
-1
-2
0
-1
-2
2
-5
-2
-2
-4
-4
-3
-1
-3
-6
-6
-6
-5
-8
-4
-3
-6
-6
-8
-7
-8
-7
-9
-8
-10
-7
-5
-6
-4
-5
-6
-6
-4
-5
-3
-3
-6
-5
-7
-8
-8
-6
-7
-12
-11
-12
-13
-13
-15
-14
-13
-14
-11
-11
-15
-10
-11
-18
-12
-11
-6
-4
-6
-3
-6
-2
-5
-5
-5
-5
-4
-6
-7
-9
-9
-8
-6
-5
-4
-8
-8
-8
-11
-10
-10
-9
-8
-6
-6
-5
-6
-5
-6
-3
-2
-7
-6
-6
-7
-2
-3
-7
-3
-6
-7
-6
-6
-7
-7
-7
-8
-5
-4
-5
-3
-6
-9
-8
-7
-11
-10
-9
-7
-5
-3
-3
-8
-4
-2
-4
-4
-3
-4
-3
-3
-3
-6
-5
-4
-3
-2
1
-2
0
0
-1
4
4
3
2
4
10
7
10
12
11
9
9
10
9
10
11
12
12
9
9
12
9
11
8
6
4
4
9
8
6
8
10
12
11
12
13
12
10
11
14
12
10
10
10
13
13
13
17
18
19
18
17
16
20
23
21
23
22
25
27
27
26
26
24
22
24
26
27
24
23
26
30
25
26
28
27
28
25
26
25
25
25
27
25
22
22
20
22
21
19
19
21
20
18
16
16
17
19
20
19
19
18
14
12
13
10
11
12
10
10
11
10
6
3
4
3
2
3
3
4
0
2
1
2
-1
-5
-6
-9
-9
-7
-5
-7
-7
-12
-9
-12
-13
-14
-15
-15
-13
-17
-17
-16
-18
-17
-16
-18
-19
-17
-16
-19
-21
-22
-25
-29
-29
-25
-29
-30
-31
-31
-33
-32
-34
-34
-36
-35
-33
-36
-36
-36
-37
-40
-41
-43
-41
-41
-42
-44
-43
-44
-44
-46
-46
-46
-47
-43
-41
-42
-40
-40
-43
-40
-41
-42
-44
-41
-43
-41
-42
-43
-45
-45
-44
-45
-44
-49
-46
-45
-45
-43
-46
-47
-45
-43
-47
-49
-49
-48
-50
-48
-49
-51
-50
-47
-49
-47
-50
-48
-52
-56
-50
-52
-48
-43
-42
-44
-43
-44
-43
-40
-42
-41
-39
-42
-44
-42
-46
-45
-41
-41
-42
-40
-38
-38
-41
-38
-37
-39
-40
-42
-39
-37
-35
-34
-38
-33
-35
-35
-38
-38
-36
-34
-33
-33
-31
-33
-33
-32
-31
-33
-31
-32
-28
-27
-23
-28
-26
-30
-30
-29
-33
-34
-33
-31
-34
-30
-31
-31
-31
-30
-33
-33
-33
-32
-34
-33
-35
-38
-38
-37
-39
-38
-35
-37
-38
-38
-35
-35
-37
-33
-33
-32
-30
-35
-34
-31
-34
-32
-31
-32
-33
-29
-29
-31
-27
-30
-30
-31
-32
-29
-30
-28
-28
-27
-29
-26
-22
-28
-25
-25
-24
-19
-20
-19
-19
-17
-20
-17
-15
-16
-14
-15
-15
-16
-17
-15
-13
-14
-15
-11
-11
-7
-6
-9
-5
-3
-4
-3
-3
-2
-4
-4
0
0
-1
1
2
6
8
7
5
8
9
5
5
9
8
5
10
12
12
10
9
9
10
9
8
8
8
6
7
7
11
11
12
9
11
17
16
13
14
15
13
14
16
14
15
19
16
20
20
16
19
20
19
16
21
20
22
21
23
25
22
17
18
18
19
24
25
21
20
23
22
21
20
20
21
24
29
26
25
29
27
29
32
30
29
30
33
32
28
34
30
31
29
31
31
29
27
26
27
29
31
30
34
35
32
33
32
33
31
35
36
32
34
35
30
32
34
35
36
38
34
34
35
33
33
35
33
34
31
30
31
29
30
29
31
31
28
29
29
31
33
32
31
30
33
33
32
33
30
32
33
32
29
28
29
26
27
26
28
24
24
26
25
23
23
24
17
17
22
20
26
25
24
29
30
28
31
31
33
32
31
31
29
31
27
29
31
31
35
29
31
31
28
27
25
27
29
27
31
30
33
32
26
26
26
28
27
27
29
30
30
29
30
29
31
29
29
33
32
29
32
35
35
33
32
32
29
29
28
26
30
29
30
30
29
28
27
27
28
27
26
28
28
27
24
27
24
25
30
29
31
30
29
29
32
31
30
31
31
31
30
30
30
27
28
29
30
27
29
29
31
32
28
29
27
30
31
28
29
28
30
29
26
28
26
29
30
31
32
30
30
28
30
29
30
30
31
34
31
29
28
29
29
27
33
32
29
31
28
28
27
24
29
30
31
32
32
30
29
27
30
30
29
27
28
30
35
32
24
30
27
23
23
21
22
22
21
23
21
21
17
21
20
19
21
18
18
18
21
20
21
21
21
21
23
23
24
23
19
23
22
21
21
21
19
25
23
20
20
18
20
19
18
18
21
17
19
18
15
20
17
15
16
22
21
21
20
18
20
19
22
19
20
21
20
21
20
19
21
17
18
22
22
22
20
19
20
20
18
17
18
18
19
16
15
15
15
14
13
14
11
15
13
15
16
12
13
11
11
12
11
7
5
5
5
4
5
6
5
6
6
3
4
3
6
5
4
7
4
3
6
2
2
7
6
5
5
6
3
3
3
6
4
1
2
5
4
2
3
2
4
5
0
1
1
1
0
1
2
0
-1
0
1
-2
0
-1
-7
-3
-3
-4
1
1
1
5
3
4
1
-1
4
4
2
0
-1
-1
-3
-2
-1
2
-3
-3
-2
-5
-3
-2
-2
-6
-3
-2
-3
1
1
0
1
1
-1
-4
-4
-4
-1
-1
-1
2
2
-1
-3
2
0
1
-2
-1
2
4
5
1
0
-5
-1
-2
-4
-3
-5
-6
-4
-5
-3
-7
-7
-3
-5
-6
-4
-7
-7
-3
-6
-3
-4
-5
-3
-5
-4
-3
-3
-1
-2
-1
-2
-2
-2
-1
-2
-2
-3
-4
0
-1
-3
0
1
0
5
4
2
2
4
5
4
1
-1
3
4
2
4
5
4
4
3
6
5
3
4
6
7
6
5
3
1
2
3
3
3
5
3
5
3
6
6
7
7
7
9
9
12
13
15
18
15
16
16
17
14
16
17
14
13
15
21
15
13
17
16
13
14
18
15
16
20
19
21
23
21
20
20
18
20
17
19
18
21
20
18
22
22
21
22
21
19
21
20
18
19
21
18
17
18
19
18
19
13
11
10
9
11
9
12
11
9
10
14
9
5
7
8
8
10
16
15
14
16
17
15
13
11
10
9
13
12
10
9
11
12
11
12
11
13
13
13
11
10
12
10
12
15
14
13
11
12
13
11
11
7
11
14
13
12
13
14
14
12
9
10
11
11
13
12
11
12
14
14
15
14
14
19
19
18
16
17
19
20
20
21
20
22
23
23
23
24
24
26
24
20
20
22
23
25
21
23
22
19
20
20
21
18
18
17
16
14
16
17
17
16
14
13
16
18
14
9
15
14
17
19
18
22
20
19
16
20
20
20
18
21
17
15
14
13
13
14
14
10
9
10
9
12
7
7
8
7
8
5
6
7
6
2
3
1
0
-1
1
4
3
5
3
4
2
2
4
1
-3
-3
0
4
2
0
2
-2
-2
-4
-6
-3
-5
-8
-5
-2
-6
-6
-6
-3
-3
-4
-4
-5
-5
-4
-6
-6
-6
-6
-4
-3
-3
0
-1
-1
1
0
0
-1
1
0
2
0
2
4
3
5
2
8
6
7
7
9
9
10
11
9
10
10
8
9
8
9
9
9
11
4
8
8
7
10
10
10
10
10
11
11
11
12
13
16
13
14
15
13
15
16
16
14
15
17
17
17
20
25
25
26
26
25
27
24
27
26
26
27
24
25
28
31
24
25
27
24
25
25
28
25
25
28
28
28
26
29
29
28
29
27
27
25
25
27
30
30
29
29
30
31
31
30
29
29
31
34
34
35
32
33
34
37
37
36
35
34
35
35
37
37
37
36
35
37
35
32
31
36
38
37
40
41
43
43
45
43
39
39
42
43
45
41
37
41
43
41
42
42
39
39
42
44
45
45
41
40
41
40
41
40
36
36
40
38
33
34
35
34
36
37
35
35
34
33
36
36
37
35
35
38
34
34
35
36
36
35
36
36
31
33
32
31
33
32
33
33
32
35
34
34
34
31
34
32
34
35
38
36
37
37
36
37
33
33
34
37
34
31
32
30
29
33
33
30
33
31
33
28
30
32
24
22
28
26
27
32
35
31
30
31
31
32
31
34
32
30
28
33
31
31
34
32
32
33
31
29
28
28
29
28
30
31
31
35
33
31
34
32
33
30
27
28
28
28
29
32
32
32
34
33
35
34
36
33
34
37
40
36
36
34
35
35
33
36
33
34
34
37
36
32
31
36
36
32
32
36
35
35
35
33
37
39
37
39
40
40
41
43
43
42
43
45
47
47
43
46
47
46
45
45
46
44
43
44
44
45
47
47
44
47
43
46
47
47
45
45
47
50
50
47
46
46
48
47
46
46
48
47
44
43
44
46
45
44
46
45
44
46
46
45
46
45
46
48
46
44
48
51
51
51
49
50
49
46
47
46
46
49
48
45
50
52
46
47
49
45
45
41
41
40
43
45
44
45
45
44
49
47
46
48
44
45
47
47
45
47
49
48
52
52
50
53
48
49
50
46
52
50
49
50
51
52
50
50
47
47
47
48
49
49
49
50
51
49
49
45
47
51
49
53
51
52
48
52
50
53
46
48
51
52
52
50
47
46
50
51
53
52
52
51
52
56
53
50
52
48
50
48
45
47
49
48
44
48
47
45
47
47
46
45
45
46
45
44
44
45
44
44
43
45
45
46
45
45
43
45
46
43
44
46
45
43
45
45
46
45
44
44
43
42
43
42
44
43
43
41
41
43
42
42
40
43
38
38
39
38
39
35
36
36
36
34
38
37
37
35
36
36
37
38
31
32
32
34
39
40
38
38
39
38
40
40
43
41
42
39
39
41
42
42
43
39
40
38
41
42
39
39
36
38
37
37
37
37
37
37
40
37
35
32
33
35
38
39
40
39
38
37
37
34
36
38
37
37
40
39
41
37
38
39
38
38
37
40
39
38
40
38
43
40
38
43
42
42
41
40
39
41
41
42
39
38
41
42
42
41
38
38
41
39
39
39
39
41
41
39
38
38
37
38
39
38
39
41
40
41
43
42
41
41
40
37
39
40
37
36
35
39
38
38
38
41
41
39
39
38
40
39
39
39
39
40
37
37
41
42
37
39
39
42
41
42
43
43
43
45
49
50
51
51
48
45
46
45
47
46
44
45
45
44
50
49
45
47
44
44
45
44
43
40
40
41
42
44
44
42
41
40
43
39
38
40
38
41
41
41
41
39
41
43
39
40
38
39
38
39
41
41
40
43
44
45
43
41
44
40
39
40
41
40
39
39
38
41
37
35
35
40
38
37
38
36
37
34
35
33
30
29
27
30
29
30
29
30
30
30
31
28
30
32
31
34
32
34
36
35
34
37
36
35
36
35
35
35
34
33
37
35
36
35
37
33
32
32
33
32
32
30
29
33
31
34
35
32
32
30
34
33
33
35
31
30
34
37
36
36
39
40
43
43
40
39
41
37
39
37
41
38
39
41
38
40
37
40
39
40
41
41
40
40
43
52
56
57
56
64
79
85
86
84
82
97
98
91
85
89
96
81
82
81
86
81
73
75
80
84
81
70
74
76
79
71
65
59
52
39
35
27
19
15
9
2
4
4
9
13
12
19
23
35
37
41
40
42
38
38
31
24
16
11
-4
-8
-16
-23
-24
-37
-37
-38
-41
-44
-48
-45
-46
-47
-48
-49
-46
-46
-43
-48
-41
-35
-25
-17
-6
13
23
45
66
80
102
119
143
161
173
191
203
220
228
241
256
270
276
290
302
315
328
330
334
339
332
322
302
277
247
208
156
103
42
-22
-92
-163
-231
-297
-361
-420
-475
-521
-565
-602
-624
-647
-663
-673
-678
-668
-659
-647
-619
-592
-552
-517
-470
-421
-354
-283
-203
-116
-27
62
162
268
366
449
528
599
666
715
750
773
782
784
765
743
722
698
664
625
595
573
552
527
505
502
506
518
531
541
557
577
596
609
602
610
588
574
538
485
432
359
278
177
79
-26
-129
-242
-360
-469
-565
-655
-755
-847
-927
-1009
-1070
-1154
-1224
-1285
-1352
-1398
-1483
-1533
-1542
-1510
-1430
-1362
-1255
-1102
-883
-629
-407
-176
52
323
534
724
878
1009
1115
1153
1151
1132
1114
1080
973
871
788
740
682
590
512
448
423
368
291
211
144
57
-66
-197
-319
-440
-572
-725
-858
-956
-1009
-1050
-1092
-1091
-1034
-938
-826
-711
-563
-408
-205
19
205
406
607
814
1032
1204
1369
1498
1644
1743
1784
1832
1835
1834
1752
1651
1545
1412
1253
1059
850
636
426
206
-41
-252
-489
-688
-894
-1056
-1228
-1391
-1555
-1718
-1880
-2050
-2200
-2335
-2470
-2603
-2698
-2724
-2694
-2612
-2450
-2249
-1941
-1621
-1242
-805
-337
105
488
850
1212
1500
1723
1837
1931
1961
1961
1901
1801
1716
1605
1482
1337
1235
1167
1078
989
879
802
741
649
529
369
210
31
-176
-397
-627
-845
-1063
-1254
-1409
-1522
-1569
-1575
-1534
-1456
-1300
-1104
-879
-642
-373
-92
182
448
670
895
1130
1318
1481
1599
1747
1879
1968
2030
2068
2116
2132
2104
2030
1943
1831
1677
1458
1210
944
653
321
-17
-373
-686
-972
-1227
-1462
-1673
-1849
-1997
-2134
-2247
-2380
-2508
-2625
-2764
-2894
-2996
-3048
-3074
-3073
-2948
-2758
-2496
-2184
-1822
-1334
-815
-273
186
628
1072
1443
1744
1912
2060
2141
2163
2112
1996
1887
1747
1588
1382
1204
1092
981
877
758
676
630
571
488
351
222
65
-114
-331
-575
-802
-1032
-1265
-1484
-1670
-1780
-1835
-1847
-1823
-1721
-1524
-1297
-1045
-767
-443
-101
212
501
762
1047
1304
1493
1628
1756
1930
2043
2109
2140
2177
2225
2232
2194
2117
2021
1922
1734
1525
1255
987
661
291
-86
-445
-741
-1002
-1246
-1479
-1665
-1784
-1885
-1992
-2119
-2261
-2387
-2530
-2688
-2852
-2964
-3040
-3061
-3015
-2852
-2601
-2293
-1938
-1524
-1006
-478
49
497
953
1369
1737
2002
2171
2304
2363
2382
2322
2236
2143
2041
1903
1753
1631
1555
1478
1418
1335
1298
1254
1209
1122
988
830
634
419
159
-116
-414
-715
-1017
-1292
-1522
-1687
-1797
-1860
-1857
-1785
-1630
-1423
-1183
-916
-612
-274
43
330
599
850
1102
1298
1460
1614
1761
1919
2007
2094
2145
2226
2264
2244
2201
2107
2005
1818
1591
1312
991
648
269
-102
-443
-750
-1003
-1259
-1453
-1605
-1704
-1814
-1927
-2060
-2199
-2343
-2533
-2694
-2866
-3011
-3132
-3175
-3116
-2959
-2721
-2406
-2046
-1574
-1040
-467
81
581
1101
1553
1943
2199
2390
2527
2590
2586
2507
2418
2312
2188
2026
1859
1743
1654
1560
1459
1364
1328
1278
1205
1081
942
787
580
328
27
-270
-589
-933
-1274
-1583
-1833
-2020
-2166
-2241
-2245
-2133
-1956
-1737
-1478
-1180
-825
-473
-122
189
479
769
1025
1221
1398
1559
1705
1794
1855
1895
1954
1988
1954
1888
1811
1726
1582
1387
1128
863
550
212
-146
-496
-800
-1069
-1330
-1565
-1754
-1926
-2062
-2208
-2345
-2507
-2670
-2862
-3061
-3260
-3450
-3595
-3616
-3527
-3371
-3132
-2810
-2386
-1859
-1291
-731
-165
385
931
1373
1764
2036
2266
2396
2437
2410
2337
2242
2104
1920
1729
1581
1482
1389
1293
1208
1170
1176
1159
1115
1027
928
774
554
273
-38
-357
-717
-1104
-1476
-1792
-2048
-2263
-2438
-2531
-2506
-2386
-2214
-2006
-1726
-1395
-1007
-636
-270
110
453
774
1063
1310
1549
1741
1882
1977
2033
2108
2122
2135
2054
1985
1892
1766
1604
1377
1127
841
531
187
-155
-465
-767
-1044
-1296
-1503
-1640
-1797
-1931
-2116
-2284
-2494
-2720
-2941
-3176
-3374
-3514
-3498
-3404
-3248
-3022
-2690
-2192
-1576
-958
-352
209
816
1355
1800
2132
2398
2592
2654
2655
2597
2552
2477
2341
2150
1981
1883
1809
1699
1583
1511
1513
1518
1489
1427
1358
1288
1136
896
599
282
-63
-468
-895
-1296
-1634
-1925
-2195
-2421
-2553
-2551
-2448
-2301
-2086
-1789
-1405
-986
-583
-184
207
610
985
1303
1568
1807
2008
2160
2245
2300
2332
2327
2270
2142
2016
1876
1692
1450
1157
863
557
229
-99
-397
-662
-913
-1131
-1286
-1425
-1503
-1625
-1797
-2004
-2258
-2553
-2866
-3152
-3348
-3411
-3351
-3219
-2974
-2651
-2165
-1553
-911
-265
352
1000
1555
2021
2350
2594
2766
2818
2779
2672
2559
2427
2235
1984
1734
1543
1373
1186
1019
882
833
813
767
696
629
574
449
268
19
-268
-582
-949
-1337
-1712
-2049
-2332
-2578
-2759
-2842
-2802
-2656
-2426
-2132
-1758
-1295
-797
-310
162
610
1061
1452
1766
1994
2188
2334
2415
2418
2355
2282
2186
2047
1841
1629
1398
1171
886
598
310
68
-192
-438
-682
-896
-1064
-1208
-1365
-1519
-1692
-1928
-2211
-2558
-2962
-3371
-3669
-3822
-3906
-3880
-3744
-3454
-2996
-2442
-1828
-1230
-554
168
827
1379
1820
2195
2472
2609
2638
2578
2502
2342
2122
1850
1595
1419
1248
1095
975
938
961
1002
1021
1015
1012
996
916
739
492
198
-150
-580
-1062
-1531
-1954
-2353
-2727
-3034
-3238
-3273
-3192
-3040
-2800
-2454
-1982
-1450
-921
-415
101
606
1050
1408
1677
1897
2049
2091
2035
1933
1832
1651
1408
1110
836
583
303
6
-278
-500
-671
-856
-1003
-1134
-1249
-1332
-1439
-1510
-1674
-1886
-2204
-2593
-3001
-3327
-3550
-3718
-3808
-3738
-3532
-3101
-2578
-1983
-1359
-659
135
859
1521
2023
2496
2849
3072
3163
3156
3081
2938
2686
2383
2095
1881
1662
1445
1273
1194
1220
1249
1301
1366
1462
1563
1618
1587
1495
1347
1107
784
399
-37
-472
-898
-1321
-1678
-1943
-2097
-2124
-2050
-1870
-1573
-1132
-632
-68
491
1031
1557
2035
2440
2726
2948
3070
3079
2985
2806
2602
2312
1940
1526
1098
705
319
-36
-359
-610
-779
-883
-948
-937
-903
-909
-947
-1084
-1316
-1642
-2052
-2454
-2837
-3184
-3486
-3695
-3748
-3624
-3336
-2971
-2477
-1858
-1119
-398
309
945
1550
2068
2459
2711
2851
2914
2863
2699
2442
2179
1901
1608
1294
1041
866
796
781
796
862
981
1113
1222
1294
1308
1277
1168
966
662
301
-96
-527
-994
-1448
-1831
-2093
-2238
-2332
-2315
-2145
-1825
-1383
-901
-375
177
750
1310
1741
2134
2446
2660
2736
2680
2573
2350
2042
1617
1116
630
114
-380
-878
-1296
-1589
-1814
-1929
-1958
-1877
-1761
-1663
-1591
-1640
-1762
-1976
-2228
-2502
-2811
-3083
-3299
-3385
-3309
-3164
-2963
-2686
-2202
-1592
-976
-345
259
918
1501
2002
2388
2677
2907
3002
2962
2835
2679
2495
2216
1899
1592
1353
1183
1003
854
750
744
780
804
821
813
817
775
678
521
284
36
-273
-654
-1047
-1387
-1645
-1864
-2010
-2068
-1992
-1746
-1434
-1063
-618
-80
503
1048
1541
1984
2399
2717
2888
2937
2889
2773
2498
2073
1563
1023
439
-180
-787
-1326
-1751
-2035
-2230
-2300
-2267
-2175
-2081
-2026
-2025
-2048
-2088
-2196
-2324
-2450
-2553
-2587
-2544
-2506
-2408
-2259
-1943
-1563
-1124
-703
-241
273
769
1231
1605
1953
2233
2433
2518
2548
2542
2479
2317
2095
1856
1665
1480
1262
1043
860
756
688
610
517
446
392
329
244
124
-4
-156
-355
-588
-810
-1009
-1177
-1323
-1432
-1492
-1453
-1302
-1110
-843
-538
-172
249
673
1057
1406
1724
1987
2153
2222
2193
2078
1849
1483
1027
488
-73
-659
-1241
-1784
-2221
-2518
-2719
-2837
-2900
-2921
-2890
-2822
-2735
-2701
-2694
-2670
-2625
-2473
-2293
-2128
-1994
-1806
-1510
-1224
-925
-635
-313
12
312
597
863
1127
1347
1495
1597
1731
1871
1930
1899
1848
1804
1771
1688
1563
1408
1264
1138
991
838
682
538
377
199
42
-99
-241
-391
-560
-714
-825
-855
-882
-920
-910
-831
-666
-426
-187
60
324
667
999
1302
1571
1805
2025
2145
2222
2225
2184
2037
1783
1441
1070
673
231
-256
-717
-1114
-1433
-1696
-1918
-2079
-2214
-2336
-2403
-2407
-2452
-2518
-2564
-2564
-2428
-2218
-2038
-1850
-1602
-1253
-884
-507
-173
195
551
865
1149
1395
1651
1843
1959
1997
2057
2132
2169
2115
2020
1959
1949
1914
1833
1725
1630
1556
1453
1332
1188
1029
837
602
368
139
-66
-278
-526
-765
-954
-1054
-1097
-1118
-1135
-1074
-902
-680
-432
-194
50
343
637
891
1080
1250
1372
1402
1349
1211
1045
792
418
-40
-490
-911
-1289
-1702
-2069
-2344
-2519
-2684
-2826
-2948
-2930
-2839
-2802
-2773
-2756
-2615
-2400
-2152
-1958
-1702
-1367
-972
-660
-359
-97
220
508
747
927
1090
1275
1421
1511
1544
1619
1705
1754
1744
1722
1720
1749
1732
1673
1595
1556
1527
1453
1332
1175
1013
819
577
322
57
-182
-397
-597
-744
-875
-933
-918
-886
-822
-670
-484
-247
-11
251
488
737
972
1149
1278
1356
1400
1357
1227
1038
798
467
76
-345
-760
-1145
-1483
-1832
-2123
-2341
-2518
-2689
-2850
-2896
-2861
-2881
-2925
-2935
-2823
-2586
-2334
-2082
-1859
-1539
-1154
-811
-481
-174
164
459
703
917
1077
1234
1329
1370
1364
1398
1452
1455
1416
1383
1373
1391
1394
1385
1370
1354
1360
1330
1281
1193
1090
936
742
547
335
100
-126
-358
-576
-739
-836
-890
-896
-839
-740
-567
-339
-76
183
455
723
996
1192
1359
1453
1507
1467
1349
1162
906
586
206
-186
-554
-888
-1227
-1520
-1773
-1970
-2158
-2350
-2470
-2424
-2366
-2309
-2288
-2182
-1935
-1616
-1356
-1119
-818
-420
-65
197
422
690
966
1138
1257
1335
1443
1508
1504
1412
1379
1403
1391
1304
1206
1162
1181
1177
1137
1090
1058
1058
1028
951
850
764
656
502
329
132
-78
-261
-465
-615
-733
-777
-758
-728
-664
-512
-295
-16
254
536
794
1064
1336
1507
1621
1642
1649
1546
1346
1039
692
301
-120
-558
-958
-1291
-1565
-1833
-2076
-2256
-2382
-2439
-2408
-2353
-2297
-2209
-2088
-1891
-1603
-1342
-1117
-877
-532
-151
193
471
731
1037
1268
1437
1541
1667
1770
1833
1821
1826
1881
1910
1882
1793
1747
1762
1772
1703
1629
1561
1515
1479
1388
1262
1118
961
781
584
374
141
-80
-281
-476
-632
-712
-720
-673
-593
-474
-301
-45
240
498
710
932
1185
1387
1492
1495
1473
1379
1196
900
538
154
-240
-681
-1115
-1500
-1794
-2058
-2331
-2556
-2724
-2769
-2722
-2693
-2654
-2585
-2381
-2056
-1716
-1423
-1147
-809
-375
32
402
680
986
1259
1485
1638
1739
1853
1904
1902
1820
1768
1788
1800
1731
1631
1560
1549
1503
1397
1252
1136
1059
932
788
608
433
245
41
-169
-390
-614
-824
-1003
-1157
-1256
-1276
-1230
-1155
-1036
-871
-630
-305
7
282
518
784
1046
1238
1311
1302
1248
1112
873
524
122
-286
-697
-1134
-1573
-1918
-2181
-2459
-2718
-2946
-2999
-2965
-2946
-2905
-2836
-2657
-2323
-1965
-1623
-1284
-845
-366
44
402
688
1009
1256
1447
1541
1602
1635
1612
1510
1360
1281
1230
1168
1067
962
882
895
903
903
872
838
825
777
710
585
428
239
29
-180
-427
-673
-902
-1101
-1271
-1397
-1447
-1421
-1330
-1186
-994
-708
-356
-15
294
571
873
1144
1336
1426
1441
1379
1223
962
593
188
-229
-668
-1106
-1509
-1841
-2136
-2419
-2691
-2828
-2788
-2751
-2720
-2651
-2479
-2151
-1743
-1381
-1011
-610
-118
310
705
1038
1364
1638
1817
1944
2031
2124
2153
2091
1947
1865
1801
1733
1636
1561
1504
1508
1514
1496
1478
1446
1417
1360
1263
1149
983
768
508
252
-1
-286
-553
-793
-992
-1128
-1203
-1225
-1181
-1074
-885
-665
-370
-66
238
516
790
1070
1250
1335
1355
1316
1176
927
569
163
-276
-718
-1210
-1660
-2004
-2290
-2562
-2843
-2958
-2876
-2798
-2720
-2643
-2424
-2008
-1558
-1196
-896
-468
22
415
706
949
1258
1513
1644
1701
1726
1764
1746
1604
1382
1247
1150
1002
820
680
618
609
565
492
414
364
378
366
322
276
211
102
-28
-135
-260
-413
-577
-721
-857
-964
-988
-926
-813
-645
-456
-185
155
513
809
1077
1393
1690
1878
1925
1905
1832
1653
1317
856
346
-140
-653
-1195
-1679
-2061
-2357
-2686
-2976
-3021
-2969
-2894
-2823
-2681
-2311
-1768
-1278
-864
-434
150
732
1180
1487
1754
2033
2176
2184
2041
1992
1933
1828
1592
1349
1209
1082
902
703
610
592
596
558
557
592
661
720
733
727
694
655
543
384
187
-51
-309
-542
-741
-931
-1074
-1138
-1105
-1008
-863
-653
-343
31
372
646
920
1231
1473
1554
1520
1448
1302
1033
589
89
-403
-854
-1336
-1812
-2203
-2494
-2767
-3009
-3062
-2997
-2861
-2737
-2567
-2225
-1684
-1173
-753
-372
119
548
866
1087
1308
1584
1731
1773
1717
1683
1615
1512
1263
1008
837
669
415
183
66
26
2
-32
-30
0
75
145
198
233
229
169
12
-142
-318
-555
-819
-1038
-1205
-1337
-1452
-1494
-1419
-1251
-1049
-829
-507
-115
269
553
832
1146
1417
1518
1492
1400
1255
980
517
-45
-614
-1125
-1651
-2201
-2687
-3032
-3325
-3510
-3599
-3602
-3500
-3340
-3084
-2625
-2087
-1556
-1035
-466
216
825
1327
1657
2044
2334
2494
2475
2396
2369
2293
2098
1819
1593
1399
1164
908
720
675
694
684
668
698
756
812
815
764
720
649
512
288
60
-201
-500
-803
-1079
-1288
-1457
-1575
-1590
-1488
-1299
-1071
-781
-410
5
393
706
1013
1320
1538
1594
1527
1380
1131
730
157
-491
-1100
-1680
-2259
-2820
-3277
-3594
-3713
-3800
-3812
-3726
-3514
-3188
-2659
-2075
-1433
-759
-51
682
1320
1885
2213
2458
2571
2716
2693
2542
2313
2046
1645
1198
831
483
202
-3
-105
-107
8
144
299
468
664
849
961
1002
1003
963
838
642
410
132
-162
-470
-774
-1042
-1262
-1419
-1473
-1428
-1308
-1086
-786
-416
-25
361
718
1062
1358
1562
1617
1561
1398
1112
641
8
-687
-1379
-2027
-2646
-3206
-3729
-4031
-4205
-4292
-4263
-4070
-3731
-3187
-2574
-1944
-1257
-521
244
840
1327
1659
1968
2095
2096
2013
1889
1722
1548
1311
979
709
475
269
53
-64
-77
-7
86
193
323
475
627
733
782
771
710
561
369
161
-120
-458
-793
-1104
-1362
-1573
-1724
-1764
-1687
-1514
-1289
-980
-616
-188
214
586
953
1300
1537
1631
1612
1468
1223
787
172
-542
-1270
-1964
-2687
-3315
-3858
-4149
-4344
-4452
-4426
-4212
-3861
-3297
-2683
-2055
-1329
-545
281
924
1529
1943
2309
2464
2641
2663
2503
2278
1999
1648
1256
968
627
316
19
-151
-233
-199
-121
10
175
345
540
663
742
767
725
614
406
181
-129
-501
-870
-1201
-1494
-1754
-1946
-2027
-1983
-1829
-1569
-1253
-832
-392
73
475
894
1260
1515
1624
1617
1484
1199
713
42
-738
-1512
-2296
-3112
-3873
-4438
-4725
-4927
-5002
-4901
-4580
-4048
-3339
-2681
-1893
-1083
-109
675
1356
1919
2407
2758
2844
2789
2576
2342
2002
1632
1086
744
441
156
-111
-249
-208
-76
102
288
552
824
1130
1360
1516
1630
1674
1614
1425
1179
875
476
57
-375
-803
-1188
-1512
-1718
-1778
-1741
-1588
-1329
-921
-438
48
497
950
1412
1742
1927
1978
1924
1720
1300
633
-183
-1019
-1849
-2712
-3538
-4203
-4559
-4790
-4944
-4922
-4699
-4216
-3544
-2912
-2205
-1403
-440
460
1192
1851
2397
2843
2999
3044
2917
2759
2511
2197
1750
1342
1032
727
437
220
187
246
365
508
723
954
1227
1467
1626
1713
1731
1673
1491
1234
928
516
75
-371
-812
-1237
-1591
-1810
-1892
-1841
-1689
-1418
-1018
-529
-20
458
922
1401
1793
2018
2080
2041
1872
1476
815
-46
-944
-1840
-2800
-3734
-4551
-4991
-5225
-5399
-5442
-5235
-4779
-4076
-3363
-2610
-1750
-772
254
1055
1782
2341
2904
3173
3289
3211
3048
2736
2279
1742
1211
897
609
335
76
3
42
192
334
536
785
1059
1326
1502
1626
1664
1625
1477
1212
919
527
70
-359
-774
-1165
-1471
-1677
-1742
-1677
-1522
-1262
-881
-376
136
631
1081
1565
1998
2255
2324
2265
2084
1687
1046
175
-752
-1658
-2587
-3547
-4408
-4924
-5166
-5312
-5305
-5109
-4658
-3932
-3201
-2460
-1646
-670
348
1152
1827
2353
2858
3084
3093
2923
2788
2600
2332
1989
1596
1351
1136
927
673
579
604
718
825
985
1229
1474
1722
1873
1966
1968
1885
1694
1385
1043
580
57
-474
-954
-1404
-1791
-2066
-2148
-2084
-1892
-1622
-1206
-638
-51
487
960
1479
1947
2243
2309
2250
2067
1693
1035
110
-860
-1778
-2723
-3686
-4538
-4997
-5229
-5408
-5475
-5290
-4812
-4042
-3334
-2584
-1745
-730
333
1143
1857
2399
2909
3075
3057
2803
2544
2225
1815
1324
885
678
482
291
115
118
231
439
614
857
1141
1412
1688
1865
1993
2038
1975
1822
1546
1247
814
286
-226
-681
-1094
-1471
-1727
-1797
-1697
-1506
-1172
-748
-149
432
991
1464
1988
2455
2737
2793
2704
2516
2115
1417
442
-565
-1548
-2560
-3612
-4538
-5115
-5371
-5601
-5666
-5496
-5004
-4278
-3472
-2718
-1789
-728
413
1292
2041
2643
3144
3406
3396
3270
3024
2758
2349
1879
1355
1015
680
393
126
54
156
369
622
895
1237
1562
1879
2086
2231
2267
2187
1992
1690
1348
879
333
-178
-639
-1060
-1430
-1689
-1786
-1697
-1516
-1233
-822
-268
316
855
1350
1875
2357
2651
2735
2667
2496
2112
1450
493
-555
-1548
-2605
-3680
-4671
-5361
-5692
-5958
-6068
-5913
-5464
-4730
-3872
-3108
-2193
-1199
-55
849
1608
2231
2789
3177
3238
3199
2987
2802
2439
2019
1502
1139
843
569
264
86
90
228
456
676
976
1249
1550
1759
1873
1920
1836
1667
1367
1016
566
-7
-544
-1048
-1487
-1862
-2148
-2274
-2209
-2013
-1689
-1251
-668
-40
570
1121
1654
2189
2541
2695
2651
2510
2163
1581
661
-389
-1391
-2429
-3508
-4514
-5319
-5711
-5961
-6145
-6034
-5688
-5008
-4201
-3423
-2552
-1525
-344
663
1425
2011
2413
2703
2676
2572
2330
2129
1820
1463
1018
622
416
175
-30
-126
-18
163
421
647
960
1256
1561
1793
1929
1994
1929
1774
1480
1098
701
188
-369
-868
-1284
-1648
-1922
-2028
-1981
-1778
-1475
-1040
-517
112
707
1280
1789
2332
2746
2955
2945
2834
2575
2037
1220
179
-861
-1899
-2984
-4047
-4938
-5426
-5601
-5751
-5705
-5458
-4891
-4142
-3396
-2662
-1783
-755
298
1111
1808
2394
2963
3257
3383
3317
3070
2801
2427
2031
1594
1334
1077
864
674
697
842
1049
1206
1394
1647
1878
2097
2208
2279
2228
2083
1811
1408
1008
529
-41
-584
-1046
-1410
-1704
-1874
-1884
-1719
-1445
-1003
-472
164
796
1403
1942
2496
2990
3282
3366
3275
3095
2663
1973
996
-51
-1085
-2139
-3226
-4172
-4853
-5057
-5217
-5247
-5057
-4610
-3900
-3130
-2413
-1644
-727
261
1083
1657
2112
2415
2686
2648
2545
2340
2155
1847
1479
1043
727
521
322
155
59
155
308
510
672
934
1193
1464
1645
1729
1746
1652
1468
1125
725
308
-225
-778
-1301
-1707
-2038
-2244
-2270
-2152
-1898
-1489
-956
-316
368
1007
1612
2154
2735
3140
3368
3350
3239
2952
2409
1569
545
-542
-1584
-2672
-3702
-4556
-5165
-5359
-5562
-5539
-5223
-4636
-3897
-3056
-2277
-1349
-373
663
1440
2031
2377
2660
2827
2710
2592
2367
2234
1852
1518
1153
910
706
540
332
265
350
479
647
774
1017
1217
1455
1581
1629
1610
1487
1268
901
484
69
-393
-908
-1418
-1788
-2050
-2191
-2158
-2013
-1749
-1328
-756
-130
503
1127
1720
2268
2773
3161
3351
3340
3171
2851
2257
1427
450
-624
-1594
-2585
-3457
-4192
-4621
-4709
-4756
-4698
-4416
-3905
-3263
-2498
-1812
-985
-162
799
1570
2218
2718
3189
3521
3559
3539
3292
3097
2687
2267
1708
1311
1009
725
429
276
318
407
534
614
824
993
1153
1231
1259
1242
1133
908
557
194
-182
-644
-1116
-1559
-1868
-2081
-2182
-2168
-2009
-1721
-1296
-763
-160
486
1098
1668
2173
2675
3013
3161
3094
2896
2535
1970
1118
93
-932
-1916
-2886
-3804
-4572
-5081
-5145
-5237
-5142
-4855
-4340
-3716
-2958
-2294
-1573
-807
-59
552
959
1358
1705
2124
2230
2344
2187
2059
1770
1486
1142
848
697
496
347
225
308
445
623
758
979
1149
1297
1395
1439
1383
1234
998
624
231
-191
-678
-1154
-1626
-1978
-2222
-2354
-2349
-2178
-1879
-1485
-978
-366
260
889
1452
1969
2478
2856
3065
3069
2939
2654
2175
1435
531
-445
-1421
-2361
-3313
-4040
-4568
-4648
-4601
-4430
-4078
-3534
-2923
-2162
-1436
-805
-121
479
1125
1490
1885
2075
2258
2178
2146
1934
1740
1516
1214
905
496
291
28
-149
-324
-273
-206
3
159
350
575
773
974
1065
1105
1059
952
726
405
83
-284
-707
-1117
-1487
-1750
-1888
-1912
-1821
-1571
-1266
-808
-270
324
910
1453
1944
2393
2805
3053
3132
3044
2832
2441
1834
1000
56
-935
-1884
-2834
-3693
-4372
-4836
-4917
-4923
-4789
-4417
-3935
-3374
-2678
-2028
-1337
-650
23
618
1062
1389
1614
1831
1704
1665
1470
1320
1157
987
798
658
597
514
510
492
621
749
914
1021
1202
1336
1447
1497
1443
1358
1199
988
638
265
-106
-494
-907
-1330
-1624
-1802
-1918
-1889
-1723
-1448
-1053
-570
-19
541
1130
1632
2086
2479
2841
3036
3056
2904
2643
2206
1550
729
-201
-1148
-2105
-2969
-3798
-4400
-4790
-4826
-4783
-4588
-4208
-3753
-3216
-2528
-1859
-1178
-563
39
575
921
1234
1363
1555
1570
1615
1470
1393
1199
1061
844
618
497
359
279
183
285
396
578
657
809
886
998
1067
1024
953
789
575
220
-173
-565
-962
-1401
-1793
-2069
-2266
-2337
-2284
-2128
-1820
-1386
-894
-312
298
921
1483
1990
2437
2833
3080
3149
3083
2870
2510
1948
1225
333
-560
-1455
-2306
-3096
-3687
-4159
-4361
-4296
-4240
-3967
-3681
-3339
-2850
-2285
-1790
-1232
-665
-7
558
1019
1326
1609
1773
1830
1763
1602
1497
1296
1091
783
667
535
441
314
345
437
630
764
874
1031
1121
1204
1162
1122
992
814
513
143
-182
-512
-893
-1268
-1552
-1732
-1806
-1808
-1705
-1447
-1079
-660
-182
355
925
1468
1919
2335
2737
3050
3189
3169
3038
2808
2411
1792
1028
195
-677
-1536
-2358
-3093
-3610
-4035
-4168
-4005
-3830
-3526
-3224
-2839
-2279
-1650
-1132
-687
-284
186
597
879
1041
1273
1464
1533
1556
1540
1497
1400
1265
1033
979
944
909
811
788
834
903
895
898
889
859
814
675
555
370
130
-217
-625
-940
-1274
-1646
-1994
-2303
-2431
-2492
-2494
-2372
-2090
-1719
-1228
-756
-142
457
1081
1553
2022
2482
2820
3032
3033
2971
2761
2458
1860
1200
362
-407
-1293
-2059
-2739
-3237
-3653
-3932
-3864
-3722
-3494
-3213
-2900
-2570
-2011
-1585
-1167
-835
-326
115
483
693
1001
1316
1432
1503
1464
1493
1344
1274
973
802
664
570
438
363
414
520
673
714
867
944
1031
1038
1027
980
848
639
302
10
-248
-566
-934
-1240
-1402
-1501
-1543
-1504
-1325
-1040
-653
-259
197
712
1270
1709
2088
2459
2827
3037
3096
3030
2905
2652
2213
1594
857
106
-753
-1633
-2463
-3128
-3678
-4146
-4430
-4347
-4197
-3971
-3650
-3362
-2887
-2294
-1852
-1381
-879
-233
266
648
868
1167
1386
1520
1552
1493
1503
1396
1360
1129
1124
1127
1173
1126
1163
1253
1351
1451
1543
1694
1725
1769
1656
1562
1410
1211
874
453
95
-268
-722
-1170
-1485
-1704
-1850
-1942
-1940
-1807
-1521
-1166
-786
-313
253
823
1287
1699
2173
2551
2782
2851
2856
2774
2584
2187
1619
984
283
-515
-1406
-2184
-2841
-3379
-3904
-4255
-4258
-4111
-3955
-3674
-3371
-2964
-2373
-1936
-1579
-1267
-806
-402
-119
57
266
464
551
633
597
641
590
595
476
482
551
578
537
526
632
726
814
816
903
884
857
734
594
412
168
-152
-574
-913
-1222
-1605
-2070
-2380
-2573
-2681
-2775
-2773
-2594
-2284
-1906
-1461
-1001
-429
227
744
1197
1662
2172
2475
2678
2734
2778
2688
2465
2003
1488
892
225
-558
-1439
-2139
-2764
-3346
-3891
-4199
-4221
-4094
-4026
-3826
-3588
-3191
-2675
-2322
-1991
-1586
-1074
-563
-172
228
618
946
1100
1235
1317
1472
1535
1602
1571
1587
1714
1706
1699
1669
1751
1761
1777
1749
1763
1651
1545
1396
1217
1019
732
416
13
-311
-627
-1023
-1467
-1802
-2002
-2132
-2258
-2297
-2199
-1982
-1669
-1349
-927
-410
132
616
1057
1551
2017
2379
2583
2719
2820
2858
2723
2436
2046
1636
1158
500
-204
-898
-1524
-2088
-2643
-3093
-3424
-3571
-3538
-3516
-3405
-3156
-2948
-2599
-2287
-1979
-1618
-1223
-744
-352
22
330
688
907
1177
1328
1523
1588
1692
1802
1760
1822
1843
1902
1840
1844
1823
1866
1787
1754
1646
1524
1410
1236
1054
785
537
202
-154
-498
-831
-1210
-1543
-1844
-2005
-2114
-2232
-2222
-2126
-1929
-1634
-1310
-897
-454
35
533
1006
1510
1925
2282
2524
2733
2878
2915
2769
2561
2218
1850
1357
706
28
-698
-1358
-2019
-2621
-3155
-3538
-3842
-3879
-3902
-3843
-3661
-3470
-3165
-2792
-2417
-2039
-1678
-1236
-741
-347
17
325
640
870
1047
1211
1382
1511
1674
1722
1821
1908
1962
1944
1877
1868
1845
1790
1703
1646
1525
1424
1231
1050
797
563
298
-54
-360
-634
-942
-1272
-1589
-1803
-1920
-2043
-2065
-2012
-1874
-1635
-1326
-983
-578
-109
371
807
1298
1796
2226
2570
2836
3086
3261
3301
3221
3050
2782
2458
1970
1386
729
57
-688
-1453
-2107
-2699
-3228
-3678
-4035
-4085
-4007
-3932
-3776
-3595
-3323
-2888
-2556
-2265
-1913
-1484
-991
-596
-190
187
584
833
1072
1266
1500
1650
1815
1888
1992
2194
2275
2311
2290
2347
2358
2345
2242
2182
2032
1882
1649
1427
1195
916
603
215
-107
-378
-704
-1085
-1410
-1651
-1824
-2010
-2096
-2123
-2035
-1864
-1686
-1405
-987
-568
-78
298
804
1345
1825
2181
2478
2776
3023
3169
3149
3054
2873
2673
2239
1800
1209
646
-55
-786
-1502
-2082
-2596
-3090
-3517
-3831
-3831
-3712
-3682
-3658
-3446
-3209
-2802
-2486
-2168
-1851
-1448
-1025
-639
-287
46
403
670
923
1160
1447
1633
1800
1948
2106
2287
2412
2473
2483
2502
2490
2454
2329
2223
2079
1872
1662
1478
1287
997
676
352
63
-184
-466
-833
-1171
-1433
-1634
-1832
-2038
-2125
-2145
-2086
-2003
-1850
-1555
-1182
-853
-507
-68
421
925
1356
1721
2056
2421
2714
2875
2916
2909
2840
2667
2341
1984
1534
966
318
-373
-1082
-1709
-2319
-2933
-3431
-3781
-4058
-4152
-4081
-4063
-3953
-3807
-3633
-3311
-2976
-2757
-2444
-2126
-1651
-1223
-830
-502
-96
333
685
1045
1350
1666
1952
2246
2398
2667
2841
2975
2994
3020
3076
3107
3020
2866
2735
2557
2400
2156
1896
1558
1252
882
495
132
-230
-621
-1031
-1400
-1685
-1939
-2223
-2445
-2580
-2632
-2582
-2488
-2352
-2103
-1740
-1361
-934
-440
116
638
1122
1612
2102
2545
2863
3100
3273
3414
3454
3358
3124
2867
2516
2072
1495
881
225
-464
-1147
-1794
-2362
-2849
-3256
-3612
-3834
-3865
-3830
-3894
-3905
-3836
-3697
-3426
-3208
-3005
-2768
-2440
-2028
-1634
-1221
-776
-235
194
651
1105
1591
1962
2306
2576
2796
3047
3173
3244
3217
3252
3205
3109
2888
2713
2483
2209
1911
1607
1326
987
648
277
-12
-265
-511
-831
-1120
-1343
-1516
-1730
-1975
-2131
-2216
-2270
-2296
-2235
-2115
-1901
-1610
-1303
-910
-442
67
562
1012
1519
2030
2467
2788
3074
3295
3446
3476
3393
3185
2924
2587
2087
1523
869
211
-532
-1283
-1994
-2522
-3064
-3488
-3801
-4053
-4179
-4178
-4154
-4201
-4146
-4028
-3897
-3711
-3457
-3245
-2967
-2684
-2226
-1784
-1349
-894
-349
162
705
1247
1709
2100
2426
2757
2955
3177
3304
3386
3312
3243
3140
3006
2756
2491
2191
1824
1516
1185
845
466
145
-175
-454
-696
-918
-1175
-1412
-1608
-1755
-1910
-2102
-2254
-2395
-2455
-2457
-2478
-2419
-2263
-2052
-1770
-1432
-1009
-527
-31
510
1042
1608
2140
2613
3005
3330
3609
3798
3845
3790
3649
3400
3071
2614
2086
1479
835
120
-590
-1250
-1853
-2351
-2797
-3134
-3338
-3476
-3603
-3745
-3773
-3773
-3842
-3892
-3871
-3829
-3676
-3551
-3440
-3233
-2911
-2444
-1987
-1498
-945
-271
348
983
1576
2167
2666
3093
3452
3707
3965
4084
4093
3975
3857
3672
3419
3065
2733
2400
2061
1749
1441
1175
881
610
306
42
-175
-385
-641
-895
-1095
-1275
-1493
-1755
-1972
-2160
-2294
-2406
-2493
-2511
-2435
-2260
-2004
-1664
-1207
-656
-111
487
1126
1823
2455
3001
3487
3908
4256
4493
4580
4550
4434
4204
3856
3376
2854
2257
1609
898
213
-452
-1058
-1590
-2074
-2404
-2582
-2723
-2863
-2970
-3082
-3176
-3357
-3543
-3738
-4005
-4266
-4439
-4577
-4593
-4523
-4403
-4131
-3660
-2956
-2177
-1364
-512
418
1295
2124
2840
3466
3966
4344
4618
4721
4792
4707
4490
4098
3688
3268
2847
2362
1886
1470
1120
857
601
406
218
112
-26
-146
-245
-344
-513
-750
-991
-1233
-1505
-1863
-2226
-2552
-2821
-3032
-3198
-3261
-3215
-3061
-2779
-2403
-1921
-1286
-610
50
756
1500
2235
2844
3385
3807
4177
4420
4541
4518
4395
4189
3894
3483
2990
2510
1949
1377
770
260
-227
-644
-1032
-1342
-1559
-1670
-1720
-1721
-1696
-1758
-1864
-2108
-2419
-2782
-3228
-3697
-4126
-4585
-4970
-5182
-5262
-5133
-4791
-4326
-3678
-2876
-1890
-845
226
1187
2083
2861
3503
4024
4386
4621
4657
4589
4304
3993
3559
3106
2579
2095
1694
1368
1108
873
770
697
723
751
837
875
933
934
863
733
535
245
-158
-607
-1094
-1576
-2119
-2626
-3072
-3416
-3662
-3803
-3810
-3657
-3306
-2846
-2315
-1658
-906
-148
607
1319
1988
2601
3119
3505
3792
3993
4077
4090
3969
3804
3581
3319
2973
2618
2268
1908
1569
1203
889
613
395
161
-21
-188
-289
-386
-473
-515
-505
-501
-583
-689
-893
-1173
-1597
-2127
-2688
-3243
-3675
-3904
-4030
-3988
-3696
-3188
-2485
-1684
-880
-78
732
1550
2309
2964
3455
3834
4036
4101
4084
3923
3638
3227
2836
2392
1999
1606
1253
965
739
635
626
684
754
895
1038
1193
1295
1370
1354
1259
1065
766
392
-57
-592
-1204
-1800
-2361
-2854
-3311
-3667
-3885
-3945
-3873
-3662
-3322
-2864
-2291
-1685
-1052
-346
351
954
1483
1939
2346
2700
2946
3067
3100
3123
3109
3053
2929
2790
2687
2553
2432
2306
2208
2082
1961
1802
1649
1496
1308
1053
753
476
194
-77
-402
-677
-937
-1161
-1371
-1518
-1660
-1798
-1920
-2071
-2203
-2337
-2464
-2621
-2780
-2905
-2900
-2755
-2527
-2236
-1791
-1299
-725
-128
393
953
1418
1914
2338
2615
2724
2758
2761
2653
2540
2345
2157
1920
1707
1522
1391
1307
1217
1131
1075
1091
1130
1182
1148
1135
1079
1007
902
761
564
302
6
-346
-702
-1065
-1452
-1875
-2277
-2612
-2845
-3038
-3166
-3218
-3158
-2997
-2766
-2463
-2102
-1679
-1251
-835
-420
16
422
777
1051
1301
1556
1747
1902
2011
2090
2184
2268
2334
2370
2430
2484
2501
2520
2508
2523
2452
2354
2208
2054
1857
1605
1306
941
594
224
-138
-514
-829
-1120
-1340
-1528
-1631
-1669
-1640
-1559
-1477
-1394
-1329
-1273
-1302
-1358
-1458
-1603
-1811
-2051
-2288
-2465
-2578
-2617
-2643
-2539
-2325
-1999
-1529
-1008
-402
210
845
1455
2016
2512
2872
3124
3254
3319
3331
3285
3145
2906
2614
2267
1919
1594
1292
1005
782
606
496
412
357
334
314
318
297
248
132
-35
-260
-529
-820
-1148
-1508
-1874
-2227
-2518
-2767
-2959
-3071
-3097
-3027
-2885
-2638
-2322
-1929
-1499
-1066
-624
-183
253
616
913
1146
1344
1507
1598
1628
1638
1629
1604
1563
1521
1495
1504
1517
1530
1571
1620
1687
1712
1717
1692
1655
1575
1439
1239
1003
738
436
99
-258
-596
-929
-1237
-1507
-1697
-1841
-1924
-1960
-1932
-1854
-1735
-1602
-1467
-1331
-1192
-1099
-1068
-1086
-1172
-1308
-1516
-1749
-1973
-2149
-2258
-2363
-2415
-2364
-2180
-1861
-1486
-1048
-578
-36
530
1104
1634
2109
2519
2831
3036
3136
3150
3062
2895
2625
2323
1993
1677
1334
1009
712
482
314
205
140
108
119
136
178
194
206
153
45
-118
-305
-540
-814
-1130
-1462
-1767
-2049
-2294
-2495
-2615
-2663
-2627
-2515
-2303
-2014
-1666
-1309
-926
-532
-129
248
537
781
968
1116
1198
1217
1196
1142
1079
992
904
861
842
846
863
904
1019
1139
1286
1391
1501
1603
1676
1710
1673
1603
1469
1302
1061
808
520
220
-94
-400
-682
-909
-1104
-1258
-1357
-1407
-1384
-1337
-1251
-1160
-1056
-969
-892
-853
-836
-861
-939
-1073
-1215
-1395
-1588
-1807
-2039
-2244
-2415
-2424
-2443
-2371
-2245
-2050
-1688
-1306
-843
-390
50
549
992
1437
1762
2056
2283
2418
2507
2496
2494
2401
2284
2126
1945
1810
1690
1557
1431
1291
1229
1161
1110
1073
1020
980
914
857
772
660
481
248
-30
-316
-626
-935
-1278
-1568
-1822
-2008
-2112
-2159
-2086
-1985
-1808
-1579
-1285
-944
-610
-299
-10
277
546
751
880
950
994
1001
951
892
829
775
711
651
620
642
694
764
825
913
1045
1170
1276
1327
1380
1387
1366
1280
1155
1006
808
591
329
87
-141
-362
-571
-770
-909
-982
-1034
-1046
-1037
-988
-924
-847
-775
-708
-653
-638
-645
-703
-770
-885
-1028
-1199
-1383
-1556
-1728
-1900
-2042
-2167
-2246
-2292
-2260
-2147
-2007
-1798
-1603
-1336
-1008
-681
-340
-72
197
472
694
887
992
1102
1148
1168
1138
1076
1046
975
922
825
755
738
721
711
689
669
683
672
663
610
558
476
364
227
67
-95
-285
-492
-701
-890
-1047
-1179
-1304
-1367
-1411
-1386
-1335
-1238
-1098
-945
-772
-597
-398
-202
-25
119
238
349
446
501
534
544
561
566
575
575
591
635
673
722
787
876
970
1049
1109
1170
1222
1254
1252
1213
1159
1087
985
850
706
562
415
264
103
-26
-130
-214
-288
-351
-380
-384
-370
-367
-356
-337
-324
-318
-331
-360
-396
-451
-526
-618
-709
-806
-908
-1008
-1106
-1202
-1266
-1327
-1375
-1398
-1427
-1414
-1415
-1392
-1305
-1231
-1127
-1023
-917
-759
-600
-433
-261
-121
44
210
358
481
609
717
799
876
909
969
990
990
986
949
920
889
838
780
706
640
564
488
406
328
248
147
70
-26
-100
-180
-267
-348
-419
-473
-516
-565
-587
-604
-611
-604
-591
-550
-499
-441
-391
-317
-235
-146
-62
18
97
187
264
338
405
467
531
578
614
652
695
729
752
765
796
824
851
861
858
869
876
869
848
823
793
754
708
643
594
541
476
405
333
280
227
170
120
67
28
-5
-40
-73
-106
-129
-158
-187
-226
-258
-293
-339
-386
-438
-488
-537
-594
-649
-700
-756
-799
-841
-873
-896
-916
-932
-941
-936
-923
-914
-882
-839
-769
-695
-621
-520
-411
-278
-152
-31
99
235
367
484
582
673
754
821
856
878
891
893
856
800
748
680
627
568
482
404
341
269
202
146
80
33
-9
-73
-108
-165
-209
-229
-278
-318
-348
-368
-389
-405
-413
-403
-379
-358
-318
-264
-201
-122
-49
31
115
208
298
375
446
515
574
626
677
710
742
768
770
785
790
790
782
766
751
731
704
676
647
610
576
530
484
438
387
336
276
213
163
105
49
-4
-55
-102
-147
-187
-225
-251
-279
-299
-327
-348
-361
-377
-391
-411
-437
-457
-472
-497
-523
-548
-568
-588
-611
-632
-647
-656
-666
-669
-668
-662
-642
-613
-569
-510
-432
-352
-259
-151
-47
77
188
295
403
495
576
637
688
723
741
739
716
691
655
614
566
503
453
402
350
300
257
215
175
136
96
54
20
-16
-59
-102
-149
-186
-224
-257
-289
-304
-317
-317
-306
-284
-247
-201
-144
-84
-11
60
136
213
285
349
409
462
507
540
564
585
597
606
614
616
615
617
617
617
619
618
615
605
597
583
567
540
515
478
435
398
356
315
266
221
181
148
116
85
65
47
37
33
27
30
30
37
34
28
22
11
-4
-28
-53
-85
-116
-148
-188
-223
-259
-287
-315
-342
-364
-383
-393
-404
-411
-412
-411
-412
-407
-402
-395
-388
-379
-366
-340
-308
-274
-231
-179
-124
-60
11
78
156
222
294
358
411
455
491
522
540
545
539
521
503
474
444
408
372
341
306
282
260
245
230
223
218
211
204
204
199
193
183
170
156
144
130
115
102
93
92
95
103
123
156
201
251
302
356
415
475
526
573
609
645
667
670
665
656
636
614
578
539
504
469
439
406
378
359
340
326
317
305
296
282
265
245
220
188
158
118
72
26
-26
-71
-122
-164
-202
-235
-264
-283
-297
-310
-309
-312
-310
-308
-303
-286
-284
-283
-282
-287
-293
-297
-305
-318
-325
-326
-326
-319
-310
-291
-262
-230
-186
-136
-79
-24
37
91
148
201
249
290
318
339
347
364
371
372
373
366
354
345
340
332
329
330
330
333
334
336
339
339
340
339
332
323
312
300
284
268
252
235
218
204
196
193
195
199
208
221
241
261
282
306
335
359
381
399
418
433
444
449
448
444
437
427
410
389
369
349
328
306
284
267
255
243
230
221
215
204
193
180
164
147
126
102
73
42
6
-31
-68
-108
-139
-175
-206
-236
-261
-276
-292
-304
-309
-314
-314
-311
-309
-307
-305
-298
-296
-289
-284
-278
-272
-256
-241
-222
-196
-170
-138
-103
-65
-23
19
58
101
141
179
214
241
267
287
303
310
311
305
297
281
263
246
228
210
189
173
163
148
137
139
140
139
144
148
157
167
178
188
198
209
221
234
241
252
262
271
282
290
302
318
328
341
354
366
379
391
398
404
405
407
405
401
397
392
383
371
356
339
319
306
291
272
256
240
221
205
188
168
155
135
113
97
78
61
35
18
-4
-30
-55
-79
-104
-125
-148
-164
-178
-190
-198
-207
-207
-206
-205
-200
-196
-192
-184
-181
-175
-172
-172
-170
-164
-159
-155
-150
-142
-131
-120
-110
-96
-78
-66
-45
-24
-4
16
31
49
60
73
83
89
93
97
97
97
95
89
87
84
82
81
79
77
77
78
76
77
81
85
88
89
94
100
104
113
134
152
187
225
249
291
324
360
400
431
468
483
489
501
507
507
500
480
454
435
417
410
396
374
363
352
348
346
338
338
331
325
329
321
313
307
291
276
263
248
229
207
187
174
158
141
133
115
111
105
105
107
104
104
106
109
109
108
103
95
88
84
77
70
60
52
41
35
31
26
24
18
20
27
31
35
36
40
42
44
44
40
39
36
31
27
22
17
12
4
-2
-3
-1
-1
3
9
19
33
46
55
64
82
96
110
122
134
144
154
160
167
176
179
186
190
193
195
194
196
196
195
196
194
193
191
188
187
187
188
185
183
188
186
189
189
188
190
193
199
200
203
205
208
213
218
224
233
240
245
251
260
265
270
276
281
286
288
290
287
284
284
281
276
272
268
262
251
243
237
225
214
203
193
181
173
165
156
153
148
142
140
134
129
123
118
113
109
103
97
94
88
83
81
70
65
61
53
47
43
37
35
33
31
32
29
29
32
33
32
33
35
34
32
33
34
32
26
26
28
27
26
26
27
30
32
37
41
49
59
65
74
81
88
95
100
101
104
102
105
105
104
101
97
96
94
92
88
85
83
84
84
85
86
86
90
93
96
99
103
107
107
113
121
125
129
135
139
147
150
159
166
168
172
174
173
171
173
170
170
166
166
159
156
151
143
140
130
122
117
108
100
90
83
70
59
53
45
39
31
24
23
20
19
18
19
19
20
22
24
25
29
30
27
25
28
29
27
28
31
32
35
34
31
34
34
33
33
32
29
29
29
24
23
18
13
12
10
5
0
2
-2
-4
-4
-3
-4
-6
-5
-1
-1
5
11
10
11
22
31
39
44
49
58
60
60
60
59
62
61
56
54
52
54
52
53
54
56
59
61
67
68
72
77
81
85
90
96
98
100
104
101
101
100
101
98
95
92
89
93
88
89
88
91
89
88
91
90
91
89
86
87
87
78
76
65
58
50
45
36
30
21
12
9
0
-3
-11
-14
-16
-19
-22
-21
-23
-25
-28
-30
-33
-39
-40
-45
-49
-51
-56
-57
-62
-64
-70
-76
-80
-79
-79
-77
-79
-79
-74
-75
-72
-72
-72
-71
-72
-72
-74
-77
-79
-81
-85
-92
-88
-89
-91
-90
-89
-87
-86
-84
-83
-78
-77
-70
-64
-62
-55
-54
-50
-44
-46
-45
-43
-45
-44
-42
-43
-39
-39
-35
-35
-34
-33
-34
-33
-33
-34
-34
-38
-42
-48
-53
-56
-63
-69
-77
-81
-87
-87
-90
-87
-83
-91
-85
-83
-85
-81
-81
-73
-71
-66
-57
-57
-55
-50
-45
-41
-39
-38
-37
-31
-30
-28
-27
-24
-19
-12
-11
-8
-6
-8
-6
-4
-1
-3
-6
-6
-6
-9
-12
-11
-12
-15
-20
-22
-24
-26
-27
-32
-33
-33
-32
-31
-29
-35
-39
-38
-32
-33
-34
-33
-32
-33
-32
-30
-31
-33
-31
-31
-35
-33
-38
-39
-41
-43
-50
-54
-59
-65
-67
-74
-78
-82
-86
-87
-89
-89
-89
-90
-86
-83
-84
-83
-80
-79
-76
-72
-68
-66
-62
-58
-53
-48
-44
-40
-37
-27
-23
-16
-11
-6
-1
0
4
6
3
6
5
6
3
1
1
-3
-6
-6
-12
-15
-16
-18
-23
-28
-28
-29
-30
-33
-30
-36
-38
-37
-40
-40
-40
-44
-46
-49
-50
-53
-59
-56
-58
-59
-55
-54
-55
-57
-55
-56
-59
-59
-60
-67
-66
-63
-67
-67
-65
-71
-69
-70
-78
-81
-84
-84
-87
-92
-95
-96
-99
-98
-97
-102
-105
-107
-110
-111
-109
-110
-108
-112
-111
-107
-110
-109
-106
-103
-103
-98
-96
-99
-98
-97
-97
-94
-91
-90
-90
-92
-90
-88
-93
-95
-94
-95
-98
-95
-93
-92
-93
-97
-96
-97
-100
-97
-92
-92
-93
-96
-95
-95
-96
-96
-95
-91
-93
-95
-92
-93
-90
-89
-85
-84
-83
-77
-79
-76
-73
-73
-68
-63
-63
-63
-64
-63
-62
-62
-59
-63
-62
-60
-64
-58
-62
-59
-60
-59
-56
-60
-61
-63
-64
-65
-69
-71
-70
-76
-79
-85
-86
-90
-92
-94
-100
-100
-98
-99
-100
-101
-100
-101
-101
-97
-97
-101
-101
-101
-101
-102
-101
-102
-102
-101
-98
-97
-95
-93
-90
-85
-81
-76
-72
-71
-67
-63
-63
-61
-60
-59
-58
-57
-53
-49
-52
-56
-55
-53
-55
-56
-56
-52
-51
-50
-47
-47
-43
-41
-41
-38
-36
-38
-37
-40
-38
-38
-40
-42
-44
-45
-47
-49
-52
-55
-59
-60
-60
-61
-60
-61
-62
-59
-58
-58
-55
-57
-53
-56
-56
-54
-54
-55
-51
-47
-50
-48
-44
-45
-45
-42
-39
-40
-36
-36
-36
-36
-36
-37
-39
-43
-46
-46
-49
-50
-57
-55
-59
-62
-63
-68
-68
-65
-67
-69
-65
-68
-69
-68
-68
-66
-67
-66
-64
-64
-59
-60
-60
-62
-58
-56
-56
-54
-54
-53
-52
-54
-56
-53
-56
-53
-53
-58
-57
-58
-57
-60
-65
-66
-66
-70
-71
-71
-73
-75
-76
-77
-79
-78
-80
-79
-78
-71
-70
-71
-68
-70
-66
-62
-58
-56
-57
-52
-53
-50
-49
-49
-46
-46
-47
-50
-53
-52
-55
-54
-53
-55
-58
-58
-58
-61
-66
-67
-72
-81
-77
-77
-76
-75
-74
-73
-74
-76
-74
-74
-75
-72
-69
-68
-70
-68
-68
-65
-62
-60
-57
-57
-54
-52
-52
-49
-47
-49
-46
-43
-40
-36
-37
-39
-38
-39
-38
-40
-41
-43
-42
-40
-38
-40
-39
-40
-44
-44
-41
-46
-44
-49
-51
-45
-50
-51
-52
-54
-56
-58
-58
-58
-62
-63
-59
-59
-59
-59
-60
-58
-59
-61
-63
-61
-64
-63
-64
-72
-72
-71
-71
-73
-75
-76
-77
-75
-74
-75
-73
-72
-69
-70
-68
-68
-70
-67
-66
-68
-71
-71
-73
-77
-78
-78
-82
-84
-84
-87
-88
-89
-93
-92
-94
-90
-88
-88
-83
-83
-83
-82
-80
-80
-76
-73
-75
-76
-76
-72
-70
-67
-66
-65
-62
-62
-59
-61
-57
-53
-49
-49
-47
-42
-42
-38
-34
-31
-30
-27
-28
-32
-30
-31
-31
-34
-32
-33
-34
-35
-36
-33
-35
-41
-38
-39
-40
-39
-45
-45
-44
-45
-44
-45
-44
-47
-44
-46
-46
-46
-49
-52
-50
-48
-53
-49
-51
-49
-48
-47
-43
-44
-41
-40
-38
-35
-34
-30
-28
-27
-25
-24
-21
-22
-23
-22
-22
-22
-25
-24
-25
-24
-27
-28
-32
-36
-34
-31
-30
-37
-34
-33
-37
-39
-37
-38
-39
-41
-41
-41
-40
-43
-41
-39
-40
-40
-39
-40
-36
-33
-33
-29
-31
-31
-30
-31
-29
-26
-26
-27
-23
-24
-23
-24
-20
-21
-16
-13
-13
-12
-12
-11
-8
-7
-11
-7
-9
-7
-9
-9
-6
-8
-8
-6
-7
-6
-10
-11
-8
-4
-6
-5
-3
-2
0
-1
2
4
8
7
9
7
6
7
6
8
7
9
6
9
11
9
10
13
15
14
15
11
11
12
12
16
13
16
18
15
19
21
17
19
18
13
18
17
20
21
22
26
24
23
19
18
17
18
17
12
9
11
12
10
12
11
10
8
7
7
5
2
1
0
-2
-4
-2
-2
-3
0
-3
-4
-5
-3
-5
-4
-1
-1
4
3
6
8
7
5
10
8
9
11
8
11
11
7
9
9
4
5
3
3
2
4
3
4
5
0
-5
0
1
0
0
-2
-4
-5
-3
-7
-7
-8
-9
-9
-10
-10
-10
-8
-7
-6
-5
-2
0
1
0
0
2
2
4
6
4
0
-1
0
0
1
-1
-2
-1
3
2
1
-2
3
5
7
4
7
10
5
14
9
9
13
9
12
10
11
10
9
12
11
13
12
14
18
15
17
15
18
19
12
14
13
13
15
13
17
22
24
19
16
18
18
15
15
12
13
14
14
12
12
15
14
18
14
18
15
13
15
15
16
17
18
20
21
20
25
23
16
18
17
17
17
19
20
17
15
15
15
17
14
14
13
10
10
11
14
13
12
13
14
14
9
1
8
8
10
12
10
10
12
14
11
10
11
10
12
14
12
11
15
18
15
13
14
16
17
15
13
13
15
15
14
17
17
15
15
13
12
10
7
9
11
9
11
12
12
12
11
12
9
9
8
6
7
8
9
11
7
7
11
7
6
7
8
7
6
6
6
5
9
8
8
8
3
4
5
2
2
3
6
7
4
8
5
4
6
2
0
1
1
1
1
-1
0
-1
-4
-4
-4
-6
-3
-3
-6
-3
-3
-3
-4
-5
-9
-7
-6
-4
1
-4
-4
1
3
1
-2
-3
-6
-4
-5
-7
-5
-8
-8
-4
-3
-4
-2
-3
-5
-9
-8
-10
-10
-8
-8
-6
-10
-9
-5
-9
-5
-4
-8
-11
-11
-9
-6
-10
-7
-4
-4
-7
-5
-5
-7
-7
-5
-6
-6
-1
-6
-7
-12
-13
-8
-11
-9
-8
-11
-9
-4
-7
-8
-9
-9
-7
-8
-8
-8
-7
-8
-5
-8
-7
-6
-6
-1
0
-1
-4
0
0
-2
-4
-1
-4
0
-2
0
4
0
1
0
1
0
1
5
3
3
5
4
4
5
2
4
2
3
1
-2
3
2
3
6
3
2
2
5
1
2
2
2
1
3
6
8
6
7
3
4
3
3
3
-1
2
-1
1
4
-1
1
0
6
3
1
3
1
2
2
5
5
6
9
10
7
10
8
4
7
12
9
9
9
5
5
5
3
5
4
4
2
6
7
8
11
9
10
12
12
9
12
9
6
8
10
9
9
10
11
13
11
12
11
7
11
13
13
11
11
12
9
11
9
12
12
6
6
8
10
6
4
7
10
10
7
11
10
7
7
7
8
6
8
7
8
6
2
3
2
3
1
0
0
5
5
7
3
3
3
0
0
2
-2
-3
0
-1
-2
-2
-4
-7
-6
-5
-4
-6
-4
-2
-4
-1
-1
-4
-2
-4
